0 0.367969 0.315750 0.010937 0.006000
0 0.420312 0.316500 0.015625 0.005500
0 0.377344 0.413125 0.008854 0.004250
0 0.397656 0.407000 0.008854 0.004000
0 0.396615 0.396000 0.010937 0.005000
0 0.531250 0.378500 0.010417 0.004500
0 0.604427 0.353125 0.014063 0.004250
0 0.586198 0.364750 0.010937 0.004500
0 0.581771 0.361125 0.010417 0.004250
0 0.593750 0.358625 0.010417 0.005750
0 0.573177 0.359750 0.010937 0.005000
0 0.641667 0.345750 0.012500 0.004500
0 0.658594 0.342750 0.014063 0.005000
0 0.710938 0.312750 0.009375 0.007500
0 0.722917 0.313625 0.010417 0.004750
0 0.725781 0.310000 0.013021 0.004000
0 0.390625 0.454125 0.010417 0.004250
0 0.440625 0.445375 0.013542 0.005250
0 0.439062 0.453625 0.014583 0.004750
0 0.589583 0.462125 0.012500 0.005250
0 0.715625 0.471750 0.009375 0.007000
0 0.707812 0.462000 0.015625 0.005000
0 0.752083 0.456500 0.011458 0.002000
0 0.751042 0.454250 0.012500 0.002500
0 0.923177 0.450125 0.011979 0.005750
0 0.826302 0.556375 0.010937 0.005250
0 0.796354 0.552625 0.012500 0.003750
0 0.661458 0.555500 0.011458 0.005000
0 0.577865 0.523750 0.013021 0.004500
0 0.664844 0.495500 0.009896 0.006500
0 0.536979 0.509000 0.011458 0.005500
0 0.564063 0.508125 0.010417 0.002750
0 0.562500 0.505875 0.011458 0.002750
0 0.492448 0.502250 0.009896 0.006000
0 0.473958 0.507500 0.013542 0.004500
0 0.291927 0.545125 0.007812 0.004750
0 0.333854 0.563250 0.007292 0.004000
0 0.343490 0.564875 0.007812 0.004750
0 0.379427 0.573500 0.010937 0.006000
0 0.363542 0.579250 0.007292 0.004000
0 0.358594 0.589125 0.009896 0.005250
