0 0.223250 0.729167 0.010500 0.019792
0 0.244750 0.734375 0.009000 0.020833
0 0.263875 0.755469 0.010750 0.025521
0 0.266125 0.824740 0.013750 0.021354
0 0.320125 0.775521 0.011750 0.023958
0 0.347375 0.810156 0.012750 0.024479
0 0.339375 0.765885 0.012750 0.027604
0 0.292500 0.719271 0.008000 0.020833
0 0.231625 0.691667 0.012750 0.018750
0 0.412250 0.795833 0.012500 0.028125
0 0.460500 0.804688 0.010500 0.019792
0 0.473625 0.711458 0.010250 0.022917
0 0.486375 0.696875 0.007750 0.021875
0 0.459250 0.669531 0.009000 0.011979
0 0.405875 0.619792 0.006750 0.018750
0 0.458875 0.630990 0.008250 0.015104
0 0.454750 0.603646 0.008000 0.022917
0 0.443875 0.567969 0.011750 0.027604
0 0.425125 0.530208 0.011750 0.033333
0 0.424625 0.537240 0.012250 0.024479
0 0.351375 0.431250 0.011250 0.022917
0 0.554250 0.533594 0.006500 0.028646
0 0.578875 0.561979 0.007250 0.022917
0 0.593625 0.695052 0.007750 0.029687
0 0.600250 0.728385 0.010000 0.025521
0 0.592250 0.744271 0.008500 0.021875
0 0.630875 0.793490 0.008750 0.023438
0 0.574750 0.835156 0.008000 0.018229
0 0.635625 0.582812 0.006250 0.016667
0 0.644625 0.643490 0.007750 0.019271
0 0.634750 0.563802 0.012500 0.028646
0 0.572000 0.500521 0.009000 0.018750
0 0.571250 0.513021 0.010500 0.021875
0 0.545375 0.477865 0.007750 0.015104
0 0.556125 0.325260 0.010750 0.017188
0 0.574250 0.359896 0.005500 0.017708
0 0.580250 0.225000 0.010000 0.022917
0 0.606125 0.234375 0.007250 0.018750
0 0.615250 0.161458 0.006500 0.018750
0 0.604625 0.141667 0.007750 0.020833
0 0.626375 0.105469 0.008750 0.019271
0 0.590000 0.145313 0.007000 0.022917
0 0.570125 0.091406 0.011750 0.017188
0 0.360000 0.388021 0.009500 0.021875
0 0.356750 0.369792 0.009500 0.022917
0 0.339375 0.340365 0.008250 0.015104
0 0.322500 0.355208 0.013500 0.019792
0 0.270500 0.314583 0.010500 0.020833
0 0.313750 0.310156 0.010000 0.022396
0 0.339375 0.307292 0.007250 0.018750
0 0.297875 0.220833 0.008250 0.020833
0 0.258625 0.112240 0.009750 0.024479
0 0.521375 0.018750 0.007750 0.012500
0 0.584375 0.033333 0.007250 0.020833
0 0.590000 0.006250 0.007000 0.012500
0 0.978750 0.826042 0.004500 0.020833
0 0.908125 0.797917 0.013250 0.020833
0 0.883000 0.759115 0.010000 0.026562
0 0.870125 0.838021 0.008250 0.017708
0 0.809250 0.806250 0.014500 0.028125
0 0.807875 0.801562 0.011750 0.028125
0 0.772875 0.794010 0.011750 0.030729
0 0.772500 0.795833 0.014500 0.022917
0 0.742000 0.802865 0.012000 0.018229
0 0.753875 0.761198 0.007250 0.018229
0 0.729375 0.754687 0.008250 0.017708
0 0.699375 0.750781 0.007250 0.018229
0 0.691750 0.804688 0.006000 0.019792
0 0.674500 0.805208 0.015000 0.030208
0 0.674625 0.803125 0.012250 0.031250
0 0.668125 0.550781 0.013250 0.017188
0 0.686500 0.560677 0.011000 0.018229
0 0.689125 0.555208 0.008750 0.022917
0 0.718375 0.568229 0.007250 0.019792
0 0.706500 0.556250 0.009000 0.020833
0 0.705500 0.536979 0.010500 0.021875
0 0.726625 0.544010 0.007250 0.017188
0 0.743625 0.544792 0.008750 0.020833
0 0.709125 0.537760 0.006750 0.018229
0 0.749375 0.516146 0.008250 0.017708
0 0.715625 0.490885 0.009250 0.017188
0 0.713000 0.469531 0.011000 0.016146
0 0.737375 0.422396 0.007250 0.019792
0 0.746250 0.433333 0.005000 0.020833
0 0.722500 0.387240 0.010000 0.023438
0 0.731125 0.372135 0.007250 0.020313
0 0.740000 0.344271 0.009500 0.020833
0 0.721750 0.334375 0.009500 0.019792
0 0.797000 0.380729 0.006500 0.021875
0 0.804500 0.377344 0.008500 0.024479
0 0.810125 0.341406 0.008250 0.022396
0 0.767250 0.314583 0.007500 0.020833
0 0.781625 0.318750 0.007250 0.020833
0 0.771000 0.283594 0.010000 0.015104
0 0.801250 0.295312 0.009500 0.023958
0 0.801125 0.297396 0.005250 0.021875
0 0.836750 0.243750 0.008500 0.020833
0 0.854875 0.253646 0.012250 0.021875
0 0.868250 0.223958 0.010500 0.018750
0 0.855000 0.250521 0.006000 0.018750
0 0.859875 0.103646 0.012250 0.030208
0 0.860250 0.105990 0.009000 0.021354
0 0.942250 0.156250 0.009500 0.021875
0 0.929250 0.125781 0.009000 0.023438
0 0.935875 0.122917 0.008750 0.019792
0 0.884750 0.011198 0.010000 0.022396
0 0.897250 0.021354 0.007500 0.018750
