0 0.112240 0.561375 0.010937 0.005250
0 0.302865 0.505500 0.010937 0.007000
0 0.272396 0.479125 0.010417 0.003750
0 0.257552 0.450875 0.009896 0.006250
0 0.164323 0.351500 0.009896 0.006500
0 0.211719 0.352000 0.007812 0.006000
0 0.265625 0.437125 0.013542 0.004250
0 0.320312 0.428375 0.012500 0.004750
0 0.306771 0.448625 0.009375 0.007750
0 0.283854 0.459250 0.008333 0.006000
0 0.288542 0.465000 0.013542 0.004000
0 0.328646 0.468375 0.013542 0.004750
0 0.251302 0.424625 0.006771 0.004750
0 0.255990 0.424000 0.008854 0.006000
0 0.348177 0.533000 0.011979 0.006500
0 0.486458 0.449125 0.008333 0.005750
0 0.485677 0.412500 0.007812 0.006000
0 0.501823 0.410750 0.005729 0.006500
0 0.496875 0.410625 0.005208 0.005250
0 0.504167 0.402125 0.010417 0.005250
0 0.482031 0.392250 0.011979 0.006500
0 0.505469 0.285500 0.013021 0.005500
0 0.547656 0.264625 0.011979 0.003750
0 0.568490 0.227625 0.010937 0.006250
0 0.615625 0.244000 0.008333 0.007000
0 0.589844 0.253000 0.008854 0.007000
0 0.584896 0.268250 0.007292 0.007000
0 0.589844 0.266375 0.008854 0.005750
0 0.600781 0.277375 0.009896 0.004750
0 0.574740 0.282750 0.007812 0.007000
0 0.603385 0.293500 0.011979 0.005000
0 0.612500 0.298125 0.008333 0.004750
0 0.565625 0.308375 0.011458 0.006750
0 0.567969 0.318375 0.010937 0.005750
0 0.557292 0.346500 0.010417 0.007000
0 0.536979 0.363250 0.009375 0.005500
0 0.520833 0.405375 0.011458 0.006750
0 0.538802 0.410625 0.010937 0.007750
0 0.527344 0.422250 0.013021 0.008000
0 0.509115 0.439125 0.008854 0.005250
0 0.510677 0.442375 0.011979 0.003250
0 0.519531 0.443500 0.009896 0.005500
0 0.500260 0.462250 0.009896 0.008000
0 0.491927 0.480000 0.006771 0.007000
0 0.475000 0.533000 0.010417 0.008000
0 0.645833 0.551625 0.013542 0.006750
0 0.755990 0.515875 0.010937 0.007250
0 0.793490 0.506750 0.014063 0.003000
0 0.792188 0.503875 0.014583 0.003250
0 0.925781 0.465125 0.014063 0.005250
0 0.955469 0.466625 0.007812 0.004750
0 0.949219 0.466625 0.006771 0.004750
0 0.927344 0.472875 0.009896 0.005750
0 0.911198 0.482375 0.013021 0.004250
0 0.884635 0.487375 0.009896 0.005750
0 0.875521 0.488500 0.011458 0.004500
0 0.861979 0.496250 0.010417 0.005500
0 0.838542 0.508875 0.012500 0.003750
0 0.820573 0.516750 0.016146 0.005000
0 0.762500 0.529250 0.011458 0.006000
0 0.750260 0.529750 0.007812 0.005000
0 0.720052 0.538625 0.007812 0.003750
0 0.691927 0.548750 0.005729 0.004000
0 0.636458 0.566250 0.008333 0.004000
0 0.621615 0.572750 0.008854 0.004500
0 0.612500 0.576375 0.012500 0.004750
0 0.605208 0.634500 0.012500 0.003500
0 0.659375 0.635500 0.012500 0.004500
0 0.727083 0.633125 0.008333 0.003250
0 0.728125 0.636000 0.009375 0.003000
0 0.756250 0.634000 0.012500 0.005000
0 0.769271 0.635625 0.008333 0.005750
0 0.800781 0.635250 0.011979 0.003500
0 0.801302 0.637750 0.011979 0.003000
0 0.816146 0.631500 0.009375 0.003500
0 0.846354 0.631375 0.011458 0.003750
0 0.883073 0.631500 0.008854 0.004000
0 0.921354 0.630750 0.011458 0.004000
0 0.951823 0.633875 0.009896 0.005250
0 0.778646 0.623875 0.012500 0.004750
0 0.700781 0.622375 0.010937 0.006250
0 0.714063 0.681250 0.009375 0.006500
0 0.696094 0.687500 0.008854 0.004500
0 0.785677 0.694500 0.004687 0.005500
0 0.789583 0.693875 0.007292 0.006750
0 0.800260 0.705625 0.009896 0.004750
0 0.821875 0.706875 0.011458 0.003750
0 0.957292 0.730750 0.011458 0.004000
0 0.971875 0.733000 0.010417 0.005000
0 0.558594 0.699875 0.009896 0.007250
0 0.607292 0.736875 0.010417 0.006250
0 0.627083 0.732875 0.010417 0.007750
0 0.622396 0.748875 0.010417 0.005750
0 0.631771 0.745750 0.009375 0.005000
0 0.609635 0.752750 0.006771 0.005500
0 0.632031 0.756375 0.008854 0.005250
0 0.620833 0.760625 0.013542 0.004250
0 0.616406 0.757125 0.008854 0.004250
0 0.641667 0.779000 0.012500 0.004500
