0 0.341927 0.554625 0.017188 0.004250
0 0.303385 0.556875 0.014063 0.005750
0 0.237500 0.573375 0.012500 0.004750
0 0.266406 0.550625 0.009896 0.007250
0 0.259635 0.539125 0.015104 0.005750
0 0.176823 0.548000 0.013021 0.005000
0 0.140885 0.529875 0.014063 0.005750
0 0.128906 0.499625 0.014063 0.004750
0 0.198698 0.519375 0.013021 0.006250
0 0.199219 0.514375 0.008854 0.005250
0 0.216146 0.520625 0.011458 0.005750
0 0.347135 0.523000 0.010937 0.004500
0 0.335156 0.491500 0.015104 0.006500
0 0.330208 0.484375 0.009375 0.007250
0 0.379167 0.477000 0.015625 0.005500
0 0.355729 0.463250 0.009375 0.007000
0 0.345833 0.457125 0.012500 0.006750
0 0.359115 0.446500 0.014063 0.004500
0 0.343490 0.439875 0.013021 0.004750
0 0.295052 0.447875 0.013021 0.007750
0 0.263802 0.455500 0.013021 0.006000
0 0.298698 0.419875 0.015104 0.007250
0 0.291927 0.403375 0.016146 0.006750
0 0.272396 0.405625 0.015625 0.004750
0 0.269010 0.410000 0.013021 0.007500
0 0.259896 0.409375 0.011458 0.006750
0 0.245052 0.391000 0.015104 0.007000
0 0.272917 0.448750 0.008333 0.006000
0 0.279687 0.447875 0.011458 0.004750
0 0.494792 0.513125 0.013542 0.006250
0 0.523698 0.497000 0.011979 0.007500
0 0.526563 0.484000 0.014583 0.005000
0 0.485677 0.482375 0.013021 0.005750
0 0.483073 0.476875 0.013021 0.004250
0 0.501042 0.474750 0.011458 0.007000
0 0.534115 0.456375 0.011979 0.004750
0 0.546354 0.440500 0.011458 0.007000
0 0.442969 0.430875 0.009896 0.007750
0 0.480990 0.417750 0.010937 0.006500
0 0.473438 0.413375 0.014583 0.006250
0 0.547917 0.427375 0.012500 0.006250
0 0.524219 0.425375 0.010937 0.007250
0 0.529427 0.422625 0.009896 0.006750
0 0.517448 0.395875 0.011979 0.007250
0 0.516406 0.377125 0.015104 0.006250
0 0.498437 0.371500 0.010417 0.008000
0 0.470573 0.381500 0.006771 0.005500
0 0.477865 0.382875 0.011979 0.006250
0 0.545573 0.404000 0.013021 0.008000
0 0.540885 0.387000 0.011979 0.008000
0 0.561719 0.333500 0.010937 0.007500
0 0.490625 0.339375 0.009375 0.008250
0 0.530469 0.332250 0.006771 0.008000
0 0.536719 0.332375 0.008854 0.007750
0 0.527344 0.464375 0.013021 0.007250
0 0.591406 0.552000 0.009896 0.004500
0 0.633854 0.531000 0.009375 0.006000
0 0.661198 0.483625 0.015104 0.006750
0 0.675781 0.485750 0.009896 0.007500
0 0.683333 0.490875 0.007292 0.006750
0 0.728385 0.484500 0.011979 0.006500
0 0.739583 0.474875 0.012500 0.008250
0 0.733333 0.462500 0.014583 0.005500
0 0.714063 0.467125 0.011458 0.004250
0 0.718229 0.462625 0.013542 0.004750
0 0.698438 0.461125 0.013542 0.004750
0 0.708854 0.454125 0.013542 0.006250
0 0.735156 0.452875 0.010937 0.008750
0 0.744792 0.446000 0.011458 0.009000
0 0.725781 0.442125 0.009896 0.006750
0 0.769531 0.440875 0.014063 0.009250
0 0.753646 0.424500 0.013542 0.007500
0 0.717187 0.501875 0.017708 0.004250
0 0.690104 0.504375 0.010417 0.006250
0 0.703125 0.503500 0.007292 0.005000
0 0.696094 0.508750 0.015104 0.003500
0 0.702865 0.511125 0.008854 0.004750
0 0.854427 0.455500 0.018229 0.006000
0 0.808854 0.397000 0.015625 0.007500
0 0.814063 0.405500 0.016667 0.005000
0 0.814583 0.409500 0.015625 0.005500
0 0.756250 0.485250 0.008333 0.005000
0 0.759115 0.481250 0.010937 0.003500
0 0.797917 0.545375 0.009375 0.004750
0 0.857552 0.503125 0.007812 0.006250
0 0.869792 0.581500 0.015625 0.006000
0 0.693490 0.767750 0.009896 0.003500
0 0.794792 0.738125 0.010417 0.006250
0 0.838542 0.714125 0.015625 0.006250
0 0.763021 0.728000 0.011458 0.005500
0 0.839323 0.702000 0.007812 0.005500
