0 0.755990 0.581000 0.006771 0.005500
0 0.726562 0.584625 0.014583 0.003750
0 0.664583 0.594250 0.012500 0.004000
0 0.639062 0.582625 0.008333 0.005250
0 0.700521 0.596250 0.011458 0.003500
0 0.713021 0.599125 0.013542 0.003250
0 0.780469 0.615500 0.009896 0.004500
0 0.783073 0.611250 0.011979 0.006000
0 0.846615 0.619125 0.006771 0.005250
0 0.854167 0.614000 0.009375 0.005500
0 0.913542 0.627500 0.012500 0.006000
0 0.893750 0.656250 0.012500 0.005500
0 0.669271 0.539500 0.009375 0.006000
0 0.668750 0.568250 0.009375 0.005500
0 0.646875 0.559875 0.010417 0.007750
0 0.641667 0.571500 0.013542 0.003500
0 0.655990 0.582875 0.014063 0.005250
0 0.613281 0.564625 0.014063 0.003250
0 0.557813 0.550750 0.010417 0.005000
0 0.615885 0.568125 0.011979 0.002750
0 0.621615 0.571125 0.013021 0.004250
0 0.631510 0.577375 0.013021 0.004250
0 0.501823 0.609625 0.014063 0.005750
0 0.536198 0.639375 0.010937 0.004750
0 0.530990 0.613750 0.011979 0.006000
0 0.529427 0.607500 0.010937 0.003500
0 0.593229 0.557875 0.012500 0.003250
0 0.584115 0.555875 0.007812 0.006250
0 0.534896 0.551000 0.007292 0.004500
0 0.520052 0.545875 0.008854 0.005750
0 0.541146 0.523500 0.013542 0.005000
0 0.563802 0.521000 0.009896 0.005500
0 0.525781 0.512875 0.010937 0.004250
0 0.516667 0.522125 0.012500 0.004250
0 0.468229 0.524750 0.012500 0.003500
0 0.486979 0.528625 0.011458 0.004250
0 0.491927 0.532375 0.004687 0.004750
0 0.427865 0.516625 0.009896 0.005250
0 0.421094 0.521375 0.006771 0.005750
0 0.427083 0.522375 0.006250 0.003750
0 0.448437 0.501750 0.012500 0.003000
0 0.480208 0.497500 0.011458 0.004000
0 0.450260 0.493625 0.008854 0.005250
0 0.429948 0.483375 0.010937 0.002750
0 0.521354 0.480875 0.009375 0.004250
0 0.539323 0.496375 0.017188 0.004250
0 0.580208 0.485750 0.010417 0.006000
0 0.637240 0.473125 0.010937 0.004250
0 0.677865 0.502250 0.007812 0.006000
0 0.720052 0.502125 0.009896 0.005250
0 0.698698 0.479000 0.007812 0.005500
0 0.705990 0.481250 0.011979 0.004000
0 0.750260 0.450250 0.013021 0.004500
0 0.768229 0.486250 0.013542 0.005500
0 0.794531 0.483875 0.011979 0.005250
0 0.873177 0.478375 0.011979 0.005250
0 0.853125 0.466875 0.013542 0.005250
0 0.855208 0.457375 0.013542 0.005750
0 0.894531 0.466000 0.014063 0.006000
0 0.927865 0.464000 0.013021 0.004000
0 0.919271 0.458375 0.014583 0.004750
0 0.933073 0.458250 0.010937 0.005000
0 0.984896 0.454625 0.012500 0.004750
0 0.608854 0.493500 0.018750 0.004000
0 0.582292 0.545375 0.010417 0.005750
0 0.577865 0.537000 0.011979 0.005000
0 0.551042 0.536750 0.007292 0.006000
0 0.558854 0.536500 0.009375 0.003000
0 0.569531 0.541000 0.013021 0.003500
0 0.620833 0.552500 0.014583 0.002500
0 0.618229 0.555500 0.010417 0.004500
0 0.700000 0.602375 0.007292 0.004250
0 0.649219 0.689500 0.008854 0.006000
0 0.639323 0.703000 0.009896 0.006000
0 0.617188 0.701750 0.009375 0.006000
0 0.614062 0.727000 0.015625 0.003500
0 0.690885 0.714000 0.011979 0.006000
0 0.708594 0.741500 0.010937 0.005000
0 0.698438 0.739125 0.009375 0.006750
0 0.650781 0.772750 0.005729 0.006000
0 0.697917 0.766875 0.010417 0.003750
0 0.769010 0.791125 0.008854 0.006750
0 0.762760 0.802625 0.008854 0.005750
0 0.706771 0.776375 0.008333 0.006250
0 0.711979 0.773250 0.009375 0.005500
0 0.717969 0.781375 0.011979 0.007250
0 0.666406 0.739750 0.014063 0.007500
0 0.559896 0.672750 0.013542 0.004500
0 0.572135 0.669500 0.013021 0.006500
0 0.542188 0.652125 0.009375 0.005750
0 0.571875 0.647625 0.014583 0.006750
0 0.542969 0.642875 0.008854 0.005250
0 0.505469 0.592250 0.010937 0.007000
0 0.441406 0.559500 0.011979 0.005500
0 0.458073 0.580375 0.007812 0.005750
0 0.467708 0.578500 0.009375 0.005000
0 0.365365 0.598500 0.011979 0.005500
0 0.372135 0.612000 0.013021 0.004000
0 0.374479 0.624375 0.013542 0.007250
0 0.373698 0.565375 0.014063 0.002750
0 0.375521 0.568500 0.011458 0.004000
0 0.334635 0.696125 0.008854 0.004750
0 0.398958 0.704250 0.012500 0.004000
0 0.403125 0.710750 0.013542 0.005000
0 0.420573 0.724500 0.007812 0.006000
0 0.337760 0.723875 0.007812 0.006750
0 0.366146 0.740875 0.011458 0.004250
0 0.415365 0.741750 0.013021 0.007500
0 0.391927 0.777250 0.008854 0.008000
0 0.419271 0.683500 0.013542 0.007500
0 0.232292 0.385375 0.010417 0.005750
0 0.264583 0.385875 0.011458 0.003750
0 0.276042 0.349625 0.012500 0.007250
0 0.250521 0.275125 0.008333 0.006250
0 0.257552 0.275000 0.007812 0.006000
0 0.291406 0.287875 0.010937 0.006750
0 0.335156 0.286500 0.009896 0.007000
0 0.334115 0.259625 0.009896 0.005250
0 0.204687 0.255375 0.009375 0.005750
0 0.212240 0.240750 0.010937 0.006500
0 0.234635 0.222500 0.008854 0.006500
0 0.233854 0.236625 0.010417 0.004750
0 0.245312 0.235375 0.013542 0.005750
0 0.334896 0.377875 0.013542 0.005750
0 0.314583 0.351375 0.010417 0.004250
0 0.317708 0.356375 0.013542 0.003250
0 0.315625 0.364500 0.013542 0.003000
0 0.317969 0.361750 0.011979 0.003500
0 0.326042 0.353875 0.011458 0.004250
0 0.326302 0.393125 0.007812 0.006250
0 0.350000 0.418625 0.008333 0.004750
0 0.320052 0.422875 0.009896 0.004250
0 0.335417 0.414250 0.009375 0.004000
0 0.341667 0.407125 0.010417 0.005250
0 0.341146 0.401375 0.009375 0.003250
0 0.329427 0.402250 0.011979 0.003500
0 0.331250 0.399500 0.012500 0.005000
0 0.432292 0.432250 0.010417 0.005500
0 0.407812 0.412750 0.009375 0.004000
0 0.460156 0.391875 0.006771 0.007250
0 0.422917 0.392250 0.010417 0.005500
0 0.425000 0.388000 0.009375 0.003500
0 0.459896 0.369500 0.008333 0.005500
0 0.441146 0.360875 0.010417 0.003250
0 0.438542 0.333875 0.010417 0.003750
0 0.496615 0.319500 0.009896 0.005500
0 0.479427 0.306375 0.009896 0.005750
0 0.469792 0.314750 0.009375 0.004500
0 0.550781 0.325875 0.009896 0.005750
0 0.563021 0.335750 0.013542 0.004500
0 0.527865 0.333500 0.009896 0.007000
0 0.520573 0.343500 0.010937 0.004000
0 0.512240 0.352125 0.006771 0.006750
0 0.514844 0.358500 0.009896 0.006000
0 0.521094 0.364750 0.005729 0.006500
0 0.525000 0.357625 0.009375 0.004250
0 0.532552 0.357750 0.005729 0.006500
0 0.523958 0.348500 0.008333 0.006000
0 0.535677 0.337500 0.010937 0.006000
0 0.549479 0.335875 0.010417 0.005750
0 0.595833 0.301625 0.011458 0.004750
0 0.609115 0.303000 0.011979 0.003500
0 0.607292 0.299000 0.011458 0.003000
0 0.553125 0.282125 0.008333 0.006250
0 0.580208 0.275750 0.008333 0.005000
0 0.582812 0.280875 0.008333 0.005250
0 0.548958 0.261250 0.007292 0.005500
0 0.524479 0.269875 0.011458 0.004750
0 0.521354 0.278625 0.012500 0.002750
0 0.523438 0.281500 0.013542 0.004000
0 0.501042 0.254500 0.012500 0.005500
0 0.500000 0.274625 0.012500 0.005250
0 0.505990 0.269500 0.011979 0.004500
0 0.525000 0.261625 0.006250 0.007250
0 0.604688 0.250750 0.012500 0.005500
0 0.615104 0.263000 0.011458 0.006500
0 0.600521 0.270500 0.006250 0.007000
0 0.609115 0.272375 0.008854 0.005750
0 0.640365 0.262125 0.008854 0.005750
0 0.623437 0.244125 0.011458 0.004750
0 0.616146 0.235875 0.012500 0.003250
0 0.669010 0.230000 0.014063 0.008000
0 0.580469 0.226375 0.011979 0.005250
0 0.549479 0.192250 0.013542 0.004000
0 0.547135 0.204500 0.005729 0.006000
0 0.510938 0.217750 0.009375 0.005000
0 0.440365 0.458125 0.009896 0.003750
0 0.488021 0.454875 0.010417 0.003250
0 0.551302 0.410750 0.009896 0.005000
0 0.615625 0.414500 0.013542 0.004500
0 0.711198 0.391000 0.010937 0.006000
0 0.713542 0.370375 0.016667 0.006250
0 0.769010 0.365875 0.015104 0.005250
0 0.759375 0.380250 0.009375 0.006000
0 0.733073 0.381875 0.013021 0.004250
0 0.745573 0.377750 0.014063 0.003500
0 0.669271 0.392000 0.009375 0.006000
0 0.673438 0.388000 0.007292 0.005000
0 0.575000 0.498000 0.010417 0.003000
0 0.587240 0.497000 0.013021 0.003000
0 0.583073 0.494375 0.013021 0.003250
0 0.567187 0.495125 0.014583 0.003750
0 0.855729 0.321875 0.014583 0.009250
0 0.885417 0.326125 0.020833 0.012250
0 0.906510 0.295875 0.017188 0.005750
0 0.882031 0.288125 0.016146 0.007250
0 0.872917 0.269250 0.009375 0.007500
0 0.702865 0.145750 0.009896 0.007500
0 0.688021 0.143000 0.008333 0.006500
0 0.648698 0.129250 0.007812 0.007000
0 0.674479 0.068875 0.013542 0.007250
0 0.572396 0.101000 0.009375 0.004000
0 0.692448 0.014500 0.006771 0.007000
0 0.834896 0.016125 0.010417 0.005750
0 0.783073 0.060375 0.011979 0.004250
0 0.763281 0.065000 0.009896 0.004500
0 0.049479 0.201375 0.009375 0.005750
0 0.716406 0.038125 0.016146 0.006250
