0 0.491250 0.838542 0.006000 0.015625
0 0.359875 0.826302 0.006750 0.009896
0 0.278500 0.816406 0.007500 0.010937
0 0.299750 0.843229 0.008000 0.012500
0 0.357500 0.841667 0.004500 0.013542
0 0.362625 0.846094 0.007750 0.013021
0 0.418500 0.622396 0.006000 0.016667
0 0.412875 0.536979 0.007750 0.011458
0 0.387500 0.558854 0.004500 0.015625
0 0.437625 0.591146 0.007750 0.008333
0 0.439125 0.598698 0.005750 0.007812
0 0.266375 0.499479 0.005250 0.013542
0 0.244125 0.371094 0.007750 0.013021
0 0.312500 0.383594 0.005500 0.020313
0 0.317375 0.354427 0.008750 0.011979
0 0.324125 0.272396 0.010250 0.017708
0 0.295500 0.280990 0.005000 0.014063
0 0.300000 0.262760 0.006000 0.013021
0 0.281500 0.182031 0.008500 0.013021
0 0.243500 0.238021 0.008000 0.008333
0 0.243000 0.213021 0.007500 0.012500
0 0.549375 0.067969 0.006250 0.016146
0 0.529750 0.070573 0.006000 0.017188
0 0.592625 0.062760 0.005250 0.015104
0 0.508500 0.160938 0.004000 0.020833
0 0.514875 0.175260 0.005250 0.017188
0 0.542875 0.174219 0.005250 0.014063
0 0.563625 0.216667 0.003750 0.015625
0 0.542625 0.303646 0.009250 0.012500
0 0.548500 0.416927 0.006500 0.013021
0 0.532125 0.527865 0.006750 0.013021
0 0.546125 0.605729 0.006250 0.012500
0 0.662000 0.630990 0.006000 0.010937
0 0.674875 0.428385 0.008750 0.016146
0 0.725500 0.424740 0.007000 0.016146
0 0.762500 0.253385 0.005500 0.019271
0 0.764500 0.205469 0.005500 0.017188
0 0.744875 0.241667 0.005750 0.015625
0 0.674000 0.733854 0.008000 0.012500
0 0.749250 0.711979 0.007500 0.015625
0 0.837250 0.487500 0.008000 0.013542
0 0.833125 0.461979 0.006750 0.016667
0 0.806000 0.433854 0.005500 0.016667
0 0.854000 0.391406 0.007000 0.017188
0 0.868000 0.421875 0.007500 0.012500
