0 0.264125 0.543229 0.011750 0.013542
0 0.307250 0.492448 0.005500 0.021354
0 0.323000 0.540885 0.007000 0.015104
0 0.322125 0.530990 0.006750 0.011979
0 0.323375 0.523177 0.008750 0.011979
0 0.276500 0.391146 0.008000 0.021875
0 0.279875 0.337500 0.005750 0.014583
0 0.294500 0.329688 0.007500 0.016667
0 0.318875 0.343750 0.010250 0.018750
0 0.291625 0.376563 0.010250 0.020833
0 0.256125 0.279948 0.010250 0.011979
0 0.394250 0.583854 0.009500 0.016667
0 0.419500 0.563281 0.008500 0.015104
0 0.406375 0.551302 0.009750 0.020313
0 0.415625 0.539062 0.007750 0.012500
0 0.428750 0.543750 0.007000 0.025000
0 0.478375 0.489583 0.007250 0.018750
0 0.473250 0.476562 0.009000 0.014583
0 0.459000 0.487240 0.008500 0.010937
0 0.457125 0.480469 0.007250 0.014063
0 0.449875 0.446354 0.006750 0.009375
0 0.450375 0.434896 0.006250 0.014583
0 0.470375 0.440885 0.007750 0.010937
0 0.477000 0.429167 0.007000 0.018750
0 0.494500 0.454948 0.009500 0.009896
0 0.493750 0.416406 0.007000 0.014063
0 0.505250 0.401302 0.007500 0.018229
0 0.530000 0.389062 0.008000 0.014583
0 0.491625 0.346615 0.005250 0.016146
0 0.539250 0.297656 0.005500 0.018229
0 0.580500 0.313021 0.008000 0.013542
0 0.575250 0.233854 0.005000 0.016667
0 0.610250 0.257552 0.008000 0.018229
0 0.587625 0.108854 0.008250 0.015625
0 0.609375 0.068750 0.009750 0.017708
0 0.688000 0.720573 0.005000 0.014063
0 0.671375 0.655990 0.006750 0.017188
0 0.647250 0.648698 0.008500 0.018229
0 0.641500 0.685937 0.006500 0.012500
0 0.639750 0.669271 0.006000 0.013542
0 0.635250 0.667708 0.005000 0.012500
0 0.629125 0.728125 0.008750 0.013542
0 0.616125 0.663021 0.007750 0.010417
0 0.608000 0.665104 0.006000 0.013542
0 0.613625 0.631250 0.005750 0.014583
0 0.595500 0.630208 0.006500 0.013542
0 0.551500 0.693229 0.010000 0.014583
0 0.560125 0.664844 0.006750 0.009896
0 0.563000 0.655729 0.008000 0.010417
0 0.571375 0.677865 0.006250 0.007812
0 0.573875 0.682031 0.006250 0.010937
0 0.477625 0.785417 0.007250 0.014583
0 0.495375 0.736719 0.006250 0.017188
0 0.491500 0.728125 0.005500 0.016667
0 0.490250 0.715625 0.009000 0.012500
0 0.477625 0.698698 0.006750 0.008854
0 0.464625 0.723958 0.008750 0.016667
0 0.611625 0.784375 0.008250 0.012500
0 0.673875 0.293750 0.005750 0.012500
