0 0.645875 0.044010 0.011250 0.028646
0 0.699125 0.211979 0.012250 0.029167
0 0.546375 0.126042 0.008750 0.021875
0 0.559125 0.215885 0.007750 0.018229
0 0.525375 0.209115 0.006750 0.025521
0 0.510875 0.197396 0.007750 0.018750
0 0.520000 0.284115 0.010500 0.025521
0 0.482000 0.294010 0.009000 0.024479
0 0.461250 0.284896 0.015000 0.029167
0 0.448375 0.345313 0.009250 0.020833
0 0.446375 0.383854 0.011250 0.022917
0 0.414750 0.347396 0.011000 0.031250
0 0.422000 0.383333 0.006500 0.021875
0 0.414750 0.412760 0.009000 0.023438
0 0.413625 0.450260 0.011250 0.024479
0 0.397000 0.452604 0.011000 0.019792
0 0.461375 0.458333 0.011250 0.019792
0 0.462500 0.440885 0.013500 0.017188
0 0.679125 0.640104 0.013250 0.027083
0 0.627875 0.245573 0.012750 0.026562
0 0.569625 0.030208 0.007250 0.019792
0 0.574625 0.011719 0.005750 0.017188
0 0.595500 0.039583 0.007500 0.016667
0 0.587250 0.024219 0.008500 0.020313
0 0.585500 0.026042 0.005500 0.015625
0 0.379000 0.680208 0.008500 0.020833
0 0.378250 0.680729 0.006000 0.019792
0 0.417375 0.655469 0.007250 0.016146
0 0.407250 0.629948 0.005500 0.017188
0 0.408500 0.633073 0.005500 0.015104
0 0.392500 0.637240 0.008500 0.014063
0 0.357000 0.604688 0.009000 0.016667
0 0.383250 0.537760 0.011000 0.022396
0 0.383875 0.538021 0.007750 0.014583
0 0.395250 0.582552 0.006500 0.016146
0 0.401250 0.577865 0.005000 0.017188
0 0.398250 0.560417 0.009500 0.021875
0 0.398875 0.563281 0.007750 0.016146
0 0.410375 0.525000 0.006750 0.013542
0 0.392375 0.526823 0.005750 0.014063
0 0.389875 0.499219 0.007250 0.014063
0 0.392500 0.510938 0.006500 0.014583
0 0.406250 0.496094 0.004000 0.015104
0 0.407625 0.482292 0.006250 0.015625
0 0.413375 0.491927 0.004750 0.017188
0 0.476250 0.400521 0.007000 0.014583
