0 0.391875 0.539062 0.003250 0.010417
0 0.389375 0.533594 0.003750 0.011979
0 0.407375 0.525781 0.005750 0.009896
0 0.413000 0.548958 0.007000 0.007292
0 0.401250 0.518490 0.004000 0.013021
0 0.393500 0.501823 0.005000 0.008854
0 0.398375 0.498437 0.003750 0.009375
0 0.405375 0.481250 0.003750 0.008333
0 0.406125 0.475000 0.003250 0.005208
0 0.414500 0.480990 0.006500 0.005729
0 0.421250 0.467969 0.005000 0.008854
0 0.425000 0.461719 0.003000 0.010937
0 0.424500 0.470833 0.005000 0.010417
0 0.429750 0.434635 0.005000 0.007812
0 0.434500 0.432812 0.004500 0.005208
0 0.442625 0.432552 0.004250 0.007812
0 0.451000 0.432812 0.005000 0.008333
0 0.461125 0.432812 0.004250 0.009375
0 0.450250 0.418490 0.005000 0.007812
0 0.444500 0.451302 0.003500 0.005729
0 0.444125 0.456510 0.003750 0.005729
0 0.423250 0.501823 0.005500 0.010937
0 0.430000 0.498958 0.003500 0.011458
0 0.429750 0.487240 0.003500 0.011979
0 0.445000 0.477083 0.005500 0.009375
0 0.447750 0.473958 0.006000 0.006250
0 0.449375 0.464323 0.004750 0.008854
0 0.445750 0.466146 0.003500 0.011458
0 0.464500 0.468750 0.004000 0.011458
0 0.459750 0.476042 0.004500 0.011458
0 0.464875 0.494271 0.004250 0.011458
0 0.463250 0.511979 0.003000 0.010417
0 0.461500 0.507031 0.003500 0.011979
0 0.448000 0.515365 0.004500 0.008854
0 0.449375 0.508594 0.003750 0.008854
0 0.501625 0.333333 0.006250 0.010417
0 0.542125 0.341406 0.005250 0.009896
0 0.461250 0.361979 0.004000 0.008333
0 0.454250 0.382031 0.004000 0.009896
0 0.460750 0.382031 0.003500 0.010937
0 0.460750 0.390625 0.004000 0.005208
0 0.460875 0.398958 0.003750 0.006250
0 0.455125 0.659635 0.005250 0.013021
0 0.439875 0.671094 0.002250 0.011979
0 0.442125 0.670312 0.002250 0.013542
0 0.440000 0.635417 0.005500 0.006250
0 0.441000 0.633073 0.004500 0.004687
0 0.451625 0.615885 0.003750 0.009896
0 0.446375 0.618490 0.004750 0.011979
0 0.467375 0.639062 0.004750 0.011458
0 0.471000 0.645312 0.003000 0.013542
0 0.477375 0.634896 0.003250 0.014583
0 0.484125 0.631250 0.004250 0.011458
0 0.482875 0.628906 0.003750 0.008854
0 0.483000 0.613542 0.004000 0.012500
0 0.469250 0.627083 0.003000 0.011458
0 0.467250 0.626823 0.002500 0.011979
0 0.467000 0.604427 0.006000 0.008854
0 0.476125 0.603385 0.004250 0.009896
0 0.474875 0.598437 0.005750 0.008333
0 0.489625 0.576562 0.003250 0.012500
0 0.491875 0.577083 0.004750 0.005208
0 0.488875 0.663281 0.006250 0.007812
0 0.507500 0.496615 0.004500 0.009896
0 0.518875 0.497135 0.005250 0.006771
0 0.483750 0.524479 0.003000 0.008333
0 0.486750 0.540365 0.005000 0.010937
0 0.484000 0.539844 0.003000 0.010937
0 0.477125 0.566146 0.004250 0.007292
0 0.472500 0.560156 0.003000 0.008854
0 0.471375 0.557292 0.004250 0.009375
0 0.573500 0.584115 0.005000 0.007812
0 0.568875 0.577083 0.005750 0.008333
0 0.538750 0.587760 0.004000 0.011979
0 0.535625 0.595833 0.002750 0.008333
0 0.532875 0.613542 0.002750 0.011458
0 0.530500 0.621875 0.003500 0.007292
0 0.525875 0.646875 0.003250 0.006250
0 0.516500 0.685937 0.003500 0.010417
0 0.511875 0.702604 0.003250 0.007292
0 0.515375 0.708073 0.003750 0.014063
0 0.507625 0.724740 0.003750 0.007812
0 0.534750 0.729948 0.005000 0.008854
0 0.509250 0.714063 0.005000 0.010417
0 0.521875 0.704167 0.006250 0.007292
0 0.524000 0.715885 0.004500 0.006771
0 0.523000 0.712760 0.005500 0.006771
0 0.530500 0.689844 0.007000 0.007812
0 0.547875 0.690104 0.005750 0.010417
0 0.539375 0.674479 0.006250 0.006250
0 0.539000 0.667448 0.005500 0.007812
0 0.548500 0.673698 0.006000 0.006771
0 0.544375 0.681510 0.004750 0.006771
0 0.548750 0.680990 0.004000 0.008854
0 0.654375 0.600000 0.005750 0.011458
0 0.634125 0.686198 0.006250 0.009896
0 0.628875 0.686458 0.003750 0.011458
0 0.625750 0.655469 0.003000 0.005729
0 0.626500 0.660677 0.002500 0.006771
0 0.664875 0.460938 0.003750 0.009375
0 0.668875 0.464323 0.004750 0.008854
0 0.414000 0.958073 0.004500 0.013021
