0 0.480729 0.672125 0.005208 0.004250
0 0.485677 0.671750 0.005729 0.004000
0 0.592448 0.608250 0.008854 0.005000
0 0.497396 0.555250 0.012500 0.004500
0 0.438802 0.580250 0.011979 0.003000
0 0.442708 0.576125 0.008333 0.005250
0 0.459115 0.557000 0.011979 0.006000
0 0.436458 0.555125 0.008333 0.005250
0 0.334115 0.591500 0.010937 0.002500
0 0.333854 0.589250 0.012500 0.002000
0 0.472917 0.464625 0.008333 0.003750
0 0.477344 0.467500 0.014063 0.003000
0 0.419271 0.482125 0.011458 0.003750
0 0.416146 0.479375 0.010417 0.003250
0 0.397135 0.475375 0.009896 0.002250
0 0.395833 0.473250 0.012500 0.002500
0 0.218229 0.449625 0.014583 0.003250
0 0.213281 0.445875 0.007812 0.003750
0 0.222135 0.446500 0.010937 0.003000
0 0.220573 0.443250 0.006771 0.003500
0 0.547917 0.424750 0.012500 0.004500
0 0.444271 0.406250 0.012500 0.005000
0 0.448177 0.395750 0.013021 0.003500
0 0.452344 0.392875 0.009896 0.002750
0 0.387240 0.392500 0.011979 0.005000
0 0.356250 0.382625 0.013542 0.003750
0 0.358594 0.376000 0.009896 0.002500
0 0.358854 0.373500 0.012500 0.002500
0 0.358073 0.364500 0.010937 0.005500
0 0.232292 0.331250 0.017708 0.009000
0 0.469792 0.364375 0.008333 0.005250
0 0.035156 0.237000 0.011979 0.007000
