0 0.340885 0.368250 0.009896 0.005500
0 0.384896 0.340375 0.006250 0.003250
0 0.388542 0.339125 0.008333 0.003250
0 0.483854 0.319875 0.008333 0.003250
0 0.458073 0.407000 0.008854 0.006000
0 0.444531 0.406125 0.005729 0.005250
0 0.447917 0.405750 0.006250 0.006000
0 0.451562 0.404625 0.006250 0.004750
0 0.341667 0.481125 0.010417 0.004750
0 0.348958 0.486500 0.008333 0.004000
0 0.419010 0.477875 0.016146 0.005750
0 0.479948 0.470500 0.014063 0.006000
0 0.503385 0.475625 0.015104 0.005250
0 0.598698 0.462875 0.013021 0.005250
0 0.581771 0.461500 0.013542 0.005000
0 0.775000 0.440375 0.012500 0.004750
0 0.765885 0.435125 0.011979 0.006250
0 0.764583 0.460750 0.009375 0.006500
0 0.752344 0.457125 0.006771 0.006250
0 0.645052 0.488750 0.010937 0.005500
0 0.651302 0.480500 0.011979 0.005500
0 0.632552 0.484625 0.010937 0.005250
0 0.504427 0.505500 0.014063 0.004500
0 0.531771 0.502000 0.010417 0.007500
0 0.544010 0.510500 0.013021 0.004000
0 0.556250 0.506875 0.013542 0.004750
0 0.518229 0.528875 0.014583 0.003750
0 0.550000 0.555250 0.008333 0.004500
0 0.571094 0.562375 0.014063 0.004250
0 0.583333 0.560500 0.007292 0.005000
0 0.592448 0.561250 0.011979 0.004000
0 0.642708 0.564875 0.013542 0.004750
0 0.670052 0.552875 0.014063 0.003750
0 0.669271 0.549875 0.012500 0.003250
0 0.630990 0.534000 0.010937 0.004500
0 0.623437 0.533750 0.006250 0.005500
0 0.109896 0.792375 0.008333 0.004250
0 0.110156 0.790250 0.009896 0.002500
0 0.104427 0.792875 0.004687 0.003750
0 0.101042 0.790000 0.007292 0.003000
0 0.011719 0.764875 0.014063 0.005250
0 0.533073 0.440875 0.008854 0.006750
0 0.503385 0.188375 0.013021 0.005250
