0 0.423177 0.597250 0.011979 0.003500
0 0.433854 0.587250 0.006250 0.004500
0 0.486979 0.509125 0.007292 0.005750
0 0.477083 0.485875 0.006250 0.003750
0 0.481510 0.487375 0.005729 0.005750
0 0.458333 0.500250 0.006250 0.004000
0 0.461719 0.499250 0.007812 0.004500
0 0.630729 0.481125 0.008333 0.005750
0 0.672656 0.460875 0.004687 0.004250
0 0.677604 0.458375 0.008333 0.004250
0 0.717708 0.357750 0.007292 0.005500
0 0.735156 0.349125 0.010937 0.002250
0 0.734375 0.347250 0.011458 0.002500
0 0.728646 0.334000 0.007292 0.005500
0 0.736458 0.336125 0.010417 0.003750
0 0.748177 0.335875 0.008854 0.003750
0 0.763021 0.320875 0.006250 0.005750
0 0.778125 0.304875 0.007292 0.004750
0 0.771354 0.294500 0.011458 0.004000
0 0.837500 0.319375 0.010417 0.004250
0 0.871875 0.334875 0.006250 0.005750
0 0.838021 0.296500 0.008333 0.004500
0 0.838802 0.292625 0.007812 0.004250
0 0.813281 0.266375 0.004687 0.005250
0 0.818229 0.267250 0.006250 0.005000
0 0.855990 0.256750 0.005729 0.006000
0 0.749219 0.541750 0.007812 0.004500
0 0.746354 0.537250 0.006250 0.003500
0 0.740104 0.522125 0.009375 0.004750
0 0.729948 0.620375 0.007812 0.005250
0 0.734635 0.614125 0.009896 0.003750
0 0.042188 0.633375 0.009375 0.005750
