0 0.389583 0.477750 0.006250 0.005000
0 0.392188 0.481250 0.012500 0.004500
0 0.425000 0.505125 0.016667 0.007250
0 0.390625 0.523000 0.014583 0.009500
0 0.516406 0.532250 0.014063 0.006500
0 0.595052 0.528250 0.016146 0.006500
0 0.660677 0.556875 0.010937 0.005750
0 0.660937 0.561000 0.012500 0.004500
0 0.538281 0.631625 0.017188 0.006250
0 0.433333 0.664125 0.016667 0.005750
0 0.413021 0.601625 0.014583 0.006250
0 0.480990 0.615125 0.015104 0.003250
0 0.485156 0.618250 0.011979 0.004000
0 0.337760 0.604750 0.015104 0.008000
0 0.351823 0.619375 0.014063 0.004750
0 0.365104 0.621500 0.012500 0.004500
0 0.698958 0.728750 0.018750 0.006000
0 0.706771 0.741375 0.009375 0.008250
0 0.712760 0.746250 0.008854 0.006500
0 0.630469 0.760875 0.005729 0.004750
0 0.635938 0.762250 0.008333 0.008500
0 0.415104 0.857625 0.011458 0.007750
