0 0.034125 0.244531 0.005750 0.008854
0 0.040375 0.255208 0.005750 0.006250
0 0.051500 0.261458 0.003500 0.007292
0 0.059000 0.302604 0.006500 0.007292
0 0.062625 0.310677 0.006250 0.006771
0 0.058125 0.275521 0.005750 0.008333
0 0.063125 0.290885 0.004750 0.006771
0 0.070375 0.296875 0.003250 0.007292
0 0.070750 0.285156 0.003000 0.007812
0 0.074750 0.307031 0.006000 0.006771
0 0.081625 0.321354 0.003250 0.006250
0 0.074250 0.249740 0.003500 0.008854
0 0.077750 0.246875 0.004000 0.007292
0 0.087875 0.254167 0.005750 0.006250
0 0.098250 0.251563 0.004500 0.010417
0 0.100125 0.287240 0.003750 0.006771
0 0.107875 0.345833 0.005750 0.006250
0 0.105375 0.367969 0.004750 0.006771
0 0.101500 0.361979 0.004500 0.007292
0 0.084625 0.344531 0.005750 0.007812
0 0.115625 0.311198 0.004750 0.009896
0 0.099125 0.269271 0.004250 0.008333
0 0.099750 0.277604 0.004500 0.008333
0 0.165125 0.307812 0.003750 0.007292
0 0.167875 0.319271 0.003750 0.010417
0 0.159250 0.341927 0.006000 0.011979
0 0.125750 0.389323 0.005000 0.007812
0 0.136000 0.357552 0.004500 0.006771
0 0.153375 0.380208 0.003750 0.007292
0 0.101625 0.199740 0.006250 0.007812
0 0.113000 0.210938 0.006500 0.009375
0 0.167000 0.208333 0.005000 0.008333
0 0.172250 0.220052 0.005000 0.007812
0 0.157125 0.226042 0.004750 0.006250
0 0.151250 0.203906 0.004000 0.006771
0 0.158750 0.239323 0.005000 0.007812
0 0.143750 0.212760 0.004500 0.006771
0 0.159500 0.216146 0.004000 0.006250
0 0.155625 0.216146 0.003750 0.006250
0 0.132375 0.310417 0.004750 0.006250
0 0.135250 0.303125 0.003500 0.006250
0 0.139125 0.298438 0.003750 0.007292
0 0.123125 0.260937 0.003750 0.006250
0 0.406375 0.219531 0.007750 0.008854
0 0.459125 0.221354 0.005750 0.009375
0 0.325750 0.601562 0.005000 0.012500
0 0.340250 0.603385 0.005000 0.006771
0 0.300625 0.559635 0.004250 0.011979
0 0.326375 0.572656 0.006750 0.006771
0 0.330625 0.567969 0.003250 0.011979
0 0.340625 0.564063 0.006750 0.008333
0 0.342000 0.542708 0.006000 0.007292
0 0.335875 0.542188 0.004250 0.010417
0 0.315625 0.521875 0.005750 0.005208
0 0.315000 0.517188 0.005000 0.004167
0 0.345500 0.519271 0.005000 0.007292
0 0.344750 0.526563 0.006500 0.006250
0 0.345250 0.504948 0.004000 0.009896
0 0.343625 0.502604 0.004250 0.008333
0 0.358875 0.540104 0.005250 0.006250
0 0.365125 0.538802 0.004750 0.006771
0 0.373625 0.518490 0.003750 0.004687
0 0.374625 0.515625 0.004750 0.007292
0 0.396125 0.522135 0.003250 0.008854
0 0.375250 0.470312 0.006000 0.008333
0 0.383375 0.437240 0.006250 0.006771
0 0.392625 0.416146 0.004750 0.006250
0 0.390625 0.407552 0.004250 0.010937
0 0.442250 0.382031 0.004500 0.007812
0 0.521375 0.492188 0.004250 0.012500
0 0.478250 0.528906 0.005500 0.008854
0 0.491250 0.556771 0.007500 0.009375
0 0.490000 0.585156 0.005000 0.014063
0 0.501125 0.630729 0.005750 0.010417
0 0.507125 0.613021 0.005250 0.008333
0 0.510625 0.606250 0.004250 0.011458
0 0.527000 0.598698 0.004000 0.008854
0 0.522250 0.599740 0.004000 0.005729
0 0.522750 0.605469 0.003000 0.005729
0 0.508875 0.673698 0.005250 0.009896
0 0.498375 0.691146 0.005250 0.009375
0 0.511250 0.685677 0.004500 0.009896
0 0.509375 0.694531 0.005250 0.007812
0 0.512625 0.698438 0.005250 0.007292
0 0.514375 0.714323 0.004250 0.009896
0 0.502125 0.739583 0.004750 0.011458
0 0.496125 0.751042 0.004750 0.010417
0 0.493125 0.781510 0.004750 0.017188
0 0.512875 0.778646 0.004750 0.012500
0 0.519250 0.772396 0.005000 0.012500
0 0.447000 0.641406 0.006000 0.009896
0 0.447500 0.726562 0.005500 0.011458
0 0.444500 0.777865 0.004500 0.015104
0 0.435375 0.784375 0.006250 0.009375
0 0.420375 0.807292 0.005250 0.007292
0 0.454125 0.836198 0.003750 0.013021
0 0.459125 0.831510 0.006250 0.009896
0 0.459500 0.820052 0.003500 0.015104
0 0.462750 0.806250 0.005500 0.010417
0 0.467125 0.797917 0.005250 0.007292
0 0.469250 0.813281 0.005500 0.010937
0 0.455250 0.797396 0.006000 0.015625
0 0.464000 0.771094 0.003000 0.014063
0 0.466375 0.767969 0.003750 0.014063
0 0.458125 0.751302 0.003750 0.008854
0 0.459000 0.756250 0.005500 0.009375
0 0.473875 0.839323 0.003750 0.015104
0 0.484875 0.855469 0.005250 0.014063
0 0.496125 0.852865 0.004750 0.010937
0 0.500375 0.828385 0.005250 0.015104
0 0.481500 0.913542 0.004000 0.016667
0 0.468250 0.903906 0.003500 0.016146
0 0.481375 0.958854 0.005250 0.009375
0 0.479875 0.953385 0.006750 0.010937
0 0.499500 0.893490 0.004000 0.011979
0 0.502000 0.725260 0.002500 0.008854
0 0.500375 0.723437 0.004750 0.010417
0 0.532625 0.421354 0.003250 0.012500
0 0.546750 0.427083 0.003000 0.010417
0 0.561500 0.401302 0.003500 0.010937
0 0.568875 0.549219 0.004750 0.011979
0 0.565625 0.521094 0.006250 0.009896
0 0.586500 0.532292 0.004000 0.014583
0 0.552125 0.530469 0.002250 0.013021
0 0.550125 0.530469 0.001750 0.010937
0 0.559750 0.599479 0.003500 0.011458
0 0.565125 0.606771 0.002750 0.012500
0 0.568250 0.605990 0.003500 0.014063
0 0.579125 0.607552 0.006250 0.005729
0 0.579500 0.581771 0.006000 0.007292
0 0.577625 0.597135 0.002250 0.013021
0 0.580000 0.597135 0.002500 0.013021
0 0.584250 0.615885 0.005000 0.010937
0 0.579375 0.628125 0.005750 0.008333
0 0.576750 0.622396 0.004000 0.012500
0 0.572875 0.622396 0.003750 0.013542
0 0.577500 0.648698 0.004000 0.007812
0 0.581250 0.648177 0.003500 0.013021
0 0.574500 0.643490 0.003000 0.014063
0 0.571250 0.641406 0.002500 0.015104
0 0.568750 0.641927 0.002500 0.014063
0 0.574750 0.677083 0.003500 0.014583
0 0.584875 0.671094 0.003750 0.011979
0 0.568750 0.703906 0.005000 0.008854
0 0.548500 0.716146 0.004500 0.007292
0 0.574000 0.752604 0.006500 0.008333
0 0.581125 0.747396 0.003750 0.013542
0 0.588375 0.750781 0.004250 0.013021
0 0.597125 0.737760 0.003750 0.016146
0 0.609125 0.735677 0.005750 0.008854
0 0.579750 0.725000 0.004000 0.012500
0 0.582875 0.722135 0.003750 0.014063
0 0.596375 0.714583 0.005250 0.011458
0 0.590250 0.712760 0.006000 0.009896
0 0.599500 0.688021 0.004000 0.013542
0 0.610875 0.627604 0.004750 0.011458
0 0.616125 0.621354 0.003250 0.010417
0 0.613625 0.624740 0.002250 0.010937
0 0.612375 0.619271 0.002750 0.010417
0 0.614875 0.654687 0.003750 0.013542
0 0.626250 0.663542 0.006500 0.010417
0 0.619125 0.678385 0.004250 0.014063
0 0.635750 0.691927 0.007000 0.007812
0 0.631375 0.702865 0.006750 0.015104
0 0.621000 0.718229 0.008000 0.009375
0 0.627500 0.739583 0.005500 0.014583
0 0.648250 0.755208 0.007500 0.009375
0 0.666000 0.738021 0.006500 0.016667
0 0.636000 0.729167 0.007000 0.008333
0 0.655750 0.713021 0.005000 0.010417
0 0.653625 0.707552 0.006750 0.010937
0 0.630375 0.721094 0.004250 0.010937
0 0.632125 0.719271 0.005250 0.011458
0 0.649750 0.839844 0.007000 0.015104
0 0.655875 0.828125 0.005750 0.015625
0 0.662750 0.824740 0.007500 0.011979
0 0.581375 0.862760 0.002250 0.011979
0 0.583875 0.862760 0.004250 0.014063
0 0.585625 0.875521 0.005250 0.011458
0 0.597875 0.870052 0.004750 0.014063
0 0.605750 0.873698 0.005000 0.016146
0 0.610000 0.865885 0.006000 0.014063
0 0.605875 0.847135 0.004750 0.015104
0 0.630250 0.869271 0.006500 0.010417
0 0.620750 0.879687 0.006000 0.014583
0 0.622500 0.892448 0.008000 0.010937
0 0.639250 0.929167 0.005000 0.012500
0 0.635250 0.907813 0.006000 0.012500
0 0.637500 0.896615 0.005500 0.014063
0 0.632000 0.898698 0.006500 0.009896
0 0.647125 0.890104 0.007750 0.013542
0 0.593250 0.929948 0.003000 0.010937
0 0.595125 0.927604 0.004250 0.014583
0 0.642750 0.975521 0.005000 0.016667
0 0.665875 0.914844 0.004250 0.014063
0 0.666750 0.950521 0.003500 0.014583
0 0.668500 0.949219 0.004000 0.011979
0 0.654625 0.895312 0.003250 0.012500
0 0.656625 0.894271 0.004250 0.014583
0 0.690750 0.893229 0.004500 0.015625
0 0.691375 0.914844 0.003750 0.010937
0 0.693375 0.912760 0.005250 0.013021
0 0.693250 0.783594 0.007500 0.010937
0 0.647375 0.622135 0.007250 0.010937
0 0.641125 0.671094 0.002750 0.009896
0 0.640000 0.666406 0.004000 0.010937
0 0.647000 0.586979 0.004500 0.013542
0 0.589500 0.298698 0.002000 0.008854
0 0.587125 0.297396 0.004250 0.009375
0 0.624125 0.291406 0.006750 0.007812
0 0.599625 0.358333 0.004250 0.007292
0 0.619750 0.372656 0.002500 0.007812
0 0.618375 0.370312 0.003250 0.011458
0 0.642250 0.344010 0.003500 0.009896
0 0.650750 0.331771 0.005500 0.008333
0 0.652625 0.398438 0.005750 0.009375
0 0.657625 0.407552 0.005750 0.010937
0 0.671375 0.472396 0.005250 0.011458
0 0.717500 0.447917 0.007000 0.010417
0 0.734250 0.486719 0.005500 0.008854
0 0.741750 0.526302 0.006000 0.013021
0 0.717875 0.501042 0.004250 0.009375
0 0.719250 0.496094 0.007000 0.008854
0 0.768500 0.490104 0.008000 0.009375
0 0.787750 0.546615 0.007000 0.008854
0 0.772000 0.555990 0.006000 0.010937
0 0.780875 0.591406 0.007250 0.010937
0 0.795250 0.575781 0.003000 0.007812
0 0.793500 0.572396 0.004500 0.011458
0 0.851125 0.639062 0.008250 0.009375
0 0.859000 0.612240 0.006500 0.009896
0 0.884375 0.621615 0.005750 0.007812
0 0.884500 0.615365 0.008000 0.007812
0 0.866000 0.560417 0.008000 0.011458
0 0.874125 0.546354 0.009250 0.008333
0 0.864250 0.517969 0.006500 0.014063
0 0.867125 0.494271 0.007250 0.008333
0 0.837000 0.529948 0.008500 0.010937
0 0.830875 0.516927 0.008750 0.009896
0 0.823250 0.501563 0.005500 0.014583
0 0.813625 0.510938 0.007750 0.012500
0 0.805250 0.499219 0.006000 0.014063
0 0.811625 0.476042 0.004750 0.015625
0 0.800125 0.480469 0.006250 0.013021
0 0.801875 0.471875 0.005250 0.012500
0 0.790250 0.471094 0.006000 0.014063
0 0.795125 0.467187 0.005250 0.013542
0 0.778625 0.464062 0.007250 0.010417
0 0.772250 0.467708 0.005500 0.010417
0 0.765500 0.454687 0.008000 0.009375
0 0.765000 0.442188 0.008000 0.011458
0 0.776000 0.425781 0.006500 0.010937
0 0.788750 0.429167 0.006500 0.015625
0 0.802750 0.422656 0.006000 0.011979
0 0.804500 0.419271 0.005500 0.009375
0 0.781875 0.400000 0.006250 0.008333
0 0.786500 0.396615 0.007000 0.010937
0 0.746750 0.415625 0.008000 0.010417
0 0.740375 0.390365 0.004750 0.013021
0 0.734750 0.388281 0.007000 0.009896
0 0.732625 0.433333 0.005750 0.010417
0 0.733500 0.429948 0.005000 0.008854
0 0.711125 0.365885 0.008250 0.010937
0 0.701375 0.329688 0.007250 0.008333
0 0.706125 0.392188 0.005250 0.012500
0 0.701875 0.396354 0.003750 0.011458
0 0.702375 0.384375 0.004250 0.012500
0 0.694000 0.382292 0.004500 0.012500
0 0.689875 0.379427 0.004250 0.010937
0 0.686875 0.383073 0.005750 0.008854
0 0.689000 0.388802 0.005500 0.006771
0 0.672375 0.296354 0.003250 0.008333
0 0.575625 0.251563 0.006250 0.007292
0 0.612875 0.201563 0.005250 0.009375
0 0.617250 0.180990 0.006500 0.007812
0 0.628500 0.180208 0.006500 0.009375
0 0.635500 0.166667 0.006000 0.009375
0 0.652000 0.166927 0.007000 0.008854
0 0.655125 0.147396 0.005750 0.011458
0 0.649750 0.193490 0.005500 0.007812
0 0.638250 0.237240 0.009000 0.009896
0 0.663500 0.189323 0.004500 0.013021
0 0.711875 0.231250 0.004250 0.012500
0 0.717875 0.235937 0.003750 0.010417
0 0.718000 0.224219 0.004500 0.011979
0 0.724625 0.221354 0.004750 0.013542
0 0.747250 0.241667 0.004500 0.013542
0 0.763000 0.238802 0.004500 0.013021
0 0.743500 0.227865 0.004000 0.010937
0 0.741750 0.227344 0.003000 0.009896
0 0.773875 0.228906 0.005250 0.009896
0 0.772875 0.225781 0.003750 0.007812
0 0.783875 0.221354 0.004750 0.013542
0 0.788500 0.229687 0.004000 0.012500
0 0.790500 0.237500 0.004500 0.006250
0 0.792125 0.217448 0.004750 0.008854
0 0.799375 0.226042 0.003750 0.011458
0 0.797875 0.223958 0.003250 0.009375
0 0.823250 0.210156 0.004500 0.010937
0 0.838625 0.201563 0.005750 0.011458
0 0.862000 0.200521 0.005500 0.010417
0 0.823750 0.158333 0.006500 0.011458
0 0.798250 0.169271 0.006500 0.008333
0 0.792750 0.142708 0.007000 0.008333
0 0.793750 0.189583 0.003500 0.012500
0 0.787875 0.184635 0.005750 0.005729
0 0.788000 0.180208 0.005000 0.005208
0 0.772250 0.166927 0.006000 0.008854
0 0.774000 0.176823 0.007000 0.006771
0 0.773375 0.183854 0.004250 0.009375
0 0.774500 0.188802 0.003000 0.009896
0 0.766125 0.181510 0.005250 0.006771
0 0.767000 0.173958 0.006000 0.008333
0 0.755000 0.138281 0.004000 0.010937
0 0.759875 0.192708 0.006750 0.008333
0 0.748000 0.201563 0.006000 0.008333
0 0.743750 0.184375 0.005500 0.008333
0 0.739625 0.186458 0.005750 0.007292
0 0.734875 0.190625 0.003250 0.014583
0 0.726875 0.201823 0.005750 0.008854
0 0.712750 0.199479 0.005500 0.011458
0 0.706500 0.194010 0.006000 0.008854
0 0.738000 0.155729 0.007000 0.009375
0 0.682375 0.139323 0.005750 0.007812
0 0.686750 0.142187 0.005500 0.006250
0 0.686125 0.148177 0.005750 0.007812
0 0.689625 0.158854 0.006750 0.007292
0 0.695125 0.169792 0.006750 0.007292
0 0.695500 0.180990 0.006000 0.009896
0 0.686875 0.173437 0.004250 0.012500
0 0.677875 0.165625 0.005250 0.008333
0 0.603625 0.107031 0.005750 0.007812
0 0.643250 0.102865 0.005000 0.007812
0 0.663375 0.094010 0.005250 0.010937
0 0.660750 0.122135 0.005500 0.008854
0 0.678500 0.119271 0.005000 0.009375
0 0.696250 0.098698 0.005500 0.007812
0 0.684625 0.069271 0.007750 0.013542
0 0.687750 0.100781 0.006000 0.005729
0 0.687250 0.096354 0.005000 0.004167
0 0.715125 0.114844 0.004250 0.006771
0 0.704625 0.110156 0.003750 0.008854
0 0.336000 0.700260 0.005500 0.010937
0 0.220375 0.391927 0.004750 0.013021
0 0.318625 0.268229 0.004250 0.008333
0 0.458875 0.058333 0.005250 0.011458
