0 0.337250 0.675521 0.013500 0.020833
0 0.214750 0.348958 0.007000 0.037500
0 0.493000 0.642188 0.015000 0.025000
0 0.504750 0.469531 0.013000 0.019271
0 0.484000 0.478385 0.011500 0.019271
0 0.489000 0.488802 0.010000 0.028646
0 0.544375 0.424740 0.016250 0.019271
0 0.546875 0.363281 0.014250 0.029687
0 0.449750 0.351823 0.011500 0.019271
0 0.586125 0.273698 0.014250 0.032813
0 0.588625 0.226042 0.012250 0.038542
0 0.671125 0.285677 0.014250 0.018229
0 0.672625 0.270052 0.014250 0.022396
0 0.725750 0.221615 0.013500 0.029687
0 0.567250 0.578125 0.009500 0.013542
0 0.572500 0.557292 0.010000 0.025000
0 0.567625 0.446354 0.008750 0.027083
0 0.600875 0.386198 0.009250 0.022396
