0 0.310417 0.671250 0.006250 0.005500
0 0.310677 0.667750 0.011979 0.004500
0 0.410417 0.678000 0.013542 0.004500
0 0.417187 0.667125 0.007292 0.005250
0 0.420312 0.666125 0.006250 0.004250
0 0.488802 0.674750 0.009896 0.007000
0 0.605469 0.661375 0.009896 0.005250
0 0.566927 0.630750 0.006771 0.006000
0 0.577604 0.619000 0.007292 0.003500
0 0.582812 0.616125 0.008333 0.004250
0 0.558854 0.613875 0.007292 0.005250
0 0.555208 0.629500 0.013542 0.004500
0 0.526302 0.622875 0.006771 0.006750
0 0.537240 0.623750 0.006771 0.006000
0 0.540885 0.623375 0.006771 0.004250
0 0.527865 0.611625 0.009896 0.005250
0 0.529167 0.597375 0.011458 0.004250
0 0.491406 0.612125 0.010937 0.004750
0 0.494271 0.601125 0.011458 0.005250
0 0.475781 0.598750 0.010937 0.005500
0 0.432552 0.605500 0.013021 0.005000
0 0.415365 0.612625 0.005729 0.004750
0 0.419271 0.612000 0.008333 0.006000
0 0.400260 0.588000 0.010937 0.005500
0 0.386198 0.591375 0.013021 0.004250
0 0.423177 0.587000 0.010937 0.003500
0 0.424740 0.585625 0.011979 0.003750
0 0.405208 0.556750 0.009375 0.005500
0 0.402865 0.564250 0.011979 0.006000
0 0.374479 0.562250 0.013542 0.005500
0 0.361979 0.553375 0.013542 0.004750
0 0.336458 0.576750 0.014583 0.004000
0 0.320052 0.580625 0.015104 0.004750
0 0.581250 0.578000 0.010417 0.005500
0 0.547917 0.564250 0.014583 0.004500
0 0.563021 0.560375 0.006250 0.005750
0 0.583333 0.562000 0.007292 0.004500
0 0.579427 0.563250 0.006771 0.006000
0 0.575521 0.558125 0.006250 0.005750
0 0.570833 0.560750 0.006250 0.007000
0 0.551042 0.542125 0.010417 0.004250
0 0.552083 0.537625 0.008333 0.005750
0 0.579948 0.543500 0.011979 0.005000
0 0.453906 0.542375 0.008854 0.006250
0 0.531250 0.512750 0.008333 0.005500
0 0.532031 0.508500 0.006771 0.005000
0 0.542969 0.496250 0.006771 0.004000
0 0.505729 0.507250 0.010417 0.004500
0 0.508073 0.506000 0.010937 0.005500
0 0.494531 0.487250 0.009896 0.005500
0 0.497396 0.485625 0.011458 0.004750
0 0.476042 0.474625 0.009375 0.005750
0 0.479948 0.473500 0.006771 0.004500
0 0.428125 0.465500 0.015625 0.004000
0 0.477604 0.454625 0.012500 0.005750
0 0.421875 0.451375 0.008333 0.006250
0 0.416667 0.450125 0.007292 0.006250
0 0.416406 0.424125 0.008854 0.004750
0 0.407292 0.424000 0.009375 0.006500
0 0.244271 0.324000 0.013542 0.004500
0 0.699479 0.586500 0.008333 0.006500
0 0.689323 0.566375 0.011979 0.004750
0 0.691667 0.515625 0.012500 0.004250
0 0.661198 0.522000 0.011979 0.007500
0 0.676302 0.508875 0.011979 0.005250
0 0.666406 0.508250 0.007812 0.005500
0 0.660417 0.509375 0.010417 0.004250
0 0.631510 0.504250 0.013021 0.005000
0 0.627604 0.491000 0.011458 0.003500
0 0.633333 0.488500 0.008333 0.005500
0 0.652344 0.490250 0.009896 0.004500
0 0.659375 0.490625 0.009375 0.005250
0 0.666667 0.485625 0.008333 0.005750
0 0.670052 0.485000 0.007812 0.004500
0 0.682292 0.464125 0.011458 0.004250
0 0.084896 0.377000 0.018750 0.006500
