0 0.350125 0.847656 0.005250 0.006771
0 0.353750 0.840885 0.003500 0.013021
0 0.364125 0.868229 0.004750 0.018750
0 0.379625 0.874740 0.006250 0.008854
0 0.392250 0.930208 0.005500 0.013542
0 0.390750 0.873958 0.007500 0.012500
0 0.408875 0.866406 0.007250 0.009896
0 0.409000 0.889323 0.004000 0.011979
0 0.410625 0.885677 0.006250 0.010937
0 0.424125 0.861198 0.003750 0.015104
0 0.424500 0.848698 0.005500 0.011979
0 0.429375 0.860677 0.004250 0.016146
0 0.437500 0.859896 0.006500 0.011458
0 0.432125 0.875781 0.005750 0.010937
0 0.426625 0.905990 0.007250 0.008854
0 0.426000 0.897656 0.006500 0.007812
0 0.459625 0.888542 0.007250 0.008333
0 0.458000 0.928385 0.003500 0.015104
0 0.462000 0.930990 0.005000 0.008854
0 0.469875 0.885417 0.006250 0.007292
0 0.469625 0.892188 0.007250 0.006250
0 0.440875 0.892969 0.006250 0.015104
0 0.448000 0.883854 0.007000 0.013542
0 0.490875 0.814063 0.004750 0.014583
0 0.484875 0.815104 0.007750 0.011458
0 0.481500 0.765625 0.004500 0.015625
0 0.471250 0.773438 0.005000 0.015625
0 0.492375 0.763281 0.005750 0.013021
0 0.488375 0.749219 0.005750 0.013021
0 0.454250 0.749219 0.008000 0.010937
0 0.462250 0.738802 0.008000 0.009896
0 0.459125 0.726302 0.002750 0.017188
0 0.463875 0.725781 0.006750 0.010937
0 0.482250 0.710156 0.006500 0.011979
0 0.439000 0.723177 0.008000 0.010937
0 0.438000 0.743229 0.007500 0.007292
0 0.437875 0.750000 0.006250 0.006250
0 0.448125 0.734896 0.004250 0.011458
0 0.450000 0.732552 0.005500 0.014063
0 0.454750 0.677344 0.004500 0.017188
0 0.452500 0.694271 0.004500 0.018750
0 0.449125 0.694271 0.002250 0.014583
0 0.391250 0.693490 0.003500 0.015104
0 0.383250 0.675521 0.005500 0.017708
0 0.382375 0.638021 0.006250 0.010417
0 0.397375 0.619792 0.007750 0.010417
0 0.421500 0.609896 0.006000 0.013542
0 0.436375 0.636198 0.005750 0.016146
0 0.431875 0.663281 0.007250 0.010937
0 0.430500 0.652083 0.006000 0.010417
0 0.427000 0.648958 0.004500 0.010417
0 0.417500 0.670573 0.009500 0.015104
0 0.396250 0.600000 0.003000 0.015625
0 0.399500 0.605469 0.003000 0.014063
0 0.402250 0.604948 0.003500 0.014063
0 0.402875 0.585417 0.006250 0.012500
0 0.384125 0.623177 0.003250 0.013021
0 0.381000 0.621875 0.003500 0.017708
0 0.382750 0.568490 0.003500 0.015104
0 0.379750 0.580990 0.002500 0.014063
0 0.382250 0.581510 0.003500 0.016146
0 0.395125 0.588021 0.006750 0.011458
0 0.392375 0.597135 0.005750 0.008854
0 0.408875 0.567187 0.008250 0.009375
0 0.401625 0.567448 0.005750 0.015104
0 0.397625 0.579948 0.003750 0.011979
0 0.400500 0.535937 0.005500 0.017708
0 0.393500 0.552344 0.005500 0.009896
0 0.393750 0.541667 0.005000 0.014583
0 0.387750 0.551042 0.004500 0.015625
0 0.385750 0.549740 0.004000 0.013021
0 0.387750 0.535417 0.005000 0.009375
0 0.389125 0.531510 0.005250 0.009896
0 0.395500 0.517448 0.003000 0.016146
0 0.393000 0.519010 0.002000 0.016146
0 0.389375 0.502083 0.005250 0.015625
0 0.380625 0.497135 0.006250 0.009896
0 0.418500 0.510677 0.006000 0.007812
0 0.417625 0.501302 0.007250 0.010937
0 0.407000 0.500781 0.006500 0.015104
0 0.386875 0.440365 0.006250 0.016146
0 0.397875 0.436719 0.005750 0.011979
0 0.398125 0.428906 0.005250 0.009896
0 0.399500 0.413802 0.004000 0.009896
0 0.369500 0.446354 0.004000 0.016667
0 0.368625 0.431250 0.004750 0.015625
0 0.354750 0.436719 0.004000 0.015104
0 0.352500 0.434896 0.003500 0.013542
0 0.436375 0.574479 0.005250 0.007292
0 0.436125 0.568229 0.004750 0.007292
0 0.449500 0.585938 0.006000 0.012500
0 0.446875 0.615625 0.005750 0.014583
0 0.445875 0.601823 0.004750 0.014063
0 0.452500 0.603906 0.008000 0.011979
0 0.551125 0.716927 0.003250 0.007812
0 0.549500 0.713281 0.004500 0.013021
0 0.545125 0.707292 0.005750 0.009375
0 0.520125 0.633854 0.002250 0.013542
0 0.517500 0.633854 0.003000 0.016667
0 0.535000 0.595833 0.004500 0.014583
0 0.552625 0.604688 0.007250 0.013542
0 0.559750 0.651302 0.003500 0.015104
0 0.557500 0.650260 0.003000 0.014063
0 0.571000 0.619531 0.005000 0.017188
0 0.552375 0.589583 0.005750 0.016667
0 0.537375 0.586719 0.003750 0.010937
0 0.539750 0.584896 0.004000 0.014583
0 0.561875 0.550781 0.007750 0.010937
0 0.553625 0.533073 0.007750 0.007812
0 0.551125 0.524740 0.004750 0.011979
0 0.552250 0.512760 0.005000 0.015104
0 0.535250 0.484635 0.004000 0.015104
0 0.532750 0.483333 0.003000 0.012500
0 0.513750 0.458073 0.005000 0.018229
0 0.529000 0.429167 0.004000 0.014583
0 0.514750 0.409375 0.004000 0.017708
0 0.532375 0.396094 0.007750 0.013021
0 0.530125 0.382292 0.006250 0.015625
0 0.525000 0.375260 0.007500 0.011979
0 0.514750 0.381510 0.002500 0.015104
0 0.517500 0.381771 0.003500 0.017708
0 0.512375 0.355990 0.003750 0.017188
0 0.520125 0.346875 0.004250 0.016667
0 0.518750 0.322396 0.008500 0.011458
0 0.538875 0.294792 0.008250 0.011458
0 0.565375 0.314844 0.006250 0.016146
0 0.555125 0.322135 0.007250 0.015104
0 0.560750 0.337240 0.007500 0.008854
0 0.560500 0.328646 0.006500 0.009375
0 0.575250 0.358073 0.006000 0.017188
0 0.582125 0.351042 0.006750 0.014583
0 0.554000 0.376042 0.009500 0.008333
0 0.554250 0.387760 0.003500 0.015104
0 0.558625 0.400260 0.007250 0.011979
0 0.546750 0.417969 0.009000 0.011979
0 0.566500 0.416146 0.007500 0.012500
0 0.551250 0.452083 0.004500 0.015625
0 0.548625 0.451302 0.003250 0.011979
0 0.555375 0.301042 0.007750 0.015625
0 0.556875 0.226562 0.006250 0.017708
0 0.565625 0.220312 0.006250 0.014583
0 0.570875 0.224219 0.007250 0.018229
0 0.597375 0.170052 0.008750 0.013021
0 0.598125 0.385156 0.005250 0.011979
0 0.598750 0.394271 0.007000 0.007292
0 0.616000 0.407812 0.006000 0.008333
0 0.613375 0.416146 0.006750 0.008333
0 0.619625 0.435156 0.003750 0.013021
0 0.616750 0.436198 0.003500 0.015104
0 0.611500 0.467187 0.005000 0.016667
0 0.595000 0.443750 0.004500 0.012500
0 0.597125 0.436198 0.005250 0.005729
0 0.597625 0.440365 0.004250 0.005729
0 0.584250 0.460677 0.003500 0.014063
0 0.589750 0.462760 0.005500 0.008854
0 0.590875 0.470312 0.006250 0.011458
0 0.603500 0.468229 0.006500 0.014583
0 0.607625 0.478906 0.004750 0.017188
0 0.607750 0.499740 0.004500 0.016146
0 0.598625 0.493229 0.004250 0.017708
0 0.595875 0.508594 0.005750 0.013021
0 0.591625 0.486719 0.005250 0.015104
0 0.585250 0.485156 0.004500 0.015104
0 0.579625 0.494531 0.005750 0.015104
0 0.585000 0.524219 0.003500 0.017188
0 0.588625 0.525000 0.002250 0.015625
0 0.591000 0.526042 0.002500 0.014583
0 0.578125 0.522396 0.003750 0.013542
0 0.578875 0.530990 0.002750 0.006771
0 0.581375 0.534115 0.003250 0.016146
0 0.583375 0.545833 0.004250 0.013542
0 0.584125 0.561719 0.004750 0.015104
0 0.589750 0.555469 0.004500 0.016146
0 0.596625 0.533854 0.005750 0.014583
0 0.576250 0.590365 0.005000 0.017188
0 0.603250 0.553125 0.004500 0.010417
0 0.609375 0.564583 0.003750 0.011458
0 0.610250 0.573438 0.003000 0.007292
0 0.610875 0.584375 0.004250 0.011458
0 0.605375 0.587240 0.004750 0.011979
0 0.598250 0.637760 0.004500 0.013021
0 0.601500 0.648698 0.004500 0.011979
0 0.579375 0.751563 0.006750 0.009375
0 0.586875 0.751823 0.005250 0.011979
0 0.592250 0.789844 0.005500 0.015104
0 0.562125 0.564323 0.007250 0.015104
