0 0.354625 0.406771 0.009750 0.013542
0 0.398250 0.444010 0.008500 0.021354
0 0.398125 0.443750 0.007750 0.016667
0 0.425000 0.443490 0.006000 0.021354
0 0.407875 0.407552 0.005750 0.016146
0 0.417500 0.391667 0.006500 0.016667
0 0.428750 0.347917 0.006000 0.015625
0 0.444375 0.369010 0.005250 0.014063
0 0.437625 0.358073 0.003250 0.011979
0 0.434375 0.362500 0.004250 0.009375
0 0.439000 0.364583 0.006500 0.013542
0 0.438125 0.366406 0.006750 0.016146
0 0.443625 0.323177 0.006250 0.017188
0 0.437125 0.287240 0.007750 0.015104
0 0.428000 0.285938 0.007500 0.010417
0 0.439000 0.276562 0.005500 0.011458
0 0.441750 0.264323 0.006000 0.010937
0 0.426000 0.270052 0.009500 0.013021
0 0.458250 0.243229 0.005000 0.010417
0 0.457750 0.239583 0.005000 0.009375
0 0.457125 0.210417 0.005250 0.014583
0 0.459750 0.208594 0.005000 0.013021
0 0.427750 0.162500 0.007000 0.015625
0 0.439625 0.129688 0.007750 0.016667
0 0.464875 0.532031 0.004750 0.010937
0 0.491250 0.453906 0.006500 0.014063
0 0.498625 0.442188 0.006250 0.011458
0 0.509625 0.407292 0.007750 0.016667
0 0.509750 0.409115 0.006000 0.018229
0 0.517000 0.323958 0.004500 0.015625
0 0.531750 0.350260 0.008500 0.015104
0 0.531750 0.347917 0.007000 0.015625
0 0.565125 0.286979 0.006250 0.010417
0 0.571625 0.269010 0.007750 0.013021
0 0.561875 0.268229 0.008750 0.017708
0 0.561750 0.268229 0.005500 0.015625
0 0.603250 0.160417 0.006500 0.012500
0 0.605250 0.178125 0.005000 0.011458
0 0.604000 0.174740 0.005500 0.010937
0 0.639375 0.112240 0.006250 0.011979
0 0.620625 0.123177 0.005750 0.010937
0 0.619125 0.119792 0.003750 0.009375
0 0.618000 0.100000 0.007000 0.014583
0 0.614000 0.083333 0.007000 0.010417
0 0.635000 0.057552 0.008000 0.009896
0 0.630250 0.024219 0.006000 0.015104
0 0.650750 0.015365 0.007500 0.008854
0 0.636375 0.006510 0.007250 0.011979
0 0.685250 0.035417 0.006500 0.009375
0 0.537750 0.549479 0.007000 0.009375
0 0.543125 0.540625 0.006250 0.015625
0 0.566250 0.506510 0.009500 0.017188
0 0.565375 0.508073 0.008750 0.014063
0 0.564375 0.505990 0.004750 0.015104
0 0.590750 0.518750 0.006500 0.009375
0 0.593000 0.509375 0.005500 0.007292
0 0.588500 0.509896 0.004500 0.015625
0 0.634375 0.420312 0.007250 0.011458
0 0.618375 0.410156 0.006250 0.017188
0 0.643250 0.398698 0.004000 0.010937
0 0.647875 0.399740 0.003750 0.016146
0 0.650000 0.378906 0.007500 0.014063
0 0.683125 0.339583 0.007750 0.013542
0 0.680625 0.305990 0.007250 0.022396
0 0.681375 0.304688 0.003250 0.013542
0 0.688750 0.223698 0.007500 0.009896
0 0.743875 0.219531 0.008250 0.011979
0 0.511500 0.680208 0.008000 0.010417
0 0.518500 0.675521 0.005000 0.011458
0 0.522500 0.672396 0.006500 0.009375
0 0.541500 0.644531 0.003500 0.008854
0 0.544750 0.642448 0.004000 0.011979
0 0.583000 0.623177 0.005500 0.010937
0 0.578875 0.621875 0.006250 0.011458
0 0.592750 0.614323 0.007000 0.013021
0 0.597625 0.604167 0.005750 0.012500
0 0.596250 0.557813 0.007000 0.009375
0 0.615250 0.596615 0.006000 0.013021
0 0.616375 0.584896 0.005250 0.013542
0 0.618750 0.565104 0.005500 0.015625
0 0.644000 0.524479 0.007000 0.010417
0 0.675375 0.552083 0.005250 0.016667
0 0.668625 0.549740 0.005750 0.014063
0 0.669000 0.538281 0.006000 0.011979
0 0.677125 0.532813 0.004750 0.012500
0 0.672000 0.529427 0.008000 0.007812
0 0.671875 0.522917 0.007250 0.007292
0 0.703375 0.498177 0.003750 0.014063
0 0.701000 0.526563 0.006000 0.013542
0 0.701500 0.518750 0.008000 0.010417
0 0.709500 0.523698 0.005000 0.010937
0 0.707625 0.521354 0.005750 0.013542
0 0.724000 0.525521 0.005000 0.012500
0 0.734875 0.521094 0.007250 0.009896
0 0.700875 0.614062 0.005250 0.008333
0 0.698250 0.612500 0.006000 0.016667
0 0.691875 0.587500 0.004750 0.015625
0 0.688125 0.586719 0.003750 0.013021
0 0.669125 0.597656 0.007250 0.016146
0 0.650625 0.658854 0.006250 0.010417
0 0.645500 0.653646 0.006000 0.014583
0 0.613625 0.655469 0.007250 0.008854
0 0.614750 0.664323 0.005500 0.010937
0 0.612875 0.629167 0.007250 0.020833
0 0.623250 0.617448 0.005000 0.010937
0 0.621625 0.614583 0.006250 0.018750
0 0.592750 0.664583 0.008000 0.012500
0 0.487500 0.994271 0.006500 0.010417
0 0.535375 0.964583 0.006250 0.012500
