0 0.158250 0.963542 0.007000 0.010417
0 0.221000 0.878646 0.006500 0.011458
0 0.236125 0.865625 0.005750 0.012500
0 0.276000 0.886979 0.005000 0.012500
0 0.265000 0.898698 0.004500 0.013021
0 0.272000 0.907813 0.006000 0.015625
0 0.264750 0.916927 0.004500 0.014063
0 0.261000 0.919271 0.004500 0.013542
0 0.283750 0.941667 0.005500 0.011458
0 0.293750 0.971875 0.007500 0.012500
0 0.290375 0.941927 0.004250 0.017188
0 0.294625 0.938281 0.003750 0.011979
0 0.317625 0.904427 0.007750 0.014063
0 0.305875 0.891667 0.008250 0.011458
0 0.300750 0.837500 0.008500 0.012500
0 0.302625 0.849740 0.005750 0.016146
0 0.308000 0.812500 0.009000 0.010417
0 0.318000 0.846094 0.008000 0.016146
0 0.354750 0.890365 0.006500 0.007812
0 0.355500 0.897656 0.006500 0.008854
0 0.349625 0.769271 0.005250 0.011458
0 0.348125 0.785156 0.005750 0.014063
0 0.340125 0.792969 0.006250 0.014063
0 0.339000 0.805208 0.004500 0.013542
0 0.344000 0.812240 0.005000 0.016146
0 0.376750 0.752083 0.006500 0.012500
0 0.385375 0.746875 0.006250 0.013542
0 0.385500 0.790885 0.004000 0.008854
0 0.415625 0.777604 0.003750 0.007292
0 0.421500 0.788021 0.003500 0.009375
0 0.424875 0.782552 0.003250 0.011979
0 0.400000 0.714844 0.004500 0.006771
0 0.435250 0.697135 0.004500 0.008854
0 0.422625 0.610417 0.005250 0.007292
0 0.320875 0.624479 0.004250 0.006250
0 0.292000 0.529948 0.005500 0.009896
0 0.265125 0.551302 0.005250 0.006771
0 0.259250 0.551302 0.002500 0.009896
0 0.246000 0.542448 0.007000 0.005729
0 0.265875 0.497656 0.004750 0.010937
0 0.278875 0.558854 0.006250 0.012500
0 0.213125 0.543229 0.005750 0.006250
0 0.196375 0.534635 0.005250 0.007812
0 0.189375 0.510417 0.005750 0.006250
0 0.184750 0.507812 0.003500 0.009375
0 0.187250 0.475521 0.006000 0.009375
0 0.252125 0.468750 0.005750 0.007292
0 0.157000 0.473438 0.007000 0.007292
0 0.155125 0.494271 0.006750 0.010417
0 0.113750 0.514583 0.004500 0.011458
0 0.108750 0.476562 0.006500 0.009375
0 0.081875 0.533854 0.005250 0.006250
0 0.082250 0.540365 0.005500 0.006771
0 0.057375 0.480208 0.003250 0.013542
0 0.070000 0.453646 0.003500 0.011458
0 0.084625 0.422917 0.003250 0.012500
0 0.118250 0.406771 0.006000 0.010417
0 0.127250 0.405729 0.005000 0.009375
0 0.022875 0.469010 0.003750 0.011979
0 0.009125 0.463281 0.004750 0.006771
0 0.028625 0.428646 0.005750 0.007292
0 0.029625 0.383073 0.006750 0.013021
0 0.017375 0.312240 0.005250 0.009896
0 0.018125 0.304167 0.005750 0.006250
0 0.038875 0.285156 0.005750 0.010937
0 0.390125 0.287760 0.003750 0.007812
0 0.388875 0.280469 0.002750 0.006771
0 0.412000 0.274479 0.002500 0.007292
0 0.414125 0.269792 0.002750 0.008333
0 0.409250 0.203646 0.003500 0.008333
0 0.410125 0.192448 0.003250 0.008854
0 0.407625 0.180990 0.004250 0.010937
0 0.398250 0.194531 0.004000 0.006771
0 0.389125 0.203125 0.003750 0.006250
0 0.385750 0.203906 0.002500 0.007812
0 0.383625 0.197396 0.003750 0.007292
0 0.373625 0.121875 0.004750 0.008333
0 0.384125 0.126302 0.002750 0.007812
0 0.391625 0.129948 0.005250 0.006771
0 0.399750 0.099740 0.004500 0.010937
0 0.377250 0.079948 0.004000 0.008854
0 0.351500 0.093750 0.003500 0.009375
0 0.415375 0.107292 0.002750 0.007292
0 0.412125 0.108854 0.004250 0.007292
0 0.434500 0.119531 0.002500 0.009896
0 0.366375 0.054688 0.003250 0.008333
0 0.361250 0.042448 0.002500 0.009896
0 0.358875 0.051302 0.002750 0.008854
0 0.357000 0.056510 0.002000 0.007812
0 0.360000 0.009635 0.003500 0.009896
0 0.371875 0.015885 0.003250 0.010937
0 0.371375 0.005208 0.003750 0.006250
0 0.409125 0.320312 0.003250 0.007292
0 0.413625 0.425521 0.005750 0.007292
0 0.414375 0.375260 0.003750 0.015104
0 0.415250 0.346354 0.002500 0.006250
0 0.499750 0.562760 0.005000 0.009896
0 0.473125 0.289844 0.003250 0.008854
0 0.497875 0.309635 0.003250 0.005729
0 0.487000 0.203646 0.004000 0.009375
0 0.497000 0.203646 0.005500 0.008333
0 0.516125 0.209375 0.004250 0.010417
0 0.522500 0.204948 0.003500 0.006771
0 0.519750 0.195573 0.003000 0.011979
0 0.519125 0.186458 0.004250 0.006250
0 0.474500 0.171094 0.002500 0.005729
0 0.503000 0.163542 0.005000 0.008333
0 0.508000 0.144531 0.004500 0.008854
0 0.505375 0.152344 0.003250 0.008854
0 0.507000 0.157031 0.005000 0.006771
0 0.514375 0.131771 0.004750 0.007292
0 0.496750 0.114583 0.004000 0.009375
0 0.525750 0.127604 0.004000 0.006250
0 0.530125 0.114323 0.004250 0.008854
0 0.535000 0.095052 0.003000 0.010937
0 0.531500 0.086458 0.003500 0.011458
0 0.559625 0.122656 0.003250 0.010937
0 0.568875 0.119531 0.003250 0.010937
0 0.500125 0.080729 0.004250 0.008333
0 0.501875 0.068490 0.003750 0.006771
0 0.506750 0.059635 0.003500 0.009896
0 0.512000 0.036719 0.004000 0.008854
0 0.523625 0.034375 0.004750 0.006250
0 0.530250 0.039323 0.004500 0.008854
0 0.518000 0.049479 0.003000 0.009375
0 0.516500 0.041927 0.002500 0.006771
0 0.496875 0.004687 0.003750 0.007292
0 0.511750 0.005469 0.004500 0.009896
0 0.520875 0.024479 0.003250 0.009375
0 0.525000 0.022656 0.003000 0.004687
0 0.525250 0.016667 0.003500 0.007292
0 0.540500 0.056250 0.003000 0.009375
0 0.552000 0.043750 0.003500 0.006250
0 0.548750 0.033854 0.003000 0.007292
0 0.543500 0.042448 0.003500 0.010937
0 0.546500 0.043750 0.003500 0.006250
0 0.586500 0.009635 0.005000 0.006771
0 0.575000 0.028906 0.005000 0.006771
0 0.600125 0.011198 0.003250 0.011979
0 0.604750 0.028906 0.005000 0.007812
0 0.608875 0.038021 0.002750 0.009375
0 0.606625 0.038281 0.002750 0.007812
0 0.607625 0.048958 0.005250 0.010417
0 0.577375 0.093750 0.004750 0.006250
0 0.578250 0.101042 0.004000 0.008333
0 0.587000 0.136198 0.003000 0.010937
0 0.599500 0.147917 0.005500 0.007292
0 0.599875 0.155729 0.004750 0.008333
0 0.587625 0.178906 0.003250 0.010937
0 0.584125 0.180469 0.003250 0.010937
0 0.585000 0.167969 0.005500 0.008854
0 0.572375 0.186458 0.004750 0.006250
0 0.572875 0.208594 0.004250 0.009896
0 0.583750 0.207812 0.002500 0.011458
0 0.589500 0.197656 0.006000 0.005729
0 0.611125 0.178125 0.002750 0.009375
0 0.621875 0.143490 0.004250 0.006771
0 0.587250 0.253646 0.004500 0.009375
0 0.563375 0.263281 0.004250 0.010937
0 0.566500 0.248698 0.003000 0.009896
0 0.562750 0.251302 0.004500 0.007812
0 0.545375 0.357812 0.005250 0.007292
0 0.576750 0.307292 0.005000 0.011458
0 0.635500 0.379948 0.005500 0.007812
0 0.624625 0.353385 0.003250 0.011979
0 0.635125 0.346354 0.004250 0.011458
0 0.652125 0.349740 0.004750 0.010937
0 0.648875 0.361719 0.006250 0.010937
0 0.627000 0.390365 0.004000 0.008854
0 0.626625 0.401042 0.005750 0.006250
0 0.657625 0.314844 0.005750 0.009896
0 0.666500 0.303125 0.006000 0.006250
0 0.661375 0.259896 0.003750 0.011458
0 0.672750 0.288281 0.002500 0.013021
0 0.675875 0.289844 0.003250 0.009896
0 0.683375 0.338021 0.003250 0.008333
0 0.670875 0.340885 0.005250 0.007812
0 0.684500 0.291146 0.004500 0.010417
0 0.696250 0.266667 0.006000 0.010417
0 0.701250 0.257031 0.005000 0.010937
0 0.681875 0.255469 0.004250 0.009896
0 0.689375 0.248177 0.006750 0.009896
0 0.721125 0.229687 0.004750 0.010417
0 0.700000 0.191406 0.004000 0.010937
0 0.715250 0.181510 0.004500 0.009896
0 0.708250 0.200000 0.005500 0.006250
0 0.709750 0.207552 0.006500 0.009896
0 0.733250 0.170313 0.005500 0.013542
0 0.734250 0.149479 0.006000 0.006250
0 0.739875 0.138802 0.005250 0.011979
0 0.764500 0.105469 0.005500 0.010937
0 0.771375 0.147656 0.005250 0.010937
0 0.757625 0.074219 0.004250 0.011979
0 0.752375 0.064323 0.005750 0.008854
0 0.748625 0.057552 0.004750 0.008854
0 0.745375 0.054427 0.003750 0.009896
0 0.747750 0.030208 0.004000 0.008333
0 0.799125 0.075781 0.004750 0.006771
0 0.838375 0.044531 0.004750 0.007812
0 0.804250 0.116927 0.004500 0.009896
0 0.850000 0.101823 0.004500 0.011979
0 0.872500 0.123437 0.003000 0.006250
0 0.989375 0.596875 0.007250 0.010417
0 0.943125 0.525781 0.005250 0.007812
0 0.916125 0.518750 0.005250 0.008333
0 0.897625 0.535417 0.005750 0.007292
0 0.909000 0.540885 0.005000 0.005729
0 0.904000 0.550781 0.002000 0.005729
0 0.874750 0.550781 0.005000 0.007812
0 0.919000 0.651042 0.007000 0.011458
0 0.878875 0.627604 0.007250 0.007292
0 0.865375 0.629948 0.006750 0.007812
0 0.861750 0.644010 0.005500 0.006771
0 0.851500 0.627604 0.006500 0.011458
0 0.829250 0.528125 0.006000 0.006250
0 0.824500 0.571354 0.005000 0.007292
0 0.809125 0.546875 0.005750 0.007292
0 0.801375 0.560417 0.006250 0.006250
0 0.789000 0.616927 0.006000 0.006771
0 0.780625 0.577865 0.005750 0.006771
0 0.774375 0.582031 0.005250 0.004687
0 0.765500 0.582812 0.005000 0.006250
0 0.746500 0.611979 0.005500 0.007292
0 0.758250 0.660677 0.006000 0.005729
0 0.782875 0.667708 0.005250 0.009375
0 0.855500 0.710677 0.006000 0.007812
0 0.785000 0.761719 0.004000 0.010937
0 0.779500 0.737240 0.006000 0.005729
0 0.778125 0.730990 0.005750 0.007812
0 0.707250 0.750521 0.005000 0.006250
0 0.713125 0.739062 0.005750 0.006250
0 0.724875 0.692969 0.005750 0.009896
0 0.694625 0.684375 0.006250 0.008333
0 0.707625 0.632031 0.005750 0.006771
0 0.680875 0.629687 0.005250 0.009375
0 0.692250 0.645573 0.005000 0.006771
0 0.693875 0.652344 0.005250 0.006771
0 0.657625 0.685156 0.004750 0.008854
0 0.651375 0.664323 0.006250 0.009896
0 0.657000 0.611458 0.005500 0.010417
0 0.622625 0.669531 0.003250 0.011979
0 0.617000 0.673698 0.005000 0.008854
0 0.604125 0.684635 0.004750 0.007812
0 0.603500 0.700260 0.004500 0.008854
0 0.610625 0.707812 0.005750 0.012500
0 0.592875 0.673177 0.005750 0.009896
0 0.594875 0.663021 0.006250 0.007292
0 0.585625 0.622135 0.004250 0.010937
0 0.585125 0.602344 0.003250 0.009896
0 0.582375 0.605990 0.005750 0.005729
0 0.559500 0.650000 0.004000 0.012500
0 0.563000 0.654687 0.003500 0.014583
0 0.688625 0.589063 0.005750 0.007292
0 0.700625 0.577604 0.004750 0.007292
0 0.717375 0.582552 0.005750 0.008854
0 0.734750 0.585417 0.006000 0.009375
0 0.734875 0.605729 0.004750 0.009375
0 0.103750 0.329688 0.007000 0.014583
