0 0.231875 0.818490 0.008250 0.013021
0 0.291875 0.786719 0.005750 0.017188
0 0.311750 0.829427 0.010000 0.019271
0 0.312375 0.813021 0.005750 0.017708
0 0.336500 0.843750 0.007500 0.016667
0 0.348625 0.813542 0.006250 0.020833
0 0.359750 0.804427 0.011500 0.023438
0 0.377000 0.799740 0.007000 0.022396
0 0.364000 0.785156 0.010000 0.015104
0 0.367625 0.777604 0.011250 0.023958
0 0.408250 0.758073 0.008500 0.011979
0 0.426250 0.650521 0.005500 0.018750
0 0.438750 0.616927 0.009500 0.023438
0 0.440500 0.616667 0.007500 0.020833
0 0.352625 0.607292 0.006750 0.016667
0 0.357625 0.593229 0.010250 0.020833
0 0.341250 0.586458 0.011500 0.016667
0 0.328125 0.610417 0.005750 0.015625
0 0.371000 0.503646 0.010000 0.020833
0 0.373875 0.510677 0.009250 0.019271
0 0.393750 0.483594 0.008000 0.016146
0 0.408125 0.461719 0.010750 0.016146
0 0.346125 0.415365 0.008750 0.013021
0 0.347125 0.371875 0.010750 0.023958
0 0.313875 0.303385 0.010750 0.022396
0 0.263500 0.152344 0.006500 0.019271
0 0.266500 0.062760 0.010500 0.017188
0 0.318000 0.182292 0.007500 0.020833
0 0.334375 0.188281 0.011750 0.015104
0 0.514750 0.031771 0.011000 0.020833
0 0.497125 0.114844 0.009250 0.022396
0 0.485125 0.119531 0.008250 0.016146
0 0.487250 0.132031 0.006500 0.018229
0 0.497375 0.206250 0.009250 0.023958
0 0.506250 0.207031 0.010000 0.016146
0 0.503500 0.226823 0.006500 0.015104
0 0.501500 0.247135 0.007500 0.019271
0 0.472375 0.304427 0.007750 0.017188
0 0.520750 0.302344 0.012000 0.022396
0 0.451375 0.373698 0.007750 0.017188
0 0.458500 0.399740 0.006500 0.020313
0 0.474500 0.434635 0.008000 0.016146
0 0.473750 0.419271 0.005000 0.017708
0 0.481375 0.410156 0.005750 0.020313
0 0.481250 0.473438 0.006000 0.018750
0 0.494375 0.444271 0.006250 0.009375
0 0.503875 0.416146 0.007250 0.017708
0 0.502625 0.412500 0.008250 0.022917
0 0.495375 0.456250 0.007250 0.017708
0 0.488750 0.469531 0.005000 0.018229
0 0.489500 0.477865 0.005000 0.016146
0 0.494750 0.477344 0.007000 0.018229
0 0.500750 0.504948 0.008000 0.013021
0 0.490750 0.500000 0.011000 0.019792
0 0.502000 0.482292 0.007000 0.025000
0 0.495125 0.569792 0.006250 0.017708
0 0.487875 0.587240 0.007750 0.021354
0 0.493250 0.607031 0.007000 0.025521
0 0.497625 0.591406 0.007250 0.015104
0 0.503250 0.669792 0.008500 0.016667
0 0.528750 0.710417 0.009000 0.013542
0 0.543000 0.605469 0.009000 0.019271
0 0.552750 0.563542 0.008500 0.023958
0 0.557250 0.491927 0.006500 0.024479
0 0.564250 0.557552 0.008000 0.024479
0 0.567625 0.556250 0.007250 0.017708
0 0.571625 0.552604 0.007750 0.025000
0 0.605125 0.490885 0.007750 0.022396
0 0.608375 0.482292 0.007250 0.021875
0 0.618250 0.483073 0.007000 0.017188
0 0.590000 0.406250 0.009500 0.019792
0 0.601375 0.413802 0.005750 0.013021
0 0.614250 0.408594 0.005000 0.020313
0 0.579000 0.365625 0.008500 0.012500
0 0.590750 0.350521 0.008000 0.017708
0 0.591875 0.350521 0.008250 0.020833
0 0.623625 0.341146 0.006750 0.016667
0 0.585000 0.314063 0.010500 0.018750
0 0.642625 0.288281 0.011750 0.015104
0 0.648250 0.313542 0.008500 0.014583
0 0.622250 0.396615 0.007500 0.008854
0 0.629500 0.387240 0.003500 0.013021
0 0.639750 0.388542 0.007000 0.021875
0 0.636250 0.414844 0.008500 0.015104
0 0.633000 0.427865 0.006500 0.021354
0 0.627500 0.434115 0.007000 0.017188
0 0.640000 0.460156 0.006500 0.013021
0 0.644375 0.445573 0.006250 0.015104
0 0.650875 0.455729 0.006250 0.018750
0 0.643500 0.516667 0.008500 0.013542
0 0.626250 0.539323 0.007000 0.015104
0 0.629375 0.540365 0.006250 0.019271
0 0.619375 0.557813 0.008250 0.014583
0 0.608625 0.581250 0.005250 0.012500
0 0.613750 0.588542 0.009500 0.014583
0 0.609125 0.597135 0.008750 0.010937
0 0.603250 0.600781 0.006000 0.011979
0 0.606500 0.608854 0.007500 0.013542
0 0.611750 0.612760 0.007000 0.015104
0 0.623375 0.588281 0.011250 0.013021
0 0.623750 0.597396 0.008000 0.014583
0 0.635625 0.629427 0.010750 0.016146
0 0.651500 0.628646 0.009000 0.017708
0 0.659250 0.631510 0.005000 0.019271
0 0.610125 0.632292 0.008250 0.017708
0 0.600000 0.641406 0.009500 0.019271
0 0.600000 0.663281 0.009500 0.017188
0 0.590250 0.637760 0.008000 0.017188
0 0.598250 0.634635 0.006000 0.018229
0 0.579750 0.642969 0.008500 0.016146
0 0.584250 0.646094 0.008000 0.019271
0 0.548750 0.744010 0.009500 0.025521
0 0.559500 0.684896 0.008000 0.013542
0 0.541125 0.756510 0.011250 0.019271
0 0.550250 0.806250 0.008000 0.014583
0 0.578750 0.788021 0.006500 0.017708
0 0.586000 0.782813 0.008500 0.016667
0 0.594250 0.806771 0.006500 0.018750
0 0.638000 0.814063 0.008000 0.013542
0 0.624875 0.846094 0.005750 0.018229
0 0.601875 0.848177 0.006750 0.016146
0 0.651500 0.857031 0.008000 0.019271
0 0.718625 0.903646 0.007750 0.021875
0 0.710250 0.947917 0.006500 0.019792
0 0.701000 0.966927 0.013500 0.026562
0 0.761000 0.990885 0.011500 0.015104
0 0.722875 0.995833 0.007250 0.007292
