0 0.619375 0.753906 0.004250 0.014063
0 0.462250 0.825521 0.006000 0.011458
0 0.478375 0.886198 0.004250 0.011979
0 0.490500 0.707552 0.005500 0.008854
0 0.511500 0.726562 0.005000 0.010417
0 0.553625 0.671354 0.005750 0.009375
0 0.532500 0.715625 0.004000 0.010417
0 0.559500 0.706510 0.006000 0.005729
0 0.559250 0.712240 0.006000 0.006771
0 0.595000 0.601302 0.005000 0.011979
0 0.597250 0.644271 0.006000 0.011458
0 0.570625 0.664323 0.004750 0.009896
0 0.569750 0.659115 0.004500 0.008854
0 0.556750 0.530208 0.006000 0.011458
0 0.523375 0.524479 0.005750 0.010417
0 0.488375 0.559896 0.007250 0.010417
0 0.468000 0.615885 0.006500 0.009896
0 0.512125 0.559375 0.005750 0.013542
0 0.395750 0.628646 0.007000 0.010417
0 0.356625 0.491146 0.005250 0.010417
0 0.364250 0.487760 0.005500 0.007812
0 0.429875 0.532813 0.006250 0.008333
0 0.433500 0.529167 0.006500 0.010417
0 0.257625 0.507292 0.007250 0.011458
0 0.570375 0.417708 0.007250 0.008333
0 0.584875 0.415885 0.004250 0.008854
0 0.572500 0.394531 0.004000 0.007812
0 0.525625 0.321094 0.006250 0.011979
0 0.547000 0.360938 0.005000 0.009375
0 0.493750 0.310937 0.004000 0.013542
0 0.486500 0.308073 0.008000 0.014063
0 0.471875 0.269531 0.004250 0.014063
0 0.424750 0.161979 0.008000 0.009375
0 0.560500 0.125260 0.007500 0.015104
0 0.640500 0.443229 0.004500 0.012500
0 0.664750 0.038281 0.005000 0.013021
