0 0.149219 0.809500 0.030729 0.014000
0 0.099479 0.783375 0.014583 0.009750
0 0.010417 0.797000 0.020833 0.013000
0 0.014583 0.785000 0.014583 0.012000
0 0.009896 0.766750 0.019792 0.010500
0 0.017708 0.734875 0.026042 0.010250
0 0.042188 0.719125 0.034375 0.014750
0 0.104427 0.758125 0.024479 0.014750
0 0.028906 0.661125 0.019271 0.010750
0 0.056510 0.649500 0.019271 0.010500
0 0.050260 0.613250 0.018229 0.012000
0 0.024740 0.610625 0.019271 0.013250
0 0.078906 0.623375 0.030729 0.015750
0 0.174740 0.572750 0.029687 0.012500
0 0.179167 0.580125 0.029167 0.015250
0 0.213542 0.595125 0.028125 0.016750
0 0.223958 0.567375 0.035417 0.014750
0 0.226823 0.570375 0.033854 0.019750
0 0.271875 0.597250 0.025000 0.013500
0 0.279427 0.610625 0.023438 0.014250
0 0.255990 0.623125 0.020313 0.013250
0 0.223958 0.642625 0.023958 0.014250
0 0.299740 0.662000 0.044271 0.017000
0 0.300781 0.662000 0.046354 0.024500
0 0.325260 0.680125 0.022396 0.010750
0 0.330990 0.670500 0.020313 0.012000
0 0.340104 0.662750 0.025000 0.029500
0 0.337760 0.660875 0.029687 0.022250
0 0.359635 0.669000 0.017188 0.013500
0 0.389323 0.671250 0.034896 0.010500
0 0.373177 0.652750 0.019271 0.013500
0 0.371094 0.649250 0.021354 0.011000
0 0.362500 0.634750 0.029167 0.012500
0 0.313281 0.619375 0.023438 0.016250
0 0.321094 0.619000 0.030729 0.013500
0 0.373177 0.605375 0.030729 0.015750
0 0.445833 0.668750 0.026042 0.012000
0 0.401042 0.688375 0.036458 0.020750
0 0.401042 0.685375 0.029167 0.016750
0 0.394792 0.675250 0.030208 0.012000
0 0.346615 0.691375 0.031771 0.014750
0 0.350781 0.691000 0.044271 0.013000
0 0.441667 0.700000 0.025000 0.013500
0 0.472917 0.693250 0.028125 0.014000
0 0.508594 0.699750 0.041146 0.021500
0 0.501823 0.700000 0.038021 0.021000
0 0.564323 0.726375 0.020313 0.013250
0 0.574219 0.708750 0.022396 0.011500
0 0.609896 0.708750 0.021875 0.012500
0 0.599740 0.719250 0.017188 0.012000
0 0.755469 0.733625 0.038021 0.015750
0 0.748698 0.716000 0.027604 0.012000
0 0.771354 0.715000 0.027083 0.018500
0 0.720573 0.702625 0.031771 0.015750
0 0.720313 0.693500 0.036458 0.017000
0 0.721615 0.693500 0.043229 0.018000
0 0.836979 0.742375 0.029167 0.011250
0 0.834115 0.709750 0.021354 0.011500
0 0.798958 0.707625 0.035417 0.013750
0 0.775260 0.689500 0.023438 0.013000
0 0.791667 0.692750 0.020833 0.013000
0 0.809635 0.697375 0.018229 0.014750
0 0.835156 0.668250 0.021354 0.018500
0 0.755990 0.676375 0.023438 0.009750
0 0.728906 0.673875 0.019271 0.008250
0 0.676823 0.669125 0.036979 0.015750
0 0.651823 0.656000 0.044271 0.026500
0 0.677344 0.650750 0.047396 0.030500
0 0.720313 0.646750 0.025000 0.013500
0 0.715885 0.616625 0.016146 0.014250
0 0.577865 0.628000 0.020313 0.016500
0 0.605990 0.630500 0.029687 0.013500
0 0.588021 0.616875 0.027083 0.013750
0 0.569271 0.598750 0.021875 0.012000
0 0.630208 0.557875 0.026042 0.014250
0 0.496875 0.572625 0.037500 0.014250
0 0.467187 0.554125 0.028125 0.015250
0 0.489323 0.548875 0.020313 0.014750
0 0.446875 0.539500 0.028125 0.013000
0 0.429427 0.549125 0.022396 0.016250
0 0.313281 0.538375 0.028646 0.017250
0 0.305469 0.549750 0.023438 0.010000
0 0.337500 0.563250 0.027083 0.019500
0 0.353646 0.566375 0.036458 0.015750
0 0.401562 0.564125 0.030208 0.013750
0 0.408594 0.577750 0.030729 0.017000
0 0.372135 0.581625 0.032813 0.014750
0 0.422135 0.588875 0.048438 0.028250
0 0.419271 0.584500 0.042708 0.024000
0 0.186979 0.519625 0.029167 0.014750
0 0.280469 0.460625 0.044271 0.019750
0 0.282031 0.460125 0.047396 0.022750
0 0.322396 0.462250 0.016667 0.013000
0 0.326823 0.455750 0.017188 0.014000
0 0.352344 0.442875 0.018229 0.010250
0 0.373177 0.437625 0.030729 0.015750
0 0.391667 0.426625 0.026042 0.013750
0 0.375781 0.459000 0.044271 0.016500
0 0.377344 0.455250 0.043229 0.017500
0 0.448177 0.450625 0.030729 0.014750
0 0.471875 0.449500 0.026042 0.018000
0 0.477865 0.427250 0.018229 0.012500
0 0.500260 0.421750 0.030729 0.012500
0 0.495052 0.419875 0.031771 0.013250
0 0.527344 0.428000 0.030729 0.020500
0 0.530729 0.428250 0.037500 0.020000
0 0.559375 0.430750 0.013542 0.013000
0 0.522135 0.453500 0.022396 0.013000
0 0.538802 0.449500 0.021354 0.013500
0 0.530729 0.462250 0.039583 0.021500
0 0.535156 0.465000 0.034896 0.017500
0 0.560677 0.446250 0.022396 0.014500
0 0.578385 0.449750 0.021354 0.016500
0 0.588021 0.448625 0.027083 0.016250
0 0.586198 0.461125 0.028646 0.016250
0 0.611719 0.455000 0.029687 0.018000
0 0.647917 0.466250 0.020833 0.013500
0 0.671615 0.456000 0.022396 0.014500
0 0.651302 0.446500 0.035937 0.013000
0 0.600781 0.434250 0.032813 0.012500
0 0.614323 0.428625 0.030729 0.015250
0 0.641667 0.434000 0.023958 0.013000
0 0.657031 0.422250 0.031771 0.020000
0 0.678906 0.409250 0.021354 0.013500
0 0.737760 0.397625 0.021354 0.022750
0 0.724479 0.421500 0.023958 0.011000
0 0.723698 0.417875 0.035937 0.014750
0 0.726042 0.435875 0.027083 0.013750
0 0.697656 0.451625 0.022396 0.016750
0 0.714583 0.445375 0.027083 0.014250
0 0.791667 0.421750 0.022917 0.017000
0 0.948958 0.421500 0.029167 0.015000
0 0.949740 0.432375 0.030729 0.015250
0 0.987500 0.454875 0.022917 0.013750
0 0.972917 0.460875 0.022917 0.014750
0 0.958854 0.464375 0.023958 0.015250
0 0.956510 0.496000 0.023438 0.013000
0 0.910937 0.481000 0.026042 0.012500
0 0.839844 0.489125 0.036979 0.014750
0 0.820052 0.477125 0.018229 0.010250
0 0.783333 0.474750 0.023958 0.010000
0 0.797396 0.467625 0.022917 0.009750
0 0.775260 0.460000 0.023438 0.012000
0 0.800781 0.454125 0.035937 0.016250
0 0.790625 0.452250 0.036458 0.018000
0 0.848437 0.459875 0.027083 0.014750
0 0.205729 0.402750 0.021875 0.013500
0 0.229427 0.392625 0.021354 0.014250
0 0.124740 0.323375 0.029687 0.013750
0 0.186979 0.341375 0.027083 0.015750
0 0.273698 0.343500 0.019271 0.016000
0 0.246875 0.313125 0.038542 0.026750
0 0.246615 0.309500 0.034896 0.027000
0 0.264583 0.299250 0.023958 0.013000
0 0.267969 0.290500 0.019271 0.013000
0 0.283333 0.287500 0.025000 0.014500
0 0.321094 0.288625 0.019271 0.015750
0 0.336979 0.278250 0.026042 0.011500
0 0.312240 0.265250 0.028646 0.017000
0 0.230208 0.273125 0.027083 0.021750
0 0.249479 0.265250 0.025000 0.017000
0 0.263021 0.257625 0.029167 0.017750
0 0.294010 0.251000 0.023438 0.012500
0 0.277604 0.233500 0.025000 0.012000
0 0.376302 0.259875 0.031771 0.014750
0 0.359375 0.256000 0.027083 0.011500
0 0.337240 0.243750 0.019271 0.013000
0 0.335417 0.234500 0.025000 0.012000
0 0.071615 0.166250 0.029687 0.012500
0 0.248177 0.159750 0.027604 0.012500
0 0.294531 0.198125 0.022396 0.016250
0 0.322396 0.190250 0.035417 0.017000
0 0.332031 0.205500 0.024479 0.012500
0 0.323437 0.218500 0.016667 0.012500
0 0.335417 0.219875 0.015625 0.014250
0 0.364323 0.221500 0.017188 0.014000
0 0.438542 0.243000 0.022917 0.013500
0 0.439062 0.234375 0.026042 0.015750
0 0.471094 0.232000 0.020313 0.012500
0 0.442969 0.221500 0.016146 0.012000
0 0.431250 0.208750 0.026042 0.014500
0 0.459375 0.213625 0.023958 0.014750
0 0.419271 0.193250 0.027083 0.016500
0 0.468490 0.194500 0.028646 0.019000
0 0.483854 0.208750 0.015625 0.010500
0 0.526823 0.219000 0.020313 0.013500
0 0.536198 0.210375 0.021354 0.016750
0 0.538021 0.194875 0.025000 0.016250
0 0.507552 0.186750 0.020313 0.011000
0 0.551042 0.179375 0.023958 0.015750
0 0.589583 0.181375 0.033333 0.015250
0 0.578125 0.208500 0.023958 0.013000
0 0.626302 0.149250 0.022396 0.012000
0 0.531250 0.154875 0.034375 0.013750
0 0.494010 0.155250 0.029687 0.012000
0 0.483333 0.140875 0.026042 0.009250
0 0.489583 0.128000 0.025000 0.008500
0 0.431510 0.115875 0.031771 0.015750
0 0.428125 0.130750 0.054167 0.023000
0 0.424219 0.131625 0.046354 0.022250
0 0.411719 0.149750 0.032813 0.012000
0 0.414062 0.171500 0.039583 0.027000
0 0.412240 0.172625 0.045312 0.027250
0 0.365885 0.170375 0.033854 0.017250
0 0.360938 0.169125 0.041667 0.015750
0 0.286719 0.138500 0.029687 0.019000
0 0.310937 0.131500 0.028125 0.012500
0 0.342708 0.124750 0.021875 0.012000
0 0.347396 0.146750 0.023958 0.014500
0 0.369792 0.136750 0.023958 0.017500
0 0.532031 0.133500 0.019271 0.013000
0 0.552344 0.125750 0.019271 0.012000
0 0.559635 0.132875 0.020313 0.015250
0 0.541406 0.100875 0.031771 0.014250
0 0.564063 0.090500 0.025000 0.011000
0 0.590885 0.090250 0.021354 0.017000
0 0.578646 0.109875 0.025000 0.016750
0 0.602604 0.102000 0.027083 0.012000
0 0.620313 0.110000 0.039583 0.019500
0 0.618490 0.125000 0.018229 0.013500
0 0.658594 0.115750 0.023438 0.013500
0 0.655729 0.092750 0.022917 0.012000
0 0.726042 0.093750 0.034375 0.016500
0 0.580990 0.044250 0.035937 0.018500
0 0.607812 0.018250 0.041667 0.017500
0 0.630469 0.004375 0.020313 0.008750
