0 0.057292 0.642250 0.011458 0.003500
0 0.056510 0.640375 0.011979 0.002750
0 0.069531 0.673000 0.011979 0.003000
0 0.078125 0.669500 0.007292 0.005500
0 0.176302 0.651500 0.007812 0.003500
0 0.178906 0.649875 0.008854 0.005250
0 0.190625 0.648625 0.013542 0.004250
0 0.241667 0.646500 0.011458 0.004000
0 0.331250 0.639875 0.012500 0.003750
0 0.326562 0.636500 0.011458 0.002500
0 0.391406 0.622375 0.008854 0.006750
0 0.408073 0.570000 0.010937 0.004000
0 0.364844 0.549125 0.009896 0.005750
0 0.350781 0.549500 0.013021 0.004500
0 0.232552 0.521000 0.009896 0.006000
0 0.186719 0.533750 0.013021 0.005500
0 0.169010 0.507500 0.013021 0.002500
0 0.171094 0.506000 0.011979 0.003000
0 0.102604 0.501500 0.011458 0.005500
0 0.396615 0.527750 0.006771 0.006500
0 0.382812 0.520750 0.011458 0.005500
0 0.373958 0.531375 0.007292 0.005750
0 0.297656 0.493000 0.007812 0.005500
0 0.301302 0.492500 0.006771 0.005500
0 0.273177 0.476875 0.007812 0.006750
0 0.187240 0.437750 0.007812 0.005000
0 0.164844 0.435125 0.007812 0.006750
0 0.138802 0.425875 0.008854 0.005250
0 0.127083 0.413500 0.010417 0.007000
0 0.111719 0.426625 0.007812 0.006750
0 0.099740 0.378125 0.011979 0.003750
0 0.101823 0.376500 0.009896 0.003500
0 0.118750 0.395250 0.011458 0.003000
0 0.114323 0.398375 0.010937 0.003250
0 0.161979 0.409125 0.012500 0.003750
0 0.170052 0.419875 0.008854 0.005250
0 0.167187 0.418375 0.007292 0.003750
0 0.232031 0.442500 0.009896 0.006500
0 0.237500 0.432750 0.006250 0.005000
0 0.241146 0.432375 0.006250 0.005250
0 0.258073 0.441750 0.009896 0.005000
0 0.274740 0.442750 0.013021 0.003500
0 0.264844 0.445875 0.011979 0.003750
0 0.267708 0.445125 0.009375 0.003750
0 0.246094 0.446625 0.011979 0.003750
0 0.245833 0.449250 0.013542 0.003000
0 0.245573 0.452000 0.013021 0.003000
0 0.252865 0.454500 0.010937 0.002500
0 0.252604 0.456250 0.014583 0.003000
0 0.286198 0.467500 0.013021 0.002500
0 0.285938 0.465500 0.011458 0.002000
0 0.351042 0.498125 0.013542 0.003750
0 0.374740 0.504000 0.009896 0.003000
0 0.375521 0.502625 0.012500 0.003250
0 0.377083 0.501250 0.010417 0.003500
0 0.577344 0.512625 0.006771 0.005750
0 0.569531 0.486000 0.010937 0.004500
0 0.565104 0.469500 0.011458 0.004500
0 0.567708 0.467875 0.008333 0.004250
0 0.555469 0.437125 0.014063 0.004750
0 0.557552 0.434875 0.010937 0.004250
0 0.581771 0.431625 0.012500 0.006750
0 0.555990 0.419875 0.013021 0.004750
0 0.548177 0.423750 0.011979 0.004500
0 0.550000 0.422125 0.009375 0.003750
0 0.574479 0.405750 0.012500 0.005000
0 0.560417 0.407375 0.012500 0.003750
0 0.561458 0.404125 0.011458 0.003750
0 0.541406 0.398375 0.015104 0.004750
0 0.536979 0.407250 0.009375 0.006000
0 0.540625 0.407000 0.007292 0.005500
0 0.502865 0.369875 0.010937 0.004750
0 0.499479 0.365625 0.007292 0.004750
0 0.493229 0.354250 0.009375 0.006500
0 0.491667 0.349125 0.008333 0.004250
0 0.436719 0.322375 0.014063 0.007250
0 0.436198 0.322500 0.014063 0.006000
0 0.463802 0.300000 0.010937 0.004000
0 0.460417 0.297625 0.006250 0.004250
0 0.451823 0.269375 0.006771 0.007250
0 0.446615 0.271625 0.004687 0.004750
0 0.444010 0.270125 0.007812 0.006250
0 0.400521 0.203500 0.007292 0.006500
0 0.411458 0.203750 0.008333 0.005500
0 0.407031 0.203000 0.005729 0.006000
0 0.370573 0.186000 0.008854 0.006500
0 0.367708 0.185375 0.007292 0.005750
0 0.314063 0.160125 0.010417 0.008250
0 0.389583 0.171125 0.009375 0.005250
0 0.385156 0.170000 0.007812 0.005500
0 0.379427 0.147000 0.010937 0.007500
0 0.314063 0.023250 0.008333 0.008000
0 0.397135 0.086750 0.005729 0.006500
0 0.401562 0.086625 0.005208 0.006750
0 0.667708 0.560000 0.011458 0.004000
0 0.664583 0.558500 0.008333 0.004000
0 0.671354 0.544000 0.009375 0.004000
0 0.673438 0.542625 0.011458 0.004750
0 0.729688 0.483875 0.009375 0.006250
0 0.756771 0.490125 0.011458 0.002750
0 0.758073 0.488500 0.010937 0.002500
0 0.866146 0.419500 0.011458 0.004000
0 0.864844 0.417750 0.009896 0.003500
0 0.855990 0.409500 0.007812 0.004000
0 0.853385 0.408750 0.010937 0.004500
0 0.908073 0.393000 0.008854 0.004500
0 0.903906 0.392500 0.006771 0.004500
0 0.906510 0.388500 0.010937 0.004000
0 0.901823 0.387500 0.010937 0.003500
0 0.923698 0.380875 0.009896 0.004750
0 0.935677 0.373375 0.005729 0.004750
0 0.932031 0.372875 0.005729 0.004250
0 0.993750 0.336250 0.008333 0.004000
0 0.990885 0.335375 0.009896 0.004250
0 0.935937 0.387625 0.010417 0.005250
0 0.684896 0.605500 0.012500 0.004500
0 0.782552 0.576375 0.008854 0.006250
0 0.913021 0.547625 0.013542 0.004250
0 0.946615 0.535625 0.011979 0.005750
0 0.984375 0.519875 0.011458 0.004250
0 0.985417 0.518625 0.011458 0.002750
0 0.971354 0.518500 0.012500 0.003000
0 0.970313 0.516625 0.011458 0.002750
0 0.884115 0.515875 0.015104 0.004750
0 0.748437 0.616750 0.011458 0.005000
0 0.784115 0.613250 0.008854 0.006000
0 0.858073 0.619375 0.008854 0.005250
0 0.860677 0.618500 0.007812 0.004500
0 0.872656 0.615125 0.008854 0.006250
0 0.912240 0.621500 0.011979 0.005000
0 0.961979 0.623750 0.010417 0.004000
0 0.964583 0.623000 0.010417 0.003000
0 0.979687 0.623875 0.011458 0.002750
0 0.980990 0.622000 0.013021 0.003000
0 0.961458 0.633500 0.007292 0.006500
0 0.908594 0.632250 0.015104 0.004000
0 0.822917 0.628500 0.008333 0.006500
0 0.802344 0.627000 0.010937 0.004500
0 0.679948 0.618875 0.006771 0.005750
0 0.853646 0.710500 0.009375 0.006500
