0 0.338000 0.984635 0.005000 0.013021
0 0.365750 0.955469 0.007500 0.007812
0 0.381375 0.966927 0.006250 0.013021
0 0.384500 0.977344 0.006000 0.008854
0 0.389000 0.994531 0.005000 0.009896
0 0.438875 0.898438 0.005750 0.010417
0 0.471250 0.893229 0.006500 0.012500
0 0.471125 0.854687 0.005750 0.010417
0 0.446500 0.830990 0.010000 0.009896
0 0.457250 0.665104 0.006500 0.008333
0 0.447875 0.670052 0.004250 0.006771
0 0.442875 0.704948 0.007250 0.009896
0 0.434250 0.685677 0.003500 0.016146
0 0.425625 0.698438 0.006750 0.008333
0 0.393250 0.670833 0.005000 0.010417
0 0.389625 0.652083 0.007750 0.008333
0 0.373500 0.628385 0.006000 0.010937
0 0.384375 0.634896 0.003250 0.005208
0 0.387375 0.637240 0.002750 0.006771
0 0.341875 0.690885 0.007250 0.010937
0 0.340375 0.658333 0.008250 0.012500
0 0.348500 0.627083 0.005000 0.010417
0 0.335000 0.778385 0.008500 0.010937
0 0.286500 0.702083 0.006000 0.014583
0 0.289375 0.697135 0.007250 0.009896
0 0.294625 0.684635 0.007750 0.007812
0 0.288000 0.689844 0.007000 0.006771
0 0.315250 0.655729 0.006500 0.009375
0 0.260750 0.672396 0.004000 0.014583
0 0.237250 0.633594 0.009000 0.009896
0 0.246500 0.613542 0.007000 0.010417
0 0.223875 0.595052 0.008250 0.013021
0 0.217375 0.609375 0.007750 0.010417
0 0.198250 0.661979 0.006000 0.010417
0 0.189250 0.632292 0.005000 0.011458
0 0.245750 0.575781 0.006500 0.008854
0 0.282250 0.608333 0.004500 0.010417
0 0.293625 0.625521 0.007750 0.010417
0 0.306500 0.629427 0.008500 0.007812
0 0.321875 0.626563 0.007750 0.008333
0 0.322750 0.637240 0.007000 0.009896
0 0.296875 0.608073 0.005250 0.008854
0 0.295875 0.604427 0.005750 0.007812
0 0.312375 0.618229 0.006750 0.006250
0 0.309500 0.615625 0.006500 0.006250
0 0.311875 0.634635 0.007750 0.007812
0 0.407000 0.648177 0.005000 0.008854
0 0.406875 0.656250 0.003750 0.007292
0 0.410375 0.653906 0.004750 0.008854
0 0.420125 0.653125 0.006750 0.008333
0 0.426375 0.652865 0.003750 0.006771
0 0.430125 0.661198 0.006750 0.007812
0 0.505125 0.590625 0.006250 0.013542
0 0.491125 0.561458 0.008750 0.016667
0 0.492875 0.528646 0.004250 0.014583
0 0.468625 0.493750 0.006250 0.005208
0 0.468875 0.489063 0.005250 0.005208
0 0.456625 0.473958 0.006750 0.008333
0 0.455750 0.457031 0.006000 0.011979
0 0.455625 0.434896 0.003750 0.015625
0 0.448125 0.443229 0.003750 0.012500
0 0.450375 0.442188 0.005250 0.011458
0 0.335500 0.215104 0.006500 0.013542
0 0.291375 0.216667 0.007750 0.009375
0 0.334375 0.184115 0.005750 0.008854
0 0.328500 0.184115 0.006000 0.009896
0 0.292250 0.167187 0.005500 0.016667
0 0.231375 0.099740 0.007250 0.008854
0 0.316250 0.257292 0.007500 0.017708
0 0.554000 0.498177 0.007000 0.008854
0 0.538875 0.459896 0.006750 0.010417
0 0.526125 0.421354 0.007250 0.009375
0 0.511875 0.421875 0.003750 0.012500
0 0.511625 0.412500 0.003750 0.010417
0 0.516000 0.410938 0.006000 0.009375
0 0.528625 0.373698 0.006250 0.011979
0 0.536625 0.385417 0.006750 0.010417
0 0.520500 0.371615 0.006500 0.019271
0 0.502750 0.348177 0.007000 0.013021
0 0.556250 0.364844 0.004500 0.006771
0 0.550875 0.379688 0.006750 0.016667
0 0.542875 0.306250 0.006750 0.013542
0 0.517750 0.285156 0.005000 0.015104
0 0.501750 0.301042 0.005000 0.012500
0 0.519750 0.260417 0.004000 0.016667
0 0.533250 0.247656 0.003500 0.011979
0 0.532250 0.259375 0.002500 0.011458
0 0.535125 0.258333 0.002750 0.011458
0 0.514875 0.249479 0.002750 0.010417
0 0.517250 0.248177 0.003500 0.013021
0 0.496750 0.219792 0.008500 0.016667
0 0.505875 0.215625 0.005750 0.012500
0 0.508000 0.211458 0.004500 0.011458
0 0.462375 0.209635 0.006750 0.010937
0 0.477250 0.176302 0.004000 0.015104
0 0.479625 0.158854 0.003750 0.013542
0 0.487375 0.166146 0.005750 0.011458
0 0.490000 0.163542 0.004000 0.008333
0 0.463500 0.134115 0.005500 0.015104
0 0.441000 0.139063 0.005500 0.011458
0 0.440750 0.089844 0.005000 0.015104
0 0.479000 0.060937 0.003500 0.014583
0 0.475750 0.050260 0.006000 0.016146
0 0.463375 0.013281 0.003750 0.014063
0 0.496000 0.042969 0.006000 0.013021
0 0.499250 0.036719 0.006000 0.013021
0 0.500375 0.027344 0.005750 0.008854
0 0.497500 0.021354 0.007000 0.008333
0 0.518125 0.108854 0.004750 0.007292
0 0.516000 0.103906 0.005500 0.011979
0 0.530250 0.156250 0.005000 0.015625
0 0.544000 0.173698 0.004500 0.011979
0 0.539750 0.182812 0.005500 0.016667
0 0.638750 0.388542 0.004500 0.010417
0 0.625125 0.341406 0.004250 0.014063
0 0.622125 0.383854 0.002750 0.008333
0 0.620250 0.381771 0.003500 0.013542
0 0.618250 0.320052 0.006500 0.013021
0 0.620750 0.297135 0.003500 0.015104
0 0.640375 0.297917 0.004250 0.012500
0 0.632625 0.289323 0.005250 0.016146
0 0.618250 0.272135 0.008000 0.008854
0 0.646250 0.234635 0.007000 0.011979
0 0.677125 0.202083 0.006250 0.010417
0 0.640250 0.167969 0.004500 0.014063
0 0.649375 0.163021 0.003250 0.015625
0 0.653125 0.158594 0.002750 0.015104
0 0.655750 0.159635 0.003000 0.010937
0 0.658750 0.142708 0.003000 0.014583
0 0.658625 0.132031 0.004250 0.009896
0 0.678750 0.120833 0.003000 0.009375
0 0.681250 0.116927 0.005000 0.011979
0 0.681125 0.084896 0.004250 0.016667
0 0.687250 0.072135 0.004500 0.009896
0 0.702250 0.030469 0.005000 0.011979
0 0.734000 0.020313 0.008500 0.017708
0 0.727875 0.320573 0.006750 0.014063
0 0.738000 0.420573 0.005500 0.008854
