0 0.335938 0.506625 0.012500 0.004750
0 0.207552 0.410375 0.013021 0.004750
0 0.170052 0.379750 0.007812 0.005500
0 0.183333 0.366375 0.011458 0.005750
0 0.431510 0.428500 0.010937 0.006000
0 0.459375 0.411750 0.011458 0.005000
0 0.500521 0.397250 0.007292 0.004500
0 0.492969 0.374250 0.010937 0.005500
0 0.448958 0.372125 0.007292 0.002750
0 0.449219 0.370125 0.010937 0.003250
0 0.407552 0.369500 0.009896 0.005500
0 0.458073 0.356375 0.008854 0.004750
0 0.460938 0.354500 0.010417 0.004000
0 0.358854 0.319625 0.009375 0.007250
0 0.360417 0.277125 0.010417 0.007250
0 0.352083 0.270125 0.013542 0.004250
0 0.397656 0.274250 0.008854 0.006500
0 0.375521 0.257750 0.008333 0.004500
0 0.373177 0.256250 0.009896 0.005000
0 0.476823 0.262000 0.010937 0.005500
0 0.521354 0.589500 0.013542 0.004500
0 0.558854 0.564625 0.009375 0.005750
0 0.590625 0.529875 0.005208 0.004750
0 0.596615 0.529875 0.006771 0.004750
0 0.635938 0.504375 0.007292 0.005750
0 0.639844 0.500125 0.006771 0.005250
0 0.647917 0.499000 0.007292 0.006000
0 0.714323 0.460250 0.011979 0.005000
0 0.742969 0.469125 0.009896 0.005250
0 0.778906 0.398875 0.013021 0.005250
0 0.735677 0.374125 0.009896 0.005750
0 0.767969 0.373375 0.011979 0.005250
0 0.779687 0.384375 0.004167 0.006750
0 0.784115 0.384125 0.005729 0.005250
0 0.894010 0.317875 0.011979 0.004250
0 0.672396 0.591250 0.011458 0.005000
0 0.692708 0.589250 0.011458 0.004500
0 0.710417 0.601375 0.009375 0.005750
0 0.752604 0.590000 0.009375 0.004000
0 0.753646 0.587875 0.009375 0.003250
0 0.828385 0.602000 0.011979 0.003500
0 0.827604 0.593125 0.009375 0.004250
0 0.840104 0.593250 0.011458 0.004500
0 0.873698 0.590625 0.009896 0.003750
0 0.929688 0.583000 0.010417 0.004000
0 0.830729 0.454125 0.007292 0.004750
0 0.885417 0.544375 0.008333 0.004250
0 0.984115 0.694250 0.010937 0.004500
