0 0.750781 0.371750 0.020313 0.012000
0 0.787500 0.384125 0.025000 0.013250
0 0.787760 0.384375 0.021354 0.010250
0 0.576562 0.435750 0.027083 0.012000
0 0.406771 0.522375 0.016667 0.010250
0 0.515885 0.517125 0.021354 0.018750
0 0.538542 0.519625 0.019792 0.012250
0 0.664323 0.536375 0.020313 0.013250
0 0.699740 0.537000 0.029687 0.016500
0 0.693229 0.533875 0.018750 0.013750
0 0.712240 0.536750 0.023438 0.013500
0 0.704948 0.534000 0.021354 0.012000
0 0.735156 0.534375 0.027604 0.014750
0 0.739323 0.537500 0.030729 0.019000
0 0.742448 0.514500 0.015104 0.014500
0 0.801823 0.503750 0.014063 0.012500
0 0.825781 0.496875 0.021354 0.011250
0 0.828125 0.508750 0.020833 0.012500
0 0.789844 0.522250 0.022396 0.012000
0 0.848958 0.549250 0.017708 0.011500
0 0.846615 0.550250 0.022396 0.012500
0 0.877083 0.490000 0.032292 0.012500
0 0.875260 0.487000 0.023438 0.015500
0 0.583333 0.645500 0.017708 0.014000
0 0.603125 0.647500 0.018750 0.011500
0 0.355990 0.664000 0.028646 0.013500
0 0.721094 0.719000 0.029687 0.011500
0 0.725781 0.718500 0.018229 0.010000
0 0.721615 0.714250 0.021354 0.009500
0 0.786719 0.727250 0.016146 0.013000
0 0.411719 0.803750 0.021354 0.012500
0 0.872917 0.785625 0.026042 0.015750
