0 0.362240 0.502875 0.013021 0.005250
0 0.370052 0.560625 0.008854 0.006250
0 0.314323 0.574375 0.008854 0.005750
0 0.310677 0.573875 0.005729 0.004750
0 0.292187 0.627625 0.012500 0.006250
0 0.265104 0.623750 0.012500 0.005500
0 0.297656 0.639750 0.010937 0.005500
0 0.280990 0.664625 0.011979 0.006750
0 0.279687 0.647375 0.011458 0.004750
0 0.229167 0.650000 0.013542 0.004000
0 0.388802 0.699750 0.009896 0.008000
0 0.407292 0.694250 0.008333 0.004000
0 0.411979 0.660750 0.011458 0.004000
0 0.400000 0.648750 0.012500 0.004000
0 0.417187 0.642375 0.010417 0.005750
0 0.403125 0.637500 0.012500 0.005000
0 0.405208 0.633125 0.008333 0.005250
0 0.400000 0.633875 0.008333 0.004750
0 0.402083 0.580250 0.014583 0.004500
0 0.404687 0.560750 0.007292 0.006000
0 0.439583 0.547625 0.010417 0.006250
0 0.488802 0.535875 0.009896 0.006250
0 0.494010 0.569750 0.005729 0.005500
0 0.530729 0.628750 0.008333 0.006000
0 0.521615 0.629000 0.008854 0.006000
0 0.522917 0.632875 0.006250 0.006750
0 0.528906 0.650000 0.008854 0.004500
0 0.523438 0.656500 0.008333 0.003500
0 0.541667 0.657500 0.006250 0.004500
0 0.537760 0.657250 0.005729 0.005000
0 0.533594 0.683625 0.006771 0.005250
0 0.537760 0.692375 0.009896 0.006250
0 0.741667 0.528375 0.009375 0.003250
0 0.802604 0.538375 0.009375 0.004250
0 0.569792 0.466500 0.012500 0.006000
0 0.686979 0.462250 0.010417 0.005000
0 0.725000 0.450750 0.010417 0.005500
0 0.688281 0.438500 0.015104 0.004000
0 0.709375 0.430875 0.014583 0.004750
0 0.728125 0.434750 0.010417 0.006500
0 0.725521 0.429875 0.009375 0.006250
0 0.688021 0.424750 0.009375 0.005000
0 0.688542 0.429125 0.007292 0.005750
0 0.684896 0.428750 0.006250 0.004000
