0 0.161719 0.187000 0.014063 0.007500
0 0.261458 0.159125 0.016667 0.006250
0 0.250521 0.193875 0.020833 0.008250
0 0.224479 0.268375 0.016667 0.007750
0 0.270052 0.265500 0.024479 0.009500
0 0.317188 0.260625 0.011458 0.006250
0 0.295833 0.217875 0.015625 0.012250
0 0.211198 0.262875 0.009896 0.005250
0 0.364583 0.457875 0.014583 0.007750
0 0.443229 0.420000 0.014583 0.007000
0 0.460417 0.348500 0.014583 0.007000
0 0.477344 0.345000 0.013021 0.006500
0 0.468750 0.298500 0.012500 0.008500
0 0.549479 0.298125 0.013542 0.005750
0 0.558073 0.250750 0.017188 0.009000
0 0.583854 0.250750 0.010417 0.008000
0 0.600000 0.238000 0.011458 0.009000
0 0.687500 0.223875 0.016667 0.006250
0 0.664583 0.201125 0.015625 0.005250
0 0.741927 0.226000 0.018229 0.008500
0 0.798698 0.262625 0.010937 0.006750
0 0.788802 0.263500 0.013021 0.008000
0 0.758073 0.271000 0.008854 0.006000
0 0.686458 0.270000 0.015625 0.008000
0 0.603385 0.272375 0.019271 0.004750
0 0.645833 0.308625 0.015625 0.007250
0 0.630729 0.284375 0.012500 0.005750
0 0.636719 0.288625 0.015104 0.005250
0 0.434896 0.481250 0.011458 0.005500
0 0.510417 0.451375 0.012500 0.008250
0 0.535156 0.432750 0.017188 0.007500
0 0.553646 0.452750 0.016667 0.007500
0 0.563281 0.437250 0.015104 0.004000
0 0.564583 0.440625 0.014583 0.003750
0 0.632812 0.442625 0.013542 0.006750
0 0.654167 0.436375 0.011458 0.007750
0 0.700000 0.404500 0.016667 0.005500
0 0.771875 0.385750 0.015625 0.006000
0 0.722135 0.375625 0.013021 0.006250
0 0.711458 0.415625 0.014583 0.003250
0 0.711458 0.418750 0.017708 0.003500
0 0.900260 0.368125 0.016146 0.007250
0 0.686458 0.552125 0.014583 0.006250
0 0.702344 0.553375 0.013021 0.006750
0 0.748958 0.534000 0.013542 0.006500
0 0.843490 0.563250 0.011979 0.008000
0 0.622396 0.572875 0.011458 0.004750
0 0.791927 0.580000 0.014063 0.005500
0 0.882812 0.578750 0.011458 0.007000
0 0.886979 0.563375 0.013542 0.006250
0 0.901562 0.561125 0.015625 0.008250
0 0.973177 0.624625 0.011979 0.008750
0 0.777865 0.633625 0.015104 0.007250
0 0.555990 0.802625 0.016146 0.007250
0 0.877344 0.944875 0.010937 0.005250
0 0.344792 0.785125 0.015625 0.010750
0 0.178906 0.061125 0.014063 0.005250
