0 0.075260 0.549875 0.016146 0.004250
0 0.116146 0.571375 0.017708 0.005250
0 0.154167 0.653625 0.015625 0.006750
0 0.109635 0.634000 0.014063 0.005500
0 0.121615 0.632500 0.009896 0.009000
0 0.226042 0.625625 0.011458 0.007250
0 0.216667 0.623500 0.008333 0.006500
0 0.371094 0.641375 0.013021 0.006750
0 0.372917 0.631875 0.014583 0.009250
0 0.348698 0.589250 0.009896 0.007000
0 0.297135 0.578125 0.015104 0.007250
0 0.252604 0.576500 0.016667 0.006000
0 0.196354 0.566000 0.009375 0.007000
0 0.199740 0.563750 0.010937 0.006500
0 0.200000 0.529625 0.016667 0.007750
0 0.214323 0.512875 0.016146 0.008250
0 0.344271 0.555250 0.010417 0.008500
0 0.315365 0.564500 0.007812 0.007000
0 0.310937 0.564875 0.007292 0.008750
0 0.303125 0.561125 0.013542 0.004750
0 0.304688 0.536375 0.007292 0.007750
0 0.300781 0.530250 0.008854 0.007000
0 0.302865 0.502750 0.014063 0.008000
0 0.315885 0.499625 0.010937 0.006750
0 0.301042 0.493625 0.018750 0.003250
0 0.280469 0.483625 0.010937 0.008750
0 0.323958 0.481125 0.013542 0.007250
0 0.205469 0.462750 0.022396 0.007500
0 0.241146 0.462125 0.017708 0.007750
0 0.281771 0.448500 0.016667 0.007000
0 0.458333 0.584500 0.012500 0.007000
0 0.520052 0.578375 0.014063 0.005250
0 0.539062 0.563000 0.009375 0.008500
0 0.516667 0.570000 0.015625 0.008000
0 0.504427 0.563500 0.011979 0.007500
0 0.508594 0.555750 0.007812 0.008000
0 0.517188 0.555125 0.009375 0.008250
0 0.525521 0.551250 0.007292 0.009000
0 0.549479 0.543625 0.009375 0.008750
0 0.568229 0.534625 0.011458 0.007750
0 0.515365 0.534750 0.011979 0.008500
0 0.558073 0.521750 0.013021 0.007000
0 0.572917 0.528875 0.010417 0.005250
0 0.533333 0.543875 0.012500 0.003250
0 0.535156 0.540125 0.009896 0.007750
0 0.543229 0.539625 0.007292 0.008250
0 0.445312 0.543000 0.012500 0.005500
0 0.377604 0.546375 0.011458 0.004750
0 0.394531 0.541375 0.010937 0.005750
0 0.395573 0.536750 0.009896 0.006000
0 0.390885 0.531000 0.013021 0.006000
0 0.378906 0.527250 0.010937 0.007000
0 0.431250 0.538000 0.008333 0.008500
0 0.430729 0.532125 0.009375 0.007250
0 0.457552 0.532250 0.016146 0.005500
0 0.447396 0.527125 0.013542 0.007750
0 0.416406 0.525500 0.007812 0.008000
0 0.404427 0.520250 0.009896 0.007500
0 0.435156 0.522000 0.009896 0.007000
0 0.423958 0.528625 0.011458 0.005750
0 0.416146 0.515875 0.007292 0.008750
0 0.424219 0.516000 0.005729 0.008500
0 0.432031 0.515750 0.008854 0.006500
0 0.460938 0.517250 0.017708 0.005000
0 0.457552 0.514375 0.017188 0.003250
0 0.471875 0.521875 0.009375 0.005250
0 0.480469 0.528125 0.011979 0.008250
0 0.488021 0.528250 0.013542 0.007500
0 0.488281 0.533625 0.011979 0.008250
0 0.386198 0.492125 0.009896 0.008750
0 0.397917 0.496125 0.009375 0.007750
0 0.411198 0.498750 0.009896 0.008500
0 0.442969 0.504250 0.013021 0.007000
0 0.458333 0.502750 0.012500 0.007500
0 0.435937 0.495375 0.009375 0.008750
0 0.421354 0.494375 0.005208 0.007750
0 0.427604 0.494750 0.007292 0.007000
0 0.423958 0.489625 0.012500 0.004250
0 0.419010 0.487875 0.009896 0.005250
0 0.415104 0.485500 0.013542 0.006000
0 0.605469 0.437625 0.007812 0.007750
0 0.593490 0.434875 0.017188 0.003750
0 0.592187 0.437875 0.010417 0.004750
0 0.532292 0.499750 0.011458 0.008000
0 0.543750 0.497250 0.012500 0.007000
0 0.553385 0.501125 0.008854 0.007750
0 0.569792 0.500250 0.010417 0.009500
0 0.582552 0.496875 0.009896 0.009750
0 0.555208 0.491000 0.016667 0.008000
0 0.692448 0.484125 0.016146 0.006250
0 0.690625 0.491750 0.012500 0.008000
0 0.695833 0.493750 0.008333 0.006500
0 0.700260 0.502125 0.011979 0.007750
0 0.721615 0.511375 0.011979 0.006750
0 0.689844 0.519750 0.016146 0.005500
0 0.697917 0.526250 0.014583 0.007000
0 0.686719 0.541375 0.011979 0.007250
0 0.663802 0.542625 0.013021 0.005750
0 0.699219 0.547250 0.013021 0.006000
0 0.674740 0.543000 0.008854 0.006500
0 0.666667 0.546250 0.007292 0.005000
0 0.641146 0.550250 0.014583 0.006000
0 0.680208 0.554000 0.012500 0.006500
0 0.667708 0.553000 0.007292 0.006500
0 0.717708 0.547000 0.013542 0.006000
0 0.715885 0.545375 0.010937 0.004250
0 0.675260 0.559875 0.016146 0.004750
0 0.629948 0.564625 0.011979 0.006750
0 0.625000 0.570000 0.007292 0.007000
0 0.595052 0.576250 0.010937 0.004000
0 0.618750 0.578375 0.013542 0.005750
0 0.663021 0.565000 0.013542 0.004500
0 0.670573 0.566875 0.015104 0.004250
0 0.653906 0.567750 0.007812 0.007000
0 0.649479 0.566500 0.007292 0.005500
0 0.662500 0.571250 0.015625 0.004500
0 0.609896 0.599250 0.011458 0.008000
0 0.586719 0.591000 0.009896 0.008500
0 0.567969 0.605000 0.010937 0.006000
0 0.592448 0.641000 0.011979 0.008500
0 0.561979 0.649625 0.011458 0.006250
0 0.571094 0.651250 0.013021 0.006500
0 0.558333 0.623750 0.010417 0.007500
0 0.525781 0.706750 0.015104 0.009500
