0 0.400500 0.895312 0.005000 0.014583
0 0.383000 0.915365 0.007000 0.010937
0 0.378625 0.881250 0.004250 0.015625
0 0.390875 0.871875 0.011750 0.011458
0 0.364750 0.860156 0.007000 0.010937
0 0.356750 0.884115 0.007500 0.010937
0 0.375125 0.863021 0.002750 0.011458
0 0.373250 0.861979 0.003500 0.015625
0 0.323000 0.900521 0.004500 0.011458
0 0.322000 0.898177 0.005500 0.013021
0 0.321000 0.894531 0.005000 0.009896
0 0.305125 0.901302 0.004250 0.015104
0 0.328750 0.964583 0.007500 0.009375
0 0.423500 0.789323 0.006000 0.014063
0 0.420875 0.783594 0.004250 0.014063
0 0.409250 0.723437 0.004000 0.006250
0 0.407375 0.720313 0.003750 0.007292
0 0.401875 0.755469 0.007250 0.010937
0 0.404125 0.766406 0.004250 0.015104
0 0.394750 0.786458 0.007000 0.011458
0 0.401375 0.778385 0.006250 0.010937
0 0.403125 0.785677 0.004750 0.013021
0 0.400500 0.811979 0.006500 0.011458
0 0.404000 0.817708 0.007000 0.008333
0 0.404750 0.810937 0.005500 0.011458
0 0.415500 0.757552 0.003000 0.010937
0 0.416750 0.754948 0.004000 0.015104
0 0.391000 0.833073 0.007000 0.013021
0 0.380625 0.833333 0.007250 0.010417
0 0.389125 0.821615 0.003750 0.016146
0 0.384000 0.815885 0.006000 0.004687
0 0.386125 0.823437 0.002750 0.011458
0 0.377375 0.816146 0.006750 0.007292
0 0.370125 0.826302 0.007250 0.006771
0 0.369875 0.819531 0.007250 0.006771
0 0.364875 0.822917 0.003750 0.013542
0 0.364000 0.834375 0.003500 0.011458
0 0.375125 0.805469 0.006750 0.008854
0 0.380125 0.811198 0.006250 0.005729
0 0.380375 0.798177 0.006250 0.007812
0 0.384250 0.794010 0.007000 0.009896
0 0.373875 0.784375 0.006250 0.009375
0 0.373500 0.758333 0.006500 0.010417
0 0.370875 0.775000 0.005250 0.005208
0 0.370250 0.779687 0.007500 0.006250
0 0.378250 0.750521 0.005500 0.012500
0 0.380125 0.746354 0.004750 0.011458
0 0.365625 0.722135 0.004750 0.015104
0 0.370125 0.729688 0.004250 0.010417
0 0.371500 0.726562 0.004500 0.013542
0 0.353750 0.692969 0.008000 0.011979
0 0.355250 0.715365 0.007500 0.011979
0 0.351125 0.723958 0.006750 0.014583
0 0.344250 0.715885 0.007500 0.010937
0 0.334750 0.706510 0.007000 0.011979
0 0.321125 0.690625 0.005750 0.017708
0 0.297000 0.696875 0.007000 0.013542
0 0.299125 0.672135 0.008250 0.007812
0 0.296625 0.668490 0.004750 0.009896
0 0.289875 0.645833 0.008250 0.007292
0 0.285000 0.661979 0.008500 0.009375
0 0.278750 0.652344 0.007500 0.009896
0 0.282375 0.640104 0.006250 0.008333
0 0.280125 0.631771 0.008250 0.008333
0 0.266500 0.616146 0.008500 0.013542
0 0.269875 0.646094 0.008250 0.008854
0 0.265000 0.639323 0.008500 0.006771
0 0.258125 0.648177 0.006250 0.011979
0 0.266250 0.682031 0.009500 0.009896
0 0.229250 0.725781 0.006000 0.017188
0 0.230125 0.628906 0.006250 0.010937
0 0.219000 0.635677 0.008000 0.007812
0 0.219375 0.629687 0.006250 0.006250
0 0.284000 0.754167 0.007500 0.011458
0 0.291875 0.757552 0.007750 0.008854
0 0.297750 0.743229 0.008500 0.012500
0 0.306375 0.752083 0.007250 0.012500
0 0.310625 0.748177 0.003750 0.015104
0 0.303125 0.806250 0.005250 0.016667
0 0.312750 0.802865 0.006500 0.014063
0 0.316500 0.797396 0.007000 0.012500
0 0.293250 0.816406 0.006500 0.007812
0 0.293750 0.824479 0.007500 0.009375
0 0.329500 0.822396 0.004500 0.007292
0 0.330500 0.817448 0.005500 0.010937
0 0.332125 0.814844 0.003750 0.008854
0 0.342750 0.803125 0.006500 0.012500
0 0.348625 0.813542 0.007750 0.009375
0 0.361125 0.789323 0.008750 0.008854
0 0.348625 0.783594 0.005750 0.008854
0 0.343875 0.764323 0.007250 0.011979
0 0.334500 0.758594 0.007000 0.010937
0 0.340000 0.749219 0.007500 0.008854
0 0.334375 0.741406 0.007250 0.014063
0 0.434500 0.646354 0.003000 0.012500
0 0.438500 0.644010 0.007500 0.008854
0 0.417875 0.625781 0.004250 0.015104
0 0.411000 0.595313 0.007000 0.012500
0 0.397375 0.602083 0.005750 0.014583
0 0.388500 0.603385 0.007500 0.007812
0 0.386625 0.591146 0.006750 0.011458
0 0.396875 0.579427 0.005250 0.011979
0 0.401375 0.584115 0.003750 0.016146
0 0.397375 0.589844 0.006750 0.009896
0 0.403000 0.570312 0.006000 0.013542
0 0.375000 0.592969 0.006000 0.011979
0 0.360000 0.596875 0.006000 0.012500
0 0.363500 0.588802 0.007500 0.009896
0 0.364125 0.578646 0.006750 0.011458
0 0.357500 0.582552 0.005500 0.013021
0 0.351375 0.578125 0.007250 0.008333
0 0.369250 0.571875 0.005000 0.014583
0 0.371125 0.566406 0.006250 0.010937
0 0.372875 0.556771 0.006750 0.011458
0 0.378000 0.553125 0.005000 0.013542
0 0.384250 0.560417 0.005000 0.014583
0 0.382125 0.548438 0.007250 0.007292
0 0.390125 0.557031 0.007250 0.007812
0 0.392250 0.563542 0.005000 0.006250
0 0.390750 0.566667 0.006000 0.009375
0 0.356625 0.567708 0.007250 0.007292
0 0.361250 0.546615 0.006500 0.011979
0 0.361500 0.557031 0.007000 0.007812
0 0.363625 0.563542 0.007250 0.005208
0 0.342375 0.552083 0.007750 0.010417
0 0.341500 0.566667 0.007000 0.011458
0 0.339250 0.576302 0.008500 0.009896
0 0.316875 0.565365 0.008250 0.008854
0 0.328375 0.558073 0.006750 0.010937
0 0.330875 0.552604 0.007250 0.009375
0 0.334500 0.561198 0.006500 0.013021
0 0.350500 0.529687 0.006500 0.012500
0 0.359000 0.532813 0.007500 0.007292
0 0.361875 0.520312 0.004750 0.014583
0 0.367500 0.529687 0.006000 0.012500
0 0.369375 0.525521 0.004750 0.010417
0 0.380000 0.529167 0.007000 0.014583
0 0.376625 0.517448 0.007750 0.007812
0 0.369500 0.507812 0.006500 0.013542
0 0.368125 0.516406 0.007250 0.008854
0 0.352625 0.508073 0.005250 0.016146
0 0.347375 0.504427 0.006250 0.013021
0 0.347250 0.511719 0.006000 0.010937
0 0.346250 0.515625 0.006000 0.008333
0 0.340750 0.532552 0.007000 0.010937
0 0.332000 0.531510 0.005000 0.015104
0 0.326500 0.526563 0.006500 0.009375
0 0.323625 0.537500 0.004750 0.012500
0 0.305750 0.548698 0.007000 0.011979
0 0.290875 0.540885 0.007750 0.015104
0 0.292125 0.526823 0.005750 0.013021
0 0.297000 0.527865 0.004000 0.015104
0 0.300500 0.523177 0.006500 0.014063
0 0.304875 0.515885 0.006750 0.010937
0 0.307500 0.509115 0.006000 0.013021
0 0.308750 0.506510 0.004500 0.010937
0 0.318500 0.505469 0.004000 0.016146
0 0.322250 0.513542 0.004500 0.011458
0 0.326125 0.514583 0.006250 0.012500
0 0.318250 0.519010 0.006500 0.008854
0 0.319750 0.526042 0.006500 0.007292
0 0.330250 0.487500 0.006000 0.014583
0 0.335500 0.474479 0.006500 0.010417
0 0.338500 0.470573 0.004000 0.010937
0 0.345000 0.475000 0.005000 0.013542
0 0.352375 0.462500 0.005750 0.011458
0 0.343625 0.458854 0.004250 0.015625
0 0.343125 0.442708 0.005750 0.014583
0 0.333500 0.450781 0.003500 0.015104
0 0.330250 0.440625 0.004500 0.011458
0 0.325125 0.432552 0.005250 0.016146
0 0.309375 0.450260 0.006750 0.014063
0 0.315250 0.472135 0.005000 0.011979
0 0.318375 0.470573 0.005750 0.013021
0 0.323875 0.475260 0.006250 0.011979
0 0.326750 0.465625 0.007000 0.009375
0 0.321000 0.463542 0.006500 0.011458
0 0.357125 0.474740 0.005750 0.008854
0 0.358250 0.471875 0.006500 0.010417
0 0.294375 0.452344 0.006750 0.014063
0 0.306625 0.422656 0.005250 0.011979
0 0.309875 0.398698 0.005750 0.015104
0 0.315875 0.387240 0.003750 0.017188
0 0.319625 0.384115 0.003250 0.017188
0 0.327625 0.402344 0.006750 0.013021
0 0.334000 0.397396 0.006000 0.011458
0 0.344875 0.403906 0.005750 0.013021
0 0.355625 0.409635 0.005250 0.014063
0 0.359000 0.424219 0.005500 0.014063
0 0.364250 0.429948 0.004000 0.011979
0 0.365875 0.442188 0.004750 0.012500
0 0.259375 0.427865 0.008250 0.014063
0 0.280375 0.318229 0.011250 0.019792
0 0.297000 0.326302 0.005000 0.013021
0 0.308875 0.341146 0.006250 0.009375
0 0.306125 0.334635 0.005750 0.007812
0 0.309375 0.331250 0.005250 0.010417
0 0.301875 0.323177 0.008750 0.011979
0 0.330125 0.340885 0.006250 0.007812
0 0.330500 0.336198 0.004500 0.007812
0 0.287750 0.276302 0.007500 0.014063
0 0.228250 0.233333 0.008500 0.011458
0 0.259125 0.226042 0.005750 0.006250
0 0.261125 0.231250 0.006750 0.004167
0 0.264250 0.237240 0.005000 0.009896
0 0.503875 0.654687 0.005750 0.013542
0 0.466625 0.603125 0.002750 0.009375
0 0.468750 0.603125 0.004000 0.012500
0 0.470500 0.602604 0.002500 0.009375
0 0.478625 0.575781 0.004250 0.013021
0 0.480500 0.572656 0.004000 0.013021
0 0.475625 0.548958 0.006250 0.010417
0 0.476750 0.538802 0.006000 0.011979
0 0.480875 0.525781 0.005250 0.013021
0 0.491000 0.508333 0.004500 0.013542
0 0.497875 0.526823 0.005250 0.014063
0 0.498125 0.495573 0.004250 0.014063
0 0.492250 0.462500 0.005000 0.011458
0 0.495250 0.483854 0.003000 0.009375
0 0.497125 0.482812 0.003750 0.012500
0 0.446250 0.512500 0.005000 0.013542
0 0.442375 0.519531 0.005250 0.009896
0 0.441125 0.507812 0.005750 0.012500
0 0.440875 0.480729 0.004250 0.014583
0 0.451125 0.494010 0.004750 0.011979
0 0.451750 0.489583 0.004000 0.011458
0 0.434875 0.491927 0.004250 0.014063
0 0.431750 0.489323 0.002500 0.011979
0 0.430375 0.476302 0.004250 0.013021
0 0.435625 0.471615 0.003250 0.014063
0 0.426250 0.457552 0.003500 0.009896
0 0.428125 0.456250 0.004250 0.012500
0 0.431500 0.457813 0.004500 0.012500
0 0.435500 0.455990 0.005000 0.011979
0 0.435625 0.463542 0.004750 0.009375
0 0.416125 0.430469 0.004750 0.011979
0 0.443375 0.420573 0.005750 0.007812
0 0.421250 0.400000 0.004000 0.011458
0 0.420250 0.388021 0.003500 0.011458
0 0.416625 0.381250 0.003750 0.016667
0 0.402250 0.384115 0.004500 0.010937
0 0.403125 0.395573 0.005750 0.011979
0 0.407000 0.407031 0.004500 0.008854
0 0.408750 0.415625 0.004000 0.008333
0 0.412875 0.415625 0.003250 0.010417
0 0.414625 0.421875 0.004750 0.005208
0 0.451000 0.383333 0.005500 0.013542
0 0.463375 0.395313 0.005750 0.009375
0 0.466750 0.401562 0.006500 0.009375
0 0.485875 0.393229 0.004750 0.009375
0 0.485125 0.381771 0.004250 0.014583
0 0.464625 0.338802 0.005250 0.010937
0 0.464500 0.350260 0.003500 0.010937
0 0.465375 0.301302 0.004750 0.011979
0 0.462250 0.302083 0.002500 0.014583
0 0.459875 0.300260 0.002750 0.014063
0 0.401125 0.335156 0.003750 0.013021
0 0.401750 0.324479 0.005000 0.011458
0 0.395750 0.330990 0.006000 0.009896
0 0.397500 0.339583 0.005500 0.007292
0 0.381000 0.311198 0.006000 0.015104
0 0.393000 0.272656 0.003500 0.017188
0 0.397375 0.275521 0.003250 0.015625
0 0.401375 0.279948 0.004250 0.010937
0 0.402875 0.253125 0.007750 0.010417
0 0.369750 0.260677 0.003000 0.013021
0 0.370625 0.252865 0.005250 0.011979
0 0.443250 0.248438 0.006500 0.019792
0 0.443750 0.184635 0.005500 0.006771
0 0.442375 0.174219 0.005250 0.014063
0 0.440500 0.156510 0.006000 0.013021
0 0.430250 0.128906 0.007500 0.013021
0 0.404750 0.131771 0.011500 0.010417
0 0.406625 0.138281 0.004250 0.011979
0 0.475750 0.475521 0.005000 0.012500
0 0.477875 0.473698 0.003250 0.009896
0 0.511625 0.530208 0.005250 0.016667
0 0.510750 0.489583 0.006500 0.011458
0 0.525875 0.487760 0.004250 0.013021
0 0.529500 0.492448 0.002500 0.013021
0 0.531375 0.490885 0.002250 0.013021
0 0.512875 0.457552 0.006250 0.007812
0 0.517625 0.451823 0.004250 0.013021
0 0.514500 0.445052 0.003500 0.011979
0 0.511875 0.444271 0.003250 0.015625
0 0.556750 0.408333 0.008500 0.014583
0 0.375250 0.477344 0.005500 0.010937
0 0.381750 0.474219 0.005000 0.013021
0 0.379875 0.489323 0.006750 0.014063
0 0.669500 0.394271 0.009500 0.012500
0 0.712000 0.367188 0.006000 0.012500
0 0.877000 0.624740 0.004000 0.011979
0 0.881625 0.624740 0.005250 0.006771
0 0.891250 0.609115 0.006000 0.017188
0 0.870375 0.642188 0.004250 0.009375
0 0.874875 0.640885 0.006250 0.008854
0 0.851375 0.634896 0.005750 0.008333
0 0.905125 0.573698 0.004750 0.006771
0 0.867375 0.604948 0.005250 0.007812
0 0.836375 0.586198 0.005250 0.009896
0 0.824125 0.553125 0.004750 0.008333
0 0.834250 0.558594 0.005000 0.009896
0 0.797500 0.591406 0.005000 0.013021
0 0.815000 0.571875 0.007500 0.015625
0 0.824750 0.564583 0.007500 0.012500
0 0.834875 0.540104 0.006250 0.010417
0 0.841875 0.545833 0.006250 0.014583
0 0.839250 0.571094 0.005500 0.008854
0 0.829875 0.514583 0.007750 0.015625
0 0.787125 0.545573 0.005250 0.007812
0 0.791750 0.535156 0.003500 0.006771
0 0.862625 0.553385 0.006250 0.007812
0 0.871000 0.546354 0.007000 0.010417
0 0.872375 0.534635 0.005250 0.009896
0 0.886250 0.522135 0.005000 0.008854
0 0.893250 0.521094 0.006500 0.007812
0 0.909125 0.535156 0.005750 0.006771
0 0.921750 0.551042 0.006500 0.007292
0 0.922250 0.545573 0.005500 0.005729
0 0.928500 0.550521 0.005500 0.013542
0 0.956625 0.604688 0.007750 0.015625
0 0.970875 0.566146 0.005750 0.015625
0 0.961750 0.539844 0.005000 0.007812
0 0.940000 0.514844 0.007000 0.014063
0 0.909875 0.480208 0.004250 0.008333
0 0.893500 0.425521 0.006500 0.011458
0 0.924000 0.435677 0.004000 0.007812
0 0.936125 0.443490 0.004250 0.010937
0 0.956750 0.457031 0.009000 0.010937
0 0.974875 0.465365 0.004250 0.009896
0 0.987750 0.492969 0.008000 0.010937
0 0.984000 0.405990 0.006500 0.006771
0 0.973250 0.404427 0.004000 0.010937
0 0.981750 0.383333 0.003500 0.008333
0 0.974250 0.390625 0.003000 0.006250
0 0.980625 0.111198 0.006250 0.011979
0 0.984625 0.156250 0.005250 0.009375
0 0.974625 0.161719 0.005750 0.015104
0 0.996750 0.203906 0.005000 0.007812
0 0.987500 0.237240 0.005000 0.014063
0 0.983875 0.246615 0.005250 0.009896
0 0.991625 0.281510 0.003750 0.014063
0 0.997375 0.262500 0.004750 0.009375
0 0.995125 0.231771 0.003750 0.011458
0 0.992625 0.220312 0.004750 0.007292
0 0.993000 0.249219 0.004500 0.007812
0 0.986750 0.255469 0.003000 0.006771
0 0.996000 0.295312 0.005500 0.011458
0 0.990875 0.304688 0.005750 0.008333
0 0.995125 0.308854 0.005250 0.012500
0 0.996625 0.325260 0.003250 0.014063
0 0.997375 0.345313 0.004750 0.008333
0 0.979375 0.336719 0.005750 0.009896
0 0.988750 0.324740 0.004000 0.007812
0 0.984125 0.329167 0.004750 0.005208
0 0.981125 0.355208 0.005750 0.005208
0 0.956000 0.354167 0.005500 0.005208
0 0.957125 0.478125 0.004750 0.006250
0 0.958125 0.481771 0.004250 0.009375
0 0.965000 0.454167 0.003500 0.006250
0 0.967250 0.449219 0.002500 0.007812
0 0.971125 0.447917 0.003250 0.006250
0 0.983375 0.439062 0.004250 0.009375
0 0.978500 0.460156 0.004000 0.007812
0 0.983875 0.457813 0.003250 0.007292
0 0.984125 0.451823 0.002750 0.005729
0 0.988125 0.447396 0.002750 0.005208
0 0.948375 0.427604 0.002750 0.009375
0 0.945875 0.426823 0.002250 0.010937
0 0.946125 0.407031 0.003750 0.007812
0 0.943125 0.411198 0.003250 0.007812
0 0.933750 0.418750 0.005500 0.009375
0 0.944750 0.395833 0.004500 0.007292
0 0.968250 0.352865 0.004000 0.007812
