0 0.090104 0.377375 0.011458 0.007250
0 0.114583 0.366000 0.016667 0.005500
0 0.241146 0.337750 0.008333 0.007000
0 0.278125 0.382250 0.006250 0.006500
0 0.284635 0.388875 0.006771 0.006750
0 0.296094 0.392500 0.010937 0.005500
0 0.276562 0.405000 0.013542 0.004000
0 0.288281 0.420125 0.013021 0.007250
0 0.286198 0.426750 0.016146 0.004500
0 0.296615 0.432375 0.016146 0.004250
0 0.295833 0.437250 0.014583 0.005500
0 0.282031 0.448750 0.016146 0.003000
0 0.278906 0.454750 0.008854 0.006500
0 0.288021 0.452875 0.014583 0.003750
0 0.280208 0.495375 0.015625 0.004750
0 0.214062 0.460250 0.010417 0.007500
0 0.430990 0.441625 0.011979 0.006250
0 0.464844 0.448125 0.010937 0.005750
0 0.497917 0.365875 0.009375 0.006750
0 0.568490 0.353000 0.011979 0.005500
0 0.716406 0.341875 0.007812 0.005750
0 0.701302 0.321375 0.006771 0.007250
0 0.720313 0.325875 0.010417 0.003250
0 0.714844 0.321875 0.010937 0.006250
0 0.801823 0.323000 0.010937 0.007500
0 0.825781 0.287000 0.010937 0.005500
0 0.841667 0.256125 0.012500 0.003750
0 0.760156 0.272750 0.008854 0.006500
0 0.746094 0.257375 0.015104 0.004250
0 0.795052 0.285625 0.008854 0.005750
0 0.798438 0.289875 0.008333 0.004250
0 0.802344 0.292250 0.006771 0.005500
0 0.959635 0.499000 0.007812 0.005500
0 0.981250 0.540500 0.007292 0.004500
0 0.955469 0.552750 0.007812 0.005500
0 0.893229 0.529375 0.014583 0.004750
0 0.835938 0.514625 0.010417 0.003750
0 0.839323 0.509625 0.015104 0.006250
0 0.703646 0.497875 0.012500 0.005250
0 0.688542 0.491875 0.010417 0.005750
0 0.647656 0.529500 0.011979 0.006500
0 0.627083 0.529375 0.012500 0.005250
0 0.633594 0.524625 0.007812 0.005250
0 0.584635 0.513125 0.011979 0.005250
0 0.576562 0.532250 0.013542 0.004000
0 0.555469 0.528500 0.009896 0.006000
0 0.557292 0.525000 0.010417 0.004500
0 0.523438 0.531125 0.015625 0.004750
0 0.485417 0.531375 0.014583 0.007750
0 0.373958 0.528000 0.015625 0.003500
0 0.359115 0.529875 0.013021 0.003250
0 0.394010 0.543625 0.011979 0.003250
0 0.421354 0.532000 0.015625 0.006500
0 0.334896 0.591875 0.016667 0.003250
0 0.361198 0.609625 0.011979 0.006250
0 0.382292 0.578625 0.007292 0.007750
0 0.396354 0.586000 0.007292 0.007500
0 0.388542 0.582750 0.010417 0.005000
0 0.378125 0.623750 0.016667 0.004500
0 0.383854 0.630125 0.015625 0.007250
0 0.415885 0.645125 0.008854 0.008250
0 0.378385 0.657500 0.011979 0.004000
0 0.425000 0.669000 0.008333 0.008000
0 0.416927 0.697500 0.011979 0.005500
0 0.490885 0.664750 0.013021 0.007500
0 0.491406 0.681000 0.014063 0.007500
0 0.575000 0.701250 0.012500 0.004000
0 0.577083 0.712250 0.014583 0.007000
0 0.571875 0.726500 0.011458 0.009000
0 0.586719 0.727125 0.007812 0.005250
0 0.571354 0.739375 0.015625 0.005750
0 0.622396 0.741000 0.009375 0.005000
0 0.617708 0.751250 0.011458 0.006500
0 0.615104 0.781500 0.013542 0.004000
0 0.579948 0.796500 0.013021 0.007000
0 0.548438 0.816875 0.009375 0.004250
0 0.578385 0.845875 0.010937 0.004250
0 0.619010 0.847875 0.016146 0.007250
0 0.213802 0.813375 0.011979 0.006250
0 0.213802 0.787250 0.007812 0.007000
0 0.256510 0.633625 0.014063 0.004250
0 0.494531 0.124125 0.015104 0.010250
0 0.499479 0.620875 0.012500 0.007250
0 0.498437 0.629500 0.010417 0.007500
0 0.511719 0.629875 0.013021 0.005250
0 0.509375 0.639125 0.011458 0.005750
0 0.519792 0.644750 0.009375 0.006000
0 0.522396 0.642125 0.012500 0.005250
0 0.552083 0.653625 0.009375 0.008250
0 0.566667 0.666875 0.008333 0.007750
0 0.646615 0.676500 0.015104 0.006500
0 0.599219 0.690250 0.008854 0.007500
0 0.589844 0.685250 0.009896 0.008500
0 0.583073 0.671500 0.008854 0.007000
0 0.595573 0.667500 0.013021 0.005000
0 0.595313 0.670875 0.011458 0.003750
0 0.623698 0.663250 0.016146 0.005500
0 0.622135 0.668625 0.013021 0.007750
0 0.625000 0.649500 0.009375 0.008500
0 0.614583 0.655125 0.007292 0.007750
0 0.623437 0.655625 0.012500 0.008750
0 0.852083 0.805875 0.011458 0.008750
0 0.822396 0.805875 0.017708 0.008750
