0 0.334896 0.465500 0.006250 0.004500
0 0.332031 0.464750 0.006771 0.005500
0 0.385417 0.393375 0.010417 0.005750
0 0.420833 0.510750 0.010417 0.005000
0 0.466146 0.452750 0.010417 0.005500
0 0.461458 0.447000 0.009375 0.004000
0 0.455729 0.445375 0.008333 0.005250
0 0.528385 0.390875 0.010937 0.005750
0 0.525000 0.389500 0.008333 0.005000
0 0.556510 0.382500 0.007812 0.004000
0 0.558854 0.381000 0.011458 0.005000
0 0.598958 0.405250 0.008333 0.005000
0 0.566146 0.408750 0.010417 0.005500
0 0.558854 0.408125 0.007292 0.005250
0 0.509896 0.437000 0.012500 0.004000
0 0.513802 0.469500 0.009896 0.003000
0 0.507292 0.466875 0.009375 0.003250
0 0.511719 0.532000 0.011979 0.005000
0 0.558333 0.536625 0.011458 0.003750
0 0.568229 0.533750 0.012500 0.003500
0 0.636979 0.492125 0.011458 0.005750
0 0.672917 0.482125 0.009375 0.005250
0 0.645573 0.472750 0.013021 0.005500
0 0.672135 0.459625 0.014063 0.004750
0 0.733854 0.460625 0.014583 0.003750
0 0.720052 0.437500 0.011979 0.006000
0 0.775781 0.438000 0.014063 0.005500
0 0.804948 0.428750 0.009896 0.005500
0 0.886198 0.417875 0.011979 0.003750
0 0.896615 0.416000 0.013021 0.004000
0 0.901562 0.412625 0.007292 0.005250
0 0.900260 0.422250 0.009896 0.002500
0 0.899479 0.420625 0.013542 0.003750
0 0.929167 0.437875 0.006250 0.005250
0 0.932812 0.436875 0.009375 0.005250
0 0.900781 0.445500 0.006771 0.004500
0 0.897396 0.444625 0.008333 0.006250
0 0.894792 0.441250 0.008333 0.006000
0 0.878646 0.457375 0.013542 0.005750
0 0.862760 0.468500 0.010937 0.003500
0 0.860938 0.465250 0.009375 0.004000
0 0.837760 0.467375 0.008854 0.005750
0 0.831250 0.460750 0.009375 0.004500
0 0.831510 0.464250 0.009896 0.002500
0 0.821354 0.466625 0.011458 0.002750
0 0.823177 0.463250 0.007812 0.004000
0 0.814844 0.464125 0.008854 0.005750
0 0.810937 0.459250 0.008333 0.006000
0 0.808333 0.453875 0.013542 0.003750
0 0.801302 0.460625 0.008854 0.006750
0 0.764062 0.467500 0.012500 0.004500
0 0.754427 0.474125 0.011979 0.004250
0 0.758854 0.478250 0.012500 0.004500
0 0.739323 0.491500 0.009896 0.005000
0 0.723437 0.495125 0.011458 0.002750
0 0.725000 0.492250 0.013542 0.003000
0 0.710417 0.490000 0.012500 0.004500
0 0.694010 0.488250 0.008854 0.005000
0 0.494792 0.595500 0.010417 0.003000
0 0.496615 0.592375 0.009896 0.003250
0 0.506510 0.590125 0.010937 0.002750
0 0.643490 0.603500 0.013021 0.003500
0 0.664062 0.590875 0.012500 0.003250
0 0.729948 0.597375 0.010937 0.006750
0 0.713802 0.593500 0.010937 0.007000
0 0.741406 0.597500 0.013021 0.004000
0 0.755729 0.600500 0.010417 0.007000
0 0.778385 0.605875 0.013021 0.005250
0 0.783333 0.601750 0.013542 0.005000
0 0.773438 0.575375 0.011458 0.003750
0 0.779167 0.573750 0.009375 0.003000
0 0.795312 0.575000 0.010417 0.004000
0 0.818750 0.596375 0.013542 0.005250
0 0.836198 0.595750 0.014063 0.003500
0 0.836458 0.598625 0.012500 0.003250
0 0.849479 0.599375 0.011458 0.004750
0 0.922135 0.609875 0.017188 0.004250
0 0.846875 0.668125 0.013542 0.005250
0 0.827344 0.660375 0.014063 0.004750
0 0.829948 0.657500 0.006771 0.004000
0 0.811719 0.649250 0.011979 0.004500
0 0.783594 0.640250 0.008854 0.005500
0 0.778385 0.638125 0.011979 0.004750
0 0.771615 0.630750 0.008854 0.002500
0 0.771354 0.628250 0.011458 0.003500
0 0.682292 0.648625 0.010417 0.004750
0 0.681771 0.645125 0.009375 0.003250
0 0.663542 0.633375 0.011458 0.003250
0 0.664062 0.629375 0.011458 0.003750
0 0.623698 0.610625 0.010937 0.003750
0 0.611979 0.609750 0.011458 0.003000
0 0.600781 0.614000 0.011979 0.003500
0 0.606510 0.617125 0.011979 0.002750
0 0.612500 0.620125 0.008333 0.004250
0 0.571875 0.609000 0.011458 0.004000
0 0.560156 0.614500 0.011979 0.004000
0 0.551562 0.613375 0.006250 0.005750
0 0.580990 0.618250 0.006771 0.005000
0 0.469531 0.630250 0.004687 0.003500
0 0.473698 0.630250 0.005729 0.004500
0 0.634375 0.662125 0.011458 0.004250
0 0.712500 0.686750 0.008333 0.006000
0 0.794792 0.722750 0.006250 0.005000
0 0.823698 0.750250 0.015104 0.005000
0 0.734115 0.735250 0.013021 0.006000
0 0.703385 0.739875 0.011979 0.005750
0 0.682813 0.738125 0.010417 0.005250
0 0.700000 0.729875 0.014583 0.004250
0 0.685937 0.724875 0.014583 0.004250
0 0.684115 0.720750 0.016146 0.004500
0 0.710677 0.736000 0.009896 0.006000
0 0.717448 0.739500 0.008854 0.003500
0 0.720052 0.737875 0.011979 0.004750
0 0.647135 0.731000 0.014063 0.003500
0 0.647917 0.727875 0.012500 0.002750
0 0.627083 0.710750 0.009375 0.003000
0 0.628385 0.708875 0.013021 0.003250
0 0.630990 0.698750 0.008854 0.007500
0 0.766667 0.714750 0.010417 0.004000
0 0.756771 0.720625 0.009375 0.005250
0 0.756771 0.717750 0.010417 0.004000
0 0.756510 0.714375 0.006771 0.003750
