0 0.189583 0.584500 0.023958 0.008500
0 0.308594 0.585000 0.015104 0.009500
0 0.332031 0.592250 0.017188 0.006000
0 0.368490 0.635375 0.014063 0.006750
0 0.665625 0.657000 0.020833 0.011000
0 0.761198 0.615625 0.024479 0.011750
0 0.923958 0.418125 0.030208 0.006750
0 0.907552 0.431125 0.025521 0.010750
0 0.886458 0.454750 0.019792 0.006500
0 0.070833 0.370500 0.022917 0.009500
0 0.130469 0.437000 0.017188 0.009000
0 0.398438 0.538125 0.020833 0.006750
0 0.991927 0.615625 0.015104 0.006250
0 0.131771 0.375500 0.019792 0.009500
0 0.880469 0.785250 0.015104 0.010000
