0 0.494125 0.458333 0.017750 0.038542
0 0.513625 0.497656 0.017750 0.045312
0 0.499125 0.533073 0.016750 0.039062
0 0.551875 0.552865 0.012250 0.027604
0 0.399500 0.389583 0.014000 0.020833
0 0.350250 0.446615 0.012000 0.029687
0 0.391750 0.430990 0.008000 0.021354
0 0.399250 0.419531 0.009000 0.021354
0 0.408625 0.401823 0.010750 0.019271
0 0.407125 0.425260 0.012750 0.021354
0 0.399125 0.448437 0.013750 0.022917
0 0.417375 0.453125 0.013750 0.032292
0 0.411375 0.469271 0.009750 0.023958
0 0.411750 0.479687 0.012500 0.026042
0 0.419000 0.472656 0.010000 0.025521
0 0.412250 0.469792 0.010000 0.027083
0 0.445250 0.489583 0.013000 0.027083
0 0.354625 0.679688 0.014750 0.021875
0 0.389500 0.753646 0.008000 0.022917
0 0.338750 0.763021 0.015500 0.021875
0 0.317250 0.736198 0.013000 0.025521
0 0.308125 0.697656 0.008750 0.023438
0 0.258875 0.716667 0.010250 0.025000
0 0.268250 0.757292 0.010500 0.028125
0 0.457500 0.717187 0.016500 0.039583
0 0.539125 0.677865 0.013750 0.018229
0 0.500375 0.543750 0.013750 0.026042
0 0.527500 0.720313 0.011500 0.022917
0 0.520875 0.730990 0.012750 0.018229
0 0.510125 0.750000 0.013750 0.016667
0 0.517125 0.756771 0.013250 0.022917
0 0.449875 0.806771 0.007750 0.021875
0 0.454500 0.816667 0.010500 0.021875
0 0.208875 0.796875 0.016250 0.030208
0 0.371625 0.838021 0.011750 0.027083
