0 0.171615 0.507125 0.009896 0.006750
0 0.266667 0.506125 0.010417 0.004250
0 0.257031 0.498875 0.006771 0.006250
0 0.265365 0.493125 0.006771 0.006250
0 0.255990 0.490875 0.010937 0.003250
0 0.257292 0.487625 0.013542 0.003250
0 0.257292 0.480375 0.008333 0.006250
0 0.256510 0.437250 0.008854 0.003500
0 0.230469 0.404125 0.014063 0.004250
0 0.249479 0.385875 0.011458 0.006250
0 0.220052 0.316375 0.014063 0.002750
0 0.218229 0.313875 0.012500 0.002750
0 0.249479 0.315250 0.007292 0.004000
0 0.246875 0.314625 0.008333 0.005250
0 0.244271 0.313750 0.008333 0.005000
0 0.390104 0.305500 0.014583 0.003500
0 0.380990 0.303625 0.011979 0.003750
0 0.370052 0.424875 0.007812 0.005750
0 0.367969 0.424125 0.006771 0.005250
0 0.407031 0.424000 0.007812 0.004000
0 0.408854 0.422000 0.006250 0.002500
0 0.328646 0.457625 0.004167 0.006250
0 0.333333 0.456500 0.005208 0.006000
0 0.282552 0.507750 0.007812 0.007500
0 0.320833 0.508750 0.011458 0.006500
0 0.286979 0.540875 0.009375 0.006750
0 0.346354 0.546375 0.011458 0.003250
0 0.359896 0.545500 0.013542 0.003000
0 0.359115 0.543000 0.011979 0.002000
0 0.366667 0.540125 0.008333 0.006250
0 0.370312 0.538625 0.006250 0.005250
0 0.389323 0.538000 0.010937 0.003000
0 0.387760 0.536125 0.013021 0.003250
0 0.409635 0.531625 0.005729 0.005250
0 0.404427 0.531500 0.006771 0.006500
0 0.404948 0.521000 0.014063 0.004500
0 0.403125 0.519125 0.011458 0.003750
0 0.478385 0.514250 0.011979 0.004000
0 0.478646 0.512125 0.012500 0.003250
0 0.487500 0.480375 0.012500 0.004750
0 0.621875 0.485500 0.007292 0.005000
0 0.609896 0.506750 0.012500 0.006000
0 0.684115 0.505750 0.008854 0.003500
0 0.682292 0.504500 0.011458 0.005000
0 0.471875 0.528000 0.010417 0.003000
0 0.472917 0.525500 0.011458 0.002500
0 0.398698 0.547000 0.014063 0.004000
0 0.392708 0.554000 0.012500 0.003000
0 0.392708 0.556125 0.011458 0.002250
0 0.322656 0.564750 0.007812 0.004500
0 0.320052 0.567125 0.007812 0.003750
0 0.395052 0.585375 0.016146 0.005250
0 0.415104 0.589000 0.014583 0.003000
0 0.415625 0.586500 0.014583 0.003000
0 0.433073 0.590625 0.011979 0.005250
0 0.434896 0.588375 0.009375 0.004750
0 0.438021 0.601375 0.009375 0.005750
0 0.493229 0.597125 0.012500 0.005250
0 0.494531 0.594750 0.013021 0.004000
0 0.604427 0.605875 0.014063 0.004750
0 0.619271 0.607250 0.010417 0.005500
0 0.779427 0.624375 0.013021 0.004250
0 0.779427 0.621125 0.014063 0.003250
0 0.912240 0.623375 0.014063 0.005250
0 0.828646 0.632000 0.011458 0.006000
0 0.778385 0.632375 0.010937 0.005750
0 0.668750 0.633250 0.011458 0.005500
0 0.657813 0.627250 0.007292 0.007500
0 0.365104 0.624500 0.012500 0.004500
0 0.466406 0.659875 0.013021 0.003750
0 0.464062 0.656750 0.015625 0.003000
0 0.544271 0.691250 0.013542 0.004500
0 0.557031 0.695250 0.009896 0.005000
0 0.566146 0.695250 0.009375 0.005500
0 0.595833 0.704500 0.010417 0.005500
0 0.664062 0.710125 0.009375 0.005250
0 0.670312 0.708750 0.009375 0.005000
