0 0.012500 0.653500 0.016667 0.003500
0 0.043490 0.637125 0.009896 0.006750
0 0.214062 0.611500 0.016667 0.004500
0 0.354427 0.603625 0.015104 0.005250
0 0.340104 0.601875 0.013542 0.004250
0 0.431771 0.582625 0.012500 0.005250
0 0.426563 0.570375 0.015625 0.004250
0 0.323698 0.554375 0.008854 0.004250
0 0.317188 0.552625 0.006250 0.003250
0 0.313021 0.550750 0.008333 0.002500
0 0.210677 0.530625 0.007812 0.006750
0 0.215625 0.520375 0.012500 0.006250
0 0.177865 0.538125 0.009896 0.006750
0 0.402604 0.492625 0.013542 0.005750
0 0.352865 0.458375 0.013021 0.006250
0 0.348958 0.453250 0.013542 0.002500
0 0.348177 0.450875 0.015104 0.002750
0 0.075521 0.221125 0.008333 0.007250
0 0.575000 0.441000 0.005208 0.004500
0 0.577865 0.439000 0.004687 0.003500
0 0.598437 0.378625 0.014583 0.003750
0 0.600781 0.374500 0.016146 0.005000
0 0.490104 0.362250 0.017708 0.006000
0 0.667708 0.337625 0.013542 0.006250
0 0.677865 0.319125 0.013021 0.004750
0 0.644010 0.289500 0.013021 0.004500
0 0.644531 0.286500 0.016146 0.005000
0 0.715885 0.268375 0.008854 0.006750
0 0.712760 0.267000 0.010937 0.007500
0 0.754427 0.267875 0.007812 0.006250
0 0.750000 0.266875 0.010417 0.007750
0 0.844271 0.240500 0.008333 0.009000
0 0.741927 0.184625 0.013021 0.006750
0 0.630729 0.532625 0.011458 0.006750
0 0.630208 0.529125 0.012500 0.003250
0 0.734635 0.503125 0.009896 0.007750
0 0.735417 0.470125 0.016667 0.005750
0 0.813542 0.449875 0.011458 0.008750
0 0.889062 0.445000 0.009375 0.009000
0 0.892188 0.431125 0.014583 0.007250
0 0.927604 0.440625 0.012500 0.006750
0 0.923438 0.438750 0.010417 0.004500
0 0.865104 0.480875 0.016667 0.003750
0 0.772135 0.574500 0.013021 0.004000
0 0.769792 0.572250 0.009375 0.003500
0 0.840365 0.558375 0.016146 0.005250
0 0.813281 0.577000 0.010937 0.002500
0 0.814323 0.575000 0.014063 0.003500
0 0.897396 0.565750 0.016667 0.006000
0 0.689323 0.612500 0.013021 0.006000
0 0.733594 0.624250 0.010937 0.006000
0 0.710938 0.639875 0.015625 0.004750
