0 0.259896 0.517625 0.009375 0.009250
0 0.294271 0.556000 0.009375 0.005000
0 0.208073 0.586125 0.011979 0.008250
0 0.151042 0.616375 0.013542 0.006250
0 0.136979 0.617875 0.009375 0.007250
0 0.211198 0.665000 0.016146 0.005500
0 0.222656 0.691875 0.015104 0.007750
0 0.156771 0.763250 0.011458 0.006000
0 0.159635 0.758000 0.010937 0.005500
0 0.320052 0.516375 0.009896 0.004250
0 0.358854 0.528125 0.011458 0.004250
0 0.345833 0.540250 0.013542 0.006500
0 0.362760 0.547375 0.007812 0.003250
0 0.370312 0.550000 0.008333 0.004500
0 0.314063 0.552375 0.008333 0.006750
0 0.336458 0.594375 0.011458 0.006750
0 0.327344 0.617125 0.014063 0.006250
0 0.400781 0.598125 0.013021 0.004750
0 0.706771 0.791250 0.012500 0.006500
0 0.691146 0.762500 0.011458 0.005500
0 0.675521 0.757750 0.012500 0.005000
0 0.688542 0.753375 0.015625 0.006750
0 0.693750 0.744000 0.006250 0.006500
0 0.697396 0.741375 0.011458 0.005750
0 0.589583 0.740625 0.016667 0.006750
0 0.669792 0.726250 0.007292 0.007000
0 0.678125 0.728625 0.009375 0.007250
0 0.661979 0.713250 0.010417 0.005000
0 0.646615 0.708250 0.008854 0.005000
0 0.656771 0.698500 0.006250 0.005500
0 0.528906 0.691250 0.014063 0.008500
0 0.469010 0.658000 0.017188 0.007500
0 0.540104 0.642125 0.014583 0.005250
0 0.602083 0.660125 0.009375 0.005250
0 0.466146 0.549500 0.016667 0.008500
0 0.636979 0.513625 0.010417 0.005250
0 0.611719 0.497250 0.013021 0.005500
0 0.616146 0.492750 0.012500 0.005500
0 0.738021 0.570875 0.012500 0.005750
0 0.754427 0.564375 0.013021 0.005250
0 0.807812 0.586625 0.013542 0.005750
0 0.824219 0.604625 0.014063 0.004750
0 0.844010 0.601125 0.009896 0.005250
0 0.733073 0.635250 0.014063 0.006000
0 0.820833 0.661375 0.014583 0.007250
0 0.854427 0.647875 0.007812 0.006250
0 0.838281 0.640125 0.011979 0.005250
0 0.876042 0.641750 0.015625 0.005000
0 0.862240 0.622625 0.013021 0.006250
0 0.875521 0.615625 0.013542 0.007250
0 0.915625 0.604000 0.007292 0.006000
0 0.911719 0.670875 0.006771 0.006250
0 0.923958 0.676500 0.013542 0.005000
0 0.939583 0.677750 0.009375 0.006500
0 0.952344 0.675875 0.014063 0.004750
0 0.948177 0.671500 0.013021 0.004000
0 0.951302 0.669125 0.011979 0.003750
0 0.991406 0.671000 0.010937 0.005500
0 0.967708 0.655500 0.010417 0.004500
0 0.960938 0.645750 0.015625 0.007000
0 0.970833 0.566375 0.010417 0.005750
0 0.959635 0.557250 0.011979 0.006500
0 0.922396 0.560750 0.011458 0.006000
0 0.937500 0.550125 0.010417 0.006250
0 0.958333 0.543750 0.014583 0.005500
0 0.957552 0.540250 0.011979 0.004000
0 0.954427 0.536750 0.011979 0.004000
0 0.988281 0.533750 0.016146 0.006000
0 0.975000 0.516375 0.016667 0.006250
0 0.925781 0.498125 0.013021 0.007250
0 0.928125 0.488500 0.013542 0.006000
0 0.926823 0.483375 0.013021 0.004250
0 0.935156 0.480125 0.014063 0.005250
0 0.992708 0.478250 0.009375 0.005500
0 0.919531 0.527000 0.011979 0.005500
0 0.895573 0.534000 0.013021 0.006000
0 0.870573 0.528250 0.008854 0.006000
0 0.886979 0.528250 0.015625 0.005500
0 0.816927 0.535125 0.006771 0.004250
0 0.785156 0.521875 0.010937 0.005250
0 0.787760 0.515750 0.008854 0.004000
0 0.797917 0.515750 0.010417 0.005500
0 0.837240 0.517875 0.009896 0.006750
0 0.830469 0.511000 0.011979 0.005500
0 0.857812 0.499875 0.014583 0.006250
0 0.880729 0.478875 0.016667 0.006750
0 0.878646 0.472375 0.014583 0.006750
0 0.885417 0.462750 0.013542 0.005000
0 0.845052 0.465000 0.015104 0.006500
0 0.833854 0.457250 0.013542 0.006000
0 0.818229 0.443000 0.014583 0.005000
0 0.768229 0.507500 0.012500 0.006000
0 0.764062 0.502250 0.011458 0.005500
0 0.688542 0.498875 0.014583 0.004250
0 0.667708 0.438375 0.017708 0.006750
0 0.427344 0.394500 0.020313 0.005000
0 0.638802 0.397250 0.010937 0.003000
0 0.663021 0.404625 0.016667 0.005250
0 0.742188 0.415500 0.013542 0.005500
0 0.791927 0.426250 0.016146 0.004500
0 0.822656 0.414750 0.014063 0.004500
0 0.861979 0.415750 0.013542 0.004000
0 0.809375 0.436625 0.007292 0.003250
0 0.936979 0.448375 0.014583 0.005750
0 0.959115 0.444500 0.014063 0.004000
0 0.699219 0.309500 0.014063 0.004500
0 0.764323 0.233500 0.007812 0.005000
0 0.779687 0.186750 0.005208 0.004500
0 0.783594 0.185375 0.007812 0.003750
0 0.788281 0.169625 0.005729 0.004250
0 0.791406 0.167750 0.005729 0.003500
0 0.775260 0.133500 0.009896 0.005000
0 0.959896 0.124875 0.008333 0.004750
0 0.476302 0.868750 0.014063 0.006500
