0 0.083594 0.537750 0.009896 0.004500
0 0.184896 0.503000 0.011458 0.005000
0 0.340365 0.438875 0.009896 0.005250
0 0.326823 0.437500 0.010937 0.005000
0 0.376823 0.412375 0.008854 0.005250
0 0.428385 0.461875 0.007812 0.005250
0 0.429948 0.475750 0.006771 0.005500
0 0.447396 0.476500 0.011458 0.006000
0 0.414583 0.488625 0.007292 0.005750
0 0.407552 0.506125 0.007812 0.004250
0 0.405208 0.509500 0.011458 0.002500
0 0.403906 0.513500 0.007812 0.005500
0 0.439062 0.538500 0.007292 0.004500
0 0.409115 0.535875 0.006771 0.005750
0 0.404167 0.532250 0.006250 0.005000
0 0.378385 0.543250 0.004687 0.004000
0 0.381510 0.542875 0.006771 0.004750
0 0.313802 0.573500 0.008854 0.004500
0 0.356250 0.573000 0.003125 0.005000
0 0.360156 0.573000 0.004687 0.005500
0 0.369792 0.585750 0.008333 0.006000
0 0.369010 0.581500 0.004687 0.004000
0 0.366406 0.580875 0.008854 0.004750
0 0.379948 0.621500 0.008854 0.005500
0 0.346094 0.623000 0.007812 0.005500
0 0.341146 0.617500 0.010417 0.003500
0 0.339844 0.616000 0.009896 0.003000
0 0.322656 0.661500 0.014063 0.004000
0 0.362240 0.650500 0.011979 0.003000
0 0.378906 0.656500 0.004687 0.005000
0 0.382812 0.656875 0.004167 0.004250
0 0.559115 0.455000 0.009896 0.005000
0 0.532031 0.468500 0.005729 0.004000
0 0.527083 0.468500 0.005208 0.005500
0 0.574479 0.477375 0.007292 0.005250
0 0.578906 0.475500 0.007812 0.005500
0 0.540104 0.504750 0.007292 0.005000
0 0.554688 0.505500 0.007292 0.005500
0 0.559375 0.516000 0.005208 0.004000
0 0.563281 0.514875 0.007812 0.003750
0 0.555208 0.512500 0.008333 0.003500
0 0.558333 0.511250 0.007292 0.004000
0 0.558073 0.532375 0.007812 0.004250
0 0.552083 0.533000 0.007292 0.005500
0 0.569271 0.537500 0.007292 0.005000
0 0.588802 0.531375 0.005729 0.004750
0 0.585156 0.530750 0.004687 0.004000
0 0.600521 0.530500 0.008333 0.002000
0 0.609375 0.532875 0.008333 0.003250
0 0.571615 0.551875 0.008854 0.005250
0 0.553906 0.554625 0.011979 0.002750
0 0.560937 0.546375 0.008333 0.003250
0 0.561979 0.545125 0.008333 0.002750
0 0.593229 0.544750 0.004167 0.004500
0 0.590104 0.544000 0.005208 0.005000
0 0.577604 0.565125 0.010417 0.004750
0 0.580208 0.561625 0.009375 0.003250
0 0.584115 0.561000 0.008854 0.004500
0 0.603125 0.564375 0.007292 0.003250
0 0.603385 0.566500 0.008854 0.003000
0 0.603385 0.568625 0.008854 0.003750
0 0.577865 0.575625 0.007812 0.005250
0 0.600521 0.588375 0.011458 0.005750
0 0.603646 0.625625 0.009375 0.004250
0 0.616406 0.631625 0.009896 0.004750
0 0.647396 0.651250 0.005208 0.004000
0 0.645312 0.650625 0.007292 0.004250
0 0.642708 0.690500 0.011458 0.004500
0 0.630990 0.446375 0.008854 0.004250
0 0.636979 0.439125 0.007292 0.005750
0 0.654687 0.445250 0.009375 0.005500
0 0.639583 0.453500 0.012500 0.003500
0 0.668490 0.454750 0.007812 0.005500
0 0.654948 0.458875 0.009896 0.002750
0 0.661719 0.462500 0.008854 0.004500
0 0.677604 0.471625 0.010417 0.003750
0 0.690625 0.485625 0.010417 0.003750
0 0.694531 0.482125 0.005729 0.004750
0 0.680208 0.482625 0.009375 0.004750
0 0.688281 0.482250 0.007812 0.003000
0 0.704427 0.487250 0.009896 0.003500
0 0.727865 0.484875 0.014063 0.005250
0 0.714583 0.492625 0.010417 0.004250
0 0.713281 0.495250 0.009896 0.005000
0 0.724740 0.504375 0.013021 0.003250
0 0.748958 0.500250 0.007292 0.006500
0 0.732292 0.509125 0.008333 0.001750
0 0.733594 0.510750 0.008854 0.002500
0 0.754167 0.520000 0.008333 0.004500
0 0.814063 0.530250 0.010417 0.003500
0 0.833854 0.537500 0.008333 0.005000
0 0.842969 0.525875 0.010937 0.002250
0 0.843490 0.524125 0.009896 0.002250
0 0.821615 0.554250 0.011979 0.004000
0 0.869792 0.576625 0.008333 0.005250
0 0.883594 0.569375 0.010937 0.004750
0 0.843229 0.610750 0.008333 0.003500
0 0.901302 0.597000 0.006771 0.005500
0 0.907813 0.597625 0.007292 0.003750
0 0.909896 0.596500 0.009375 0.004000
0 0.938542 0.611750 0.008333 0.005500
0 0.924479 0.636750 0.015625 0.005000
0 0.983594 0.408750 0.010937 0.003000
0 0.982812 0.406875 0.010417 0.002750
