0 0.416500 0.992969 0.006500 0.008854
0 0.427625 0.994271 0.005250 0.010417
0 0.461750 0.945312 0.007000 0.013542
0 0.461000 0.945833 0.006500 0.011458
0 0.453000 0.907292 0.007500 0.012500
0 0.461375 0.892969 0.005250 0.010937
0 0.483500 0.843750 0.006000 0.011458
0 0.525750 0.776563 0.003500 0.012500
0 0.520500 0.779687 0.006500 0.011458
0 0.515875 0.768229 0.003750 0.012500
0 0.493250 0.795573 0.006500 0.015104
0 0.492000 0.795312 0.004000 0.009375
0 0.458250 0.836198 0.006000 0.014063
0 0.458125 0.835938 0.005750 0.011458
0 0.418375 0.958073 0.005750 0.013021
0 0.417750 0.959896 0.005500 0.013542
0 0.412000 0.956510 0.007000 0.015104
0 0.412375 0.954948 0.006750 0.019271
0 0.520375 0.704427 0.006750 0.010937
0 0.520625 0.706771 0.003750 0.006250
0 0.492875 0.729427 0.006750 0.008854
0 0.478000 0.746615 0.005500 0.013021
0 0.474000 0.751042 0.004500 0.008333
0 0.491000 0.740625 0.004000 0.007292
0 0.486750 0.739583 0.004500 0.008333
0 0.491250 0.736719 0.005500 0.004687
0 0.432000 0.785677 0.007500 0.007812
0 0.415125 0.799219 0.005250 0.007812
0 0.401500 0.794010 0.005500 0.006771
0 0.406125 0.787760 0.004750 0.009896
0 0.402875 0.785156 0.002750 0.013021
0 0.452250 0.626042 0.002000 0.011458
0 0.450125 0.626042 0.002250 0.007292
0 0.444125 0.621615 0.006750 0.010937
0 0.426000 0.616667 0.006000 0.005208
0 0.425875 0.620833 0.007250 0.005208
0 0.405750 0.609375 0.003000 0.011458
0 0.408750 0.608854 0.004500 0.009375
0 0.205875 0.588542 0.004250 0.011458
0 0.207500 0.586979 0.004500 0.012500
0 0.209000 0.584896 0.004000 0.009375
0 0.259000 0.579427 0.004000 0.013021
0 0.261500 0.576302 0.005000 0.011979
0 0.315125 0.610677 0.004750 0.013021
0 0.312500 0.622917 0.004000 0.011458
0 0.314125 0.621094 0.004250 0.009896
0 0.481625 0.625521 0.007750 0.013542
0 0.482375 0.626823 0.008250 0.017188
0 0.482000 0.625781 0.006000 0.010937
0 0.533500 0.618490 0.005000 0.006771
0 0.533500 0.615365 0.005000 0.005729
0 0.469125 0.518229 0.002750 0.009375
0 0.472000 0.516667 0.003500 0.013542
0 0.461625 0.475260 0.006250 0.006771
0 0.460125 0.468750 0.004250 0.008333
0 0.435375 0.409635 0.003750 0.013021
0 0.370125 0.376823 0.004750 0.013021
0 0.383375 0.333073 0.005250 0.009896
0 0.387250 0.330469 0.005500 0.008854
0 0.387125 0.334896 0.003750 0.008333
0 0.375875 0.321354 0.005750 0.012500
0 0.358750 0.323958 0.009000 0.020833
0 0.358625 0.324219 0.007250 0.016146
0 0.264000 0.095833 0.006500 0.014583
0 0.346625 0.265625 0.005250 0.011458
0 0.347875 0.256250 0.002250 0.010417
0 0.350750 0.257292 0.004500 0.012500
0 0.359750 0.272656 0.005000 0.009896
0 0.367625 0.288281 0.004750 0.006771
0 0.368500 0.286198 0.005500 0.008854
0 0.541625 0.579688 0.005750 0.012500
0 0.534125 0.551042 0.004250 0.008333
0 0.535625 0.548958 0.004250 0.010417
0 0.476875 0.376302 0.003750 0.013021
0 0.478000 0.370052 0.003500 0.008854
0 0.480500 0.361458 0.005500 0.009375
0 0.478875 0.331771 0.004250 0.011458
0 0.413500 0.250260 0.005500 0.010937
0 0.404625 0.244531 0.005750 0.010937
0 0.443250 0.245573 0.003500 0.009896
0 0.441250 0.240885 0.004000 0.011979
0 0.414375 0.207031 0.003750 0.009896
0 0.416000 0.205208 0.003000 0.011458
0 0.417750 0.203646 0.003500 0.010417
0 0.405625 0.128906 0.001750 0.013021
0 0.407875 0.129688 0.002250 0.011458
0 0.391125 0.082292 0.002250 0.012500
0 0.393625 0.082292 0.002750 0.013542
0 0.386625 0.053385 0.002250 0.010937
0 0.389000 0.053385 0.002500 0.013021
0 0.406125 0.072656 0.003250 0.008854
0 0.402750 0.074219 0.005000 0.010937
0 0.402750 0.074479 0.004500 0.013542
0 0.441875 0.169010 0.006250 0.011979
0 0.446250 0.164583 0.006500 0.008333
0 0.451375 0.214844 0.006750 0.014063
0 0.441875 0.169010 0.005250 0.013021
0 0.477250 0.295312 0.007000 0.013542
0 0.518500 0.438021 0.006000 0.006250
0 0.520875 0.432552 0.004750 0.008854
0 0.558000 0.601823 0.004500 0.013021
0 0.569375 0.563542 0.003750 0.012500
0 0.586250 0.466406 0.005500 0.011979
0 0.585625 0.456250 0.003750 0.010417
0 0.604500 0.383333 0.003500 0.013542
0 0.599250 0.288281 0.004500 0.011979
0 0.602875 0.264323 0.004750 0.010937
0 0.635125 0.076563 0.002250 0.008333
0 0.637250 0.074479 0.003000 0.008333
0 0.587750 0.555208 0.004000 0.013542
0 0.589000 0.586979 0.006500 0.009375
0 0.589000 0.599219 0.005500 0.006771
0 0.616250 0.596094 0.005000 0.011979
0 0.613750 0.567708 0.004500 0.012500
0 0.610125 0.561719 0.004750 0.010937
0 0.612000 0.558594 0.004500 0.007812
0 0.604750 0.548958 0.002500 0.010417
0 0.602375 0.548698 0.002750 0.011979
0 0.610250 0.540365 0.002000 0.009896
0 0.607750 0.539583 0.003000 0.014583
0 0.613750 0.533333 0.006500 0.010417
0 0.627875 0.515885 0.003750 0.011979
0 0.626250 0.513802 0.003000 0.009896
0 0.638625 0.508333 0.005250 0.008333
0 0.635250 0.505990 0.002500 0.013021
0 0.633000 0.505469 0.002500 0.013021
0 0.637250 0.483073 0.004000 0.013021
0 0.639750 0.483333 0.003500 0.010417
0 0.631375 0.463542 0.005250 0.004167
0 0.631750 0.459115 0.007000 0.004687
0 0.669125 0.438802 0.002250 0.013021
0 0.666750 0.440104 0.003000 0.015625
0 0.660250 0.495833 0.007500 0.017708
0 0.659375 0.496094 0.007750 0.015104
0 0.672000 0.418490 0.005500 0.016146
0 0.671125 0.417708 0.007250 0.013542
0 0.682000 0.379948 0.007500 0.010937
0 0.689625 0.367188 0.007750 0.012500
0 0.725375 0.328646 0.005250 0.014583
0 0.714375 0.330729 0.005750 0.013542
0 0.701750 0.341667 0.005500 0.010417
0 0.701125 0.338802 0.004250 0.008854
0 0.753000 0.251302 0.007000 0.010937
