0 0.235375 0.652604 0.008750 0.010417
0 0.235250 0.646615 0.008000 0.007812
0 0.275375 0.653125 0.006250 0.017708
0 0.276250 0.606250 0.006000 0.017708
0 0.268875 0.587760 0.007750 0.016146
0 0.290625 0.572396 0.005750 0.015625
0 0.288750 0.569531 0.005500 0.013021
0 0.302125 0.582552 0.002750 0.016146
0 0.304875 0.583073 0.002750 0.018229
0 0.314250 0.603906 0.004500 0.017188
0 0.311625 0.571875 0.003750 0.015625
0 0.309375 0.571354 0.003750 0.013542
0 0.310000 0.555208 0.007500 0.012500
0 0.325500 0.580990 0.006000 0.009896
0 0.324000 0.576823 0.007500 0.010937
0 0.328000 0.557031 0.006500 0.014063
0 0.327375 0.548438 0.005250 0.013542
0 0.326000 0.544531 0.007000 0.011979
0 0.319000 0.538802 0.005500 0.016146
0 0.341250 0.511979 0.005000 0.016667
0 0.356875 0.532552 0.007250 0.010937
0 0.361750 0.513281 0.006500 0.013021
0 0.356875 0.508854 0.004250 0.015625
0 0.351625 0.513802 0.004250 0.018229
0 0.361500 0.496094 0.007500 0.010937
0 0.356250 0.484635 0.003500 0.017188
0 0.352500 0.490625 0.004500 0.015625
0 0.347375 0.485937 0.005750 0.011458
0 0.360625 0.464062 0.003250 0.013542
0 0.358000 0.461458 0.005500 0.014583
0 0.370500 0.430469 0.008500 0.008854
0 0.379375 0.457552 0.005750 0.014063
0 0.381000 0.472135 0.005500 0.015104
0 0.386875 0.438281 0.005750 0.011979
0 0.384750 0.421615 0.005500 0.015104
0 0.390000 0.413802 0.005500 0.015104
0 0.384750 0.394271 0.004000 0.017708
0 0.382125 0.384375 0.005250 0.012500
0 0.397750 0.394271 0.008000 0.007292
0 0.397500 0.384635 0.007000 0.010937
0 0.411875 0.398177 0.005250 0.019271
0 0.402500 0.398177 0.002000 0.014063
0 0.404875 0.397917 0.003250 0.016667
0 0.403750 0.375000 0.005500 0.014583
0 0.405500 0.382292 0.003500 0.011458
0 0.425500 0.379948 0.005500 0.016146
0 0.415625 0.364844 0.004750 0.016146
0 0.419250 0.346875 0.005500 0.011458
0 0.409875 0.348698 0.006750 0.010937
0 0.458625 0.305990 0.005750 0.011979
0 0.449250 0.302344 0.004000 0.014063
0 0.452375 0.289844 0.005750 0.016146
0 0.453125 0.224479 0.005750 0.014583
0 0.412625 0.234635 0.005250 0.011979
0 0.398125 0.302083 0.009750 0.008333
0 0.382125 0.336198 0.006750 0.013021
0 0.382250 0.328646 0.007500 0.009375
0 0.382000 0.317188 0.008000 0.013542
0 0.357500 0.379167 0.005500 0.011458
0 0.348875 0.388802 0.005750 0.010937
0 0.333125 0.406510 0.008250 0.011979
0 0.312500 0.421094 0.005000 0.016146
0 0.293500 0.474740 0.004500 0.014063
0 0.274875 0.451562 0.006750 0.014583
0 0.269125 0.485156 0.006250 0.013021
0 0.266750 0.482812 0.005500 0.010417
0 0.261250 0.552604 0.007000 0.013542
0 0.239625 0.554948 0.006750 0.013021
0 0.492500 0.282552 0.005500 0.008854
0 0.487000 0.290885 0.005000 0.009896
0 0.469625 0.369531 0.006750 0.011979
0 0.476875 0.376302 0.005250 0.017188
0 0.464125 0.392448 0.005250 0.007812
0 0.463125 0.417708 0.005750 0.011458
0 0.460250 0.430208 0.005000 0.014583
0 0.456625 0.432812 0.004750 0.013542
0 0.463000 0.441146 0.006500 0.011458
0 0.456500 0.464844 0.005000 0.016146
0 0.454875 0.488802 0.004250 0.011979
0 0.448125 0.483854 0.004250 0.015625
0 0.450750 0.478385 0.004000 0.014063
0 0.441875 0.493229 0.005250 0.013542
0 0.439375 0.493229 0.004250 0.011458
0 0.432125 0.525260 0.006250 0.010937
0 0.421500 0.559375 0.007500 0.011458
0 0.427875 0.580208 0.003750 0.017708
0 0.388625 0.680990 0.005750 0.018229
0 0.417125 0.678906 0.005250 0.017188
0 0.412125 0.683073 0.006750 0.019271
0 0.408250 0.657552 0.007500 0.021354
0 0.380500 0.760677 0.007000 0.011979
0 0.394375 0.762500 0.007750 0.013542
0 0.391625 0.781510 0.005250 0.014063
0 0.386125 0.778906 0.005250 0.017188
0 0.379500 0.780469 0.005000 0.016146
0 0.385625 0.794792 0.005250 0.011458
0 0.379375 0.808073 0.006750 0.019271
0 0.509500 0.457031 0.005500 0.018229
0 0.489500 0.463542 0.005500 0.012500
0 0.488875 0.454167 0.008750 0.008333
0 0.467750 0.552865 0.005500 0.016146
0 0.486125 0.565625 0.007250 0.016667
0 0.473750 0.579948 0.008500 0.010937
0 0.449250 0.597656 0.005500 0.014063
0 0.453750 0.609375 0.006000 0.013542
0 0.463625 0.616927 0.005250 0.019271
0 0.469750 0.605990 0.004500 0.018229
0 0.471375 0.591927 0.005750 0.011979
0 0.475375 0.606771 0.007750 0.010417
0 0.480000 0.602865 0.005500 0.010937
0 0.481000 0.614583 0.008000 0.008333
0 0.486250 0.621615 0.004000 0.017188
0 0.490125 0.637240 0.004750 0.017188
0 0.496250 0.637760 0.004500 0.017188
0 0.494625 0.670052 0.007750 0.014063
0 0.477625 0.698438 0.005750 0.017708
0 0.470500 0.705729 0.005500 0.016667
0 0.466750 0.703125 0.005000 0.016667
0 0.468875 0.687240 0.005250 0.015104
0 0.463750 0.700260 0.004500 0.016146
0 0.459125 0.700000 0.004750 0.018750
0 0.454125 0.691406 0.008250 0.011979
0 0.471500 0.741667 0.006000 0.016667
0 0.467125 0.734635 0.003750 0.017188
0 0.455000 0.774219 0.004500 0.018229
0 0.453750 0.788802 0.007500 0.015104
0 0.442500 0.757552 0.007000 0.016146
0 0.427750 0.765104 0.006500 0.019792
0 0.431750 0.798177 0.007500 0.016146
0 0.386750 0.858073 0.007500 0.009896
0 0.417500 0.859115 0.007000 0.020313
0 0.377875 0.944531 0.006250 0.018229
0 0.430875 0.684115 0.010750 0.011979
0 0.561250 0.304688 0.009500 0.010417
0 0.570000 0.328646 0.007500 0.009375
0 0.552750 0.468490 0.006000 0.018229
0 0.608500 0.685937 0.006000 0.013542
0 0.595375 0.698438 0.004750 0.017708
0 0.594750 0.682031 0.006000 0.017188
0 0.572875 0.704167 0.007250 0.011458
0 0.584750 0.742448 0.004000 0.013021
0 0.585375 0.757552 0.005250 0.017188
0 0.576125 0.750260 0.005250 0.013021
0 0.564250 0.751823 0.004500 0.018229
0 0.573375 0.792448 0.005750 0.011979
0 0.581000 0.798438 0.006000 0.016667
0 0.574875 0.804427 0.004250 0.011979
0 0.588500 0.815365 0.006500 0.013021
0 0.590000 0.830208 0.007500 0.010417
0 0.578375 0.854948 0.005250 0.011979
0 0.575000 0.852865 0.004000 0.013021
0 0.574250 0.861719 0.003500 0.008854
0 0.587000 0.895312 0.004000 0.010417
0 0.590625 0.895833 0.005750 0.013542
0 0.579125 0.895833 0.004750 0.007292
0 0.579000 0.889583 0.003500 0.008333
0 0.594875 0.918490 0.005250 0.017188
0 0.585125 0.950781 0.003250 0.010937
0 0.585875 0.945573 0.005250 0.013021
0 0.594125 0.955990 0.005250 0.009896
0 0.603625 0.975781 0.006250 0.022396
0 0.623500 0.873958 0.005500 0.016667
0 0.645000 0.862240 0.005500 0.018229
0 0.654375 0.819010 0.006750 0.016146
0 0.652125 0.810677 0.005750 0.015104
0 0.647625 0.815885 0.003750 0.016146
0 0.645625 0.815625 0.002250 0.015625
0 0.641500 0.819531 0.005000 0.019271
0 0.625375 0.744010 0.004750 0.018229
0 0.620500 0.750521 0.007000 0.013542
0 0.619500 0.745573 0.005500 0.009896
0 0.580250 0.271094 0.005500 0.014063
0 0.600000 0.289844 0.006000 0.017188
0 0.635250 0.350260 0.006500 0.009896
0 0.643000 0.497656 0.006500 0.015104
0 0.639625 0.478646 0.005750 0.011458
0 0.659875 0.516667 0.008250 0.012500
0 0.671625 0.483854 0.006250 0.017708
0 0.668375 0.590885 0.006250 0.007812
0 0.700625 0.610938 0.007250 0.013542
0 0.724625 0.582552 0.014250 0.019271
0 0.694750 0.665625 0.009000 0.010417
0 0.714500 0.688021 0.009000 0.010417
0 0.721750 0.697135 0.007500 0.009896
0 0.707750 0.727604 0.007000 0.016667
0 0.708000 0.746354 0.010500 0.009375
0 0.703250 0.831510 0.007000 0.015104
0 0.705000 0.824219 0.007500 0.014063
0 0.727875 0.825521 0.008750 0.010417
0 0.736375 0.829427 0.008250 0.014063
0 0.746000 0.821875 0.005500 0.015625
0 0.745000 0.847135 0.005000 0.013021
0 0.743250 0.843490 0.007000 0.016146
0 0.682625 0.735677 0.005250 0.015104
0 0.680250 0.710677 0.006000 0.014063
0 0.673000 0.692969 0.005500 0.010937
0 0.671125 0.643490 0.005750 0.011979
0 0.659000 0.606771 0.004500 0.015625
0 0.623000 0.423437 0.006000 0.011458
0 0.628750 0.442708 0.007000 0.013542
0 0.734500 0.307031 0.009500 0.011979
0 0.757750 0.309375 0.008000 0.010417
0 0.826750 0.457813 0.010500 0.019792
0 0.224875 0.935417 0.010250 0.011458
0 0.554000 0.613021 0.006500 0.018750
