0 0.823958 0.276000 0.009375 0.005000
0 0.788542 0.344750 0.010417 0.006500
0 0.657031 0.403000 0.005729 0.005000
0 0.642448 0.393375 0.006771 0.005250
0 0.655729 0.395750 0.009375 0.006500
0 0.548698 0.446875 0.007812 0.002750
0 0.440885 0.477125 0.006771 0.004750
0 0.440365 0.554875 0.008854 0.004750
0 0.416146 0.545750 0.006250 0.006000
0 0.410156 0.546250 0.006771 0.004500
0 0.729167 0.525000 0.008333 0.004000
0 0.813802 0.528875 0.010937 0.004750
0 0.851562 0.558875 0.008333 0.004250
0 0.848698 0.580000 0.010937 0.003500
0 0.840885 0.518125 0.005729 0.004750
0 0.848437 0.513125 0.011458 0.005250
0 0.944792 0.557000 0.008333 0.004000
0 0.538802 0.659125 0.011979 0.005250
0 0.549740 0.682750 0.009896 0.003500
0 0.657031 0.754625 0.011979 0.004250
0 0.746875 0.760250 0.007292 0.006000
0 0.781771 0.732500 0.011458 0.004500
0 0.781771 0.736375 0.011458 0.003750
0 0.865885 0.773750 0.008854 0.004500
0 0.967187 0.787375 0.011458 0.003250
0 0.968229 0.805375 0.009375 0.004250
0 0.882292 0.840250 0.007292 0.005000
0 0.966146 0.856875 0.013542 0.003750
0 0.944271 0.861750 0.013542 0.003000
