0 0.060677 0.656750 0.010937 0.007000
0 0.351042 0.536625 0.017708 0.008250
0 0.245833 0.442375 0.012500 0.008250
0 0.149479 0.371375 0.016667 0.007250
0 0.192969 0.309875 0.010937 0.006750
0 0.466146 0.343500 0.014583 0.007000
0 0.437240 0.494625 0.016146 0.008250
0 0.589063 0.499500 0.014583 0.006000
0 0.882812 0.237125 0.015625 0.008250
0 0.718490 0.537875 0.014063 0.007750
0 0.792448 0.525500 0.017188 0.007500
0 0.672396 0.665250 0.010417 0.006500
0 0.709375 0.664750 0.009375 0.005500
0 0.843229 0.692250 0.012500 0.009500
0 0.891667 0.696125 0.017708 0.010250
0 0.928906 0.707250 0.017188 0.006000
0 0.988021 0.703625 0.016667 0.006250
