0 0.099875 0.238021 0.004750 0.015625
0 0.093625 0.223437 0.005750 0.011458
0 0.159625 0.292708 0.007250 0.010417
0 0.211125 0.363021 0.004750 0.016667
0 0.229750 0.358594 0.005000 0.009896
0 0.231000 0.361198 0.005500 0.009896
0 0.251375 0.392708 0.005250 0.007292
0 0.263875 0.411458 0.004750 0.008333
0 0.274000 0.429427 0.008000 0.006771
0 0.273000 0.424219 0.005000 0.005729
0 0.268625 0.417969 0.005250 0.006771
0 0.275750 0.421615 0.006000 0.007812
0 0.274375 0.416406 0.006250 0.006771
0 0.408125 0.201302 0.003250 0.016146
0 0.421000 0.181250 0.005000 0.011458
0 0.436125 0.047656 0.005750 0.014063
0 0.440750 0.041927 0.005000 0.011979
0 0.450750 0.034115 0.005500 0.013021
0 0.468375 0.078385 0.003750 0.015104
0 0.445750 0.111458 0.006000 0.013542
0 0.440625 0.127083 0.003750 0.015625
0 0.436625 0.174479 0.004750 0.013542
0 0.432375 0.188281 0.005250 0.014063
0 0.413875 0.247917 0.003750 0.010417
0 0.412625 0.258073 0.004750 0.011979
0 0.415250 0.429688 0.008000 0.007292
0 0.408875 0.463542 0.006750 0.010417
0 0.414375 0.477604 0.005750 0.014583
0 0.417375 0.468229 0.003250 0.013542
0 0.416875 0.503906 0.003250 0.011979
0 0.433250 0.433073 0.005500 0.015104
0 0.435125 0.420573 0.005250 0.009896
0 0.448375 0.402344 0.004750 0.014063
0 0.449375 0.382552 0.007250 0.007812
0 0.445500 0.373437 0.005000 0.012500
0 0.444000 0.370573 0.004000 0.010937
0 0.454375 0.376042 0.004750 0.013542
0 0.456250 0.374219 0.003500 0.011979
0 0.458500 0.385677 0.005500 0.013021
0 0.455875 0.351562 0.005750 0.007292
0 0.455625 0.348177 0.006750 0.008854
0 0.464750 0.314323 0.006000 0.010937
0 0.467125 0.307812 0.006750 0.010417
0 0.471500 0.325000 0.005500 0.009375
0 0.473375 0.333073 0.006250 0.010937
0 0.479750 0.335677 0.005000 0.009896
0 0.479000 0.333073 0.005500 0.009896
0 0.490125 0.325260 0.002750 0.013021
0 0.487875 0.325000 0.002750 0.014583
0 0.500375 0.263281 0.006250 0.010937
0 0.526250 0.260937 0.006500 0.008333
0 0.527125 0.254688 0.005750 0.007292
0 0.526750 0.233854 0.006000 0.011458
0 0.533250 0.240625 0.007000 0.009375
0 0.535125 0.249479 0.004250 0.009375
0 0.536875 0.221615 0.002750 0.011979
0 0.533750 0.220052 0.004500 0.008854
0 0.555375 0.209375 0.006250 0.012500
0 0.550750 0.203646 0.006500 0.010417
0 0.542750 0.182031 0.006500 0.008854
0 0.565000 0.197917 0.005000 0.009375
0 0.561000 0.200000 0.004500 0.012500
0 0.566000 0.189844 0.006500 0.007812
0 0.569750 0.184635 0.003500 0.011979
0 0.562625 0.149219 0.006250 0.011979
0 0.555625 0.141406 0.004750 0.008854
0 0.557750 0.136719 0.004500 0.009896
0 0.584000 0.182812 0.006500 0.012500
0 0.564500 0.230990 0.007000 0.013021
0 0.552250 0.280729 0.005000 0.011458
0 0.533750 0.267969 0.005500 0.007812
0 0.531750 0.276302 0.005000 0.010937
0 0.527625 0.279948 0.004250 0.008854
0 0.500000 0.328385 0.006000 0.011979
0 0.507250 0.314844 0.004000 0.009896
0 0.477000 0.374740 0.003500 0.014063
0 0.487000 0.358594 0.005500 0.008854
0 0.483375 0.369010 0.006250 0.011979
0 0.483000 0.369010 0.007500 0.010937
0 0.457125 0.421094 0.005250 0.009896
0 0.450750 0.428125 0.005500 0.011458
0 0.443750 0.447656 0.003500 0.010937
0 0.439125 0.453125 0.004250 0.010417
0 0.467125 0.392448 0.004250 0.011979
0 0.609500 0.156250 0.005500 0.013542
0 0.630000 0.144271 0.006500 0.009375
0 0.634625 0.103385 0.006250 0.017188
0 0.609750 0.057552 0.005500 0.010937
0 0.690125 0.066667 0.005250 0.016667
0 0.688750 0.088281 0.005000 0.010937
0 0.716750 0.135156 0.005500 0.011979
0 0.686500 0.185938 0.007000 0.012500
0 0.639875 0.281510 0.005250 0.010937
0 0.648125 0.279427 0.005250 0.010937
0 0.646750 0.277865 0.005000 0.009896
0 0.630500 0.288542 0.005500 0.010417
0 0.629625 0.285677 0.004250 0.010937
0 0.574375 0.361719 0.005250 0.009896
0 0.565375 0.395052 0.004250 0.010937
0 0.561875 0.399740 0.003750 0.009896
0 0.560500 0.397396 0.004000 0.009375
0 0.553750 0.396615 0.006000 0.009896
0 0.547250 0.407812 0.005000 0.009375
0 0.541375 0.424479 0.008250 0.008333
0 0.524750 0.449479 0.007000 0.009375
0 0.518875 0.453906 0.007250 0.008854
0 0.505250 0.475521 0.005000 0.006250
0 0.499875 0.484635 0.008750 0.013021
0 0.497250 0.515104 0.006000 0.018750
0 0.486250 0.527604 0.005500 0.016667
0 0.480000 0.536198 0.006500 0.009896
0 0.474125 0.545573 0.003750 0.010937
0 0.472375 0.545052 0.003750 0.014063
0 0.464125 0.577604 0.003750 0.014583
0 0.506000 0.517188 0.004000 0.014583
0 0.501750 0.506510 0.006000 0.008854
0 0.501875 0.500521 0.005750 0.007292
0 0.515750 0.494271 0.006000 0.011458
0 0.515125 0.485156 0.005250 0.011979
0 0.537500 0.455729 0.005000 0.012500
0 0.539625 0.453646 0.003750 0.008333
0 0.550250 0.457813 0.005500 0.007292
0 0.550625 0.453125 0.005750 0.006250
0 0.557500 0.427865 0.003500 0.014063
0 0.555500 0.428385 0.003000 0.010937
0 0.577750 0.398698 0.006500 0.009896
0 0.582250 0.389844 0.004500 0.011979
0 0.637250 0.332292 0.005000 0.011458
0 0.638500 0.330208 0.003500 0.008333
0 0.505625 0.645573 0.006750 0.004687
0 0.513375 0.646094 0.006750 0.006771
0 0.519750 0.645312 0.006500 0.006250
0 0.528500 0.638542 0.006500 0.008333
0 0.538000 0.640365 0.006000 0.005729
0 0.538375 0.636198 0.007250 0.005729
0 0.539000 0.631250 0.004500 0.006250
0 0.550625 0.634635 0.005250 0.007812
0 0.556125 0.630469 0.005250 0.008854
0 0.555000 0.628125 0.004000 0.009375
0 0.570000 0.614583 0.005500 0.008333
0 0.568625 0.612500 0.004750 0.010417
0 0.604000 0.580990 0.007000 0.013021
0 0.620125 0.600781 0.004750 0.010937
0 0.618625 0.595052 0.007250 0.005729
0 0.618125 0.591146 0.004750 0.007292
0 0.627750 0.602083 0.007500 0.010417
0 0.653125 0.552344 0.007750 0.008854
0 0.655750 0.576562 0.005500 0.009375
0 0.658750 0.578385 0.005500 0.011979
0 0.672000 0.576302 0.004000 0.009896
0 0.670125 0.574479 0.005750 0.011458
0 0.685875 0.554688 0.006250 0.010417
0 0.677625 0.546615 0.005250 0.008854
0 0.673875 0.545052 0.005750 0.009896
0 0.666375 0.542448 0.003750 0.011979
0 0.664250 0.542708 0.004500 0.010417
0 0.670500 0.609115 0.005000 0.008854
0 0.669500 0.606250 0.006500 0.010417
0 0.514000 0.806510 0.005500 0.015104
0 0.522375 0.838281 0.008250 0.009896
0 0.541500 0.867969 0.007500 0.008854
0 0.542500 0.861198 0.007500 0.008854
0 0.552875 0.868750 0.006250 0.011458
0 0.567000 0.865885 0.004500 0.005729
0 0.566625 0.861719 0.006750 0.006771
0 0.580125 0.872656 0.005750 0.015104
0 0.589125 0.919792 0.004250 0.014583
0 0.596500 0.920833 0.004000 0.010417
0 0.599000 0.903906 0.006000 0.014063
0 0.612375 0.921094 0.009250 0.007812
0 0.618000 0.905469 0.006000 0.011979
0 0.613500 0.901562 0.006000 0.012500
0 0.646375 0.952344 0.008250 0.011979
0 0.695375 0.904687 0.007750 0.009375
0 0.695625 0.900260 0.007250 0.006771
0 0.654875 0.873698 0.008250 0.007812
0 0.657875 0.867188 0.006750 0.009375
0 0.650125 0.885417 0.006750 0.014583
0 0.623250 0.882292 0.007000 0.011458
0 0.624000 0.878906 0.006000 0.008854
0 0.634125 0.843490 0.005250 0.009896
0 0.632500 0.841146 0.006000 0.009375
0 0.638125 0.801562 0.007750 0.009375
0 0.626000 0.806510 0.008500 0.009896
0 0.605875 0.797656 0.005750 0.014063
0 0.572625 0.805990 0.007750 0.013021
0 0.576000 0.820312 0.007000 0.009375
0 0.559000 0.830469 0.006500 0.015104
0 0.560500 0.791927 0.005500 0.011979
0 0.429250 0.916406 0.005000 0.015104
0 0.438625 0.961198 0.005750 0.008854
0 0.443000 0.960938 0.006000 0.013542
0 0.455125 0.989844 0.003750 0.011979
0 0.457250 0.988281 0.005000 0.013021
