0 0.046354 0.327625 0.013542 0.006250
0 0.185938 0.341250 0.013542 0.007000
0 0.593750 0.240625 0.012500 0.008750
0 0.536719 0.257875 0.013021 0.006750
0 0.491406 0.284500 0.018229 0.006500
0 0.652604 0.256750 0.011458 0.005500
0 0.766667 0.242375 0.013542 0.006750
0 0.614323 0.388500 0.015104 0.005500
0 0.548177 0.403250 0.015104 0.006000
0 0.356510 0.505000 0.011979 0.006500
0 0.773177 0.466125 0.013021 0.006750
0 0.887240 0.416250 0.017188 0.006500
0 0.944271 0.437750 0.018750 0.005000
0 0.934375 0.434500 0.011458 0.006500
0 0.892708 0.457250 0.014583 0.006000
0 0.908073 0.468875 0.016146 0.005750
0 0.929427 0.474500 0.013021 0.007000
0 0.910156 0.478625 0.016146 0.005750
0 0.904167 0.486000 0.014583 0.007500
0 0.952604 0.654250 0.011458 0.004500
0 0.943490 0.593125 0.014063 0.006750
0 0.781250 0.615750 0.010417 0.006000
0 0.788542 0.610750 0.011458 0.005000
0 0.804427 0.604625 0.014063 0.003250
0 0.810156 0.608000 0.007812 0.004000
0 0.596094 0.551500 0.011979 0.005000
0 0.536198 0.550500 0.007812 0.004000
0 0.739583 0.707125 0.013542 0.004250
0 0.750000 0.719375 0.012500 0.006750
0 0.826562 0.740750 0.011458 0.003500
0 0.804948 0.749500 0.008854 0.006000
0 0.703385 0.768625 0.013021 0.004750
0 0.653385 0.770250 0.009896 0.005500
0 0.646615 0.765750 0.008854 0.005500
0 0.602604 0.744250 0.010417 0.004500
0 0.235417 0.662750 0.012500 0.004000
