0 0.406250 0.420573 0.005000 0.014063
0 0.403375 0.417708 0.003250 0.012500
0 0.420125 0.408854 0.005750 0.014583
0 0.429625 0.392188 0.007250 0.013542
0 0.460750 0.377865 0.004000 0.015104
0 0.461500 0.353125 0.004500 0.012500
0 0.443875 0.452865 0.006750 0.008854
0 0.439500 0.436458 0.006000 0.007292
0 0.442875 0.432552 0.007250 0.009896
0 0.436000 0.447917 0.007000 0.009375
0 0.424375 0.453385 0.005750 0.004687
0 0.424500 0.458594 0.008000 0.006771
0 0.516125 0.358594 0.008250 0.013021
0 0.489375 0.434375 0.004750 0.016667
0 0.483125 0.432552 0.006750 0.011979
0 0.478125 0.449740 0.005750 0.008854
0 0.479250 0.458854 0.006500 0.010417
0 0.460250 0.479427 0.005500 0.011979
0 0.475125 0.492188 0.004750 0.014583
0 0.466875 0.489063 0.006250 0.013542
0 0.445750 0.520573 0.008000 0.008854
0 0.444500 0.566406 0.008000 0.009896
0 0.435000 0.587500 0.006000 0.016667
0 0.434500 0.603385 0.005500 0.007812
0 0.438125 0.608073 0.006750 0.013021
0 0.457000 0.566927 0.004500 0.015104
0 0.455250 0.565104 0.004000 0.011458
0 0.371875 0.802865 0.004750 0.015104
0 0.393375 0.790625 0.004250 0.016667
0 0.391000 0.790104 0.004500 0.012500
0 0.407250 0.715885 0.009000 0.013021
0 0.411125 0.763802 0.005750 0.015104
0 0.414750 0.766927 0.004500 0.015104
0 0.432625 0.798958 0.004750 0.019792
0 0.423250 0.742448 0.008500 0.013021
0 0.433250 0.701823 0.003500 0.016146
0 0.430750 0.701302 0.003000 0.014063
0 0.461375 0.685156 0.005750 0.014063
0 0.457250 0.686198 0.005500 0.015104
0 0.456375 0.672917 0.005750 0.015625
0 0.447750 0.652344 0.004000 0.017188
0 0.445375 0.651302 0.003750 0.011979
0 0.476375 0.666927 0.007250 0.013021
0 0.476750 0.650521 0.002500 0.013542
0 0.479375 0.652344 0.002750 0.017188
0 0.474250 0.613281 0.005500 0.016146
0 0.469125 0.603906 0.005750 0.016146
0 0.482250 0.635677 0.003000 0.014063
0 0.484500 0.634635 0.003500 0.016146
0 0.489000 0.613802 0.005500 0.011979
0 0.483625 0.621615 0.005750 0.015104
0 0.482500 0.612760 0.004500 0.015104
0 0.486500 0.607292 0.004000 0.012500
0 0.481875 0.603385 0.004750 0.016146
0 0.491000 0.598958 0.006500 0.010417
0 0.488250 0.590365 0.004000 0.016146
0 0.474750 0.588542 0.003000 0.013542
0 0.477375 0.589844 0.002750 0.016146
0 0.497250 0.523438 0.007000 0.011458
0 0.489750 0.521094 0.005000 0.018229
0 0.486625 0.547656 0.003750 0.013021
0 0.483750 0.546875 0.005500 0.014583
0 0.480625 0.535156 0.005250 0.017188
0 0.518125 0.468490 0.004750 0.017188
0 0.500625 0.443490 0.004250 0.016146
0 0.499250 0.440885 0.004000 0.011979
0 0.539750 0.439583 0.004500 0.015625
0 0.533750 0.525781 0.004000 0.011979
0 0.530250 0.525260 0.004500 0.007812
0 0.505125 0.634375 0.006250 0.015625
0 0.517375 0.683854 0.006750 0.008333
0 0.520750 0.712240 0.004500 0.013021
0 0.518750 0.708073 0.006000 0.013021
0 0.523125 0.724219 0.006250 0.015104
0 0.521000 0.742448 0.003500 0.018229
0 0.518500 0.743229 0.002000 0.014583
0 0.499000 0.770312 0.005500 0.011458
0 0.500125 0.765625 0.004250 0.007292
0 0.503500 0.778125 0.004500 0.014583
0 0.524125 0.763021 0.006750 0.012500
0 0.516125 0.821615 0.004750 0.009896
0 0.521125 0.820833 0.003250 0.014583
0 0.516875 0.811198 0.002750 0.011979
0 0.519625 0.812500 0.002750 0.014583
0 0.507125 0.875260 0.006250 0.016146
0 0.509250 0.901302 0.006000 0.009896
0 0.504375 0.909635 0.004750 0.017188
0 0.504250 0.963281 0.005000 0.016146
0 0.516125 0.937500 0.006750 0.015625
0 0.559125 0.923177 0.005250 0.015104
0 0.555125 0.915625 0.006250 0.016667
0 0.546500 0.916667 0.008000 0.015625
0 0.534625 0.895312 0.005750 0.017708
0 0.538125 0.875521 0.005750 0.013542
0 0.542625 0.864323 0.005250 0.016146
0 0.550750 0.828906 0.004000 0.017188
0 0.547500 0.841146 0.004500 0.016667
0 0.544000 0.835156 0.006000 0.017188
0 0.534125 0.834635 0.007250 0.013021
0 0.530375 0.828385 0.006750 0.015104
0 0.556625 0.843750 0.005250 0.012500
0 0.554375 0.840104 0.006250 0.012500
0 0.549875 0.803125 0.006250 0.016667
0 0.535625 0.780208 0.005250 0.013542
0 0.531375 0.784115 0.004750 0.016146
0 0.543375 0.764323 0.005750 0.016146
0 0.550000 0.771875 0.005500 0.014583
0 0.554500 0.766146 0.005500 0.014583
0 0.562000 0.751823 0.005500 0.020313
0 0.533625 0.760417 0.004250 0.012500
0 0.531875 0.757292 0.004750 0.013542
0 0.548500 0.729688 0.004500 0.017708
0 0.554750 0.731510 0.007000 0.011979
0 0.547625 0.704948 0.006250 0.015104
0 0.538750 0.689323 0.003500 0.013021
0 0.536250 0.688802 0.004500 0.015104
0 0.540375 0.667708 0.005750 0.014583
0 0.541375 0.654948 0.003750 0.013021
0 0.546125 0.654687 0.004750 0.015625
0 0.558000 0.656510 0.007000 0.013021
0 0.556125 0.650260 0.005750 0.011979
0 0.552500 0.621354 0.005500 0.016667
0 0.560125 0.627865 0.007250 0.009896
0 0.560250 0.622656 0.005500 0.006771
0 0.572250 0.598698 0.005500 0.014063
0 0.545250 0.586458 0.006500 0.014583
0 0.543875 0.567969 0.004750 0.016146
0 0.567875 0.586719 0.004750 0.011979
0 0.566375 0.583333 0.004750 0.009375
0 0.607500 0.412240 0.008500 0.015104
0 0.590500 0.488802 0.005500 0.016146
0 0.592250 0.505990 0.005500 0.010937
0 0.605875 0.502604 0.003750 0.015625
0 0.603625 0.504167 0.002750 0.014583
0 0.611000 0.512240 0.005500 0.017188
0 0.619500 0.520833 0.004500 0.012500
0 0.618250 0.516927 0.003500 0.011979
0 0.613500 0.535417 0.007000 0.013542
0 0.632625 0.561458 0.006250 0.011458
0 0.633500 0.557292 0.006000 0.009375
0 0.635000 0.573698 0.006500 0.014063
0 0.629000 0.585156 0.003000 0.017188
0 0.631500 0.587500 0.002500 0.015625
0 0.633500 0.588802 0.003000 0.015104
0 0.656250 0.636458 0.007000 0.016667
0 0.654750 0.655469 0.008500 0.013021
0 0.651500 0.681510 0.003000 0.013021
0 0.649125 0.682813 0.002750 0.017708
0 0.667125 0.696615 0.006750 0.016146
0 0.673875 0.729948 0.004250 0.016146
0 0.674125 0.716667 0.007750 0.015625
0 0.679125 0.755208 0.006250 0.017708
0 0.695250 0.732552 0.008000 0.011979
0 0.706250 0.698958 0.008000 0.012500
0 0.695000 0.693490 0.002500 0.011979
0 0.698250 0.695312 0.004500 0.019792
0 0.700875 0.649740 0.008750 0.011979
0 0.685750 0.638542 0.004000 0.012500
0 0.689250 0.637500 0.006000 0.014583
0 0.676000 0.636979 0.007000 0.015625
0 0.677625 0.623437 0.004750 0.014583
0 0.674875 0.622396 0.004250 0.012500
0 0.679750 0.591667 0.005000 0.014583
0 0.681875 0.589323 0.004750 0.010937
0 0.656625 0.586979 0.004750 0.015625
0 0.654875 0.564583 0.006250 0.013542
0 0.668375 0.558073 0.006250 0.016146
0 0.666750 0.588542 0.003000 0.016667
0 0.670375 0.587760 0.003750 0.011979
0 0.652625 0.547396 0.008750 0.011458
0 0.662375 0.532552 0.009750 0.010937
0 0.642375 0.524740 0.005250 0.015104
0 0.390625 0.956510 0.005750 0.017188
0 0.415000 0.908333 0.006500 0.012500
0 0.599000 0.755990 0.005500 0.016146
