0 0.408750 0.850260 0.007500 0.009896
0 0.380000 0.855729 0.005000 0.011458
0 0.376375 0.853906 0.002750 0.007812
0 0.346750 0.879948 0.006000 0.009896
0 0.271750 0.718490 0.006000 0.010937
0 0.279750 0.709115 0.008000 0.011979
0 0.275750 0.693490 0.005000 0.008854
0 0.286375 0.731250 0.006250 0.009375
0 0.291250 0.730208 0.007000 0.010417
0 0.301500 0.740365 0.003500 0.008854
0 0.302375 0.735677 0.005250 0.008854
0 0.356000 0.783854 0.005000 0.017708
0 0.334625 0.762240 0.007250 0.008854
0 0.343250 0.770573 0.006000 0.013021
0 0.347000 0.766406 0.005000 0.008854
0 0.374125 0.787240 0.007750 0.016146
0 0.426125 0.796875 0.007750 0.010417
0 0.430625 0.788542 0.006750 0.011458
0 0.369375 0.685677 0.005750 0.016146
0 0.372750 0.454687 0.006500 0.010417
0 0.359125 0.468229 0.005250 0.011458
0 0.366000 0.561458 0.006000 0.012500
0 0.389375 0.631510 0.004750 0.013021
0 0.449500 0.768229 0.003500 0.013542
0 0.453125 0.778906 0.005750 0.013021
0 0.473125 0.772917 0.003750 0.015625
0 0.469625 0.757552 0.008750 0.008854
0 0.452875 0.614323 0.012250 0.024479
0 0.467375 0.458333 0.006750 0.015625
0 0.487875 0.708854 0.005250 0.015625
0 0.506625 0.562760 0.004750 0.015104
0 0.503625 0.558333 0.004250 0.011458
0 0.501875 0.461458 0.003750 0.014583
0 0.515125 0.459115 0.006250 0.010937
0 0.511750 0.452344 0.004500 0.013021
0 0.504125 0.428646 0.004750 0.011458
0 0.501625 0.428906 0.003250 0.011979
0 0.502375 0.380729 0.005250 0.015625
0 0.510625 0.367708 0.002250 0.014583
0 0.513250 0.368229 0.003000 0.014583
0 0.511250 0.342969 0.002000 0.010937
0 0.514000 0.344531 0.004500 0.014063
0 0.514125 0.344271 0.003750 0.012500
0 0.511625 0.271875 0.004250 0.015625
0 0.504000 0.262240 0.005000 0.015104
0 0.508375 0.259896 0.004250 0.012500
0 0.506125 0.247656 0.003250 0.014063
0 0.505125 0.245312 0.003750 0.012500
0 0.505875 0.229427 0.002750 0.015104
0 0.508250 0.228646 0.002500 0.013542
0 0.526750 0.142187 0.005000 0.017708
0 0.533750 0.036979 0.004500 0.014583
0 0.534750 0.065885 0.002500 0.014063
0 0.536625 0.064844 0.003250 0.014063
0 0.546750 0.264583 0.005500 0.011458
0 0.548625 0.262500 0.004750 0.011458
0 0.560500 0.268490 0.007000 0.009896
0 0.534000 0.317448 0.004500 0.014063
0 0.534125 0.341406 0.005250 0.016146
0 0.551875 0.353385 0.008250 0.015104
0 0.521250 0.536198 0.005500 0.013021
0 0.523625 0.533073 0.004250 0.010937
0 0.509625 0.665885 0.007250 0.014063
0 0.504375 0.714844 0.008750 0.015104
0 0.501875 0.758594 0.004750 0.016146
0 0.506375 0.763802 0.005750 0.005729
0 0.507000 0.758333 0.004500 0.006250
0 0.490875 0.778646 0.005750 0.004167
0 0.491250 0.783594 0.007000 0.005729
0 0.506000 0.784375 0.007000 0.012500
0 0.512250 0.776042 0.005500 0.012500
0 0.549500 0.727604 0.009500 0.008333
0 0.553000 0.715625 0.006000 0.017708
0 0.572750 0.635417 0.003000 0.016667
0 0.575625 0.635156 0.003250 0.015104
0 0.569375 0.606250 0.005250 0.013542
0 0.586625 0.514323 0.004750 0.015104
0 0.589000 0.553646 0.006000 0.010417
0 0.598000 0.532552 0.003500 0.008854
0 0.595500 0.540365 0.004000 0.010937
0 0.592375 0.544531 0.003250 0.009896
0 0.594125 0.530729 0.005750 0.011458
0 0.606375 0.446354 0.005750 0.013542
0 0.606250 0.447396 0.005500 0.013542
0 0.627500 0.415104 0.003500 0.011458
0 0.625625 0.415625 0.004250 0.012500
0 0.638625 0.395573 0.004750 0.009896
0 0.636750 0.394792 0.005000 0.014583
0 0.639000 0.435156 0.007000 0.008854
0 0.666500 0.439583 0.006000 0.010417
0 0.532500 0.789583 0.006000 0.009375
0 0.560125 0.812500 0.007750 0.009375
0 0.597125 0.776042 0.006750 0.010417
0 0.597375 0.767708 0.008250 0.008333
0 0.606625 0.740885 0.006250 0.007812
0 0.637125 0.730729 0.006750 0.012500
0 0.634625 0.721875 0.005750 0.017708
0 0.465000 0.519531 0.006000 0.013021
0 0.514250 0.474479 0.009000 0.014583
0 0.369125 0.520573 0.004750 0.010937
0 0.349375 0.487760 0.004750 0.008854
0 0.270500 0.399479 0.006500 0.006250
0 0.274250 0.402604 0.005000 0.008333
