0 0.591667 0.515250 0.017708 0.007500
0 0.634115 0.498125 0.013021 0.006750
0 0.627083 0.396250 0.010417 0.005000
0 0.930729 0.469000 0.016667 0.005000
0 0.929688 0.429000 0.009375 0.008500
0 0.882812 0.485250 0.015625 0.005500
0 0.719271 0.456000 0.008333 0.004000
0 0.742188 0.455750 0.013542 0.005500
0 0.357552 0.400125 0.011979 0.008750
0 0.370052 0.425500 0.018229 0.007500
0 0.411979 0.439750 0.019792 0.006000
0 0.382812 0.371250 0.027083 0.004500
0 0.316146 0.384875 0.021875 0.009250
0 0.416667 0.316750 0.016667 0.004500
0 0.420833 0.320500 0.010417 0.005000
0 0.418490 0.312000 0.023438 0.006000
0 0.628125 0.245125 0.020833 0.006750
0 0.854687 0.130875 0.015625 0.007250
0 0.862760 0.136125 0.014063 0.007250
0 0.957292 0.080250 0.018750 0.004500
0 0.139844 0.448625 0.011979 0.008750
0 0.168750 0.455750 0.014583 0.010000
0 0.225260 0.440000 0.011979 0.008000
0 0.212240 0.451500 0.017188 0.009000
0 0.223958 0.460500 0.016667 0.006500
0 0.228125 0.455375 0.013542 0.008750
0 0.069010 0.576125 0.011979 0.005250
0 0.101302 0.562375 0.013021 0.006250
0 0.209115 0.553250 0.013021 0.007500
0 0.145573 0.577375 0.008854 0.006750
0 0.134375 0.575625 0.014583 0.008250
0 0.275781 0.611750 0.010937 0.005000
0 0.344010 0.605625 0.008854 0.005250
0 0.247917 0.626750 0.008333 0.007000
0 0.250000 0.634000 0.009375 0.008000
0 0.295833 0.523000 0.023958 0.010000
0 0.271615 0.546125 0.014063 0.007750
0 0.263802 0.537500 0.010937 0.006500
0 0.275521 0.538750 0.014583 0.009000
0 0.528125 0.673625 0.018750 0.006750
0 0.295573 0.782375 0.016146 0.004250
