0 0.007292 0.986125 0.014583 0.008750
0 0.024740 0.981375 0.013021 0.008250
0 0.050781 0.984000 0.017188 0.010000
0 0.069531 0.976500 0.018229 0.009000
0 0.045833 0.968250 0.015625 0.008500
0 0.101302 0.970125 0.022396 0.008750
0 0.111198 0.948875 0.010937 0.009250
0 0.095052 0.945875 0.011979 0.010750
0 0.146354 0.937625 0.019792 0.012250
0 0.288281 0.891000 0.017188 0.006500
0 0.303646 0.761250 0.012500 0.009500
0 0.273177 0.743750 0.013021 0.006500
0 0.218490 0.733875 0.021354 0.007750
0 0.242969 0.721875 0.016146 0.006250
0 0.175000 0.719250 0.010417 0.007500
0 0.147917 0.696750 0.015625 0.007000
0 0.270833 0.638750 0.017708 0.005500
0 0.354687 0.610125 0.017708 0.009750
0 0.224479 0.604500 0.015625 0.009000
0 0.220573 0.598125 0.014063 0.006750
0 0.195052 0.602125 0.016146 0.006250
0 0.177865 0.564375 0.013021 0.010750
0 0.217448 0.566125 0.019271 0.003750
0 0.208333 0.561500 0.013542 0.005500
0 0.220833 0.559750 0.011458 0.006000
0 0.117188 0.557500 0.013542 0.006000
0 0.110937 0.545375 0.016667 0.005250
0 0.126042 0.532500 0.015625 0.008000
0 0.075521 0.525125 0.013542 0.008750
0 0.163542 0.519625 0.015625 0.006250
0 0.186198 0.514125 0.018229 0.008250
0 0.201563 0.512875 0.014583 0.005250
0 0.216667 0.494000 0.016667 0.007000
0 0.223958 0.524875 0.011458 0.006250
0 0.171615 0.537875 0.010937 0.008750
0 0.173958 0.533750 0.013542 0.005000
0 0.151302 0.525875 0.021354 0.005750
0 0.132812 0.501125 0.020833 0.003750
0 0.134115 0.498375 0.017188 0.003750
0 0.090365 0.480625 0.019271 0.006250
0 0.121615 0.472500 0.013021 0.008000
0 0.044531 0.469000 0.010937 0.009500
0 0.104688 0.451125 0.019792 0.004250
0 0.117969 0.458375 0.018229 0.005250
0 0.118490 0.455750 0.016146 0.004000
0 0.123698 0.446750 0.019271 0.005500
0 0.144010 0.440250 0.014063 0.006000
0 0.095833 0.444875 0.019792 0.004250
0 0.100260 0.439625 0.018229 0.004750
0 0.117708 0.441750 0.017708 0.004000
0 0.095833 0.433125 0.013542 0.003750
0 0.105990 0.434625 0.011979 0.006750
0 0.117448 0.435875 0.016146 0.006750
0 0.133333 0.426875 0.013542 0.008250
0 0.055469 0.431625 0.019271 0.012750
0 0.034635 0.409375 0.010937 0.007250
0 0.035937 0.404750 0.015625 0.005500
0 0.047135 0.402750 0.010937 0.008000
0 0.101042 0.404125 0.016667 0.005750
0 0.063021 0.383250 0.018750 0.007000
0 0.056771 0.376625 0.019792 0.006250
0 0.007031 0.374250 0.014063 0.007500
0 0.002865 0.398750 0.005729 0.006500
0 0.538281 0.680500 0.023438 0.010500
0 0.580469 0.675875 0.017188 0.011750
0 0.496615 0.663375 0.011979 0.007750
0 0.509896 0.648250 0.017708 0.014500
0 0.497917 0.643125 0.008333 0.007750
0 0.492708 0.640500 0.006250 0.005500
0 0.496875 0.635000 0.013542 0.006500
0 0.525521 0.636000 0.012500 0.009000
0 0.592448 0.624750 0.009896 0.005500
0 0.598177 0.630625 0.018229 0.006250
0 0.587240 0.605875 0.022396 0.008250
0 0.562760 0.556500 0.017188 0.007500
0 0.539583 0.555750 0.020833 0.008500
0 0.603385 0.565750 0.016146 0.007000
0 0.594271 0.566625 0.010417 0.004250
0 0.498958 0.568250 0.012500 0.013500
0 0.500000 0.550625 0.011458 0.005750
0 0.497917 0.538125 0.008333 0.008250
0 0.497396 0.518000 0.010417 0.007500
0 0.520833 0.519500 0.012500 0.007000
0 0.514323 0.517500 0.005729 0.006000
0 0.513021 0.482125 0.012500 0.004750
0 0.517448 0.476750 0.009896 0.006500
0 0.546875 0.477250 0.008333 0.010000
0 0.554688 0.475500 0.008333 0.008000
0 0.575781 0.466750 0.011979 0.008000
0 0.565625 0.465000 0.011458 0.012000
0 0.534896 0.466000 0.008333 0.007000
0 0.530469 0.465250 0.008854 0.009000
0 0.538802 0.445375 0.010937 0.008750
0 0.532813 0.443250 0.006250 0.007000
0 0.567448 0.449625 0.019271 0.007250
0 0.584115 0.446750 0.015104 0.007000
0 0.596875 0.445125 0.013542 0.008750
0 0.576562 0.441250 0.015625 0.008500
0 0.534115 0.427500 0.014063 0.009500
0 0.534375 0.410125 0.013542 0.010750
0 0.508854 0.391000 0.012500 0.009000
0 0.530729 0.389375 0.022917 0.009250
0 0.549740 0.380500 0.011979 0.010000
0 0.573958 0.385875 0.017708 0.007250
0 0.639844 0.429375 0.018229 0.008750
0 0.614062 0.424875 0.015625 0.008750
0 0.625000 0.399000 0.017708 0.005500
0 0.662240 0.399500 0.016146 0.008500
0 0.582031 0.368250 0.014063 0.009000
0 0.590625 0.368500 0.012500 0.009000
0 0.629948 0.355125 0.011979 0.009250
0 0.496094 0.347250 0.017188 0.010500
0 0.505990 0.331625 0.007812 0.008250
0 0.512760 0.328125 0.015104 0.004250
0 0.619531 0.333000 0.023438 0.006000
0 0.687500 0.329375 0.014583 0.008750
0 0.636198 0.321000 0.009896 0.008000
0 0.649740 0.317125 0.018229 0.005750
0 0.601823 0.203750 0.013021 0.008000
0 0.784896 0.682125 0.012500 0.006250
0 0.764062 0.665375 0.012500 0.009750
0 0.878906 0.664750 0.009896 0.005000
0 0.873437 0.666375 0.010417 0.006250
0 0.866667 0.666875 0.011458 0.005750
0 0.747656 0.646875 0.011979 0.006750
0 0.909375 0.631875 0.012500 0.004750
0 0.891146 0.630625 0.012500 0.004750
0 0.942708 0.588500 0.016667 0.009500
0 0.952083 0.585375 0.017708 0.009750
0 0.953906 0.545625 0.020313 0.006750
