0 0.729167 0.333250 0.028125 0.011500
0 0.763802 0.343750 0.021354 0.009500
0 0.920052 0.310250 0.023438 0.010000
0 0.444271 0.401125 0.012500 0.012250
0 0.498437 0.399750 0.022917 0.012000
0 0.472917 0.422125 0.028125 0.010750
0 0.519531 0.432125 0.017188 0.010750
0 0.426563 0.439625 0.031250 0.010750
0 0.357812 0.443375 0.039583 0.014250
0 0.544271 0.521750 0.029167 0.013000
0 0.665885 0.526000 0.022396 0.013500
0 0.718750 0.518750 0.032292 0.009500
0 0.108594 0.605500 0.033854 0.010000
0 0.573698 0.693750 0.029687 0.017500
0 0.523177 0.719000 0.026562 0.015500
0 0.557552 0.724375 0.025521 0.012750
0 0.050000 0.734500 0.035417 0.011500
0 0.056510 0.753125 0.022396 0.012250
0 0.090885 0.768375 0.013021 0.004750
0 0.048698 0.856875 0.015104 0.014250
