0 0.174250 0.597396 0.025000 0.045833
0 0.261750 0.659896 0.022000 0.037500
0 0.279250 0.631771 0.013000 0.031250
0 0.376250 0.758854 0.013000 0.043750
0 0.304750 0.915104 0.012000 0.031250
0 0.315000 0.933854 0.016000 0.025000
0 0.278250 0.308854 0.015000 0.039583
0 0.313375 0.915625 0.012750 0.021875
0 0.190250 0.191146 0.013000 0.037500
0 0.463250 0.132812 0.009000 0.029167
0 0.459250 0.444271 0.019000 0.039583
0 0.490250 0.399479 0.007000 0.029167
0 0.556750 0.590104 0.016000 0.035417
0 0.605750 0.444271 0.016000 0.039583
0 0.608250 0.418229 0.005000 0.025000
0 0.634250 0.302604 0.013000 0.027083
0 0.648750 0.281771 0.012000 0.031250
0 0.635250 0.227604 0.011000 0.027083
0 0.664750 0.163021 0.014000 0.035417
0 0.668750 0.043229 0.010000 0.020833
0 0.726750 0.042188 0.012000 0.031250
0 0.772250 0.569271 0.011000 0.039583
0 0.801250 0.597396 0.023000 0.041667
0 0.601750 0.772396 0.012000 0.037500
0 0.683750 0.724479 0.022000 0.045833
0 0.599375 0.897135 0.008250 0.015104
