0 0.125781 0.508750 0.009896 0.009000
0 0.142448 0.516000 0.010937 0.009000
0 0.188021 0.524625 0.012500 0.007750
0 0.326562 0.524125 0.014583 0.008750
0 0.322396 0.513750 0.011458 0.008500
0 0.254167 0.514000 0.015625 0.007000
0 0.294792 0.501875 0.016667 0.006250
0 0.323958 0.474875 0.020833 0.007250
0 0.305469 0.473125 0.011979 0.010250
0 0.325260 0.460750 0.015104 0.008500
0 0.121094 0.448125 0.014063 0.008750
0 0.243229 0.401000 0.016667 0.010000
0 0.228646 0.431625 0.011458 0.008750
0 0.237240 0.431375 0.015104 0.008250
0 0.241406 0.427000 0.014063 0.009000
0 0.112760 0.390625 0.016146 0.006750
0 0.208073 0.387250 0.011979 0.009000
0 0.221094 0.385250 0.008854 0.008500
0 0.211719 0.378500 0.013021 0.008500
0 0.237500 0.372625 0.013542 0.008750
0 0.254688 0.365500 0.011458 0.009500
0 0.228906 0.366125 0.013021 0.009750
0 0.254688 0.350125 0.015625 0.007250
0 0.243490 0.347250 0.013021 0.011000
0 0.129427 0.268750 0.023438 0.008000
0 0.458854 0.595250 0.013542 0.007000
0 0.465104 0.540125 0.012500 0.009250
0 0.455729 0.503125 0.020833 0.007250
0 0.538021 0.486750 0.016667 0.006000
0 0.519010 0.486875 0.014063 0.005750
0 0.491667 0.483000 0.014583 0.007500
0 0.507812 0.479000 0.013542 0.006500
0 0.503646 0.476500 0.010417 0.005000
0 0.551562 0.461750 0.009375 0.008500
0 0.561198 0.460500 0.009896 0.008000
0 0.535417 0.462625 0.006250 0.008250
0 0.541406 0.463000 0.007812 0.007500
0 0.544531 0.447875 0.018229 0.008250
0 0.528646 0.435125 0.018750 0.007750
0 0.572656 0.432125 0.011979 0.008250
0 0.559375 0.430750 0.014583 0.009500
0 0.566927 0.422625 0.009896 0.008750
0 0.575000 0.423125 0.007292 0.005750
0 0.566927 0.384375 0.015104 0.007750
0 0.555208 0.385625 0.011458 0.010250
0 0.549479 0.380500 0.016667 0.007500
0 0.538021 0.377250 0.019792 0.008500
0 0.671875 0.350750 0.018750 0.011000
0 0.641927 0.348375 0.019271 0.008750
0 0.551042 0.290250 0.022917 0.008500
0 0.619792 0.300875 0.015625 0.008750
0 0.615625 0.299000 0.011458 0.007500
0 0.607292 0.292500 0.018750 0.008000
0 0.602083 0.289125 0.012500 0.005750
0 0.670052 0.245125 0.023438 0.009750
0 0.604948 0.236250 0.019271 0.009500
0 0.594531 0.227500 0.017188 0.009000
0 0.558073 0.574000 0.014063 0.008500
0 0.648958 0.568625 0.018750 0.006250
0 0.668490 0.565875 0.018229 0.007250
0 0.688542 0.561250 0.015625 0.006500
0 0.704167 0.568375 0.014583 0.006750
0 0.733854 0.560000 0.013542 0.007000
0 0.699479 0.555125 0.012500 0.007750
0 0.719271 0.550125 0.012500 0.004750
0 0.720313 0.546250 0.012500 0.005000
0 0.732292 0.545125 0.010417 0.006750
0 0.742448 0.546625 0.009896 0.006250
0 0.808073 0.553125 0.018229 0.007750
0 0.805990 0.543750 0.013021 0.008500
0 0.830990 0.540000 0.022396 0.006500
0 0.855208 0.540625 0.013542 0.007750
0 0.848177 0.535125 0.013021 0.007750
0 0.838021 0.522125 0.020833 0.006250
0 0.779687 0.519625 0.014583 0.005750
0 0.787500 0.514625 0.013542 0.007250
0 0.808333 0.512625 0.016667 0.005250
0 0.810156 0.516250 0.018229 0.003500
0 0.823958 0.513500 0.016667 0.008000
0 0.835938 0.509125 0.017708 0.003750
0 0.838802 0.512750 0.014063 0.005500
0 0.876042 0.503125 0.020833 0.009750
0 0.924479 0.528750 0.020833 0.008000
0 0.984375 0.501750 0.013542 0.007000
0 0.986719 0.497000 0.019271 0.005000
0 0.982552 0.470125 0.019271 0.010250
0 0.923438 0.449125 0.015625 0.008750
0 0.797396 0.448000 0.016667 0.008000
0 0.940625 0.446875 0.019792 0.008250
0 0.995312 0.483125 0.008333 0.007250
0 0.977604 0.686625 0.015625 0.006750
0 0.938021 0.685375 0.019792 0.006250
0 0.947396 0.623625 0.012500 0.009750
0 0.938802 0.641000 0.018229 0.009000
0 0.903125 0.640625 0.021875 0.005750
0 0.868750 0.665000 0.011458 0.008000
0 0.853385 0.650375 0.026562 0.007250
0 0.854167 0.640250 0.021875 0.006000
0 0.788021 0.662625 0.025000 0.007250
0 0.723698 0.654875 0.016146 0.004250
0 0.743750 0.642500 0.019792 0.004500
0 0.744792 0.638375 0.014583 0.005750
0 0.721875 0.627750 0.019792 0.006000
0 0.616146 0.628500 0.019792 0.008000
0 0.628385 0.662750 0.020313 0.007500
0 0.582812 0.641000 0.015625 0.008000
