0 0.876500 0.814063 0.005500 0.015625
0 0.847000 0.764323 0.009000 0.014063
0 0.813500 0.778646 0.012000 0.018750
0 0.770750 0.799479 0.008000 0.015625
0 0.769625 0.786198 0.009750 0.010937
0 0.754000 0.827083 0.008500 0.015625
0 0.754375 0.827083 0.008250 0.016667
0 0.765125 0.847396 0.008250 0.016667
0 0.743875 0.817969 0.007250 0.014063
0 0.720375 0.797917 0.005250 0.015625
0 0.720625 0.753906 0.005250 0.010937
0 0.725625 0.755469 0.004250 0.013021
0 0.508500 0.728906 0.004500 0.013021
0 0.485125 0.711979 0.006750 0.016667
0 0.477000 0.704688 0.007500 0.010417
0 0.473125 0.723437 0.005750 0.009375
0 0.473500 0.694792 0.005500 0.014583
0 0.473375 0.680469 0.006250 0.014063
0 0.465875 0.690365 0.006250 0.017188
0 0.469750 0.685677 0.003500 0.015104
0 0.464125 0.678906 0.004750 0.011979
0 0.458750 0.669271 0.004000 0.007292
0 0.458625 0.671094 0.007750 0.015104
0 0.456250 0.678646 0.006500 0.011458
0 0.452500 0.700521 0.005000 0.009375
0 0.445000 0.684115 0.004500 0.010937
0 0.448625 0.672656 0.008750 0.015104
0 0.450250 0.655729 0.007000 0.014583
0 0.458875 0.653646 0.006250 0.010417
0 0.450000 0.637500 0.008500 0.018750
0 0.444000 0.652344 0.006500 0.009896
0 0.444125 0.657813 0.003750 0.011458
0 0.438625 0.655208 0.009750 0.017708
0 0.430125 0.666667 0.006750 0.008333
0 0.427125 0.642708 0.005750 0.015625
0 0.420375 0.634375 0.005250 0.011458
0 0.422375 0.625781 0.006750 0.015104
0 0.424125 0.611458 0.005250 0.011458
0 0.438500 0.595573 0.006500 0.017188
0 0.413375 0.626563 0.007750 0.013542
0 0.411500 0.612760 0.009000 0.017188
0 0.411750 0.643229 0.004000 0.012500
0 0.415500 0.648958 0.005500 0.009375
0 0.414500 0.590104 0.005500 0.010417
0 0.429375 0.572396 0.005750 0.012500
0 0.423000 0.563021 0.005500 0.011458
0 0.420750 0.553125 0.006000 0.011458
0 0.410125 0.570052 0.008250 0.014063
0 0.396625 0.607552 0.004250 0.014063
0 0.400000 0.605469 0.005500 0.013021
0 0.402375 0.600521 0.005750 0.013542
0 0.403875 0.590885 0.009250 0.011979
0 0.397750 0.590625 0.006000 0.012500
0 0.399750 0.592708 0.006500 0.015625
0 0.402375 0.573177 0.005750 0.011979
0 0.397375 0.579948 0.004250 0.007812
0 0.395250 0.559115 0.005500 0.009896
0 0.513875 0.680469 0.007250 0.011979
0 0.531000 0.714063 0.005000 0.013542
0 0.537500 0.682552 0.003500 0.016146
0 0.528000 0.603646 0.005500 0.015625
0 0.517750 0.591667 0.007000 0.011458
0 0.512375 0.575260 0.005250 0.010937
0 0.356875 0.549740 0.005250 0.014063
0 0.389625 0.581771 0.007250 0.017708
0 0.374375 0.573177 0.007250 0.020313
0 0.380500 0.565365 0.006000 0.016146
0 0.383250 0.557031 0.005000 0.015104
0 0.384500 0.545052 0.006000 0.010937
0 0.378375 0.555208 0.005750 0.011458
0 0.372750 0.548177 0.008000 0.016146
0 0.375375 0.541146 0.007250 0.012500
0 0.373375 0.598958 0.005250 0.013542
0 0.364125 0.586979 0.008250 0.013542
0 0.359000 0.590104 0.003000 0.009375
0 0.385750 0.610938 0.006000 0.012500
0 0.341750 0.561198 0.013000 0.018229
0 0.345250 0.570312 0.008000 0.017708
0 0.317250 0.558854 0.005500 0.011458
0 0.313875 0.547656 0.004250 0.014063
0 0.338750 0.542969 0.005000 0.015104
0 0.343750 0.539844 0.006500 0.013021
0 0.340250 0.527604 0.005000 0.013542
0 0.336125 0.527344 0.006250 0.009896
0 0.335375 0.514844 0.004750 0.013021
0 0.342375 0.521354 0.004250 0.015625
0 0.353500 0.513802 0.006500 0.011979
0 0.348750 0.499479 0.007500 0.012500
0 0.339125 0.495833 0.007750 0.015625
0 0.348750 0.450781 0.005500 0.019271
0 0.336125 0.448958 0.008750 0.013542
0 0.322500 0.498177 0.005000 0.016146
0 0.320125 0.520312 0.006750 0.010417
0 0.317250 0.503385 0.008500 0.016146
0 0.310125 0.508594 0.006750 0.010937
0 0.304000 0.496875 0.006000 0.013542
0 0.308000 0.485156 0.007500 0.010937
0 0.309250 0.492969 0.007000 0.015104
0 0.318625 0.485937 0.006250 0.010417
0 0.316375 0.470833 0.005750 0.016667
0 0.312750 0.466406 0.007000 0.014063
0 0.306875 0.467187 0.008250 0.015625
0 0.301375 0.461979 0.005750 0.010417
0 0.298625 0.465625 0.006750 0.011458
0 0.299750 0.481510 0.008000 0.011979
0 0.295375 0.486719 0.005250 0.013021
0 0.287875 0.474740 0.008750 0.014063
0 0.277375 0.502344 0.005250 0.014063
0 0.281000 0.495833 0.006500 0.021875
0 0.284250 0.500260 0.005000 0.017188
0 0.287125 0.495573 0.007250 0.015104
0 0.282875 0.522917 0.005250 0.009375
0 0.293875 0.532292 0.004750 0.012500
0 0.274875 0.519010 0.006250 0.011979
0 0.303250 0.426563 0.005000 0.012500
0 0.307750 0.424219 0.005000 0.015104
0 0.301250 0.421354 0.006500 0.014583
0 0.312250 0.450781 0.007000 0.014063
0 0.286875 0.451562 0.005750 0.013542
0 0.289375 0.444792 0.004750 0.013542
0 0.292250 0.440625 0.007500 0.023958
0 0.274625 0.465365 0.006250 0.014063
0 0.268375 0.459115 0.004250 0.008854
0 0.265000 0.447656 0.007000 0.013021
0 0.269500 0.446094 0.007000 0.019271
0 0.272875 0.444271 0.007250 0.016667
0 0.261375 0.492969 0.006250 0.013021
0 0.267750 0.499219 0.005000 0.011979
0 0.224000 0.489583 0.009000 0.011458
0 0.237500 0.484115 0.007000 0.018229
0 0.241625 0.485417 0.006250 0.009375
0 0.253875 0.486719 0.007750 0.015104
0 0.254875 0.481250 0.004750 0.011458
0 0.259500 0.480208 0.006500 0.016667
0 0.254625 0.458333 0.005750 0.013542
0 0.258125 0.462760 0.003750 0.011979
0 0.251000 0.442448 0.004500 0.015104
0 0.239875 0.442188 0.005750 0.017708
0 0.240750 0.444271 0.008000 0.012500
0 0.244625 0.444271 0.004250 0.010417
0 0.238000 0.414583 0.005500 0.013542
0 0.229000 0.425781 0.006500 0.014063
0 0.233250 0.417448 0.005500 0.014063
0 0.224250 0.408073 0.008000 0.015104
0 0.210000 0.428906 0.005000 0.011979
0 0.213125 0.434115 0.005250 0.013021
0 0.182750 0.426302 0.007000 0.014063
0 0.273750 0.389844 0.005000 0.014063
0 0.247250 0.386979 0.007500 0.014583
0 0.192250 0.350000 0.008500 0.017708
0 0.190500 0.321615 0.008000 0.015104
0 0.255750 0.307552 0.008500 0.014063
0 0.256250 0.390885 0.007500 0.013021
0 0.129625 0.310417 0.004750 0.011458
0 0.258250 0.984115 0.005500 0.013021
0 0.263000 0.984635 0.007000 0.016146
0 0.268875 0.989583 0.009250 0.011458
0 0.266500 0.996094 0.006500 0.006771
0 0.270500 0.971615 0.007500 0.017188
0 0.269000 0.982031 0.005500 0.015104
0 0.273750 0.979167 0.005000 0.012500
0 0.279375 0.979167 0.006750 0.015625
0 0.286625 0.990625 0.004750 0.009375
0 0.324000 0.973177 0.008500 0.018229
0 0.341250 0.994010 0.007500 0.010937
0 0.353500 0.982292 0.005500 0.015625
0 0.358375 0.944792 0.006750 0.013542
0 0.353750 0.932292 0.005500 0.012500
0 0.337750 0.947656 0.005500 0.013021
0 0.305500 0.942969 0.009000 0.013021
0 0.306625 0.934115 0.007250 0.016146
0 0.303125 0.926562 0.005250 0.013542
0 0.308250 0.924740 0.006500 0.014063
0 0.311875 0.914062 0.009250 0.015625
0 0.273375 0.896354 0.007750 0.014583
0 0.275250 0.934375 0.007000 0.014583
0 0.332750 0.888281 0.006500 0.015104
0 0.341375 0.881510 0.007750 0.014063
0 0.369125 0.889844 0.004750 0.016146
0 0.372125 0.896094 0.005250 0.015104
0 0.377875 0.925260 0.006250 0.015104
0 0.394000 0.931510 0.006500 0.016146
0 0.394500 0.909896 0.004500 0.013542
0 0.381000 0.844271 0.006000 0.011458
0 0.393875 0.834896 0.005750 0.014583
0 0.401250 0.898698 0.005000 0.011979
0 0.408500 0.904167 0.006500 0.014583
0 0.408750 0.878906 0.007500 0.008854
0 0.407625 0.861719 0.007750 0.017188
0 0.410250 0.863281 0.007000 0.017188
0 0.398250 0.852083 0.007500 0.016667
0 0.400125 0.845052 0.005250 0.016146
0 0.441500 0.858854 0.006500 0.012500
0 0.436125 0.842448 0.007750 0.014063
0 0.434250 0.817187 0.007000 0.018750
0 0.439125 0.828906 0.005250 0.015104
0 0.441750 0.821094 0.005500 0.014063
0 0.442625 0.830208 0.003750 0.011458
0 0.447000 0.826562 0.006500 0.009375
0 0.443750 0.813021 0.005500 0.014583
0 0.457625 0.825000 0.005250 0.013542
0 0.464750 0.820052 0.006000 0.016146
0 0.468750 0.814844 0.006000 0.014063
0 0.457500 0.842969 0.005000 0.013021
0 0.462625 0.840365 0.004750 0.010937
0 0.465750 0.854687 0.003000 0.012500
0 0.609625 0.826823 0.006250 0.014063
0 0.613750 0.811719 0.008000 0.009896
0 0.616625 0.792188 0.008750 0.014583
0 0.618250 0.780990 0.005500 0.008854
0 0.611125 0.780208 0.008250 0.014583
0 0.612625 0.774479 0.006750 0.010417
0 0.628500 0.755208 0.009500 0.016667
0 0.661375 0.720052 0.006750 0.018229
0 0.679625 0.732031 0.004750 0.015104
0 0.694375 0.747135 0.004750 0.009896
0 0.694625 0.758333 0.006250 0.010417
0 0.715625 0.695312 0.004250 0.011458
0 0.721875 0.664323 0.009250 0.014063
0 0.729875 0.689063 0.005750 0.015625
0 0.726375 0.710417 0.006250 0.013542
0 0.737125 0.747917 0.008750 0.021875
0 0.721375 0.743490 0.006750 0.016146
0 0.721625 0.736198 0.006750 0.015104
0 0.726500 0.740885 0.006000 0.011979
0 0.734375 0.724219 0.006250 0.011979
0 0.736000 0.730469 0.004500 0.015104
0 0.741125 0.727604 0.005250 0.013542
0 0.740125 0.717448 0.005750 0.015104
0 0.744375 0.713542 0.005750 0.013542
0 0.749125 0.720573 0.005250 0.008854
0 0.742500 0.732552 0.006500 0.015104
0 0.746875 0.737240 0.004750 0.014063
0 0.750625 0.735156 0.006250 0.016146
0 0.754125 0.730469 0.007750 0.011979
0 0.755000 0.717187 0.005500 0.014583
0 0.759250 0.704688 0.007000 0.013542
0 0.737625 0.692448 0.007750 0.011979
0 0.734875 0.701302 0.008250 0.014063
0 0.745625 0.685677 0.006750 0.013021
0 0.753500 0.671094 0.006000 0.008854
0 0.754250 0.660937 0.007000 0.011458
0 0.554000 0.736979 0.006500 0.012500
0 0.566875 0.709635 0.004750 0.014063
0 0.572375 0.710417 0.005750 0.020833
0 0.596875 0.684896 0.003750 0.011458
0 0.602250 0.684115 0.005500 0.016146
0 0.603000 0.675521 0.004500 0.011458
0 0.608250 0.668490 0.004500 0.015104
0 0.613375 0.664062 0.006250 0.012500
0 0.618875 0.667448 0.004250 0.013021
0 0.614000 0.652865 0.006000 0.009896
0 0.599625 0.616406 0.007750 0.015104
0 0.603750 0.591927 0.007000 0.019271
0 0.614625 0.600000 0.006250 0.015625
0 0.618500 0.612500 0.007000 0.016667
0 0.623000 0.641406 0.006500 0.018229
0 0.627625 0.639844 0.006750 0.017188
0 0.633500 0.633854 0.007000 0.014583
0 0.639500 0.629948 0.004500 0.015104
0 0.645375 0.624219 0.005250 0.011979
0 0.653625 0.613281 0.007250 0.015104
0 0.654000 0.591146 0.008500 0.014583
0 0.621500 0.586198 0.006000 0.020313
0 0.625375 0.592448 0.007750 0.021354
0 0.625500 0.583073 0.004000 0.010937
0 0.624500 0.560417 0.006000 0.015625
0 0.613750 0.564063 0.007000 0.015625
0 0.610000 0.544271 0.008000 0.013542
0 0.638625 0.574740 0.007250 0.016146
0 0.664875 0.579688 0.005750 0.013542
0 0.666500 0.585677 0.006500 0.014063
0 0.666125 0.556510 0.006750 0.014063
0 0.644125 0.536458 0.005250 0.013542
0 0.646125 0.523958 0.005250 0.011458
0 0.651875 0.524479 0.004750 0.012500
0 0.651375 0.543229 0.006750 0.012500
0 0.662250 0.536458 0.004000 0.011458
0 0.653250 0.523438 0.006500 0.013542
0 0.659125 0.515104 0.005250 0.014583
0 0.652250 0.494792 0.005000 0.012500
0 0.648875 0.481771 0.005750 0.014583
0 0.652000 0.480729 0.005000 0.015625
0 0.659125 0.465104 0.006250 0.018750
0 0.662125 0.474740 0.004250 0.015104
0 0.669125 0.480208 0.005250 0.011458
0 0.670125 0.471094 0.006750 0.014063
0 0.671250 0.461979 0.005500 0.009375
0 0.679250 0.514844 0.005000 0.011979
0 0.680750 0.527344 0.007500 0.013021
0 0.680125 0.538802 0.008750 0.014063
0 0.685625 0.515625 0.005250 0.014583
0 0.686625 0.508073 0.004250 0.011979
0 0.689125 0.452083 0.007750 0.013542
0 0.665750 0.445052 0.006000 0.009896
0 0.648125 0.439844 0.007250 0.013021
0 0.656125 0.417969 0.005250 0.013021
0 0.676625 0.434375 0.007250 0.011458
0 0.676500 0.423958 0.007000 0.015625
0 0.692500 0.431771 0.004500 0.011458
0 0.718625 0.515625 0.005250 0.016667
0 0.733625 0.510156 0.004750 0.013021
0 0.745625 0.511198 0.005750 0.013021
0 0.737500 0.538281 0.004000 0.009896
0 0.707625 0.472396 0.006750 0.012500
0 0.726000 0.427083 0.006500 0.014583
0 0.724375 0.421354 0.005750 0.010417
0 0.725625 0.405469 0.007250 0.016146
0 0.729625 0.401562 0.006250 0.015625
0 0.744500 0.416927 0.007000 0.011979
0 0.757000 0.397656 0.006500 0.015104
0 0.712125 0.410417 0.008250 0.012500
0 0.694625 0.436979 0.007250 0.011458
0 0.690000 0.411198 0.005500 0.009896
0 0.689875 0.401302 0.007750 0.017188
0 0.681375 0.405729 0.009250 0.012500
0 0.685625 0.381250 0.008750 0.015625
0 0.674375 0.368490 0.007250 0.011979
0 0.654625 0.393750 0.007750 0.013542
0 0.704375 0.396094 0.008750 0.020313
0 0.710500 0.398177 0.006500 0.013021
0 0.712750 0.390365 0.006000 0.013021
0 0.706125 0.361458 0.005750 0.013542
0 0.709625 0.368490 0.005750 0.009896
0 0.697750 0.354687 0.004500 0.011458
0 0.717375 0.367708 0.004750 0.011458
0 0.718750 0.358854 0.006000 0.011458
0 0.721750 0.364844 0.005500 0.008854
0 0.735750 0.365104 0.006000 0.013542
0 0.739250 0.375781 0.005000 0.013021
0 0.747875 0.359375 0.005250 0.010417
0 0.754500 0.372656 0.005500 0.013021
0 0.751000 0.365885 0.007500 0.016146
0 0.764625 0.380729 0.004750 0.013542
0 0.772125 0.347917 0.005250 0.011458
0 0.762000 0.330469 0.004500 0.010937
0 0.734875 0.349219 0.007750 0.014063
0 0.740875 0.344531 0.005250 0.010937
0 0.737375 0.327865 0.007750 0.015104
0 0.745375 0.333333 0.004750 0.013542
0 0.748625 0.324740 0.007750 0.011979
0 0.753875 0.307031 0.005750 0.010937
0 0.749750 0.311979 0.006000 0.012500
0 0.746000 0.304167 0.006500 0.013542
0 0.748875 0.297656 0.006250 0.015104
0 0.734125 0.286719 0.006250 0.013021
0 0.736625 0.281771 0.005750 0.012500
0 0.738000 0.290365 0.006000 0.010937
0 0.723750 0.286198 0.008000 0.013021
0 0.704500 0.289844 0.005500 0.013021
0 0.705375 0.291927 0.006250 0.011979
0 0.747000 0.278125 0.003500 0.013542
0 0.752125 0.282031 0.007250 0.016146
0 0.756875 0.267969 0.006250 0.013021
0 0.747500 0.245833 0.006500 0.014583
0 0.751250 0.251042 0.005000 0.013542
0 0.755750 0.238021 0.006000 0.016667
0 0.767125 0.263802 0.008750 0.020313
0 0.773500 0.263542 0.008000 0.015625
0 0.777625 0.264583 0.004750 0.014583
0 0.778875 0.275000 0.006750 0.013542
0 0.783875 0.287500 0.005750 0.011458
0 0.786000 0.302865 0.005000 0.013021
0 0.788625 0.307031 0.004250 0.011979
0 0.792750 0.306510 0.005000 0.014063
0 0.790875 0.317708 0.005750 0.010417
0 0.801000 0.289583 0.007500 0.016667
0 0.805750 0.285156 0.007000 0.015104
0 0.788875 0.264323 0.007750 0.013021
0 0.778250 0.246875 0.007000 0.010417
0 0.790125 0.238542 0.007250 0.011458
0 0.790000 0.222135 0.006000 0.015104
0 0.783250 0.192448 0.006500 0.017188
0 0.801625 0.186979 0.007250 0.012500
0 0.808250 0.201823 0.008000 0.014063
0 0.810375 0.217708 0.005250 0.009375
0 0.798875 0.220312 0.006250 0.015625
0 0.803375 0.229948 0.004750 0.009896
0 0.537625 0.563281 0.003750 0.017188
0 0.536875 0.549219 0.006250 0.016146
0 0.537875 0.535156 0.004250 0.014063
0 0.532750 0.546094 0.005500 0.010937
0 0.543000 0.490625 0.003000 0.010417
0 0.549000 0.483854 0.004500 0.011458
0 0.548000 0.468490 0.006000 0.015104
0 0.520750 0.482552 0.006000 0.017188
0 0.488750 0.459635 0.009000 0.014063
0 0.520500 0.452604 0.008500 0.015625
0 0.519750 0.439323 0.005000 0.011979
0 0.524500 0.436719 0.004500 0.015104
0 0.528375 0.437760 0.003750 0.014063
0 0.542875 0.445312 0.005750 0.017708
0 0.546625 0.436719 0.007250 0.016146
0 0.542750 0.432552 0.005500 0.010937
0 0.542875 0.422917 0.005750 0.015625
0 0.547500 0.421354 0.005000 0.014583
0 0.547000 0.413281 0.005000 0.014063
0 0.550750 0.409896 0.003000 0.012500
0 0.555375 0.406510 0.004750 0.013021
0 0.560000 0.406771 0.004000 0.015625
0 0.542125 0.407031 0.004250 0.015104
0 0.541750 0.396354 0.005500 0.016667
0 0.534125 0.409115 0.012250 0.021354
0 0.519625 0.384635 0.006250 0.011979
0 0.524500 0.389062 0.006500 0.011458
0 0.516875 0.372396 0.006250 0.015625
0 0.505125 0.376563 0.006750 0.014583
0 0.509875 0.351823 0.004750 0.011979
0 0.522000 0.367188 0.006000 0.016667
0 0.527125 0.356250 0.004250 0.014583
0 0.544875 0.370833 0.004750 0.012500
0 0.553625 0.379427 0.004250 0.013021
0 0.556500 0.372396 0.003500 0.014583
0 0.557125 0.357552 0.004750 0.018229
0 0.559500 0.361719 0.005000 0.017188
0 0.561125 0.366146 0.003750 0.011458
0 0.565125 0.364323 0.004250 0.011979
0 0.565250 0.354167 0.006500 0.015625
0 0.573500 0.360677 0.004500 0.015104
0 0.545250 0.352083 0.008500 0.019792
0 0.546500 0.349219 0.006000 0.017188
0 0.550750 0.348698 0.006000 0.014063
0 0.553250 0.335938 0.004000 0.016667
0 0.554875 0.329688 0.005250 0.018750
0 0.557750 0.334896 0.004500 0.015625
0 0.548875 0.335156 0.005250 0.014063
0 0.548000 0.331250 0.004000 0.010417
0 0.541125 0.327604 0.006750 0.014583
0 0.546000 0.317708 0.004500 0.010417
0 0.523500 0.321875 0.006500 0.016667
0 0.525875 0.317708 0.004250 0.014583
0 0.528750 0.323698 0.004500 0.013021
0 0.520125 0.310156 0.005750 0.015104
0 0.516375 0.300000 0.004250 0.010417
0 0.523000 0.292187 0.004000 0.014583
0 0.548375 0.296354 0.006250 0.013542
0 0.546500 0.279167 0.006500 0.013542
0 0.552250 0.265104 0.005500 0.011458
0 0.568500 0.285417 0.006000 0.014583
0 0.560125 0.230469 0.005750 0.017188
0 0.520125 0.272396 0.006750 0.017708
0 0.524250 0.270833 0.005500 0.017708
0 0.527250 0.249219 0.006500 0.015104
0 0.530375 0.247917 0.005250 0.014583
0 0.513125 0.248958 0.006750 0.011458
0 0.516625 0.236198 0.007250 0.013021
0 0.512750 0.224740 0.006500 0.015104
0 0.515000 0.217448 0.006500 0.015104
0 0.508375 0.204427 0.006750 0.015104
0 0.510375 0.198177 0.006250 0.014063
0 0.519500 0.211719 0.006000 0.015104
0 0.524500 0.202604 0.004500 0.015625
0 0.527000 0.204427 0.005000 0.011979
0 0.532750 0.210677 0.004500 0.013021
0 0.525500 0.226823 0.005000 0.011979
0 0.528125 0.231250 0.004250 0.012500
0 0.553750 0.206771 0.004500 0.014583
0 0.565375 0.173958 0.005250 0.013542
0 0.559125 0.169271 0.005750 0.014583
0 0.559500 0.161719 0.006500 0.010937
0 0.553125 0.158073 0.007250 0.016146
0 0.526125 0.142448 0.005250 0.014063
0 0.519875 0.135156 0.007250 0.013021
0 0.502500 0.127344 0.005000 0.014063
0 0.506000 0.126823 0.005500 0.015104
0 0.508875 0.101302 0.004750 0.013021
0 0.509625 0.096354 0.005250 0.010417
0 0.509625 0.076563 0.006250 0.013542
0 0.517750 0.076563 0.005500 0.010417
0 0.519375 0.068229 0.005250 0.011458
0 0.523750 0.086719 0.005500 0.014063
0 0.520875 0.094792 0.004250 0.017708
0 0.524500 0.098177 0.004000 0.013021
0 0.517125 0.101302 0.006250 0.011979
0 0.515750 0.107552 0.005500 0.014063
0 0.521000 0.117708 0.006000 0.015625
0 0.519375 0.110937 0.005750 0.012500
0 0.528875 0.063281 0.005750 0.016146
0 0.528750 0.066406 0.006500 0.013021
0 0.520375 0.047917 0.007750 0.011458
0 0.549500 0.122396 0.006000 0.014583
0 0.557500 0.125781 0.005000 0.015104
0 0.560875 0.117188 0.005250 0.015625
0 0.585250 0.097396 0.007000 0.013542
0 0.584000 0.096094 0.006000 0.013021
0 0.590625 0.122396 0.005750 0.012500
0 0.594375 0.077604 0.005750 0.015625
0 0.547375 0.105469 0.007750 0.011979
0 0.545625 0.084896 0.005750 0.015625
0 0.551500 0.086719 0.005500 0.011979
0 0.555750 0.084375 0.005500 0.018750
0 0.551000 0.076042 0.006500 0.015625
0 0.555000 0.067969 0.005500 0.016146
0 0.559250 0.070312 0.004500 0.014583
0 0.560375 0.058333 0.006250 0.012500
0 0.560250 0.045312 0.004500 0.013542
0 0.566000 0.041146 0.005000 0.013542
0 0.568875 0.047396 0.004750 0.012500
0 0.566125 0.028646 0.004750 0.016667
0 0.559250 0.023177 0.007000 0.014063
0 0.597500 0.007031 0.008500 0.013021
0 0.556750 0.007292 0.006000 0.011458
0 0.549250 0.031250 0.008000 0.014583
0 0.545000 0.033073 0.004500 0.009896
0 0.536000 0.014844 0.006500 0.014063
0 0.529500 0.009635 0.007000 0.011979
0 0.530750 0.013802 0.006000 0.010937
0 0.516750 0.023958 0.006500 0.014583
