0 0.177083 0.549375 0.011458 0.006750
0 0.218490 0.544125 0.010937 0.008250
0 0.243490 0.549500 0.017188 0.005000
0 0.422656 0.601625 0.017188 0.005250
0 0.520833 0.619875 0.017708 0.006250
0 0.486198 0.643375 0.011979 0.009250
0 0.942969 0.661000 0.024479 0.007000
0 0.793750 0.586125 0.014583 0.008250
0 0.780208 0.578000 0.010417 0.007000
0 0.707552 0.554875 0.019271 0.006750
0 0.699479 0.525000 0.009375 0.008000
0 0.692969 0.517750 0.015104 0.005500
0 0.678385 0.508875 0.009896 0.006250
0 0.682292 0.508000 0.011458 0.007500
0 0.516406 0.528125 0.014063 0.008750
0 0.451562 0.434250 0.013542 0.006500
0 0.572396 0.474125 0.016667 0.008250
0 0.596354 0.491500 0.009375 0.007500
0 0.592969 0.490375 0.007812 0.006250
0 0.995052 0.594000 0.008854 0.005500
0 0.969531 0.383625 0.022396 0.005750
0 0.922396 0.360375 0.007292 0.005250
0 0.928646 0.360375 0.011458 0.007250
0 0.796354 0.396500 0.015625 0.008000
0 0.775781 0.391125 0.016146 0.005750
0 0.523177 0.395625 0.007812 0.006250
0 0.518490 0.394875 0.009896 0.007750
0 0.372917 0.356750 0.007292 0.007000
0 0.399740 0.354000 0.014063 0.008500
0 0.449479 0.326500 0.012500 0.008500
0 0.547396 0.280000 0.010417 0.008000
0 0.573958 0.280125 0.010417 0.010250
0 0.721094 0.273750 0.021354 0.006500
0 0.735417 0.241375 0.013542 0.008750
0 0.752865 0.213750 0.010937 0.009000
0 0.748698 0.213000 0.008854 0.007500
