0 0.103500 0.677083 0.008000 0.010417
0 0.148750 0.651042 0.004000 0.011458
0 0.145625 0.648958 0.003750 0.014583
0 0.143750 0.602344 0.006500 0.013021
0 0.141250 0.588281 0.004000 0.014063
0 0.148875 0.584896 0.006250 0.009375
0 0.147375 0.581510 0.004750 0.009896
0 0.131625 0.535937 0.002750 0.012500
0 0.135250 0.536979 0.004500 0.012500
0 0.139375 0.464323 0.004250 0.011979
0 0.155500 0.464062 0.003000 0.008333
0 0.153625 0.459115 0.002250 0.006771
0 0.149250 0.448177 0.005500 0.015104
0 0.116500 0.454427 0.003000 0.010937
0 0.113875 0.455208 0.003250 0.011458
0 0.137250 0.410938 0.005000 0.008333
0 0.135625 0.409115 0.004250 0.009896
0 0.251000 0.442188 0.005500 0.014583
0 0.295750 0.385417 0.006000 0.010417
0 0.292750 0.408594 0.002500 0.010937
0 0.290625 0.408073 0.002750 0.014063
0 0.310750 0.406510 0.002500 0.009896
0 0.308625 0.405990 0.003250 0.014063
0 0.305375 0.384635 0.004750 0.011979
0 0.301625 0.380469 0.004750 0.011979
0 0.311375 0.369271 0.004250 0.013542
0 0.310500 0.363281 0.005000 0.008854
0 0.311375 0.345313 0.005750 0.011458
0 0.285875 0.309896 0.006750 0.012500
0 0.300125 0.295833 0.004750 0.012500
0 0.281125 0.273177 0.005250 0.007812
0 0.271375 0.261458 0.005750 0.008333
0 0.296750 0.251042 0.007500 0.011458
0 0.292125 0.218750 0.006750 0.014583
0 0.297375 0.192448 0.005250 0.015104
0 0.311000 0.229948 0.004500 0.009896
0 0.308875 0.228646 0.004750 0.011458
0 0.291750 0.175000 0.005000 0.008333
0 0.339625 0.215104 0.005750 0.013542
0 0.333500 0.285677 0.005000 0.016146
0 0.323625 0.291927 0.005250 0.015104
0 0.346375 0.258594 0.004750 0.015104
0 0.367625 0.280208 0.003750 0.012500
0 0.367000 0.273958 0.005000 0.009375
0 0.344625 0.335677 0.005750 0.017188
0 0.377375 0.238021 0.005750 0.008333
0 0.379875 0.213021 0.003750 0.014583
0 0.385125 0.212240 0.004250 0.007812
0 0.375500 0.205208 0.004500 0.009375
0 0.372500 0.201042 0.005000 0.010417
0 0.366500 0.197135 0.005500 0.008854
0 0.346750 0.078646 0.004000 0.011458
0 0.344875 0.032552 0.003750 0.013021
0 0.352375 0.045312 0.002750 0.013542
0 0.357750 0.050781 0.003000 0.013021
0 0.355125 0.049740 0.002750 0.013021
0 0.292375 0.712500 0.004250 0.014583
0 0.296875 0.658073 0.007250 0.015104
0 0.323125 0.647396 0.006250 0.015625
0 0.353250 0.606510 0.005000 0.013021
0 0.369500 0.593750 0.006000 0.010417
0 0.375250 0.563542 0.005500 0.010417
0 0.382875 0.552865 0.006250 0.009896
0 0.367500 0.538542 0.006500 0.013542
0 0.348125 0.518490 0.005250 0.009896
0 0.387375 0.530729 0.004250 0.013542
0 0.393750 0.547656 0.003500 0.009896
0 0.393250 0.539323 0.006500 0.008854
0 0.417375 0.521094 0.007250 0.010937
0 0.432875 0.513021 0.005750 0.008333
0 0.425375 0.501042 0.005750 0.012500
0 0.405000 0.498437 0.006500 0.011458
0 0.407000 0.483333 0.005000 0.010417
0 0.405375 0.478646 0.003250 0.011458
0 0.382500 0.460417 0.004500 0.011458
0 0.381125 0.458073 0.003750 0.009896
0 0.470375 0.444531 0.004250 0.008854
0 0.478125 0.438281 0.006750 0.009896
0 0.482875 0.424219 0.004250 0.010937
0 0.489375 0.423698 0.005750 0.008854
0 0.485875 0.414583 0.004750 0.010417
0 0.492125 0.405990 0.005750 0.009896
0 0.475625 0.410417 0.005250 0.007292
0 0.477125 0.425000 0.005750 0.008333
0 0.463000 0.431510 0.004500 0.014063
0 0.458750 0.426302 0.004500 0.013021
0 0.457375 0.422396 0.005750 0.009375
0 0.449125 0.390365 0.005750 0.006771
0 0.449250 0.384375 0.005000 0.008333
0 0.438000 0.391406 0.004500 0.009896
0 0.436250 0.389062 0.004500 0.010417
0 0.475625 0.384375 0.004750 0.008333
0 0.474250 0.379167 0.005000 0.007292
0 0.473875 0.383073 0.004250 0.005729
0 0.475875 0.362760 0.005250 0.009896
0 0.474875 0.360677 0.003750 0.010937
0 0.509625 0.359896 0.005750 0.010417
0 0.515375 0.399740 0.004750 0.007812
0 0.524375 0.382292 0.006750 0.012500
0 0.517125 0.365365 0.004750 0.007812
0 0.516500 0.361979 0.004500 0.008333
0 0.525875 0.326302 0.006250 0.009896
0 0.526500 0.299219 0.004500 0.009896
0 0.521875 0.291406 0.006750 0.009896
0 0.483000 0.276302 0.007000 0.011979
0 0.501250 0.253385 0.007000 0.017188
0 0.538125 0.297396 0.003250 0.014583
0 0.543750 0.296354 0.005500 0.012500
0 0.532000 0.266146 0.005500 0.008333
0 0.531625 0.281771 0.005750 0.014583
0 0.563750 0.244010 0.005500 0.009896
0 0.552500 0.208073 0.005000 0.010937
0 0.540750 0.197656 0.005500 0.014063
0 0.547750 0.186719 0.004500 0.009896
0 0.522000 0.170573 0.003500 0.011979
0 0.524625 0.163281 0.003750 0.013021
0 0.555375 0.142187 0.006250 0.011458
0 0.555625 0.121094 0.007250 0.009896
0 0.566500 0.098698 0.005500 0.007812
0 0.566250 0.091927 0.004500 0.006771
0 0.560625 0.028906 0.007750 0.011979
0 0.480250 0.096875 0.006000 0.007292
0 0.475625 0.095573 0.002750 0.011979
0 0.459250 0.146354 0.005500 0.016667
0 0.465375 0.178385 0.005250 0.015104
0 0.444875 0.185156 0.002750 0.013021
0 0.447875 0.189323 0.004250 0.007812
0 0.458875 0.218229 0.004750 0.015625
0 0.457250 0.269531 0.006500 0.008854
0 0.437375 0.281771 0.005250 0.011458
0 0.442500 0.215885 0.005500 0.013021
0 0.432875 0.254427 0.002750 0.013021
0 0.430500 0.254167 0.002500 0.010417
0 0.436375 0.248958 0.005750 0.014583
0 0.436500 0.229948 0.002500 0.009896
0 0.436125 0.222396 0.006250 0.005208
0 0.433750 0.229687 0.002500 0.011458
0 0.394250 0.228125 0.005500 0.010417
0 0.398125 0.251823 0.005250 0.013021
0 0.377875 0.269271 0.005250 0.007292
0 0.344125 0.390885 0.005250 0.006771
0 0.375750 0.799740 0.006000 0.011979
0 0.477375 0.747656 0.005750 0.008854
0 0.460000 0.680208 0.006000 0.013542
0 0.451375 0.708333 0.003750 0.012500
0 0.449375 0.706250 0.003250 0.012500
0 0.477750 0.644531 0.005000 0.009896
0 0.500125 0.641667 0.006750 0.009375
0 0.506125 0.646615 0.004250 0.013021
0 0.508625 0.639323 0.005250 0.006771
0 0.520375 0.603646 0.003250 0.011458
0 0.518625 0.602604 0.003250 0.011458
0 0.534625 0.564583 0.004750 0.007292
0 0.533750 0.548698 0.004000 0.008854
0 0.531000 0.556250 0.005000 0.008333
0 0.526875 0.557552 0.004250 0.008854
0 0.545000 0.542708 0.005500 0.008333
0 0.550125 0.542969 0.005250 0.007812
0 0.537250 0.575260 0.005000 0.010937
0 0.544875 0.567969 0.002750 0.008854
0 0.542250 0.567708 0.003000 0.012500
0 0.532875 0.614323 0.002250 0.013021
0 0.530875 0.614323 0.002250 0.011979
0 0.528750 0.605208 0.002500 0.011458
0 0.526375 0.604948 0.002250 0.011979
0 0.528375 0.659375 0.002250 0.012500
0 0.530750 0.660417 0.002500 0.013542
0 0.555000 0.609115 0.006000 0.009896
0 0.563500 0.609635 0.005500 0.011979
0 0.563875 0.599479 0.005250 0.010417
0 0.577000 0.641927 0.006500 0.006771
0 0.581500 0.660937 0.005000 0.010417
0 0.589500 0.665625 0.004000 0.011458
0 0.592125 0.678646 0.003250 0.012500
0 0.591000 0.579688 0.004000 0.014583
0 0.549500 0.609115 0.006000 0.005729
0 0.549125 0.604427 0.006750 0.005729
0 0.631500 0.628906 0.007000 0.009896
0 0.615875 0.612500 0.002250 0.010417
0 0.617875 0.611979 0.002750 0.011458
0 0.614500 0.586719 0.005000 0.007812
0 0.612125 0.578906 0.003750 0.013021
0 0.607375 0.573698 0.006750 0.007812
0 0.622625 0.562760 0.004250 0.013021
0 0.619125 0.560417 0.003250 0.012500
0 0.618750 0.548698 0.004000 0.011979
0 0.635125 0.525781 0.004250 0.013021
0 0.602250 0.517448 0.006000 0.010937
0 0.568375 0.528125 0.004250 0.009375
0 0.577750 0.560417 0.004000 0.008333
0 0.576375 0.558854 0.004250 0.009375
0 0.653875 0.500000 0.003250 0.009375
0 0.652000 0.498958 0.003000 0.010417
0 0.622375 0.445833 0.004750 0.013542
0 0.660250 0.391406 0.004000 0.013021
0 0.676250 0.410677 0.005500 0.009896
0 0.676250 0.402865 0.006000 0.007812
0 0.642000 0.332552 0.004500 0.006771
0 0.637875 0.370833 0.004250 0.011458
0 0.634875 0.392969 0.006250 0.008854
0 0.618875 0.426302 0.004250 0.008854
0 0.609500 0.424479 0.003000 0.009375
0 0.612500 0.423698 0.003500 0.010937
0 0.598625 0.462240 0.003750 0.011979
0 0.588000 0.455469 0.004500 0.010937
0 0.581500 0.462240 0.006000 0.013021
0 0.577625 0.475521 0.005750 0.010417
0 0.578375 0.485677 0.005250 0.008854
0 0.572625 0.494010 0.002750 0.009896
0 0.575375 0.493750 0.002250 0.006250
0 0.577625 0.495312 0.003250 0.008333
0 0.496875 0.712760 0.003750 0.014063
0 0.499125 0.696875 0.003250 0.014583
0 0.502750 0.693490 0.004500 0.007812
0 0.528750 0.969531 0.007000 0.007812
0 0.528500 0.980729 0.005000 0.010417
0 0.524500 0.979167 0.003000 0.008333
0 0.574375 0.983594 0.008750 0.008854
0 0.578000 0.959375 0.007500 0.012500
0 0.564875 0.973698 0.006250 0.009896
0 0.562125 0.972396 0.005250 0.008333
0 0.621250 0.969531 0.007000 0.009896
0 0.614500 0.962240 0.006500 0.009896
0 0.614125 0.979948 0.006250 0.006771
0 0.608250 0.979948 0.005500 0.007812
0 0.627625 0.950000 0.006750 0.010417
0 0.663000 0.927604 0.004500 0.011458
0 0.683250 0.963021 0.010000 0.009375
0 0.738750 0.994271 0.008500 0.008333
0 0.759750 0.981250 0.006000 0.015625
0 0.770250 0.995833 0.009000 0.007292
0 0.416000 0.788542 0.003500 0.007292
0 0.185500 0.058333 0.005500 0.016667
0 0.210625 0.111458 0.007250 0.009375
0 0.499250 0.199479 0.008000 0.013542
