0 0.577125 0.809635 0.007250 0.016146
0 0.579250 0.756771 0.006000 0.010417
0 0.597750 0.738802 0.006000 0.009896
0 0.612250 0.632292 0.004500 0.009375
0 0.611750 0.628125 0.004500 0.008333
0 0.579000 0.612240 0.006000 0.009896
0 0.576625 0.631250 0.005250 0.009375
0 0.554625 0.619531 0.004750 0.010937
0 0.547375 0.641406 0.005750 0.006771
0 0.563750 0.650260 0.006000 0.008854
0 0.576250 0.684635 0.004000 0.013021
0 0.581750 0.682292 0.004500 0.010417
0 0.579125 0.676302 0.003750 0.009896
0 0.557250 0.674740 0.006000 0.009896
0 0.545625 0.676042 0.004750 0.012500
0 0.541625 0.659375 0.004250 0.009375
0 0.543375 0.652604 0.004750 0.008333
0 0.558375 0.605990 0.004250 0.005729
0 0.554375 0.607552 0.003750 0.004687
0 0.500625 0.647135 0.005750 0.010937
0 0.512375 0.660156 0.004250 0.008854
0 0.511000 0.672917 0.005000 0.008333
0 0.512625 0.668490 0.004250 0.008854
0 0.527750 0.621615 0.004500 0.005729
0 0.506375 0.628646 0.003250 0.006250
0 0.492500 0.634635 0.004500 0.006771
0 0.487375 0.637760 0.004750 0.006771
0 0.487375 0.654427 0.005250 0.008854
0 0.469375 0.650000 0.003750 0.006250
0 0.582500 0.486198 0.006000 0.010937
0 0.568625 0.457292 0.004750 0.011458
0 0.564500 0.465365 0.004000 0.013021
0 0.546875 0.484896 0.004250 0.012500
0 0.540500 0.493750 0.004500 0.009375
0 0.533125 0.482031 0.004750 0.011979
0 0.536625 0.478646 0.005250 0.010417
0 0.541750 0.422656 0.005500 0.007812
0 0.520625 0.400781 0.005750 0.007812
0 0.516875 0.413281 0.004250 0.011979
0 0.512500 0.416406 0.003500 0.014063
0 0.504500 0.409115 0.003500 0.011979
0 0.505875 0.408073 0.003250 0.008854
0 0.495500 0.375000 0.004500 0.007292
0 0.483375 0.364063 0.004750 0.006250
0 0.486875 0.363542 0.004250 0.006250
0 0.475000 0.346615 0.004500 0.006771
0 0.462500 0.337760 0.004000 0.005729
0 0.467750 0.348177 0.004500 0.005729
0 0.466375 0.344010 0.003750 0.004687
0 0.475250 0.352083 0.004500 0.005208
0 0.475500 0.355208 0.004500 0.005208
0 0.444500 0.317708 0.004500 0.005208
0 0.444625 0.335677 0.005250 0.005729
0 0.457750 0.332292 0.002000 0.007292
0 0.460875 0.333854 0.003750 0.004167
0 0.453125 0.342448 0.003250 0.006771
0 0.442000 0.330990 0.003000 0.004687
0 0.451875 0.337240 0.003750 0.004687
0 0.449125 0.331510 0.004250 0.003646
0 0.430000 0.321875 0.005000 0.006250
0 0.414500 0.307031 0.005500 0.007812
0 0.412500 0.314844 0.003000 0.009896
0 0.417125 0.328906 0.002750 0.010937
0 0.418250 0.325781 0.004000 0.008854
0 0.419625 0.323698 0.003750 0.006771
0 0.418250 0.315885 0.003000 0.009896
0 0.430000 0.330990 0.003500 0.009896
0 0.434625 0.334635 0.002750 0.011979
0 0.440625 0.342187 0.005750 0.006250
0 0.445500 0.342187 0.003500 0.009375
0 0.417750 0.351562 0.005500 0.008333
0 0.420125 0.368750 0.004250 0.009375
0 0.421125 0.384896 0.004250 0.010417
0 0.436125 0.397396 0.004750 0.011458
0 0.445500 0.379688 0.004500 0.010417
0 0.447625 0.376042 0.002250 0.012500
0 0.450000 0.378125 0.003000 0.008333
0 0.451375 0.375260 0.003750 0.009896
0 0.459750 0.365625 0.004000 0.007292
0 0.460875 0.362760 0.004250 0.009896
0 0.456500 0.361979 0.004500 0.007292
0 0.445625 0.361719 0.002750 0.009896
0 0.447375 0.360938 0.002750 0.010417
0 0.467750 0.376302 0.005500 0.006771
0 0.469500 0.381771 0.003500 0.008333
0 0.468000 0.384115 0.004500 0.008854
0 0.466625 0.385937 0.004750 0.008333
0 0.462750 0.384115 0.004500 0.009896
0 0.460375 0.388281 0.004250 0.009896
0 0.465500 0.393490 0.005000 0.007812
0 0.467375 0.402604 0.003750 0.011458
0 0.468500 0.410677 0.004000 0.010937
0 0.462750 0.398438 0.003500 0.011458
0 0.459500 0.398698 0.003500 0.010937
0 0.476250 0.397396 0.004000 0.012500
0 0.482875 0.402604 0.002750 0.012500
0 0.445375 0.439844 0.003250 0.008854
0 0.444750 0.445573 0.004500 0.009896
0 0.493000 0.433073 0.003500 0.011979
0 0.489000 0.429167 0.005500 0.007292
0 0.496250 0.471354 0.005500 0.011458
0 0.603875 0.409375 0.003750 0.010417
0 0.606375 0.405729 0.003250 0.010417
0 0.597750 0.387500 0.004000 0.011458
0 0.604750 0.381250 0.004000 0.005208
0 0.602875 0.377344 0.004750 0.004687
0 0.581500 0.372396 0.004500 0.009375
0 0.571375 0.344010 0.004250 0.014063
0 0.569500 0.312760 0.005500 0.008854
0 0.560875 0.295312 0.005250 0.008333
0 0.557000 0.284115 0.003500 0.006771
0 0.547000 0.287760 0.004000 0.009896
0 0.540375 0.284896 0.003750 0.008333
0 0.542125 0.281771 0.004250 0.005208
0 0.542875 0.279427 0.004750 0.005729
0 0.540125 0.273698 0.003250 0.009896
0 0.548000 0.267708 0.004500 0.005208
0 0.551250 0.272917 0.002000 0.007292
0 0.549250 0.273438 0.002000 0.007292
0 0.551500 0.264323 0.003000 0.005729
0 0.543875 0.251563 0.006250 0.009375
0 0.527250 0.282292 0.006000 0.006250
0 0.530000 0.269271 0.005000 0.005208
0 0.526750 0.264844 0.003500 0.008854
0 0.532625 0.262240 0.004750 0.007812
0 0.529750 0.256510 0.003500 0.007812
0 0.531875 0.254948 0.004250 0.007812
0 0.527500 0.247917 0.005000 0.005208
0 0.521000 0.255469 0.003500 0.010937
0 0.532250 0.239583 0.005000 0.010417
0 0.516250 0.239844 0.001500 0.010937
0 0.517875 0.239323 0.001750 0.010937
0 0.520625 0.236719 0.003750 0.004687
0 0.521875 0.241406 0.003250 0.009896
0 0.524250 0.235417 0.004500 0.010417
0 0.520000 0.231510 0.004000 0.005729
0 0.522000 0.218490 0.004500 0.007812
0 0.507500 0.227083 0.003500 0.008333
0 0.510000 0.223698 0.004000 0.006771
0 0.512875 0.220052 0.004250 0.005729
0 0.493000 0.252083 0.004500 0.010417
0 0.490875 0.239844 0.002750 0.009896
0 0.488500 0.239323 0.003000 0.007812
0 0.487125 0.235156 0.002250 0.008854
0 0.480375 0.238281 0.002750 0.010937
0 0.479500 0.227083 0.003000 0.011458
0 0.489000 0.226042 0.003500 0.006250
0 0.490500 0.231250 0.001500 0.007292
0 0.488125 0.232292 0.003250 0.007292
0 0.478625 0.214062 0.004250 0.011458
0 0.466500 0.214062 0.003000 0.010417
0 0.464000 0.202083 0.003500 0.011458
0 0.470500 0.198177 0.003000 0.011979
0 0.474375 0.200781 0.004250 0.007812
0 0.477000 0.196354 0.003000 0.008333
0 0.480125 0.194792 0.003250 0.008333
0 0.497000 0.193229 0.005500 0.007292
0 0.504250 0.187240 0.003500 0.006771
0 0.506250 0.186979 0.004000 0.007292
0 0.495250 0.149740 0.005500 0.006771
0 0.472000 0.181250 0.004000 0.011458
0 0.461125 0.173958 0.003750 0.010417
0 0.446750 0.190885 0.004500 0.010937
0 0.481125 0.131771 0.005250 0.009375
0 0.483750 0.297917 0.003000 0.007292
0 0.525875 0.340104 0.005250 0.008333
0 0.657125 0.423437 0.004250 0.008333
0 0.640250 0.379948 0.005500 0.006771
0 0.625500 0.325781 0.005500 0.007812
0 0.625125 0.316667 0.005250 0.008333
0 0.617625 0.320312 0.004750 0.006250
0 0.618375 0.315625 0.004250 0.007292
0 0.615375 0.311458 0.003750 0.010417
0 0.613625 0.279687 0.003750 0.011458
0 0.618625 0.269792 0.003250 0.009375
0 0.622750 0.277604 0.005000 0.007292
0 0.624500 0.275521 0.004500 0.008333
0 0.630500 0.271615 0.006000 0.007812
0 0.651000 0.270573 0.004000 0.009896
0 0.624625 0.261198 0.004250 0.010937
0 0.620000 0.248177 0.002000 0.009896
0 0.621750 0.248698 0.003000 0.010937
0 0.616125 0.230729 0.003250 0.012500
0 0.611250 0.234896 0.004500 0.010417
0 0.601125 0.242448 0.005250 0.010937
0 0.604250 0.258594 0.002000 0.010937
0 0.606750 0.261979 0.003500 0.007292
0 0.609750 0.263021 0.004000 0.007292
0 0.605875 0.255729 0.003750 0.007292
0 0.608500 0.255729 0.004500 0.008333
0 0.610250 0.222656 0.003500 0.010937
0 0.606625 0.213802 0.004250 0.008854
0 0.602500 0.198958 0.005500 0.009375
0 0.605250 0.181250 0.003500 0.009375
0 0.604625 0.172396 0.003250 0.007292
0 0.612125 0.158333 0.004250 0.011458
0 0.591500 0.196094 0.004500 0.007812
0 0.587625 0.196354 0.002750 0.012500
0 0.584500 0.197917 0.004000 0.011458
0 0.588125 0.161979 0.004750 0.006250
0 0.588500 0.157812 0.004500 0.004167
0 0.560875 0.124479 0.004750 0.014583
0 0.596875 0.114062 0.004250 0.011458
0 0.593125 0.100260 0.002750 0.007812
0 0.590625 0.096354 0.003250 0.010417
0 0.571625 0.043229 0.006250 0.009375
0 0.537125 0.088281 0.003250 0.008854
0 0.537375 0.062500 0.004750 0.006250
0 0.553875 0.032552 0.004250 0.008854
0 0.550875 0.011458 0.003250 0.010417
0 0.541750 0.021615 0.003000 0.010937
0 0.538500 0.022917 0.003500 0.007292
0 0.539000 0.009115 0.004500 0.007812
0 0.697500 0.416406 0.004500 0.011979
0 0.699500 0.371094 0.003000 0.009896
0 0.699375 0.360938 0.003250 0.010417
0 0.696000 0.364323 0.003500 0.008854
0 0.686875 0.368490 0.005750 0.007812
0 0.691250 0.314583 0.005000 0.009375
0 0.684375 0.316667 0.004250 0.008333
0 0.686750 0.314063 0.004000 0.007292
0 0.706750 0.314323 0.006000 0.008854
0 0.708625 0.305208 0.003250 0.007292
0 0.710875 0.297656 0.004250 0.009896
0 0.692625 0.291667 0.005250 0.009375
0 0.671625 0.288021 0.004250 0.009375
0 0.673375 0.265885 0.003750 0.008854
0 0.671500 0.223698 0.005500 0.008854
0 0.665625 0.224479 0.005750 0.008333
0 0.673750 0.207552 0.003500 0.011979
0 0.678625 0.197135 0.004250 0.009896
0 0.670000 0.191667 0.003500 0.006250
0 0.671000 0.190625 0.004000 0.008333
0 0.670500 0.185156 0.005000 0.006771
0 0.644250 0.187760 0.003500 0.013021
