0 0.750750 0.552604 0.007000 0.017708
0 0.689625 0.601042 0.008250 0.015625
0 0.672750 0.616406 0.006500 0.018229
0 0.641000 0.637500 0.007500 0.010417
0 0.634250 0.619792 0.008500 0.009375
0 0.667375 0.571875 0.005750 0.011458
0 0.706375 0.719792 0.007250 0.013542
0 0.757375 0.698698 0.007750 0.013021
0 0.578250 0.795052 0.009000 0.011979
0 0.608000 0.807552 0.007500 0.014063
0 0.457250 0.690625 0.005000 0.017708
0 0.527250 0.716146 0.008000 0.013542
0 0.543500 0.735156 0.007500 0.011979
0 0.539250 0.727083 0.009000 0.010417
0 0.461750 0.602344 0.004000 0.019271
0 0.484625 0.526042 0.007750 0.013542
0 0.464750 0.424740 0.007000 0.009896
0 0.548000 0.416406 0.006500 0.016146
0 0.518250 0.452344 0.004500 0.019271
0 0.495000 0.489063 0.005000 0.014583
0 0.502000 0.514844 0.007500 0.011979
0 0.503125 0.222135 0.007250 0.011979
0 0.599500 0.153125 0.006000 0.018750
0 0.576750 0.225260 0.006000 0.017188
0 0.550625 0.341667 0.006750 0.017708
0 0.572500 0.277083 0.010000 0.013542
0 0.568125 0.292187 0.007250 0.014583
0 0.537625 0.319271 0.006750 0.014583
0 0.543875 0.308594 0.006750 0.016146
0 0.638375 0.090365 0.007750 0.020313
0 0.530875 0.400000 0.006250 0.013542
0 0.524625 0.419792 0.004750 0.016667
0 0.528875 0.413021 0.006250 0.015625
0 0.612125 0.662760 0.008750 0.010937
0 0.602125 0.675781 0.006750 0.011979
0 0.593500 0.683073 0.007000 0.018229
0 0.497375 0.536458 0.005250 0.013542
0 0.509375 0.492448 0.005750 0.014063
0 0.505250 0.492969 0.003500 0.018229
0 0.483750 0.583854 0.004000 0.015625
0 0.485750 0.570312 0.003000 0.014583
0 0.404750 0.632292 0.007000 0.011458
0 0.400500 0.565885 0.007500 0.018229
0 0.419500 0.467187 0.008500 0.011458
0 0.407875 0.508594 0.008750 0.022396
0 0.400750 0.511979 0.006500 0.017708
0 0.328625 0.400260 0.006750 0.016146
0 0.336750 0.430990 0.009000 0.010937
0 0.314500 0.492969 0.007500 0.014063
0 0.308750 0.490885 0.006000 0.014063
0 0.328750 0.502865 0.006000 0.016146
0 0.366000 0.656250 0.005500 0.013542
0 0.355625 0.593750 0.007250 0.015625
0 0.349375 0.589583 0.006750 0.012500
0 0.394625 0.393490 0.006750 0.011979
0 0.417250 0.388802 0.007500 0.009896
0 0.394750 0.429948 0.004000 0.017188
0 0.401250 0.425260 0.005500 0.016146
0 0.401750 0.440625 0.007000 0.012500
0 0.297250 0.397396 0.005500 0.014583
0 0.272875 0.308594 0.008250 0.008854
0 0.297250 0.324219 0.008000 0.011979
0 0.291625 0.337500 0.006250 0.010417
0 0.298125 0.290104 0.006750 0.014583
0 0.301375 0.368750 0.005750 0.015625
0 0.297750 0.356250 0.006000 0.011458
0 0.264000 0.672656 0.008000 0.013021
0 0.370500 0.024219 0.008000 0.013021
0 0.421250 0.054688 0.004500 0.015625
0 0.422250 0.084115 0.007000 0.011979
0 0.431375 0.101042 0.005750 0.016667
0 0.416250 0.179688 0.005500 0.014583
0 0.380375 0.191406 0.004750 0.017188
0 0.413000 0.204427 0.009000 0.011979
0 0.394000 0.217448 0.005000 0.017188
0 0.390000 0.219531 0.004500 0.016146
0 0.419875 0.269792 0.006250 0.015625
0 0.449750 0.221094 0.005500 0.020313
0 0.396125 0.330729 0.006750 0.019792
0 0.410875 0.378906 0.007750 0.011979
0 0.435875 0.351823 0.005250 0.017188
0 0.409000 0.423437 0.004000 0.016667
0 0.408500 0.409115 0.004500 0.015104
0 0.391500 0.313802 0.005500 0.013021
0 0.841000 0.558594 0.005000 0.017188
0 0.838375 0.547656 0.006250 0.011979
0 0.730125 0.967448 0.010750 0.021354
