0 0.117969 0.395125 0.009896 0.004250
0 0.137240 0.396625 0.008854 0.005250
0 0.139583 0.395625 0.008333 0.004250
0 0.149219 0.380250 0.011979 0.006000
0 0.152083 0.407250 0.018750 0.007000
0 0.154167 0.407250 0.008333 0.005500
0 0.229427 0.390500 0.010937 0.005500
0 0.225260 0.385750 0.010937 0.003500
0 0.226823 0.384000 0.009896 0.003000
0 0.240885 0.376375 0.010937 0.004250
0 0.275781 0.369750 0.008854 0.004500
0 0.250781 0.375625 0.006771 0.004250
0 0.248958 0.374375 0.007292 0.003750
0 0.260156 0.360000 0.011979 0.005500
0 0.268750 0.355750 0.007292 0.005500
0 0.284115 0.352500 0.006771 0.006000
0 0.289844 0.352000 0.005729 0.006000
0 0.296875 0.352750 0.006250 0.005500
0 0.276823 0.348375 0.014063 0.002750
0 0.281510 0.364375 0.005729 0.003750
0 0.288802 0.361375 0.006771 0.002750
0 0.294010 0.360125 0.006771 0.002250
0 0.360938 0.333000 0.010417 0.006000
0 0.485677 0.309125 0.009896 0.004750
0 0.426042 0.343125 0.007292 0.004750
0 0.414583 0.341750 0.009375 0.003500
0 0.415104 0.345500 0.008333 0.004000
0 0.403646 0.345500 0.007292 0.004500
0 0.397396 0.349500 0.011458 0.003000
0 0.394531 0.339500 0.007812 0.004500
0 0.374740 0.359375 0.007812 0.004250
0 0.357292 0.358375 0.009375 0.003250
0 0.322917 0.419750 0.009375 0.005000
0 0.251823 0.484250 0.007812 0.004500
0 0.109115 0.518500 0.008854 0.005000
0 0.113802 0.467250 0.007812 0.004500
0 0.093750 0.452375 0.008333 0.003250
0 0.141667 0.467000 0.005208 0.004500
0 0.139323 0.466625 0.005729 0.003750
0 0.173177 0.445750 0.008854 0.004000
0 0.132031 0.435000 0.005729 0.004000
0 0.450260 0.351125 0.005729 0.004250
0 0.359115 0.460875 0.008854 0.005750
0 0.365365 0.495500 0.010937 0.005500
0 0.313802 0.514750 0.007812 0.005000
0 0.309375 0.532000 0.010417 0.002000
0 0.307812 0.530375 0.010417 0.001750
0 0.332552 0.547000 0.008854 0.002500
0 0.332292 0.545125 0.011458 0.002250
0 0.253646 0.557000 0.006250 0.004500
0 0.250521 0.556500 0.006250 0.003500
0 0.171875 0.585875 0.005208 0.005250
0 0.241406 0.605000 0.008854 0.004000
0 0.230990 0.604125 0.010937 0.003250
0 0.232031 0.644875 0.008854 0.005250
0 0.548438 0.371375 0.009375 0.004750
0 0.559115 0.376375 0.011979 0.002750
0 0.549219 0.378125 0.006771 0.004250
0 0.553646 0.377375 0.008333 0.005250
0 0.531771 0.371500 0.007292 0.005500
0 0.538542 0.410625 0.008333 0.005750
0 0.538281 0.416250 0.002604 0.004500
0 0.541146 0.416250 0.004167 0.005000
0 0.587500 0.407500 0.013542 0.004500
0 0.562500 0.429750 0.007292 0.003000
0 0.564844 0.428750 0.010937 0.004500
0 0.597396 0.452250 0.011458 0.007000
0 0.595052 0.485250 0.008854 0.003000
0 0.602083 0.485000 0.005208 0.006000
0 0.658333 0.517500 0.006250 0.005000
0 0.655469 0.516750 0.005729 0.003500
0 0.591406 0.548625 0.011979 0.004750
0 0.620833 0.539625 0.011458 0.004250
0 0.624219 0.543500 0.006771 0.004500
0 0.636719 0.544750 0.010937 0.004000
0 0.637760 0.540000 0.004687 0.004500
0 0.634896 0.539500 0.006250 0.005000
0 0.632812 0.550000 0.008333 0.005000
0 0.630469 0.548750 0.006771 0.004000
0 0.529167 0.530250 0.005208 0.006000
0 0.533594 0.528250 0.007812 0.006000
0 0.526823 0.515500 0.005729 0.005500
0 0.534115 0.514500 0.005729 0.005500
0 0.542188 0.513125 0.007292 0.005250
0 0.538542 0.506125 0.004167 0.003750
0 0.542188 0.504875 0.005208 0.004250
0 0.533854 0.508750 0.004167 0.003000
0 0.547917 0.502500 0.006250 0.004000
0 0.540625 0.491250 0.007292 0.005500
0 0.523177 0.486875 0.006771 0.003750
0 0.534115 0.496625 0.005729 0.004750
0 0.536979 0.500875 0.004167 0.004750
0 0.538802 0.497500 0.003646 0.003000
0 0.547656 0.497000 0.006771 0.003500
0 0.542188 0.495000 0.006250 0.003000
0 0.542448 0.497375 0.003646 0.003250
0 0.541146 0.501000 0.004167 0.004000
0 0.544271 0.500500 0.005208 0.003500
0 0.565625 0.571750 0.007292 0.006000
0 0.556771 0.580875 0.005208 0.004750
0 0.554688 0.580000 0.006250 0.004000
0 0.567187 0.593125 0.009375 0.006250
0 0.617188 0.637625 0.007292 0.003750
0 0.614323 0.636750 0.008854 0.005000
0 0.642188 0.346625 0.009375 0.004750
0 0.647656 0.355250 0.010937 0.004500
0 0.657031 0.366375 0.008854 0.003750
0 0.661979 0.362625 0.011458 0.004250
0 0.664583 0.369625 0.005208 0.005250
0 0.670312 0.368000 0.009375 0.004000
0 0.680469 0.373875 0.007812 0.003750
0 0.683073 0.371875 0.005729 0.005250
0 0.686458 0.371250 0.005208 0.005500
0 0.695573 0.370750 0.007812 0.006000
0 0.695312 0.382750 0.012500 0.003500
0 0.727344 0.353250 0.006771 0.005000
0 0.723958 0.409625 0.008333 0.003750
0 0.735156 0.413125 0.008854 0.004250
0 0.770833 0.414875 0.009375 0.003750
0 0.777344 0.414250 0.004687 0.004500
0 0.773177 0.419000 0.004687 0.005500
0 0.782292 0.421875 0.005208 0.005250
0 0.778906 0.419375 0.007812 0.003750
0 0.800521 0.420875 0.010417 0.004750
0 0.806771 0.432750 0.007292 0.006000
0 0.821875 0.434875 0.011458 0.003250
0 0.834896 0.435250 0.009375 0.004500
0 0.849219 0.425500 0.011979 0.003500
0 0.831771 0.429625 0.008333 0.005250
0 0.828906 0.426375 0.005729 0.005250
0 0.823437 0.425500 0.008333 0.005000
0 0.824740 0.421875 0.007812 0.003250
0 0.818490 0.421500 0.006771 0.004500
0 0.971094 0.443875 0.008854 0.005250
0 0.648177 0.370500 0.008854 0.003000
