0 0.309896 0.395750 0.011458 0.005000
0 0.318750 0.384125 0.009375 0.006750
0 0.257552 0.303625 0.007812 0.005250
0 0.280469 0.303125 0.011979 0.005250
0 0.219010 0.274250 0.007812 0.007000
0 0.211198 0.228125 0.007812 0.006750
0 0.167708 0.219875 0.010417 0.008250
0 0.196094 0.210000 0.016146 0.006500
0 0.134375 0.187750 0.007292 0.007500
0 0.150260 0.186500 0.009896 0.006500
0 0.145052 0.176500 0.013021 0.005500
0 0.180990 0.175875 0.010937 0.006250
0 0.184896 0.164750 0.007292 0.006500
0 0.246615 0.168000 0.014063 0.005500
0 0.140885 0.133625 0.009896 0.005750
0 0.419531 0.385750 0.013021 0.004500
0 0.498437 0.355875 0.009375 0.006250
0 0.526042 0.349125 0.012500 0.006250
0 0.453385 0.345500 0.005729 0.006500
0 0.459375 0.342875 0.007292 0.006250
0 0.562760 0.333375 0.008854 0.003750
0 0.560937 0.317250 0.011458 0.007000
0 0.500260 0.302000 0.013021 0.004000
0 0.533073 0.296000 0.009896 0.005500
0 0.620052 0.290375 0.010937 0.005250
0 0.625521 0.288750 0.010417 0.005000
0 0.433854 0.257750 0.012500 0.003500
0 0.565885 0.212750 0.009896 0.005500
0 0.537760 0.184125 0.006771 0.005750
0 0.549479 0.163375 0.013542 0.007250
0 0.665365 0.175500 0.011979 0.006000
0 0.618490 0.111875 0.010937 0.005750
0 0.641146 0.112125 0.009375 0.007250
0 0.710938 0.100750 0.012500 0.004500
0 0.741146 0.105125 0.010417 0.008250
0 0.955208 0.285875 0.007292 0.004750
0 0.980208 0.320625 0.007292 0.004250
0 0.969531 0.375625 0.007812 0.005750
0 0.911719 0.396500 0.011979 0.004500
0 0.911458 0.407000 0.009375 0.006500
0 0.904687 0.401625 0.013542 0.004750
0 0.835417 0.394250 0.008333 0.006500
0 0.794531 0.419625 0.013021 0.004750
0 0.769531 0.423000 0.014063 0.005000
0 0.773698 0.436625 0.010937 0.005750
0 0.768750 0.445625 0.011458 0.004750
0 0.787240 0.355375 0.010937 0.003750
0 0.870312 0.349750 0.012500 0.006000
0 0.709896 0.367875 0.008333 0.003750
0 0.650000 0.412625 0.010417 0.005750
0 0.642708 0.428250 0.013542 0.005000
0 0.515365 0.441500 0.010937 0.005000
0 0.525260 0.427500 0.011979 0.004000
0 0.557292 0.431000 0.009375 0.006000
0 0.557552 0.493875 0.013021 0.005250
0 0.554427 0.508750 0.009896 0.004500
0 0.645833 0.520375 0.012500 0.004250
0 0.790885 0.532250 0.014063 0.007500
0 0.826042 0.523500 0.015625 0.005000
0 0.866927 0.559375 0.010937 0.006250
0 0.878125 0.547875 0.010417 0.008250
0 0.432031 0.533375 0.008854 0.005250
0 0.468229 0.540250 0.012500 0.005000
0 0.562500 0.572875 0.007292 0.007250
0 0.559375 0.599750 0.011458 0.007000
0 0.588802 0.624500 0.007812 0.007000
0 0.614583 0.618250 0.009375 0.007000
0 0.640885 0.632250 0.010937 0.007500
0 0.672656 0.644625 0.009896 0.005750
0 0.674479 0.638875 0.007292 0.006750
0 0.676823 0.671625 0.011979 0.006750
0 0.690365 0.667375 0.011979 0.005250
0 0.662760 0.693500 0.010937 0.006000
0 0.684375 0.684250 0.008333 0.005500
0 0.732552 0.702375 0.009896 0.006250
0 0.743490 0.685750 0.009896 0.004500
0 0.765365 0.691375 0.013021 0.008250
0 0.746354 0.706750 0.010417 0.004500
0 0.747135 0.712250 0.011979 0.006000
0 0.759375 0.726875 0.009375 0.006250
0 0.802865 0.706750 0.008854 0.005000
0 0.802083 0.722250 0.008333 0.004500
0 0.811719 0.725875 0.007812 0.004750
0 0.812240 0.722000 0.008854 0.003000
0 0.675521 0.745875 0.010417 0.005250
0 0.739062 0.762375 0.008333 0.006250
0 0.692708 0.782250 0.013542 0.006000
0 0.811458 0.773000 0.008333 0.006500
0 0.846094 0.777625 0.006771 0.007750
0 0.853646 0.771000 0.011458 0.003500
0 0.886719 0.768500 0.006771 0.004000
0 0.888021 0.766000 0.009375 0.003500
0 0.861458 0.756375 0.010417 0.003750
0 0.861198 0.749875 0.008854 0.004250
0 0.846094 0.746125 0.008854 0.005750
0 0.825260 0.745125 0.008854 0.005750
0 0.850260 0.735375 0.007812 0.006250
0 0.863802 0.741500 0.007812 0.005500
0 0.869531 0.744375 0.008854 0.003750
0 0.891927 0.792000 0.011979 0.004500
0 0.916146 0.804750 0.009375 0.006000
0 0.847396 0.826000 0.007292 0.005500
0 0.864583 0.833000 0.010417 0.006000
0 0.896615 0.811250 0.005729 0.005000
0 0.900521 0.808875 0.008333 0.005750
0 0.436198 0.891750 0.009896 0.005500
0 0.379948 0.882750 0.006771 0.006000
0 0.377344 0.878500 0.013021 0.004000
0 0.328906 0.864875 0.013021 0.007750
0 0.439323 0.853250 0.010937 0.008000
0 0.451823 0.812500 0.008854 0.008000
0 0.466667 0.775750 0.009375 0.006500
0 0.504167 0.772875 0.009375 0.006250
0 0.441667 0.749500 0.011458 0.007000
0 0.444531 0.741250 0.009896 0.006500
0 0.437500 0.672625 0.010417 0.007250
0 0.461198 0.659000 0.013021 0.007000
0 0.388281 0.663375 0.008854 0.005250
0 0.372656 0.629000 0.015104 0.006500
0 0.402865 0.628375 0.011979 0.006250
0 0.354687 0.612125 0.008333 0.006750
0 0.364323 0.610375 0.009896 0.004250
0 0.399219 0.600500 0.008854 0.004000
0 0.391406 0.597750 0.005729 0.005500
0 0.399740 0.596000 0.010937 0.005000
0 0.206771 0.639750 0.010417 0.006000
0 0.212760 0.626000 0.010937 0.004000
0 0.261198 0.656875 0.009896 0.008250
0 0.158854 0.796500 0.010417 0.005000
0 0.782292 0.932000 0.013542 0.005500
0 0.741406 0.234000 0.008854 0.004500
