0 0.421875 0.180469 0.004750 0.014063
0 0.401250 0.317708 0.006500 0.015625
0 0.394500 0.344531 0.006000 0.008854
0 0.393125 0.361719 0.004750 0.014063
0 0.391375 0.358854 0.003750 0.012500
0 0.401375 0.365625 0.004250 0.007292
0 0.401500 0.374479 0.004500 0.010417
0 0.399625 0.389844 0.003750 0.016146
0 0.366500 0.650781 0.009500 0.011979
0 0.473000 0.472917 0.007000 0.017708
0 0.498250 0.455208 0.005000 0.011458
0 0.496250 0.423437 0.009000 0.008333
0 0.500875 0.413542 0.005250 0.015625
0 0.496500 0.404948 0.008500 0.009896
0 0.498750 0.397396 0.008000 0.008333
0 0.497875 0.391146 0.006750 0.009375
0 0.529375 0.360677 0.006250 0.018229
0 0.545875 0.336198 0.007250 0.010937
0 0.560000 0.305469 0.008000 0.011979
0 0.564750 0.296875 0.006000 0.015625
0 0.544875 0.286979 0.008250 0.013542
0 0.565000 0.282552 0.007000 0.014063
0 0.564625 0.270052 0.006250 0.014063
0 0.563125 0.265885 0.005750 0.013021
0 0.575250 0.249219 0.008000 0.010937
0 0.577375 0.264583 0.007250 0.014583
0 0.577875 0.279687 0.006750 0.009375
0 0.575500 0.285156 0.005000 0.015104
0 0.570375 0.285938 0.007250 0.007292
0 0.584000 0.266927 0.007000 0.013021
0 0.587250 0.255208 0.008000 0.011458
0 0.594625 0.248177 0.005750 0.016146
0 0.597000 0.238021 0.007000 0.015625
0 0.596000 0.267448 0.006500 0.013021
0 0.576750 0.301823 0.008000 0.008854
0 0.556750 0.336719 0.007000 0.016146
0 0.667625 0.384115 0.006250 0.016146
0 0.656125 0.341667 0.005250 0.016667
0 0.654125 0.339583 0.005750 0.013542
0 0.647750 0.355469 0.004500 0.016146
0 0.645500 0.354687 0.004000 0.014583
0 0.643000 0.382812 0.006000 0.015625
0 0.620125 0.356771 0.008250 0.016667
0 0.600625 0.372135 0.006750 0.010937
0 0.609250 0.377604 0.003500 0.017708
0 0.613500 0.376302 0.005000 0.014063
0 0.601000 0.408333 0.006500 0.010417
0 0.599625 0.404948 0.006750 0.009896
0 0.600625 0.395573 0.007750 0.013021
0 0.599875 0.385417 0.007250 0.011458
0 0.592750 0.403646 0.007000 0.013542
0 0.585000 0.405208 0.007000 0.014583
0 0.578750 0.407031 0.005000 0.010937
0 0.577375 0.404167 0.006250 0.014583
0 0.583875 0.425781 0.008250 0.008854
0 0.583125 0.436458 0.006750 0.010417
0 0.574875 0.428646 0.007750 0.012500
0 0.574500 0.439583 0.007000 0.013542
0 0.566125 0.452344 0.006250 0.014063
0 0.547375 0.463281 0.006750 0.005729
0 0.546875 0.457292 0.008250 0.006250
0 0.530250 0.491927 0.006500 0.010937
0 0.532625 0.503906 0.003750 0.018229
0 0.537875 0.502604 0.007250 0.010417
0 0.554500 0.506510 0.004500 0.014063
0 0.549250 0.512500 0.003500 0.015625
0 0.545250 0.519271 0.005500 0.013542
0 0.544375 0.514583 0.005250 0.012500
0 0.521125 0.526563 0.007250 0.013542
0 0.510375 0.529687 0.005250 0.015625
0 0.505625 0.511458 0.009750 0.009375
0 0.502125 0.551042 0.008250 0.012500
0 0.533750 0.566146 0.006000 0.015625
0 0.537875 0.532292 0.006750 0.014583
0 0.536500 0.530990 0.005500 0.008854
0 0.486375 0.578385 0.007750 0.015104
0 0.477125 0.573177 0.007750 0.009896
0 0.492875 0.609115 0.007750 0.014063
0 0.673125 0.560417 0.007250 0.016667
0 0.692375 0.439583 0.005750 0.010417
0 0.690625 0.436719 0.006250 0.014063
0 0.660375 0.494531 0.006750 0.014063
0 0.656000 0.465365 0.006000 0.013021
0 0.654625 0.461979 0.005750 0.011458
0 0.616875 0.471094 0.004250 0.007812
0 0.620875 0.475260 0.003750 0.010937
0 0.624875 0.498177 0.005750 0.011979
0 0.616625 0.495052 0.006750 0.007812
0 0.622125 0.493229 0.004250 0.014583
0 0.604375 0.509896 0.004750 0.011458
0 0.596250 0.508073 0.005000 0.011979
0 0.600500 0.517188 0.003000 0.012500
0 0.597625 0.515365 0.005750 0.007812
0 0.590250 0.517188 0.006500 0.009375
0 0.596500 0.530469 0.003000 0.010937
0 0.594500 0.525260 0.006000 0.008854
0 0.577500 0.514844 0.004000 0.011979
0 0.579250 0.523698 0.007000 0.006771
0 0.584125 0.529427 0.003750 0.011979
0 0.588000 0.527344 0.004500 0.013021
0 0.582125 0.516146 0.004750 0.007292
0 0.584500 0.517708 0.003500 0.009375
0 0.601750 0.548438 0.008500 0.011458
0 0.624375 0.558333 0.005750 0.013542
0 0.623250 0.547656 0.006500 0.009896
0 0.630875 0.551823 0.006750 0.013021
0 0.573375 0.577083 0.006750 0.012500
0 0.561875 0.595052 0.007250 0.013021
0 0.560125 0.623437 0.005250 0.013542
0 0.583625 0.623958 0.008750 0.009375
0 0.575000 0.636979 0.006000 0.011458
0 0.554750 0.653385 0.005000 0.009896
0 0.541250 0.639844 0.005500 0.017188
0 0.527750 0.660417 0.008000 0.014583
0 0.513625 0.678385 0.005750 0.010937
0 0.515250 0.669271 0.004500 0.008333
0 0.498625 0.681250 0.006250 0.009375
0 0.494000 0.663542 0.007000 0.011458
0 0.465500 0.690885 0.009000 0.008854
0 0.489500 0.814583 0.006000 0.013542
0 0.641125 0.588021 0.005750 0.012500
