0 0.290104 0.422250 0.022917 0.009500
0 0.295833 0.421875 0.015625 0.007750
0 0.242708 0.488750 0.019792 0.009500
0 0.440365 0.481375 0.015104 0.009750
0 0.445833 0.497500 0.020833 0.010000
0 0.470052 0.502000 0.018229 0.009000
0 0.492969 0.517000 0.028646 0.012000
0 0.391927 0.506000 0.022396 0.011500
0 0.345052 0.526125 0.023438 0.008750
0 0.414323 0.536750 0.024479 0.011500
0 0.461979 0.535625 0.017708 0.011250
0 0.519271 0.552875 0.018750 0.011750
0 0.457031 0.564500 0.024479 0.011500
0 0.413802 0.548875 0.017188 0.010750
0 0.400781 0.547125 0.017188 0.010750
0 0.391927 0.558000 0.015104 0.008500
0 0.441667 0.576125 0.022917 0.009750
0 0.484896 0.589250 0.016667 0.008500
0 0.463021 0.454875 0.025000 0.012750
0 0.474219 0.440000 0.025521 0.009000
0 0.560677 0.437000 0.021354 0.011000
0 0.619792 0.413250 0.023958 0.012500
0 0.618490 0.464625 0.023438 0.010250
0 0.574740 0.487875 0.017188 0.010250
0 0.588281 0.493500 0.018229 0.013500
0 0.646354 0.493750 0.022917 0.014000
0 0.642969 0.477625 0.022396 0.009250
0 0.651042 0.472500 0.022917 0.009000
0 0.673698 0.463125 0.018229 0.008750
0 0.671094 0.471250 0.022396 0.009000
0 0.711198 0.470250 0.021354 0.007000
0 0.721354 0.485000 0.018750 0.011500
0 0.693750 0.483000 0.019792 0.008500
0 0.693750 0.489750 0.021875 0.009500
0 0.705729 0.499125 0.015625 0.009250
0 0.626823 0.352750 0.019271 0.008500
0 0.649479 0.363375 0.018750 0.009250
0 0.739323 0.380750 0.017188 0.012000
0 0.823437 0.391875 0.020833 0.014750
0 0.822135 0.444000 0.028646 0.013500
0 0.945312 0.430125 0.028125 0.010750
0 0.946615 0.429625 0.028646 0.015250
0 0.942708 0.458375 0.016667 0.010250
0 0.951302 0.481250 0.019271 0.011000
0 0.928906 0.492750 0.023438 0.012000
0 0.927604 0.498000 0.014583 0.009000
0 0.872396 0.479625 0.025000 0.009750
0 0.670052 0.229625 0.020313 0.010750
0 0.714323 0.276750 0.019271 0.008500
0 0.971875 0.205750 0.029167 0.013000
0 0.887760 0.201250 0.024479 0.013000
0 0.990104 0.227250 0.018750 0.015000
