0 0.282000 0.164062 0.004000 0.011458
0 0.309625 0.457292 0.004250 0.012500
0 0.364625 0.329948 0.006250 0.013021
0 0.374625 0.358594 0.005250 0.008854
0 0.376875 0.361719 0.006250 0.006771
0 0.375625 0.367969 0.005750 0.007812
0 0.366500 0.350000 0.004000 0.010417
0 0.362875 0.356771 0.004750 0.007292
0 0.359000 0.361979 0.005000 0.007292
0 0.383000 0.338802 0.004500 0.006771
0 0.386125 0.344010 0.006250 0.007812
0 0.355125 0.395833 0.006250 0.010417
0 0.394375 0.694792 0.004750 0.008333
0 0.426625 0.526823 0.003750 0.015104
0 0.422000 0.494531 0.005500 0.016146
0 0.408000 0.497656 0.003500 0.011979
0 0.448875 0.476562 0.004750 0.012500
0 0.427250 0.465885 0.006000 0.009896
0 0.427125 0.453125 0.004250 0.013542
0 0.411875 0.453906 0.003250 0.009896
0 0.430375 0.406250 0.005750 0.010417
0 0.418875 0.411979 0.005250 0.009375
0 0.409875 0.416927 0.003750 0.010937
0 0.445000 0.414062 0.004000 0.011458
0 0.448250 0.412500 0.003000 0.011458
0 0.441375 0.402865 0.003250 0.011979
0 0.438625 0.402344 0.002750 0.014063
0 0.446125 0.389062 0.004750 0.011458
0 0.439125 0.385417 0.003750 0.012500
0 0.436250 0.380729 0.002500 0.012500
0 0.433500 0.381510 0.003000 0.014063
0 0.440625 0.369531 0.005750 0.010937
0 0.436375 0.358594 0.002250 0.010937
0 0.434375 0.356510 0.002750 0.013021
0 0.411625 0.381510 0.003250 0.008854
0 0.420000 0.352344 0.006500 0.015104
0 0.418000 0.305729 0.004500 0.012500
0 0.472625 0.347396 0.003750 0.008333
0 0.473625 0.344271 0.005250 0.009375
0 0.481375 0.359375 0.004250 0.011458
0 0.482250 0.357031 0.003500 0.008854
0 0.498625 0.374740 0.004250 0.015104
0 0.487125 0.386458 0.003250 0.014583
0 0.493250 0.385937 0.004500 0.010417
0 0.498250 0.391406 0.005000 0.008854
0 0.489625 0.393229 0.004750 0.007292
0 0.496000 0.404427 0.004500 0.009896
0 0.494125 0.402604 0.004250 0.008333
0 0.499125 0.414062 0.005750 0.010417
0 0.513375 0.408073 0.007250 0.008854
0 0.508625 0.435156 0.005750 0.010937
0 0.514500 0.444271 0.005000 0.012500
0 0.518250 0.452083 0.004000 0.011458
0 0.522875 0.450260 0.005750 0.009896
0 0.529250 0.416406 0.004000 0.011979
0 0.530750 0.414844 0.003000 0.009896
0 0.548375 0.482031 0.007750 0.006771
0 0.546125 0.485937 0.005750 0.003125
0 0.546625 0.490104 0.007250 0.005208
0 0.522000 0.483333 0.003500 0.009375
0 0.524375 0.487240 0.004250 0.006771
0 0.523250 0.501563 0.004500 0.008333
0 0.528875 0.506771 0.003750 0.008333
0 0.526125 0.494792 0.004750 0.006250
0 0.527000 0.501563 0.003000 0.008333
0 0.589375 0.550521 0.006250 0.011458
0 0.591375 0.557031 0.004750 0.014063
0 0.595250 0.558854 0.006000 0.007292
0 0.809250 0.804167 0.009000 0.017708
