0 0.495750 0.958333 0.004000 0.013542
0 0.493500 0.957812 0.003500 0.012500
0 0.511500 0.963542 0.006000 0.014583
0 0.518750 0.948437 0.004000 0.015625
0 0.524375 0.938802 0.005250 0.014063
0 0.529500 0.940104 0.006500 0.007292
0 0.543500 0.953906 0.004500 0.009896
0 0.542000 0.951302 0.005000 0.010937
0 0.539125 0.925521 0.005250 0.013542
0 0.545250 0.923698 0.005500 0.009896
0 0.544000 0.914844 0.004000 0.008854
0 0.544250 0.882812 0.006000 0.014583
0 0.541750 0.835938 0.003000 0.014583
0 0.539000 0.834896 0.002500 0.017708
0 0.578250 0.720833 0.005000 0.012500
0 0.581750 0.722917 0.003500 0.012500
0 0.583500 0.725781 0.002500 0.010937
0 0.593000 0.717708 0.005500 0.014583
0 0.568000 0.760156 0.006500 0.014063
0 0.569875 0.777083 0.004750 0.013542
0 0.576750 0.771875 0.004500 0.014583
0 0.586250 0.784635 0.003000 0.010937
0 0.584250 0.783073 0.004500 0.013021
0 0.579000 0.794010 0.004500 0.015104
0 0.572500 0.798958 0.004000 0.016667
0 0.563500 0.792969 0.005500 0.010937
0 0.566625 0.807031 0.004250 0.014063
0 0.568875 0.813281 0.005750 0.006771
0 0.561000 0.833333 0.006500 0.012500
0 0.577250 0.847396 0.006500 0.011458
0 0.559625 0.858073 0.003750 0.011979
0 0.604375 0.834896 0.006750 0.015625
0 0.539250 0.608333 0.007000 0.010417
0 0.523500 0.620313 0.004000 0.008333
0 0.519000 0.621615 0.005000 0.008854
0 0.510500 0.627344 0.005500 0.009896
0 0.506750 0.624479 0.006500 0.007292
0 0.500375 0.622396 0.005250 0.004167
0 0.500250 0.626302 0.005500 0.009896
0 0.486000 0.637760 0.006500 0.011979
0 0.449875 0.633594 0.007750 0.008854
0 0.456000 0.631510 0.004500 0.008854
0 0.459250 0.649740 0.007500 0.008854
0 0.454500 0.655990 0.008500 0.009896
0 0.441125 0.657292 0.007750 0.010417
0 0.417750 0.639062 0.008000 0.010417
0 0.400500 0.636979 0.009000 0.006250
0 0.400750 0.641667 0.007000 0.006250
0 0.383750 0.623437 0.006500 0.010417
0 0.382625 0.619010 0.006750 0.005729
0 0.369750 0.631771 0.006500 0.008333
0 0.367000 0.634896 0.007500 0.007292
0 0.364250 0.641667 0.007500 0.007292
0 0.368125 0.646615 0.008250 0.007812
0 0.359750 0.636198 0.008000 0.010937
0 0.359875 0.636719 0.006750 0.010937
0 0.359750 0.658333 0.009500 0.011458
0 0.359500 0.658333 0.008500 0.010417
0 0.362125 0.678385 0.006250 0.013021
0 0.356625 0.672135 0.005250 0.014063
0 0.340875 0.679948 0.005750 0.013021
0 0.337250 0.706250 0.008000 0.010417
0 0.322625 0.659635 0.008250 0.006771
0 0.323000 0.653906 0.007000 0.006771
0 0.314875 0.648177 0.008250 0.008854
0 0.317875 0.667708 0.007250 0.009375
0 0.319250 0.664323 0.006000 0.008854
0 0.299750 0.642969 0.006500 0.005729
0 0.299625 0.637760 0.007750 0.005729
0 0.367500 0.754167 0.006000 0.014583
0 0.375000 0.753385 0.003500 0.013021
0 0.377625 0.752604 0.004250 0.014583
0 0.379625 0.747135 0.005750 0.009896
0 0.376750 0.738542 0.007500 0.008333
0 0.438125 0.734375 0.004750 0.016667
0 0.434250 0.711719 0.004500 0.014063
0 0.504625 0.660937 0.006750 0.012500
0 0.518125 0.644531 0.005750 0.011979
0 0.519875 0.638542 0.005750 0.006250
0 0.517000 0.472135 0.005500 0.005729
0 0.516375 0.466146 0.004750 0.007292
0 0.509375 0.447135 0.006250 0.009896
0 0.504125 0.439583 0.005750 0.008333
0 0.503125 0.433854 0.004750 0.005208
0 0.485125 0.429427 0.006750 0.008854
0 0.474250 0.402604 0.004500 0.006250
0 0.469250 0.398698 0.006000 0.010937
0 0.470250 0.405208 0.004000 0.005208
0 0.470750 0.410156 0.007500 0.006771
0 0.460500 0.414062 0.006000 0.009375
0 0.454250 0.406250 0.006500 0.009375
0 0.461250 0.409896 0.006000 0.009375
0 0.462125 0.403125 0.004750 0.007292
0 0.439750 0.377604 0.007000 0.010417
0 0.437875 0.369010 0.006750 0.010937
0 0.441500 0.359115 0.004500 0.010937
0 0.443625 0.359115 0.004250 0.011979
0 0.434000 0.346875 0.005500 0.010417
0 0.429750 0.331250 0.005000 0.013542
0 0.436000 0.316406 0.004000 0.013021
0 0.418125 0.299740 0.005750 0.011979
0 0.413625 0.283073 0.005750 0.008854
0 0.399625 0.314844 0.006250 0.010937
0 0.397375 0.296875 0.004750 0.008333
0 0.397500 0.293750 0.007000 0.010417
0 0.389250 0.280469 0.004000 0.013021
0 0.377875 0.301302 0.006750 0.011979
0 0.373375 0.291927 0.006750 0.008854
0 0.371125 0.283073 0.005250 0.010937
0 0.375375 0.288281 0.005250 0.009896
0 0.374375 0.280990 0.006750 0.010937
0 0.375250 0.278385 0.004500 0.009896
0 0.365750 0.236979 0.005000 0.014583
0 0.359250 0.262760 0.008000 0.008854
0 0.358000 0.253125 0.007500 0.008333
0 0.354500 0.240365 0.006000 0.013021
0 0.357375 0.237500 0.005750 0.012500
0 0.357375 0.219010 0.005750 0.009896
0 0.352250 0.228385 0.008000 0.007812
0 0.351750 0.217448 0.005000 0.015104
0 0.326625 0.215365 0.003250 0.011979
0 0.324250 0.215625 0.004000 0.015625
0 0.313625 0.212240 0.005750 0.014063
0 0.308000 0.217188 0.007000 0.010417
0 0.290250 0.216927 0.006000 0.010937
0 0.294375 0.214323 0.003250 0.014063
0 0.296500 0.213542 0.004000 0.013542
0 0.303375 0.167448 0.006250 0.009896
0 0.291500 0.130208 0.008000 0.009375
0 0.291000 0.329948 0.003500 0.016146
0 0.288000 0.330208 0.002500 0.011458
0 0.313875 0.323698 0.002250 0.013021
0 0.316125 0.323177 0.002750 0.016146
0 0.320250 0.320052 0.004000 0.016146
0 0.318750 0.344792 0.004500 0.016667
0 0.327250 0.326302 0.003000 0.015104
0 0.329750 0.326562 0.002500 0.011458
0 0.329625 0.316406 0.004750 0.014063
0 0.332750 0.314063 0.005500 0.012500
0 0.334500 0.311719 0.004500 0.009896
0 0.309500 0.388542 0.004500 0.015625
0 0.328375 0.384115 0.004250 0.014063
0 0.335000 0.387240 0.003500 0.015104
0 0.337250 0.387240 0.003000 0.010937
0 0.344250 0.385677 0.003500 0.015104
0 0.348750 0.376042 0.004500 0.012500
0 0.344750 0.368490 0.003500 0.015104
0 0.347000 0.364844 0.004500 0.013021
0 0.344500 0.352604 0.005000 0.013542
0 0.351000 0.367708 0.003000 0.015625
0 0.354000 0.374740 0.004000 0.016146
0 0.355250 0.366146 0.004500 0.014583
0 0.364125 0.379167 0.005750 0.012500
0 0.362500 0.371615 0.008000 0.010937
0 0.363000 0.401823 0.003000 0.015104
0 0.360625 0.401562 0.002250 0.010417
0 0.429250 0.463542 0.004500 0.013542
0 0.431750 0.462760 0.003500 0.008854
0 0.439000 0.415885 0.003500 0.013021
0 0.443750 0.429427 0.002500 0.013021
0 0.445875 0.428906 0.003750 0.010937
0 0.542000 0.406771 0.005500 0.011458
0 0.528500 0.355469 0.004500 0.011979
0 0.529875 0.342708 0.002250 0.009375
0 0.528000 0.340885 0.002000 0.013021
0 0.433750 0.190104 0.006500 0.008333
0 0.442750 0.212240 0.002000 0.011979
0 0.445250 0.213281 0.002500 0.014063
0 0.470250 0.181771 0.005000 0.013542
0 0.431625 0.129688 0.004750 0.013542
0 0.450750 0.058073 0.005500 0.011979
0 0.446125 0.059375 0.005250 0.007292
0 0.471625 0.078906 0.007750 0.010937
0 0.476875 0.069531 0.006250 0.014063
0 0.496500 0.080729 0.007000 0.011458
0 0.500500 0.156250 0.005500 0.011458
0 0.505125 0.185938 0.007750 0.010417
0 0.498125 0.193490 0.004750 0.015104
0 0.494375 0.197917 0.003750 0.014583
0 0.498375 0.217708 0.006250 0.013542
0 0.520500 0.242448 0.004000 0.013021
0 0.523250 0.241146 0.003500 0.013542
0 0.550500 0.318490 0.007000 0.008854
0 0.544125 0.345052 0.005250 0.010937
0 0.545375 0.341927 0.004250 0.009896
0 0.558250 0.398438 0.005500 0.010417
0 0.559500 0.398177 0.004500 0.013021
0 0.614000 0.346875 0.005500 0.007292
0 0.659500 0.328385 0.004500 0.006771
0 0.873500 0.408073 0.006500 0.015104
0 0.871125 0.377344 0.005750 0.017188
