0 0.266125 0.627604 0.006750 0.013542
0 0.236875 0.520312 0.004250 0.014583
0 0.208750 0.572396 0.009500 0.012500
0 0.244375 0.601302 0.005750 0.016146
0 0.266750 0.566667 0.006500 0.013542
0 0.278000 0.497917 0.006500 0.019792
0 0.302375 0.457031 0.004250 0.015104
0 0.284000 0.447135 0.005500 0.017188
0 0.254500 0.414844 0.009500 0.017188
0 0.215250 0.393750 0.008500 0.017708
0 0.194125 0.482031 0.007750 0.017188
0 0.202375 0.495312 0.005250 0.012500
0 0.213125 0.509115 0.007750 0.015104
0 0.242250 0.449740 0.009000 0.017188
0 0.253375 0.472656 0.008250 0.021354
0 0.260500 0.452604 0.007000 0.018750
0 0.178000 0.372135 0.010000 0.014063
0 0.179750 0.414323 0.009000 0.018229
0 0.165500 0.409115 0.009000 0.016146
0 0.177125 0.579688 0.008250 0.007292
0 0.345875 0.513542 0.006750 0.018750
0 0.308125 0.548177 0.007250 0.010937
0 0.292625 0.550521 0.007250 0.018750
0 0.283875 0.607812 0.007750 0.013542
0 0.293500 0.588542 0.006500 0.017708
0 0.314375 0.571094 0.011250 0.015104
0 0.338125 0.569271 0.010250 0.013542
0 0.353125 0.568229 0.007750 0.013542
0 0.387250 0.607812 0.008500 0.013542
0 0.328000 0.610938 0.005500 0.019792
0 0.300875 0.652865 0.004750 0.015104
0 0.372875 0.658594 0.004750 0.016146
0 0.346250 0.644792 0.006000 0.013542
0 0.357250 0.651563 0.006500 0.012500
0 0.320250 0.656250 0.006500 0.013542
0 0.354875 0.600781 0.011250 0.015104
0 0.343000 0.591667 0.003000 0.018750
0 0.557750 0.235156 0.006500 0.015104
0 0.522625 0.222135 0.007750 0.016146
0 0.541375 0.323698 0.004750 0.018229
0 0.641125 0.435937 0.008750 0.019792
0 0.596750 0.135937 0.006000 0.019792
0 0.533375 0.143229 0.008750 0.014583
0 0.540750 0.105469 0.006000 0.018229
0 0.571125 0.125260 0.008250 0.016146
0 0.568750 0.138281 0.006000 0.017188
0 0.428375 0.286979 0.007250 0.012500
0 0.431000 0.120833 0.010000 0.019792
0 0.438750 0.064583 0.010000 0.015625
0 0.397750 0.441146 0.009000 0.012500
0 0.392375 0.461198 0.007750 0.016146
0 0.404250 0.506250 0.010000 0.013542
0 0.538125 0.410677 0.006750 0.016146
0 0.587500 0.596094 0.006500 0.017188
0 0.490125 0.429688 0.004750 0.014583
0 0.485750 0.511719 0.009000 0.017188
0 0.497750 0.553906 0.006500 0.017188
0 0.648625 0.362240 0.007250 0.010937
0 0.667625 0.491146 0.007250 0.011458
0 0.648250 0.517188 0.006500 0.011458
0 0.618125 0.563021 0.004750 0.013542
0 0.557500 0.583594 0.007000 0.009896
0 0.559250 0.602865 0.006000 0.016146
0 0.544375 0.740365 0.003750 0.018229
0 0.529500 0.750521 0.008500 0.013542
0 0.644125 0.891146 0.005250 0.012500
0 0.620500 0.866146 0.003500 0.012500
0 0.602500 0.797396 0.006500 0.013542
0 0.383625 0.232552 0.007250 0.022396
0 0.411000 0.226562 0.003500 0.019792
0 0.448500 0.270313 0.006000 0.013542
0 0.398000 0.373958 0.007000 0.017708
0 0.377500 0.264844 0.006500 0.017188
0 0.328250 0.021094 0.006000 0.016146
0 0.362000 0.073958 0.006500 0.017708
0 0.376125 0.163021 0.007750 0.025000
0 0.419375 0.163802 0.008250 0.018229
0 0.383375 0.026823 0.005250 0.017188
0 0.357125 0.034115 0.007750 0.015104
0 0.359500 0.013021 0.006500 0.012500
0 0.418750 0.029167 0.006000 0.012500
0 0.428625 0.033073 0.004250 0.017188
0 0.422625 0.004948 0.005250 0.008854
0 0.597625 0.043490 0.007750 0.014063
0 0.577750 0.073438 0.007000 0.026042
0 0.641375 0.397135 0.007250 0.016146
0 0.619125 0.469531 0.008750 0.017188
0 0.627375 0.508073 0.007750 0.017188
0 0.513750 0.496094 0.004000 0.014063
0 0.434875 0.419792 0.005750 0.012500
0 0.410125 0.654167 0.007750 0.017708
0 0.420625 0.522917 0.010750 0.019792
0 0.428625 0.462500 0.004250 0.018750
0 0.436625 0.442188 0.007250 0.014583
0 0.442000 0.571875 0.006000 0.013542
0 0.450125 0.627344 0.007750 0.016146
0 0.477375 0.602083 0.005250 0.014583
0 0.474750 0.613802 0.010500 0.016146
0 0.534875 0.378125 0.008250 0.013542
0 0.504250 0.386979 0.006500 0.013542
0 0.497625 0.389323 0.010250 0.008854
0 0.505125 0.419271 0.007250 0.013542
0 0.519375 0.467708 0.008250 0.018750
0 0.592250 0.545573 0.010000 0.016146
0 0.276250 0.842708 0.010000 0.012500
0 0.305125 0.811719 0.007250 0.017188
0 0.561625 0.772656 0.007250 0.021354
0 0.580625 0.770312 0.004750 0.020833
0 0.574250 0.791146 0.009500 0.018750
0 0.595875 0.836458 0.007750 0.017708
0 0.579250 0.839583 0.005500 0.013542
0 0.578625 0.859375 0.007750 0.013542
0 0.600875 0.878646 0.008250 0.017708
0 0.678000 0.829167 0.009000 0.017708
0 0.608750 0.490104 0.015500 0.018750
0 0.619375 0.533333 0.013250 0.023958
0 0.639625 0.539323 0.011750 0.016146
0 0.387750 0.122917 0.009500 0.018750
0 0.393875 0.157031 0.008250 0.009896
0 0.404500 0.173698 0.009500 0.014063
0 0.408625 0.266146 0.008250 0.017708
0 0.427375 0.236719 0.011250 0.016146
0 0.399500 0.241406 0.009000 0.015104
0 0.436375 0.542708 0.008750 0.014583
0 0.433750 0.514844 0.006000 0.016146
0 0.132375 0.459635 0.007250 0.009896
0 0.131625 0.465625 0.007250 0.008333
0 0.146250 0.386979 0.008500 0.010417
0 0.094875 0.345052 0.007250 0.007812
0 0.089625 0.348177 0.007250 0.007812
0 0.153125 0.415885 0.006750 0.013021
0 0.266000 0.811198 0.007500 0.013021
0 0.398375 0.780208 0.005250 0.013542
0 0.390375 0.786719 0.005250 0.010937
0 0.391375 0.345052 0.006250 0.008854
0 0.399375 0.341927 0.003750 0.013021
0 0.396375 0.342708 0.004250 0.012500
