0 0.561719 0.673125 0.011979 0.004750
0 0.578646 0.545375 0.012500 0.002750
0 0.574479 0.542125 0.007292 0.005750
0 0.616667 0.504625 0.010417 0.006250
0 0.605990 0.469500 0.009896 0.004500
0 0.629687 0.462250 0.012500 0.005000
0 0.611979 0.200500 0.008333 0.008000
0 0.743229 0.650875 0.012500 0.004750
0 0.732292 0.651250 0.009375 0.007500
0 0.722917 0.650875 0.007292 0.004250
0 0.732292 0.630500 0.012500 0.005000
0 0.730729 0.628875 0.010417 0.004250
0 0.938281 0.554625 0.010937 0.006250
0 0.993750 0.479750 0.011458 0.004000
0 0.993490 0.477250 0.011979 0.004500
0 0.696615 0.702875 0.009896 0.007750
0 0.689583 0.722500 0.011458 0.004000
0 0.717187 0.720500 0.009375 0.003000
0 0.712760 0.719500 0.011979 0.004000
