0 0.707125 0.615885 0.004250 0.009896
0 0.705500 0.627344 0.003000 0.015104
0 0.703125 0.625000 0.003250 0.012500
0 0.601750 0.963281 0.007000 0.010937
0 0.600250 0.953646 0.006500 0.009375
0 0.547125 0.919531 0.004250 0.017188
0 0.670375 0.642708 0.004250 0.012500
0 0.656250 0.689063 0.005500 0.005208
0 0.656250 0.685417 0.007000 0.005208
0 0.662375 0.478385 0.004750 0.014063
0 0.608250 0.565104 0.006500 0.008333
0 0.573125 0.601042 0.004750 0.013542
0 0.539375 0.632812 0.005250 0.010417
0 0.515000 0.642708 0.005000 0.005208
0 0.515875 0.647656 0.005750 0.008854
0 0.546875 0.714063 0.004250 0.013542
0 0.545125 0.727865 0.007250 0.007812
0 0.506000 0.739062 0.004500 0.011458
0 0.482750 0.722135 0.008000 0.008854
0 0.516125 0.783333 0.005250 0.009375
0 0.429750 0.692187 0.004500 0.013542
0 0.428750 0.714323 0.006500 0.009896
0 0.409875 0.707812 0.006250 0.009375
0 0.412000 0.732812 0.003500 0.011458
0 0.441750 0.786198 0.005500 0.014063
0 0.426500 0.865104 0.006500 0.008333
0 0.426625 0.872135 0.005750 0.008854
0 0.404500 0.871354 0.007500 0.010417
0 0.376625 0.843750 0.005250 0.013542
0 0.345500 0.813542 0.006500 0.007292
0 0.380625 0.867969 0.006750 0.005729
0 0.381625 0.872656 0.006750 0.005729
0 0.321250 0.775781 0.007500 0.009896
0 0.656250 0.424740 0.008000 0.010937
0 0.623125 0.450781 0.005250 0.007812
0 0.522875 0.496615 0.006750 0.006771
0 0.572250 0.474479 0.004500 0.004167
0 0.573875 0.478125 0.007750 0.007292
0 0.502000 0.500260 0.007500 0.008854
0 0.351875 0.481771 0.005750 0.013542
0 0.283000 0.516406 0.005000 0.016146
0 0.222000 0.544010 0.007500 0.010937
0 0.144750 0.488802 0.006500 0.009896
0 0.636750 0.393229 0.006000 0.010417
0 0.518625 0.311458 0.007250 0.009375
0 0.512125 0.311719 0.003750 0.014063
0 0.501375 0.272917 0.006250 0.009375
0 0.482000 0.278125 0.005000 0.014583
0 0.460875 0.241406 0.006750 0.009896
0 0.447625 0.250000 0.008750 0.010417
0 0.439375 0.225260 0.006250 0.007812
0 0.368125 0.197396 0.007250 0.012500
0 0.369500 0.186719 0.006000 0.011979
0 0.368625 0.156250 0.006750 0.010417
0 0.355625 0.138542 0.008750 0.012500
0 0.177375 0.133333 0.003750 0.016667
0 0.172625 0.103385 0.003750 0.015104
0 0.663500 0.346875 0.005000 0.014583
0 0.661875 0.295312 0.003750 0.015625
0 0.654500 0.289583 0.003500 0.016667
0 0.607250 0.129948 0.007500 0.007812
0 0.621875 0.630729 0.004750 0.008333
