0 0.271094 0.596125 0.013021 0.008250
0 0.525000 0.604000 0.011458 0.006500
0 0.340625 0.486500 0.011458 0.006000
0 0.211458 0.406375 0.013542 0.006250
0 0.633594 0.353500 0.011979 0.004500
0 0.634115 0.350625 0.016146 0.005250
0 0.634115 0.375875 0.013021 0.006750
0 0.630208 0.381250 0.013542 0.007500
0 0.629687 0.431500 0.012500 0.009000
0 0.663021 0.402500 0.013542 0.005500
0 0.646354 0.469375 0.013542 0.005750
0 0.558594 0.594375 0.010937 0.006750
0 0.607812 0.592750 0.016667 0.005500
0 0.850521 0.581625 0.012500 0.005250
