0 0.208073 0.492750 0.018229 0.005500
0 0.198437 0.475250 0.010417 0.005000
0 0.145052 0.448250 0.013021 0.004500
0 0.109896 0.437375 0.012500 0.004250
0 0.092448 0.436125 0.010937 0.004250
0 0.091667 0.431125 0.009375 0.006250
0 0.067187 0.442875 0.010417 0.006750
0 0.042708 0.419125 0.010417 0.005750
0 0.047135 0.413250 0.007812 0.006500
0 0.040104 0.399000 0.011458 0.006500
0 0.040104 0.366375 0.013542 0.006250
0 0.055729 0.379250 0.008333 0.006500
0 0.005208 0.356750 0.010417 0.004000
0 0.077865 0.408750 0.006771 0.005500
0 0.079427 0.413750 0.010937 0.006000
0 0.108854 0.406125 0.012500 0.004250
0 0.106510 0.400250 0.007812 0.006000
0 0.109635 0.399500 0.008854 0.004500
0 0.103125 0.420500 0.011458 0.004500
0 0.099479 0.416750 0.012500 0.003500
0 0.107552 0.416125 0.009896 0.005250
0 0.125000 0.425500 0.012500 0.004500
0 0.161719 0.426750 0.011979 0.004000
0 0.151562 0.424125 0.009375 0.005250
0 0.145052 0.420375 0.010937 0.005250
0 0.155729 0.414000 0.008333 0.007000
0 0.179167 0.418250 0.009375 0.004000
0 0.181510 0.416875 0.010937 0.004750
0 0.144531 0.398750 0.013021 0.006500
0 0.165625 0.403625 0.008333 0.003750
0 0.166406 0.402125 0.010937 0.004750
0 0.228906 0.437750 0.010937 0.005500
0 0.229687 0.444625 0.005208 0.005250
0 0.238802 0.445375 0.013021 0.003750
0 0.250781 0.466875 0.014063 0.005750
0 0.261979 0.472250 0.008333 0.006500
0 0.292448 0.469750 0.008854 0.007000
0 0.421354 0.478500 0.010417 0.005500
0 0.403385 0.464000 0.007812 0.006000
0 0.398177 0.458000 0.006771 0.005500
0 0.276562 0.366125 0.010417 0.006250
0 0.267969 0.371250 0.010937 0.005000
0 0.240104 0.355250 0.009375 0.007000
0 0.216406 0.347625 0.010937 0.006250
0 0.197656 0.343625 0.009896 0.006250
0 0.151042 0.320875 0.009375 0.004750
0 0.141667 0.322875 0.007292 0.006250
0 0.135156 0.323875 0.005729 0.006250
0 0.141667 0.308750 0.009375 0.007000
0 0.128646 0.307000 0.010417 0.006000
0 0.101823 0.258750 0.011979 0.006000
0 0.099479 0.264500 0.009375 0.005500
0 0.092708 0.262375 0.008333 0.004750
0 0.047135 0.233375 0.009896 0.007250
0 0.100781 0.217250 0.010937 0.004500
0 0.169271 0.268625 0.011458 0.006250
0 0.475000 0.453875 0.015625 0.004250
0 0.468750 0.433625 0.012500 0.008250
0 0.501302 0.395625 0.006771 0.007250
0 0.494531 0.398375 0.007812 0.006750
0 0.491927 0.395250 0.011979 0.006000
0 0.492708 0.335250 0.008333 0.008000
0 0.419531 0.323375 0.009896 0.007750
0 0.544792 0.225125 0.008333 0.006250
0 0.535417 0.225625 0.012500 0.005250
0 0.514062 0.185000 0.010417 0.006500
0 0.526563 0.182625 0.014583 0.003250
0 0.525000 0.187750 0.008333 0.006000
0 0.529427 0.187375 0.007812 0.006250
0 0.542188 0.184375 0.010417 0.007250
0 0.529948 0.177625 0.009896 0.004250
0 0.530208 0.176125 0.010417 0.003250
0 0.513802 0.156125 0.009896 0.007750
0 0.482292 0.143375 0.008333 0.006750
0 0.485156 0.104375 0.010937 0.005250
0 0.554688 0.094250 0.012500 0.005000
0 0.567708 0.090625 0.009375 0.006250
0 0.576042 0.089500 0.007292 0.007500
0 0.609635 0.137250 0.005729 0.006500
0 0.605208 0.137000 0.006250 0.007500
0 0.637240 0.152000 0.013021 0.006500
0 0.583073 0.168750 0.011979 0.007000
0 0.575521 0.220875 0.015625 0.006250
0 0.626302 0.230125 0.010937 0.007250
0 0.592448 0.249625 0.010937 0.006250
0 0.585938 0.256875 0.008333 0.006750
0 0.580990 0.252750 0.013021 0.004500
0 0.608594 0.258875 0.009896 0.007750
0 0.603646 0.266375 0.011458 0.006250
0 0.595833 0.274250 0.014583 0.005000
0 0.546354 0.270875 0.010417 0.004750
0 0.593750 0.298625 0.009375 0.007250
0 0.557292 0.316375 0.008333 0.007750
0 0.569792 0.323250 0.011458 0.005500
0 0.545052 0.306375 0.004687 0.005750
0 0.540885 0.305875 0.005729 0.007250
0 0.542969 0.331000 0.010937 0.005500
0 0.552865 0.336000 0.007812 0.005500
0 0.560156 0.330750 0.005729 0.007500
0 0.553646 0.331250 0.009375 0.004000
0 0.531771 0.357500 0.012500 0.006000
0 0.563542 0.363125 0.011458 0.005250
0 0.561458 0.366625 0.009375 0.005250
0 0.528906 0.376375 0.007812 0.004250
0 0.532292 0.377250 0.008333 0.006000
0 0.535156 0.377875 0.005729 0.005750
0 0.519792 0.401875 0.008333 0.006250
0 0.525521 0.401000 0.005208 0.005500
0 0.543229 0.412000 0.013542 0.004500
0 0.518490 0.422500 0.009896 0.008000
0 0.637500 0.491875 0.015625 0.003750
0 0.688802 0.451875 0.010937 0.007250
0 0.720313 0.443000 0.008333 0.007000
0 0.739323 0.430375 0.019271 0.004250
0 0.767188 0.442500 0.012500 0.006000
0 0.749479 0.422375 0.013542 0.005250
0 0.733594 0.419625 0.014063 0.006250
0 0.816927 0.395875 0.016146 0.005750
0 0.785156 0.402375 0.010937 0.006250
0 0.780990 0.401375 0.009896 0.005250
0 0.796354 0.400875 0.009375 0.006250
0 0.812240 0.380875 0.013021 0.005750
0 0.803385 0.378125 0.010937 0.005750
0 0.911458 0.390750 0.017708 0.006000
0 0.891667 0.372750 0.015625 0.007000
0 0.883333 0.384500 0.011458 0.006000
0 0.812760 0.361750 0.019271 0.006500
0 0.829427 0.350750 0.018229 0.008000
0 0.828906 0.343250 0.010937 0.007000
0 0.894010 0.364625 0.014063 0.006750
0 0.893490 0.333125 0.010937 0.008750
0 0.899479 0.300375 0.016667 0.007250
0 0.768229 0.372750 0.010417 0.005000
0 0.620052 0.441750 0.009896 0.004000
0 0.723958 0.509875 0.010417 0.005750
0 0.745052 0.515875 0.006771 0.007750
0 0.771875 0.504125 0.010417 0.006750
0 0.785156 0.501250 0.011979 0.005500
0 0.761979 0.498000 0.014583 0.004000
0 0.785156 0.490250 0.014063 0.006000
0 0.859375 0.478250 0.011458 0.005500
0 0.905469 0.473500 0.013021 0.007000
0 0.869010 0.474500 0.010937 0.005000
0 0.874479 0.462125 0.013542 0.004750
0 0.944792 0.460125 0.016667 0.006250
0 0.940625 0.498500 0.015625 0.008500
0 0.980729 0.497750 0.013542 0.006500
0 0.861458 0.511125 0.011458 0.007250
0 0.692187 0.217125 0.013542 0.005250
0 0.887760 0.075625 0.009896 0.006750
0 0.483073 0.548375 0.020313 0.007250
