0 0.266000 0.291927 0.003500 0.006771
0 0.354375 0.264583 0.007250 0.007292
0 0.408875 0.339062 0.005750 0.010417
0 0.345000 0.413802 0.005000 0.008854
0 0.427750 0.451302 0.004500 0.015104
0 0.423125 0.471094 0.004250 0.015104
0 0.440125 0.446615 0.004750 0.007812
0 0.439625 0.442188 0.006250 0.008333
0 0.401250 0.522917 0.006500 0.008333
0 0.394000 0.549479 0.006000 0.009375
0 0.384500 0.553906 0.006500 0.008854
0 0.400875 0.546615 0.005750 0.015104
0 0.408250 0.626823 0.005500 0.016146
0 0.417250 0.607031 0.003500 0.015104
0 0.414000 0.606250 0.004000 0.011458
0 0.412875 0.590104 0.004250 0.014583
0 0.416625 0.587240 0.004750 0.013021
0 0.427375 0.586979 0.004750 0.013542
0 0.424250 0.586458 0.002500 0.014583
0 0.421875 0.587500 0.003250 0.013542
0 0.422625 0.620313 0.003750 0.011458
0 0.419750 0.620833 0.003500 0.013542
0 0.405750 0.675781 0.005000 0.014063
0 0.400125 0.684635 0.003750 0.014063
0 0.396875 0.687500 0.003750 0.016667
0 0.359750 0.706771 0.005500 0.013542
0 0.399000 0.732552 0.005000 0.020313
0 0.365625 0.673698 0.004750 0.013021
0 0.364250 0.670312 0.004500 0.010417
0 0.320875 0.847917 0.009250 0.013542
0 0.557250 0.926302 0.007000 0.015104
0 0.532875 0.912240 0.007250 0.011979
0 0.516375 0.813802 0.004750 0.017188
0 0.495625 0.854427 0.004750 0.006771
0 0.497625 0.864323 0.003250 0.014063
0 0.499875 0.862760 0.004250 0.013021
0 0.540125 0.730990 0.004250 0.017188
0 0.537500 0.743750 0.004000 0.015625
0 0.534500 0.744531 0.003000 0.014063
0 0.534000 0.716667 0.006500 0.015625
0 0.569250 0.678906 0.005000 0.015104
0 0.515500 0.679948 0.003500 0.013021
0 0.518875 0.679167 0.002750 0.016667
0 0.521625 0.679948 0.002250 0.015104
0 0.525000 0.678906 0.005000 0.009896
0 0.518625 0.630469 0.004250 0.015104
0 0.548000 0.611198 0.007000 0.010937
0 0.518625 0.598698 0.006250 0.013021
0 0.509250 0.616667 0.004500 0.015625
0 0.503625 0.605729 0.005250 0.014583
0 0.508375 0.586979 0.008250 0.011458
0 0.503125 0.572917 0.003750 0.015625
0 0.506125 0.568490 0.003750 0.011979
0 0.530625 0.560677 0.005250 0.015104
0 0.496000 0.498698 0.006000 0.013021
0 0.508000 0.539844 0.003000 0.014063
0 0.510125 0.538021 0.003250 0.010417
0 0.488125 0.543229 0.003250 0.013542
0 0.492125 0.539844 0.004250 0.010937
0 0.491125 0.529687 0.003750 0.009375
0 0.487125 0.528385 0.004750 0.007812
0 0.489625 0.519792 0.004750 0.009375
0 0.494625 0.459896 0.003750 0.016667
0 0.504875 0.466667 0.005750 0.013542
0 0.516125 0.616927 0.003750 0.015104
0 0.519000 0.617448 0.004000 0.013021
0 0.511750 0.608333 0.003000 0.010417
0 0.514000 0.606510 0.004000 0.013021
0 0.530625 0.374479 0.004750 0.013542
0 0.540250 0.420052 0.004000 0.013021
0 0.559125 0.461458 0.005250 0.011458
0 0.564625 0.484375 0.005750 0.006250
0 0.561625 0.473698 0.005750 0.010937
0 0.585375 0.519531 0.004750 0.010937
0 0.595625 0.553125 0.005750 0.009375
0 0.586125 0.546615 0.004750 0.011979
0 0.585500 0.534635 0.004000 0.009896
0 0.591125 0.537760 0.006250 0.013021
0 0.602625 0.530469 0.004250 0.007812
0 0.601625 0.526563 0.005250 0.009375
0 0.629000 0.543750 0.006000 0.012500
0 0.635000 0.554948 0.006500 0.008854
0 0.636625 0.569792 0.004250 0.013542
0 0.622875 0.570052 0.006250 0.008854
0 0.621125 0.582031 0.003750 0.014063
0 0.638500 0.583594 0.008000 0.007812
0 0.645250 0.596094 0.004000 0.014063
0 0.642375 0.596354 0.003750 0.011458
0 0.642375 0.607031 0.007750 0.010937
0 0.630125 0.664583 0.006250 0.010417
0 0.648250 0.680990 0.008000 0.015104
0 0.608125 0.604688 0.005750 0.009375
0 0.707500 0.684896 0.008500 0.012500
0 0.568250 0.257292 0.007000 0.011458
0 0.630500 0.331250 0.005000 0.013542
0 0.649375 0.309635 0.006250 0.010937
0 0.674625 0.326562 0.006750 0.012500
0 0.660625 0.248958 0.005250 0.010417
0 0.664250 0.244531 0.003000 0.015104
0 0.661875 0.271354 0.004250 0.007292
0 0.665625 0.270313 0.005250 0.011458
0 0.633500 0.288802 0.007000 0.007812
0 0.628250 0.291406 0.003000 0.010937
0 0.632000 0.298958 0.006000 0.008333
0 0.611875 0.276562 0.005750 0.011458
0 0.610500 0.284375 0.005500 0.013542
0 0.642500 0.281250 0.003000 0.011458
0 0.643750 0.279948 0.005000 0.010937
0 0.687000 0.299740 0.004500 0.010937
0 0.694500 0.299479 0.006500 0.009375
0 0.700875 0.306771 0.004750 0.014583
0 0.699500 0.341406 0.005500 0.008854
0 0.701125 0.368229 0.007250 0.009375
0 0.648875 0.404687 0.005250 0.013542
0 0.648625 0.379688 0.005250 0.010417
0 0.682125 0.286979 0.004750 0.011458
0 0.685750 0.284635 0.003500 0.010937
0 0.335625 0.520573 0.004250 0.008854
0 0.843750 0.282813 0.008000 0.012500
