0 0.042125 0.725000 0.008250 0.010417
0 0.097250 0.640625 0.006500 0.008333
0 0.145250 0.658073 0.005000 0.008854
0 0.397500 0.967708 0.004500 0.008333
0 0.395125 0.963802 0.004250 0.005729
0 0.390000 0.963542 0.004500 0.005208
0 0.390250 0.957812 0.001500 0.006250
0 0.392375 0.957812 0.002750 0.009375
0 0.398125 0.958594 0.004250 0.003646
0 0.398375 0.961979 0.004250 0.004167
0 0.393375 0.950000 0.004750 0.008333
0 0.383375 0.921094 0.003750 0.008854
0 0.370625 0.828906 0.003250 0.007812
0 0.330625 0.825000 0.003250 0.008333
0 0.341875 0.793490 0.004250 0.009896
0 0.333750 0.795312 0.004500 0.009375
0 0.419125 0.878906 0.004750 0.009896
0 0.420000 0.845833 0.004500 0.006250
0 0.420375 0.841667 0.003750 0.005208
0 0.390000 0.848177 0.003500 0.009896
0 0.399875 0.823177 0.005250 0.010937
0 0.408125 0.802604 0.004750 0.009375
0 0.404250 0.790104 0.005500 0.006250
0 0.410000 0.794531 0.004500 0.007812
0 0.411250 0.790885 0.003000 0.006771
0 0.396500 0.805208 0.003000 0.006250
0 0.399250 0.804427 0.003000 0.009896
0 0.395500 0.791927 0.004500 0.008854
0 0.393000 0.786458 0.005000 0.008333
0 0.388875 0.780208 0.005750 0.007292
0 0.402250 0.762500 0.006000 0.008333
0 0.375375 0.751563 0.004750 0.007292
0 0.378625 0.745573 0.002750 0.010937
0 0.376500 0.749219 0.004500 0.009896
0 0.356500 0.715104 0.003000 0.011458
0 0.382375 0.711198 0.003250 0.010937
0 0.378125 0.713542 0.003750 0.009375
0 0.379000 0.706510 0.004500 0.004687
0 0.374750 0.705990 0.004000 0.008854
0 0.354125 0.681510 0.004750 0.010937
0 0.366750 0.667448 0.004000 0.009896
0 0.365875 0.674479 0.005250 0.006250
0 0.369875 0.674740 0.003750 0.008854
0 0.374125 0.676562 0.004750 0.007292
0 0.368875 0.681510 0.004750 0.007812
0 0.372750 0.686458 0.002500 0.008333
0 0.370500 0.686979 0.002500 0.010417
0 0.384875 0.639844 0.003750 0.007812
0 0.388125 0.637500 0.003250 0.007292
0 0.375375 0.637760 0.004750 0.008854
0 0.370750 0.609375 0.006500 0.009375
0 0.377500 0.603385 0.004000 0.008854
0 0.356875 0.600000 0.005250 0.009375
0 0.357375 0.636198 0.005750 0.007812
0 0.353750 0.627604 0.003500 0.010417
0 0.360500 0.629167 0.005000 0.006250
0 0.360625 0.624479 0.005250 0.005208
0 0.360750 0.618490 0.004500 0.007812
0 0.361000 0.614583 0.004500 0.007292
0 0.362125 0.612240 0.003750 0.006771
0 0.340250 0.637760 0.005500 0.006771
0 0.341750 0.598177 0.003000 0.008854
0 0.344375 0.597396 0.002250 0.012500
0 0.350375 0.571615 0.003750 0.010937
0 0.340000 0.584635 0.005000 0.008854
0 0.354625 0.555729 0.002750 0.008333
0 0.341750 0.544010 0.003000 0.007812
0 0.340125 0.532813 0.004750 0.007292
0 0.479375 0.834375 0.003250 0.010417
0 0.486125 0.840625 0.002750 0.008333
0 0.483750 0.835417 0.003000 0.009375
0 0.484000 0.841146 0.002000 0.007292
0 0.485625 0.830469 0.002250 0.009896
0 0.488000 0.830469 0.003500 0.009896
0 0.489500 0.794531 0.004500 0.007812
0 0.491375 0.755990 0.004750 0.008854
0 0.489125 0.739583 0.004250 0.009375
0 0.494250 0.729427 0.003500 0.011979
0 0.491500 0.731250 0.002000 0.007292
0 0.490375 0.730729 0.003750 0.009375
0 0.497625 0.706771 0.003750 0.013542
0 0.497000 0.689583 0.004000 0.007292
0 0.495250 0.684896 0.003000 0.009375
0 0.497250 0.651042 0.003000 0.012500
0 0.486625 0.630208 0.004750 0.006250
0 0.504000 0.639583 0.004500 0.009375
0 0.504750 0.636719 0.003500 0.006771
0 0.505750 0.617708 0.005500 0.009375
0 0.503750 0.598698 0.003500 0.011979
0 0.480625 0.625000 0.004250 0.011458
0 0.509875 0.600521 0.001250 0.010417
0 0.508125 0.600781 0.002250 0.010937
0 0.493000 0.582031 0.002000 0.010937
0 0.495250 0.581510 0.002500 0.014063
0 0.508875 0.574479 0.001750 0.012500
0 0.510875 0.574219 0.002250 0.011979
0 0.509000 0.563281 0.005500 0.006771
0 0.497375 0.566667 0.003250 0.008333
0 0.498750 0.565625 0.002500 0.008333
0 0.506500 0.548958 0.002500 0.012500
0 0.511375 0.541667 0.002750 0.011458
0 0.509500 0.540625 0.002500 0.011458
0 0.515750 0.535937 0.002500 0.011458
0 0.515125 0.527604 0.002250 0.011458
0 0.513750 0.532031 0.002000 0.008854
0 0.512375 0.532552 0.001750 0.008854
0 0.516500 0.502865 0.002000 0.010937
0 0.514750 0.503125 0.002000 0.009375
0 0.507625 0.492448 0.004750 0.006771
0 0.498625 0.501302 0.004250 0.013021
0 0.500625 0.480990 0.001750 0.010937
0 0.502375 0.481771 0.002250 0.010417
0 0.515500 0.449479 0.003500 0.013542
0 0.504125 0.445833 0.004750 0.010417
0 0.520500 0.438281 0.004000 0.009896
0 0.537000 0.431250 0.004500 0.007292
0 0.535750 0.453125 0.002500 0.009375
0 0.533375 0.452865 0.002250 0.011979
0 0.522625 0.421615 0.004250 0.011979
0 0.519625 0.426563 0.003750 0.010417
0 0.518250 0.424219 0.003500 0.007812
0 0.540625 0.331250 0.003750 0.012500
0 0.741375 0.266667 0.005250 0.010417
0 0.698500 0.326302 0.003500 0.005729
0 0.702875 0.326823 0.003250 0.008854
0 0.701625 0.325260 0.003250 0.009896
0 0.674250 0.389583 0.002500 0.012500
0 0.676500 0.392448 0.002500 0.008854
0 0.694875 0.404687 0.003250 0.012500
0 0.691500 0.399219 0.003000 0.011979
0 0.686500 0.440365 0.003500 0.011979
0 0.679875 0.431510 0.005750 0.010937
0 0.678500 0.455469 0.002000 0.008854
0 0.677125 0.454427 0.003250 0.011979
0 0.680250 0.464583 0.002000 0.009375
0 0.678375 0.464323 0.002750 0.010937
0 0.674500 0.477604 0.005000 0.013542
0 0.657750 0.544792 0.004500 0.012500
0 0.662875 0.534635 0.002250 0.010937
0 0.660500 0.534375 0.002500 0.013542
0 0.649000 0.571875 0.003500 0.004167
0 0.649500 0.568490 0.005000 0.004687
0 0.634750 0.567187 0.004500 0.007292
0 0.628625 0.561719 0.004250 0.010937
0 0.627500 0.612240 0.005000 0.007812
0 0.623250 0.607292 0.004000 0.010417
0 0.620250 0.617188 0.004500 0.008333
0 0.622250 0.619531 0.004000 0.009896
0 0.625625 0.623437 0.004750 0.008333
0 0.627250 0.628385 0.003500 0.010937
0 0.628125 0.639323 0.005250 0.006771
0 0.624500 0.638281 0.003500 0.009896
0 0.620750 0.633073 0.006500 0.010937
0 0.633500 0.615885 0.004500 0.005729
0 0.633250 0.623437 0.003000 0.011458
0 0.622000 0.653646 0.004000 0.007292
0 0.620625 0.651042 0.004750 0.007292
0 0.614375 0.677865 0.004250 0.007812
0 0.608375 0.701302 0.004750 0.011979
0 0.594375 0.692448 0.004750 0.010937
0 0.603625 0.694531 0.003250 0.007812
0 0.604375 0.691146 0.003250 0.008333
0 0.598875 0.731771 0.003750 0.009375
0 0.595000 0.741927 0.003500 0.006771
0 0.595000 0.738542 0.004000 0.006250
0 0.571875 0.784896 0.004750 0.008333
0 0.568500 0.811458 0.003000 0.012500
0 0.559000 0.838542 0.004000 0.008333
0 0.551500 0.853646 0.004500 0.010417
0 0.581500 0.830729 0.002000 0.011458
0 0.579750 0.831510 0.002000 0.010937
0 0.589125 0.795573 0.004750 0.013021
0 0.594750 0.767188 0.002000 0.009375
0 0.596500 0.767188 0.002000 0.013542
0 0.599375 0.765365 0.002750 0.013021
0 0.602375 0.769531 0.002750 0.011979
0 0.605500 0.745313 0.002000 0.012500
0 0.608000 0.745573 0.002500 0.013021
0 0.613875 0.749479 0.003250 0.012500
0 0.613875 0.724479 0.002750 0.011458
0 0.611750 0.722396 0.003000 0.009375
0 0.623250 0.718750 0.007000 0.007292
0 0.620625 0.700260 0.003750 0.008854
0 0.619125 0.697396 0.003750 0.006250
0 0.631000 0.668750 0.004000 0.011458
0 0.638750 0.643750 0.003000 0.012500
0 0.642000 0.644792 0.004000 0.012500
0 0.648500 0.651563 0.005000 0.011458
0 0.668125 0.643750 0.004750 0.010417
0 0.666875 0.626563 0.005750 0.011458
0 0.651250 0.619010 0.003500 0.008854
0 0.650000 0.617188 0.004000 0.009375
0 0.647875 0.607292 0.001750 0.009375
0 0.649750 0.607292 0.002500 0.011458
0 0.660375 0.573438 0.004750 0.010417
0 0.673375 0.542188 0.002750 0.009375
0 0.671500 0.539062 0.002500 0.010417
0 0.672750 0.532552 0.003000 0.009896
0 0.675125 0.540885 0.001750 0.011979
0 0.677000 0.540104 0.002500 0.009375
0 0.680375 0.522396 0.005250 0.012500
0 0.682000 0.508594 0.004500 0.011979
0 0.688625 0.507031 0.006250 0.007812
0 0.692125 0.501302 0.003250 0.010937
0 0.710000 0.471094 0.005000 0.010937
0 0.707625 0.458854 0.004750 0.011458
0 0.727500 0.446615 0.006500 0.009896
