0 0.405875 0.345052 0.018750 0.033854
0 0.476500 0.388542 0.010000 0.032292
0 0.481375 0.236719 0.011250 0.025521
0 0.507250 0.233333 0.009500 0.022917
0 0.507750 0.244271 0.010500 0.027083
0 0.513625 0.260417 0.011250 0.023958
0 0.525250 0.296354 0.009000 0.019792
0 0.575250 0.426042 0.009000 0.029167
0 0.590875 0.459375 0.013250 0.019792
0 0.679750 0.449219 0.010000 0.024479
0 0.594500 0.291146 0.009500 0.022917
0 0.606500 0.335156 0.015500 0.018229
0 0.606125 0.359896 0.012750 0.033333
0 0.607250 0.363021 0.011500 0.022917
0 0.565875 0.522656 0.008750 0.029687
0 0.422250 0.115365 0.011500 0.027604
0 0.553125 0.034635 0.007750 0.024479
0 0.440250 0.776042 0.009000 0.022917
0 0.493750 0.754687 0.010000 0.027083
0 0.511500 0.732292 0.010000 0.032292
0 0.501125 0.680729 0.009250 0.029167
0 0.506625 0.690365 0.012750 0.023438
0 0.525625 0.708333 0.012750 0.021875
0 0.524500 0.692708 0.010500 0.030208
0 0.531875 0.681771 0.007750 0.031250
0 0.541750 0.686979 0.014000 0.025000
0 0.544750 0.688021 0.009000 0.018750
0 0.543375 0.671875 0.011750 0.030208
0 0.545875 0.708333 0.008750 0.023958
0 0.558375 0.713021 0.009250 0.023958
0 0.562000 0.687500 0.009000 0.016667
0 0.567625 0.679948 0.011250 0.019271
0 0.569875 0.685937 0.006250 0.018750
0 0.575625 0.671615 0.009250 0.019271
0 0.565250 0.657292 0.010000 0.017708
0 0.571250 0.643490 0.009500 0.017188
