0 0.473177 0.991125 0.010937 0.007750
0 0.429948 0.993750 0.011979 0.005000
0 0.442188 0.995125 0.008333 0.004750
0 0.458854 0.990500 0.015625 0.009500
0 0.493490 0.944875 0.009896 0.007750
0 0.464583 0.953250 0.009375 0.008000
0 0.462500 0.946250 0.015625 0.005000
0 0.492708 0.910375 0.013542 0.005750
0 0.475000 0.921000 0.007292 0.006500
0 0.484375 0.920250 0.012500 0.006500
0 0.430469 0.908500 0.007812 0.008000
0 0.441927 0.899750 0.009896 0.007000
0 0.435677 0.893500 0.006771 0.006500
0 0.463021 0.902250 0.008333 0.006000
0 0.471875 0.903000 0.010417 0.008500
0 0.494271 0.876125 0.016667 0.005250
0 0.484115 0.872500 0.013021 0.007500
0 0.448177 0.855375 0.007812 0.007750
0 0.459896 0.855875 0.007292 0.007750
0 0.466406 0.853000 0.007812 0.007500
0 0.509635 0.838750 0.008854 0.009000
0 0.498437 0.842500 0.014583 0.008500
0 0.498698 0.835750 0.008854 0.007000
0 0.480208 0.831500 0.007292 0.007500
0 0.484896 0.824125 0.008333 0.007750
0 0.446615 0.807125 0.011979 0.004250
0 0.550521 0.780750 0.012500 0.006500
0 0.530469 0.777750 0.010937 0.005500
0 0.498698 0.739250 0.008854 0.007500
0 0.463021 0.757750 0.012500 0.006000
0 0.560156 0.736250 0.007812 0.007500
0 0.541146 0.768500 0.010417 0.006000
0 0.550000 0.767000 0.010417 0.009000
0 0.607812 0.706750 0.015625 0.004500
0 0.633333 0.700250 0.015625 0.006000
0 0.514583 0.708375 0.017708 0.005250
0 0.559896 0.692875 0.007292 0.007750
0 0.574740 0.679750 0.009896 0.006000
0 0.625000 0.681250 0.015625 0.005500
0 0.594531 0.687250 0.015104 0.006000
0 0.575521 0.718500 0.012500 0.004500
0 0.578646 0.729125 0.010417 0.006250
0 0.574479 0.722500 0.014583 0.004000
0 0.610417 0.656250 0.008333 0.006000
0 0.605469 0.670375 0.017188 0.005250
0 0.602083 0.677000 0.012500 0.005500
0 0.578646 0.656375 0.010417 0.005750
0 0.569531 0.659000 0.010937 0.005500
0 0.568490 0.666375 0.010937 0.003750
0 0.575781 0.665500 0.009896 0.005000
0 0.651823 0.635750 0.011979 0.005000
0 0.638802 0.635750 0.009896 0.006500
0 0.627865 0.635125 0.010937 0.003750
0 0.631250 0.632000 0.011458 0.004500
0 0.625521 0.603250 0.008333 0.006500
0 0.635417 0.585250 0.011458 0.006000
0 0.666927 0.600500 0.013021 0.005500
0 0.674740 0.587625 0.009896 0.005750
0 0.692187 0.597250 0.009375 0.004000
0 0.699219 0.599125 0.005729 0.007250
0 0.746354 0.595750 0.012500 0.003000
0 0.742188 0.591750 0.011458 0.005000
0 0.752865 0.591375 0.011979 0.005250
0 0.744010 0.586500 0.009896 0.006500
0 0.792708 0.584125 0.015625 0.004750
0 0.791667 0.597375 0.010417 0.007250
0 0.778385 0.617250 0.010937 0.006000
0 0.817969 0.615750 0.010937 0.007000
0 0.803385 0.628500 0.009896 0.007500
0 0.770312 0.685875 0.010417 0.006250
0 0.780729 0.685375 0.010417 0.007250
0 0.772135 0.696875 0.009896 0.005250
0 0.597135 0.518500 0.014063 0.004000
0 0.484896 0.533500 0.009375 0.005000
0 0.544010 0.555375 0.013021 0.006250
0 0.491667 0.545250 0.014583 0.004500
0 0.492448 0.550375 0.007812 0.005750
0 0.475260 0.559125 0.007812 0.006250
0 0.449219 0.564750 0.015104 0.005000
0 0.466146 0.576375 0.014583 0.005750
0 0.500521 0.589875 0.012500 0.004750
0 0.436979 0.590750 0.015625 0.007000
0 0.384896 0.559250 0.013542 0.004000
0 0.402604 0.556375 0.011458 0.004250
0 0.348958 0.557000 0.020833 0.003500
0 0.402865 0.570250 0.007812 0.004000
0 0.393229 0.602125 0.015625 0.004250
0 0.395313 0.583375 0.014583 0.004250
0 0.363021 0.590500 0.011458 0.007500
0 0.378385 0.586500 0.011979 0.007000
0 0.346615 0.605875 0.013021 0.006250
0 0.318229 0.602375 0.014583 0.006250
0 0.304688 0.598625 0.008333 0.006750
0 0.298438 0.597625 0.008333 0.006250
0 0.343490 0.646875 0.011979 0.007250
0 0.285677 0.609125 0.013021 0.006250
0 0.209375 0.612125 0.015625 0.004750
0 0.248438 0.618750 0.012500 0.006500
0 0.200781 0.626250 0.013021 0.005000
0 0.167448 0.650750 0.014063 0.005000
0 0.189062 0.658875 0.014583 0.005250
0 0.189583 0.643625 0.015625 0.003750
0 0.206510 0.646000 0.013021 0.004500
0 0.217969 0.646250 0.013021 0.006000
0 0.249479 0.631750 0.014583 0.004500
0 0.274479 0.624500 0.012500 0.004500
0 0.273958 0.628375 0.014583 0.003750
0 0.261979 0.626375 0.010417 0.005750
0 0.069531 0.674875 0.016146 0.004750
0 0.114323 0.666750 0.015104 0.004000
0 0.121354 0.663500 0.012500 0.005500
0 0.122396 0.643250 0.017708 0.006000
0 0.077083 0.645750 0.014583 0.004500
0 0.159115 0.622250 0.015104 0.006500
0 0.107812 0.632375 0.009375 0.005750
0 0.108854 0.636125 0.014583 0.003750
0 0.023698 0.630000 0.017188 0.005500
0 0.053385 0.659875 0.015104 0.004750
0 0.012760 0.686000 0.016146 0.005000
0 0.024740 0.706125 0.010937 0.007750
0 0.255469 0.652250 0.009896 0.006000
0 0.163802 0.606625 0.013021 0.009750
0 0.217708 0.602875 0.013542 0.007250
0 0.262240 0.568500 0.010937 0.006000
0 0.294010 0.560875 0.009896 0.004750
0 0.131250 0.476000 0.015625 0.005500
0 0.097656 0.463875 0.015104 0.004250
0 0.169531 0.462250 0.011979 0.006500
0 0.205469 0.469875 0.014063 0.006750
0 0.225781 0.484250 0.008854 0.008000
0 0.226042 0.492750 0.017708 0.005500
0 0.281250 0.472250 0.010417 0.007000
0 0.265885 0.473500 0.009896 0.005500
0 0.270052 0.471500 0.010937 0.006000
0 0.004687 0.453000 0.009375 0.007000
0 0.146094 0.447500 0.013021 0.004500
0 0.317188 0.465875 0.013542 0.003750
0 0.402604 0.435250 0.007292 0.007000
0 0.361458 0.421250 0.011458 0.006000
0 0.382812 0.422750 0.016667 0.005000
0 0.398698 0.415000 0.010937 0.006500
0 0.408854 0.409000 0.012500 0.006500
0 0.425521 0.397625 0.012500 0.006750
0 0.435677 0.384375 0.007812 0.007250
0 0.535156 0.434750 0.009896 0.006500
0 0.525000 0.429375 0.013542 0.006250
0 0.434115 0.420750 0.013021 0.003500
0 0.423177 0.421750 0.010937 0.005000
0 0.423958 0.416375 0.010417 0.005750
0 0.368229 0.400875 0.012500 0.006750
0 0.380208 0.393500 0.010417 0.006500
0 0.391406 0.386375 0.010937 0.006250
0 0.380469 0.376875 0.009896 0.005750
0 0.361198 0.375250 0.009896 0.005500
0 0.351823 0.390000 0.010937 0.005000
0 0.311198 0.385125 0.013021 0.004250
0 0.291927 0.374875 0.011979 0.006750
0 0.239323 0.371125 0.010937 0.006750
0 0.276823 0.349500 0.010937 0.007000
0 0.322396 0.359125 0.011458 0.006250
0 0.326302 0.364750 0.009896 0.006500
0 0.192188 0.366250 0.010417 0.007000
0 0.178646 0.354125 0.014583 0.004250
0 0.216667 0.362500 0.014583 0.003500
0 0.206771 0.365625 0.010417 0.008750
0 0.129427 0.348875 0.008854 0.006250
0 0.160677 0.334500 0.011979 0.006500
0 0.182031 0.342500 0.008854 0.005500
0 0.190365 0.337250 0.013021 0.004000
0 0.193490 0.341500 0.014063 0.004000
0 0.204427 0.336000 0.013021 0.006500
0 0.236198 0.336000 0.008854 0.007500
0 0.251823 0.332875 0.014063 0.004750
0 0.249219 0.319125 0.008854 0.006750
0 0.282813 0.325000 0.014583 0.006500
0 0.268750 0.327250 0.012500 0.006000
0 0.217188 0.307375 0.012500 0.004250
0 0.120833 0.321875 0.012500 0.005250
0 0.111719 0.326000 0.011979 0.005000
0 0.063542 0.326500 0.011458 0.006500
0 0.095312 0.306875 0.010417 0.006750
0 0.126562 0.294750 0.010417 0.007000
0 0.151823 0.267875 0.015104 0.005250
0 0.121094 0.267500 0.013021 0.004000
0 0.098177 0.264125 0.011979 0.006250
0 0.081771 0.271375 0.012500 0.003750
0 0.065104 0.288875 0.007292 0.005250
0 0.025521 0.308000 0.015625 0.007000
0 0.042188 0.317625 0.012500 0.005250
0 0.016927 0.323750 0.013021 0.004500
0 0.004427 0.324500 0.008854 0.004500
0 0.020833 0.276250 0.009375 0.004500
0 0.015365 0.267000 0.015104 0.006000
0 0.003646 0.275875 0.007292 0.005750
0 0.015365 0.234500 0.007812 0.006500
0 0.001563 0.223875 0.003125 0.005750
0 0.115365 0.337250 0.011979 0.008000
0 0.125000 0.339875 0.011458 0.004750
0 0.019010 0.358625 0.010937 0.005250
0 0.163281 0.393625 0.010937 0.005250
0 0.098698 0.290250 0.007812 0.006500
0 0.107031 0.288500 0.008854 0.006500
0 0.139323 0.283750 0.015104 0.005000
0 0.140104 0.288500 0.013542 0.004500
0 0.271615 0.379125 0.010937 0.005750
0 0.351042 0.383500 0.013542 0.004000
0 0.342969 0.379125 0.007812 0.005750
0 0.352083 0.380125 0.012500 0.005750
0 0.666146 0.430250 0.007292 0.005500
0 0.671094 0.434125 0.008854 0.006250
0 0.630469 0.383250 0.015104 0.003500
0 0.608073 0.386875 0.009896 0.006750
0 0.623698 0.406625 0.008854 0.006750
0 0.650000 0.402000 0.006250 0.006000
0 0.644792 0.400375 0.010417 0.003750
0 0.657292 0.360875 0.014583 0.007250
0 0.632552 0.367125 0.009896 0.006250
0 0.621875 0.367375 0.008333 0.006250
0 0.609896 0.362250 0.012500 0.008000
0 0.611198 0.346000 0.014063 0.006500
0 0.608854 0.328375 0.011458 0.007250
0 0.585156 0.336625 0.009896 0.003750
0 0.595573 0.334000 0.009896 0.006500
0 0.540885 0.312875 0.010937 0.006250
0 0.531771 0.303375 0.011458 0.004250
0 0.562500 0.275125 0.013542 0.007750
0 0.496354 0.251625 0.008333 0.007750
0 0.566146 0.218875 0.014583 0.007250
0 0.513802 0.194625 0.015104 0.006250
0 0.469271 0.191750 0.010417 0.007000
0 0.491927 0.214875 0.009896 0.006750
0 0.494010 0.210000 0.008854 0.006500
0 0.590104 0.245125 0.015625 0.007250
0 0.588542 0.317000 0.009375 0.007500
0 0.602604 0.317500 0.011458 0.009000
0 0.553646 0.300000 0.008333 0.006500
0 0.569271 0.301125 0.014583 0.007750
0 0.582292 0.298250 0.011458 0.008000
0 0.642448 0.304625 0.016146 0.008750
0 0.465625 0.178000 0.013542 0.006000
0 0.436979 0.125875 0.010417 0.006750
0 0.422656 0.148375 0.009896 0.008250
0 0.460938 0.168125 0.012500 0.010250
0 0.716667 0.335125 0.013542 0.004250
0 0.785677 0.368375 0.013021 0.004250
0 0.791667 0.334625 0.015625 0.006250
0 0.815104 0.306125 0.015625 0.009250
0 0.801042 0.306500 0.013542 0.006000
0 0.788542 0.292750 0.012500 0.007000
0 0.794531 0.277250 0.010937 0.006000
0 0.796094 0.287625 0.011979 0.003250
0 0.829167 0.258750 0.013542 0.007000
0 0.876563 0.270000 0.011458 0.007500
0 0.812240 0.197000 0.006771 0.008000
0 0.773958 0.233000 0.014583 0.006500
0 0.732552 0.401625 0.010937 0.007250
0 0.772135 0.403500 0.014063 0.008500
