0 0.599125 0.964323 0.003750 0.005729
0 0.598875 0.960417 0.003750 0.005208
0 0.606625 0.946615 0.003250 0.005729
0 0.606125 0.943750 0.003750 0.005208
0 0.608625 0.941406 0.004250 0.008854
0 0.614000 0.927604 0.004000 0.009375
0 0.607750 0.932812 0.003000 0.007292
0 0.610500 0.928125 0.002500 0.006250
0 0.611375 0.921354 0.003250 0.008333
0 0.631000 0.916927 0.002500 0.007812
0 0.628750 0.911198 0.005000 0.005729
0 0.626250 0.905990 0.005000 0.005729
0 0.628000 0.900000 0.003000 0.007292
0 0.627125 0.890885 0.005250 0.005729
0 0.623500 0.879687 0.004500 0.008333
0 0.629875 0.826823 0.002250 0.007812
0 0.631375 0.825521 0.003250 0.008333
0 0.454250 0.944010 0.003500 0.010937
0 0.488250 0.949740 0.006500 0.007812
0 0.476375 0.916406 0.003250 0.011979
0 0.476625 0.905729 0.005750 0.007292
0 0.470500 0.860156 0.004000 0.009896
0 0.492375 0.842187 0.003250 0.008333
0 0.499000 0.839844 0.004000 0.008854
0 0.500875 0.832812 0.003750 0.007292
0 0.516500 0.825260 0.003500 0.010937
0 0.523375 0.834375 0.004250 0.006250
0 0.521375 0.829688 0.005250 0.005208
0 0.529000 0.803385 0.003000 0.006771
0 0.529500 0.798958 0.004000 0.005208
0 0.536625 0.780990 0.003250 0.006771
0 0.546000 0.773177 0.003500 0.006771
0 0.554375 0.765625 0.003750 0.005208
0 0.557375 0.764323 0.003250 0.006771
0 0.583500 0.754167 0.005500 0.007292
0 0.606625 0.715104 0.003750 0.007292
0 0.612000 0.717187 0.003500 0.007292
0 0.613625 0.711979 0.003250 0.004167
0 0.614750 0.715885 0.002500 0.007812
0 0.618750 0.708073 0.002000 0.006771
0 0.616875 0.707552 0.002750 0.005729
0 0.629125 0.688021 0.004750 0.010417
0 0.609875 0.743490 0.004750 0.008854
0 0.602625 0.752083 0.005250 0.005208
0 0.604625 0.757552 0.003250 0.007812
0 0.604750 0.765104 0.005500 0.008333
0 0.563250 0.861198 0.005000 0.007812
0 0.559750 0.848698 0.005000 0.005729
0 0.556500 0.852083 0.002500 0.012500
0 0.550250 0.834115 0.003000 0.009896
0 0.553125 0.834375 0.003750 0.008333
0 0.553500 0.837240 0.003500 0.005729
0 0.553500 0.842448 0.005000 0.005729
0 0.544250 0.867969 0.004000 0.010937
0 0.543125 0.849740 0.004750 0.007812
0 0.542750 0.843490 0.004500 0.005729
0 0.537125 0.864062 0.005750 0.006250
0 0.535500 0.855208 0.003500 0.011458
0 0.520375 0.874479 0.006250 0.009375
0 0.516125 0.880729 0.004750 0.007292
0 0.508250 0.926302 0.004000 0.013021
0 0.513250 0.924479 0.003500 0.012500
0 0.520875 0.919792 0.004750 0.009375
0 0.524125 0.928385 0.003750 0.006771
0 0.522625 0.933594 0.004250 0.006771
0 0.502750 0.876302 0.004000 0.008854
0 0.512250 0.807031 0.004000 0.006771
0 0.634125 0.616667 0.004750 0.006250
0 0.629125 0.618750 0.005750 0.006250
0 0.620875 0.620573 0.003750 0.004687
0 0.623125 0.617969 0.003250 0.006771
0 0.618625 0.623698 0.005250 0.005729
0 0.613500 0.637500 0.005000 0.008333
0 0.607125 0.648958 0.003750 0.009375
0 0.603750 0.646354 0.003000 0.009375
0 0.606875 0.640885 0.003750 0.008854
0 0.601875 0.639583 0.004750 0.005208
0 0.598250 0.645573 0.005000 0.005729
0 0.588625 0.644531 0.005250 0.006771
0 0.580875 0.642969 0.003750 0.005729
0 0.581250 0.649479 0.004000 0.008333
0 0.578500 0.652083 0.003000 0.009375
0 0.580375 0.668750 0.003250 0.010417
0 0.573250 0.663021 0.004500 0.006250
0 0.573875 0.654167 0.003250 0.011458
0 0.577875 0.664583 0.004750 0.005208
0 0.578250 0.661719 0.004500 0.004687
0 0.579500 0.657292 0.004500 0.006250
0 0.563500 0.652865 0.003000 0.010937
0 0.566875 0.652865 0.002750 0.011979
0 0.570375 0.651563 0.004750 0.007292
0 0.559500 0.654167 0.003500 0.010417
0 0.546375 0.666927 0.004250 0.008854
0 0.546750 0.660417 0.004500 0.005208
0 0.547875 0.654687 0.003250 0.010417
0 0.545375 0.653646 0.002250 0.010417
0 0.538250 0.661458 0.004500 0.008333
0 0.538625 0.673438 0.003750 0.005208
0 0.538750 0.670052 0.005000 0.005729
0 0.532375 0.666146 0.003250 0.011458
0 0.529875 0.655990 0.004750 0.006771
0 0.528125 0.650781 0.004750 0.004687
0 0.523750 0.651042 0.004500 0.006250
0 0.523625 0.656510 0.003750 0.006771
0 0.526750 0.662760 0.005000 0.003646
0 0.526750 0.666667 0.004500 0.004167
0 0.526000 0.672656 0.004500 0.006771
0 0.528750 0.679167 0.003500 0.007292
0 0.525875 0.680208 0.003750 0.008333
0 0.522500 0.667188 0.003500 0.009375
0 0.521750 0.663021 0.004000 0.007292
0 0.520000 0.658594 0.003500 0.008854
0 0.512750 0.662500 0.004500 0.007292
0 0.508625 0.663021 0.004750 0.008333
0 0.506625 0.640104 0.004750 0.005208
0 0.510750 0.634375 0.003000 0.007292
0 0.512750 0.635156 0.002500 0.005729
0 0.499250 0.637760 0.005000 0.007812
0 0.530750 0.715104 0.005000 0.007292
0 0.521750 0.698958 0.003500 0.010417
0 0.507250 0.684115 0.005000 0.004687
0 0.507000 0.681250 0.004500 0.004167
0 0.497375 0.682813 0.004250 0.009375
0 0.498375 0.681250 0.003250 0.007292
0 0.494500 0.651563 0.005500 0.007292
0 0.493750 0.658333 0.004500 0.007292
0 0.484250 0.655208 0.004000 0.008333
0 0.481375 0.652604 0.004250 0.005208
0 0.483000 0.663281 0.004000 0.004687
0 0.483125 0.667188 0.004750 0.006250
0 0.446375 0.651823 0.003750 0.011979
0 0.435375 0.660677 0.004250 0.006771
0 0.435000 0.654687 0.005500 0.006250
0 0.424625 0.658854 0.004750 0.010417
0 0.416750 0.650781 0.004500 0.010937
0 0.407625 0.657292 0.005250 0.004167
0 0.407250 0.653906 0.004500 0.003646
0 0.407750 0.650521 0.005000 0.005208
0 0.408125 0.647396 0.004250 0.004167
0 0.377125 0.603125 0.003750 0.008333
0 0.416875 0.625521 0.004250 0.004167
0 0.417500 0.629167 0.005000 0.005208
0 0.440750 0.622396 0.003000 0.009375
0 0.441875 0.605990 0.003750 0.006771
0 0.456250 0.614062 0.004500 0.006250
0 0.463125 0.614583 0.004250 0.008333
0 0.461250 0.635677 0.004500 0.006771
0 0.467125 0.639844 0.005750 0.008854
0 0.539125 0.638542 0.004750 0.005208
0 0.531000 0.632552 0.004000 0.006771
0 0.508750 0.626563 0.004500 0.006250
0 0.568875 0.634375 0.005250 0.006250
0 0.560875 0.636198 0.005250 0.005729
0 0.576250 0.634115 0.003500 0.004687
0 0.602500 0.577344 0.005000 0.004687
0 0.602375 0.574219 0.004750 0.003646
0 0.600250 0.569531 0.005000 0.006771
0 0.583625 0.558854 0.005750 0.007292
0 0.572625 0.558594 0.002250 0.008854
0 0.568750 0.553906 0.004500 0.008854
0 0.549000 0.579688 0.004000 0.010417
0 0.553125 0.538802 0.003250 0.010937
0 0.549125 0.535156 0.002750 0.009896
0 0.546875 0.534375 0.002250 0.008333
0 0.530375 0.525521 0.002250 0.006250
0 0.532750 0.525521 0.003000 0.010417
0 0.510500 0.537500 0.004000 0.009375
0 0.513375 0.526563 0.002750 0.009375
0 0.500000 0.511458 0.005500 0.007292
0 0.484750 0.512500 0.003000 0.008333
0 0.490875 0.506510 0.002250 0.007812
0 0.489875 0.505208 0.002750 0.007292
0 0.489500 0.494271 0.003500 0.007292
0 0.487250 0.487500 0.003500 0.006250
0 0.485875 0.483073 0.004750 0.006771
0 0.482000 0.482031 0.005000 0.004687
0 0.481750 0.476562 0.006000 0.003125
0 0.462250 0.499219 0.005000 0.009896
0 0.455125 0.472656 0.005750 0.007812
0 0.440125 0.430729 0.004750 0.005208
0 0.440250 0.425260 0.004500 0.006771
0 0.453375 0.444271 0.004750 0.008333
0 0.464000 0.378906 0.005000 0.005729
0 0.464625 0.453125 0.004250 0.004167
0 0.464375 0.449740 0.004750 0.003646
0 0.506875 0.470833 0.004250 0.006250
0 0.506500 0.466927 0.004500 0.004687
0 0.521125 0.438542 0.003250 0.010417
0 0.519375 0.462500 0.003750 0.009375
0 0.519125 0.484635 0.003750 0.004687
0 0.519500 0.488802 0.005000 0.004687
0 0.528625 0.490104 0.005250 0.006250
0 0.528000 0.503385 0.004500 0.006771
0 0.528750 0.501042 0.003500 0.005208
0 0.544875 0.477083 0.005250 0.008333
0 0.543125 0.514844 0.003750 0.006771
0 0.544250 0.513021 0.003500 0.007292
0 0.559000 0.526563 0.005500 0.009375
0 0.563125 0.522135 0.005750 0.007812
0 0.568125 0.532292 0.003750 0.008333
0 0.571000 0.535417 0.002000 0.007292
0 0.574500 0.537240 0.004500 0.006771
0 0.579500 0.541667 0.003500 0.008333
0 0.584500 0.545833 0.003000 0.007292
0 0.591000 0.549219 0.003500 0.006771
0 0.613750 0.564063 0.004000 0.007292
0 0.628000 0.522917 0.004500 0.009375
0 0.630250 0.508854 0.003500 0.009375
0 0.628875 0.502865 0.005250 0.004687
0 0.628500 0.497917 0.005500 0.006250
0 0.622000 0.491406 0.005000 0.008854
0 0.614500 0.472396 0.004000 0.012500
0 0.604375 0.481250 0.005250 0.006250
0 0.609500 0.486979 0.003500 0.006250
0 0.610250 0.492188 0.003000 0.004167
0 0.614125 0.498698 0.003750 0.005729
0 0.618250 0.508073 0.003000 0.005729
0 0.618875 0.505729 0.004750 0.007292
0 0.622125 0.513542 0.002750 0.006250
0 0.617125 0.450781 0.003750 0.009896
0 0.599625 0.448437 0.003750 0.011458
0 0.602125 0.441146 0.004750 0.007292
0 0.602125 0.419271 0.003250 0.010417
0 0.580625 0.446094 0.005250 0.007812
0 0.582375 0.440625 0.004250 0.005208
0 0.575875 0.452865 0.003750 0.006771
0 0.563250 0.420573 0.004500 0.006771
0 0.542750 0.399219 0.006000 0.008854
0 0.558750 0.402083 0.004000 0.006250
0 0.561750 0.407812 0.003500 0.007292
0 0.538125 0.363542 0.005750 0.009375
0 0.534000 0.353385 0.005000 0.008854
0 0.526125 0.357812 0.005250 0.008333
0 0.524625 0.350260 0.004250 0.007812
0 0.527000 0.351042 0.004500 0.008333
0 0.506875 0.353125 0.006750 0.008333
0 0.517125 0.329688 0.004750 0.006250
0 0.518000 0.334635 0.004000 0.006771
0 0.520875 0.335938 0.003750 0.007292
0 0.521125 0.333333 0.003750 0.006250
0 0.449875 0.269271 0.004750 0.010417
0 0.449500 0.236198 0.004000 0.011979
0 0.498875 0.248958 0.004750 0.007292
0 0.498625 0.267188 0.003750 0.011458
0 0.511750 0.242969 0.005500 0.008854
0 0.509375 0.290885 0.004750 0.006771
0 0.517750 0.289062 0.004000 0.008333
0 0.505750 0.286458 0.005000 0.008333
0 0.523375 0.313542 0.004750 0.010417
0 0.526500 0.310937 0.004000 0.010417
0 0.534000 0.339583 0.003500 0.010417
0 0.540375 0.336198 0.002250 0.011979
0 0.538500 0.336458 0.001500 0.009375
0 0.542500 0.352865 0.004500 0.008854
0 0.545500 0.354687 0.002500 0.009375
0 0.547875 0.353646 0.002250 0.010417
0 0.549375 0.365885 0.005250 0.007812
0 0.555125 0.369531 0.003750 0.008854
0 0.558375 0.367448 0.002750 0.009896
0 0.563750 0.346615 0.003500 0.010937
0 0.559875 0.381250 0.003750 0.006250
0 0.564875 0.381250 0.003750 0.009375
0 0.562750 0.368229 0.003000 0.009375
0 0.564375 0.373958 0.003750 0.006250
0 0.562000 0.375521 0.002500 0.007292
0 0.585250 0.397135 0.003500 0.010937
0 0.582750 0.395833 0.002500 0.010417
0 0.582500 0.380990 0.005500 0.011979
0 0.590000 0.417708 0.005500 0.005208
0 0.589625 0.426823 0.004250 0.009896
0 0.588875 0.432812 0.002750 0.009375
0 0.591000 0.434115 0.003500 0.007812
0 0.592500 0.427344 0.003500 0.008854
0 0.592250 0.422917 0.003500 0.005208
0 0.596250 0.417187 0.004500 0.009375
0 0.597125 0.413281 0.003750 0.007812
0 0.615250 0.386979 0.005000 0.009375
0 0.660125 0.527083 0.004250 0.009375
0 0.652125 0.470573 0.004750 0.008854
0 0.654500 0.469531 0.004500 0.007812
0 0.662000 0.407812 0.004000 0.008333
0 0.647625 0.385937 0.003250 0.012500
0 0.654500 0.372917 0.002500 0.010417
0 0.659000 0.370312 0.004000 0.005208
0 0.656625 0.375521 0.002250 0.010417
0 0.657875 0.338281 0.003250 0.010937
0 0.653500 0.331771 0.003000 0.010417
0 0.651875 0.330208 0.002250 0.009375
0 0.656125 0.321094 0.003750 0.008854
0 0.657625 0.317188 0.002250 0.008333
0 0.657250 0.309375 0.001500 0.009375
0 0.659125 0.309115 0.002250 0.008854
0 0.656000 0.182812 0.005000 0.007292
0 0.643750 0.194271 0.003500 0.006250
0 0.650375 0.215625 0.003250 0.007292
0 0.661000 0.217188 0.003500 0.008333
0 0.662750 0.210677 0.003000 0.009896
0 0.674125 0.282031 0.003750 0.009896
0 0.665875 0.312240 0.003250 0.011979
0 0.663250 0.352865 0.003000 0.007812
0 0.662000 0.364583 0.002000 0.010417
0 0.663750 0.365625 0.002500 0.007292
0 0.663000 0.358073 0.002500 0.007812
0 0.665000 0.350521 0.003000 0.008333
0 0.686750 0.168490 0.004500 0.011979
0 0.686875 0.185156 0.003750 0.009896
0 0.694875 0.212760 0.003250 0.009896
0 0.691750 0.207031 0.002500 0.011979
0 0.687875 0.205469 0.004750 0.007812
0 0.687250 0.220573 0.004000 0.009896
0 0.682875 0.216406 0.002750 0.008854
0 0.687875 0.211979 0.004250 0.006250
0 0.685250 0.213021 0.002500 0.009375
0 0.684375 0.208854 0.003750 0.006250
0 0.683500 0.207031 0.002500 0.006771
0 0.687375 0.196094 0.004250 0.007812
0 0.689500 0.190365 0.002000 0.010937
0 0.692125 0.194010 0.003750 0.005729
0 0.694875 0.179948 0.002750 0.007812
0 0.694375 0.188021 0.004250 0.008333
0 0.692875 0.185938 0.003250 0.008333
0 0.697875 0.184115 0.002250 0.008854
0 0.696625 0.243750 0.004250 0.010417
0 0.683500 0.233594 0.005500 0.007812
0 0.682125 0.241927 0.002750 0.009896
0 0.684625 0.244531 0.002750 0.009896
0 0.683250 0.253125 0.003000 0.009375
0 0.686500 0.245052 0.002000 0.008854
0 0.685875 0.252604 0.002250 0.008333
0 0.688125 0.249479 0.002250 0.008333
0 0.690125 0.272656 0.003250 0.008854
0 0.690875 0.268750 0.003250 0.006250
0 0.684375 0.294792 0.003750 0.010417
0 0.680250 0.318229 0.003500 0.011458
0 0.686500 0.362760 0.004500 0.007812
0 0.688625 0.371875 0.003750 0.007292
0 0.680375 0.543229 0.005250 0.009375
0 0.684625 0.539062 0.004750 0.006250
0 0.676625 0.513542 0.003750 0.010417
0 0.678750 0.512500 0.003000 0.008333
0 0.703000 0.225521 0.006500 0.013542
0 0.689750 0.142448 0.004500 0.006771
0 0.778625 0.027604 0.005750 0.007292
0 0.442500 0.695312 0.004500 0.009375
0 0.441375 0.692708 0.004250 0.007292
0 0.245000 0.464062 0.006500 0.009375
0 0.153125 0.471875 0.006250 0.011458
0 0.115625 0.418750 0.006750 0.009375
