0 0.281625 0.458854 0.007250 0.010417
0 0.455000 0.349479 0.004500 0.009375
0 0.441250 0.377604 0.005500 0.009375
0 0.437125 0.358594 0.003250 0.015104
0 0.439625 0.360677 0.003250 0.013021
0 0.432125 0.375521 0.004250 0.011458
0 0.432125 0.386719 0.003250 0.010937
0 0.427500 0.372656 0.004500 0.009896
0 0.425250 0.379948 0.004500 0.009896
0 0.429125 0.382552 0.003250 0.011979
0 0.418125 0.385677 0.005750 0.010937
0 0.435750 0.397917 0.004000 0.012500
0 0.435000 0.406771 0.004500 0.010417
0 0.417375 0.425260 0.005750 0.013021
0 0.407500 0.425781 0.005500 0.009896
0 0.410625 0.418750 0.005750 0.009375
0 0.406500 0.401042 0.004500 0.011458
0 0.404375 0.398438 0.003750 0.011458
0 0.400125 0.421615 0.005750 0.010937
0 0.400625 0.411458 0.004250 0.010417
0 0.398000 0.410417 0.004000 0.013542
0 0.415500 0.449479 0.006500 0.014583
0 0.408000 0.462500 0.008000 0.011458
0 0.375250 0.407812 0.004500 0.015625
0 0.369125 0.434115 0.004750 0.015104
0 0.360750 0.476042 0.005500 0.013542
0 0.363875 0.478125 0.004750 0.011458
0 0.373125 0.485156 0.006250 0.010937
0 0.367125 0.505990 0.003750 0.011979
0 0.383625 0.530469 0.004250 0.014063
0 0.353750 0.550521 0.005000 0.013542
0 0.348000 0.548177 0.006000 0.011979
0 0.361875 0.525781 0.007250 0.010937
0 0.344500 0.588802 0.007000 0.008854
0 0.344625 0.606771 0.006250 0.011458
0 0.344875 0.616927 0.005750 0.013021
0 0.338375 0.625781 0.004750 0.014063
0 0.339875 0.625260 0.003750 0.011979
0 0.343000 0.771875 0.003500 0.011458
0 0.348750 0.759115 0.005500 0.008854
0 0.384000 0.730729 0.005000 0.015625
0 0.386500 0.646875 0.007500 0.011458
0 0.426250 0.690365 0.003500 0.009896
0 0.424500 0.689063 0.005500 0.013542
0 0.430000 0.623698 0.006500 0.014063
0 0.418875 0.588021 0.006250 0.014583
0 0.432125 0.575781 0.003750 0.011979
0 0.434000 0.574219 0.004000 0.009896
0 0.467500 0.544792 0.004500 0.014583
0 0.481250 0.530990 0.007000 0.009896
0 0.471625 0.508594 0.005250 0.007812
0 0.469750 0.504427 0.003500 0.010937
0 0.465000 0.487760 0.006500 0.008854
0 0.452000 0.502865 0.005500 0.008854
0 0.454250 0.495312 0.005000 0.009375
0 0.457875 0.513542 0.003750 0.007292
0 0.461500 0.512500 0.003500 0.010417
0 0.481375 0.492188 0.003250 0.013542
0 0.485000 0.479427 0.006000 0.007812
0 0.484250 0.475521 0.007000 0.007292
0 0.480375 0.472135 0.003750 0.008854
0 0.497000 0.461719 0.004500 0.006771
0 0.496750 0.466146 0.006000 0.006250
0 0.501000 0.467708 0.005500 0.009375
0 0.510625 0.484896 0.007750 0.010417
0 0.494375 0.475521 0.005750 0.010417
0 0.493500 0.491146 0.006000 0.011458
0 0.492625 0.487500 0.005250 0.007292
0 0.531625 0.502865 0.005250 0.016146
0 0.517250 0.528646 0.004000 0.012500
0 0.512875 0.530469 0.004750 0.006771
0 0.510000 0.526042 0.005000 0.010417
0 0.509500 0.541146 0.004000 0.013542
0 0.505375 0.556250 0.004250 0.011458
0 0.502625 0.549219 0.003250 0.013021
0 0.499500 0.554427 0.003500 0.011979
0 0.501250 0.568229 0.005000 0.008333
0 0.492125 0.559375 0.005250 0.004167
0 0.492000 0.554688 0.005000 0.007292
0 0.492625 0.546875 0.003750 0.011458
0 0.489125 0.552604 0.003750 0.012500
0 0.471625 0.601562 0.007250 0.010417
0 0.455875 0.599219 0.005750 0.010937
0 0.487500 0.596094 0.002000 0.011979
0 0.490125 0.597135 0.003750 0.010937
0 0.489500 0.618750 0.005500 0.013542
0 0.477875 0.639062 0.006250 0.010417
0 0.409750 0.732292 0.004500 0.010417
0 0.413875 0.727344 0.004750 0.008854
0 0.420375 0.747135 0.004750 0.011979
0 0.439000 0.750260 0.004500 0.013021
0 0.446250 0.727083 0.005000 0.012500
0 0.465625 0.719531 0.006750 0.013021
0 0.472875 0.736719 0.007250 0.007812
0 0.472250 0.730990 0.005000 0.006771
0 0.480750 0.729427 0.006500 0.007812
0 0.494500 0.715885 0.007000 0.010937
0 0.481375 0.703385 0.003750 0.009896
0 0.478500 0.701042 0.003000 0.012500
0 0.469875 0.684115 0.004250 0.013021
0 0.463125 0.687500 0.005750 0.006250
0 0.462875 0.682552 0.005250 0.003646
0 0.463000 0.678125 0.004500 0.007292
0 0.520875 0.687240 0.002750 0.009896
0 0.522875 0.685417 0.002750 0.011458
0 0.536625 0.678125 0.006250 0.012500
0 0.418750 0.951302 0.005000 0.006771
0 0.420875 0.972396 0.005250 0.011458
0 0.422375 0.987240 0.006750 0.008854
0 0.556125 0.405729 0.005750 0.009375
