0 0.301125 0.741146 0.005250 0.011458
0 0.296750 0.683073 0.006000 0.010937
0 0.329500 0.687240 0.006000 0.007812
0 0.352500 0.690625 0.006500 0.010417
0 0.460000 0.646875 0.006000 0.009375
0 0.395500 0.592708 0.007500 0.012500
0 0.376875 0.586458 0.005250 0.011458
0 0.378125 0.583594 0.004750 0.008854
0 0.356000 0.550781 0.007000 0.007812
0 0.358750 0.544010 0.005500 0.011979
0 0.321625 0.543229 0.004750 0.014583
0 0.313250 0.531250 0.007000 0.011458
0 0.329250 0.541406 0.005000 0.009896
0 0.345875 0.534896 0.008250 0.011458
0 0.350125 0.513802 0.005250 0.015104
0 0.368125 0.522135 0.003750 0.010937
0 0.375625 0.527604 0.006250 0.012500
0 0.348875 0.474219 0.005750 0.013021
0 0.348750 0.457031 0.006500 0.010937
0 0.316000 0.466667 0.006000 0.012500
0 0.343125 0.494010 0.005250 0.010937
0 0.344625 0.490625 0.004250 0.010417
0 0.300125 0.463021 0.007250 0.009375
0 0.296625 0.447396 0.005750 0.009375
0 0.314625 0.445052 0.006250 0.008854
0 0.324375 0.436719 0.003750 0.011979
0 0.328375 0.438281 0.004250 0.009896
0 0.312625 0.430208 0.004250 0.012500
0 0.316750 0.434375 0.004000 0.011458
0 0.315875 0.419792 0.004250 0.013542
0 0.304125 0.423177 0.005750 0.011979
0 0.290875 0.426042 0.006250 0.009375
0 0.285125 0.421875 0.004250 0.011458
0 0.285000 0.405729 0.004000 0.011458
0 0.292000 0.400000 0.004000 0.008333
0 0.294000 0.406510 0.004500 0.007812
0 0.262250 0.381250 0.006500 0.011458
0 0.288125 0.375781 0.005750 0.011979
0 0.301625 0.376042 0.004750 0.013542
0 0.307125 0.385417 0.004250 0.011458
0 0.310875 0.388802 0.004250 0.011979
0 0.313000 0.382552 0.003500 0.009896
0 0.316875 0.381771 0.003250 0.013542
0 0.326375 0.396875 0.004750 0.010417
0 0.326000 0.406250 0.005000 0.012500
0 0.321250 0.410417 0.005000 0.009375
0 0.321125 0.425260 0.004250 0.009896
0 0.324375 0.425781 0.006250 0.008854
0 0.330750 0.415885 0.006000 0.009896
0 0.331250 0.423177 0.004000 0.011979
0 0.297500 0.353385 0.005500 0.009896
0 0.292500 0.333854 0.005500 0.014583
0 0.352500 0.373437 0.004500 0.014583
0 0.230125 0.330729 0.004250 0.009375
0 0.226625 0.331771 0.003250 0.007292
0 0.226875 0.322656 0.006250 0.011979
0 0.293250 0.377604 0.004000 0.011458
0 0.295500 0.390365 0.005500 0.011979
0 0.320125 0.388542 0.003750 0.011458
0 0.319625 0.400260 0.002750 0.011979
0 0.322125 0.400781 0.002750 0.014063
0 0.325875 0.419531 0.001750 0.010937
0 0.430875 0.607292 0.005750 0.011458
0 0.425250 0.577083 0.005000 0.011458
0 0.422500 0.568750 0.004000 0.009375
0 0.420375 0.558333 0.003250 0.009375
0 0.424625 0.558594 0.003750 0.006771
0 0.420000 0.521094 0.004500 0.011979
0 0.411500 0.509115 0.004500 0.014063
0 0.418750 0.486979 0.004000 0.011458
0 0.408250 0.493490 0.006000 0.013021
0 0.413750 0.469531 0.005500 0.014063
0 0.404375 0.473177 0.004750 0.010937
0 0.403875 0.463021 0.006250 0.010417
0 0.383875 0.407812 0.005250 0.011458
0 0.410250 0.415625 0.003000 0.011458
0 0.393625 0.398177 0.007250 0.008854
0 0.410250 0.443750 0.005000 0.009375
0 0.412750 0.452865 0.006500 0.011979
0 0.402000 0.328906 0.003500 0.013021
0 0.394125 0.325000 0.003750 0.011458
0 0.389250 0.334635 0.007000 0.007812
0 0.384000 0.338021 0.003500 0.008333
0 0.394250 0.369531 0.005000 0.016146
0 0.409500 0.352344 0.006500 0.011979
0 0.414375 0.361458 0.002750 0.011458
0 0.414125 0.370312 0.003750 0.006250
0 0.401250 0.375781 0.008000 0.017188
0 0.407750 0.374219 0.005000 0.010937
0 0.391000 0.284375 0.006000 0.009375
0 0.399750 0.176302 0.005000 0.013021
0 0.398500 0.163802 0.005000 0.010937
0 0.391750 0.127083 0.004000 0.015625
0 0.396375 0.097917 0.002250 0.009375
0 0.394750 0.097396 0.003000 0.012500
0 0.365500 0.055208 0.006500 0.012500
0 0.375125 0.018229 0.003250 0.010417
0 0.376875 0.020052 0.002750 0.008854
0 0.382500 0.053646 0.003500 0.010417
0 0.380625 0.052344 0.003750 0.009896
0 0.448000 0.620573 0.004500 0.009896
0 0.450250 0.592969 0.004500 0.011979
0 0.447000 0.588021 0.003500 0.011458
0 0.451500 0.584115 0.004500 0.010937
0 0.452375 0.574479 0.003750 0.011458
0 0.451625 0.565885 0.003250 0.011979
0 0.452375 0.550781 0.003750 0.013021
0 0.446125 0.533854 0.005750 0.015625
0 0.451625 0.517708 0.006250 0.009375
0 0.450875 0.499219 0.003250 0.015104
0 0.454625 0.502344 0.003250 0.014063
0 0.453000 0.487760 0.005000 0.011979
0 0.459250 0.421875 0.005500 0.012500
0 0.457625 0.442448 0.006250 0.011979
0 0.458125 0.455208 0.003250 0.010417
0 0.456625 0.452865 0.004750 0.009896
0 0.465875 0.463021 0.004250 0.016667
0 0.435125 0.375521 0.005750 0.015625
0 0.469625 0.395052 0.003250 0.011979
0 0.468625 0.404948 0.001750 0.009896
0 0.471375 0.410417 0.004250 0.013542
0 0.475500 0.358073 0.005500 0.015104
0 0.474625 0.341406 0.004250 0.013021
0 0.480375 0.326042 0.003750 0.010417
0 0.480250 0.333594 0.003500 0.005729
0 0.440750 0.340104 0.005000 0.010417
0 0.401875 0.341146 0.002250 0.012500
0 0.404375 0.340625 0.002250 0.011458
0 0.460875 0.113281 0.006750 0.013021
0 0.485750 0.159896 0.004500 0.014583
0 0.513500 0.148958 0.005500 0.013542
0 0.504875 0.061979 0.007750 0.011458
0 0.467750 0.632292 0.006500 0.012500
0 0.460125 0.625521 0.004750 0.008333
0 0.481875 0.592187 0.004750 0.010417
0 0.524750 0.482031 0.005000 0.013021
0 0.518500 0.455469 0.005000 0.011979
0 0.510250 0.432812 0.005000 0.014583
0 0.525375 0.447656 0.006250 0.010937
0 0.539750 0.436979 0.005500 0.007292
0 0.522750 0.419271 0.005000 0.013542
0 0.527750 0.424479 0.006500 0.006250
0 0.530375 0.435677 0.004250 0.010937
0 0.530625 0.429427 0.006750 0.005729
0 0.537000 0.412760 0.004500 0.011979
0 0.536250 0.421615 0.005000 0.008854
0 0.533375 0.420833 0.002750 0.010417
0 0.530500 0.355729 0.004500 0.012500
0 0.510250 0.406250 0.005500 0.008333
0 0.561875 0.310937 0.007250 0.009375
0 0.562000 0.289323 0.005500 0.011979
0 0.541250 0.314844 0.006000 0.011979
0 0.572250 0.277083 0.004500 0.011458
0 0.574375 0.356250 0.009250 0.016667
0 0.550000 0.279687 0.005000 0.014583
0 0.609375 0.161198 0.003250 0.016146
0 0.622500 0.138542 0.007000 0.015625
0 0.595125 0.099219 0.006750 0.015104
0 0.619500 0.191667 0.007000 0.016667
0 0.602000 0.210938 0.005000 0.013542
0 0.603250 0.214062 0.004000 0.012500
0 0.598875 0.178385 0.005750 0.011979
0 0.679125 0.298177 0.007250 0.009896
0 0.698375 0.327604 0.006750 0.011458
0 0.703375 0.364583 0.006250 0.011458
0 0.657000 0.357031 0.008000 0.008854
0 0.659375 0.334896 0.005750 0.016667
0 0.616875 0.363802 0.005250 0.008854
0 0.647000 0.410156 0.006000 0.013021
0 0.651375 0.427344 0.006750 0.007812
0 0.661250 0.428385 0.004000 0.013021
0 0.672000 0.428906 0.004500 0.010937
0 0.668875 0.445833 0.004750 0.012500
0 0.666250 0.429948 0.004000 0.011979
0 0.639875 0.446615 0.006250 0.011979
0 0.635750 0.430469 0.004500 0.013021
0 0.673375 0.460156 0.005750 0.011979
0 0.669500 0.472656 0.005500 0.009896
0 0.665500 0.479427 0.002500 0.011979
0 0.664125 0.474219 0.004250 0.013021
0 0.654000 0.502865 0.005000 0.014063
0 0.622375 0.444010 0.007250 0.008854
0 0.626000 0.436458 0.006000 0.005208
0 0.625250 0.430990 0.005500 0.006771
0 0.599250 0.456250 0.006500 0.012500
0 0.612000 0.462500 0.005000 0.013542
0 0.595875 0.434115 0.006250 0.008854
0 0.590750 0.440365 0.005500 0.011979
0 0.573375 0.463021 0.006750 0.009375
0 0.602875 0.483073 0.006750 0.007812
0 0.606875 0.473438 0.005250 0.009375
0 0.605500 0.469531 0.005000 0.007812
0 0.618625 0.520312 0.005750 0.012500
0 0.604750 0.528385 0.007500 0.008854
0 0.591375 0.531250 0.006750 0.008333
0 0.590875 0.545573 0.006250 0.008854
0 0.582375 0.554167 0.003750 0.009375
0 0.579250 0.552083 0.002500 0.015625
0 0.576375 0.553125 0.003750 0.012500
0 0.595500 0.492188 0.004000 0.012500
0 0.589250 0.492969 0.004500 0.011979
0 0.590500 0.499479 0.006500 0.005208
0 0.585625 0.508854 0.004750 0.012500
0 0.584125 0.495052 0.004750 0.006771
0 0.585000 0.500000 0.003500 0.009375
0 0.557500 0.576042 0.006000 0.012500
0 0.552125 0.559375 0.006750 0.013542
0 0.532500 0.554427 0.004500 0.009896
0 0.536625 0.585156 0.006750 0.011979
0 0.529125 0.587500 0.006250 0.007292
0 0.529500 0.597135 0.006000 0.009896
0 0.520625 0.614323 0.005750 0.011979
0 0.519000 0.628906 0.006500 0.009896
0 0.516625 0.645052 0.006250 0.014063
0 0.496000 0.649219 0.006000 0.009896
0 0.560625 0.637240 0.004250 0.010937
0 0.565000 0.561198 0.006000 0.008854
0 0.562250 0.540365 0.004500 0.013021
0 0.563000 0.528646 0.004000 0.010417
0 0.566000 0.536198 0.003500 0.008854
0 0.570000 0.526563 0.004500 0.010417
0 0.566375 0.527604 0.003250 0.005208
0 0.569375 0.533073 0.003750 0.007812
0 0.712000 0.683073 0.007000 0.010937
0 0.642250 0.686458 0.005500 0.007292
0 0.672000 0.857812 0.006000 0.010417
0 0.062750 0.637240 0.007500 0.010937
0 0.239750 0.625000 0.007000 0.012500
0 0.784625 0.846875 0.013250 0.027083
0 0.888625 0.350521 0.006750 0.011458
0 0.876625 0.244792 0.004750 0.011458
0 0.887500 0.076042 0.005500 0.010417
0 0.804000 0.060417 0.005500 0.012500
