0 0.015365 0.323000 0.011979 0.006500
0 0.015365 0.358250 0.010937 0.006500
0 0.011458 0.402875 0.011458 0.004750
0 0.023438 0.408875 0.010417 0.005250
0 0.033333 0.410750 0.011458 0.005000
0 0.058073 0.412250 0.008854 0.007000
0 0.063542 0.433250 0.010417 0.004500
0 0.092188 0.424125 0.010417 0.005750
0 0.106510 0.434875 0.009896 0.003250
0 0.119271 0.436750 0.008333 0.004500
0 0.063542 0.395500 0.011458 0.005500
0 0.051562 0.391125 0.009375 0.005250
0 0.090625 0.398125 0.008333 0.002750
0 0.082031 0.401500 0.009896 0.005000
0 0.060417 0.377875 0.010417 0.004250
0 0.048958 0.376375 0.006250 0.004750
0 0.066406 0.386250 0.006771 0.005500
0 0.057812 0.384000 0.010417 0.006000
0 0.004167 0.353375 0.008333 0.004750
0 0.003646 0.346625 0.007292 0.005250
0 0.122135 0.448000 0.009896 0.005000
0 0.118229 0.460625 0.011458 0.004750
0 0.124219 0.472625 0.010937 0.004250
0 0.147656 0.466875 0.010937 0.003750
0 0.184375 0.493375 0.009375 0.004250
0 0.181510 0.489375 0.010937 0.003750
0 0.281771 0.446500 0.011458 0.004500
0 0.262760 0.456250 0.006771 0.005000
0 0.273177 0.427250 0.009896 0.004500
0 0.281510 0.421875 0.008854 0.005750
0 0.281510 0.412125 0.010937 0.005750
0 0.254167 0.413375 0.006250 0.004750
0 0.238281 0.406875 0.013021 0.004250
0 0.244271 0.397375 0.011458 0.003750
0 0.290885 0.385000 0.009896 0.005000
0 0.313802 0.383250 0.009896 0.004500
0 0.310156 0.375125 0.007812 0.006750
0 0.296094 0.378625 0.009896 0.005750
0 0.282031 0.376500 0.011979 0.005500
0 0.262240 0.371000 0.010937 0.004500
0 0.235417 0.371125 0.005208 0.006250
0 0.227083 0.364500 0.009375 0.004000
0 0.228646 0.367875 0.009375 0.002750
0 0.269792 0.348750 0.010417 0.006000
0 0.287760 0.335375 0.007812 0.006250
0 0.317969 0.333250 0.008854 0.003500
0 0.341927 0.340250 0.009896 0.006000
0 0.329167 0.362375 0.007292 0.005250
0 0.323177 0.362500 0.008854 0.005000
0 0.304427 0.346500 0.011979 0.006000
0 0.332813 0.321375 0.012500 0.005750
0 0.342187 0.307000 0.009375 0.005500
0 0.318750 0.304375 0.009375 0.005250
0 0.230208 0.299250 0.009375 0.005500
0 0.258073 0.287500 0.007812 0.006500
0 0.287240 0.269000 0.007812 0.006000
0 0.299219 0.262375 0.009896 0.005250
0 0.359635 0.269250 0.009896 0.007000
0 0.335938 0.274625 0.011458 0.006250
0 0.175000 0.260000 0.012500 0.006500
0 0.261198 0.264750 0.014063 0.004000
0 0.261198 0.237500 0.014063 0.003500
0 0.286979 0.210875 0.008333 0.006750
0 0.232031 0.212875 0.007812 0.006750
0 0.177083 0.222750 0.008333 0.006500
0 0.291406 0.253875 0.007812 0.005750
0 0.292969 0.251000 0.008854 0.005000
0 0.180729 0.195000 0.006250 0.006500
0 0.169531 0.194000 0.010937 0.007000
0 0.172656 0.144125 0.008854 0.006250
0 0.199479 0.129375 0.008333 0.006750
0 0.165104 0.140250 0.008333 0.003500
0 0.309635 0.147750 0.006771 0.006500
0 0.264062 0.192375 0.007292 0.006250
0 0.269010 0.190500 0.013021 0.005000
0 0.284635 0.089750 0.013021 0.008000
0 0.299740 0.072500 0.008854 0.006500
0 0.084375 0.078500 0.009375 0.004500
0 0.514583 0.445500 0.011458 0.006000
0 0.533333 0.448750 0.012500 0.005000
0 0.516146 0.458625 0.010417 0.003750
0 0.461979 0.473125 0.011458 0.004750
0 0.409115 0.457625 0.010937 0.003750
0 0.404687 0.487375 0.011458 0.003750
0 0.429948 0.487750 0.007812 0.003500
0 0.398958 0.475875 0.011458 0.006250
0 0.411979 0.480000 0.010417 0.004500
0 0.530729 0.417000 0.013542 0.005500
0 0.553906 0.425875 0.007812 0.006250
0 0.567969 0.421750 0.013021 0.006000
0 0.580469 0.415500 0.010937 0.005000
0 0.609375 0.415125 0.011458 0.005750
0 0.542969 0.387000 0.010937 0.004500
0 0.557292 0.385625 0.012500 0.005750
0 0.610156 0.397000 0.009896 0.005500
0 0.598437 0.399500 0.011458 0.003500
0 0.548958 0.405750 0.009375 0.004500
0 0.559375 0.405625 0.011458 0.004250
0 0.576042 0.373375 0.007292 0.007250
0 0.586458 0.371500 0.012500 0.006000
0 0.642708 0.382625 0.007292 0.005750
0 0.642188 0.373000 0.011458 0.005000
0 0.669010 0.372250 0.010937 0.006500
0 0.703125 0.374250 0.015625 0.005500
0 0.769531 0.362875 0.010937 0.006250
0 0.711979 0.404750 0.010417 0.005500
0 0.698698 0.353500 0.011979 0.007000
0 0.647135 0.339750 0.013021 0.005000
0 0.657031 0.353000 0.013021 0.006000
0 0.688542 0.367125 0.008333 0.004750
0 0.697135 0.363250 0.014063 0.005500
0 0.713281 0.338250 0.008854 0.007000
0 0.727865 0.339500 0.009896 0.004500
0 0.741406 0.338250 0.008854 0.006000
0 0.738802 0.329625 0.008854 0.005750
0 0.752083 0.329750 0.009375 0.006000
0 0.763542 0.329250 0.010417 0.004500
0 0.779427 0.331375 0.007812 0.006250
0 0.688021 0.319125 0.011458 0.004750
0 0.717187 0.319125 0.013542 0.004750
0 0.730469 0.316500 0.009896 0.004000
0 0.763281 0.320000 0.006771 0.005000
0 0.774479 0.320375 0.013542 0.007250
0 0.780990 0.301625 0.008854 0.006750
0 0.763802 0.297750 0.009896 0.005500
0 0.725521 0.284875 0.011458 0.005750
0 0.733594 0.304375 0.009896 0.003250
0 0.734115 0.306750 0.010937 0.002500
0 0.730469 0.311875 0.009896 0.004750
0 0.771354 0.263500 0.011458 0.004500
0 0.679688 0.264625 0.012500 0.004250
0 0.754687 0.240250 0.011458 0.006500
0 0.685677 0.256375 0.013021 0.004750
0 0.687500 0.260500 0.012500 0.003500
0 0.803125 0.231875 0.012500 0.004750
0 0.841406 0.223750 0.014063 0.006000
0 0.890104 0.217625 0.012500 0.005750
0 0.900260 0.223750 0.011979 0.006500
0 0.857812 0.241250 0.011458 0.006500
0 0.861198 0.248000 0.014063 0.004500
0 0.898958 0.294125 0.012500 0.004750
0 0.903646 0.280875 0.010417 0.005750
0 0.917187 0.283500 0.012500 0.003500
0 0.928906 0.281375 0.010937 0.006250
0 0.867969 0.279000 0.008854 0.007500
0 0.853125 0.286625 0.009375 0.007750
0 0.841406 0.282375 0.011979 0.006750
0 0.825260 0.279500 0.010937 0.008500
0 0.852865 0.312875 0.017188 0.010750
0 0.875781 0.257750 0.006771 0.007500
0 0.885417 0.258750 0.010417 0.006500
0 0.984896 0.245125 0.008333 0.006750
0 0.913802 0.257875 0.005729 0.007250
0 0.930990 0.258375 0.009896 0.004750
0 0.923958 0.260500 0.012500 0.006500
0 0.888021 0.481125 0.013542 0.004750
0 0.857812 0.491875 0.007292 0.006250
0 0.867448 0.497750 0.007812 0.005500
0 0.871094 0.493500 0.007812 0.005000
0 0.880469 0.505750 0.013021 0.005000
0 0.864844 0.519750 0.013021 0.007000
0 0.839323 0.519250 0.008854 0.007500
0 0.805729 0.517250 0.013542 0.004000
0 0.754167 0.514000 0.014583 0.004500
0 0.778125 0.516500 0.021875 0.008000
0 0.782031 0.533750 0.011979 0.006500
0 0.795833 0.532875 0.012500 0.004750
0 0.843750 0.533625 0.011458 0.004250
0 0.866406 0.533250 0.011979 0.006500
0 0.883854 0.534750 0.013542 0.004500
0 0.887240 0.547625 0.014063 0.004750
0 0.907813 0.545375 0.010417 0.004250
0 0.914844 0.552625 0.010937 0.005750
0 0.920573 0.559625 0.013021 0.005750
0 0.829167 0.549500 0.012500 0.005500
0 0.809635 0.551500 0.009896 0.005500
0 0.803385 0.557625 0.010937 0.006750
0 0.738542 0.551625 0.011458 0.003250
0 0.726562 0.545750 0.009375 0.003000
0 0.694010 0.536000 0.010937 0.006500
0 0.701302 0.547250 0.014063 0.004000
0 0.476302 0.544000 0.016146 0.005500
0 0.560677 0.551875 0.007812 0.004750
0 0.907813 0.533375 0.011458 0.004750
0 0.915625 0.527750 0.011458 0.005500
0 0.908594 0.511500 0.009896 0.007000
0 0.952865 0.519125 0.010937 0.005750
0 0.964323 0.527250 0.013021 0.003500
0 0.976562 0.533375 0.009375 0.005750
0 0.942708 0.533000 0.013542 0.003500
0 0.942448 0.543625 0.013021 0.004250
0 0.932292 0.501875 0.011458 0.004750
0 0.965885 0.496250 0.013021 0.004000
0 0.965365 0.500625 0.011979 0.004250
0 0.981510 0.507250 0.010937 0.005500
0 0.931771 0.521750 0.010417 0.003500
0 0.935937 0.525375 0.013542 0.003750
0 0.986719 0.528875 0.011979 0.004250
0 0.994010 0.535750 0.009896 0.004500
0 0.989062 0.166000 0.013542 0.006000
0 0.483073 0.616625 0.009896 0.004750
0 0.492708 0.622375 0.011458 0.006250
0 0.576302 0.627125 0.011979 0.005250
0 0.598177 0.629375 0.011979 0.005250
0 0.608073 0.625125 0.009896 0.005250
0 0.691146 0.648500 0.013542 0.005500
0 0.663281 0.647125 0.011979 0.006250
0 0.626302 0.654125 0.011979 0.006750
0 0.737240 0.646500 0.009896 0.006000
0 0.739583 0.658625 0.014583 0.006250
0 0.731771 0.674625 0.011458 0.004750
0 0.741667 0.632250 0.012500 0.006000
0 0.810677 0.641000 0.010937 0.004500
0 0.819531 0.641375 0.006771 0.005750
0 0.822656 0.645375 0.009896 0.005750
0 0.848177 0.675375 0.009896 0.004250
0 0.854948 0.673250 0.009896 0.006500
0 0.866146 0.673750 0.010417 0.006500
0 0.911979 0.678250 0.015625 0.008500
0 0.949219 0.666500 0.007812 0.004500
0 0.958333 0.663500 0.011458 0.003000
0 0.959375 0.668000 0.006250 0.006500
0 0.968229 0.728500 0.010417 0.006500
0 0.905469 0.744250 0.013021 0.006000
0 0.920573 0.760125 0.013021 0.004750
0 0.857031 0.762750 0.009896 0.005000
0 0.857812 0.749500 0.010417 0.003500
0 0.839062 0.734250 0.008333 0.007500
0 0.928125 0.716000 0.011458 0.007000
0 0.852344 0.701875 0.010937 0.008250
0 0.904167 0.784000 0.008333 0.004000
0 0.919792 0.782000 0.011458 0.004500
0 0.976823 0.789875 0.018229 0.007750
0 0.978385 0.699375 0.017188 0.006750
0 0.903385 0.606125 0.007812 0.003250
0 0.599219 0.936750 0.008854 0.008000
0 0.633333 0.932125 0.014583 0.004750
0 0.735938 0.953000 0.014583 0.006500
0 0.715365 0.919750 0.017188 0.007000
0 0.786979 0.902250 0.010417 0.007000
0 0.759896 0.900875 0.011458 0.005750
0 0.762240 0.897625 0.009896 0.005750
0 0.646354 0.831625 0.011458 0.006750
0 0.619010 0.869000 0.015104 0.008000
0 0.653906 0.867875 0.019271 0.008250
0 0.558333 0.860375 0.011458 0.007750
0 0.556771 0.849500 0.012500 0.005500
0 0.567448 0.829750 0.008854 0.007000
0 0.532031 0.834250 0.014063 0.006000
0 0.482552 0.845500 0.014063 0.006500
0 0.538021 0.800500 0.013542 0.006500
0 0.544792 0.776875 0.010417 0.005250
0 0.592187 0.770500 0.008333 0.006500
0 0.570052 0.767250 0.009896 0.006500
0 0.634896 0.798500 0.009375 0.006500
0 0.601823 0.811750 0.009896 0.004500
0 0.613281 0.813875 0.009896 0.007250
0 0.517708 0.798625 0.012500 0.005250
0 0.506510 0.799875 0.013021 0.009250
0 0.507812 0.760875 0.009375 0.008250
0 0.523438 0.754625 0.010417 0.006750
0 0.541146 0.746625 0.007292 0.005750
0 0.535156 0.744500 0.006771 0.006000
0 0.466927 0.746625 0.011979 0.007750
0 0.492448 0.739000 0.014063 0.005000
0 0.441927 0.742375 0.009896 0.005750
0 0.433594 0.740250 0.010937 0.005000
0 0.412240 0.736625 0.009896 0.006750
0 0.407552 0.720750 0.014063 0.006500
0 0.429167 0.689500 0.014583 0.007000
0 0.402344 0.685875 0.008854 0.005250
0 0.405469 0.690250 0.011979 0.003500
0 0.463021 0.704500 0.013542 0.010500
0 0.346615 0.629250 0.011979 0.006500
0 0.371615 0.663375 0.013021 0.004750
0 0.367188 0.679000 0.014583 0.007000
0 0.372135 0.634000 0.008854 0.006500
0 0.380729 0.644375 0.009375 0.005250
0 0.376042 0.576750 0.010417 0.007500
0 0.410677 0.596750 0.008854 0.005000
0 0.392708 0.593250 0.016667 0.006500
0 0.404167 0.559000 0.010417 0.004000
0 0.224219 0.789250 0.014063 0.006000
0 0.249219 0.820125 0.011979 0.006250
0 0.252083 0.826625 0.012500 0.007250
0 0.278125 0.732125 0.009375 0.007750
0 0.259375 0.737125 0.009375 0.006250
0 0.264062 0.730500 0.008333 0.007500
0 0.243750 0.763250 0.007292 0.005000
0 0.244010 0.769375 0.009896 0.006750
