0 0.408000 0.965104 0.007000 0.010417
0 0.421250 0.950781 0.004000 0.010937
0 0.427875 0.944271 0.006250 0.010417
0 0.387875 0.978125 0.003250 0.011458
0 0.386875 0.970052 0.004750 0.008854
0 0.443125 0.875521 0.004750 0.008333
0 0.435125 0.876563 0.002750 0.010417
0 0.433000 0.874479 0.002500 0.010417
0 0.417875 0.865104 0.005250 0.007292
0 0.399500 0.851302 0.007500 0.009896
0 0.378000 0.864323 0.004000 0.013021
0 0.402000 0.822917 0.003500 0.010417
0 0.401250 0.837240 0.003500 0.013021
0 0.408125 0.834375 0.004250 0.009375
0 0.404250 0.831250 0.004500 0.009375
0 0.397125 0.831250 0.005750 0.010417
0 0.382125 0.825781 0.007750 0.009896
0 0.390125 0.811198 0.003250 0.011979
0 0.383375 0.810156 0.004250 0.010937
0 0.380875 0.800260 0.005750 0.007812
0 0.377125 0.785156 0.004750 0.013021
0 0.374000 0.780469 0.003500 0.013021
0 0.358000 0.773177 0.007000 0.007812
0 0.362250 0.757031 0.006500 0.006771
0 0.362375 0.751563 0.005250 0.005208
0 0.337750 0.783333 0.006500 0.008333
0 0.347500 0.827344 0.005000 0.011979
0 0.348500 0.782552 0.005500 0.006771
0 0.348500 0.777604 0.005500 0.006250
0 0.323125 0.813542 0.005750 0.010417
0 0.326000 0.757812 0.006000 0.007292
0 0.328875 0.753906 0.006250 0.006771
0 0.326875 0.746094 0.006250 0.008854
0 0.342125 0.704427 0.006250 0.008854
0 0.306375 0.718490 0.006250 0.007812
0 0.296625 0.714323 0.006750 0.007812
0 0.296500 0.696354 0.005500 0.008333
0 0.283250 0.695052 0.003500 0.014063
0 0.270375 0.722917 0.006750 0.007292
0 0.271875 0.709115 0.005250 0.011979
0 0.250375 0.796875 0.006250 0.009375
0 0.275250 0.736979 0.004500 0.010417
0 0.279250 0.737500 0.003500 0.012500
0 0.276875 0.732552 0.005750 0.005729
0 0.262375 0.699219 0.003750 0.010937
0 0.258375 0.691667 0.006250 0.007292
0 0.272125 0.681771 0.004750 0.011458
0 0.292250 0.704688 0.005000 0.005208
0 0.292500 0.701823 0.006000 0.005729
0 0.223750 0.645312 0.006500 0.013542
0 0.255750 0.641927 0.006500 0.010937
0 0.438500 0.806510 0.006000 0.010937
0 0.445250 0.795833 0.004500 0.010417
0 0.440875 0.769010 0.005750 0.007812
0 0.436875 0.769792 0.003250 0.012500
0 0.415500 0.706510 0.004500 0.013021
0 0.405125 0.690365 0.003750 0.010937
0 0.422750 0.665885 0.004500 0.009896
0 0.379125 0.673958 0.006250 0.007292
0 0.412250 0.613021 0.005500 0.008333
0 0.392375 0.606771 0.004750 0.009375
0 0.383500 0.607812 0.004000 0.010417
0 0.376375 0.605729 0.004750 0.010417
0 0.380250 0.605208 0.003500 0.008333
0 0.377500 0.586719 0.003500 0.013021
0 0.361875 0.567448 0.002750 0.013021
0 0.368125 0.593490 0.003750 0.010937
0 0.369625 0.592187 0.002250 0.008333
0 0.393000 0.553646 0.005000 0.007292
0 0.406625 0.550260 0.004750 0.011979
0 0.399750 0.516667 0.005000 0.008333
0 0.380750 0.549479 0.005500 0.011458
0 0.368000 0.546354 0.006500 0.010417
0 0.376000 0.530208 0.006000 0.010417
0 0.383875 0.495052 0.004750 0.006771
0 0.378125 0.490885 0.005750 0.007812
0 0.364000 0.510417 0.006000 0.010417
0 0.362375 0.495573 0.006250 0.011979
0 0.363000 0.521875 0.005000 0.009375
0 0.358125 0.516146 0.003750 0.009375
0 0.359500 0.512760 0.004000 0.008854
0 0.353375 0.507031 0.002250 0.009896
0 0.355250 0.506771 0.002500 0.011458
0 0.339750 0.550521 0.003000 0.011458
0 0.343875 0.551823 0.005250 0.010937
0 0.305500 0.505208 0.004500 0.012500
0 0.320375 0.497917 0.004750 0.011458
0 0.334000 0.499219 0.004000 0.011979
0 0.323375 0.482552 0.003750 0.013021
0 0.327125 0.470312 0.005250 0.011458
0 0.318375 0.474479 0.005750 0.009375
0 0.315625 0.488021 0.006750 0.008333
0 0.304625 0.478906 0.008250 0.009896
0 0.327125 0.504948 0.004750 0.007812
0 0.328250 0.502083 0.004500 0.009375
0 0.290500 0.494792 0.005000 0.013542
0 0.331125 0.441146 0.006750 0.009375
0 0.345875 0.441667 0.003750 0.014583
0 0.349250 0.434375 0.003500 0.013542
0 0.328625 0.416667 0.005750 0.010417
0 0.306125 0.413021 0.005750 0.011458
0 0.301875 0.417708 0.005750 0.010417
0 0.312625 0.402604 0.004750 0.009375
0 0.313500 0.400260 0.005000 0.007812
0 0.317500 0.383854 0.004000 0.006250
0 0.319000 0.380990 0.005000 0.009896
0 0.305500 0.374219 0.003000 0.011979
0 0.303000 0.374219 0.002500 0.013021
0 0.329500 0.359635 0.003000 0.015104
0 0.344125 0.342708 0.005750 0.011458
0 0.331625 0.325521 0.003250 0.014583
0 0.327625 0.316927 0.003250 0.011979
0 0.363000 0.300260 0.005000 0.013021
0 0.355500 0.328385 0.002500 0.011979
0 0.353500 0.327604 0.002500 0.014583
0 0.370875 0.347917 0.005250 0.007292
0 0.376500 0.343229 0.004000 0.014583
0 0.360125 0.350260 0.003250 0.008854
0 0.355750 0.355208 0.003500 0.010417
0 0.358375 0.355469 0.004750 0.010937
0 0.354125 0.386198 0.004250 0.013021
0 0.358875 0.404948 0.002750 0.010937
0 0.363750 0.401823 0.002500 0.013021
0 0.361500 0.392188 0.003500 0.011458
0 0.370000 0.389844 0.005000 0.006771
0 0.372750 0.380208 0.004000 0.010417
0 0.376500 0.382031 0.003500 0.010937
0 0.380000 0.380208 0.004500 0.010417
0 0.388375 0.420052 0.006750 0.008854
0 0.373375 0.435156 0.005250 0.006771
0 0.370500 0.447135 0.004500 0.005729
0 0.370000 0.454687 0.005500 0.008333
0 0.361000 0.439323 0.006500 0.006771
0 0.359250 0.434375 0.005000 0.005208
0 0.372250 0.424479 0.003500 0.011458
0 0.373375 0.418490 0.003250 0.010937
0 0.379125 0.405208 0.003750 0.010417
0 0.381375 0.404167 0.004750 0.009375
0 0.379125 0.423437 0.004750 0.009375
0 0.381000 0.508073 0.004500 0.010937
0 0.391375 0.474479 0.003250 0.012500
0 0.396500 0.476823 0.004500 0.010937
0 0.396875 0.470833 0.005750 0.007292
0 0.381125 0.463542 0.004250 0.010417
0 0.376625 0.460677 0.004750 0.006771
0 0.381625 0.455208 0.005750 0.008333
0 0.396875 0.492708 0.004250 0.007292
0 0.374500 0.397135 0.005000 0.008854
0 0.355000 0.407552 0.003500 0.006771
0 0.395750 0.607812 0.002500 0.008333
0 0.397500 0.605990 0.004000 0.010937
0 0.446875 0.736458 0.004250 0.007292
0 0.500625 0.793490 0.004250 0.017188
0 0.498250 0.636979 0.004000 0.014583
0 0.519375 0.603906 0.005750 0.010937
0 0.514625 0.590104 0.004250 0.009375
0 0.513375 0.587760 0.003750 0.007812
0 0.542125 0.576562 0.007250 0.014583
0 0.536625 0.639583 0.006750 0.013542
0 0.491000 0.519271 0.003500 0.010417
0 0.489375 0.528906 0.002750 0.009896
0 0.490750 0.527865 0.003000 0.011979
0 0.490250 0.499219 0.004500 0.013021
0 0.479000 0.469271 0.004500 0.013542
0 0.521875 0.505990 0.002750 0.009896
0 0.523250 0.504427 0.004000 0.010937
0 0.482125 0.384635 0.004750 0.013021
0 0.497000 0.366927 0.004000 0.013021
0 0.488750 0.271094 0.005000 0.013021
0 0.480125 0.222396 0.003750 0.009375
0 0.492750 0.194792 0.003000 0.013542
0 0.545250 0.290365 0.005000 0.011979
0 0.546375 0.288021 0.003250 0.008333
0 0.557750 0.436198 0.005500 0.007812
0 0.553625 0.432812 0.002750 0.011458
0 0.541250 0.774479 0.005000 0.008333
0 0.544750 0.766927 0.004500 0.011979
0 0.563875 0.751302 0.002750 0.010937
0 0.565125 0.744792 0.004250 0.007292
0 0.562375 0.719271 0.005750 0.008333
0 0.571500 0.700781 0.005000 0.010937
0 0.580250 0.711198 0.003000 0.013021
0 0.583375 0.736719 0.003250 0.007812
0 0.580875 0.736198 0.003750 0.008854
0 0.586125 0.710677 0.002250 0.010937
0 0.584125 0.710938 0.002250 0.012500
0 0.591250 0.702865 0.003000 0.009896
0 0.593375 0.704167 0.003250 0.010417
0 0.587125 0.691146 0.004250 0.007292
0 0.588000 0.702083 0.003000 0.008333
0 0.586375 0.700781 0.003250 0.008854
0 0.607625 0.692969 0.002750 0.009896
0 0.594250 0.695312 0.002500 0.009375
0 0.587625 0.679427 0.003250 0.011979
0 0.561750 0.697396 0.008000 0.013542
0 0.605125 0.681510 0.003750 0.009896
0 0.602625 0.682813 0.003250 0.010417
0 0.610000 0.670833 0.002500 0.008333
0 0.608125 0.670833 0.002250 0.009375
0 0.602625 0.665885 0.004250 0.008854
0 0.600750 0.651563 0.004500 0.011458
0 0.595375 0.604688 0.003250 0.011458
0 0.609500 0.629687 0.007000 0.008333
0 0.641375 0.651823 0.004750 0.011979
0 0.637875 0.631250 0.006750 0.013542
0 0.638000 0.434375 0.004500 0.012500
0 0.628250 0.437240 0.005500 0.010937
0 0.590875 0.786458 0.003250 0.012500
0 0.610375 0.754427 0.005250 0.008854
0 0.551250 0.613021 0.003500 0.010417
0 0.733250 0.621875 0.005000 0.013542
0 0.779250 0.525781 0.006500 0.011979
