0 0.195125 0.978125 0.006750 0.013542
0 0.278250 0.954688 0.007000 0.017708
0 0.276500 0.954167 0.010500 0.019792
0 0.320625 0.989844 0.010750 0.017188
0 0.281000 0.905729 0.008500 0.017708
0 0.296500 0.915104 0.009000 0.016667
0 0.322000 0.920312 0.005500 0.017708
0 0.339750 0.925000 0.007000 0.014583
0 0.360875 0.928385 0.006250 0.011979
0 0.357250 0.896354 0.009500 0.013542
0 0.357750 0.877604 0.008500 0.012500
0 0.354250 0.883333 0.006500 0.012500
0 0.321875 0.844271 0.008250 0.016667
0 0.323625 0.844531 0.010750 0.015104
0 0.304250 0.847917 0.006500 0.014583
0 0.286250 0.858073 0.011500 0.015104
0 0.261625 0.853646 0.006250 0.012500
0 0.253000 0.785156 0.008000 0.014063
0 0.291500 0.840104 0.006500 0.017708
0 0.354000 0.841146 0.007000 0.021875
0 0.348750 0.817969 0.010500 0.015104
0 0.390125 0.822917 0.013250 0.019792
0 0.380500 0.899479 0.007500 0.020833
0 0.385125 0.890365 0.008250 0.025521
0 0.395375 0.880469 0.008750 0.020313
0 0.420750 0.852604 0.006500 0.020833
0 0.428750 0.850000 0.011000 0.026042
0 0.430375 0.857292 0.009750 0.018750
0 0.433125 0.844792 0.005750 0.015625
0 0.482000 0.702604 0.008500 0.021875
0 0.484625 0.689063 0.005750 0.016667
0 0.461250 0.703646 0.007000 0.014583
0 0.440125 0.668229 0.005250 0.016667
0 0.443000 0.618229 0.008000 0.017708
0 0.429125 0.596875 0.007250 0.013542
0 0.431500 0.594010 0.006500 0.014063
0 0.431875 0.577604 0.006750 0.019792
0 0.402500 0.617969 0.008500 0.016146
0 0.386250 0.585156 0.005000 0.014063
0 0.393750 0.592969 0.008500 0.018229
0 0.392250 0.581250 0.005000 0.011458
0 0.389500 0.570833 0.007500 0.015625
0 0.400875 0.567187 0.005250 0.012500
0 0.402625 0.575781 0.005750 0.011979
0 0.404000 0.586979 0.005500 0.010417
0 0.408500 0.582552 0.005000 0.013021
0 0.405125 0.594792 0.005250 0.009375
0 0.411625 0.550521 0.004750 0.018750
0 0.417500 0.522396 0.004500 0.012500
0 0.349500 0.537240 0.006000 0.015104
0 0.353000 0.523958 0.006000 0.014583
0 0.395500 0.459635 0.006000 0.011979
0 0.384500 0.449219 0.008000 0.015104
0 0.374125 0.452604 0.005750 0.014583
0 0.373875 0.438542 0.005750 0.015625
0 0.371375 0.420833 0.006250 0.015625
0 0.387000 0.387760 0.005000 0.013021
0 0.360375 0.354687 0.007250 0.017708
0 0.362875 0.347135 0.005250 0.015104
0 0.353500 0.381510 0.007000 0.013021
0 0.333375 0.371094 0.005750 0.014063
0 0.324250 0.371354 0.005500 0.013542
0 0.335000 0.336458 0.006000 0.011458
0 0.295250 0.336198 0.007000 0.010937
0 0.289000 0.446875 0.006000 0.014583
0 0.310250 0.258854 0.008000 0.018750
0 0.309125 0.260417 0.007250 0.015625
0 0.247000 0.269792 0.007000 0.017708
0 0.220125 0.270833 0.008250 0.012500
0 0.221250 0.271615 0.007000 0.016146
0 0.255125 0.132552 0.010250 0.014063
0 0.547000 0.035417 0.005500 0.014583
0 0.562500 0.055469 0.004500 0.016146
0 0.548750 0.100260 0.006500 0.014063
0 0.560875 0.112760 0.004750 0.017188
0 0.559750 0.111198 0.007500 0.018229
0 0.571000 0.114323 0.005500 0.015104
0 0.494750 0.107552 0.006500 0.013021
0 0.539125 0.191146 0.008250 0.019792
0 0.555375 0.240104 0.005250 0.013542
0 0.537500 0.326042 0.005000 0.014583
0 0.521500 0.371615 0.005500 0.014063
0 0.535750 0.433073 0.005500 0.014063
0 0.521375 0.480729 0.007250 0.010417
0 0.543875 0.519010 0.008750 0.018229
0 0.539125 0.479948 0.007750 0.019271
0 0.540000 0.472656 0.006000 0.015104
0 0.521750 0.609635 0.006000 0.014063
0 0.528625 0.610677 0.005750 0.011979
0 0.451125 0.639583 0.006250 0.010417
0 0.455250 0.652604 0.007500 0.012500
0 0.544125 0.647917 0.005750 0.017708
0 0.546625 0.639583 0.004250 0.014583
0 0.541000 0.708594 0.006500 0.015104
0 0.508125 0.766667 0.005750 0.015625
0 0.532625 0.764062 0.003250 0.009375
0 0.537500 0.770573 0.006000 0.013021
0 0.553250 0.772656 0.005000 0.013021
0 0.576250 0.737500 0.006500 0.017708
0 0.621375 0.640885 0.004250 0.015104
0 0.625875 0.635677 0.004250 0.014063
0 0.603250 0.817448 0.006500 0.014063
0 0.623625 0.813542 0.006750 0.017708
0 0.634625 0.820833 0.007250 0.014583
0 0.622625 0.779167 0.005750 0.010417
0 0.651000 0.817969 0.006000 0.014063
0 0.653500 0.856250 0.006500 0.013542
0 0.654125 0.864323 0.005250 0.013021
0 0.658250 0.909375 0.005000 0.015625
0 0.662625 0.859896 0.006750 0.012500
0 0.664625 0.887760 0.007250 0.011979
0 0.681500 0.921875 0.005500 0.013542
0 0.689500 0.918229 0.007000 0.015625
0 0.685000 0.853125 0.007500 0.014583
0 0.701750 0.873437 0.005000 0.014583
0 0.681625 0.821354 0.003250 0.010417
0 0.705500 0.836719 0.003000 0.009896
0 0.710750 0.875000 0.004000 0.010417
0 0.717625 0.878385 0.005750 0.013021
0 0.719000 0.895052 0.004000 0.013021
0 0.712625 0.862240 0.004750 0.016146
0 0.736875 0.882552 0.006250 0.017188
0 0.740500 0.880208 0.007500 0.015625
0 0.746125 0.877344 0.004750 0.015104
0 0.748875 0.886198 0.005750 0.014063
0 0.739500 0.847396 0.006500 0.012500
0 0.740500 0.838802 0.005000 0.011979
0 0.744500 0.848958 0.005000 0.013542
0 0.744875 0.829427 0.004250 0.013021
0 0.755000 0.850000 0.005000 0.009375
0 0.768375 0.875000 0.005250 0.014583
0 0.774125 0.858594 0.003250 0.011979
0 0.787750 0.841406 0.006000 0.015104
0 0.800875 0.883073 0.005250 0.013021
0 0.679125 0.517708 0.006750 0.013542
0 0.679250 0.520312 0.008500 0.012500
0 0.676500 0.501042 0.005500 0.012500
0 0.695250 0.491146 0.006500 0.016667
0 0.709375 0.410417 0.007750 0.013542
0 0.708000 0.424479 0.007500 0.009375
0 0.719875 0.467708 0.005750 0.008333
0 0.714000 0.436979 0.006000 0.013542
0 0.739750 0.438802 0.004000 0.009896
0 0.746625 0.468229 0.004750 0.007292
0 0.752125 0.353646 0.007250 0.014583
0 0.763125 0.424740 0.006250 0.017188
0 0.783625 0.258594 0.006250 0.011979
0 0.801750 0.250000 0.007500 0.014583
0 0.832375 0.296094 0.004750 0.009896
