0 0.116146 0.629625 0.019792 0.008250
0 0.204948 0.628125 0.011979 0.004750
0 0.214583 0.632125 0.010417 0.003750
0 0.311458 0.669875 0.012500 0.004750
0 0.310677 0.666500 0.014063 0.004500
0 0.328385 0.670625 0.013021 0.004250
0 0.325000 0.666500 0.012500 0.004500
0 0.323958 0.662750 0.012500 0.003500
0 0.347656 0.678375 0.013021 0.003750
0 0.340885 0.674125 0.009896 0.004750
0 0.344010 0.663750 0.015104 0.005500
0 0.366146 0.663500 0.011458 0.005500
0 0.367188 0.659875 0.009375 0.006250
0 0.384896 0.669875 0.009375 0.004750
0 0.388802 0.668750 0.009896 0.007000
0 0.398958 0.670125 0.012500 0.005750
0 0.379688 0.649875 0.014583 0.004250
0 0.358594 0.646500 0.011979 0.003500
0 0.365885 0.644375 0.010937 0.004250
0 0.404427 0.646250 0.015104 0.006500
0 0.333854 0.542250 0.021875 0.005500
0 0.287760 0.512625 0.009896 0.006750
0 0.283073 0.508250 0.009896 0.008000
0 0.284896 0.499625 0.010417 0.007750
0 0.246875 0.447250 0.013542 0.010000
0 0.207292 0.404750 0.009375 0.006000
0 0.214323 0.403500 0.013021 0.009000
0 0.122396 0.292125 0.015625 0.007250
0 0.123177 0.285000 0.013021 0.008500
0 0.129948 0.284250 0.010937 0.010000
0 0.085417 0.247375 0.009375 0.010250
0 0.077344 0.247125 0.007812 0.010250
0 0.011198 0.200250 0.020313 0.009500
0 0.020052 0.155750 0.022396 0.010500
0 0.207031 0.354375 0.010937 0.004250
0 0.205990 0.351250 0.015104 0.005500
0 0.222656 0.351750 0.015104 0.005500
0 0.225260 0.348875 0.010937 0.004250
0 0.234375 0.399750 0.011458 0.006000
0 0.251042 0.414750 0.012500 0.006500
0 0.254948 0.412375 0.009896 0.005750
0 0.257031 0.429625 0.010937 0.007750
0 0.318229 0.496250 0.015625 0.005000
0 0.461719 0.653000 0.010937 0.009500
0 0.549479 0.519375 0.012500 0.008250
0 0.542188 0.516250 0.010417 0.005500
0 0.629427 0.315125 0.023438 0.008250
0 0.697656 0.295500 0.009896 0.008000
0 0.691667 0.294625 0.012500 0.008750
0 0.579167 0.239500 0.017708 0.010000
0 0.729948 0.152375 0.018229 0.009750
0 0.744531 0.181625 0.009896 0.011250
0 0.756771 0.180625 0.016667 0.004250
0 0.754948 0.176375 0.018229 0.004750
0 0.762240 0.120500 0.021354 0.008500
0 0.786979 0.098625 0.012500 0.010250
0 0.723177 0.071875 0.019271 0.006750
0 0.655208 0.004875 0.013542 0.009250
0 0.817969 0.124875 0.015104 0.008750
0 0.824219 0.123000 0.011979 0.007000
0 0.797917 0.162125 0.011458 0.009750
0 0.801823 0.168875 0.015104 0.008250
0 0.767969 0.233500 0.023438 0.008000
0 0.673698 0.378250 0.008854 0.007000
0 0.678646 0.377250 0.011458 0.007000
0 0.567187 0.555125 0.008333 0.007750
0 0.573177 0.555000 0.006771 0.005500
0 0.507292 0.640000 0.012500 0.008000
0 0.550260 0.647625 0.014063 0.005750
0 0.577083 0.639500 0.014583 0.006500
0 0.629948 0.623625 0.010937 0.003250
0 0.629427 0.620250 0.014063 0.003500
0 0.719531 0.582125 0.014063 0.006750
0 0.715104 0.578750 0.012500 0.007000
0 0.731510 0.555250 0.013021 0.006000
0 0.815885 0.535750 0.009896 0.009000
0 0.836979 0.543125 0.011458 0.005250
0 0.835677 0.540125 0.014063 0.006250
0 0.860677 0.529250 0.014063 0.006000
0 0.877083 0.528500 0.015625 0.006500
0 0.872135 0.524625 0.017188 0.004750
0 0.912760 0.530875 0.022396 0.005750
0 0.883594 0.536625 0.015104 0.003250
0 0.885937 0.539875 0.018750 0.003750
0 0.876823 0.507000 0.020313 0.005000
0 0.947917 0.509875 0.022917 0.005250
0 0.984896 0.500500 0.015625 0.005500
0 0.971354 0.460250 0.019792 0.005500
0 0.993229 0.451125 0.012500 0.006250
0 0.992708 0.444250 0.013542 0.006000
0 0.966406 0.401125 0.018229 0.005250
0 0.776563 0.598500 0.009375 0.005500
0 0.771354 0.596750 0.011458 0.007500
0 0.713281 0.613750 0.008854 0.005000
0 0.707031 0.613000 0.008854 0.006500
0 0.627865 0.640625 0.006771 0.004250
0 0.622917 0.639875 0.009375 0.006750
0 0.555208 0.666000 0.016667 0.005500
0 0.544271 0.673250 0.011458 0.008000
0 0.530990 0.673000 0.013021 0.006500
0 0.532813 0.678375 0.014583 0.004750
0 0.536198 0.697500 0.016146 0.003500
0 0.536198 0.700750 0.016146 0.003000
0 0.536198 0.703500 0.017188 0.003500
0 0.540365 0.708000 0.015104 0.006000
0 0.552865 0.718000 0.009896 0.007500
0 0.562240 0.746875 0.011979 0.006250
0 0.658073 0.724625 0.015104 0.008750
0 0.994271 0.760375 0.010417 0.006750
0 0.971875 0.789250 0.010417 0.009000
0 0.984896 0.788750 0.012500 0.007500
0 0.404687 0.715750 0.010417 0.006500
