0 0.694531 0.460625 0.008854 0.005750
0 0.661458 0.469875 0.011458 0.004250
0 0.681771 0.478125 0.012500 0.002750
0 0.683594 0.481625 0.011979 0.002750
0 0.641406 0.479875 0.009896 0.003750
0 0.665104 0.479000 0.009375 0.003500
0 0.780729 0.473500 0.013542 0.003000
0 0.832552 0.477250 0.011979 0.003500
0 0.875781 0.461625 0.009896 0.006250
0 0.973437 0.402000 0.015625 0.004500
0 0.942969 0.495000 0.014063 0.004500
0 0.477083 0.476125 0.010417 0.002750
0 0.499219 0.458625 0.007812 0.004750
0 0.500260 0.452500 0.006771 0.004000
0 0.421354 0.436250 0.012500 0.003500
0 0.526823 0.412000 0.007812 0.006500
0 0.561719 0.409250 0.008854 0.005500
0 0.535677 0.400125 0.013021 0.003250
0 0.542448 0.406625 0.009896 0.003750
0 0.588802 0.388125 0.013021 0.003750
0 0.619271 0.371375 0.013542 0.003750
0 0.606510 0.373750 0.010937 0.005500
0 0.609375 0.361375 0.014583 0.004750
0 0.639583 0.359750 0.011458 0.005500
0 0.650521 0.358250 0.012500 0.005500
0 0.683333 0.343500 0.014583 0.006500
0 0.751302 0.362875 0.015104 0.003750
0 0.774219 0.371625 0.013021 0.004750
0 0.799219 0.358375 0.010937 0.004250
0 0.878125 0.338000 0.015625 0.004500
0 0.868750 0.310000 0.010417 0.006500
0 0.778906 0.328250 0.019271 0.004500
0 0.777604 0.323375 0.014583 0.004750
0 0.790625 0.315500 0.012500 0.004500
0 0.770052 0.306000 0.011979 0.003000
0 0.775260 0.309250 0.006771 0.005500
0 0.784115 0.308125 0.010937 0.003750
0 0.780469 0.312375 0.014063 0.004250
0 0.828906 0.302500 0.014063 0.007000
0 0.820573 0.298250 0.013021 0.006000
0 0.808333 0.297750 0.014583 0.004500
0 0.792448 0.295125 0.005729 0.007250
0 0.801562 0.294875 0.008333 0.006250
0 0.816406 0.291125 0.014063 0.005250
0 0.821875 0.286625 0.015625 0.003750
0 0.910156 0.271625 0.007812 0.007250
0 0.948437 0.254375 0.014583 0.004250
0 0.615625 0.418875 0.012500 0.004250
0 0.595573 0.424375 0.013021 0.005750
0 0.651302 0.416125 0.011979 0.004750
0 0.577865 0.426750 0.011979 0.005500
0 0.439062 0.523375 0.006250 0.005750
0 0.490885 0.514875 0.006771 0.005750
0 0.497135 0.512000 0.009896 0.004000
0 0.509375 0.518750 0.006250 0.005500
0 0.512240 0.513750 0.009896 0.005000
0 0.571615 0.526875 0.011979 0.003250
0 0.562760 0.554375 0.010937 0.003750
0 0.576562 0.556875 0.010417 0.004250
0 0.587760 0.562250 0.009896 0.003000
0 0.589583 0.565500 0.010417 0.003500
0 0.635677 0.541125 0.010937 0.003250
0 0.625521 0.545500 0.007292 0.006500
0 0.610677 0.531375 0.010937 0.005750
0 0.622917 0.529500 0.009375 0.005000
0 0.651302 0.573125 0.011979 0.005250
0 0.654687 0.566000 0.006250 0.005000
0 0.660677 0.562000 0.009896 0.005000
0 0.672917 0.552500 0.012500 0.006500
0 0.631510 0.580875 0.011979 0.003750
0 0.685937 0.576000 0.006250 0.006500
0 0.691927 0.576750 0.004687 0.006000
0 0.702865 0.577500 0.009896 0.006000
0 0.714063 0.584500 0.009375 0.006500
0 0.778646 0.575500 0.006250 0.006000
0 0.802604 0.560625 0.014583 0.003750
0 0.739844 0.607750 0.008854 0.007000
0 0.948698 0.631500 0.009896 0.007000
0 0.845313 0.660250 0.013542 0.005500
0 0.907292 0.685250 0.013542 0.006000
0 0.909896 0.716875 0.012500 0.004750
0 0.434375 0.367625 0.008333 0.007250
0 0.430469 0.323125 0.015104 0.003250
0 0.430729 0.334625 0.008333 0.006250
0 0.447656 0.336875 0.013021 0.003750
0 0.445052 0.331625 0.010937 0.003250
0 0.436198 0.328875 0.011979 0.003250
0 0.453385 0.329000 0.008854 0.006000
0 0.451302 0.313250 0.015104 0.005500
0 0.460938 0.305500 0.008333 0.006500
0 0.439062 0.298875 0.007292 0.007250
0 0.420573 0.293125 0.011979 0.006750
0 0.426302 0.275875 0.013021 0.006250
0 0.479687 0.257125 0.013542 0.008250
0 0.501302 0.246625 0.015104 0.005250
0 0.575781 0.228625 0.007812 0.007250
0 0.612760 0.216750 0.008854 0.006500
0 0.462240 0.227000 0.015104 0.004500
0 0.504948 0.235125 0.009896 0.006250
0 0.515365 0.233875 0.011979 0.005250
0 0.433073 0.208500 0.016146 0.005500
0 0.486198 0.173875 0.007812 0.008250
0 0.498958 0.157625 0.014583 0.004750
0 0.521615 0.163750 0.010937 0.009000
0 0.555729 0.170250 0.010417 0.007500
0 0.558594 0.164000 0.013021 0.004000
0 0.538542 0.138500 0.015625 0.004000
0 0.571875 0.128375 0.009375 0.008250
0 0.538802 0.106500 0.008854 0.006500
0 0.541667 0.114875 0.011458 0.005750
0 0.587240 0.119250 0.015104 0.004000
0 0.591667 0.123250 0.008333 0.004500
0 0.345573 0.419125 0.008854 0.005250
0 0.327344 0.406250 0.010937 0.004000
0 0.287760 0.400000 0.015104 0.003500
0 0.206771 0.423000 0.016667 0.005000
0 0.255208 0.347500 0.013542 0.004500
0 0.223958 0.262000 0.012500 0.006500
0 0.209375 0.266750 0.014583 0.004000
0 0.212760 0.263000 0.007812 0.006000
0 0.171875 0.204750 0.014583 0.004000
0 0.512500 0.634500 0.009375 0.007000
0 0.511719 0.648375 0.010937 0.007250
0 0.461198 0.635000 0.010937 0.004500
0 0.440104 0.625875 0.013542 0.004750
0 0.436198 0.709250 0.007812 0.006000
0 0.490625 0.704750 0.013542 0.005500
0 0.489583 0.719000 0.015625 0.006000
0 0.533594 0.797375 0.013021 0.007250
0 0.558854 0.799500 0.010417 0.005500
0 0.573698 0.786500 0.013021 0.006000
0 0.586719 0.807250 0.007812 0.007000
0 0.592448 0.804625 0.014063 0.005750
0 0.654167 0.873625 0.011458 0.006750
0 0.494792 0.612250 0.008333 0.005500
0 0.484375 0.608625 0.007292 0.007250
0 0.427604 0.599375 0.009375 0.003750
0 0.441667 0.597125 0.011458 0.005250
0 0.452865 0.594875 0.010937 0.004250
0 0.275260 0.620750 0.009896 0.006000
0 0.186979 0.605375 0.016667 0.007250
0 0.251302 0.850625 0.009896 0.006750
0 0.206771 0.792000 0.015625 0.006000
0 0.502865 0.190625 0.008854 0.007250
0 0.511198 0.192375 0.007812 0.006250
0 0.512760 0.184750 0.010937 0.006500
0 0.522917 0.188875 0.010417 0.006250
0 0.535417 0.188000 0.017708 0.007000
0 0.753125 0.172875 0.012500 0.007250
0 0.846094 0.058375 0.009896 0.005250
0 0.808333 0.058500 0.013542 0.005000
0 0.933073 0.057375 0.008854 0.007250
0 0.951302 0.053625 0.010937 0.005750
0 0.861198 0.083375 0.008854 0.004750
0 0.794531 0.130500 0.013021 0.006500
0 0.752604 0.199250 0.012500 0.006500
0 0.970833 0.301875 0.018750 0.005250
0 0.361198 0.450250 0.007812 0.005000
0 0.430469 0.019375 0.010937 0.004750
