0 0.404250 0.442448 0.004500 0.010937
0 0.400500 0.482552 0.003500 0.011979
0 0.404625 0.551042 0.003750 0.010417
0 0.452250 0.628646 0.004000 0.016667
0 0.463250 0.449740 0.004000 0.015104
0 0.465625 0.436198 0.007250 0.011979
0 0.471750 0.379688 0.006500 0.014583
0 0.472500 0.364063 0.008500 0.012500
0 0.463000 0.333594 0.004500 0.018229
0 0.473125 0.301302 0.003750 0.014063
0 0.489000 0.279687 0.003500 0.014583
0 0.486500 0.237240 0.004000 0.011979
0 0.465000 0.212240 0.004500 0.013021
0 0.450750 0.189062 0.005000 0.013542
0 0.453750 0.184375 0.003000 0.011458
0 0.451125 0.172396 0.003750 0.013542
0 0.453000 0.136979 0.004500 0.016667
0 0.479125 0.160156 0.006750 0.015104
0 0.477625 0.802344 0.005750 0.010937
0 0.469625 0.800000 0.005250 0.009375
0 0.500125 0.644792 0.004750 0.014583
0 0.485125 0.555729 0.006250 0.010417
0 0.510000 0.578906 0.005000 0.016146
0 0.522750 0.511198 0.002500 0.014063
0 0.525000 0.510677 0.002500 0.011979
0 0.544250 0.479167 0.006500 0.013542
0 0.538000 0.440885 0.004000 0.014063
0 0.535125 0.404167 0.005250 0.012500
0 0.564750 0.332031 0.004000 0.014063
0 0.561625 0.349740 0.003250 0.010937
0 0.557375 0.353646 0.002750 0.010417
0 0.559250 0.355990 0.003000 0.011979
0 0.571250 0.299219 0.006000 0.016146
0 0.549750 0.320052 0.005500 0.016146
0 0.568750 0.285417 0.006000 0.008333
0 0.570875 0.276823 0.006750 0.010937
0 0.575500 0.279687 0.003500 0.013542
0 0.577375 0.272656 0.005750 0.009896
0 0.575875 0.263802 0.004250 0.015104
0 0.572500 0.257552 0.004000 0.013021
0 0.579375 0.233594 0.006250 0.014063
0 0.579125 0.219792 0.003750 0.013542
0 0.581875 0.200260 0.005750 0.010937
0 0.594000 0.188021 0.007000 0.011458
0 0.529250 0.727604 0.003500 0.016667
0 0.555500 0.713021 0.005500 0.013542
0 0.574375 0.660677 0.004750 0.013021
0 0.568250 0.652083 0.005500 0.014583
0 0.541375 0.675781 0.004750 0.009896
0 0.575375 0.616146 0.004250 0.010417
0 0.583000 0.604427 0.007000 0.009896
0 0.589625 0.598698 0.004750 0.014063
0 0.559875 0.632292 0.005750 0.012500
0 0.547125 0.657292 0.006750 0.013542
0 0.567500 0.612760 0.005000 0.009896
0 0.594250 0.569531 0.007000 0.017188
0 0.607500 0.538542 0.002500 0.011458
0 0.611875 0.538021 0.006750 0.010417
0 0.597750 0.533333 0.003500 0.011458
0 0.628500 0.529687 0.005500 0.014583
0 0.618875 0.525781 0.006250 0.007812
0 0.622625 0.521875 0.006250 0.008333
0 0.615250 0.516927 0.003500 0.013021
0 0.609125 0.506771 0.005250 0.011458
0 0.618500 0.502865 0.004500 0.011979
0 0.628375 0.498177 0.004250 0.014063
0 0.623000 0.497135 0.005500 0.013021
0 0.649125 0.523958 0.005250 0.013542
0 0.645875 0.512240 0.003250 0.013021
0 0.634125 0.472396 0.007250 0.013542
0 0.625000 0.461198 0.006000 0.014063
0 0.642000 0.438021 0.006500 0.014583
0 0.640125 0.465104 0.004750 0.012500
0 0.636375 0.462500 0.003750 0.011458
0 0.696000 0.447656 0.006000 0.015104
0 0.621375 0.416146 0.005250 0.008333
0 0.660500 0.380990 0.005500 0.016146
0 0.681000 0.327344 0.003500 0.009896
0 0.678750 0.326562 0.003000 0.013542
0 0.778625 0.564063 0.005750 0.015625
0 0.730625 0.701302 0.006250 0.014063
0 0.699250 0.639062 0.009000 0.010417
0 0.678875 0.696354 0.004750 0.014583
0 0.692875 0.737240 0.007250 0.013021
0 0.694125 0.723177 0.004750 0.014063
0 0.698375 0.720573 0.004250 0.011979
0 0.614625 0.675260 0.006750 0.014063
0 0.609375 0.700521 0.009250 0.008333
0 0.598250 0.666667 0.007000 0.008333
0 0.627500 0.633594 0.004500 0.011979
0 0.625625 0.631250 0.003250 0.010417
0 0.589125 0.689063 0.005750 0.013542
0 0.573625 0.736458 0.005750 0.014583
0 0.568875 0.753646 0.005250 0.013542
0 0.564875 0.733073 0.006250 0.011979
0 0.561375 0.752865 0.007250 0.013021
0 0.593500 0.775521 0.006500 0.007292
0 0.592875 0.783854 0.008750 0.009375
0 0.565125 0.788281 0.005750 0.013021
0 0.565125 0.801042 0.006750 0.009375
0 0.551000 0.782031 0.007500 0.008854
0 0.537750 0.802604 0.007000 0.010417
0 0.548375 0.810937 0.007250 0.008333
0 0.552875 0.799219 0.005750 0.011979
0 0.574750 0.711198 0.006500 0.014063
0 0.615750 0.854427 0.004500 0.015104
0 0.616000 0.906510 0.004000 0.006771
0 0.617375 0.912760 0.004750 0.010937
