0 0.549125 0.710417 0.004750 0.012500
0 0.553750 0.758073 0.006000 0.007812
0 0.558250 0.772135 0.006000 0.008854
0 0.552750 0.769792 0.004000 0.009375
0 0.550500 0.782292 0.004000 0.013542
0 0.545750 0.794010 0.006000 0.007812
0 0.542375 0.805729 0.004250 0.014583
0 0.510250 0.844271 0.007000 0.009375
0 0.505750 0.809115 0.004500 0.014063
0 0.504250 0.857552 0.003500 0.013021
0 0.499875 0.856250 0.005750 0.009375
0 0.478000 0.854948 0.007500 0.008854
0 0.485875 0.887500 0.006250 0.007292
0 0.486250 0.895312 0.007500 0.009375
0 0.464875 0.897917 0.007250 0.012500
0 0.489875 0.805469 0.006250 0.011979
0 0.512500 0.803385 0.006000 0.008854
0 0.512250 0.798177 0.006500 0.006771
0 0.515000 0.766927 0.002500 0.004687
0 0.511375 0.769531 0.004750 0.009896
0 0.536375 0.615365 0.006750 0.007812
0 0.531750 0.587240 0.004000 0.008854
0 0.514500 0.609635 0.005500 0.008854
0 0.498500 0.585156 0.007000 0.011979
0 0.482125 0.600000 0.006750 0.008333
0 0.487375 0.601823 0.004750 0.005729
0 0.487250 0.607552 0.006000 0.006771
0 0.468875 0.613542 0.007250 0.009375
0 0.458375 0.603385 0.007250 0.007812
0 0.453250 0.601302 0.004500 0.006771
0 0.453500 0.596354 0.005500 0.007292
0 0.450000 0.627083 0.007000 0.006250
0 0.450250 0.632812 0.005500 0.006250
0 0.452875 0.681510 0.005250 0.008854
0 0.461750 0.663021 0.007000 0.013542
0 0.470000 0.632812 0.005000 0.006250
0 0.470000 0.625260 0.007000 0.009896
0 0.472750 0.602344 0.004000 0.005729
0 0.473125 0.598437 0.006250 0.007292
0 0.468125 0.581250 0.003250 0.011458
0 0.459625 0.578125 0.006250 0.008333
0 0.464125 0.575260 0.003250 0.007812
0 0.449125 0.576562 0.006250 0.007292
0 0.420750 0.544271 0.006000 0.008333
0 0.388125 0.526823 0.006250 0.009896
0 0.385500 0.551042 0.006000 0.011458
0 0.381625 0.542188 0.005250 0.007292
0 0.381500 0.644010 0.007500 0.010937
0 0.428875 0.633333 0.005250 0.014583
0 0.389375 0.628646 0.006250 0.011458
0 0.394125 0.627865 0.006750 0.013021
0 0.360500 0.616146 0.009500 0.012500
0 0.346125 0.596615 0.004250 0.014063
0 0.340375 0.595313 0.007250 0.008333
0 0.353000 0.578385 0.008500 0.013021
0 0.336375 0.548698 0.006250 0.014063
0 0.306000 0.545833 0.004500 0.011458
0 0.309125 0.530990 0.007250 0.013021
0 0.324375 0.533073 0.007250 0.016146
0 0.576625 0.572656 0.005250 0.008854
0 0.543750 0.536458 0.006000 0.009375
0 0.530375 0.525000 0.003250 0.008333
0 0.533625 0.520312 0.004250 0.010417
0 0.536750 0.526823 0.003000 0.007812
0 0.537875 0.524479 0.003750 0.009375
0 0.516875 0.521354 0.006750 0.011458
0 0.500375 0.508333 0.004750 0.010417
0 0.488125 0.485937 0.006750 0.008333
0 0.492875 0.461979 0.005750 0.013542
0 0.487375 0.458594 0.004750 0.004687
0 0.486750 0.454427 0.004500 0.003646
0 0.475250 0.472396 0.005000 0.005208
0 0.476250 0.466927 0.005500 0.007812
0 0.450250 0.447135 0.005000 0.005729
0 0.450375 0.441927 0.006750 0.005729
0 0.439375 0.455469 0.004750 0.004687
0 0.440250 0.449740 0.006000 0.006771
0 0.346625 0.386198 0.007750 0.008854
0 0.388250 0.376823 0.006000 0.014063
0 0.408250 0.334115 0.007500 0.013021
0 0.409250 0.318229 0.003500 0.008333
0 0.328000 0.334896 0.007000 0.010417
0 0.345375 0.278906 0.010750 0.019271
0 0.357375 0.252083 0.007250 0.012500
0 0.309625 0.246094 0.005750 0.013021
0 0.314500 0.304688 0.006500 0.008333
0 0.315250 0.297396 0.007000 0.007292
0 0.262375 0.136458 0.007250 0.014583
0 0.574750 0.395313 0.004000 0.011458
0 0.543750 0.388021 0.004500 0.008333
0 0.544875 0.385677 0.003750 0.006771
0 0.499500 0.298438 0.004000 0.008333
0 0.512250 0.253125 0.005500 0.008333
0 0.533000 0.263021 0.004000 0.008333
0 0.514875 0.240365 0.003750 0.010937
0 0.499750 0.240365 0.005500 0.009896
0 0.428250 0.027083 0.003000 0.008333
0 0.445875 0.046875 0.006250 0.009375
0 0.483750 0.070312 0.007000 0.012500
0 0.526750 0.050260 0.006000 0.013021
0 0.534750 0.206510 0.002500 0.010937
0 0.604000 0.409375 0.004000 0.008333
0 0.605625 0.406771 0.004750 0.010417
0 0.605875 0.388021 0.004250 0.009375
0 0.600125 0.378906 0.005250 0.010937
0 0.600625 0.368750 0.005250 0.009375
0 0.602625 0.355729 0.004250 0.013542
0 0.598375 0.316927 0.003250 0.008854
0 0.600500 0.315885 0.003500 0.010937
0 0.601000 0.301302 0.005500 0.010937
0 0.586125 0.299740 0.004750 0.007812
0 0.587375 0.297917 0.004250 0.009375
0 0.578250 0.254427 0.003500 0.008854
0 0.579625 0.253125 0.004750 0.009375
0 0.593125 0.230990 0.004750 0.010937
0 0.599875 0.231510 0.004750 0.008854
0 0.600875 0.229167 0.003750 0.009375
0 0.576875 0.210417 0.003750 0.012500
0 0.685625 0.376563 0.008750 0.011458
0 0.626250 0.234115 0.005500 0.009896
0 0.664375 0.259896 0.006250 0.015625
0 0.678375 0.238281 0.004250 0.006771
0 0.679875 0.234375 0.003750 0.009375
0 0.644625 0.121094 0.004250 0.006771
0 0.666375 0.145052 0.005750 0.011979
0 0.631375 0.095312 0.003750 0.008333
0 0.729875 0.255990 0.006250 0.009896
0 0.806000 0.259635 0.004500 0.007812
0 0.766250 0.179167 0.004000 0.006250
0 0.770000 0.171094 0.005000 0.011979
0 0.765000 0.166146 0.004000 0.008333
0 0.750375 0.155208 0.002750 0.012500
0 0.744500 0.160156 0.005000 0.003646
0 0.744750 0.164844 0.004500 0.004687
0 0.715375 0.183854 0.007250 0.015625
0 0.721250 0.131250 0.003000 0.012500
0 0.717250 0.128646 0.003500 0.011458
0 0.703500 0.121615 0.003500 0.010937
0 0.745250 0.126562 0.004500 0.007292
0 0.717875 0.102083 0.005250 0.007292
0 0.729250 0.072135 0.006000 0.008854
0 0.714500 0.062500 0.006000 0.007292
0 0.683250 0.047917 0.004500 0.008333
0 0.655875 0.020833 0.004250 0.007292
0 0.658375 0.006510 0.003750 0.007812
0 0.616750 0.009635 0.004000 0.006771
0 0.744875 0.013542 0.004250 0.010417
0 0.774500 0.045052 0.004500 0.009896
0 0.778375 0.009896 0.003250 0.010417
0 0.790125 0.079427 0.003750 0.007812
0 0.782875 0.005469 0.004250 0.010937
0 0.705000 0.204948 0.005000 0.004687
0 0.699500 0.203646 0.004000 0.006250
0 0.818250 0.100781 0.004000 0.009896
0 0.748625 0.004167 0.003750 0.008333
0 0.762375 0.133333 0.005750 0.008333
0 0.378000 0.101302 0.006000 0.011979
0 0.222875 0.329427 0.004750 0.009896
