0 0.154500 0.639323 0.006500 0.007812
0 0.390625 0.850521 0.004750 0.012500
0 0.449375 0.807552 0.004250 0.010937
0 0.445875 0.751823 0.002750 0.007812
0 0.496000 0.674219 0.003500 0.009896
0 0.508500 0.573438 0.006500 0.009375
0 0.279250 0.158594 0.006500 0.006771
0 0.334375 0.295052 0.005750 0.013021
0 0.369000 0.413021 0.005000 0.008333
0 0.374625 0.407812 0.004250 0.009375
0 0.378375 0.406771 0.004750 0.010417
0 0.477500 0.489583 0.006000 0.010417
0 0.465000 0.472135 0.005500 0.011979
0 0.464375 0.326302 0.004250 0.008854
0 0.467500 0.320312 0.005500 0.010417
0 0.473125 0.332031 0.004250 0.007812
0 0.479750 0.331510 0.006000 0.013021
0 0.450500 0.220312 0.005000 0.007292
0 0.554250 0.074219 0.004500 0.014063
0 0.570500 0.218490 0.003500 0.011979
0 0.550750 0.298177 0.005500 0.011979
0 0.556750 0.291146 0.006000 0.010417
0 0.563625 0.394010 0.005250 0.013021
0 0.607750 0.365365 0.003000 0.010937
0 0.736500 0.709896 0.004000 0.009375
