0 0.283854 0.587500 0.013542 0.004500
0 0.315885 0.602500 0.014063 0.004000
0 0.326042 0.599625 0.007292 0.004750
0 0.390625 0.602875 0.012500 0.004750
0 0.389844 0.590125 0.008854 0.005250
0 0.330208 0.566750 0.010417 0.004000
0 0.333073 0.565500 0.010937 0.005000
0 0.248438 0.533375 0.008333 0.006250
0 0.225000 0.526750 0.007292 0.005500
0 0.181771 0.510125 0.009375 0.004750
0 0.179948 0.513875 0.007812 0.006750
0 0.082552 0.468125 0.009896 0.006750
0 0.127344 0.477250 0.011979 0.004500
0 0.203646 0.500250 0.008333 0.005000
0 0.207292 0.500000 0.007292 0.004500
0 0.266406 0.516750 0.006771 0.002500
0 0.265625 0.514750 0.010417 0.002500
0 0.254688 0.525250 0.005208 0.005500
0 0.251042 0.524000 0.004167 0.003500
0 0.274219 0.533375 0.011979 0.003750
0 0.271875 0.531000 0.012500 0.002500
0 0.272135 0.528750 0.008854 0.002500
0 0.292187 0.536500 0.013542 0.004000
0 0.323958 0.544625 0.011458 0.002750
0 0.326562 0.547625 0.011458 0.004250
0 0.403906 0.538125 0.007812 0.006250
0 0.397917 0.532500 0.007292 0.006000
0 0.356510 0.512875 0.007812 0.006750
0 0.347135 0.505750 0.005729 0.006500
0 0.342448 0.506375 0.004687 0.004750
0 0.334115 0.481250 0.006771 0.007000
0 0.323958 0.483875 0.008333 0.004750
0 0.327865 0.482875 0.008854 0.005750
0 0.322917 0.471000 0.006250 0.005500
0 0.321354 0.476375 0.008333 0.004750
0 0.325521 0.476125 0.006250 0.005250
0 0.317448 0.464375 0.009896 0.005750
0 0.307812 0.467750 0.012500 0.003000
0 0.308854 0.459375 0.007292 0.006750
0 0.304427 0.455375 0.006771 0.006750
0 0.301042 0.460250 0.008333 0.006000
0 0.296094 0.464125 0.008854 0.004750
0 0.262760 0.448375 0.006771 0.004750
0 0.267188 0.447875 0.009375 0.006750
0 0.279427 0.437625 0.010937 0.005750
0 0.248438 0.338875 0.009375 0.005250
0 0.316406 0.448875 0.011979 0.003250
0 0.317708 0.451375 0.010417 0.003250
0 0.394010 0.514375 0.009896 0.003750
0 0.394792 0.512625 0.008333 0.003250
0 0.488802 0.544875 0.007812 0.005750
0 0.487500 0.537375 0.011458 0.003250
0 0.477604 0.535375 0.011458 0.003250
0 0.476562 0.533625 0.008333 0.002750
0 0.488802 0.521375 0.011979 0.004250
0 0.489323 0.515000 0.008854 0.005500
0 0.482031 0.514375 0.006771 0.005250
0 0.486719 0.511375 0.006771 0.005250
0 0.482292 0.510375 0.009375 0.004750
0 0.478646 0.509250 0.007292 0.004000
0 0.482031 0.496625 0.005729 0.004250
0 0.478385 0.495750 0.007812 0.005000
0 0.469010 0.481625 0.007812 0.007250
0 0.462760 0.476250 0.007812 0.006500
0 0.457031 0.476000 0.006771 0.005500
0 0.452865 0.466875 0.009896 0.006750
0 0.468490 0.459875 0.009896 0.006250
0 0.461458 0.460000 0.006250 0.006500
0 0.456250 0.460000 0.005208 0.005000
0 0.475521 0.439500 0.011458 0.006500
0 0.470052 0.414625 0.006771 0.005250
0 0.474740 0.414000 0.006771 0.007500
0 0.453906 0.318250 0.013021 0.005000
0 0.483333 0.321875 0.011458 0.005750
0 0.502083 0.461750 0.010417 0.003000
0 0.501823 0.464250 0.011979 0.003000
0 0.503646 0.470750 0.006250 0.006000
0 0.509635 0.468625 0.007812 0.002750
0 0.509635 0.470875 0.007812 0.003250
0 0.505469 0.479500 0.008854 0.005000
0 0.509896 0.478000 0.008333 0.004500
0 0.554167 0.501375 0.010417 0.003250
0 0.510156 0.510125 0.008854 0.003750
0 0.510677 0.507750 0.010937 0.003500
0 0.512760 0.505250 0.010937 0.003000
0 0.513021 0.524250 0.006250 0.006000
0 0.516927 0.523375 0.004687 0.005250
0 0.542969 0.536000 0.007812 0.005500
0 0.521615 0.540875 0.006771 0.005750
0 0.515625 0.540375 0.008333 0.004750
0 0.651302 0.510750 0.010937 0.005500
0 0.673177 0.509500 0.010937 0.003000
0 0.672656 0.506500 0.014063 0.004500
0 0.703906 0.503875 0.010937 0.005750
0 0.722917 0.491500 0.014583 0.004500
0 0.721615 0.488375 0.011979 0.004250
0 0.717969 0.484000 0.009896 0.006500
0 0.760938 0.443500 0.011458 0.007000
0 0.780729 0.441875 0.013542 0.005250
0 0.784375 0.444375 0.011458 0.007250
0 0.784115 0.461875 0.009896 0.006250
0 0.827604 0.445500 0.014583 0.005000
0 0.824479 0.442750 0.012500 0.006000
0 0.803906 0.439375 0.006771 0.005250
0 0.800521 0.438250 0.010417 0.007000
0 0.876042 0.411750 0.010417 0.006500
0 0.872396 0.411000 0.008333 0.005500
0 0.839062 0.458875 0.012500 0.005750
0 0.826302 0.461000 0.013021 0.005000
0 0.841146 0.471625 0.010417 0.006750
0 0.796094 0.480875 0.010937 0.004250
0 0.794271 0.479000 0.011458 0.005500
0 0.779167 0.482250 0.014583 0.005500
0 0.776042 0.500750 0.009375 0.006000
0 0.739323 0.513000 0.011979 0.005000
0 0.736719 0.511875 0.008854 0.003750
0 0.703906 0.519250 0.009896 0.006000
0 0.688802 0.523500 0.009896 0.005500
0 0.689323 0.532875 0.013021 0.003750
0 0.673438 0.531875 0.006250 0.004250
0 0.691406 0.528000 0.008854 0.005500
0 0.695573 0.525000 0.011979 0.004000
0 0.653906 0.585750 0.009896 0.005000
0 0.740104 0.598375 0.009375 0.007750
0 0.625260 0.637500 0.010937 0.005000
0 0.656250 0.643750 0.010417 0.005500
0 0.759115 0.646250 0.009896 0.006500
0 0.814323 0.648000 0.013021 0.004000
0 0.845833 0.659500 0.009375 0.008000
0 0.802604 0.658500 0.013542 0.005000
0 0.803906 0.656625 0.009896 0.003250
0 0.477083 0.145625 0.009375 0.007250
0 0.286719 0.335250 0.010937 0.007500
