0 0.435500 0.709635 0.005000 0.019271
0 0.367625 0.816406 0.004750 0.017188
0 0.364875 0.814323 0.003750 0.013021
0 0.339000 0.664062 0.008000 0.015625
0 0.369750 0.683333 0.004500 0.013542
0 0.378750 0.654167 0.005000 0.013542
0 0.261375 0.541667 0.005750 0.014583
0 0.257250 0.498698 0.006000 0.008854
0 0.326125 0.405208 0.005250 0.011458
0 0.265500 0.473177 0.004000 0.009896
0 0.263250 0.503906 0.006000 0.008854
0 0.265500 0.547917 0.005000 0.014583
0 0.395500 0.378906 0.006000 0.013021
0 0.390250 0.429688 0.006000 0.010417
0 0.386375 0.346875 0.007250 0.008333
0 0.353750 0.636719 0.005500 0.010937
0 0.535750 0.423958 0.006000 0.013542
0 0.557875 0.411458 0.005250 0.016667
0 0.576000 0.473177 0.005000 0.017188
0 0.555500 0.489323 0.006500 0.010937
0 0.482375 0.419792 0.004750 0.019792
0 0.513875 0.450260 0.005750 0.016146
0 0.502000 0.417708 0.005000 0.018750
0 0.504625 0.434375 0.005750 0.009375
0 0.507750 0.430990 0.005500 0.016146
0 0.519250 0.406771 0.008000 0.012500
0 0.518625 0.395833 0.005250 0.013542
0 0.519250 0.378906 0.005000 0.018229
0 0.484750 0.266667 0.008000 0.013542
0 0.523375 0.236719 0.006750 0.016146
0 0.515125 0.282552 0.006250 0.016146
0 0.514875 0.299479 0.006250 0.017708
0 0.574625 0.217188 0.006250 0.013542
0 0.575375 0.197917 0.003750 0.014583
0 0.572625 0.227865 0.004250 0.017188
0 0.563875 0.236979 0.005250 0.013542
0 0.558000 0.259115 0.009500 0.020313
0 0.507875 0.095573 0.008750 0.018229
0 0.557125 0.022656 0.006750 0.019271
0 0.580000 0.298958 0.004500 0.011458
0 0.581375 0.273438 0.003750 0.010417
0 0.577625 0.352604 0.006250 0.020833
0 0.593875 0.557292 0.006250 0.014583
0 0.598125 0.548698 0.005250 0.009896
0 0.599250 0.526563 0.005000 0.014583
0 0.596625 0.537500 0.004750 0.010417
0 0.619625 0.480469 0.009750 0.013021
0 0.612000 0.449740 0.004500 0.016146
0 0.611250 0.435156 0.004500 0.016146
0 0.620125 0.333594 0.006750 0.018229
0 0.633375 0.351562 0.006250 0.017708
0 0.649125 0.346875 0.004750 0.014583
0 0.649875 0.335938 0.008250 0.014583
0 0.655625 0.328385 0.006750 0.015104
0 0.677625 0.298177 0.008750 0.016146
0 0.656375 0.266927 0.005750 0.021354
0 0.647125 0.262760 0.009250 0.008854
0 0.610375 0.296615 0.004250 0.017188
0 0.614000 0.300521 0.005500 0.014583
0 0.609250 0.236979 0.006000 0.012500
0 0.643125 0.234115 0.008250 0.015104
0 0.647625 0.213802 0.006250 0.017188
0 0.641125 0.218750 0.003750 0.018750
0 0.636875 0.225781 0.004250 0.019271
0 0.623500 0.214062 0.003500 0.015625
0 0.625625 0.212760 0.003250 0.017188
0 0.600125 0.384635 0.006250 0.020313
0 0.738625 0.316406 0.004250 0.016146
0 0.735000 0.323177 0.005000 0.014063
0 0.708125 0.453125 0.004250 0.009375
0 0.704125 0.499219 0.008250 0.015104
