0 0.751125 0.338802 0.006250 0.014063
0 0.753625 0.385156 0.004250 0.011979
0 0.742875 0.393229 0.006250 0.012500
0 0.718500 0.380729 0.008500 0.014583
0 0.724125 0.333333 0.006750 0.017708
0 0.702000 0.320573 0.007500 0.016146
0 0.699875 0.295312 0.006250 0.016667
0 0.703500 0.288021 0.006500 0.015625
0 0.681250 0.279687 0.006000 0.014583
0 0.679375 0.298958 0.008250 0.013542
0 0.688500 0.330729 0.008500 0.012500
0 0.680875 0.337760 0.005750 0.011979
0 0.685625 0.345313 0.007750 0.012500
0 0.697250 0.359375 0.008000 0.017708
0 0.690750 0.365885 0.008000 0.011979
0 0.687375 0.378385 0.008250 0.013021
0 0.677500 0.366146 0.008500 0.010417
0 0.670250 0.355469 0.006500 0.013021
0 0.663125 0.305469 0.005750 0.019271
0 0.659375 0.328125 0.006250 0.016667
0 0.669500 0.341667 0.006000 0.011458
0 0.664625 0.352083 0.007250 0.011458
0 0.663625 0.343490 0.007750 0.011979
0 0.642250 0.329948 0.007000 0.015104
0 0.643375 0.341667 0.006250 0.011458
0 0.636000 0.339844 0.006500 0.013021
0 0.634375 0.333854 0.005250 0.013542
0 0.638500 0.333073 0.005500 0.015104
0 0.739875 0.627604 0.009250 0.018750
0 0.724875 0.598437 0.007250 0.014583
0 0.731500 0.599740 0.006000 0.014063
0 0.727375 0.642969 0.011250 0.018229
0 0.718250 0.640365 0.006000 0.016146
0 0.715750 0.649479 0.006000 0.010417
0 0.710750 0.663281 0.009000 0.015104
0 0.712375 0.677083 0.007250 0.012500
0 0.706500 0.646615 0.007500 0.011979
0 0.696125 0.639323 0.006250 0.017188
0 0.699000 0.629687 0.008000 0.016667
0 0.707125 0.623958 0.008750 0.017708
0 0.713125 0.627865 0.007250 0.013021
0 0.701250 0.611979 0.011000 0.015625
0 0.700250 0.598698 0.008000 0.016146
0 0.703125 0.582031 0.006250 0.015104
0 0.678875 0.590365 0.008250 0.010937
0 0.680125 0.571354 0.006750 0.014583
0 0.686625 0.572917 0.007250 0.017708
0 0.695875 0.520312 0.008750 0.012500
0 0.658375 0.538021 0.009750 0.012500
0 0.660625 0.537760 0.007250 0.015104
0 0.650750 0.540625 0.006000 0.017708
0 0.648875 0.526823 0.008250 0.020313
0 0.659625 0.523177 0.006250 0.014063
0 0.666625 0.490885 0.006250 0.016146
0 0.636125 0.483073 0.005250 0.016146
0 0.630625 0.484896 0.005250 0.014583
0 0.639625 0.460938 0.009250 0.015625
0 0.633875 0.444792 0.005750 0.011458
0 0.639250 0.419792 0.007000 0.011458
0 0.631500 0.422396 0.006000 0.013542
0 0.639375 0.709635 0.008250 0.019271
0 0.640125 0.709375 0.007250 0.019792
0 0.641250 0.757552 0.009000 0.017188
0 0.655125 0.782813 0.005250 0.016667
0 0.669125 0.817969 0.008250 0.014063
0 0.657750 0.887240 0.005000 0.014063
0 0.668875 0.939063 0.003750 0.011458
0 0.672250 0.931771 0.004500 0.015625
0 0.673750 0.971094 0.005500 0.015104
0 0.633375 0.813542 0.006250 0.021875
0 0.642125 0.814323 0.007750 0.014063
0 0.642500 0.803125 0.006500 0.017708
0 0.648000 0.805469 0.007500 0.014063
0 0.618000 0.703385 0.007500 0.013021
0 0.622375 0.710417 0.005750 0.016667
0 0.606625 0.695833 0.008250 0.015625
0 0.613000 0.682813 0.006500 0.014583
0 0.621500 0.670833 0.006500 0.017708
0 0.619750 0.635156 0.006500 0.019271
0 0.623000 0.631771 0.006000 0.018750
0 0.604500 0.674219 0.006000 0.016146
0 0.595125 0.639323 0.006750 0.013021
0 0.588500 0.628385 0.007000 0.015104
0 0.591625 0.564583 0.010750 0.017708
0 0.585625 0.553646 0.005250 0.016667
0 0.589125 0.550260 0.008750 0.016146
0 0.588875 0.541667 0.005750 0.015625
0 0.576500 0.548698 0.010500 0.020313
0 0.580500 0.519792 0.008500 0.019792
0 0.584500 0.520312 0.007000 0.016667
0 0.584875 0.520833 0.005750 0.012500
0 0.583375 0.489844 0.006250 0.015104
0 0.614250 0.448698 0.007000 0.016146
0 0.607750 0.439844 0.007000 0.017188
0 0.597375 0.451302 0.005250 0.011979
0 0.594500 0.413802 0.008500 0.014063
0 0.619500 0.426042 0.005000 0.017708
0 0.622125 0.413021 0.009250 0.021875
0 0.627625 0.418229 0.006750 0.017708
0 0.575375 0.434896 0.006750 0.015625
0 0.568750 0.516146 0.006000 0.016667
0 0.562250 0.490104 0.007000 0.016667
0 0.562375 0.494531 0.008250 0.016146
0 0.549875 0.456250 0.009250 0.016667
0 0.555000 0.458073 0.005000 0.015104
0 0.556250 0.448437 0.006000 0.011458
0 0.505125 0.461719 0.005250 0.014063
0 0.495000 0.471875 0.005000 0.012500
0 0.495500 0.482552 0.006000 0.015104
0 0.492375 0.501563 0.005250 0.010417
0 0.486250 0.535937 0.006500 0.014583
0 0.487625 0.525781 0.005250 0.009896
0 0.488875 0.568750 0.005750 0.015625
0 0.500375 0.602604 0.006750 0.014583
0 0.481000 0.617448 0.008000 0.014063
0 0.496250 0.632552 0.006500 0.014063
0 0.483375 0.561719 0.008250 0.008854
0 0.480625 0.577083 0.006250 0.009375
0 0.479500 0.588802 0.007000 0.010937
0 0.474000 0.621615 0.005500 0.009896
0 0.472750 0.633594 0.006500 0.009896
0 0.470500 0.642969 0.005500 0.011979
0 0.476250 0.655208 0.006500 0.014583
0 0.482375 0.647917 0.008250 0.014583
0 0.488625 0.652083 0.007750 0.011458
0 0.490250 0.657552 0.007000 0.013021
0 0.469875 0.693490 0.006750 0.014063
0 0.476125 0.726042 0.007250 0.020833
0 0.480000 0.728125 0.007000 0.013542
0 0.467500 0.754687 0.008000 0.017708
0 0.473875 0.761719 0.006250 0.019271
0 0.467375 0.790885 0.007250 0.016146
0 0.450750 0.764062 0.005500 0.016667
0 0.458625 0.703646 0.005250 0.017708
0 0.460750 0.692187 0.004500 0.011458
0 0.458250 0.779687 0.006500 0.013542
0 0.456500 0.769531 0.007000 0.017188
0 0.460000 0.818490 0.006500 0.013021
0 0.440625 0.777865 0.006250 0.014063
0 0.429625 0.809635 0.013250 0.011979
0 0.435625 0.805990 0.005250 0.010937
0 0.435125 0.823177 0.006250 0.013021
0 0.428500 0.824219 0.005500 0.017188
0 0.448750 0.841146 0.009000 0.017708
0 0.445000 0.854687 0.010000 0.014583
0 0.449375 0.863542 0.006750 0.015625
0 0.443000 0.898958 0.007000 0.013542
0 0.422750 0.895052 0.012000 0.015104
0 0.419750 0.858333 0.008000 0.017708
0 0.426125 0.869792 0.006250 0.017708
0 0.273625 0.655990 0.007750 0.014063
0 0.274500 0.634375 0.007000 0.015625
0 0.278500 0.609635 0.005000 0.016146
0 0.282375 0.612240 0.007750 0.015104
0 0.287125 0.598958 0.009250 0.013542
0 0.317125 0.592969 0.008750 0.015104
0 0.312625 0.560937 0.007750 0.014583
0 0.311500 0.544792 0.004500 0.013542
0 0.331500 0.518229 0.006000 0.011458
0 0.340500 0.500260 0.009500 0.015104
0 0.384375 0.501042 0.007250 0.010417
0 0.380250 0.485156 0.006500 0.014063
0 0.380000 0.465625 0.006500 0.011458
0 0.408375 0.484635 0.006750 0.016146
0 0.413500 0.449740 0.008500 0.016146
0 0.441125 0.426302 0.007250 0.015104
0 0.391625 0.452865 0.003750 0.010937
0 0.286875 0.483073 0.006250 0.018229
0 0.284250 0.439323 0.007000 0.018229
0 0.290375 0.439323 0.004750 0.011979
0 0.341000 0.435417 0.005500 0.011458
0 0.342500 0.441406 0.005500 0.010937
0 0.348875 0.439844 0.005250 0.010937
0 0.409375 0.361719 0.005250 0.016146
0 0.480625 0.372656 0.007250 0.018229
0 0.619000 0.803125 0.011500 0.017708
