0 0.214323 0.404500 0.018229 0.011500
0 0.212760 0.404750 0.013021 0.008000
0 0.243229 0.424375 0.010417 0.007750
0 0.244792 0.441125 0.025000 0.008250
0 0.245052 0.440375 0.017188 0.008750
0 0.264844 0.476125 0.015104 0.007250
0 0.264062 0.477750 0.020833 0.008000
0 0.414323 0.402000 0.018229 0.011500
0 0.580469 0.435875 0.015104 0.009250
0 0.766667 0.421000 0.018750 0.012000
0 0.293229 0.493750 0.017708 0.009000
0 0.288802 0.507000 0.020313 0.010500
0 0.479167 0.510250 0.027083 0.012500
0 0.608073 0.567750 0.027604 0.011000
0 0.338281 0.506250 0.007812 0.007500
0 0.346354 0.507750 0.008333 0.006000
0 0.362500 0.475625 0.017708 0.007250
0 0.349219 0.496125 0.014063 0.006250
0 0.345833 0.492125 0.008333 0.006750
0 0.348438 0.487250 0.008333 0.007500
0 0.353646 0.492000 0.010417 0.006500
0 0.357812 0.491000 0.007292 0.007500
0 0.380729 0.532250 0.014583 0.004000
0 0.388281 0.550375 0.011979 0.006250
0 0.447917 0.548750 0.016667 0.009500
0 0.445573 0.550375 0.015104 0.007250
0 0.423437 0.557875 0.011458 0.004750
0 0.437500 0.557875 0.009375 0.006750
0 0.431510 0.596000 0.013021 0.010000
0 0.443490 0.601375 0.014063 0.007750
0 0.434115 0.608875 0.016146 0.008250
0 0.486458 0.623250 0.013542 0.008500
0 0.528646 0.641125 0.011458 0.005750
