0 0.575000 0.732031 0.003500 0.010937
0 0.571750 0.828125 0.003500 0.009375
0 0.590250 0.703125 0.005500 0.012500
0 0.391875 0.879687 0.003750 0.006250
0 0.391875 0.875781 0.003750 0.005729
0 0.502125 0.726823 0.004250 0.006771
0 0.503750 0.730729 0.005000 0.007292
0 0.543500 0.605208 0.007000 0.012500
0 0.546000 0.586458 0.005500 0.009375
0 0.572250 0.557031 0.004500 0.006771
0 0.528500 0.488281 0.004500 0.009896
0 0.517250 0.493490 0.006000 0.007812
0 0.507750 0.498437 0.005500 0.008333
0 0.498750 0.503906 0.005500 0.006771
0 0.499625 0.497656 0.005250 0.008854
0 0.473625 0.493490 0.005250 0.008854
0 0.434375 0.519792 0.005250 0.008333
0 0.419125 0.537500 0.005250 0.006250
0 0.421500 0.529427 0.005500 0.010937
0 0.447750 0.570312 0.003500 0.011458
0 0.374500 0.547917 0.005500 0.007292
0 0.346125 0.549740 0.004250 0.006771
0 0.347625 0.555990 0.005250 0.006771
0 0.267500 0.501302 0.005500 0.014063
0 0.468125 0.171615 0.005250 0.010937
0 0.459250 0.157292 0.005500 0.007292
0 0.462875 0.155729 0.004250 0.010417
0 0.573375 0.003906 0.003250 0.007812
0 0.608875 0.270052 0.006250 0.010937
0 0.548000 0.350000 0.005000 0.009375
0 0.716875 0.030990 0.002750 0.007812
0 0.574625 0.494531 0.007250 0.011979
