0 0.254688 0.629125 0.007292 0.002750
0 0.252344 0.627500 0.007812 0.002000
0 0.348177 0.588375 0.009896 0.003250
0 0.343229 0.590375 0.005208 0.004750
0 0.335677 0.589875 0.009896 0.002750
0 0.261979 0.554625 0.010417 0.003250
0 0.238802 0.577000 0.007812 0.003500
0 0.186458 0.568875 0.007292 0.004250
0 0.174740 0.555500 0.008854 0.004500
0 0.067969 0.532750 0.007812 0.003500
0 0.068750 0.531000 0.010417 0.003000
0 0.397396 0.526125 0.010417 0.001750
0 0.397396 0.524375 0.009375 0.001750
0 0.394271 0.511125 0.006250 0.004250
0 0.397396 0.510500 0.007292 0.005000
0 0.360156 0.509500 0.007812 0.003000
0 0.361719 0.508500 0.008854 0.003500
0 0.376302 0.503625 0.009896 0.003250
0 0.377865 0.502250 0.007812 0.002500
0 0.383073 0.478625 0.007812 0.005250
0 0.355990 0.466250 0.007812 0.004500
0 0.232031 0.452125 0.006771 0.003750
0 0.076563 0.310125 0.006250 0.005750
0 0.543490 0.504250 0.005729 0.004000
0 0.539323 0.504500 0.004687 0.005000
0 0.526563 0.480125 0.006250 0.003750
0 0.523438 0.479500 0.007292 0.005000
0 0.539062 0.424000 0.009375 0.003500
0 0.537760 0.422750 0.007812 0.003000
0 0.487240 0.385750 0.008854 0.003500
0 0.465104 0.375250 0.007292 0.006000
0 0.547917 0.386625 0.006250 0.004250
0 0.546094 0.385625 0.008854 0.004750
0 0.565625 0.299875 0.004167 0.005750
0 0.569531 0.299875 0.003646 0.005250
0 0.610156 0.244625 0.008854 0.006250
0 0.628125 0.299250 0.010417 0.002500
0 0.628906 0.300875 0.010937 0.001750
0 0.629167 0.302625 0.007292 0.002250
0 0.621094 0.350250 0.007812 0.005000
0 0.549219 0.601875 0.009896 0.003250
0 0.554948 0.617000 0.009896 0.004000
0 0.591146 0.615500 0.012500 0.004000
0 0.757552 0.546250 0.011979 0.003000
0 0.753125 0.544750 0.010417 0.002500
0 0.828906 0.511875 0.008854 0.002250
0 0.828906 0.510250 0.011979 0.002500
0 0.838021 0.498375 0.009375 0.003250
0 0.968490 0.466125 0.008854 0.005250
0 0.897396 0.617000 0.012500 0.004000
0 0.791667 0.642875 0.009375 0.002750
0 0.792188 0.640500 0.011458 0.002500
0 0.766146 0.626625 0.011458 0.003250
0 0.703646 0.617000 0.009375 0.004000
