0 0.407750 0.704948 0.005500 0.013021
0 0.397375 0.682813 0.007750 0.015625
0 0.406250 0.694792 0.005500 0.008333
0 0.374375 0.670312 0.006750 0.012500
0 0.383500 0.646875 0.009500 0.017708
0 0.362875 0.622656 0.007250 0.018229
0 0.359875 0.607552 0.009750 0.011979
0 0.373250 0.635938 0.008500 0.017708
0 0.312500 0.595573 0.012000 0.016146
0 0.350625 0.589323 0.009750 0.013021
0 0.344000 0.564063 0.007000 0.014583
0 0.334500 0.559896 0.009500 0.011458
0 0.298750 0.046615 0.009000 0.016146
0 0.309250 0.253906 0.008000 0.024479
0 0.318750 0.198437 0.005500 0.021875
0 0.323000 0.201302 0.004500 0.019271
0 0.333125 0.373437 0.008750 0.015625
0 0.356750 0.323437 0.008500 0.011458
0 0.348000 0.319792 0.004500 0.019792
0 0.352000 0.320052 0.003500 0.017188
0 0.372625 0.257031 0.010250 0.022396
0 0.378875 0.476823 0.008750 0.009896
0 0.378375 0.461198 0.008250 0.019271
0 0.393000 0.527344 0.007000 0.017188
0 0.392375 0.544010 0.008250 0.015104
0 0.405750 0.608854 0.006000 0.016667
0 0.409000 0.597656 0.005000 0.015104
0 0.405625 0.592708 0.002750 0.011458
0 0.403000 0.587760 0.004000 0.019271
0 0.419625 0.661198 0.004250 0.014063
0 0.417500 0.648438 0.006500 0.017708
0 0.426625 0.691406 0.010250 0.017188
0 0.441375 0.682552 0.004750 0.018229
0 0.440500 0.664583 0.004500 0.013542
0 0.452125 0.664844 0.005250 0.011979
0 0.450250 0.638802 0.005000 0.016146
0 0.437875 0.617708 0.005250 0.014583
0 0.439125 0.624479 0.005750 0.012500
0 0.424125 0.587500 0.007250 0.017708
0 0.435375 0.565365 0.006750 0.017188
0 0.445250 0.544531 0.006000 0.010937
0 0.448375 0.514583 0.004750 0.017708
0 0.432750 0.512500 0.007000 0.011458
0 0.417375 0.507552 0.005250 0.014063
0 0.423250 0.508594 0.005000 0.017188
0 0.425750 0.522135 0.006500 0.017188
0 0.441875 0.463802 0.007250 0.013021
0 0.431125 0.466146 0.005750 0.018750
0 0.415250 0.486198 0.004500 0.017188
0 0.413500 0.472917 0.007500 0.013542
0 0.418375 0.470833 0.006250 0.015625
0 0.423125 0.475000 0.004250 0.016667
0 0.427250 0.477865 0.006000 0.019271
0 0.428125 0.493490 0.003750 0.014063
0 0.430625 0.493490 0.003250 0.017188
0 0.432750 0.502865 0.005000 0.013021
0 0.407500 0.439062 0.006500 0.021875
0 0.412125 0.429167 0.004750 0.020833
0 0.415375 0.428906 0.003750 0.019271
0 0.418875 0.428646 0.004750 0.018750
0 0.428750 0.426823 0.006000 0.017188
0 0.430125 0.442969 0.007750 0.017188
0 0.433750 0.290104 0.006000 0.015625
0 0.390375 0.161198 0.003250 0.020313
0 0.394000 0.161458 0.004000 0.021875
0 0.579875 0.183594 0.008750 0.017188
0 0.498125 0.379427 0.008250 0.017188
0 0.559125 0.408073 0.008250 0.015104
0 0.539125 0.451562 0.006750 0.012500
0 0.505000 0.434375 0.007000 0.015625
0 0.500125 0.455990 0.006750 0.015104
0 0.480875 0.491667 0.008250 0.016667
0 0.492000 0.465625 0.003500 0.015625
0 0.489125 0.465104 0.003250 0.016667
0 0.509250 0.510677 0.004000 0.015104
0 0.505625 0.511198 0.004250 0.019271
0 0.478125 0.567448 0.007250 0.016146
0 0.478250 0.529167 0.007500 0.008333
0 0.479000 0.536198 0.006000 0.008854
0 0.487000 0.536198 0.006500 0.009896
0 0.489375 0.522396 0.005250 0.014583
0 0.484500 0.527344 0.004000 0.013021
0 0.529250 0.516406 0.006000 0.013021
0 0.476125 0.593750 0.005750 0.017708
0 0.473750 0.589583 0.004500 0.013542
0 0.460500 0.675521 0.007000 0.013542
0 0.476625 0.653125 0.005250 0.009375
0 0.659375 0.236458 0.005750 0.013542
0 0.645500 0.243490 0.006500 0.010937
0 0.718500 0.319531 0.004500 0.015104
0 0.626250 0.526823 0.009000 0.010937
0 0.538500 0.734896 0.009500 0.017708
0 0.543500 0.708073 0.006000 0.016146
0 0.545125 0.719010 0.007250 0.014063
0 0.558375 0.711198 0.006750 0.014063
0 0.567625 0.703125 0.008750 0.014583
0 0.638250 0.603646 0.005000 0.014583
0 0.599875 0.625781 0.010250 0.016146
0 0.796125 0.366146 0.007750 0.014583
0 0.804500 0.345052 0.005500 0.015104
0 0.571750 0.857812 0.007500 0.015625
0 0.637875 0.859896 0.009250 0.020833
