0 0.075521 0.623250 0.018750 0.009000
0 0.026042 0.629125 0.018750 0.004750
0 0.017188 0.626000 0.017708 0.007000
0 0.150260 0.624000 0.022396 0.005000
0 0.186198 0.617875 0.013021 0.006250
0 0.191667 0.623625 0.007292 0.007250
0 0.224740 0.621250 0.015104 0.009000
0 0.200521 0.632875 0.009375 0.005750
0 0.214583 0.638000 0.012500 0.005500
0 0.252083 0.641500 0.018750 0.006500
0 0.242969 0.633875 0.014063 0.008250
0 0.227083 0.632250 0.016667 0.003500
0 0.250000 0.661500 0.009375 0.010000
0 0.262500 0.657125 0.009375 0.009250
0 0.280208 0.653500 0.012500 0.006500
0 0.207292 0.626875 0.012500 0.004750
0 0.322917 0.631125 0.017708 0.006750
0 0.410156 0.640750 0.025521 0.005500
0 0.400260 0.610000 0.021354 0.003500
0 0.346094 0.618750 0.010937 0.008000
0 0.335677 0.613125 0.017188 0.008250
0 0.367708 0.604000 0.011458 0.010000
0 0.348438 0.588625 0.011458 0.008750
0 0.317708 0.594125 0.014583 0.007250
0 0.300781 0.595375 0.015104 0.005250
0 0.278646 0.591500 0.013542 0.007000
0 0.275260 0.584250 0.011979 0.008000
0 0.291406 0.588875 0.011979 0.007250
0 0.299479 0.582750 0.019792 0.005000
0 0.248698 0.580125 0.018229 0.004750
0 0.233854 0.584375 0.010417 0.009250
0 0.226823 0.568375 0.019271 0.007250
0 0.190104 0.578000 0.018750 0.006500
0 0.190365 0.588000 0.018229 0.004500
0 0.192969 0.599750 0.008854 0.006500
0 0.209896 0.598625 0.018750 0.005750
0 0.212240 0.603000 0.018229 0.004000
0 0.226302 0.598500 0.009896 0.009000
0 0.252083 0.598750 0.016667 0.003500
0 0.242448 0.602125 0.015104 0.003750
0 0.246615 0.606500 0.014063 0.006000
0 0.129688 0.586500 0.019792 0.005500
0 0.097656 0.590000 0.022396 0.006000
0 0.090625 0.575250 0.012500 0.009500
0 0.159375 0.588875 0.015625 0.005750
0 0.161198 0.571000 0.010937 0.009500
0 0.145313 0.570250 0.021875 0.005500
0 0.169792 0.578750 0.011458 0.010000
0 0.114844 0.558375 0.018229 0.005250
0 0.147917 0.560375 0.009375 0.009250
0 0.170573 0.555625 0.017188 0.006750
0 0.213021 0.557375 0.018750 0.006250
0 0.205990 0.539500 0.022396 0.007000
0 0.058594 0.549500 0.019271 0.006500
0 0.451302 0.607875 0.010937 0.008250
0 0.428906 0.581000 0.013021 0.009500
0 0.455208 0.574875 0.014583 0.003750
0 0.436979 0.565625 0.019792 0.004250
0 0.423698 0.553125 0.011979 0.007750
0 0.362500 0.554250 0.010417 0.009000
0 0.354427 0.548125 0.018229 0.005250
0 0.283073 0.522750 0.013021 0.008000
0 0.305469 0.530375 0.015104 0.006750
0 0.308333 0.534500 0.009375 0.007500
0 0.345573 0.524250 0.006771 0.009000
0 0.351562 0.524625 0.005208 0.009250
0 0.334896 0.498625 0.020833 0.007250
0 0.278125 0.495125 0.019792 0.009250
0 0.226042 0.502875 0.022917 0.007250
0 0.204427 0.479750 0.009896 0.010500
0 0.264062 0.482000 0.019792 0.008500
0 0.308073 0.475000 0.017188 0.004500
0 0.311198 0.469500 0.008854 0.007000
0 0.316146 0.468000 0.010417 0.006000
0 0.328125 0.466750 0.016667 0.005500
0 0.220833 0.459125 0.014583 0.005750
0 0.128385 0.459000 0.009896 0.010500
0 0.160677 0.437125 0.017188 0.005750
0 0.188021 0.441500 0.021875 0.005500
0 0.196875 0.447875 0.016667 0.005750
0 0.210677 0.462500 0.020313 0.008500
0 0.136458 0.428500 0.017708 0.005500
0 0.099219 0.391250 0.020313 0.006500
0 0.077083 0.343500 0.012500 0.005000
0 0.209115 0.412000 0.008854 0.005000
0 0.557813 0.567000 0.008333 0.009000
0 0.547135 0.563625 0.011979 0.005250
0 0.592708 0.557250 0.010417 0.009500
0 0.591146 0.541875 0.009375 0.007750
0 0.566406 0.543125 0.018229 0.005750
0 0.522135 0.536250 0.009896 0.009500
0 0.541667 0.533000 0.014583 0.008000
0 0.552344 0.535250 0.006771 0.008000
0 0.568490 0.535625 0.013021 0.007250
0 0.560156 0.533375 0.011979 0.005250
0 0.569271 0.522625 0.010417 0.007750
0 0.559375 0.516875 0.018750 0.004750
0 0.573698 0.513625 0.017188 0.006750
0 0.595052 0.520125 0.009896 0.008250
0 0.605729 0.521750 0.014583 0.004500
0 0.614844 0.508500 0.009896 0.010500
0 0.601302 0.483875 0.008854 0.008750
0 0.582812 0.466625 0.012500 0.009250
0 0.507031 0.393250 0.017188 0.009000
0 0.608073 0.397625 0.018229 0.005250
0 0.507552 0.362500 0.016146 0.007500
0 0.532552 0.359625 0.014063 0.005750
0 0.516146 0.353125 0.018750 0.006250
0 0.665885 0.069875 0.019271 0.007750
0 0.687760 0.103125 0.016146 0.008750
0 0.685677 0.110875 0.015104 0.008750
0 0.702083 0.118750 0.013542 0.007000
0 0.669531 0.154875 0.016146 0.009250
0 0.708854 0.150625 0.014583 0.007250
0 0.725000 0.155625 0.013542 0.009250
0 0.738802 0.143500 0.009896 0.009500
0 0.597396 0.107750 0.019792 0.010000
0 0.573698 0.222875 0.008854 0.011250
0 0.591667 0.222500 0.019792 0.005000
0 0.625000 0.234125 0.010417 0.010750
0 0.653906 0.229625 0.014063 0.010750
0 0.659375 0.224000 0.015625 0.006500
0 0.702604 0.233875 0.016667 0.006250
0 0.627344 0.251000 0.008854 0.011000
0 0.608594 0.280500 0.015104 0.006500
0 0.643229 0.298250 0.013542 0.011000
0 0.648438 0.310750 0.018750 0.007000
0 0.631510 0.354375 0.009896 0.004250
0 0.630469 0.357750 0.006771 0.004500
0 0.627604 0.363500 0.007292 0.008000
0 0.897656 0.284750 0.009896 0.010000
0 0.895833 0.307875 0.011458 0.009250
0 0.904687 0.319250 0.012500 0.005000
0 0.913542 0.327250 0.010417 0.007000
0 0.896354 0.323625 0.012500 0.006250
0 0.863281 0.333125 0.015104 0.008250
0 0.853646 0.336125 0.012500 0.009250
0 0.870573 0.361500 0.011979 0.006000
0 0.860677 0.367750 0.015104 0.008500
0 0.842969 0.374250 0.016146 0.009000
0 0.831510 0.393250 0.009896 0.009500
0 0.838802 0.402125 0.010937 0.008750
0 0.817448 0.396750 0.009896 0.008000
0 0.823437 0.395750 0.009375 0.007500
0 0.692708 0.380750 0.018750 0.008000
0 0.857552 0.407875 0.009896 0.008750
0 0.875260 0.402250 0.016146 0.008500
0 0.665885 0.435500 0.017188 0.008500
0 0.792188 0.436625 0.015625 0.006250
0 0.795312 0.444625 0.014583 0.006750
0 0.776823 0.456875 0.015104 0.009750
0 0.679948 0.471875 0.010937 0.008750
0 0.659896 0.502750 0.011458 0.009500
0 0.721875 0.478250 0.016667 0.007500
0 0.723177 0.483250 0.018229 0.004000
0 0.754948 0.480500 0.009896 0.009000
0 0.764323 0.483250 0.011979 0.007500
0 0.767969 0.505125 0.019271 0.006250
0 0.719271 0.490000 0.009375 0.008000
0 0.717708 0.495625 0.016667 0.006250
0 0.734635 0.507000 0.008854 0.009500
0 0.745833 0.503375 0.007292 0.007250
0 0.682813 0.517000 0.014583 0.005000
0 0.682031 0.520750 0.017188 0.005500
0 0.685937 0.526500 0.015625 0.006000
0 0.715885 0.527375 0.011979 0.008750
0 0.741927 0.521625 0.008854 0.008250
0 0.727083 0.516000 0.010417 0.008500
0 0.710156 0.541875 0.013021 0.006750
0 0.696094 0.549750 0.013021 0.009500
0 0.686458 0.560250 0.009375 0.008500
0 0.688281 0.570250 0.011979 0.008500
0 0.662240 0.539000 0.007812 0.008500
0 0.670833 0.538875 0.009375 0.009750
0 0.676302 0.541125 0.007812 0.009250
0 0.757292 0.539500 0.009375 0.006000
0 0.685156 0.623250 0.014063 0.004000
0 0.765625 0.580875 0.022917 0.005750
0 0.842708 0.585625 0.020833 0.004250
0 0.919792 0.573125 0.021875 0.004250
0 0.856510 0.545375 0.009896 0.011250
0 0.978906 0.564125 0.018229 0.005250
0 0.894010 0.587625 0.014063 0.004750
0 0.882031 0.595875 0.019271 0.005750
0 0.775521 0.637875 0.013542 0.006250
0 0.786458 0.643750 0.014583 0.006000
0 0.941406 0.665125 0.014063 0.009250
0 0.962240 0.633250 0.017188 0.003500
0 0.964062 0.636375 0.018750 0.003250
0 0.878125 0.504500 0.016667 0.008000
0 0.904687 0.696000 0.013542 0.003500
0 0.910937 0.699375 0.009375 0.002750
