0 0.082812 0.506625 0.009375 0.005250
0 0.036719 0.537750 0.008854 0.007000
0 0.030469 0.537375 0.008854 0.005750
0 0.022917 0.538750 0.009375 0.006500
0 0.238802 0.457750 0.008854 0.005500
0 0.241667 0.455375 0.009375 0.005750
0 0.252865 0.453000 0.005729 0.005500
0 0.256250 0.452750 0.005208 0.006500
0 0.125260 0.489125 0.009896 0.008250
0 0.155208 0.490750 0.015625 0.004000
0 0.151823 0.496000 0.014063 0.003500
0 0.237760 0.491375 0.010937 0.006750
0 0.246615 0.489000 0.007812 0.004500
0 0.248438 0.487125 0.010417 0.004750
0 0.251042 0.503750 0.009375 0.005000
0 0.253646 0.502375 0.009375 0.005250
0 0.219792 0.507375 0.008333 0.007250
0 0.213542 0.511500 0.012500 0.004000
0 0.251823 0.514250 0.011979 0.007000
0 0.252344 0.537875 0.008854 0.006750
0 0.241927 0.528375 0.008854 0.006250
0 0.239583 0.533750 0.010417 0.004000
0 0.215625 0.533625 0.010417 0.006250
0 0.210938 0.528375 0.012500 0.003250
0 0.207031 0.521125 0.011979 0.005250
0 0.186198 0.526750 0.004687 0.005000
0 0.190365 0.526750 0.005729 0.006500
0 0.084375 0.519000 0.011458 0.003500
0 0.107031 0.528000 0.007812 0.005500
0 0.102083 0.533875 0.011458 0.005750
0 0.076563 0.542625 0.011458 0.003750
0 0.079167 0.549375 0.011458 0.003250
0 0.090885 0.555875 0.007812 0.006750
0 0.077083 0.553625 0.011458 0.004250
0 0.097656 0.556500 0.004687 0.006000
0 0.102604 0.556250 0.006250 0.007000
0 0.109635 0.554250 0.008854 0.005500
0 0.076042 0.571625 0.012500 0.006250
0 0.094010 0.576625 0.015104 0.004750
0 0.057812 0.579500 0.009375 0.005500
0 0.038281 0.616750 0.013021 0.005500
0 0.058594 0.630000 0.014063 0.004500
0 0.053906 0.643000 0.010937 0.006500
0 0.043229 0.632750 0.009375 0.006000
0 0.042448 0.639000 0.006771 0.006000
0 0.046094 0.637625 0.004687 0.003750
0 0.102865 0.668625 0.010937 0.007250
0 0.140365 0.662125 0.008854 0.005250
0 0.136458 0.659875 0.008333 0.007250
0 0.159635 0.650000 0.004687 0.006000
0 0.164583 0.649625 0.005208 0.006250
0 0.167969 0.630500 0.011979 0.006000
0 0.171615 0.621500 0.007812 0.007000
0 0.173698 0.612750 0.006771 0.007000
0 0.166406 0.612000 0.005729 0.006000
0 0.163281 0.605500 0.008854 0.006500
0 0.195833 0.610125 0.011458 0.005250
0 0.187240 0.608125 0.009896 0.006750
0 0.170833 0.599625 0.011458 0.003750
0 0.170833 0.596750 0.013542 0.003000
0 0.242708 0.607125 0.008333 0.007250
0 0.243750 0.586500 0.008333 0.007500
0 0.230990 0.590625 0.007812 0.006750
0 0.198698 0.579750 0.008854 0.007000
0 0.186458 0.582000 0.009375 0.006000
0 0.162500 0.590125 0.009375 0.006250
0 0.146875 0.586000 0.008333 0.005500
0 0.151302 0.584375 0.010937 0.005250
0 0.143750 0.589625 0.008333 0.003250
0 0.270573 0.463000 0.010937 0.004500
0 0.328385 0.462875 0.008854 0.003750
0 0.334375 0.465250 0.006250 0.003500
0 0.328125 0.470250 0.008333 0.005500
0 0.329167 0.468125 0.007292 0.003750
0 0.313802 0.486375 0.008854 0.006750
0 0.348698 0.490250 0.008854 0.005000
0 0.323958 0.509125 0.009375 0.006250
0 0.308073 0.502875 0.007812 0.007250
0 0.296615 0.495875 0.011979 0.004750
0 0.270573 0.507500 0.007812 0.004000
0 0.326562 0.523125 0.009375 0.006750
0 0.307812 0.544625 0.009375 0.004250
0 0.334375 0.545375 0.008333 0.003750
0 0.336979 0.544000 0.011458 0.004500
0 0.348698 0.556875 0.008854 0.006750
0 0.341146 0.556750 0.007292 0.005000
0 0.332552 0.561625 0.009896 0.006250
0 0.290104 0.583750 0.010417 0.006500
0 0.313021 0.580250 0.007292 0.004500
0 0.315365 0.579125 0.008854 0.005250
0 0.349219 0.583500 0.006771 0.006500
0 0.335677 0.587500 0.010937 0.004500
0 0.335938 0.584750 0.012500 0.004000
0 0.339844 0.594875 0.009896 0.003750
0 0.328906 0.591375 0.009896 0.006750
0 0.319271 0.591000 0.010417 0.005000
0 0.314323 0.592750 0.011979 0.005000
0 0.329167 0.602125 0.009375 0.005250
0 0.317188 0.596875 0.008333 0.003250
0 0.327344 0.597750 0.010937 0.004000
0 0.302865 0.599500 0.008854 0.003500
0 0.303906 0.597750 0.013021 0.003500
0 0.293229 0.604875 0.008333 0.005750
0 0.284375 0.611625 0.009375 0.006250
0 0.281510 0.617750 0.010937 0.005500
0 0.362240 0.603875 0.008854 0.004750
0 0.356771 0.608250 0.014583 0.004000
0 0.347135 0.622750 0.008854 0.007000
0 0.370573 0.621500 0.009896 0.005500
0 0.373437 0.620000 0.007292 0.004000
0 0.370312 0.635875 0.009375 0.006250
0 0.359635 0.633375 0.006771 0.006750
0 0.352604 0.631625 0.007292 0.005250
0 0.350000 0.636500 0.015625 0.003500
0 0.370052 0.649125 0.010937 0.005750
0 0.337760 0.647000 0.008854 0.005500
0 0.335156 0.638875 0.007812 0.005250
0 0.328385 0.638250 0.008854 0.005500
0 0.322656 0.642625 0.005729 0.005250
0 0.328385 0.643875 0.005729 0.005750
0 0.394271 0.728750 0.008333 0.004500
0 0.397396 0.727375 0.010417 0.004750
0 0.398958 0.725500 0.009375 0.003500
0 0.382292 0.722000 0.007292 0.006500
0 0.402865 0.674500 0.008854 0.005000
0 0.395052 0.650000 0.008854 0.007000
0 0.418750 0.640250 0.011458 0.003500
0 0.406510 0.628125 0.008854 0.004750
0 0.397656 0.630500 0.006771 0.003000
0 0.403125 0.630250 0.007292 0.006000
0 0.425260 0.622125 0.006771 0.006250
0 0.422656 0.628875 0.007812 0.004250
0 0.425000 0.627625 0.008333 0.004250
0 0.432292 0.617875 0.008333 0.003250
0 0.432812 0.611250 0.008333 0.005000
0 0.403385 0.617750 0.008854 0.003500
0 0.394792 0.616375 0.008333 0.003250
0 0.406771 0.614625 0.008333 0.003250
0 0.413021 0.614875 0.003125 0.006250
0 0.416146 0.615000 0.003125 0.006500
0 0.420833 0.615750 0.006250 0.006500
0 0.400000 0.610375 0.008333 0.006250
0 0.382812 0.604625 0.009375 0.005750
0 0.409635 0.604375 0.009896 0.003250
0 0.410156 0.602250 0.006771 0.002500
0 0.415365 0.592375 0.008854 0.004750
0 0.414583 0.585000 0.008333 0.006000
0 0.397396 0.592625 0.010417 0.005250
0 0.383073 0.591750 0.006771 0.006000
0 0.386198 0.590750 0.006771 0.004500
0 0.385677 0.566375 0.010937 0.004250
0 0.371875 0.579125 0.007292 0.005750
0 0.374479 0.578500 0.008333 0.004500
0 0.386458 0.547750 0.008333 0.002500
0 0.385677 0.545625 0.007812 0.002250
0 0.397656 0.538000 0.007812 0.006000
0 0.387240 0.537000 0.006771 0.005500
0 0.366927 0.419250 0.013021 0.004500
0 0.359115 0.449625 0.010937 0.006250
0 0.372917 0.470625 0.009375 0.004750
0 0.391406 0.499500 0.006771 0.005500
0 0.396354 0.494500 0.008333 0.006000
0 0.403125 0.505125 0.008333 0.003750
0 0.413542 0.503250 0.010417 0.006000
0 0.408073 0.521875 0.008854 0.004750
0 0.422135 0.527750 0.006771 0.005000
0 0.426302 0.524625 0.005729 0.004750
0 0.441406 0.535375 0.009896 0.006250
0 0.418750 0.534250 0.007292 0.005000
0 0.397135 0.533250 0.007812 0.002500
0 0.399219 0.531375 0.007812 0.002250
0 0.408594 0.529875 0.005729 0.006250
0 0.411719 0.530250 0.005729 0.004500
0 0.413281 0.546000 0.004687 0.005500
0 0.417448 0.546125 0.006771 0.005250
0 0.439323 0.545125 0.010937 0.002750
0 0.415885 0.559250 0.005729 0.005500
0 0.418490 0.556000 0.003646 0.005000
0 0.422917 0.556250 0.007292 0.005500
0 0.435677 0.557750 0.005729 0.005000
0 0.441146 0.559750 0.005208 0.005500
0 0.448958 0.553625 0.009375 0.006250
0 0.442448 0.554375 0.004687 0.005250
0 0.429688 0.569000 0.007292 0.004000
0 0.447135 0.573875 0.007812 0.005750
0 0.442188 0.582375 0.007292 0.003750
0 0.463542 0.576625 0.008333 0.005250
0 0.465625 0.582375 0.009375 0.005250
0 0.471615 0.587000 0.005729 0.004500
0 0.474219 0.586250 0.006771 0.005000
0 0.481250 0.586250 0.007292 0.004000
0 0.483594 0.589125 0.010937 0.002750
0 0.456250 0.588500 0.007292 0.005500
0 0.499479 0.604500 0.009375 0.006000
0 0.490885 0.604875 0.009896 0.005750
0 0.482292 0.609875 0.006250 0.005250
0 0.483594 0.602750 0.005729 0.006500
0 0.497396 0.609625 0.007292 0.005250
0 0.511198 0.617625 0.007812 0.005250
0 0.486198 0.617375 0.007812 0.005250
0 0.490885 0.616250 0.007812 0.003500
0 0.501042 0.623125 0.008333 0.004750
0 0.504687 0.620750 0.008333 0.005000
0 0.505729 0.629625 0.007292 0.005750
0 0.524479 0.636375 0.008333 0.003250
0 0.529167 0.671875 0.006250 0.005750
0 0.588281 0.709750 0.011979 0.006000
0 0.544271 0.669375 0.006250 0.003750
0 0.559635 0.632000 0.008854 0.006000
0 0.547917 0.630750 0.010417 0.004500
0 0.538281 0.625625 0.008854 0.005250
0 0.554688 0.623375 0.011458 0.005750
0 0.552344 0.612875 0.009896 0.006250
0 0.526042 0.611000 0.011458 0.005500
0 0.530990 0.608750 0.008854 0.004500
0 0.528646 0.592500 0.007292 0.006500
0 0.516927 0.590500 0.014063 0.003000
0 0.509635 0.593750 0.007812 0.005000
0 0.513021 0.592875 0.009375 0.004750
0 0.536719 0.591625 0.003646 0.005250
0 0.541146 0.591875 0.005208 0.006750
0 0.566927 0.582250 0.007812 0.005000
0 0.562760 0.579250 0.006771 0.006000
0 0.559635 0.578500 0.005729 0.005000
0 0.548958 0.573375 0.008333 0.006750
0 0.498437 0.584125 0.010417 0.005750
0 0.482552 0.573125 0.013021 0.003750
0 0.506250 0.572250 0.013542 0.006000
0 0.487760 0.564625 0.010937 0.004750
0 0.562240 0.556625 0.008854 0.006250
0 0.542969 0.550750 0.013021 0.005000
0 0.516146 0.553500 0.014583 0.005000
0 0.476562 0.553500 0.010417 0.005000
0 0.479687 0.552375 0.010417 0.004750
0 0.468229 0.548250 0.011458 0.005500
0 0.449740 0.524750 0.008854 0.004500
0 0.453646 0.522500 0.010417 0.006000
0 0.555990 0.518875 0.010937 0.005250
0 0.447656 0.485875 0.006771 0.006250
0 0.403385 0.468125 0.010937 0.006250
0 0.516146 0.476625 0.008333 0.004750
0 0.540625 0.493000 0.010417 0.005500
0 0.543750 0.472250 0.008333 0.003000
0 0.545312 0.470250 0.008333 0.003500
0 0.585156 0.498875 0.009896 0.004250
0 0.637240 0.529125 0.009896 0.003750
0 0.453125 0.367125 0.006250 0.005250
0 0.447917 0.341750 0.008333 0.005000
0 0.471354 0.335375 0.008333 0.004250
0 0.460417 0.381500 0.009375 0.003000
0 0.458594 0.383750 0.005729 0.003000
0 0.459375 0.387250 0.006250 0.002500
0 0.566146 0.428375 0.006250 0.005250
0 0.559635 0.748875 0.011979 0.003750
0 0.750260 0.786875 0.010937 0.005250
0 0.959635 0.766250 0.011979 0.006000
0 0.971875 0.647500 0.009375 0.004000
0 0.983073 0.647500 0.009896 0.006500
0 0.942708 0.638875 0.011458 0.006750
0 0.914062 0.617625 0.012500 0.005750
0 0.950260 0.607000 0.009896 0.006000
0 0.888281 0.609375 0.008854 0.006750
0 0.794271 0.584875 0.012500 0.005750
0 0.818490 0.557875 0.011979 0.005250
0 0.842187 0.551875 0.009375 0.005250
0 0.731771 0.562125 0.013542 0.004750
0 0.753646 0.536375 0.013542 0.005250
0 0.734115 0.527625 0.011979 0.003250
0 0.738021 0.522875 0.012500 0.004750
0 0.726042 0.512875 0.011458 0.004750
0 0.826302 0.494750 0.014063 0.007000
0 0.935937 0.519000 0.014583 0.005500
0 0.681510 0.350000 0.009896 0.004500
0 0.742969 0.966375 0.013021 0.004750
