0 0.214844 0.389250 0.014063 0.006000
0 0.093229 0.423250 0.010417 0.004000
0 0.123958 0.359125 0.008333 0.004750
0 0.516927 0.446625 0.009896 0.005250
0 0.502344 0.418500 0.006771 0.005500
0 0.495312 0.417375 0.006250 0.006250
0 0.338281 0.323625 0.014063 0.007250
0 0.455990 0.309875 0.010937 0.004750
0 0.213802 0.261000 0.008854 0.006500
0 0.576042 0.490250 0.009375 0.006000
0 0.595833 0.489625 0.012500 0.004750
0 0.613021 0.493750 0.009375 0.005000
0 0.617188 0.463500 0.007292 0.005500
0 0.664323 0.485625 0.009896 0.006250
0 0.672917 0.483750 0.011458 0.004500
0 0.683854 0.476375 0.011458 0.004750
0 0.802865 0.476875 0.014063 0.005750
0 0.815365 0.458875 0.007812 0.006250
0 0.789062 0.458500 0.013542 0.007000
0 0.636198 0.443500 0.013021 0.006000
0 0.726562 0.398000 0.010417 0.004500
0 0.718490 0.395250 0.011979 0.005000
0 0.690625 0.407625 0.011458 0.003250
0 0.690365 0.410625 0.014063 0.005250
0 0.785677 0.343000 0.020313 0.008000
0 0.975260 0.440125 0.016146 0.005250
0 0.938281 0.067625 0.011979 0.008250
