0 0.012875 0.261198 0.003250 0.010937
0 0.010250 0.329688 0.004000 0.010417
0 0.003375 0.325000 0.006750 0.010417
0 0.018500 0.396354 0.006500 0.008333
0 0.031250 0.411719 0.005000 0.007812
0 0.035500 0.405469 0.007000 0.008854
0 0.045125 0.377865 0.003750 0.014063
0 0.041250 0.336198 0.006500 0.008854
0 0.034125 0.487240 0.006750 0.008854
0 0.009625 0.434896 0.008750 0.008333
0 0.051375 0.438021 0.003750 0.011458
0 0.040375 0.441406 0.008250 0.011979
0 0.055250 0.505729 0.005000 0.011458
0 0.054500 0.495833 0.004500 0.008333
0 0.071250 0.470833 0.004000 0.011458
0 0.070625 0.498698 0.004250 0.011979
0 0.009125 0.600521 0.004250 0.007292
0 0.072250 0.592187 0.005500 0.008333
0 0.071750 0.554948 0.006000 0.009896
0 0.290625 0.175260 0.006250 0.011979
0 0.325250 0.166927 0.006500 0.014063
0 0.437875 0.354948 0.006750 0.009896
0 0.447000 0.358854 0.006000 0.013542
0 0.434125 0.386719 0.007750 0.013021
0 0.420625 0.424219 0.007250 0.010937
0 0.418000 0.473177 0.007000 0.010937
0 0.440625 0.487240 0.007250 0.008854
0 0.435875 0.499740 0.003250 0.010937
0 0.439875 0.499479 0.005250 0.011458
0 0.435125 0.544010 0.005750 0.010937
0 0.451500 0.584115 0.006500 0.013021
0 0.445750 0.605208 0.005000 0.013542
0 0.444125 0.618750 0.006750 0.013542
0 0.464500 0.656771 0.005500 0.014583
0 0.467625 0.651042 0.004250 0.016667
0 0.444250 0.712240 0.004000 0.006771
0 0.470125 0.718490 0.006750 0.015104
0 0.472875 0.712240 0.004250 0.013021
0 0.489625 0.683854 0.004750 0.016667
0 0.501625 0.693750 0.006750 0.016667
0 0.489125 0.707292 0.005250 0.017708
0 0.497375 0.711979 0.006750 0.008333
0 0.503000 0.717187 0.005500 0.016667
0 0.504000 0.757031 0.005500 0.020313
0 0.504000 0.619271 0.004500 0.015625
0 0.497000 0.618750 0.003000 0.011458
0 0.493875 0.616406 0.003250 0.013021
0 0.488750 0.583333 0.006500 0.014583
0 0.480000 0.550781 0.005500 0.014063
0 0.473875 0.553646 0.005750 0.012500
0 0.481250 0.538021 0.005000 0.008333
0 0.476375 0.520573 0.005750 0.010937
0 0.462750 0.528385 0.005500 0.013021
0 0.459500 0.499740 0.005500 0.013021
0 0.472500 0.475260 0.003500 0.011979
0 0.471250 0.464844 0.004000 0.009896
0 0.470375 0.448177 0.004750 0.013021
0 0.464375 0.452344 0.003750 0.011979
0 0.457625 0.436979 0.005750 0.011458
0 0.531000 0.277865 0.007000 0.013021
0 0.506875 0.295052 0.007250 0.011979
0 0.495875 0.315365 0.005250 0.014063
0 0.475500 0.308073 0.006000 0.011979
0 0.526375 0.307552 0.003750 0.014063
0 0.530625 0.317188 0.003250 0.014583
0 0.526250 0.320312 0.006500 0.009375
0 0.525625 0.339583 0.008250 0.012500
0 0.536750 0.354167 0.005000 0.013542
0 0.537000 0.365104 0.007500 0.008333
0 0.542750 0.373698 0.004500 0.015104
0 0.544375 0.386198 0.003750 0.014063
0 0.529250 0.387500 0.005500 0.013542
0 0.553875 0.394792 0.002750 0.014583
0 0.551125 0.392969 0.003250 0.009896
0 0.580750 0.381771 0.006000 0.014583
0 0.585875 0.384635 0.004750 0.011979
0 0.587625 0.413281 0.005250 0.010937
0 0.581375 0.423177 0.004750 0.015104
0 0.590750 0.431510 0.005500 0.014063
0 0.573375 0.428125 0.006750 0.007292
0 0.570375 0.418490 0.003750 0.014063
0 0.591375 0.421875 0.008250 0.008333
0 0.617125 0.444271 0.004250 0.012500
0 0.617125 0.467969 0.004750 0.013021
0 0.617750 0.492188 0.006500 0.017708
0 0.551250 0.508854 0.007500 0.009375
0 0.551125 0.480729 0.008250 0.011458
0 0.527375 0.469010 0.006250 0.008854
0 0.516875 0.453385 0.007250 0.010937
0 0.503000 0.445833 0.006500 0.015625
0 0.507625 0.412240 0.007750 0.010937
0 0.515625 0.401823 0.006750 0.009896
0 0.515125 0.392448 0.005750 0.007812
0 0.570250 0.572135 0.008500 0.007812
0 0.570375 0.563542 0.006750 0.007292
0 0.619250 0.544792 0.009000 0.012500
0 0.636250 0.313542 0.007000 0.011458
0 0.609625 0.333594 0.004250 0.014063
0 0.604625 0.332031 0.004250 0.013021
0 0.611500 0.308854 0.004000 0.014583
0 0.619125 0.297396 0.006750 0.011458
0 0.576125 0.287500 0.005250 0.012500
0 0.568250 0.264062 0.006000 0.008333
0 0.561375 0.258333 0.007250 0.012500
0 0.554875 0.249740 0.004250 0.010937
0 0.550000 0.251302 0.005500 0.008854
0 0.545625 0.245052 0.004750 0.007812
0 0.587250 0.228646 0.006500 0.012500
0 0.588250 0.194010 0.007000 0.009896
0 0.595250 0.145313 0.005000 0.013542
0 0.556625 0.197917 0.007750 0.015625
0 0.534125 0.229427 0.006750 0.010937
0 0.514625 0.207552 0.004750 0.007812
0 0.509625 0.203125 0.005750 0.009375
0 0.471750 0.151302 0.006000 0.008854
0 0.812875 0.261458 0.009750 0.018750
0 0.915875 0.584635 0.011750 0.017188
0 0.966500 0.526042 0.012500 0.015625
0 0.974875 0.722135 0.008750 0.015104
0 0.881250 0.989062 0.007000 0.013542
0 0.112625 0.958073 0.009750 0.015104
0 0.985875 0.243229 0.007250 0.015625
0 0.163875 0.295312 0.003750 0.008333
0 0.157625 0.255208 0.006250 0.009375
0 0.150500 0.265365 0.006000 0.010937
0 0.118875 0.234896 0.004750 0.008333
0 0.121375 0.244271 0.008750 0.009375
0 0.096375 0.211719 0.003750 0.007812
0 0.090875 0.206250 0.004750 0.011458
0 0.229375 0.373958 0.006750 0.010417
