0 0.385677 0.666375 0.008854 0.004250
0 0.315625 0.584750 0.008333 0.005500
0 0.339062 0.604625 0.005208 0.005250
0 0.334635 0.604750 0.003646 0.005500
0 0.580208 0.593250 0.011458 0.005000
0 0.598437 0.596875 0.005208 0.004250
0 0.602083 0.596375 0.007292 0.005250
0 0.761458 0.619250 0.010417 0.005500
0 0.705469 0.643250 0.010937 0.003500
0 0.736198 0.651500 0.008854 0.003500
0 0.787240 0.661125 0.013021 0.003750
0 0.936458 0.675000 0.008333 0.004500
0 0.939583 0.674625 0.008333 0.003750
0 0.911458 0.653750 0.013542 0.004000
0 0.485937 0.527375 0.008333 0.005250
0 0.621094 0.527125 0.007812 0.005250
0 0.663802 0.532500 0.016146 0.005500
0 0.922396 0.519750 0.012500 0.003500
0 0.752344 0.506375 0.013021 0.004250
0 0.580208 0.437250 0.007292 0.005500
0 0.752604 0.408250 0.008333 0.005000
0 0.879948 0.367125 0.009896 0.006250
0 0.871615 0.353625 0.010937 0.005750
0 0.396875 0.386500 0.007292 0.005500
