0 0.124000 0.117969 0.005500 0.015104
0 0.126125 0.115365 0.007250 0.018229
0 0.145625 0.179167 0.010250 0.012500
0 0.184875 0.144531 0.008750 0.014063
0 0.196250 0.295312 0.006500 0.016667
0 0.309125 0.299740 0.004250 0.016146
0 0.317750 0.292708 0.004500 0.017708
0 0.306375 0.270833 0.008250 0.015625
0 0.302625 0.237500 0.005250 0.017708
0 0.292875 0.151562 0.005250 0.014583
0 0.286625 0.148698 0.004250 0.018229
0 0.277875 0.131510 0.008750 0.010937
0 0.277375 0.121615 0.004250 0.014063
0 0.258250 0.058333 0.006000 0.012500
0 0.321625 0.328646 0.004750 0.013542
0 0.320500 0.325781 0.004000 0.010937
0 0.326125 0.390365 0.004750 0.011979
0 0.344875 0.406510 0.008250 0.015104
0 0.343000 0.392708 0.005000 0.015625
0 0.346250 0.382552 0.005500 0.017188
0 0.354125 0.348177 0.004750 0.018229
0 0.363750 0.315365 0.005000 0.009896
0 0.366125 0.305469 0.003750 0.014063
0 0.373625 0.284896 0.003250 0.009375
0 0.376375 0.277083 0.004750 0.010417
0 0.380500 0.267188 0.004500 0.011458
0 0.403250 0.216406 0.007000 0.014063
0 0.411750 0.197917 0.005500 0.012500
0 0.430125 0.167448 0.006250 0.008854
0 0.418750 0.350781 0.006500 0.008854
0 0.418125 0.344271 0.006250 0.006250
0 0.417250 0.340104 0.007500 0.006250
0 0.416875 0.310677 0.006750 0.008854
0 0.423625 0.312500 0.003750 0.013542
0 0.421625 0.310677 0.004250 0.014063
0 0.396625 0.365104 0.008750 0.008333
0 0.509000 0.455208 0.007000 0.012500
0 0.518625 0.464062 0.007250 0.009375
0 0.532625 0.454427 0.007250 0.008854
0 0.550000 0.465885 0.005500 0.005729
0 0.549875 0.462500 0.006750 0.006250
0 0.568000 0.458594 0.005500 0.006771
0 0.567500 0.453906 0.005500 0.005729
0 0.572625 0.455990 0.005750 0.008854
0 0.581250 0.463802 0.007500 0.010937
0 0.585500 0.450781 0.004500 0.008854
0 0.563500 0.446875 0.006000 0.011458
0 0.563375 0.447135 0.007250 0.010937
0 0.603750 0.413281 0.007500 0.011979
0 0.602625 0.411198 0.008250 0.013021
0 0.617750 0.427344 0.007000 0.015104
0 0.626500 0.494010 0.007000 0.010937
0 0.588125 0.497396 0.004250 0.008333
0 0.588750 0.490365 0.005500 0.009896
0 0.577875 0.500000 0.003750 0.011458
0 0.576250 0.498177 0.004000 0.013021
0 0.543000 0.488802 0.006000 0.009896
0 0.534000 0.478906 0.006500 0.009896
0 0.534000 0.488542 0.007000 0.007292
0 0.532375 0.497396 0.005250 0.011458
0 0.542250 0.502604 0.004000 0.009375
0 0.540625 0.499219 0.004750 0.009896
0 0.529250 0.515625 0.006500 0.008333
0 0.530500 0.520573 0.006500 0.004687
0 0.530875 0.525521 0.006250 0.006250
0 0.527375 0.494271 0.002750 0.013542
0 0.524750 0.492188 0.002500 0.015625
0 0.521375 0.493490 0.006750 0.005729
0 0.520750 0.489323 0.006000 0.004687
0 0.490500 0.495052 0.007000 0.006771
0 0.490125 0.501563 0.005750 0.007292
0 0.379500 0.549219 0.006000 0.010937
0 0.389125 0.567708 0.006250 0.011458
0 0.409375 0.602604 0.005250 0.008333
0 0.423875 0.625260 0.006250 0.013021
0 0.413625 0.632552 0.008750 0.009896
0 0.437000 0.650000 0.006000 0.013542
0 0.442875 0.655208 0.007250 0.011458
0 0.444125 0.641406 0.006750 0.009896
0 0.460500 0.669792 0.008000 0.014583
0 0.470375 0.664844 0.006750 0.011979
0 0.478375 0.690885 0.006250 0.007812
0 0.482125 0.701823 0.007750 0.011979
0 0.477000 0.708073 0.008000 0.013021
0 0.505875 0.724740 0.007250 0.013021
0 0.514625 0.757552 0.003250 0.013021
0 0.517250 0.759375 0.004500 0.013542
0 0.533875 0.747656 0.006250 0.009896
0 0.532500 0.740365 0.004500 0.006771
0 0.527250 0.740104 0.006500 0.009375
0 0.526875 0.734375 0.005250 0.006250
0 0.506250 0.822135 0.008500 0.014063
0 0.498500 0.767969 0.006000 0.008854
0 0.498125 0.764844 0.006750 0.006771
0 0.497250 0.759896 0.006000 0.007292
0 0.492000 0.753385 0.009000 0.009896
0 0.457125 0.705729 0.009250 0.009375
0 0.456500 0.698438 0.007500 0.007292
0 0.352000 0.591146 0.004500 0.016667
0 0.357000 0.611458 0.004000 0.018750
0 0.361500 0.608854 0.005500 0.010417
0 0.367625 0.689323 0.005750 0.017188
0 0.374125 0.745573 0.005250 0.019271
0 0.367500 0.779948 0.006500 0.011979
0 0.359125 0.774740 0.007750 0.010937
