0 0.841125 0.014323 0.011750 0.028646
0 0.878625 0.077604 0.012250 0.023958
0 0.793625 0.036458 0.006750 0.022917
0 0.788125 0.122135 0.006750 0.023438
0 0.839000 0.137240 0.009500 0.025521
0 0.696125 0.164323 0.009250 0.024479
0 0.659375 0.172396 0.017250 0.029167
0 0.617750 0.233333 0.010500 0.020833
0 0.691375 0.271354 0.011250 0.020833
0 0.723000 0.290625 0.010000 0.023958
0 0.690875 0.358333 0.012250 0.028125
0 0.720250 0.369271 0.010000 0.023958
0 0.707750 0.398177 0.010500 0.026562
0 0.650875 0.402344 0.007750 0.018229
0 0.661875 0.396615 0.012250 0.027604
0 0.648375 0.426042 0.011750 0.019792
0 0.616125 0.401823 0.010750 0.024479
0 0.602500 0.406250 0.010000 0.023958
0 0.612250 0.441406 0.015000 0.025521
0 0.634000 0.459635 0.010500 0.024479
0 0.644000 0.444531 0.010500 0.017188
0 0.624750 0.488281 0.008000 0.026562
0 0.638875 0.486198 0.007250 0.022396
0 0.614500 0.483854 0.011500 0.027083
0 0.606500 0.493229 0.010000 0.019792
0 0.599000 0.506510 0.010500 0.023438
0 0.582000 0.492448 0.011000 0.025521
0 0.591375 0.448698 0.011250 0.025521
0 0.537000 0.503646 0.013500 0.021875
0 0.578625 0.510417 0.012250 0.029167
0 0.570250 0.523177 0.009000 0.019271
0 0.593000 0.523177 0.010000 0.022396
0 0.589500 0.535417 0.010500 0.032292
0 0.603875 0.522135 0.011750 0.026562
0 0.548750 0.561458 0.010000 0.019792
0 0.554125 0.568490 0.007750 0.017188
0 0.529750 0.580990 0.012000 0.024479
0 0.535625 0.602083 0.011750 0.021875
0 0.524250 0.610417 0.011000 0.020833
0 0.514750 0.612240 0.012000 0.024479
0 0.506375 0.756510 0.008750 0.025521
0 0.516125 0.766927 0.010750 0.025521
0 0.521125 0.796354 0.010750 0.035417
0 0.578875 0.859375 0.013750 0.043750
0 0.580375 0.844531 0.012250 0.025521
0 0.544500 0.718229 0.008500 0.030208
0 0.558875 0.702083 0.011750 0.030208
0 0.564250 0.666146 0.010000 0.022917
0 0.626500 0.667448 0.015500 0.025521
0 0.575750 0.736198 0.010000 0.024479
0 0.583875 0.744271 0.008250 0.019792
0 0.592000 0.734375 0.009000 0.022917
0 0.636750 0.721094 0.010500 0.028646
0 0.650625 0.726823 0.011750 0.024479
0 0.694250 0.744792 0.015500 0.022917
0 0.701375 0.754167 0.012250 0.030208
0 0.731500 0.725781 0.015500 0.033854
0 0.659250 0.660937 0.010000 0.023958
0 0.695625 0.650521 0.012750 0.021875
0 0.699500 0.623958 0.019500 0.019792
0 0.708250 0.622656 0.015000 0.035937
0 0.723375 0.631510 0.010750 0.027604
0 0.710000 0.571094 0.011500 0.025521
0 0.729750 0.568490 0.010000 0.038021
0 0.770875 0.558854 0.017750 0.031250
0 0.800000 0.653906 0.021500 0.035937
0 0.829125 0.592708 0.016750 0.031250
0 0.801625 0.689323 0.011750 0.023438
0 0.651875 0.578646 0.012250 0.040625
0 0.667000 0.580469 0.013500 0.023438
0 0.674250 0.569531 0.015500 0.028646
0 0.475250 0.618229 0.014500 0.029167
0 0.482625 0.567187 0.012250 0.019792
0 0.481875 0.542188 0.012250 0.032292
0 0.460875 0.570833 0.011250 0.019792
0 0.469125 0.555469 0.012250 0.026562
0 0.465250 0.522656 0.021000 0.029687
0 0.457750 0.466927 0.016000 0.027604
0 0.464500 0.442708 0.011500 0.020833
0 0.464750 0.423698 0.014500 0.022396
0 0.467250 0.409635 0.009500 0.024479
0 0.476625 0.407552 0.008250 0.028646
0 0.461750 0.385677 0.014000 0.017188
0 0.494500 0.429427 0.015000 0.033854
0 0.504500 0.408073 0.016000 0.032813
0 0.506125 0.392969 0.010750 0.027604
0 0.499500 0.360938 0.009500 0.031250
0 0.482500 0.347396 0.011000 0.031250
0 0.480250 0.342708 0.020000 0.042708
0 0.478625 0.289583 0.008750 0.019792
0 0.463375 0.259375 0.006250 0.021875
0 0.496625 0.222917 0.011750 0.034375
0 0.499125 0.328385 0.013250 0.025521
0 0.507500 0.329948 0.014500 0.049479
0 0.515000 0.361719 0.009500 0.036979
0 0.519250 0.346094 0.014500 0.022396
0 0.520250 0.310937 0.014500 0.030208
0 0.525875 0.311458 0.014250 0.031250
0 0.528125 0.332292 0.016750 0.023958
0 0.520875 0.290104 0.008750 0.032292
0 0.532250 0.290625 0.013000 0.021875
0 0.525375 0.259896 0.012250 0.030208
0 0.530750 0.251042 0.010000 0.019792
0 0.537875 0.239062 0.012750 0.028125
0 0.526125 0.219271 0.011750 0.022917
0 0.532750 0.205469 0.010500 0.032813
0 0.521375 0.188802 0.011250 0.024479
0 0.525375 0.157552 0.013250 0.024479
0 0.524000 0.150000 0.009500 0.028125
0 0.541750 0.197917 0.016000 0.038542
0 0.549125 0.176563 0.016750 0.037500
0 0.535000 0.133854 0.014000 0.032292
0 0.526500 0.091406 0.014500 0.033854
0 0.455250 0.141667 0.021000 0.032292
0 0.497250 0.053906 0.010500 0.027604
0 0.496500 0.022396 0.010000 0.020833
0 0.538625 0.045573 0.013250 0.025521
0 0.548250 0.112760 0.015000 0.027604
0 0.555875 0.100781 0.013250 0.022396
0 0.548625 0.073438 0.012250 0.022917
0 0.557000 0.063542 0.015500 0.031250
0 0.573625 0.060156 0.014250 0.024479
0 0.593125 0.030729 0.013250 0.025000
0 0.568875 0.019792 0.011750 0.019792
0 0.530000 0.009635 0.018500 0.019271
0 0.308875 0.866406 0.012750 0.027604
0 0.314750 0.833854 0.012000 0.020833
0 0.320500 0.819531 0.010500 0.033854
0 0.290375 0.794010 0.012250 0.028646
0 0.278000 0.741406 0.015500 0.023438
0 0.103875 0.966406 0.011750 0.028646
0 0.125000 0.898698 0.010500 0.025521
0 0.059375 0.906250 0.012750 0.031250
0 0.107250 0.745313 0.013000 0.029167
0 0.115500 0.740365 0.010500 0.027604
0 0.222750 0.901042 0.014000 0.034375
0 0.283000 0.855469 0.015500 0.026562
0 0.411375 0.682552 0.011250 0.025521
0 0.405000 0.593229 0.011500 0.039583
0 0.405000 0.594271 0.011500 0.030208
0 0.413000 0.546354 0.015500 0.033333
0 0.405625 0.536458 0.017250 0.034375
0 0.395875 0.538802 0.013250 0.023438
0 0.374000 0.558073 0.009500 0.017188
0 0.384500 0.553906 0.014000 0.027604
0 0.375625 0.529167 0.011750 0.031250
0 0.368625 0.524479 0.012250 0.021875
0 0.360250 0.550781 0.011000 0.026562
0 0.363125 0.525521 0.008750 0.019792
0 0.390000 0.512760 0.011500 0.038021
0 0.400625 0.503385 0.012750 0.026562
0 0.398000 0.469531 0.014500 0.027604
0 0.380500 0.444010 0.015000 0.023438
0 0.386125 0.453125 0.010750 0.022917
0 0.378375 0.425260 0.016250 0.027604
0 0.361125 0.423177 0.007250 0.016146
0 0.361750 0.440885 0.014000 0.024479
0 0.370250 0.462240 0.014500 0.025521
0 0.347250 0.468750 0.016000 0.021875
0 0.345125 0.487500 0.007250 0.019792
0 0.350375 0.509375 0.013250 0.033333
0 0.336125 0.486198 0.013750 0.028646
0 0.335500 0.461458 0.010500 0.030208
0 0.339750 0.448698 0.010000 0.027604
0 0.301125 0.460677 0.011750 0.019271
0 0.283625 0.370312 0.011250 0.031250
0 0.298625 0.336198 0.008750 0.018229
0 0.310500 0.329427 0.015000 0.034896
0 0.306625 0.359896 0.011750 0.019792
0 0.319250 0.388281 0.011000 0.036979
0 0.326625 0.369271 0.011750 0.040625
0 0.331125 0.318750 0.008250 0.030208
0 0.346625 0.345573 0.012750 0.025521
0 0.344375 0.378385 0.017250 0.026562
0 0.359250 0.385937 0.020000 0.053125
0 0.356750 0.384115 0.020500 0.047396
0 0.369750 0.371615 0.012000 0.026562
0 0.368375 0.344531 0.008250 0.027604
0 0.357250 0.346094 0.016000 0.028646
0 0.361375 0.329948 0.012250 0.024479
0 0.364125 0.296354 0.012250 0.029167
0 0.328875 0.035937 0.012750 0.038542
0 0.326625 0.038802 0.017250 0.034896
0 0.354375 0.136719 0.012750 0.026562
0 0.321125 0.173437 0.018250 0.031250
0 0.318625 0.173698 0.013250 0.026562
0 0.305000 0.188281 0.014000 0.025521
0 0.301125 0.203646 0.011750 0.019792
0 0.283625 0.193229 0.021250 0.033333
0 0.282000 0.196094 0.016500 0.025521
0 0.271375 0.214323 0.016750 0.026562
0 0.269500 0.213021 0.018500 0.027083
0 0.283875 0.232813 0.016250 0.029167
0 0.248875 0.230208 0.018250 0.031250
0 0.247625 0.222396 0.017750 0.029167
0 0.250250 0.205990 0.010000 0.017188
0 0.240875 0.194531 0.018750 0.022396
0 0.255000 0.161458 0.024000 0.039583
0 0.253625 0.163802 0.021250 0.032813
0 0.275250 0.127344 0.015500 0.038021
0 0.272250 0.130208 0.013000 0.034375
0 0.213000 0.058594 0.010000 0.016146
0 0.224250 0.077604 0.010000 0.029167
0 0.197875 0.080469 0.017250 0.023438
0 0.205250 0.092708 0.010000 0.017708
0 0.197625 0.101302 0.012250 0.025521
0 0.219125 0.106510 0.012250 0.028646
