0 0.275260 0.251125 0.029687 0.014750
0 0.328646 0.309000 0.015625 0.011000
0 0.331510 0.316250 0.023438 0.013500
0 0.250521 0.343750 0.025000 0.008500
0 0.261198 0.355375 0.015104 0.009250
0 0.305990 0.337000 0.024479 0.008000
0 0.303125 0.343250 0.016667 0.012000
0 0.293490 0.355125 0.033854 0.009750
0 0.294531 0.357375 0.022396 0.010750
0 0.302083 0.367125 0.023958 0.009750
0 0.296354 0.376625 0.021875 0.008250
0 0.320052 0.371750 0.023438 0.011500
0 0.274740 0.392125 0.021354 0.011750
0 0.263021 0.409000 0.027083 0.016500
0 0.385156 0.459625 0.018229 0.015250
0 0.381771 0.460125 0.034375 0.009750
0 0.442188 0.440500 0.026042 0.011000
0 0.439583 0.448625 0.034375 0.010750
0 0.484375 0.431750 0.023958 0.005500
0 0.494531 0.433625 0.030729 0.009250
0 0.529948 0.417125 0.033854 0.009750
0 0.570312 0.427000 0.026042 0.013000
0 0.675000 0.407000 0.029167 0.012500
0 0.699479 0.403000 0.021875 0.010000
0 0.679167 0.411375 0.023958 0.010250
0 0.707292 0.420125 0.028125 0.011250
0 0.689323 0.432625 0.019271 0.011250
0 0.672396 0.428250 0.026042 0.008000
0 0.667188 0.434500 0.036458 0.014000
0 0.653646 0.441875 0.029167 0.008250
0 0.624479 0.436375 0.026042 0.010250
0 0.569792 0.444500 0.029167 0.006000
0 0.587240 0.447375 0.028646 0.009250
0 0.583854 0.452000 0.026042 0.012000
0 0.595313 0.457625 0.023958 0.009250
0 0.519271 0.449375 0.023958 0.009250
0 0.511458 0.451375 0.016667 0.008750
0 0.487240 0.458125 0.029687 0.014750
0 0.503906 0.457625 0.018229 0.010250
0 0.517188 0.459250 0.021875 0.008000
0 0.525521 0.463000 0.027083 0.012500
0 0.527083 0.461750 0.026042 0.011000
0 0.445312 0.465000 0.025000 0.011000
0 0.423698 0.470625 0.022396 0.008250
0 0.408333 0.470625 0.028125 0.010250
0 0.387500 0.474125 0.025000 0.009750
0 0.480990 0.530625 0.032813 0.009750
0 0.501823 0.542625 0.020313 0.009750
0 0.540365 0.544500 0.022396 0.012500
0 0.564063 0.548875 0.022917 0.010250
0 0.583854 0.548125 0.023958 0.011750
0 0.587240 0.525875 0.019271 0.010750
0 0.665365 0.563375 0.019271 0.010750
0 0.690885 0.582125 0.031771 0.016750
0 0.717448 0.586625 0.023438 0.015250
0 0.769531 0.611375 0.030729 0.016750
0 0.839062 0.617500 0.027083 0.019000
0 0.617448 0.572500 0.029687 0.012000
0 0.597656 0.571250 0.017188 0.008000
0 0.551042 0.562750 0.028125 0.011000
0 0.489323 0.556250 0.016146 0.008500
0 0.462240 0.549250 0.020313 0.007500
0 0.433854 0.550250 0.025000 0.012000
0 0.291927 0.582375 0.021354 0.007750
0 0.295312 0.589875 0.023958 0.009750
0 0.354167 0.602000 0.028125 0.013000
0 0.378906 0.607875 0.017188 0.009750
0 0.394010 0.608000 0.021354 0.012500
0 0.348438 0.623875 0.016667 0.009250
0 0.395573 0.625000 0.020313 0.012500
0 0.414062 0.626125 0.016667 0.011250
0 0.394271 0.631250 0.013542 0.006500
0 0.399219 0.639875 0.017188 0.008750
0 0.417448 0.635625 0.017188 0.009750
0 0.433333 0.635625 0.021875 0.010750
0 0.423698 0.651375 0.016146 0.014250
0 0.435156 0.652125 0.018229 0.009250
0 0.449740 0.659500 0.020313 0.012000
0 0.487240 0.656500 0.018229 0.012500
0 0.464323 0.674000 0.020313 0.011500
0 0.457031 0.678250 0.017188 0.011500
0 0.471875 0.675875 0.026042 0.008750
0 0.477083 0.688000 0.027083 0.013500
0 0.495573 0.690000 0.019271 0.014000
0 0.503385 0.699750 0.019271 0.014000
0 0.446354 0.692625 0.027083 0.009750
0 0.511979 0.722250 0.025000 0.012500
0 0.557813 0.707625 0.014583 0.010250
0 0.573698 0.718750 0.019271 0.017500
0 0.586198 0.728875 0.019271 0.009250
0 0.592969 0.731000 0.019271 0.012500
0 0.616927 0.741000 0.019271 0.012000
0 0.629948 0.752750 0.018229 0.014500
0 0.610677 0.758000 0.020313 0.013000
0 0.594531 0.764625 0.020313 0.010250
0 0.497656 0.741250 0.019271 0.013500
0 0.568229 0.781500 0.028125 0.011500
0 0.630990 0.810250 0.018229 0.012500
0 0.557813 0.806000 0.037500 0.017000
0 0.645052 0.902125 0.021354 0.009250
0 0.223177 0.903500 0.029687 0.014000
0 0.230208 0.897000 0.022917 0.013000
0 0.304948 0.874750 0.020313 0.011000
0 0.284115 0.822750 0.019271 0.013000
0 0.307031 0.808000 0.022396 0.012000
0 0.192188 0.876125 0.021875 0.010250
0 0.190365 0.852750 0.018229 0.011500
0 0.177865 0.843750 0.018229 0.011000
0 0.186458 0.841250 0.023958 0.012500
0 0.170573 0.815750 0.028646 0.012500
0 0.193229 0.789500 0.026042 0.013000
0 0.214583 0.762000 0.026042 0.012500
0 0.283854 0.666625 0.026042 0.009750
0 0.253906 0.680250 0.027604 0.012000
0 0.277083 0.700875 0.021875 0.007750
0 0.248177 0.712000 0.031771 0.013500
0 0.246615 0.714250 0.032813 0.012500
0 0.219271 0.703000 0.021875 0.008500
0 0.225781 0.700875 0.020313 0.008750
0 0.187760 0.699500 0.019271 0.008000
0 0.191146 0.713000 0.028125 0.012500
0 0.218229 0.681000 0.023958 0.011500
0 0.217188 0.647125 0.023958 0.009750
0 0.232292 0.632875 0.015625 0.009750
0 0.240365 0.632625 0.018229 0.008250
0 0.224219 0.621000 0.020313 0.014000
0 0.226042 0.622125 0.023958 0.009750
0 0.232292 0.614625 0.013542 0.009250
0 0.223437 0.606000 0.027083 0.014500
0 0.224479 0.607375 0.027083 0.011750
0 0.225000 0.595125 0.021875 0.008250
0 0.224479 0.593750 0.029167 0.012000
