0 0.497750 0.862240 0.005500 0.009896
0 0.510625 0.823437 0.004750 0.010417
0 0.572750 0.691146 0.005500 0.006250
0 0.596500 0.636979 0.004000 0.009375
0 0.540750 0.619271 0.003500 0.008333
0 0.533875 0.623437 0.003750 0.009375
0 0.491125 0.650260 0.003250 0.009896
0 0.473375 0.644792 0.003750 0.007292
0 0.449250 0.670052 0.004000 0.009896
0 0.420875 0.722917 0.003750 0.009375
0 0.411500 0.682031 0.003500 0.009896
0 0.437750 0.677344 0.004000 0.010937
0 0.408000 0.675521 0.002500 0.009375
0 0.410250 0.676042 0.003000 0.009375
0 0.343875 0.717448 0.004750 0.009896
0 0.359125 0.664583 0.004750 0.009375
0 0.314000 0.776823 0.005000 0.007812
0 0.324375 0.836458 0.002750 0.008333
0 0.301375 0.802083 0.005750 0.007292
0 0.283375 0.819792 0.005250 0.007292
0 0.288125 0.792188 0.005250 0.007292
0 0.305625 0.763542 0.004250 0.009375
0 0.316250 0.739583 0.003500 0.009375
0 0.313375 0.743229 0.002250 0.008333
0 0.250000 0.782292 0.003000 0.010417
0 0.276375 0.772396 0.004750 0.010417
0 0.236625 0.879948 0.005250 0.009896
0 0.234375 0.791406 0.004250 0.010937
0 0.200250 0.841667 0.005500 0.008333
0 0.202750 0.837240 0.004000 0.008854
0 0.174875 0.894531 0.005250 0.007812
0 0.133250 0.853385 0.004000 0.010937
0 0.500375 0.501823 0.004250 0.009896
0 0.505250 0.504167 0.003500 0.010417
0 0.492125 0.481250 0.004250 0.006250
0 0.457000 0.504687 0.005000 0.008333
0 0.461750 0.465365 0.004000 0.007812
0 0.426125 0.499479 0.004750 0.010417
0 0.425125 0.470573 0.003250 0.008854
0 0.423750 0.472396 0.004500 0.009375
0 0.405000 0.435417 0.003500 0.005208
0 0.402125 0.429948 0.005250 0.007812
0 0.376750 0.432552 0.004000 0.010937
0 0.376875 0.418750 0.004250 0.006250
0 0.363625 0.504167 0.003750 0.010417
0 0.358125 0.386198 0.004750 0.006771
0 0.363125 0.391146 0.003250 0.007292
0 0.335500 0.388021 0.004500 0.007292
0 0.348000 0.396094 0.003500 0.005729
0 0.311875 0.417708 0.004250 0.007292
0 0.326125 0.365625 0.004250 0.007292
0 0.300625 0.461719 0.004750 0.007812
0 0.296750 0.339583 0.004000 0.006250
0 0.266750 0.385417 0.003500 0.007292
0 0.265000 0.388281 0.004000 0.009896
0 0.204625 0.265885 0.004750 0.007812
0 0.162125 0.251563 0.004750 0.007292
0 0.166375 0.237240 0.003750 0.006771
0 0.175375 0.331771 0.004250 0.006250
0 0.176125 0.326562 0.005250 0.006250
0 0.247500 0.309635 0.003500 0.005729
0 0.251000 0.310937 0.003500 0.007292
0 0.613625 0.471615 0.003750 0.011979
0 0.540250 0.427604 0.005000 0.006250
0 0.535500 0.421354 0.004000 0.011458
0 0.504500 0.390885 0.002500 0.013021
0 0.468375 0.361458 0.005250 0.006250
0 0.485125 0.362500 0.003250 0.010417
0 0.483625 0.360417 0.002750 0.008333
0 0.433375 0.320833 0.004250 0.010417
0 0.401000 0.289323 0.005500 0.006771
0 0.402000 0.275260 0.004000 0.008854
0 0.393375 0.278125 0.004250 0.009375
0 0.388125 0.282031 0.004250 0.009896
0 0.373500 0.279948 0.004000 0.010937
0 0.339125 0.284896 0.005250 0.009375
0 0.368625 0.244792 0.004250 0.011458
0 0.338000 0.238802 0.003500 0.011979
0 0.391000 0.208854 0.003500 0.008333
0 0.345375 0.222917 0.003750 0.006250
0 0.345000 0.225521 0.005000 0.006250
0 0.347750 0.275260 0.004000 0.004687
0 0.349125 0.278125 0.004250 0.006250
0 0.286875 0.171354 0.003250 0.010417
0 0.286625 0.162240 0.002750 0.009896
0 0.287125 0.076823 0.005250 0.007812
0 0.238500 0.078906 0.006500 0.006771
0 0.257750 0.025000 0.004000 0.006250
0 0.236375 0.009896 0.004750 0.007292
0 0.574125 0.369271 0.002750 0.010417
0 0.567750 0.358073 0.003500 0.007812
0 0.547875 0.305729 0.005250 0.006250
0 0.533625 0.249219 0.004750 0.008854
0 0.496375 0.185677 0.003750 0.010937
0 0.491875 0.123177 0.004250 0.006771
0 0.647625 0.233073 0.004250 0.005729
0 0.641250 0.244271 0.003000 0.008333
0 0.649125 0.291146 0.003250 0.008333
