0 0.264583 0.550750 0.012500 0.007500
0 0.360677 0.531250 0.014063 0.005000
0 0.317188 0.470625 0.011458 0.008750
0 0.056510 0.373625 0.017188 0.004750
0 0.277604 0.477500 0.012500 0.002500
0 0.278385 0.474500 0.015104 0.003500
0 0.470052 0.582125 0.005729 0.006250
0 0.475781 0.582000 0.008854 0.006500
0 0.553646 0.579375 0.006250 0.006750
0 0.532813 0.542625 0.010417 0.006250
0 0.500000 0.503375 0.008333 0.006750
0 0.392188 0.404875 0.011458 0.006250
0 0.363802 0.332125 0.007812 0.007250
0 0.472917 0.335625 0.011458 0.006250
0 0.360417 0.234625 0.010417 0.007250
0 0.786198 0.386000 0.011979 0.006500
0 0.785156 0.579875 0.013021 0.004750
