0 0.062125 0.519531 0.007250 0.007812
0 0.244500 0.453906 0.005500 0.006771
0 0.334875 0.513021 0.006250 0.011458
0 0.347750 0.471354 0.006000 0.010417
0 0.334125 0.457813 0.005750 0.011458
0 0.338875 0.453906 0.005250 0.010937
0 0.347500 0.451302 0.005000 0.015104
0 0.366875 0.463542 0.005250 0.011458
0 0.372375 0.451562 0.003750 0.013542
0 0.380750 0.470052 0.004500 0.005729
0 0.393625 0.477083 0.005250 0.010417
0 0.395750 0.462240 0.005500 0.007812
0 0.405000 0.488802 0.005500 0.007812
0 0.388875 0.495573 0.006250 0.006771
0 0.388625 0.509635 0.006750 0.008854
0 0.379625 0.498437 0.005250 0.008333
0 0.379625 0.482292 0.005750 0.007292
0 0.381250 0.489323 0.004500 0.007812
0 0.385500 0.489323 0.004500 0.007812
0 0.372875 0.521875 0.005250 0.007292
0 0.380250 0.521354 0.005500 0.010417
0 0.386000 0.524740 0.006000 0.008854
0 0.377500 0.534375 0.007000 0.008333
0 0.378375 0.563021 0.005750 0.010417
0 0.396000 0.562240 0.006500 0.008854
0 0.410625 0.533854 0.006250 0.010417
0 0.404875 0.513802 0.005750 0.011979
0 0.398500 0.539583 0.004000 0.007292
0 0.399000 0.536458 0.004500 0.008333
0 0.406125 0.569531 0.005250 0.005729
0 0.406000 0.565365 0.005500 0.004687
0 0.437125 0.534375 0.005250 0.009375
0 0.440625 0.525781 0.005250 0.011979
0 0.431000 0.508594 0.005000 0.010937
0 0.421625 0.502865 0.005750 0.004687
0 0.421625 0.498437 0.004750 0.004167
0 0.421625 0.486719 0.005250 0.011979
0 0.417000 0.511979 0.007000 0.011458
0 0.455000 0.546094 0.006000 0.010937
0 0.461625 0.567969 0.005250 0.008854
0 0.478000 0.564063 0.006500 0.008333
0 0.489750 0.590625 0.004000 0.013542
0 0.475250 0.583594 0.003500 0.009896
0 0.476875 0.578385 0.004250 0.010937
0 0.468750 0.658594 0.005500 0.009896
0 0.438625 0.669010 0.007250 0.009896
0 0.433500 0.643750 0.005500 0.008333
0 0.423750 0.643490 0.004500 0.009896
0 0.423875 0.690885 0.005250 0.011979
0 0.421250 0.710677 0.006000 0.008854
0 0.411500 0.710156 0.005500 0.006771
0 0.408625 0.688281 0.004750 0.010937
0 0.406875 0.673958 0.003750 0.012500
0 0.403500 0.653646 0.005000 0.005208
0 0.401625 0.650260 0.006750 0.007812
0 0.396750 0.701302 0.004000 0.010937
0 0.398000 0.693229 0.003000 0.008333
0 0.400875 0.690625 0.005250 0.005208
0 0.403875 0.685677 0.003750 0.007812
0 0.402000 0.698177 0.003000 0.009896
0 0.404625 0.705208 0.005250 0.006250
0 0.394250 0.713021 0.004000 0.011458
0 0.391625 0.669531 0.004750 0.004687
0 0.391375 0.666406 0.004250 0.004687
0 0.390625 0.677083 0.004750 0.006250
0 0.389625 0.674479 0.005250 0.006250
0 0.389375 0.729427 0.005250 0.008854
0 0.384500 0.729948 0.004000 0.008854
0 0.381750 0.725781 0.005500 0.005729
0 0.378000 0.733073 0.005500 0.005729
0 0.374625 0.723698 0.004250 0.009896
0 0.384250 0.752865 0.006000 0.006771
0 0.394375 0.755990 0.004750 0.007812
0 0.395000 0.764844 0.005500 0.008854
0 0.401875 0.747135 0.004250 0.010937
0 0.409375 0.740885 0.004750 0.010937
0 0.420000 0.738281 0.005000 0.008854
0 0.425000 0.738542 0.005500 0.005208
0 0.423375 0.733594 0.005750 0.005729
0 0.435625 0.751302 0.004250 0.005729
0 0.436875 0.747135 0.004750 0.004687
0 0.424375 0.758854 0.005750 0.006250
0 0.419750 0.757292 0.004000 0.006250
0 0.420250 0.752083 0.005000 0.005208
0 0.356250 0.771875 0.005500 0.009375
0 0.345875 0.700260 0.004250 0.009896
0 0.342125 0.704688 0.005750 0.004167
0 0.342250 0.709115 0.005500 0.004687
0 0.335375 0.709635 0.003750 0.008854
0 0.332625 0.707031 0.003250 0.008854
0 0.320875 0.803125 0.004750 0.008333
0 0.321250 0.798438 0.005000 0.005208
0 0.510625 0.692969 0.004250 0.006771
0 0.497625 0.733073 0.004250 0.010937
0 0.485250 0.769531 0.006500 0.008854
0 0.480750 0.761979 0.005000 0.010417
0 0.482375 0.803646 0.005250 0.007292
0 0.475125 0.811979 0.003250 0.013542
0 0.475875 0.799740 0.003250 0.009896
0 0.473375 0.807292 0.002750 0.011458
0 0.468000 0.786198 0.006000 0.006771
0 0.472250 0.784375 0.004000 0.011458
0 0.470875 0.796615 0.002750 0.011979
0 0.468375 0.799219 0.002750 0.010937
0 0.467000 0.794271 0.004000 0.009375
0 0.466500 0.841667 0.004000 0.011458
0 0.472500 0.848698 0.003000 0.011979
0 0.478750 0.867188 0.006500 0.009375
0 0.466750 0.868490 0.004000 0.010937
0 0.459375 0.877604 0.004250 0.009375
0 0.462750 0.884115 0.005500 0.005729
0 0.463375 0.877604 0.005250 0.006250
0 0.519875 0.541146 0.003250 0.012500
0 0.497250 0.458594 0.004000 0.010937
0 0.478875 0.451042 0.005250 0.009375
0 0.481375 0.416146 0.004750 0.013542
0 0.477625 0.402344 0.004750 0.011979
0 0.457500 0.404687 0.004500 0.008333
0 0.451375 0.402344 0.006250 0.006771
0 0.458375 0.399479 0.004750 0.008333
0 0.438500 0.396354 0.005000 0.006250
0 0.472125 0.375781 0.004750 0.014063
0 0.454750 0.353125 0.004500 0.009375
0 0.444375 0.399479 0.003750 0.007292
0 0.445375 0.396615 0.004250 0.007812
0 0.455250 0.347656 0.005500 0.004687
0 0.434125 0.302083 0.005250 0.008333
0 0.426250 0.295312 0.004500 0.009375
0 0.429500 0.293229 0.002500 0.006250
0 0.425500 0.286719 0.005000 0.008854
0 0.429125 0.277604 0.003250 0.011458
0 0.443375 0.277865 0.003250 0.007812
0 0.433250 0.277083 0.003500 0.010417
0 0.434750 0.275781 0.002500 0.007812
0 0.417375 0.241146 0.003750 0.014583
0 0.423000 0.228125 0.003000 0.010417
0 0.434875 0.224740 0.004250 0.010937
0 0.402375 0.210156 0.005750 0.009896
0 0.407625 0.204687 0.004250 0.011458
0 0.407250 0.196615 0.005500 0.008854
0 0.421625 0.191146 0.003250 0.009375
0 0.423000 0.190885 0.003500 0.009896
0 0.433500 0.181771 0.004500 0.007292
0 0.433500 0.175260 0.004500 0.008854
0 0.427875 0.162240 0.003750 0.009896
0 0.403125 0.157031 0.003250 0.013021
0 0.405750 0.151302 0.003000 0.015104
0 0.399375 0.128125 0.004250 0.010417
0 0.424250 0.130990 0.004500 0.011979
0 0.413625 0.108333 0.004250 0.010417
0 0.413625 0.098698 0.003750 0.007812
0 0.397125 0.038281 0.005250 0.011979
0 0.393500 0.010937 0.004500 0.011458
0 0.448750 0.232813 0.003500 0.005208
0 0.448250 0.228646 0.003000 0.003125
0 0.459750 0.285677 0.003500 0.010937
0 0.465250 0.293229 0.004000 0.007292
0 0.462750 0.276302 0.003000 0.005729
0 0.534750 0.486979 0.004500 0.009375
0 0.509875 0.398698 0.004250 0.007812
0 0.513500 0.396094 0.005000 0.004687
0 0.526375 0.376563 0.002750 0.009375
0 0.525875 0.361719 0.003250 0.005729
0 0.522375 0.354948 0.002750 0.009896
0 0.494875 0.353125 0.004750 0.009375
0 0.503250 0.341406 0.005500 0.007812
0 0.493625 0.315625 0.004250 0.009375
0 0.491500 0.304948 0.004000 0.005729
0 0.493500 0.302604 0.002500 0.007292
0 0.489000 0.298438 0.004000 0.005208
0 0.488500 0.293229 0.003000 0.005208
0 0.492500 0.283854 0.005000 0.005208
0 0.507750 0.288281 0.003000 0.009896
0 0.503750 0.265104 0.002500 0.009375
0 0.499875 0.275260 0.002750 0.008854
0 0.496750 0.275781 0.004000 0.005729
0 0.482500 0.288021 0.003500 0.004167
0 0.484125 0.284635 0.004250 0.005729
0 0.487750 0.277865 0.002500 0.008854
0 0.484000 0.278125 0.003500 0.008333
0 0.481000 0.278646 0.002000 0.009375
0 0.477875 0.279427 0.004250 0.004687
0 0.476000 0.275000 0.003000 0.005208
0 0.473500 0.273177 0.003500 0.007812
0 0.483625 0.265625 0.002250 0.008333
0 0.481125 0.263542 0.004250 0.005208
0 0.471500 0.253646 0.002500 0.010417
0 0.473125 0.248698 0.002250 0.008854
0 0.478500 0.243750 0.002500 0.009375
0 0.487000 0.248958 0.002500 0.010417
0 0.503000 0.239583 0.003000 0.011458
0 0.484750 0.220312 0.002500 0.008333
0 0.483500 0.219271 0.002500 0.008333
0 0.512750 0.193229 0.003000 0.007292
0 0.521625 0.219010 0.002750 0.008854
0 0.514875 0.225781 0.003250 0.008854
0 0.513875 0.239583 0.002750 0.009375
0 0.513250 0.258073 0.003000 0.010937
0 0.520250 0.261719 0.003000 0.008854
0 0.525875 0.247656 0.002250 0.007812
0 0.527375 0.240625 0.002250 0.009375
0 0.529125 0.238542 0.002250 0.009375
0 0.531625 0.233594 0.002750 0.009896
0 0.536625 0.232813 0.003750 0.008333
0 0.485500 0.302604 0.002000 0.006250
0 0.497000 0.300260 0.002500 0.006771
0 0.495875 0.298177 0.002750 0.006771
0 0.534750 0.291667 0.003000 0.008333
0 0.540750 0.295312 0.002500 0.008333
0 0.543375 0.304948 0.002750 0.008854
0 0.534625 0.316667 0.003250 0.010417
0 0.539250 0.351823 0.003500 0.008854
0 0.547125 0.365885 0.003250 0.005729
0 0.537500 0.388802 0.003000 0.009896
0 0.538750 0.435156 0.003000 0.007812
0 0.526875 0.421094 0.002250 0.008854
0 0.528000 0.416927 0.001500 0.007812
0 0.542875 0.456250 0.003250 0.008333
0 0.037500 0.063542 0.005000 0.014583
0 0.169000 0.716927 0.005000 0.009896
0 0.554125 0.184635 0.002250 0.005729
0 0.454500 0.087500 0.003500 0.007292
0 0.520875 0.011198 0.003250 0.008854
