0 0.323958 0.394250 0.009375 0.003500
0 0.350260 0.440750 0.009896 0.003500
0 0.345313 0.443625 0.011458 0.003250
0 0.334115 0.446125 0.009896 0.003250
0 0.297135 0.442875 0.010937 0.002750
0 0.290365 0.446000 0.010937 0.004000
0 0.300000 0.453375 0.007292 0.004250
0 0.269271 0.461125 0.011458 0.005250
0 0.189323 0.452375 0.013021 0.005250
0 0.148958 0.489125 0.013542 0.005250
0 0.117969 0.500125 0.011979 0.004250
0 0.035937 0.512500 0.010417 0.006000
0 0.125521 0.634375 0.013542 0.004250
0 0.057292 0.611875 0.008333 0.005750
0 0.054948 0.610875 0.008854 0.004750
0 0.189583 0.603125 0.012500 0.003750
0 0.145833 0.579750 0.008333 0.005000
0 0.138802 0.579625 0.006771 0.006250
0 0.143750 0.574625 0.012500 0.003750
0 0.181510 0.565250 0.006771 0.004500
0 0.179688 0.564125 0.008333 0.005750
0 0.222396 0.539375 0.008333 0.005250
0 0.241406 0.535625 0.013021 0.004250
0 0.261719 0.524375 0.015104 0.005250
0 0.272656 0.511125 0.006771 0.006250
0 0.264323 0.512750 0.008854 0.003000
0 0.267188 0.510375 0.005208 0.003250
0 0.313542 0.493750 0.009375 0.003500
0 0.321094 0.492250 0.004687 0.006000
0 0.334375 0.481000 0.008333 0.003500
0 0.346615 0.476625 0.006771 0.004750
0 0.341927 0.476750 0.006771 0.005000
0 0.358073 0.468125 0.009896 0.005250
0 0.360156 0.461625 0.006771 0.006750
0 0.372917 0.474500 0.012500 0.004000
0 0.353125 0.498250 0.008333 0.003500
0 0.351302 0.497250 0.009896 0.004500
0 0.338802 0.508250 0.005729 0.004500
0 0.335938 0.507500 0.008333 0.006000
0 0.277344 0.533000 0.010937 0.005500
0 0.311458 0.549000 0.009375 0.006500
0 0.235156 0.579500 0.017188 0.005500
0 0.237240 0.632000 0.011979 0.007000
0 0.461198 0.451750 0.010937 0.004500
0 0.462500 0.456375 0.010417 0.003750
0 0.435417 0.465375 0.009375 0.004750
0 0.441406 0.466875 0.008854 0.003750
0 0.476042 0.470875 0.006250 0.005750
0 0.463021 0.486000 0.007292 0.006000
0 0.462240 0.480875 0.008854 0.005750
0 0.445833 0.486750 0.005208 0.004000
0 0.440625 0.490125 0.006250 0.003750
0 0.441667 0.485875 0.006250 0.004750
0 0.452083 0.498125 0.005208 0.003250
0 0.448698 0.496625 0.005729 0.005750
0 0.466927 0.511375 0.007812 0.006250
0 0.475000 0.509250 0.009375 0.004500
0 0.484375 0.510875 0.009375 0.003750
0 0.485937 0.514500 0.013542 0.005000
0 0.478385 0.524625 0.016146 0.004250
0 0.561979 0.571375 0.012500 0.004750
0 0.488281 0.588000 0.007812 0.006500
0 0.473958 0.592750 0.007292 0.007000
0 0.482292 0.605375 0.009375 0.004750
0 0.475521 0.603125 0.010417 0.005750
0 0.433073 0.621500 0.007812 0.005000
0 0.420573 0.659250 0.008854 0.005000
0 0.413281 0.656750 0.005729 0.004500
0 0.413802 0.652500 0.006771 0.004000
0 0.410156 0.649000 0.007812 0.003000
0 0.408073 0.647500 0.009896 0.003000
0 0.418229 0.643625 0.006250 0.003250
0 0.417708 0.637500 0.008333 0.005000
0 0.425260 0.632250 0.005729 0.003000
0 0.415885 0.695250 0.009896 0.006500
0 0.448958 0.690125 0.006250 0.004250
0 0.450260 0.688625 0.010937 0.005750
0 0.488281 0.679125 0.009896 0.005750
0 0.492188 0.683250 0.014583 0.003500
0 0.450521 0.786125 0.014583 0.004250
0 0.516146 0.440000 0.005208 0.006000
0 0.520833 0.437125 0.010417 0.005250
0 0.516667 0.453125 0.008333 0.004250
0 0.543490 0.445750 0.015104 0.004500
0 0.553125 0.450750 0.012500 0.004000
0 0.575000 0.452250 0.008333 0.007000
0 0.549219 0.467875 0.009896 0.006250
0 0.591667 0.461500 0.014583 0.003500
0 0.537240 0.462250 0.008854 0.002000
0 0.537240 0.464500 0.009896 0.002500
0 0.636719 0.480750 0.007812 0.007000
0 0.604688 0.482500 0.012500 0.004000
0 0.603125 0.468125 0.006250 0.005250
0 0.598177 0.468375 0.004687 0.006250
0 0.583594 0.471000 0.010937 0.004000
0 0.570573 0.464625 0.010937 0.004250
0 0.572135 0.467250 0.008854 0.002000
0 0.574479 0.469500 0.008333 0.003000
0 0.578385 0.463500 0.008854 0.003000
0 0.582292 0.468125 0.010417 0.002750
0 0.584375 0.471125 0.010417 0.003750
0 0.600521 0.473875 0.009375 0.002750
0 0.592448 0.473375 0.006771 0.002250
0 0.594271 0.475875 0.009375 0.003250
0 0.623698 0.503375 0.007812 0.004750
0 0.608073 0.497625 0.009896 0.004750
0 0.603906 0.493125 0.009896 0.004250
0 0.588542 0.487500 0.007292 0.005500
0 0.661458 0.509125 0.010417 0.006250
0 0.670573 0.511875 0.007812 0.007750
0 0.690104 0.514000 0.011458 0.005500
0 0.714583 0.505375 0.013542 0.004250
0 0.689844 0.508875 0.010937 0.005250
0 0.701823 0.512250 0.010937 0.005500
0 0.674740 0.555000 0.013021 0.004500
0 0.806510 0.647000 0.015104 0.004500
0 0.802083 0.564375 0.013542 0.004750
0 0.776302 0.562000 0.009896 0.007000
0 0.803646 0.544375 0.010417 0.003250
0 0.801562 0.541375 0.013542 0.003250
0 0.751563 0.528375 0.013542 0.004250
0 0.707292 0.532250 0.010417 0.005500
0 0.666146 0.423250 0.012500 0.003500
0 0.673698 0.435250 0.015104 0.004500
0 0.707031 0.427625 0.009896 0.006750
0 0.714844 0.439500 0.011979 0.004000
0 0.725781 0.446875 0.015104 0.004750
0 0.761719 0.420500 0.008854 0.007500
0 0.779687 0.428125 0.008333 0.006750
0 0.748958 0.428000 0.010417 0.005000
0 0.741406 0.431750 0.010937 0.006000
0 0.764844 0.432375 0.008854 0.004250
0 0.767448 0.430875 0.010937 0.004250
0 0.814323 0.453250 0.016146 0.004500
0 0.836458 0.441000 0.010417 0.005500
0 0.838802 0.435375 0.011979 0.006250
0 0.884635 0.449875 0.010937 0.004750
0 0.860677 0.447500 0.007812 0.004500
0 0.870573 0.447875 0.013021 0.003750
0 0.880729 0.441375 0.010417 0.005250
0 0.883594 0.428875 0.014063 0.006250
0 0.842187 0.409750 0.008333 0.006000
0 0.698177 0.377125 0.009896 0.005750
0 0.957292 0.445500 0.012500 0.002500
0 0.957812 0.443000 0.014583 0.002500
0 0.873698 0.352250 0.009896 0.004500
