0 0.102344 0.567125 0.021354 0.010250
0 0.138021 0.554250 0.011458 0.003500
0 0.198437 0.660875 0.013542 0.005750
0 0.269531 0.616375 0.011979 0.007250
0 0.250000 0.604250 0.008333 0.006500
0 0.267188 0.599125 0.012500 0.004250
0 0.275781 0.598625 0.013021 0.007250
0 0.250000 0.585500 0.010417 0.007500
0 0.259375 0.590000 0.014583 0.005500
0 0.255208 0.594250 0.007292 0.007000
0 0.260937 0.594500 0.007292 0.005500
0 0.203125 0.581250 0.007292 0.004000
0 0.211719 0.584625 0.007812 0.005750
0 0.295312 0.623500 0.009375 0.004000
0 0.298177 0.621750 0.008854 0.003000
0 0.191667 0.547750 0.009375 0.006500
0 0.124219 0.525375 0.006771 0.005750
0 0.195573 0.518750 0.007812 0.006500
0 0.211198 0.514250 0.013021 0.005000
0 0.186719 0.511500 0.007812 0.005000
0 0.198177 0.510625 0.005729 0.004750
0 0.201823 0.506750 0.005729 0.006500
0 0.192708 0.504750 0.012500 0.004500
0 0.213542 0.499625 0.007292 0.006250
0 0.221615 0.497875 0.003646 0.004750
0 0.226042 0.497500 0.007292 0.006500
0 0.167969 0.488875 0.010937 0.005250
0 0.171875 0.486000 0.010417 0.004000
0 0.204687 0.495250 0.009375 0.006000
0 0.222135 0.473750 0.007812 0.007000
0 0.174479 0.471125 0.007292 0.005750
0 0.165885 0.471000 0.003646 0.007000
0 0.169271 0.471625 0.003125 0.004750
0 0.215625 0.464500 0.006250 0.007500
0 0.207812 0.458000 0.010417 0.004500
0 0.243750 0.454750 0.009375 0.007500
0 0.228906 0.460750 0.007812 0.008000
0 0.235677 0.462250 0.003646 0.004500
0 0.239583 0.462125 0.005208 0.006250
0 0.169010 0.442250 0.013021 0.004000
0 0.180469 0.433875 0.015104 0.004250
0 0.186719 0.442125 0.005729 0.005750
0 0.190625 0.441875 0.005208 0.004750
0 0.162500 0.435375 0.004167 0.007250
0 0.167187 0.435625 0.004167 0.005750
0 0.153906 0.423875 0.011979 0.006250
0 0.127604 0.408500 0.006250 0.003000
0 0.261979 0.487375 0.010417 0.004250
0 0.270573 0.485375 0.006771 0.006250
0 0.283333 0.498000 0.008333 0.006000
0 0.291927 0.500625 0.004687 0.006250
0 0.296354 0.501375 0.004167 0.005250
0 0.302344 0.504375 0.006771 0.006250
0 0.261979 0.525625 0.006250 0.006250
0 0.303385 0.520875 0.008854 0.005250
0 0.330990 0.524250 0.006771 0.007500
0 0.351823 0.532625 0.009896 0.006750
0 0.353385 0.544375 0.011979 0.006250
0 0.342448 0.541125 0.010937 0.007250
0 0.333594 0.556625 0.006771 0.007750
0 0.316927 0.557375 0.007812 0.006250
0 0.281510 0.551125 0.007812 0.006250
0 0.344010 0.574500 0.006771 0.006500
0 0.352344 0.577125 0.008854 0.006750
0 0.328646 0.585125 0.010417 0.004750
0 0.341406 0.586875 0.013021 0.004250
0 0.344271 0.591125 0.005208 0.005250
0 0.348958 0.591125 0.006250 0.006250
0 0.344792 0.608875 0.010417 0.006250
0 0.317708 0.602125 0.007292 0.005750
0 0.323437 0.602625 0.006250 0.005250
0 0.339844 0.630375 0.005729 0.006750
0 0.348958 0.633000 0.007292 0.005500
0 0.316927 0.475750 0.006771 0.006000
0 0.324479 0.475750 0.010417 0.005000
0 0.277344 0.476250 0.005729 0.005500
0 0.281510 0.475750 0.005729 0.005000
0 0.460938 0.395750 0.012500 0.003000
0 0.459635 0.398125 0.013021 0.004250
0 0.477604 0.401625 0.006250 0.006750
0 0.484896 0.398500 0.009375 0.007000
0 0.471354 0.419875 0.014583 0.005250
0 0.462760 0.436375 0.008854 0.006250
0 0.420573 0.432500 0.010937 0.008000
0 0.492708 0.452000 0.008333 0.008000
0 0.450260 0.460875 0.014063 0.006250
0 0.474219 0.462875 0.009896 0.005750
0 0.478906 0.461000 0.010937 0.005500
0 0.511198 0.451500 0.010937 0.005000
0 0.514323 0.448750 0.009896 0.003500
0 0.525260 0.451000 0.008854 0.006000
0 0.527083 0.456500 0.010417 0.005500
0 0.517188 0.456500 0.008333 0.005500
0 0.521094 0.476625 0.011979 0.007750
0 0.462240 0.491125 0.007812 0.004750
0 0.469792 0.488125 0.006250 0.007750
0 0.440365 0.495875 0.010937 0.006750
0 0.443490 0.508500 0.011979 0.006500
0 0.424219 0.488875 0.007812 0.006750
0 0.427865 0.484250 0.006771 0.005500
0 0.415104 0.483375 0.008333 0.007750
0 0.373177 0.470125 0.008854 0.004750
0 0.439583 0.520750 0.011458 0.007000
0 0.468229 0.529750 0.010417 0.004500
0 0.453906 0.541250 0.010937 0.005000
0 0.466667 0.533500 0.005208 0.006000
0 0.472396 0.533000 0.005208 0.005000
0 0.454687 0.549250 0.010417 0.008000
0 0.445833 0.549000 0.004167 0.006000
0 0.438542 0.547000 0.011458 0.005500
0 0.434896 0.562875 0.007292 0.006250
0 0.435677 0.568500 0.007812 0.006500
0 0.410938 0.581750 0.007292 0.006500
0 0.404687 0.602125 0.010417 0.008250
0 0.428385 0.581875 0.003646 0.005750
0 0.432552 0.581500 0.004687 0.006500
0 0.405208 0.624500 0.010417 0.004000
0 0.472917 0.599125 0.008333 0.005750
0 0.484375 0.596625 0.012500 0.004750
0 0.491927 0.593750 0.011979 0.004000
0 0.474219 0.587875 0.011979 0.004750
0 0.515104 0.556875 0.015625 0.009250
0 0.445833 0.530250 0.009375 0.005500
0 0.450781 0.529000 0.007812 0.004000
0 0.523177 0.646625 0.010937 0.003250
0 0.519792 0.641875 0.006250 0.005250
0 0.533854 0.638375 0.013542 0.003750
0 0.539323 0.611875 0.013021 0.006250
0 0.596354 0.627875 0.010417 0.004750
0 0.563021 0.586250 0.011458 0.006000
0 0.559635 0.601625 0.014063 0.003750
0 0.567448 0.603250 0.013021 0.004000
0 0.576042 0.604000 0.013542 0.006000
0 0.613281 0.586500 0.006771 0.008000
0 0.625000 0.586625 0.007292 0.003750
0 0.627865 0.588125 0.009896 0.005250
0 0.661719 0.595750 0.007812 0.007000
0 0.678125 0.607625 0.014583 0.004750
0 0.664844 0.607875 0.011979 0.005750
0 0.649219 0.584375 0.013021 0.004750
0 0.617969 0.571375 0.011979 0.005750
0 0.658073 0.569750 0.007812 0.003500
0 0.658594 0.572250 0.013021 0.004500
0 0.684115 0.577625 0.010937 0.005750
0 0.697656 0.585000 0.010937 0.006000
0 0.718490 0.578625 0.010937 0.004750
0 0.725260 0.578375 0.009896 0.003750
0 0.731250 0.579250 0.011458 0.004500
0 0.734375 0.581250 0.011458 0.003000
0 0.763542 0.571500 0.014583 0.004500
0 0.759375 0.566125 0.013542 0.004750
0 0.779167 0.570625 0.013542 0.007750
0 0.811198 0.555125 0.009896 0.005750
0 0.805990 0.571625 0.011979 0.004750
0 0.813802 0.572250 0.009896 0.005500
0 0.828385 0.567000 0.010937 0.005500
0 0.837500 0.573375 0.011458 0.004750
0 0.838542 0.576750 0.010417 0.004000
0 0.845313 0.553250 0.014583 0.004000
0 0.825781 0.546125 0.014063 0.005250
0 0.800000 0.535625 0.013542 0.004750
0 0.787760 0.546125 0.013021 0.004250
0 0.773958 0.548625 0.008333 0.003750
0 0.774219 0.551000 0.008854 0.004000
0 0.783333 0.549250 0.009375 0.003500
0 0.793490 0.528625 0.010937 0.004250
0 0.787240 0.521625 0.013021 0.003250
0 0.795312 0.516625 0.013542 0.003750
0 0.818490 0.515125 0.015104 0.005250
0 0.829948 0.522875 0.013021 0.005250
0 0.773177 0.529250 0.011979 0.003500
0 0.774219 0.526875 0.013021 0.003750
0 0.716146 0.535500 0.010417 0.006000
0 0.683854 0.529875 0.007292 0.005250
0 0.696354 0.548000 0.012500 0.005000
0 0.703906 0.550625 0.011979 0.004750
0 0.712760 0.544750 0.011979 0.004500
0 0.708594 0.542750 0.011979 0.005000
0 0.678385 0.558375 0.011979 0.004250
0 0.664062 0.560625 0.011458 0.005750
0 0.672656 0.556125 0.011979 0.003250
0 0.672135 0.554000 0.008854 0.003000
0 0.700000 0.629875 0.013542 0.004750
0 0.552083 0.668375 0.011458 0.004250
0 0.600521 0.663000 0.007292 0.007000
0 0.616927 0.662750 0.014063 0.005000
0 0.636979 0.664500 0.010417 0.003000
0 0.636719 0.662125 0.014063 0.002750
0 0.671615 0.662375 0.010937 0.005750
0 0.650260 0.675500 0.011979 0.005500
0 0.636198 0.675750 0.015104 0.004500
0 0.622396 0.677625 0.008333 0.005750
0 0.584635 0.700000 0.013021 0.007500
0 0.682031 0.170125 0.015104 0.006750
0 0.156510 0.123375 0.014063 0.005750
0 0.077865 0.277125 0.015104 0.008750
0 0.886198 0.220750 0.016146 0.008500
0 0.900521 0.207125 0.012500 0.008750
0 0.909896 0.246625 0.015625 0.006250
