0 0.102865 0.476125 0.021354 0.014750
0 0.166146 0.509875 0.023958 0.014750
0 0.157552 0.508500 0.029687 0.014000
0 0.299740 0.558500 0.028646 0.012000
0 0.296094 0.559000 0.021354 0.014000
0 0.272135 0.540750 0.020313 0.012500
0 0.393229 0.494875 0.025000 0.013250
0 0.340885 0.460625 0.020313 0.011750
0 0.604948 0.404375 0.020313 0.013750
0 0.604427 0.405125 0.021354 0.014250
0 0.571354 0.649375 0.010417 0.005250
0 0.635417 0.642875 0.007292 0.009750
0 0.668750 0.650500 0.012500 0.007000
0 0.750521 0.615250 0.008333 0.008000
0 0.772656 0.607875 0.015104 0.007750
0 0.788021 0.600375 0.014583 0.009250
0 0.811719 0.603875 0.014063 0.008250
0 0.829948 0.597125 0.013021 0.010250
0 0.814844 0.593875 0.015104 0.008750
0 0.859115 0.575375 0.017188 0.010250
0 0.891406 0.564375 0.014063 0.008250
0 0.676562 0.563875 0.014583 0.009250
0 0.667969 0.533375 0.015104 0.008750
0 0.290625 0.272250 0.026042 0.016000
