0 0.357031 0.426125 0.021354 0.010750
0 0.313021 0.433625 0.023958 0.007250
0 0.323958 0.445250 0.014583 0.007000
0 0.335417 0.453375 0.016667 0.009750
0 0.360417 0.456875 0.014583 0.010750
0 0.384115 0.451750 0.014063 0.008500
0 0.409375 0.445875 0.017708 0.011250
0 0.395573 0.466625 0.020313 0.010750
0 0.342187 0.473000 0.025000 0.009000
0 0.360677 0.488625 0.019271 0.009750
0 0.332813 0.500250 0.019792 0.011500
0 0.306771 0.470500 0.019792 0.009500
0 0.290104 0.483000 0.017708 0.009500
0 0.265104 0.479625 0.015625 0.011750
0 0.258854 0.492375 0.016667 0.012750
0 0.489583 0.491500 0.020833 0.011000
0 0.509375 0.493000 0.017708 0.013500
0 0.515104 0.480125 0.015625 0.010750
0 0.526302 0.468750 0.019271 0.009500
0 0.525781 0.545750 0.015104 0.011500
0 0.526563 0.577000 0.027083 0.008000
0 0.470052 0.540375 0.018229 0.011750
0 0.442188 0.556625 0.020833 0.009250
0 0.609635 0.501750 0.024479 0.012000
0 0.636458 0.454125 0.018750 0.010750
0 0.676562 0.482750 0.020833 0.013500
0 0.696354 0.410375 0.017708 0.010750
0 0.732031 0.411500 0.021354 0.012000
0 0.785937 0.456000 0.015625 0.010500
0 0.797656 0.458375 0.008854 0.005750
0 0.798698 0.455125 0.015104 0.005750
0 0.658594 0.497250 0.015104 0.009000
0 0.662760 0.495625 0.010937 0.006750
0 0.655729 0.483250 0.012500 0.006000
0 0.655208 0.479625 0.011458 0.006750
0 0.654948 0.475125 0.013021 0.006750
0 0.649219 0.471125 0.013021 0.005750
0 0.604167 0.534000 0.014583 0.007000
0 0.722917 0.606250 0.018750 0.013000
