0 0.053500 0.535677 0.007000 0.017188
0 0.057125 0.516927 0.006750 0.022396
0 0.058000 0.384115 0.006500 0.017188
0 0.080500 0.402604 0.004500 0.011458
0 0.104125 0.419792 0.006750 0.010417
0 0.103125 0.407292 0.006250 0.009375
0 0.087125 0.390104 0.004750 0.008333
0 0.089125 0.381510 0.008750 0.010937
0 0.102125 0.499479 0.007250 0.010417
0 0.087750 0.444010 0.005500 0.008854
0 0.084875 0.554948 0.005750 0.011979
0 0.135625 0.545312 0.003750 0.009375
0 0.143875 0.546875 0.005250 0.008333
0 0.140875 0.647656 0.005750 0.013021
0 0.145250 0.643750 0.005000 0.011458
0 0.122125 0.698177 0.004750 0.016146
0 0.133375 0.669792 0.005250 0.011458
0 0.139625 0.701042 0.005750 0.013542
0 0.101125 0.694792 0.005250 0.018750
0 0.122750 0.768490 0.003500 0.010937
0 0.127375 0.754687 0.004250 0.011458
0 0.131125 0.752083 0.003750 0.009375
0 0.142250 0.730469 0.005500 0.013021
0 0.143000 0.717187 0.003000 0.009375
0 0.145625 0.713281 0.004250 0.009896
0 0.165375 0.674219 0.005750 0.014063
0 0.170750 0.653125 0.004500 0.008333
0 0.172125 0.642969 0.006250 0.010937
0 0.186500 0.598177 0.004500 0.008854
0 0.162625 0.728646 0.006250 0.009375
0 0.186125 0.741927 0.007250 0.007812
0 0.183875 0.733333 0.007750 0.009375
0 0.219250 0.755990 0.005000 0.014063
0 0.231125 0.771615 0.005750 0.008854
0 0.238000 0.772917 0.007500 0.009375
0 0.226250 0.746354 0.005000 0.012500
0 0.225250 0.758073 0.008000 0.010937
0 0.265125 0.658594 0.006750 0.010937
0 0.257875 0.652344 0.005750 0.009896
0 0.250875 0.607292 0.006250 0.012500
0 0.238125 0.619792 0.002250 0.011458
0 0.240375 0.623177 0.002250 0.010937
0 0.252500 0.592969 0.002500 0.009896
0 0.251250 0.588802 0.003500 0.010937
0 0.236750 0.578125 0.004000 0.013542
0 0.238875 0.576823 0.004250 0.010937
0 0.223875 0.527865 0.005250 0.014063
0 0.231625 0.535677 0.001750 0.009896
0 0.235250 0.535937 0.005500 0.009375
0 0.206750 0.516667 0.003000 0.015625
0 0.202375 0.519010 0.005250 0.007812
0 0.207500 0.558333 0.004500 0.009375
0 0.218000 0.560156 0.003000 0.014063
0 0.220500 0.560156 0.003000 0.011979
0 0.231250 0.558594 0.004000 0.007812
0 0.232250 0.557031 0.006000 0.010937
0 0.234375 0.550781 0.003250 0.008854
0 0.239500 0.550000 0.006000 0.013542
0 0.204750 0.493490 0.005000 0.016146
0 0.179500 0.552604 0.007500 0.009375
0 0.193125 0.446875 0.005250 0.010417
0 0.215750 0.430469 0.007000 0.008854
0 0.177875 0.248438 0.006250 0.009375
0 0.323250 0.766146 0.003500 0.016667
0 0.319000 0.773177 0.004000 0.015104
0 0.310625 0.661719 0.003250 0.014063
0 0.309500 0.639844 0.003500 0.013021
0 0.312875 0.641406 0.003250 0.013021
0 0.324375 0.642448 0.003750 0.015104
0 0.327625 0.637240 0.003250 0.013021
0 0.325250 0.625000 0.006500 0.011458
0 0.335500 0.616146 0.006000 0.013542
0 0.324750 0.591146 0.004500 0.012500
0 0.327000 0.556771 0.007500 0.009375
0 0.316125 0.517969 0.003750 0.015104
0 0.331875 0.495573 0.005750 0.013021
0 0.327000 0.472135 0.004500 0.009896
0 0.329000 0.469531 0.004500 0.013021
0 0.339125 0.459115 0.005250 0.011979
0 0.334875 0.467187 0.004250 0.009375
0 0.333000 0.469271 0.004500 0.009375
0 0.324375 0.451562 0.003250 0.012500
0 0.326125 0.450521 0.002750 0.011458
0 0.326750 0.431250 0.006500 0.009375
0 0.336000 0.420833 0.006000 0.010417
0 0.345125 0.433333 0.002750 0.014583
0 0.348125 0.435677 0.003250 0.013021
0 0.350125 0.434896 0.003750 0.011458
0 0.340000 0.439062 0.004500 0.009375
0 0.341750 0.437240 0.005500 0.011979
0 0.333500 0.394010 0.002500 0.013021
0 0.333625 0.383594 0.005250 0.006771
0 0.337000 0.389323 0.003500 0.011979
0 0.338625 0.388281 0.003250 0.010937
0 0.296000 0.396094 0.003000 0.010937
0 0.326375 0.343490 0.002750 0.013021
0 0.327750 0.335156 0.003500 0.010937
0 0.329625 0.333594 0.003750 0.011979
0 0.328250 0.258854 0.003500 0.011458
0 0.315500 0.273698 0.003500 0.007812
0 0.310125 0.272917 0.003750 0.012500
0 0.303375 0.251302 0.003750 0.008854
0 0.304375 0.248177 0.003750 0.009896
0 0.307625 0.232813 0.003750 0.004167
0 0.308250 0.228906 0.003500 0.004687
0 0.307875 0.224219 0.003750 0.005729
0 0.311625 0.305208 0.003250 0.014583
0 0.307250 0.290104 0.004500 0.008333
0 0.305000 0.300260 0.002000 0.009896
0 0.308250 0.296615 0.004000 0.007812
0 0.308375 0.302083 0.004250 0.007292
0 0.304375 0.288021 0.003250 0.006250
0 0.320000 0.169531 0.006500 0.006771
0 0.331000 0.150260 0.005000 0.006771
0 0.362250 0.165104 0.004500 0.010417
0 0.360750 0.208594 0.006000 0.005729
0 0.359875 0.203385 0.007250 0.005729
0 0.328375 0.424479 0.003750 0.010417
0 0.330750 0.423698 0.004500 0.010937
0 0.365250 0.298698 0.006500 0.006771
0 0.365375 0.292969 0.005750 0.007812
0 0.388750 0.664844 0.006000 0.014063
0 0.400750 0.656510 0.006500 0.010937
0 0.388125 0.641667 0.005250 0.013542
0 0.385500 0.622396 0.005500 0.012500
0 0.385000 0.608594 0.004500 0.015104
0 0.388875 0.611198 0.003750 0.013021
0 0.401375 0.600781 0.004750 0.016146
0 0.422875 0.629427 0.005250 0.008854
0 0.397750 0.553646 0.004000 0.014583
0 0.397875 0.569531 0.004250 0.013021
0 0.396250 0.566146 0.003000 0.009375
0 0.415375 0.550521 0.002750 0.012500
0 0.410125 0.534115 0.007250 0.007812
0 0.413500 0.499219 0.003500 0.014063
0 0.430375 0.518750 0.005250 0.013542
0 0.445750 0.517708 0.005500 0.011458
0 0.436750 0.506771 0.005000 0.013542
0 0.434250 0.497396 0.003000 0.011458
0 0.440250 0.411198 0.004000 0.009896
0 0.440250 0.430208 0.005500 0.012500
0 0.445500 0.423177 0.004500 0.013021
0 0.430875 0.421094 0.003750 0.015104
0 0.428125 0.419531 0.002250 0.011979
0 0.436750 0.378646 0.003000 0.013542
0 0.434125 0.379948 0.002250 0.009896
0 0.465875 0.416146 0.005750 0.008333
0 0.470625 0.409375 0.004250 0.011458
0 0.469250 0.408333 0.003000 0.011458
0 0.457125 0.332031 0.001750 0.011979
0 0.459250 0.332031 0.002500 0.013021
0 0.507000 0.300260 0.004000 0.010937
0 0.457125 0.473438 0.004250 0.009375
0 0.456000 0.470052 0.006000 0.009896
0 0.416875 0.747135 0.006250 0.009896
0 0.436625 0.753906 0.006250 0.010937
0 0.446250 0.751563 0.006500 0.008333
0 0.447625 0.740365 0.004750 0.015104
0 0.473750 0.755729 0.008000 0.008333
0 0.478375 0.776823 0.003750 0.007812
0 0.492125 0.760156 0.006750 0.008854
0 0.478250 0.742448 0.005500 0.006771
0 0.468375 0.735156 0.006250 0.009896
0 0.467000 0.730469 0.004500 0.008854
0 0.496375 0.719531 0.008250 0.008854
0 0.494125 0.700260 0.004750 0.013021
0 0.504250 0.701823 0.003500 0.011979
0 0.512375 0.694792 0.003250 0.013542
0 0.516375 0.699740 0.003250 0.014063
0 0.509625 0.709635 0.005250 0.007812
0 0.520750 0.698698 0.005000 0.011979
0 0.511750 0.704167 0.006000 0.007292
0 0.530000 0.684896 0.004000 0.008333
0 0.526625 0.679167 0.003750 0.014583
0 0.528500 0.654427 0.003000 0.010937
0 0.525750 0.652865 0.003500 0.009896
0 0.569875 0.665365 0.003250 0.014063
0 0.543000 0.721615 0.004500 0.006771
0 0.541125 0.717708 0.005250 0.009375
0 0.523375 0.718490 0.002750 0.014063
0 0.532125 0.740885 0.006250 0.008854
0 0.520125 0.747396 0.005250 0.012500
0 0.518000 0.730990 0.004500 0.008854
0 0.519375 0.735677 0.004750 0.010937
0 0.514125 0.744271 0.005250 0.012500
0 0.488875 0.740885 0.005750 0.008854
0 0.488625 0.737760 0.004750 0.007812
0 0.454375 0.821354 0.005250 0.007292
0 0.455750 0.815625 0.004500 0.009375
0 0.228875 0.382031 0.004750 0.011979
