0 0.092969 0.202750 0.025521 0.010000
0 0.188021 0.193000 0.027083 0.013500
0 0.543490 0.122750 0.017188 0.011000
0 0.608854 0.151500 0.020833 0.011500
0 0.627344 0.260250 0.026562 0.014000
0 0.377604 0.317625 0.028125 0.008750
0 0.817969 0.325125 0.030729 0.008750
0 0.743490 0.344000 0.030729 0.010000
0 0.751042 0.487250 0.023958 0.015500
0 0.800521 0.512250 0.023958 0.013000
0 0.924219 0.572375 0.026562 0.012750
0 0.575781 0.556875 0.025521 0.014250
0 0.634115 0.564625 0.029687 0.012250
0 0.629427 0.593375 0.036979 0.010250
0 0.605469 0.620375 0.019271 0.012750
0 0.614583 0.646375 0.015625 0.013750
0 0.323958 0.579500 0.028125 0.009500
0 0.641406 0.755875 0.021354 0.014750
