0 0.321250 0.897917 0.004000 0.015625
0 0.394125 0.637240 0.005750 0.015104
0 0.448750 0.696615 0.007000 0.010937
0 0.450750 0.708073 0.007500 0.013021
0 0.517000 0.726042 0.004500 0.009375
0 0.520000 0.720313 0.005500 0.010417
0 0.519250 0.739844 0.006000 0.013021
0 0.522625 0.769792 0.006750 0.014583
0 0.523750 0.794531 0.005000 0.011979
0 0.534375 0.773438 0.006250 0.013542
0 0.543375 0.761979 0.007750 0.009375
0 0.541500 0.776302 0.005000 0.015104
0 0.551000 0.773698 0.006500 0.015104
0 0.562125 0.763021 0.007250 0.010417
0 0.535125 0.806250 0.006250 0.014583
0 0.527125 0.811979 0.006250 0.013542
0 0.520125 0.799740 0.004750 0.016146
0 0.522000 0.819531 0.006000 0.010937
0 0.523000 0.816406 0.005500 0.010937
0 0.551375 0.807812 0.006250 0.012500
0 0.556000 0.816927 0.005000 0.009896
0 0.558375 0.802865 0.007250 0.009896
0 0.556875 0.807292 0.007250 0.006250
0 0.557625 0.815625 0.006250 0.011458
0 0.623250 0.853385 0.006500 0.009896
0 0.638875 0.871875 0.007750 0.011458
0 0.618375 0.854948 0.004750 0.015104
0 0.613750 0.861198 0.006500 0.011979
0 0.614750 0.858073 0.006000 0.009896
0 0.611250 0.907292 0.008000 0.012500
0 0.594375 0.943229 0.006750 0.010417
0 0.587375 0.954427 0.007250 0.008854
0 0.568375 0.985417 0.005750 0.011458
0 0.522875 0.889062 0.008250 0.010417
0 0.502750 0.864583 0.007500 0.010417
0 0.458250 0.562500 0.005000 0.012500
0 0.524375 0.554427 0.008250 0.009896
0 0.593500 0.563281 0.007000 0.014063
0 0.604000 0.554427 0.007000 0.008854
0 0.602125 0.549479 0.007250 0.007292
0 0.615625 0.570573 0.006750 0.016146
0 0.644000 0.605990 0.007000 0.008854
0 0.655875 0.614062 0.007750 0.014583
0 0.683750 0.606510 0.008000 0.010937
0 0.693125 0.625000 0.006750 0.012500
0 0.640625 0.556771 0.005250 0.007292
0 0.640375 0.551823 0.006750 0.007812
0 0.669875 0.538542 0.006250 0.008333
0 0.667375 0.531771 0.006750 0.010417
0 0.761375 0.529167 0.008250 0.010417
0 0.756375 0.520833 0.008250 0.008333
0 0.814500 0.526823 0.008500 0.008854
0 0.812125 0.503125 0.004750 0.011458
0 0.739125 0.526302 0.006250 0.006771
0 0.738125 0.521615 0.007750 0.005729
0 0.717125 0.491406 0.008750 0.010937
0 0.703250 0.498177 0.006500 0.009896
0 0.682000 0.515104 0.007500 0.010417
0 0.643625 0.504167 0.008250 0.008333
0 0.613625 0.471875 0.005250 0.012500
0 0.610375 0.465365 0.006750 0.008854
0 0.586000 0.492188 0.008000 0.006250
0 0.585125 0.487240 0.006750 0.005729
0 0.572875 0.499740 0.007250 0.010937
0 0.556875 0.498698 0.006750 0.006771
0 0.553375 0.492448 0.007750 0.007812
0 0.536000 0.517188 0.007500 0.010417
0 0.527625 0.515365 0.007250 0.008854
0 0.522375 0.526302 0.008250 0.009896
0 0.498000 0.504427 0.006000 0.013021
0 0.495750 0.511458 0.006000 0.009375
0 0.495750 0.517188 0.007000 0.008333
0 0.483625 0.506510 0.007750 0.009896
0 0.403500 0.462760 0.004500 0.011979
0 0.415750 0.457031 0.005500 0.009896
0 0.418125 0.435156 0.006250 0.009896
0 0.453875 0.401042 0.006250 0.006250
0 0.453500 0.396875 0.006500 0.007292
0 0.459000 0.396354 0.005000 0.014583
0 0.502125 0.371615 0.005250 0.016146
0 0.575625 0.340625 0.003750 0.009375
0 0.573750 0.338802 0.005500 0.013021
0 0.624500 0.304688 0.005500 0.013542
0 0.616750 0.272135 0.005000 0.014063
0 0.600375 0.230208 0.006250 0.009375
0 0.604250 0.209375 0.006000 0.015625
0 0.619125 0.245833 0.007250 0.010417
0 0.630125 0.240625 0.005250 0.014583
0 0.646375 0.220573 0.005750 0.014063
0 0.672375 0.161979 0.004250 0.011458
0 0.670750 0.158333 0.006000 0.012500
0 0.635875 0.133854 0.008750 0.010417
0 0.649750 0.132552 0.007500 0.015104
0 0.609125 0.186198 0.008250 0.009896
0 0.574125 0.229687 0.009250 0.016667
0 0.576875 0.215885 0.005250 0.015104
0 0.550250 0.188542 0.008000 0.011458
0 0.543500 0.264844 0.008000 0.008854
0 0.461125 0.357552 0.010250 0.014063
0 0.443875 0.343229 0.005750 0.010417
0 0.371750 0.302344 0.005000 0.009896
0 0.371000 0.298958 0.006000 0.011458
0 0.360125 0.176042 0.008750 0.009375
0 0.375125 0.172396 0.006250 0.012500
0 0.387125 0.151302 0.005750 0.016146
0 0.432500 0.123698 0.004000 0.015104
0 0.429250 0.118229 0.005000 0.014583
0 0.424375 0.107552 0.004250 0.013021
0 0.422125 0.104688 0.003750 0.014583
0 0.422000 0.092448 0.007000 0.010937
0 0.456500 0.073438 0.005500 0.013542
0 0.444250 0.082031 0.003500 0.014063
0 0.443250 0.076563 0.005000 0.011458
0 0.413500 0.044531 0.007500 0.019271
