0 0.411250 0.714583 0.005000 0.009375
0 0.384875 0.718490 0.005750 0.006771
0 0.391375 0.750781 0.006750 0.010937
0 0.380875 0.765625 0.005750 0.008333
0 0.374875 0.742448 0.005750 0.011979
0 0.367375 0.728125 0.003250 0.008333
0 0.368375 0.734115 0.004250 0.004687
0 0.357375 0.739062 0.006750 0.009375
0 0.330875 0.779948 0.006250 0.006771
0 0.343250 0.715625 0.004500 0.010417
0 0.350750 0.707031 0.005500 0.009896
0 0.288750 0.732031 0.006000 0.010937
0 0.233750 0.746354 0.007500 0.006250
0 0.430750 0.637240 0.004000 0.009896
0 0.427875 0.638021 0.003250 0.008333
0 0.410875 0.620573 0.005250 0.009896
0 0.411375 0.611719 0.005250 0.006771
0 0.381500 0.603385 0.004500 0.006771
0 0.368000 0.683333 0.007500 0.011458
0 0.328625 0.632292 0.005750 0.005208
0 0.328125 0.626302 0.006250 0.006771
0 0.319625 0.613802 0.004750 0.013021
0 0.281500 0.646615 0.006000 0.009896
0 0.297125 0.598958 0.006250 0.011458
0 0.284000 0.598437 0.006000 0.008333
0 0.285875 0.590625 0.005250 0.010417
0 0.288875 0.588281 0.005750 0.009896
0 0.263750 0.585417 0.005000 0.010417
0 0.204375 0.581510 0.008250 0.008854
0 0.248625 0.507812 0.004250 0.012500
0 0.250125 0.524740 0.007250 0.010937
0 0.266375 0.505469 0.005750 0.008854
0 0.263250 0.541667 0.006500 0.010417
0 0.293750 0.530208 0.006500 0.012500
0 0.297375 0.543229 0.005250 0.007292
0 0.302375 0.547135 0.005750 0.006771
0 0.295500 0.555469 0.005500 0.008854
0 0.301000 0.557292 0.006000 0.007292
0 0.293875 0.565365 0.003250 0.009896
0 0.300000 0.569792 0.004000 0.008333
0 0.298625 0.567708 0.004250 0.009375
0 0.371750 0.582552 0.003500 0.006771
0 0.371375 0.590885 0.003750 0.010937
0 0.366375 0.589583 0.003750 0.011458
0 0.363125 0.590625 0.003750 0.006250
0 0.354875 0.573698 0.005750 0.009896
0 0.346000 0.566927 0.005500 0.009896
0 0.338875 0.580208 0.004750 0.006250
0 0.335625 0.572396 0.002750 0.011458
0 0.331625 0.576562 0.003750 0.009375
0 0.326500 0.581250 0.005500 0.006250
0 0.332125 0.561979 0.005250 0.006250
0 0.337875 0.555208 0.003250 0.007292
0 0.317750 0.558854 0.006000 0.007292
0 0.322125 0.575521 0.004750 0.007292
0 0.319750 0.576302 0.005000 0.005729
0 0.319375 0.534896 0.005250 0.007292
0 0.312375 0.518750 0.002750 0.008333
0 0.312625 0.528125 0.004250 0.007292
0 0.313750 0.534635 0.003500 0.004687
0 0.310250 0.535937 0.005500 0.006250
0 0.308250 0.539062 0.004000 0.004167
0 0.312000 0.543229 0.004500 0.009375
0 0.350125 0.360938 0.004750 0.009375
0 0.341625 0.294010 0.005750 0.010937
0 0.281125 0.034896 0.004750 0.010417
0 0.282625 0.031510 0.002750 0.007812
0 0.258000 0.059115 0.006000 0.009896
0 0.410125 0.200000 0.005250 0.009375
0 0.508750 0.048958 0.003500 0.011458
0 0.511875 0.070312 0.004250 0.012500
0 0.507750 0.063021 0.003500 0.011458
0 0.448625 0.038542 0.004250 0.009375
0 0.448750 0.030469 0.005000 0.009896
0 0.500750 0.189323 0.003000 0.008854
0 0.498375 0.188281 0.002250 0.011979
0 0.499750 0.217969 0.003000 0.009896
0 0.498125 0.226562 0.002750 0.008333
0 0.499750 0.237500 0.002000 0.011458
0 0.498375 0.231771 0.001750 0.006250
0 0.493500 0.238281 0.004000 0.005729
0 0.495000 0.225000 0.002500 0.011458
0 0.493125 0.223698 0.002750 0.011979
0 0.490875 0.264583 0.003250 0.013542
0 0.497250 0.259896 0.003000 0.009375
0 0.498375 0.272656 0.002750 0.005729
0 0.497250 0.266927 0.003000 0.004687
0 0.486375 0.277344 0.004750 0.009896
0 0.465625 0.313542 0.003750 0.012500
0 0.455875 0.327344 0.005750 0.008854
0 0.463750 0.362760 0.005000 0.013021
0 0.480875 0.421615 0.002750 0.009896
0 0.480125 0.382292 0.003250 0.006250
0 0.482500 0.369792 0.003500 0.006250
0 0.486875 0.351042 0.003250 0.007292
0 0.485250 0.337240 0.003000 0.013021
0 0.491750 0.330469 0.004000 0.011979
0 0.467875 0.486458 0.003250 0.010417
0 0.463750 0.263021 0.004500 0.009375
0 0.462750 0.260417 0.003000 0.007292
0 0.513750 0.104688 0.003500 0.013542
0 0.511750 0.119792 0.002500 0.010417
0 0.509000 0.103906 0.002000 0.008854
0 0.507625 0.111458 0.002250 0.011458
0 0.503625 0.108073 0.004250 0.006771
0 0.506375 0.120573 0.003750 0.006771
0 0.509500 0.121094 0.002500 0.008854
0 0.500125 0.086198 0.003250 0.006771
0 0.497250 0.088802 0.003000 0.011979
0 0.522125 0.445312 0.005250 0.006250
0 0.523000 0.422917 0.005500 0.007292
0 0.528000 0.397396 0.005000 0.008333
0 0.534000 0.391406 0.004500 0.006771
0 0.534000 0.386979 0.004500 0.005208
0 0.531750 0.351302 0.003500 0.010937
0 0.555875 0.359896 0.003250 0.010417
0 0.563500 0.365104 0.003000 0.009375
0 0.543875 0.338021 0.002750 0.007292
0 0.542750 0.347396 0.003000 0.006250
0 0.541875 0.346094 0.003750 0.008854
0 0.554625 0.300260 0.003750 0.010937
0 0.557375 0.284115 0.004750 0.006771
0 0.553125 0.283333 0.004750 0.011458
0 0.553625 0.266406 0.005750 0.006771
0 0.560625 0.241146 0.004750 0.006250
0 0.559875 0.237500 0.003250 0.005208
0 0.599125 0.233073 0.003250 0.007812
0 0.588750 0.324479 0.005000 0.005208
0 0.586500 0.344531 0.003500 0.006771
0 0.589125 0.380729 0.005250 0.006250
0 0.580875 0.379948 0.004250 0.008854
0 0.579625 0.403385 0.002250 0.008854
0 0.574000 0.450260 0.004000 0.007812
0 0.563375 0.472135 0.003750 0.006771
0 0.556875 0.446354 0.003250 0.004167
0 0.533000 0.550781 0.004500 0.008854
0 0.536375 0.546875 0.003750 0.007292
0 0.541500 0.542448 0.006000 0.006771
0 0.596500 0.435677 0.003500 0.005729
0 0.594125 0.429948 0.002750 0.009896
0 0.592000 0.439323 0.002500 0.010937
0 0.598500 0.445052 0.002000 0.010937
0 0.600625 0.445573 0.001750 0.008854
0 0.612500 0.446354 0.005500 0.012500
0 0.591750 0.450260 0.003500 0.004687
0 0.591625 0.454687 0.003750 0.008333
0 0.626375 0.409896 0.003750 0.007292
0 0.615250 0.397656 0.002500 0.008854
0 0.613000 0.397396 0.002000 0.010417
0 0.612875 0.373177 0.004250 0.007812
0 0.607125 0.365885 0.004750 0.006771
0 0.644750 0.320573 0.004000 0.007812
0 0.611625 0.333854 0.001750 0.004167
0 0.612875 0.335938 0.001250 0.004167
0 0.614125 0.338542 0.001750 0.005208
0 0.631375 0.449740 0.004250 0.007812
0 0.579875 0.644010 0.005250 0.006771
0 0.588250 0.642969 0.005000 0.005729
0 0.582125 0.638542 0.002750 0.009375
0 0.583875 0.635938 0.002750 0.007292
0 0.611875 0.638802 0.004750 0.007812
0 0.618500 0.664062 0.004000 0.009375
0 0.614875 0.657813 0.004250 0.007292
0 0.617750 0.679688 0.004000 0.007292
0 0.613875 0.680469 0.004250 0.006771
0 0.608000 0.684375 0.005500 0.008333
0 0.595375 0.668490 0.004250 0.008854
0 0.593250 0.664062 0.005000 0.004167
0 0.592875 0.658854 0.004750 0.007292
0 0.677375 0.648438 0.002750 0.005208
0 0.722625 0.563542 0.002750 0.006250
0 0.713625 0.526302 0.002750 0.005729
0 0.669375 0.501042 0.004750 0.005208
0 0.633750 0.623958 0.002500 0.007292
0 0.647250 0.463281 0.002000 0.005729
0 0.290625 0.326823 0.008250 0.014063
0 0.313750 0.472135 0.005500 0.013021
0 0.082500 0.008594 0.007000 0.015104
0 0.644625 0.190365 0.003750 0.007812
0 0.656125 0.205729 0.002750 0.008333
0 0.724750 0.261719 0.003000 0.007812
0 0.742000 0.328125 0.003000 0.008333
0 0.735250 0.382552 0.003500 0.006771
0 0.756625 0.411979 0.004750 0.006250
0 0.756625 0.427083 0.004250 0.009375
0 0.766250 0.483073 0.003000 0.007812
0 0.779125 0.250000 0.004250 0.009375
0 0.775875 0.227344 0.003750 0.009896
0 0.756875 0.124479 0.004750 0.009375
0 0.806625 0.072135 0.004250 0.010937
0 0.821625 0.106250 0.004750 0.010417
0 0.693000 0.726562 0.005000 0.010417
0 0.896125 0.867188 0.004750 0.010417
0 0.918000 0.856771 0.004000 0.009375
0 0.851125 0.657292 0.004750 0.009375
0 0.859375 0.716406 0.003750 0.007812
0 0.866625 0.719010 0.004250 0.008854
0 0.923625 0.725781 0.003750 0.011979
0 0.985875 0.580729 0.003250 0.011458
0 0.963625 0.470052 0.004750 0.010937
0 0.914625 0.491927 0.006250 0.009896
0 0.988250 0.429167 0.005000 0.009375
0 0.972000 0.387500 0.004500 0.007292
0 0.767250 0.793750 0.003500 0.011458
0 0.873375 0.969010 0.004750 0.006771
0 0.647750 0.792708 0.003500 0.007292
0 0.559125 0.895312 0.004250 0.010417
