0 0.010750 0.933073 0.007500 0.007812
0 0.074625 0.969792 0.005750 0.015625
0 0.034750 0.854687 0.005000 0.011458
0 0.051500 0.525260 0.005000 0.008854
0 0.050000 0.502344 0.005500 0.013021
0 0.005875 0.105729 0.004250 0.008333
0 0.188625 0.142187 0.006750 0.015625
0 0.211500 0.357031 0.007500 0.014063
0 0.275500 0.620833 0.004000 0.012500
0 0.397875 0.630729 0.006750 0.013542
0 0.388750 0.628906 0.008000 0.016146
0 0.418750 0.722917 0.009000 0.009375
0 0.434250 0.665625 0.007000 0.011458
0 0.448625 0.623958 0.008750 0.010417
0 0.453625 0.591667 0.008750 0.008333
0 0.444625 0.599740 0.006250 0.006771
0 0.443000 0.611719 0.006000 0.006771
0 0.439875 0.608073 0.007750 0.008854
0 0.487750 0.606510 0.007500 0.007812
0 0.505750 0.592969 0.007000 0.007812
0 0.501000 0.603646 0.008500 0.013542
0 0.492500 0.592448 0.007500 0.009896
0 0.496250 0.596094 0.006500 0.006771
0 0.492625 0.599740 0.007250 0.006771
0 0.511625 0.602865 0.007750 0.013021
0 0.540000 0.618750 0.007000 0.012500
0 0.542875 0.629687 0.007250 0.005208
0 0.542750 0.634896 0.006500 0.006250
0 0.540500 0.640365 0.005500 0.010937
0 0.539375 0.646875 0.004750 0.011458
0 0.544750 0.652083 0.006000 0.010417
0 0.549875 0.643229 0.004250 0.014583
0 0.581125 0.634115 0.003750 0.013021
0 0.579750 0.619010 0.004000 0.016146
0 0.612375 0.626823 0.007250 0.008854
0 0.532875 0.543490 0.006750 0.009896
0 0.560875 0.555208 0.006750 0.008333
0 0.568375 0.560937 0.006250 0.011458
0 0.575500 0.567708 0.007000 0.011458
0 0.609250 0.540365 0.007000 0.010937
0 0.592375 0.560937 0.006750 0.015625
0 0.631000 0.540625 0.008000 0.008333
0 0.641000 0.547917 0.005000 0.008333
0 0.647250 0.541406 0.007000 0.007812
0 0.651000 0.565104 0.008000 0.009375
0 0.684625 0.525260 0.007750 0.006771
0 0.692625 0.518490 0.006750 0.008854
0 0.619125 0.472656 0.006250 0.006771
0 0.612625 0.465885 0.006250 0.007812
0 0.596875 0.469271 0.008750 0.008333
0 0.579125 0.470312 0.005750 0.010417
0 0.583625 0.467448 0.005750 0.006771
0 0.587625 0.463542 0.008250 0.009375
0 0.606750 0.433333 0.006000 0.011458
0 0.581500 0.424479 0.006000 0.012500
0 0.567750 0.466667 0.007000 0.011458
0 0.576125 0.452865 0.006750 0.009896
0 0.547875 0.455990 0.003750 0.010937
0 0.559375 0.407292 0.005250 0.010417
0 0.534625 0.422656 0.006750 0.007812
0 0.540875 0.426042 0.006750 0.009375
0 0.543000 0.452604 0.004000 0.010417
0 0.539750 0.463021 0.004500 0.011458
0 0.532125 0.466927 0.006750 0.011979
0 0.522250 0.474219 0.007500 0.009896
0 0.538250 0.454948 0.005500 0.008854
0 0.536125 0.448958 0.006750 0.006250
0 0.538125 0.442708 0.007250 0.007292
0 0.521000 0.441146 0.004000 0.008333
0 0.500125 0.459896 0.005750 0.008333
0 0.510375 0.454948 0.005250 0.005729
0 0.511875 0.450260 0.005750 0.006771
0 0.510000 0.445573 0.005000 0.009896
0 0.505250 0.453906 0.005500 0.009896
0 0.515375 0.437500 0.006750 0.009375
0 0.503500 0.410156 0.006500 0.009896
0 0.538625 0.388281 0.005250 0.010937
0 0.493750 0.418750 0.006000 0.007292
0 0.488625 0.437500 0.006250 0.006250
0 0.486750 0.430208 0.006000 0.009375
0 0.473875 0.427604 0.006750 0.006250
0 0.478500 0.432292 0.006500 0.009375
0 0.469375 0.448437 0.004750 0.009375
0 0.462500 0.478906 0.006000 0.011979
0 0.456875 0.473438 0.005750 0.009375
0 0.446250 0.465104 0.006000 0.009375
0 0.449250 0.459896 0.003500 0.010417
0 0.451375 0.454427 0.004750 0.010937
0 0.455250 0.452083 0.005500 0.012500
0 0.463125 0.427604 0.006250 0.008333
0 0.468250 0.433854 0.006000 0.011458
0 0.443750 0.427083 0.006000 0.007292
0 0.448000 0.410677 0.006000 0.005729
0 0.448000 0.403906 0.005500 0.007812
0 0.409750 0.419271 0.006500 0.013542
0 0.386500 0.426302 0.009000 0.014063
0 0.383000 0.388542 0.004000 0.011458
0 0.376750 0.379688 0.006000 0.012500
0 0.598500 0.349479 0.005500 0.010417
0 0.593500 0.313802 0.009000 0.019271
0 0.614000 0.310677 0.007500 0.013021
0 0.649000 0.286198 0.006000 0.016146
0 0.542625 0.256510 0.004750 0.010937
0 0.445375 0.183854 0.005250 0.010417
0 0.651875 0.147135 0.007250 0.010937
0 0.641750 0.163021 0.007500 0.007292
0 0.639625 0.154688 0.004250 0.010417
0 0.642000 0.204167 0.005500 0.009375
0 0.724000 0.295052 0.006500 0.011979
0 0.702000 0.307812 0.006500 0.009375
0 0.696750 0.303125 0.005000 0.011458
0 0.726250 0.430208 0.005000 0.011458
0 0.719000 0.481771 0.008000 0.007292
0 0.715250 0.626302 0.004500 0.011979
0 0.702500 0.680469 0.007000 0.009896
0 0.664125 0.753125 0.006750 0.014583
0 0.685875 0.791146 0.005750 0.017708
0 0.681875 0.808594 0.006750 0.015104
0 0.656250 0.796615 0.006000 0.011979
0 0.693125 0.851562 0.006750 0.014583
0 0.693750 0.875260 0.007500 0.011979
0 0.710125 0.853125 0.005750 0.016667
0 0.692875 0.930729 0.004750 0.017708
0 0.663625 0.964323 0.006750 0.014063
0 0.691250 0.982552 0.008000 0.014063
0 0.726625 0.054688 0.005250 0.011458
0 0.830000 0.080469 0.009000 0.018229
