0 0.208073 0.367375 0.009896 0.003250
0 0.211198 0.365125 0.007812 0.003250
0 0.203646 0.334750 0.010417 0.006500
0 0.251042 0.390375 0.008333 0.004750
0 0.246094 0.353375 0.008854 0.002750
0 0.240365 0.353125 0.004687 0.004750
0 0.236979 0.350500 0.007292 0.003500
0 0.244010 0.342625 0.008854 0.005250
0 0.253646 0.343875 0.007292 0.004750
0 0.250781 0.339250 0.003646 0.006500
0 0.255208 0.338875 0.005208 0.005750
0 0.254948 0.332250 0.007812 0.004500
0 0.301302 0.331750 0.008854 0.005500
0 0.300000 0.322125 0.010417 0.005250
0 0.315885 0.338500 0.011979 0.006500
0 0.280469 0.313250 0.009896 0.007000
0 0.244010 0.303250 0.007812 0.006000
0 0.237760 0.300125 0.009896 0.005250
0 0.235677 0.285875 0.006771 0.007250
0 0.251563 0.279125 0.008333 0.006250
0 0.337760 0.235375 0.007812 0.007250
0 0.353906 0.251625 0.008854 0.006250
0 0.347656 0.259875 0.013021 0.006750
0 0.348177 0.231000 0.007812 0.006000
0 0.352604 0.229875 0.008333 0.002750
0 0.308854 0.282000 0.006250 0.006000
0 0.309375 0.286375 0.009375 0.004750
0 0.315365 0.292750 0.006771 0.004500
0 0.316927 0.299250 0.005729 0.005500
0 0.310156 0.297875 0.008854 0.005750
0 0.297917 0.302625 0.011458 0.005250
0 0.308594 0.303625 0.007812 0.006750
0 0.317448 0.306375 0.007812 0.003750
0 0.328385 0.307125 0.008854 0.007250
0 0.332552 0.191625 0.011979 0.007250
0 0.280208 0.414750 0.007292 0.004500
0 0.360677 0.367250 0.007812 0.005000
0 0.431771 0.367875 0.011458 0.005250
0 0.407292 0.335375 0.011458 0.005250
0 0.458594 0.309500 0.011979 0.006500
0 0.511979 0.285000 0.016667 0.007000
0 0.599479 0.264875 0.013542 0.005750
0 0.652083 0.249750 0.011458 0.006500
0 0.640885 0.256750 0.009896 0.005000
0 0.616927 0.246000 0.010937 0.006000
0 0.569010 0.283375 0.013021 0.005750
0 0.547396 0.285750 0.013542 0.004000
0 0.553385 0.290500 0.009896 0.005500
0 0.539844 0.292500 0.015104 0.004500
0 0.541927 0.289250 0.010937 0.003500
0 0.532292 0.294375 0.010417 0.005250
0 0.510938 0.278375 0.016667 0.005750
0 0.350260 0.406375 0.009896 0.005750
0 0.380729 0.409125 0.013542 0.003750
0 0.378646 0.395500 0.010417 0.004000
0 0.414062 0.397500 0.012500 0.004000
0 0.425521 0.404250 0.011458 0.003500
0 0.423437 0.401125 0.010417 0.004250
0 0.433854 0.400125 0.011458 0.005250
0 0.508073 0.391125 0.010937 0.005250
0 0.503646 0.381500 0.013542 0.004000
0 0.521615 0.387250 0.007812 0.005500
0 0.523698 0.394125 0.010937 0.003750
0 0.536719 0.392875 0.010937 0.004750
0 0.626563 0.377375 0.012500 0.004750
0 0.619010 0.393000 0.008854 0.004000
0 0.587500 0.394625 0.009375 0.003250
0 0.640625 0.396000 0.006250 0.004000
0 0.670833 0.388750 0.009375 0.003500
0 0.681250 0.390250 0.011458 0.003500
0 0.727604 0.400250 0.013542 0.004000
0 0.671875 0.367875 0.013542 0.004250
0 0.717969 0.384750 0.015104 0.005500
0 0.462240 0.387250 0.009896 0.005500
0 0.355208 0.444000 0.011458 0.003500
0 0.364844 0.444625 0.008854 0.004250
0 0.373437 0.444750 0.008333 0.005000
0 0.454948 0.433875 0.006771 0.006250
0 0.474219 0.433875 0.008854 0.004250
0 0.475781 0.437375 0.007812 0.004250
0 0.478646 0.450875 0.012500 0.003750
0 0.493229 0.442625 0.010417 0.003250
0 0.491146 0.444250 0.009375 0.003500
0 0.546875 0.444625 0.008333 0.005750
0 0.554167 0.443375 0.011458 0.005250
0 0.554427 0.464250 0.008854 0.005500
0 0.598437 0.438750 0.012500 0.004500
0 0.602344 0.457000 0.010937 0.004500
0 0.624219 0.449000 0.007812 0.005500
0 0.630208 0.443125 0.013542 0.004750
0 0.635938 0.456625 0.013542 0.005750
0 0.628125 0.467875 0.009375 0.007250
0 0.618490 0.461625 0.008854 0.003250
0 0.619531 0.459500 0.008854 0.002000
0 0.612500 0.459250 0.009375 0.002500
0 0.613021 0.457125 0.010417 0.002750
0 0.656250 0.454625 0.012500 0.003750
0 0.702083 0.451125 0.013542 0.004250
0 0.696875 0.447000 0.009375 0.004000
0 0.692187 0.445750 0.007292 0.004500
0 0.672917 0.453000 0.010417 0.004500
0 0.674219 0.450750 0.013021 0.003000
0 0.664583 0.442875 0.010417 0.003250
0 0.665625 0.440125 0.010417 0.003750
0 0.727344 0.476250 0.013021 0.004500
0 0.573958 0.541625 0.008333 0.003750
0 0.581250 0.541250 0.009375 0.004000
0 0.514062 0.510875 0.011458 0.004750
0 0.520052 0.523500 0.009896 0.004500
0 0.529427 0.511500 0.010937 0.004500
0 0.534375 0.516875 0.008333 0.004250
0 0.544271 0.519000 0.009375 0.003500
0 0.551823 0.518000 0.009896 0.004000
0 0.527604 0.521875 0.005208 0.005750
0 0.542969 0.525750 0.008854 0.004000
0 0.532031 0.525000 0.010937 0.002500
0 0.550521 0.523500 0.010417 0.003000
0 0.552604 0.509500 0.006250 0.003500
0 0.477344 0.509125 0.010937 0.004250
0 0.464583 0.508125 0.009375 0.004250
0 0.477604 0.504250 0.008333 0.005000
0 0.471875 0.504750 0.009375 0.004500
0 0.374219 0.512375 0.009896 0.004750
0 0.392448 0.480500 0.011979 0.004000
0 0.351302 0.488875 0.005729 0.004250
0 0.357292 0.487625 0.010417 0.003250
0 0.336198 0.469375 0.007812 0.004250
0 0.325781 0.466625 0.008854 0.005250
0 0.373437 0.486250 0.007292 0.004500
0 0.377604 0.485750 0.005208 0.004000
0 0.405208 0.494000 0.011458 0.002500
0 0.403385 0.497000 0.007812 0.005000
0 0.410156 0.499000 0.007812 0.004500
0 0.416406 0.501000 0.007812 0.004000
0 0.922656 0.658750 0.011979 0.004000
0 0.286719 0.708750 0.005729 0.003500
