0 0.282552 0.617000 0.016146 0.006000
0 0.264323 0.515875 0.015104 0.007250
0 0.161979 0.444250 0.016667 0.005500
0 0.093229 0.403500 0.014583 0.007000
0 0.207292 0.336000 0.012500 0.007000
0 0.250000 0.320500 0.016667 0.005500
0 0.111198 0.202500 0.019271 0.006500
0 0.121094 0.231125 0.018229 0.006250
0 0.501823 0.475625 0.015104 0.008750
0 0.448437 0.417875 0.014583 0.004750
0 0.453906 0.412500 0.010937 0.007000
0 0.504687 0.360625 0.013542 0.009250
0 0.348698 0.291000 0.015104 0.009000
0 0.416146 0.273750 0.012500 0.008500
0 0.512500 0.181000 0.019792 0.007000
0 0.394271 0.104000 0.013542 0.007500
0 0.530469 0.071000 0.010937 0.009500
0 0.865365 0.280750 0.015104 0.007000
0 0.858594 0.277250 0.010937 0.007000
0 0.947917 0.501000 0.012500 0.006000
0 0.953125 0.498875 0.010417 0.005250
