0 0.369271 0.235125 0.010417 0.006250
0 0.605990 0.129250 0.016146 0.008000
0 0.687240 0.003375 0.009896 0.006750
0 0.301563 0.046500 0.014583 0.007500
0 0.297135 0.435750 0.011979 0.008000
0 0.266667 0.362000 0.006250 0.006000
0 0.263021 0.361500 0.006250 0.005000
0 0.259115 0.327375 0.009896 0.005250
0 0.298698 0.359500 0.017188 0.007000
0 0.281250 0.342250 0.011458 0.005000
0 0.370833 0.445250 0.009375 0.005500
0 0.390365 0.414500 0.008854 0.005000
0 0.387240 0.413375 0.006771 0.004250
0 0.458854 0.387875 0.010417 0.003750
0 0.453385 0.389750 0.006771 0.004500
0 0.449219 0.387750 0.008854 0.005500
0 0.446615 0.387125 0.007812 0.004750
0 0.471354 0.376375 0.010417 0.005250
0 0.466927 0.374625 0.008854 0.006250
0 0.471094 0.368000 0.007812 0.003500
0 0.476302 0.366625 0.005729 0.006750
0 0.481250 0.366125 0.006250 0.005750
0 0.410677 0.340000 0.013021 0.005500
0 0.482292 0.340625 0.010417 0.006250
0 0.464062 0.347000 0.009375 0.003500
0 0.452865 0.349375 0.013021 0.004750
0 0.446354 0.316875 0.007292 0.006750
0 0.492708 0.357250 0.008333 0.004500
0 0.496094 0.355625 0.009896 0.005750
0 0.504948 0.354250 0.008854 0.005500
0 0.501823 0.352250 0.006771 0.005500
0 0.533854 0.290250 0.008333 0.005500
0 0.524479 0.289625 0.006250 0.007250
0 0.528125 0.285375 0.012500 0.003750
0 0.540625 0.283125 0.014583 0.005250
0 0.559635 0.287375 0.014063 0.008250
0 0.571354 0.275500 0.011458 0.006000
0 0.543750 0.265625 0.010417 0.006250
0 0.564583 0.254750 0.008333 0.006000
0 0.621615 0.271250 0.014063 0.008000
0 0.664062 0.273000 0.010417 0.007500
0 0.692448 0.248875 0.013021 0.007750
0 0.656510 0.242000 0.011979 0.006000
0 0.675781 0.230875 0.013021 0.007250
0 0.674479 0.295125 0.011458 0.006750
0 0.609115 0.323375 0.009896 0.005750
0 0.666146 0.316625 0.011458 0.005250
0 0.640365 0.329500 0.007812 0.004500
0 0.446875 0.463250 0.009375 0.006500
0 0.437500 0.480625 0.012500 0.006250
0 0.535417 0.461000 0.014583 0.006000
0 0.559896 0.445125 0.008333 0.004250
0 0.564063 0.444000 0.010417 0.005500
0 0.573438 0.444875 0.011458 0.004250
0 0.583854 0.454500 0.008333 0.002500
0 0.581510 0.452750 0.011979 0.004500
0 0.619271 0.448125 0.012500 0.004750
0 0.600781 0.453625 0.010937 0.003750
0 0.604948 0.455125 0.005729 0.003750
0 0.616667 0.455000 0.013542 0.004000
0 0.651823 0.443500 0.014063 0.004000
0 0.644531 0.449125 0.007812 0.003250
0 0.685417 0.452875 0.009375 0.002750
0 0.715365 0.436000 0.018229 0.005500
0 0.766667 0.450625 0.009375 0.003750
0 0.856510 0.425375 0.015104 0.003250
0 0.856250 0.422250 0.015625 0.003500
0 0.907031 0.417625 0.016146 0.006250
0 0.898698 0.387875 0.011979 0.008250
0 0.986198 0.417625 0.013021 0.005250
0 0.888802 0.340875 0.017188 0.007750
0 0.718750 0.367125 0.012500 0.005250
0 0.411979 0.496000 0.011458 0.006500
0 0.397135 0.488750 0.010937 0.005500
0 0.490885 0.521875 0.007812 0.005250
0 0.483333 0.511875 0.013542 0.004750
0 0.557292 0.555375 0.007292 0.005250
0 0.551042 0.540000 0.015625 0.005500
0 0.567708 0.530375 0.010417 0.006750
0 0.607292 0.536000 0.012500 0.005500
0 0.625260 0.534250 0.014063 0.005500
0 0.623437 0.529250 0.018750 0.006000
0 0.639844 0.516125 0.011979 0.005250
0 0.665885 0.524500 0.008854 0.006000
0 0.644792 0.538500 0.012500 0.004000
0 0.659896 0.539375 0.014583 0.005250
0 0.686719 0.529375 0.010937 0.006750
0 0.720573 0.528250 0.011979 0.007000
0 0.701562 0.541000 0.016667 0.004500
0 0.687240 0.553375 0.010937 0.006250
0 0.703125 0.545250 0.012500 0.003000
0 0.705208 0.547000 0.010417 0.003500
0 0.798698 0.552125 0.015104 0.004250
0 0.831250 0.545375 0.015625 0.004250
0 0.844531 0.550500 0.016146 0.004500
0 0.827344 0.561000 0.013021 0.005500
0 0.839583 0.570750 0.014583 0.005000
0 0.940365 0.552250 0.010937 0.007000
0 0.954688 0.584250 0.012500 0.006000
0 0.930729 0.610000 0.014583 0.003000
0 0.932031 0.612625 0.009896 0.003250
0 0.931250 0.592750 0.016667 0.008500
0 0.962240 0.561125 0.015104 0.006750
0 0.766667 0.511250 0.014583 0.004500
0 0.674219 0.498750 0.016146 0.007000
0 0.416406 0.535875 0.010937 0.006250
0 0.427604 0.557000 0.012500 0.006000
0 0.450260 0.552250 0.011979 0.005000
0 0.469271 0.557875 0.014583 0.006750
0 0.447396 0.566000 0.011458 0.004000
0 0.444792 0.569000 0.013542 0.003000
0 0.447917 0.572250 0.011458 0.004500
0 0.461458 0.577000 0.012500 0.003500
0 0.462500 0.573375 0.009375 0.005250
0 0.466406 0.569625 0.010937 0.004750
0 0.472656 0.574875 0.010937 0.005750
0 0.537500 0.583750 0.011458 0.006500
0 0.553646 0.569250 0.011458 0.004000
0 0.520312 0.596375 0.008333 0.006750
0 0.522656 0.603250 0.007812 0.007500
0 0.538281 0.604125 0.011979 0.006750
0 0.536198 0.607875 0.008854 0.005750
0 0.579167 0.615875 0.008333 0.003750
0 0.582292 0.614375 0.010417 0.004250
0 0.621094 0.601875 0.013021 0.005250
0 0.618229 0.596125 0.006250 0.005750
0 0.621615 0.595500 0.008854 0.006000
0 0.624479 0.594250 0.009375 0.005500
0 0.698698 0.594250 0.010937 0.003000
0 0.699219 0.592125 0.014063 0.003750
0 0.652604 0.653000 0.013542 0.005000
0 0.667188 0.635500 0.010417 0.005500
0 0.633594 0.620750 0.009896 0.007000
0 0.717187 0.629375 0.010417 0.005750
0 0.725260 0.629250 0.010937 0.004500
0 0.687500 0.655500 0.015625 0.005000
0 0.771875 0.662875 0.016667 0.006750
0 0.819010 0.651750 0.015104 0.003500
0 0.846615 0.671625 0.016146 0.005750
0 0.176823 0.598875 0.007812 0.003250
0 0.207292 0.605500 0.007292 0.005000
0 0.276042 0.561000 0.007292 0.003500
0 0.296875 0.562750 0.014583 0.003500
0 0.279427 0.565000 0.007812 0.003500
0 0.307031 0.543625 0.006771 0.002750
0 0.794010 0.269625 0.013021 0.007250
