0 0.634115 0.639500 0.007812 0.005500
0 0.627083 0.639250 0.007292 0.006500
0 0.631250 0.648375 0.008333 0.006750
0 0.602865 0.657625 0.008854 0.006750
0 0.594271 0.656500 0.006250 0.007000
0 0.616927 0.684125 0.008854 0.006750
0 0.561979 0.687375 0.007292 0.007250
0 0.566667 0.684875 0.003125 0.006750
0 0.571354 0.684750 0.006250 0.005000
0 0.608073 0.703250 0.007812 0.004000
0 0.606250 0.701125 0.007292 0.004250
0 0.605208 0.729375 0.009375 0.005250
0 0.596354 0.729500 0.006250 0.007000
0 0.603125 0.749375 0.011458 0.006750
0 0.592448 0.758750 0.009896 0.005000
0 0.594531 0.772375 0.007812 0.006750
0 0.494271 0.790625 0.014583 0.004750
0 0.513542 0.773625 0.013542 0.007250
0 0.520573 0.768250 0.006771 0.003500
0 0.519531 0.765875 0.010937 0.005250
0 0.528125 0.612750 0.011458 0.004000
0 0.470833 0.618500 0.005208 0.004000
0 0.459375 0.620375 0.010417 0.002750
0 0.459375 0.618125 0.010417 0.002250
0 0.468490 0.615250 0.005729 0.002500
0 0.473438 0.614875 0.005208 0.002750
0 0.419271 0.616750 0.012500 0.004500
0 0.432292 0.620125 0.010417 0.002750
0 0.433594 0.618000 0.010937 0.002000
0 0.451562 0.614625 0.008333 0.003750
0 0.366406 0.608750 0.007812 0.004000
0 0.341667 0.608875 0.011458 0.005250
0 0.326562 0.605500 0.010417 0.004500
0 0.257292 0.616375 0.007292 0.004250
0 0.260417 0.614750 0.009375 0.005000
0 0.164844 0.616875 0.006771 0.003750
0 0.167969 0.616000 0.009896 0.004500
0 0.285156 0.660250 0.011979 0.007000
0 0.420573 0.557375 0.011979 0.003250
0 0.415885 0.554250 0.007812 0.003000
0 0.408333 0.553750 0.008333 0.003000
0 0.404427 0.550375 0.009896 0.003750
0 0.383333 0.551750 0.011458 0.002500
0 0.386198 0.549875 0.008854 0.001750
0 0.370833 0.550250 0.011458 0.003000
0 0.375781 0.549125 0.011979 0.002250
0 0.377865 0.546625 0.008854 0.003250
0 0.277865 0.534125 0.013021 0.005750
0 0.266667 0.516500 0.009375 0.006000
0 0.240625 0.521000 0.013542 0.005500
0 0.211719 0.512375 0.014063 0.005750
0 0.118229 0.496500 0.010417 0.004500
0 0.120833 0.494375 0.009375 0.003750
0 0.154427 0.564125 0.007812 0.004750
0 0.157812 0.563500 0.006250 0.004500
0 0.464844 0.562750 0.011979 0.002500
0 0.481250 0.504250 0.007292 0.007000
0 0.476562 0.487000 0.012500 0.005500
0 0.432812 0.487500 0.012500 0.004500
0 0.451042 0.478625 0.011458 0.003750
0 0.455208 0.474125 0.011458 0.004250
0 0.437760 0.471625 0.010937 0.005750
0 0.397135 0.492500 0.014063 0.009500
0 0.455208 0.468000 0.012500 0.005500
0 0.373958 0.470875 0.011458 0.004250
0 0.367708 0.465250 0.011458 0.005500
0 0.372135 0.459750 0.007812 0.006000
0 0.326562 0.463375 0.010417 0.007250
0 0.405469 0.446250 0.014063 0.005000
0 0.272656 0.460625 0.009896 0.006250
0 0.303385 0.445000 0.008854 0.006500
0 0.317708 0.443875 0.007292 0.004250
0 0.320052 0.442500 0.009896 0.004500
0 0.331250 0.436875 0.013542 0.004750
0 0.379688 0.437250 0.011458 0.004000
0 0.376302 0.431500 0.011979 0.004500
0 0.369531 0.427375 0.008854 0.003750
0 0.374479 0.423375 0.010417 0.005250
0 0.365625 0.418625 0.009375 0.004250
0 0.367969 0.417375 0.009896 0.003750
0 0.344010 0.409500 0.013021 0.005500
0 0.209896 0.329000 0.008333 0.005500
0 0.648177 0.521500 0.008854 0.004500
0 0.683594 0.496500 0.011979 0.004500
0 0.668490 0.492000 0.011979 0.009500
0 0.630990 0.486125 0.008854 0.005750
0 0.624219 0.484250 0.006771 0.005000
0 0.644531 0.476500 0.010937 0.005000
0 0.649219 0.496250 0.007812 0.006000
0 0.644271 0.495375 0.007292 0.005750
0 0.640365 0.494500 0.005729 0.005000
0 0.618750 0.465875 0.007292 0.005250
0 0.614583 0.451250 0.010417 0.005000
0 0.612240 0.447375 0.008854 0.004750
0 0.587500 0.427125 0.011458 0.007250
0 0.626563 0.424875 0.007292 0.005250
0 0.634635 0.427750 0.006771 0.005500
0 0.640885 0.431000 0.007812 0.006500
0 0.670573 0.430500 0.007812 0.006500
0 0.697135 0.432500 0.006771 0.005500
0 0.615625 0.420250 0.003125 0.005500
0 0.619792 0.420000 0.005208 0.005500
0 0.585938 0.406125 0.009375 0.003750
0 0.701823 0.538500 0.011979 0.006000
0 0.723958 0.528750 0.011458 0.004000
0 0.512760 0.244000 0.017188 0.004500
0 0.094010 0.265375 0.011979 0.005250
