0 0.293625 0.713802 0.011250 0.016146
0 0.279000 0.697917 0.009000 0.017708
0 0.276625 0.659896 0.009750 0.015625
0 0.289000 0.658854 0.009500 0.014583
0 0.312000 0.667448 0.009500 0.014063
0 0.314750 0.658073 0.009500 0.013021
0 0.360500 0.656250 0.010500 0.015625
0 0.370375 0.709635 0.009750 0.020313
0 0.349500 0.611719 0.008500 0.016146
0 0.352125 0.599479 0.008250 0.013542
0 0.324875 0.629167 0.009750 0.014583
0 0.323625 0.616667 0.009250 0.015625
0 0.325625 0.609635 0.008250 0.010937
0 0.434875 0.497135 0.011250 0.014063
0 0.429875 0.444271 0.007250 0.017708
0 0.428375 0.436198 0.005250 0.008854
0 0.365250 0.349740 0.007500 0.022396
0 0.358500 0.348958 0.005500 0.022917
0 0.355125 0.341406 0.006750 0.015104
0 0.490750 0.194531 0.011500 0.017188
0 0.501875 0.342969 0.009750 0.019271
0 0.563625 0.302083 0.008250 0.020833
0 0.587125 0.196615 0.008750 0.016146
0 0.607875 0.186198 0.007750 0.019271
