0 0.668250 0.575781 0.005000 0.005729
0 0.657875 0.589063 0.004750 0.009375
0 0.635750 0.603646 0.004000 0.007292
0 0.629375 0.582552 0.005750 0.006771
0 0.618125 0.591667 0.003750 0.009375
0 0.644750 0.563281 0.005000 0.007812
0 0.647625 0.560677 0.004750 0.009896
0 0.616125 0.715885 0.005250 0.010937
0 0.683625 0.770833 0.004750 0.006250
0 0.699000 0.804427 0.004500 0.007812
0 0.713000 0.790625 0.005000 0.011458
0 0.773625 0.470833 0.004250 0.008333
0 0.666000 0.339844 0.002500 0.013021
0 0.653875 0.387500 0.005250 0.011458
0 0.669375 0.359375 0.004750 0.009375
0 0.632375 0.289583 0.006250 0.007292
0 0.617375 0.423698 0.004250 0.009896
0 0.612750 0.391406 0.005000 0.008854
0 0.546625 0.219792 0.004750 0.011458
0 0.547250 0.151823 0.003500 0.011979
0 0.542875 0.191406 0.003750 0.007812
0 0.578625 0.161458 0.002750 0.013542
0 0.572375 0.164323 0.002250 0.011979
0 0.573750 0.155208 0.003000 0.012500
0 0.530875 0.045573 0.004750 0.015104
0 0.553250 0.059635 0.005500 0.010937
0 0.596000 0.018229 0.003000 0.013542
0 0.548625 0.311198 0.002250 0.009896
0 0.551500 0.286458 0.002500 0.009375
0 0.553000 0.275260 0.003000 0.009896
0 0.475375 0.685937 0.004250 0.009375
0 0.374875 0.840625 0.004750 0.011458
0 0.368750 0.939844 0.006000 0.010937
0 0.303250 0.884375 0.006500 0.008333
0 0.335875 0.904687 0.002250 0.011458
0 0.338250 0.904687 0.003000 0.012500
0 0.427625 0.412240 0.004250 0.013021
0 0.427625 0.392708 0.004750 0.009375
0 0.424625 0.385417 0.004750 0.006250
0 0.424375 0.377083 0.003750 0.006250
0 0.401000 0.372396 0.005500 0.009375
0 0.399500 0.352865 0.004500 0.011979
0 0.410125 0.323698 0.004750 0.008854
0 0.412000 0.346094 0.004500 0.008854
0 0.414250 0.364844 0.003500 0.011979
0 0.418000 0.366406 0.004000 0.008854
0 0.384500 0.310937 0.005000 0.011458
0 0.388250 0.306250 0.004500 0.013542
0 0.407125 0.288802 0.004750 0.009896
0 0.398875 0.249479 0.005250 0.010417
0 0.383250 0.235156 0.005500 0.007812
0 0.387250 0.244010 0.005500 0.009896
0 0.388500 0.255990 0.004000 0.013021
0 0.385125 0.258333 0.004750 0.010417
0 0.378250 0.192969 0.005500 0.009896
0 0.395500 0.180729 0.004000 0.009375
0 0.378125 0.107292 0.005750 0.009375
0 0.358375 0.108854 0.005250 0.010417
0 0.391750 0.123698 0.004000 0.011979
0 0.326250 0.079948 0.004000 0.016146
0 0.322875 0.143490 0.007750 0.015104
0 0.340125 0.052344 0.005750 0.013021
0 0.330500 0.022135 0.006500 0.010937
0 0.353500 0.008073 0.005000 0.009896
0 0.307500 0.011198 0.009000 0.015104
0 0.256250 0.177344 0.003000 0.010937
0 0.251125 0.495573 0.007750 0.010937
0 0.263000 0.522396 0.007000 0.012500
0 0.277250 0.533333 0.007500 0.012500
0 0.302250 0.541146 0.004500 0.013542
0 0.297125 0.552865 0.004250 0.015104
0 0.350000 0.562240 0.007000 0.010937
0 0.370375 0.612240 0.006250 0.013021
0 0.359875 0.632812 0.004250 0.015625
0 0.257875 0.653646 0.007750 0.012500
0 0.329500 0.677344 0.004500 0.013021
0 0.254375 0.600781 0.005750 0.015104
0 0.182000 0.539062 0.004000 0.014583
0 0.186500 0.533854 0.005500 0.016667
0 0.225500 0.490625 0.007500 0.014583
0 0.175875 0.475000 0.006250 0.012500
0 0.152000 0.419010 0.006000 0.014063
0 0.196250 0.412760 0.005500 0.011979
0 0.195875 0.420312 0.007250 0.008333
0 0.195625 0.428385 0.006750 0.010937
0 0.105625 0.414062 0.004250 0.017708
0 0.109375 0.317448 0.007750 0.013021
0 0.007125 0.376823 0.006750 0.016146
0 0.075875 0.448698 0.007750 0.007812
0 0.076500 0.456510 0.008000 0.010937
0 0.687625 0.145052 0.007250 0.014063
0 0.711750 0.229948 0.005000 0.013021
0 0.751000 0.155208 0.005500 0.011458
0 0.756250 0.125781 0.005000 0.013021
0 0.751750 0.112500 0.006500 0.010417
0 0.785375 0.030469 0.006750 0.009896
0 0.807750 0.148958 0.005000 0.015625
0 0.815125 0.121094 0.005250 0.010937
0 0.767000 0.090885 0.007000 0.014063
0 0.745250 0.047656 0.005500 0.011979
0 0.723000 0.214062 0.004500 0.011458
0 0.729375 0.222396 0.004250 0.010417
0 0.728250 0.232031 0.005500 0.008854
0 0.733625 0.270052 0.006750 0.016146
0 0.644375 0.400260 0.004750 0.008854
0 0.223625 0.530469 0.006250 0.007812
0 0.218625 0.526823 0.004250 0.010937
0 0.216125 0.535156 0.003250 0.013021
0 0.213375 0.535937 0.002750 0.010417
0 0.056750 0.268490 0.011500 0.020313
