0 0.231250 0.550000 0.008333 0.007000
0 0.308854 0.540125 0.014583 0.004250
0 0.389062 0.541250 0.012500 0.004000
0 0.299740 0.512000 0.006771 0.005500
0 0.339844 0.497500 0.013021 0.004000
0 0.344792 0.501125 0.009375 0.004250
0 0.437240 0.542125 0.011979 0.004250
0 0.427604 0.474375 0.008333 0.006750
0 0.407812 0.437000 0.009375 0.006500
0 0.401562 0.428500 0.009375 0.005500
0 0.388021 0.426500 0.012500 0.005500
0 0.409115 0.411375 0.005729 0.006750
0 0.413281 0.410250 0.005729 0.006000
0 0.429427 0.405875 0.013021 0.004250
0 0.370833 0.370500 0.011458 0.007500
0 0.635156 0.500000 0.015104 0.005000
0 0.690104 0.454250 0.013542 0.005000
0 0.715625 0.457125 0.010417 0.005750
0 0.697917 0.466125 0.004167 0.006250
0 0.702604 0.466125 0.004167 0.006750
0 0.846615 0.395625 0.010937 0.005250
0 0.845573 0.378375 0.011979 0.006750
0 0.664583 0.581500 0.008333 0.005500
0 0.677083 0.578625 0.013542 0.005250
0 0.657292 0.577750 0.012500 0.004500
0 0.779427 0.575875 0.014063 0.003250
0 0.767448 0.578000 0.011979 0.003000
0 0.771875 0.581375 0.015625 0.003250
0 0.772656 0.583500 0.011979 0.002500
0 0.773177 0.587875 0.011979 0.005250
0 0.839583 0.588625 0.017708 0.003750
0 0.729427 0.614125 0.017188 0.004750
0 0.716406 0.601625 0.009896 0.006750
