0 0.025781 0.556875 0.010937 0.003250
0 0.062500 0.335500 0.012500 0.006000
0 0.128646 0.355125 0.010417 0.004250
0 0.053646 0.418375 0.011458 0.001750
0 0.053906 0.420500 0.009896 0.002500
0 0.231250 0.389000 0.011458 0.005500
0 0.257292 0.400375 0.010417 0.005750
0 0.139583 0.470375 0.007292 0.005250
0 0.283333 0.456250 0.012500 0.004000
0 0.374740 0.498750 0.007812 0.006000
0 0.293490 0.508875 0.014063 0.004250
0 0.472135 0.433000 0.009896 0.005000
0 0.457292 0.406500 0.011458 0.004500
0 0.530469 0.394125 0.014063 0.004250
0 0.564063 0.398375 0.011458 0.006250
0 0.604427 0.256000 0.013021 0.005500
0 0.523958 0.290875 0.009375 0.007750
0 0.393490 0.310625 0.010937 0.004750
0 0.581510 0.340250 0.010937 0.008000
0 0.443229 0.436375 0.010417 0.002750
0 0.445312 0.439750 0.011458 0.004000
0 0.707552 0.493625 0.008854 0.006250
0 0.817448 0.443000 0.013021 0.005000
0 0.921094 0.377125 0.008854 0.006250
0 0.858594 0.647000 0.008854 0.005500
0 0.862500 0.637000 0.011458 0.003000
0 0.861458 0.634250 0.012500 0.002500
0 0.893229 0.275625 0.012500 0.004250
0 0.904427 0.300750 0.008854 0.005500
