0 0.336125 0.456771 0.012750 0.032292
0 0.520250 0.691146 0.009000 0.026042
0 0.520875 0.700781 0.008250 0.022396
0 0.480875 0.658594 0.008250 0.023438
0 0.496500 0.612760 0.010000 0.023438
0 0.494625 0.592969 0.008250 0.025521
0 0.469125 0.548438 0.014750 0.034375
0 0.455875 0.443229 0.009750 0.016667
0 0.627375 0.779948 0.007250 0.027604
0 0.417375 0.424479 0.010750 0.019792
0 0.422250 0.411979 0.011000 0.025000
0 0.430500 0.398177 0.007000 0.015104
0 0.419250 0.391406 0.007000 0.017188
0 0.410375 0.386719 0.009250 0.024479
0 0.411750 0.376042 0.006000 0.018750
0 0.399125 0.367188 0.010750 0.018750
0 0.380500 0.355990 0.008000 0.017188
0 0.390625 0.346354 0.010250 0.023958
0 0.384750 0.328385 0.006500 0.020313
0 0.392250 0.314063 0.013500 0.030208
0 0.429250 0.290365 0.009500 0.018229
0 0.374500 0.294010 0.011000 0.022396
0 0.360250 0.246354 0.012500 0.028125
0 0.341125 0.255469 0.010750 0.017188
0 0.348000 0.250000 0.011000 0.025000
0 0.341750 0.239323 0.010000 0.024479
0 0.417750 0.203906 0.012500 0.028646
0 0.300250 0.088021 0.009500 0.021875
0 0.611750 0.382552 0.012000 0.024479
0 0.618875 0.362240 0.012250 0.020313
0 0.622500 0.340104 0.010000 0.021875
0 0.626750 0.316146 0.007500 0.031250
0 0.624125 0.120833 0.013250 0.022917
0 0.698500 0.124740 0.008000 0.021354
0 0.659625 0.092969 0.007750 0.020313
0 0.654250 0.058073 0.009500 0.028646
0 0.662875 0.063281 0.009750 0.023438
0 0.689750 0.614583 0.009500 0.022917
0 0.696625 0.623437 0.009750 0.021875
0 0.708500 0.636198 0.008000 0.015104
0 0.713875 0.590625 0.012250 0.022917
0 0.719750 0.598698 0.007500 0.019271
0 0.735500 0.602604 0.010000 0.019792
0 0.749375 0.583073 0.007250 0.017188
0 0.685250 0.729427 0.010500 0.018229
0 0.691250 0.714063 0.011000 0.020833
0 0.704125 0.742448 0.012750 0.026562
0 0.707875 0.735417 0.008250 0.020833
0 0.732750 0.697396 0.006500 0.019792
0 0.736625 0.707552 0.008250 0.016146
0 0.751625 0.704167 0.010250 0.022917
0 0.759125 0.717969 0.009250 0.021354
0 0.785375 0.752865 0.010750 0.019271
0 0.789375 0.734115 0.011250 0.022396
0 0.781375 0.718750 0.011250 0.022917
0 0.811375 0.704427 0.015250 0.026562
0 0.803250 0.697656 0.011000 0.016146
0 0.815250 0.669271 0.015000 0.026042
0 0.874375 0.646094 0.008750 0.026562
0 0.768125 0.685677 0.008750 0.015104
0 0.768875 0.703385 0.012250 0.020313
0 0.769500 0.713802 0.009000 0.020313
0 0.790875 0.546354 0.012250 0.026042
0 0.806000 0.480208 0.018000 0.027083
0 0.810250 0.479948 0.009000 0.027604
0 0.844750 0.482031 0.010000 0.023438
0 0.849125 0.533073 0.013250 0.017188
0 0.935125 0.464323 0.011250 0.024479
0 0.959750 0.475521 0.014000 0.021875
0 0.956875 0.489323 0.009750 0.025521
0 0.851750 0.380469 0.012000 0.024479
0 0.874750 0.403125 0.010500 0.025000
0 0.917875 0.361198 0.010250 0.027604
0 0.908625 0.289583 0.012750 0.027083
0 0.866375 0.298438 0.012750 0.022917
0 0.985750 0.346875 0.009500 0.020833
