0 0.242625 0.995833 0.006250 0.007292
0 0.307625 0.980990 0.006250 0.011979
0 0.269500 0.961719 0.005000 0.007812
0 0.274125 0.961979 0.004750 0.005208
0 0.273875 0.957031 0.005250 0.005729
0 0.274125 0.921615 0.007250 0.016146
0 0.304500 0.855469 0.005500 0.007812
0 0.318250 0.868750 0.004500 0.008333
0 0.325125 0.869010 0.005750 0.009896
0 0.287625 0.879687 0.004750 0.007292
0 0.287500 0.875521 0.005500 0.005208
0 0.309375 0.849479 0.003250 0.005208
0 0.310375 0.846875 0.004250 0.006250
0 0.363875 0.841146 0.006250 0.010417
0 0.359125 0.814583 0.004750 0.008333
0 0.347125 0.851302 0.004250 0.006771
0 0.346750 0.848177 0.004500 0.006771
0 0.381250 0.800260 0.004500 0.009896
0 0.387625 0.805208 0.004250 0.008333
0 0.398750 0.778125 0.004500 0.012500
0 0.405250 0.782031 0.004500 0.005729
0 0.410250 0.776563 0.004000 0.008333
0 0.407125 0.776563 0.003750 0.006250
0 0.411375 0.769531 0.005250 0.007812
0 0.416875 0.763542 0.004750 0.009375
0 0.444625 0.722135 0.003750 0.010937
0 0.442500 0.742969 0.005500 0.007812
0 0.446500 0.740625 0.004000 0.007292
0 0.366625 0.858333 0.003750 0.012500
0 0.467375 0.671615 0.006750 0.008854
0 0.433750 0.680208 0.003000 0.009375
0 0.430875 0.684375 0.004750 0.005208
0 0.412125 0.671875 0.004750 0.009375
0 0.361125 0.698698 0.005250 0.007812
0 0.319125 0.652865 0.005750 0.009896
0 0.278375 0.641406 0.006750 0.010937
0 0.246250 0.673698 0.005500 0.008854
0 0.250375 0.681510 0.004750 0.006771
0 0.251250 0.678646 0.005000 0.008333
0 0.229000 0.684896 0.005500 0.007292
0 0.197750 0.733333 0.005500 0.005208
0 0.197875 0.728906 0.005750 0.005729
0 0.387875 0.545052 0.004750 0.008854
0 0.368875 0.545833 0.002750 0.008333
0 0.370250 0.544792 0.003000 0.010417
0 0.251125 0.443229 0.006750 0.010417
0 0.247250 0.360156 0.005500 0.010937
0 0.226875 0.320052 0.004250 0.010937
0 0.445875 0.528385 0.004750 0.011979
0 0.428125 0.515104 0.003750 0.012500
0 0.437625 0.513281 0.004250 0.008854
0 0.440750 0.513802 0.004500 0.007812
0 0.434125 0.501563 0.003250 0.011458
0 0.437000 0.499219 0.003500 0.010937
0 0.430250 0.491667 0.004500 0.007292
0 0.426000 0.478125 0.003500 0.010417
0 0.419625 0.487240 0.004750 0.010937
0 0.408500 0.458854 0.003500 0.009375
0 0.405750 0.459635 0.002500 0.008854
0 0.419125 0.446094 0.004250 0.009896
0 0.415125 0.443229 0.004750 0.007292
0 0.395625 0.403125 0.004750 0.008333
0 0.384125 0.371354 0.004750 0.010417
0 0.335250 0.400521 0.005500 0.009375
0 0.345875 0.409115 0.004250 0.008854
0 0.400375 0.354948 0.004750 0.009896
0 0.391875 0.352083 0.004250 0.012500
0 0.385000 0.359375 0.005000 0.009375
0 0.324500 0.362500 0.005500 0.008333
0 0.307625 0.328646 0.005250 0.011458
0 0.371375 0.297135 0.004250 0.014063
0 0.359750 0.303646 0.004500 0.011458
0 0.362500 0.296615 0.004500 0.011979
0 0.335125 0.264323 0.005750 0.011979
0 0.279000 0.211719 0.005500 0.010937
0 0.300875 0.213021 0.003750 0.008333
0 0.299250 0.205469 0.005500 0.007812
0 0.268875 0.095833 0.005250 0.008333
0 0.486250 0.557552 0.003500 0.010937
0 0.491750 0.548698 0.005000 0.009896
0 0.486875 0.533073 0.003250 0.008854
0 0.481875 0.526042 0.003750 0.011458
0 0.489125 0.530990 0.004750 0.006771
0 0.501375 0.484375 0.004750 0.010417
0 0.480250 0.496094 0.004000 0.010937
0 0.480250 0.507552 0.004500 0.011979
0 0.486000 0.498958 0.001500 0.009375
0 0.488125 0.498698 0.002250 0.010937
0 0.491625 0.503906 0.003250 0.011979
0 0.493625 0.501563 0.002750 0.011458
0 0.498625 0.450000 0.005250 0.011458
0 0.480500 0.418750 0.005500 0.010417
0 0.484250 0.414323 0.002500 0.009896
0 0.482000 0.411719 0.002500 0.011979
0 0.476250 0.402083 0.004000 0.011458
0 0.473000 0.408854 0.003500 0.009375
0 0.472125 0.400521 0.004250 0.008333
0 0.466000 0.426563 0.005000 0.009375
0 0.468875 0.373958 0.004250 0.011458
0 0.464625 0.407031 0.003250 0.009896
0 0.459500 0.343750 0.004500 0.010417
0 0.471875 0.371875 0.005750 0.009375
0 0.488250 0.333594 0.006000 0.007812
0 0.457125 0.288281 0.005250 0.011979
0 0.478250 0.242969 0.002500 0.009896
0 0.476125 0.242708 0.002250 0.011458
0 0.440875 0.185417 0.004250 0.012500
0 0.451500 0.168750 0.006500 0.012500
0 0.446000 0.178646 0.003000 0.012500
0 0.447625 0.178385 0.002250 0.009896
0 0.690375 0.023958 0.004250 0.010417
0 0.796250 0.006510 0.005500 0.013021
0 0.808000 0.096615 0.006500 0.009896
0 0.861125 0.063281 0.004250 0.011979
0 0.892125 0.084635 0.006750 0.011979
