0 0.451375 0.096875 0.004750 0.008333
0 0.449875 0.092969 0.004250 0.006771
0 0.463000 0.100781 0.005000 0.011979
0 0.465500 0.096615 0.005500 0.007812
0 0.470000 0.103125 0.003500 0.012500
0 0.527250 0.093229 0.004000 0.014583
0 0.522750 0.137500 0.003500 0.009375
0 0.524625 0.135677 0.004250 0.010937
0 0.557625 0.164062 0.007250 0.012500
0 0.587250 0.182552 0.006500 0.013021
0 0.579250 0.231250 0.003000 0.013542
0 0.576875 0.229687 0.002250 0.010417
0 0.579750 0.215885 0.005500 0.014063
0 0.561500 0.207812 0.004500 0.007292
0 0.560500 0.204948 0.004500 0.007812
0 0.600375 0.255990 0.006750 0.008854
0 0.613250 0.268229 0.006000 0.012500
0 0.635500 0.272135 0.005000 0.006771
0 0.634625 0.267969 0.006250 0.005729
0 0.652625 0.338281 0.005750 0.013021
0 0.669625 0.327865 0.006750 0.010937
0 0.671125 0.314583 0.007250 0.010417
0 0.672250 0.361198 0.005500 0.010937
0 0.691625 0.358073 0.007750 0.013021
0 0.727750 0.441406 0.007000 0.014063
0 0.575500 0.492188 0.006500 0.008333
0 0.559375 0.503646 0.006250 0.007292
0 0.551250 0.508854 0.003500 0.010417
0 0.549625 0.502865 0.005250 0.004687
0 0.551875 0.498437 0.005750 0.005208
0 0.554750 0.495833 0.005500 0.006250
0 0.532625 0.504427 0.005250 0.008854
0 0.524750 0.493229 0.006500 0.009375
0 0.525750 0.466406 0.005000 0.009896
0 0.528000 0.457813 0.006500 0.005208
0 0.528125 0.453385 0.005750 0.004687
0 0.501625 0.458854 0.005250 0.012500
0 0.507500 0.447396 0.004500 0.009375
0 0.506750 0.443750 0.005000 0.007292
0 0.489500 0.456250 0.004000 0.006250
0 0.487250 0.462500 0.004000 0.010417
0 0.486875 0.440104 0.003750 0.008333
0 0.487750 0.437240 0.004500 0.007812
0 0.477625 0.444792 0.005750 0.009375
0 0.473000 0.455469 0.003500 0.010937
0 0.478625 0.459115 0.004750 0.006771
0 0.478750 0.463281 0.005000 0.004687
0 0.478625 0.466927 0.005250 0.003646
0 0.464000 0.459375 0.004500 0.009375
0 0.463750 0.456771 0.004000 0.006250
0 0.443500 0.415885 0.003500 0.011979
0 0.440125 0.452083 0.005750 0.009375
0 0.437375 0.441667 0.004750 0.005208
0 0.438000 0.438542 0.005000 0.004167
0 0.414500 0.408073 0.007500 0.008854
0 0.405875 0.390365 0.006250 0.009896
0 0.393750 0.420573 0.005500 0.014063
0 0.288000 0.412500 0.005500 0.012500
0 0.276125 0.440365 0.004750 0.007812
0 0.273750 0.433594 0.004000 0.006771
0 0.315250 0.449740 0.006500 0.010937
0 0.359625 0.433333 0.004250 0.010417
0 0.356750 0.431250 0.004000 0.006250
0 0.358375 0.423437 0.002750 0.010417
0 0.362625 0.447135 0.003750 0.005729
0 0.363000 0.452865 0.004500 0.005729
0 0.401875 0.448437 0.003250 0.008333
0 0.226875 0.480729 0.003750 0.006250
0 0.297250 0.469010 0.004000 0.005729
0 0.297375 0.517708 0.004250 0.007292
0 0.313500 0.528646 0.004000 0.007292
0 0.310000 0.528646 0.003500 0.006250
0 0.343500 0.479427 0.004500 0.007812
0 0.360000 0.479687 0.004000 0.011458
0 0.373375 0.505208 0.004750 0.006250
0 0.380625 0.488542 0.005750 0.005208
0 0.381000 0.484635 0.005500 0.004687
0 0.397875 0.509115 0.003750 0.008854
0 0.435500 0.503906 0.005500 0.005729
0 0.439000 0.509375 0.003000 0.007292
0 0.437750 0.508333 0.003500 0.007292
0 0.450625 0.484635 0.004750 0.004687
0 0.450250 0.480208 0.004000 0.004167
0 0.454625 0.476562 0.004250 0.007292
0 0.450125 0.475521 0.004750 0.005208
0 0.473625 0.494531 0.004750 0.007812
0 0.479375 0.488021 0.003750 0.008333
0 0.474375 0.516667 0.005750 0.008333
0 0.472250 0.508333 0.004500 0.009375
0 0.462000 0.511719 0.005500 0.004687
0 0.461625 0.507292 0.004750 0.005208
0 0.485750 0.505469 0.003000 0.007812
0 0.489750 0.507292 0.005500 0.004167
0 0.489625 0.503125 0.005250 0.005208
0 0.487500 0.496354 0.005000 0.005208
0 0.487625 0.492708 0.005250 0.007292
0 0.486750 0.484896 0.004000 0.009375
0 0.488375 0.482031 0.004750 0.009896
0 0.495250 0.488021 0.004500 0.011458
0 0.502000 0.494792 0.005500 0.010417
0 0.506500 0.495052 0.004000 0.010937
0 0.704250 0.607552 0.003500 0.013021
0 0.622000 0.640104 0.006000 0.010417
0 0.594500 0.615104 0.004500 0.009375
0 0.593250 0.656510 0.007500 0.009896
0 0.581250 0.698698 0.005500 0.009896
0 0.573000 0.709635 0.005000 0.010937
0 0.551125 0.736719 0.004250 0.010937
0 0.539000 0.741406 0.004500 0.005729
0 0.539250 0.737760 0.005000 0.005729
0 0.516125 0.740104 0.003750 0.013542
0 0.513375 0.770573 0.004250 0.008854
0 0.487000 0.758854 0.004000 0.013542
0 0.499125 0.783073 0.004750 0.005729
0 0.499250 0.788021 0.005000 0.006250
0 0.526625 0.780469 0.006750 0.010937
0 0.533875 0.767708 0.004750 0.006250
0 0.535500 0.772917 0.004000 0.008333
0 0.475875 0.803125 0.004250 0.008333
0 0.471500 0.806250 0.005000 0.007292
0 0.474000 0.852865 0.004500 0.009896
0 0.469875 0.851302 0.003750 0.009896
0 0.440625 0.837500 0.005250 0.008333
0 0.447500 0.896094 0.003500 0.009896
0 0.307000 0.987500 0.004000 0.006250
0 0.299125 0.915625 0.005750 0.012500
0 0.320250 0.867969 0.005000 0.010937
0 0.386250 0.893490 0.003000 0.011979
0 0.383875 0.892969 0.003250 0.007812
0 0.449250 0.791146 0.003500 0.010417
0 0.448125 0.772135 0.005750 0.011979
0 0.715375 0.619271 0.003750 0.012500
0 0.684375 0.761979 0.005750 0.014583
0 0.666000 0.813281 0.006500 0.010937
0 0.659500 0.826823 0.007000 0.009896
0 0.668875 0.888802 0.003250 0.013021
0 0.666250 0.883594 0.005500 0.006771
0 0.655000 0.934896 0.003000 0.010417
0 0.651000 0.935677 0.005500 0.010937
0 0.638250 0.961198 0.004500 0.010937
0 0.621500 0.965104 0.005500 0.007292
0 0.611500 0.956250 0.005000 0.009375
0 0.610250 0.967969 0.005000 0.011979
0 0.617500 0.969531 0.003000 0.013021
0 0.615000 0.968490 0.002500 0.009896
0 0.616250 0.987500 0.004000 0.015625
0 0.597625 0.988281 0.004250 0.006771
0 0.597875 0.981510 0.005750 0.007812
0 0.795625 0.786979 0.005250 0.015625
0 0.782375 0.883333 0.007750 0.010417
0 0.809875 0.864583 0.005750 0.015625
0 0.799875 0.950260 0.002750 0.011979
0 0.797875 0.949479 0.003250 0.016667
0 0.829875 0.303906 0.006750 0.009896
0 0.827375 0.271615 0.007750 0.010937
0 0.821875 0.138542 0.006250 0.013542
0 0.866000 0.092448 0.008000 0.009896
0 0.859875 0.064323 0.008250 0.008854
0 0.863625 0.055729 0.005250 0.008333
0 0.860875 0.043229 0.004250 0.012500
0 0.866000 0.039323 0.006000 0.013021
0 0.880875 0.011198 0.005750 0.006771
0 0.922000 0.020313 0.006500 0.009375
0 0.883875 0.003125 0.003250 0.006250
0 0.369500 0.360156 0.004500 0.006771
0 0.512625 0.383073 0.004750 0.010937
0 0.360875 0.583594 0.005750 0.009896
