0 0.431000 0.943750 0.005500 0.010417
0 0.518875 0.834375 0.003750 0.006250
0 0.524000 0.832031 0.005500 0.007812
0 0.566125 0.777344 0.007250 0.009896
0 0.588500 0.700521 0.007000 0.014583
0 0.582625 0.707031 0.003750 0.010937
0 0.524250 0.755469 0.007500 0.013021
0 0.532625 0.778906 0.007750 0.007812
0 0.533000 0.786198 0.006000 0.007812
0 0.492625 0.771354 0.005250 0.013542
0 0.491500 0.822656 0.008500 0.007812
0 0.486875 0.832812 0.006250 0.009375
0 0.465875 0.798958 0.005250 0.008333
0 0.466500 0.794792 0.006000 0.009375
0 0.431125 0.825000 0.008250 0.010417
0 0.423750 0.833594 0.006000 0.011979
0 0.418000 0.820833 0.006500 0.009375
0 0.416250 0.830729 0.006500 0.010417
0 0.418125 0.844271 0.007250 0.010417
0 0.425375 0.845833 0.007750 0.008333
0 0.332000 0.820312 0.007000 0.010417
0 0.357500 0.840885 0.007500 0.007812
0 0.357500 0.848437 0.006500 0.008333
0 0.439500 0.869531 0.007500 0.006771
0 0.439875 0.877083 0.006750 0.007292
0 0.509750 0.634635 0.004500 0.016146
0 0.504625 0.630729 0.005750 0.013542
0 0.500375 0.607031 0.005750 0.014063
0 0.481500 0.610417 0.007500 0.010417
0 0.467375 0.599219 0.007750 0.015104
0 0.340500 0.539583 0.005000 0.011458
0 0.332750 0.510938 0.006500 0.007292
0 0.333625 0.506250 0.005750 0.007292
0 0.344750 0.495573 0.006000 0.010937
0 0.351750 0.493750 0.005500 0.014583
0 0.349750 0.514062 0.007000 0.008333
0 0.348875 0.520052 0.007750 0.008854
0 0.353625 0.532031 0.006750 0.009896
0 0.354375 0.540885 0.005250 0.010937
0 0.546375 0.575000 0.006750 0.012500
0 0.533125 0.546615 0.006250 0.014063
0 0.497875 0.488021 0.005250 0.010417
0 0.499875 0.478385 0.006250 0.010937
0 0.513125 0.505729 0.005750 0.006250
0 0.512875 0.500260 0.006750 0.005729
0 0.485500 0.447917 0.005000 0.015625
0 0.469375 0.433854 0.006250 0.010417
0 0.472250 0.430990 0.005500 0.010937
0 0.436500 0.396615 0.006000 0.010937
0 0.426000 0.400000 0.006500 0.011458
0 0.427500 0.392448 0.006000 0.008854
0 0.459375 0.379427 0.006250 0.011979
0 0.446250 0.355729 0.006000 0.011458
0 0.375375 0.293750 0.005750 0.013542
0 0.364250 0.283333 0.007000 0.015625
0 0.353875 0.239844 0.004250 0.013021
0 0.362625 0.241927 0.004250 0.010937
0 0.533625 0.468490 0.005750 0.010937
0 0.551125 0.467708 0.004750 0.013542
0 0.556250 0.468750 0.006500 0.011458
0 0.543625 0.426563 0.006250 0.012500
0 0.518375 0.442188 0.006250 0.010417
0 0.527500 0.432031 0.007500 0.014063
0 0.516625 0.406771 0.005250 0.013542
0 0.524375 0.383073 0.005250 0.013021
0 0.513125 0.367708 0.005250 0.010417
0 0.517375 0.371354 0.005250 0.009375
0 0.513125 0.338021 0.006750 0.013542
0 0.496125 0.352083 0.004250 0.014583
0 0.498250 0.350000 0.004000 0.010417
0 0.466125 0.257812 0.007750 0.011458
0 0.482375 0.194010 0.006250 0.011979
0 0.436125 0.195052 0.004750 0.015104
0 0.435375 0.178125 0.007250 0.008333
0 0.626500 0.435937 0.003000 0.011458
0 0.628750 0.434896 0.003500 0.012500
0 0.602125 0.384375 0.005750 0.013542
0 0.630000 0.343750 0.002500 0.010417
0 0.632625 0.344010 0.003250 0.013021
0 0.605875 0.350781 0.003750 0.005729
0 0.605375 0.345833 0.005250 0.006250
0 0.610625 0.344271 0.004250 0.012500
0 0.599625 0.335677 0.004250 0.010937
0 0.607000 0.326823 0.005500 0.010937
0 0.624750 0.308854 0.004500 0.009375
0 0.613000 0.324219 0.002500 0.011979
0 0.612000 0.309896 0.003000 0.007292
0 0.609750 0.312500 0.003500 0.009375
0 0.607625 0.309635 0.003250 0.007812
0 0.619875 0.321615 0.003250 0.008854
0 0.616375 0.315885 0.004750 0.009896
0 0.615250 0.320312 0.004000 0.006250
0 0.644375 0.405729 0.003250 0.012500
0 0.649500 0.393229 0.005000 0.007292
0 0.649250 0.398177 0.003000 0.007812
0 0.825500 0.279948 0.005500 0.009896
0 0.836750 0.283594 0.006000 0.011979
0 0.819375 0.256771 0.005750 0.009375
0 0.817125 0.240625 0.005250 0.009375
0 0.799000 0.235937 0.007000 0.007292
0 0.768500 0.254427 0.005500 0.009896
0 0.848625 0.318750 0.006250 0.009375
0 0.782875 0.343490 0.008750 0.014063
0 0.682750 0.129427 0.006000 0.010937
0 0.593875 0.050521 0.009750 0.022917
