0 0.488125 0.641667 0.002750 0.005208
0 0.469875 0.720313 0.005250 0.008333
0 0.462250 0.731510 0.004000 0.015104
0 0.440875 0.725521 0.006750 0.012500
0 0.433500 0.729427 0.005500 0.014063
0 0.442250 0.777344 0.005000 0.017188
0 0.404750 0.814063 0.006000 0.012500
0 0.389750 0.794531 0.003500 0.011979
0 0.385625 0.796354 0.004250 0.011458
0 0.384750 0.793750 0.004500 0.010417
0 0.377875 0.916406 0.007250 0.008854
0 0.458875 0.559375 0.006750 0.007292
0 0.454000 0.582031 0.006000 0.008854
0 0.445125 0.563021 0.006750 0.009375
0 0.426125 0.570833 0.004750 0.010417
0 0.419125 0.605208 0.007250 0.008333
0 0.416125 0.575521 0.002750 0.011458
0 0.412625 0.572656 0.004250 0.008854
0 0.411500 0.584375 0.004500 0.012500
0 0.404000 0.622656 0.007500 0.007812
0 0.385875 0.606250 0.005250 0.012500
0 0.381375 0.591406 0.004750 0.011979
0 0.373000 0.594271 0.006500 0.007292
0 0.370750 0.602083 0.006000 0.009375
0 0.361875 0.608594 0.005750 0.009896
0 0.352250 0.619271 0.006500 0.010417
0 0.355125 0.594010 0.005750 0.005729
0 0.354875 0.601562 0.004250 0.009375
0 0.353125 0.600260 0.003250 0.007812
0 0.348750 0.602344 0.005000 0.008854
0 0.349625 0.594271 0.002750 0.008333
0 0.344750 0.602083 0.003500 0.011458
0 0.336625 0.606510 0.006250 0.004687
0 0.338000 0.611198 0.005000 0.006771
0 0.336750 0.617188 0.006000 0.009375
0 0.342500 0.630729 0.007500 0.010417
0 0.327625 0.641146 0.006250 0.013542
0 0.352500 0.644792 0.007000 0.007292
0 0.358000 0.646875 0.005000 0.012500
0 0.357875 0.638281 0.007750 0.005729
0 0.354250 0.699479 0.006000 0.009375
0 0.353375 0.713542 0.006250 0.011458
0 0.337250 0.713802 0.006500 0.010937
0 0.338500 0.699219 0.004500 0.015104
0 0.287500 0.618229 0.006500 0.011458
0 0.268500 0.622135 0.005000 0.007812
0 0.265875 0.615885 0.005750 0.006771
0 0.272250 0.700521 0.004500 0.014583
0 0.235000 0.712500 0.009500 0.011458
0 0.225250 0.764844 0.008500 0.014063
0 0.259750 0.775000 0.007500 0.006250
0 0.260375 0.769271 0.006250 0.007292
0 0.486250 0.512500 0.005500 0.010417
0 0.465125 0.481510 0.004750 0.006771
0 0.439625 0.482812 0.006250 0.011458
0 0.429000 0.498177 0.005000 0.010937
0 0.432000 0.493229 0.004500 0.012500
0 0.419625 0.487240 0.003750 0.013021
0 0.413000 0.474219 0.006500 0.008854
0 0.424125 0.479948 0.006250 0.006771
0 0.425625 0.472917 0.005250 0.010417
0 0.422125 0.471094 0.004250 0.011979
0 0.405875 0.464323 0.003250 0.015104
0 0.403250 0.465625 0.002500 0.012500
0 0.399625 0.468750 0.005250 0.011458
0 0.382125 0.446094 0.005250 0.013021
0 0.373375 0.458333 0.005250 0.012500
0 0.374625 0.434115 0.006250 0.009896
0 0.370125 0.429688 0.005250 0.011458
0 0.369875 0.440365 0.005250 0.010937
0 0.361750 0.433594 0.005000 0.007812
0 0.361375 0.442708 0.006250 0.006250
0 0.363750 0.448698 0.006000 0.007812
0 0.354125 0.470312 0.007250 0.010417
0 0.351750 0.431250 0.006500 0.006250
0 0.347375 0.431771 0.005250 0.013542
0 0.339625 0.382552 0.007250 0.008854
0 0.330375 0.394010 0.003750 0.009896
0 0.332625 0.392448 0.004250 0.011979
0 0.320000 0.391667 0.003500 0.010417
0 0.321500 0.389583 0.004000 0.012500
0 0.298125 0.370833 0.006750 0.009375
0 0.303125 0.344010 0.005750 0.009896
0 0.203375 0.286198 0.005750 0.008854
0 0.204625 0.282031 0.005250 0.009896
0 0.227625 0.252344 0.006250 0.011979
0 0.246875 0.291406 0.006750 0.009896
0 0.249125 0.290625 0.005750 0.010417
0 0.358875 0.401302 0.005750 0.006771
0 0.365750 0.405729 0.004500 0.004167
0 0.367250 0.409375 0.004500 0.005208
0 0.475750 0.453125 0.003500 0.011458
0 0.477750 0.429688 0.005000 0.007292
0 0.477375 0.425000 0.005750 0.007292
0 0.458750 0.425521 0.005000 0.012500
0 0.455000 0.397656 0.004000 0.014063
0 0.429250 0.412240 0.004500 0.010937
0 0.396625 0.343229 0.005250 0.011458
0 0.425250 0.320312 0.005000 0.012500
0 0.414625 0.302083 0.004250 0.014583
0 0.404875 0.297396 0.003250 0.013542
0 0.408625 0.305990 0.004750 0.010937
0 0.409750 0.302344 0.004000 0.008854
0 0.346750 0.180729 0.003500 0.012500
0 0.344125 0.181250 0.002250 0.015625
0 0.313000 0.122656 0.003500 0.014063
0 0.315625 0.120573 0.003250 0.011979
0 0.331125 0.116146 0.003750 0.009375
0 0.332750 0.114323 0.004500 0.013021
0 0.343625 0.104167 0.008250 0.012500
0 0.316875 0.095833 0.002750 0.010417
0 0.319375 0.095573 0.003250 0.013021
0 0.374500 0.042188 0.005500 0.012500
0 0.357500 0.079167 0.005000 0.009375
0 0.415375 0.182292 0.002750 0.006250
0 0.502875 0.432812 0.002250 0.010417
0 0.500500 0.431771 0.002500 0.011458
0 0.500750 0.415104 0.003000 0.011458
0 0.501375 0.404167 0.002750 0.012500
0 0.501000 0.394010 0.004000 0.006771
0 0.512125 0.392969 0.006250 0.007812
0 0.510750 0.380729 0.004500 0.011458
0 0.495875 0.388021 0.004750 0.012500
0 0.489125 0.380208 0.005250 0.006250
0 0.492125 0.370052 0.003750 0.006771
0 0.495625 0.370052 0.004250 0.011979
0 0.490125 0.347656 0.006750 0.008854
0 0.510500 0.344531 0.004000 0.013021
0 0.509250 0.334635 0.004000 0.011979
0 0.497250 0.331510 0.002500 0.010937
0 0.495000 0.339583 0.003500 0.012500
0 0.491500 0.334115 0.003500 0.007812
0 0.496250 0.325260 0.003500 0.013021
0 0.493625 0.316146 0.002750 0.012500
0 0.491500 0.323177 0.003500 0.010937
0 0.483875 0.313802 0.005750 0.006771
0 0.504375 0.313542 0.003250 0.013542
0 0.506500 0.305729 0.003000 0.012500
0 0.505125 0.295052 0.003250 0.009896
0 0.502875 0.297656 0.003750 0.009896
0 0.494375 0.298958 0.004250 0.011458
0 0.491125 0.295312 0.002750 0.010417
0 0.491125 0.306250 0.002750 0.011458
0 0.488875 0.305729 0.002750 0.012500
0 0.489125 0.281250 0.004250 0.012500
0 0.482125 0.283333 0.004750 0.011458
0 0.484625 0.296094 0.004750 0.010937
0 0.485875 0.294010 0.005250 0.009896
0 0.467625 0.243229 0.004750 0.010417
0 0.464500 0.234635 0.004500 0.008854
0 0.478875 0.216667 0.005250 0.014583
0 0.480000 0.201042 0.004000 0.012500
0 0.498750 0.220573 0.005500 0.009896
0 0.501375 0.248958 0.004250 0.014583
0 0.492750 0.253906 0.003500 0.014063
0 0.461625 0.169792 0.006250 0.008333
0 0.476250 0.008594 0.005000 0.015104
0 0.467750 0.048958 0.003000 0.015625
0 0.465625 0.048177 0.002250 0.013021
0 0.565500 0.375781 0.003500 0.013021
0 0.578875 0.401562 0.006750 0.017708
0 0.560750 0.385156 0.004500 0.011979
0 0.559625 0.374740 0.003750 0.009896
0 0.544875 0.415104 0.003250 0.012500
0 0.540000 0.432031 0.003500 0.009896
0 0.538625 0.479948 0.003750 0.013021
0 0.550125 0.484896 0.005750 0.010417
0 0.604375 0.037240 0.008250 0.018229
0 0.619000 0.419271 0.003500 0.014583
0 0.616875 0.401042 0.005250 0.011458
0 0.617125 0.392969 0.005250 0.007812
0 0.631250 0.405208 0.007000 0.011458
0 0.642625 0.386979 0.006250 0.010417
0 0.653625 0.415365 0.006250 0.009896
0 0.646375 0.431250 0.004750 0.013542
0 0.643750 0.423177 0.007000 0.009896
0 0.661000 0.367708 0.003500 0.014583
0 0.657750 0.361979 0.004500 0.015625
0 0.661625 0.343490 0.005250 0.010937
0 0.659250 0.341667 0.005500 0.013542
0 0.677625 0.287500 0.005250 0.011458
0 0.684250 0.328385 0.003500 0.016146
0 0.689875 0.342448 0.005750 0.013021
0 0.693000 0.340885 0.004000 0.013021
0 0.261000 0.475521 0.006000 0.012500
