0 0.319125 0.876823 0.005750 0.007812
0 0.352125 0.774740 0.006750 0.006771
0 0.348875 0.770312 0.007250 0.007292
0 0.417375 0.759896 0.005250 0.008333
0 0.443500 0.748177 0.006500 0.010937
0 0.330875 0.620313 0.006750 0.008333
0 0.328875 0.608594 0.005250 0.006771
0 0.329625 0.605469 0.006250 0.007812
0 0.312750 0.600781 0.006500 0.010937
0 0.463250 0.591927 0.002500 0.010937
0 0.466125 0.593229 0.003250 0.012500
0 0.430500 0.541667 0.004500 0.013542
0 0.441000 0.539062 0.002500 0.013542
0 0.444000 0.539323 0.003500 0.009896
0 0.422125 0.494531 0.005250 0.010937
0 0.425125 0.495052 0.003750 0.009896
0 0.429750 0.510156 0.003000 0.011979
0 0.432750 0.512240 0.003500 0.009896
0 0.354500 0.316146 0.005000 0.010417
0 0.355250 0.311458 0.004000 0.011458
0 0.327250 0.223958 0.007000 0.014583
0 0.488500 0.341146 0.004000 0.011458
0 0.500500 0.344792 0.004500 0.012500
0 0.500125 0.359896 0.004250 0.013542
0 0.501875 0.392969 0.005250 0.013021
0 0.488250 0.359896 0.002500 0.011458
0 0.486250 0.359115 0.002500 0.013021
0 0.498625 0.438281 0.003750 0.014063
0 0.501375 0.465365 0.003750 0.008854
0 0.504375 0.445833 0.002750 0.009375
0 0.505875 0.450000 0.002750 0.007292
0 0.506500 0.548698 0.005500 0.007812
0 0.501250 0.515365 0.003000 0.013021
0 0.503375 0.514583 0.002750 0.010417
0 0.494375 0.510938 0.005250 0.009375
0 0.494250 0.505729 0.005000 0.007292
0 0.617250 0.307552 0.004000 0.011979
0 0.610625 0.278646 0.003750 0.014583
0 0.582375 0.438802 0.004750 0.015104
0 0.544250 0.491406 0.004500 0.014063
0 0.550875 0.523177 0.003750 0.010937
0 0.549750 0.519792 0.005000 0.007292
0 0.535875 0.595573 0.006250 0.013021
0 0.568250 0.495312 0.002500 0.011458
0 0.566500 0.494271 0.003000 0.013542
0 0.679250 0.532552 0.008500 0.009896
0 0.640750 0.576562 0.005500 0.010417
0 0.644750 0.570052 0.004500 0.011979
0 0.626875 0.599740 0.007250 0.008854
0 0.610625 0.583854 0.006750 0.009375
0 0.601500 0.618229 0.005000 0.011458
0 0.591625 0.612760 0.004250 0.014063
0 0.597875 0.634375 0.006750 0.010417
0 0.584750 0.640885 0.004500 0.006771
0 0.584000 0.638021 0.006000 0.009375
0 0.595500 0.602083 0.005500 0.004167
0 0.596000 0.606771 0.006500 0.005208
0 0.677250 0.486458 0.002500 0.012500
0 0.675125 0.486719 0.002750 0.011979
0 0.682750 0.699219 0.006000 0.007812
0 0.643875 0.729948 0.005750 0.010937
0 0.619000 0.716406 0.004000 0.007812
0 0.610375 0.715104 0.003250 0.007292
0 0.613500 0.714583 0.003000 0.006250
0 0.514000 0.292187 0.002500 0.009375
0 0.512500 0.290625 0.003000 0.011458
