0 0.531625 0.719531 0.010250 0.010937
0 0.517500 0.609635 0.005500 0.011979
0 0.424750 0.616406 0.007500 0.009896
0 0.400125 0.644792 0.005250 0.016667
0 0.335250 0.664062 0.007500 0.012500
0 0.268375 0.740885 0.005750 0.016146
0 0.342250 0.760938 0.005000 0.010417
0 0.387875 0.612500 0.005250 0.014583
0 0.190250 0.316146 0.010000 0.013542
0 0.275250 0.169271 0.006500 0.013542
0 0.470750 0.227344 0.003500 0.020313
0 0.473625 0.230208 0.002250 0.013542
0 0.472375 0.175521 0.005250 0.015625
0 0.470625 0.155469 0.007250 0.013021
