0 0.145125 0.486979 0.006750 0.006250
0 0.144000 0.482031 0.005500 0.004687
0 0.312750 0.484115 0.005500 0.006771
0 0.312375 0.477865 0.006250 0.007812
0 0.284875 0.491927 0.009750 0.010937
0 0.298125 0.389583 0.007750 0.013542
0 0.471500 0.384375 0.006500 0.008333
0 0.467500 0.398177 0.005500 0.011979
0 0.467625 0.407812 0.003750 0.008333
0 0.466125 0.407031 0.003250 0.006771
0 0.415875 0.426042 0.006250 0.010417
0 0.422250 0.438021 0.004000 0.007292
0 0.419875 0.436458 0.005750 0.008333
0 0.429125 0.482292 0.006250 0.011458
0 0.455375 0.465885 0.004750 0.007812
0 0.457875 0.454948 0.003750 0.007812
0 0.474125 0.419271 0.004750 0.008333
0 0.412375 0.531510 0.006250 0.010937
0 0.406125 0.526302 0.005750 0.009896
0 0.381000 0.578646 0.006500 0.012500
0 0.422000 0.790625 0.007000 0.008333
0 0.421250 0.783333 0.006000 0.008333
0 0.397250 0.805729 0.006000 0.006250
0 0.397000 0.800521 0.007000 0.006250
0 0.464625 0.792448 0.007250 0.013021
0 0.511625 0.740104 0.008750 0.013542
0 0.510250 0.715104 0.003500 0.012500
0 0.506375 0.716927 0.004750 0.013021
0 0.542500 0.702083 0.007000 0.016667
0 0.623250 0.753385 0.007000 0.014063
0 0.592375 0.709115 0.007250 0.008854
0 0.352250 0.960156 0.007500 0.011979
0 0.410250 0.966406 0.007000 0.013021
