0 0.255500 0.491667 0.006500 0.009375
0 0.293000 0.554688 0.006000 0.012500
0 0.295500 0.568750 0.004000 0.013542
0 0.302125 0.566667 0.006750 0.011458
0 0.302375 0.585156 0.006250 0.014063
0 0.317875 0.596094 0.006250 0.014063
0 0.322000 0.617448 0.005500 0.010937
0 0.331000 0.614583 0.005000 0.009375
0 0.338875 0.625000 0.004250 0.009375
0 0.335750 0.644531 0.005000 0.013021
0 0.342250 0.645833 0.003000 0.012500
0 0.337500 0.668750 0.004500 0.014583
0 0.334500 0.663802 0.005000 0.014063
0 0.344875 0.646875 0.002750 0.008333
0 0.367500 0.694531 0.005500 0.009896
0 0.383250 0.755469 0.004500 0.014063
0 0.416625 0.626823 0.005250 0.015104
0 0.412125 0.589844 0.006750 0.009896
0 0.405875 0.575000 0.006750 0.009375
0 0.405750 0.558594 0.003000 0.015104
0 0.407750 0.558073 0.002500 0.011979
0 0.398375 0.547396 0.005250 0.015625
0 0.406875 0.531510 0.004250 0.015104
0 0.400000 0.494271 0.004000 0.014583
0 0.398375 0.475260 0.002250 0.013021
0 0.399625 0.476042 0.003250 0.014583
0 0.397000 0.394792 0.003500 0.013542
0 0.396125 0.407812 0.002750 0.009375
0 0.397375 0.405990 0.003250 0.011979
0 0.385375 0.386198 0.006250 0.009896
0 0.379375 0.380208 0.004250 0.010417
0 0.376250 0.379688 0.004000 0.014583
0 0.397625 0.341667 0.003250 0.008333
0 0.393500 0.229687 0.004000 0.016667
0 0.459500 0.668229 0.005000 0.014583
0 0.457625 0.632292 0.007250 0.010417
0 0.481250 0.559115 0.005000 0.009896
0 0.470500 0.565104 0.003000 0.013542
0 0.468625 0.564323 0.003250 0.010937
0 0.481500 0.539844 0.004500 0.013021
0 0.476625 0.516927 0.002750 0.014063
0 0.474500 0.516406 0.001500 0.011979
0 0.463250 0.519792 0.002500 0.010417
0 0.461375 0.519531 0.003250 0.013021
0 0.459500 0.519010 0.002500 0.014063
0 0.480625 0.468229 0.006750 0.010417
0 0.485000 0.458594 0.005000 0.015104
0 0.491625 0.386198 0.004750 0.014063
0 0.494375 0.347917 0.007250 0.009375
0 0.470875 0.281510 0.004250 0.016146
0 0.538500 0.080208 0.007000 0.010417
0 0.512500 0.339062 0.003500 0.009375
0 0.511875 0.350781 0.004250 0.014063
0 0.515375 0.397135 0.003750 0.010937
0 0.505875 0.390885 0.004250 0.008854
0 0.503125 0.400781 0.005250 0.014063
0 0.501000 0.415104 0.005500 0.009375
0 0.493625 0.449479 0.003250 0.012500
0 0.497250 0.448437 0.004000 0.013542
0 0.496500 0.463542 0.003500 0.007292
0 0.497625 0.471354 0.003750 0.009375
0 0.497000 0.600521 0.005500 0.016667
0 0.509625 0.569271 0.005250 0.011458
0 0.508875 0.560937 0.003750 0.012500
0 0.507875 0.551823 0.003750 0.011979
0 0.512500 0.552344 0.005000 0.011979
0 0.514250 0.539844 0.002500 0.010937
0 0.511875 0.540625 0.003250 0.010417
0 0.509375 0.534635 0.005750 0.007812
0 0.514125 0.522396 0.004250 0.010417
0 0.515250 0.511458 0.003500 0.012500
0 0.521750 0.511458 0.002500 0.011458
0 0.519375 0.511458 0.002750 0.014583
0 0.537250 0.415885 0.004000 0.014063
0 0.536875 0.440365 0.003750 0.014063
0 0.523375 0.385937 0.006250 0.008333
0 0.541875 0.382552 0.004750 0.014063
0 0.553500 0.369792 0.007500 0.013542
0 0.539750 0.359375 0.006500 0.011458
0 0.547625 0.335938 0.006250 0.010417
0 0.545750 0.317708 0.004500 0.013542
0 0.561125 0.447135 0.003750 0.011979
0 0.531625 0.639844 0.005250 0.014063
0 0.547125 0.594792 0.004250 0.010417
0 0.554000 0.600781 0.003500 0.010937
0 0.556750 0.596094 0.003500 0.010937
0 0.620250 0.506510 0.003500 0.008854
0 0.615250 0.639844 0.006500 0.009896
0 0.626000 0.639583 0.003500 0.007292
0 0.622875 0.630990 0.003750 0.007812
0 0.623875 0.625781 0.002250 0.006771
0 0.651500 0.639323 0.003500 0.007812
0 0.627000 0.626563 0.003500 0.005208
0 0.626250 0.622135 0.002500 0.004687
0 0.641625 0.541667 0.004250 0.012500
0 0.653875 0.475000 0.004250 0.009375
0 0.705875 0.550000 0.004250 0.008333
0 0.710625 0.558333 0.003750 0.009375
0 0.712625 0.553646 0.003750 0.009375
0 0.714875 0.549740 0.003250 0.009896
0 0.716250 0.546875 0.003500 0.009375
0 0.718625 0.541927 0.003250 0.010937
0 0.717250 0.502604 0.004000 0.009375
0 0.709375 0.509115 0.004250 0.008854
0 0.678375 0.511458 0.003250 0.008333
0 0.676875 0.505990 0.002750 0.006771
0 0.677750 0.479948 0.004000 0.006771
0 0.674375 0.472396 0.003750 0.007292
0 0.685375 0.608594 0.005250 0.008854
0 0.704750 0.613542 0.005500 0.010417
0 0.688875 0.635677 0.005750 0.010937
0 0.669250 0.235156 0.004500 0.009896
0 0.684625 0.159375 0.003750 0.013542
0 0.749375 0.048698 0.004250 0.010937
0 0.854375 0.203125 0.007250 0.016667
