0 0.497375 0.188281 0.005250 0.009896
0 0.536750 0.227865 0.003500 0.011979
0 0.557750 0.268229 0.006000 0.012500
0 0.450875 0.289062 0.004750 0.008333
0 0.443375 0.256771 0.005250 0.011458
0 0.432875 0.262240 0.005750 0.007812
0 0.383000 0.270052 0.004500 0.009896
0 0.373750 0.268490 0.004500 0.009896
0 0.373250 0.246354 0.007500 0.013542
0 0.357000 0.328906 0.005500 0.010937
0 0.479875 0.336458 0.005250 0.011458
0 0.548250 0.414844 0.005500 0.010937
0 0.544500 0.421615 0.004500 0.009896
0 0.537875 0.423698 0.004250 0.011979
0 0.522125 0.430469 0.006750 0.007812
0 0.510500 0.436979 0.005000 0.008333
0 0.516750 0.433073 0.005000 0.009896
0 0.499000 0.419010 0.005500 0.011979
0 0.491375 0.414583 0.001750 0.012500
0 0.493625 0.416667 0.002750 0.010417
0 0.441750 0.455469 0.004500 0.009896
0 0.393375 0.429948 0.004750 0.011979
0 0.401500 0.465625 0.003500 0.010417
0 0.405875 0.464323 0.004250 0.008854
0 0.407750 0.457031 0.006000 0.007812
0 0.361500 0.508594 0.005500 0.008854
0 0.349625 0.492188 0.006250 0.013542
0 0.376250 0.494010 0.004000 0.006771
0 0.379625 0.493490 0.002750 0.009896
0 0.326750 0.470833 0.005500 0.009375
0 0.323625 0.446354 0.005250 0.010417
0 0.328375 0.451823 0.005250 0.006771
0 0.329750 0.447656 0.004500 0.004687
0 0.292875 0.479948 0.004750 0.013021
0 0.269875 0.625000 0.003750 0.006250
0 0.610375 0.438281 0.003750 0.010937
0 0.581625 0.464323 0.004750 0.007812
0 0.560625 0.498437 0.005250 0.008333
0 0.547500 0.508854 0.004000 0.011458
0 0.541750 0.516927 0.005000 0.008854
0 0.531625 0.524479 0.003750 0.009375
0 0.530000 0.525521 0.003000 0.009375
0 0.520250 0.559375 0.003500 0.009375
0 0.491625 0.553646 0.005250 0.009375
0 0.485500 0.622135 0.004000 0.010937
0 0.476875 0.655990 0.003750 0.010937
0 0.474000 0.650260 0.005000 0.005729
0 0.438250 0.668750 0.007000 0.011458
0 0.455875 0.701562 0.006250 0.008333
0 0.382500 0.757031 0.003500 0.011979
0 0.397625 0.785677 0.003250 0.009896
0 0.396000 0.782031 0.003500 0.004687
0 0.397250 0.825260 0.004500 0.008854
0 0.357375 0.797656 0.005750 0.009896
0 0.393500 0.931250 0.003500 0.006250
0 0.417500 0.734115 0.005000 0.008854
0 0.451625 0.768490 0.004250 0.007812
0 0.460375 0.728646 0.003250 0.006250
0 0.607875 0.478646 0.002750 0.008333
0 0.605000 0.478125 0.003500 0.009375
0 0.604500 0.485417 0.004500 0.006250
0 0.600625 0.496615 0.003250 0.011979
0 0.602000 0.511979 0.004500 0.007292
0 0.600375 0.528646 0.003750 0.008333
0 0.595625 0.527865 0.003750 0.008854
0 0.594125 0.521615 0.004750 0.004687
0 0.589125 0.522396 0.004750 0.004167
0 0.589625 0.527865 0.003750 0.006771
0 0.588125 0.533333 0.004250 0.004167
0 0.597125 0.539323 0.002750 0.009896
0 0.599750 0.537500 0.004000 0.007292
0 0.593875 0.538802 0.003750 0.004687
0 0.591625 0.535417 0.002250 0.006250
0 0.589000 0.541406 0.005000 0.008854
0 0.585375 0.551302 0.002750 0.006771
0 0.587250 0.550260 0.003000 0.008854
0 0.590250 0.547917 0.002500 0.007292
0 0.593875 0.547396 0.003750 0.008333
0 0.596875 0.555469 0.002750 0.009896
0 0.593750 0.555990 0.003500 0.006771
0 0.593625 0.562500 0.003250 0.007292
0 0.591875 0.559635 0.003250 0.006771
0 0.583375 0.566406 0.003250 0.009896
0 0.590625 0.572396 0.003750 0.008333
0 0.592250 0.577604 0.002500 0.008333
0 0.593875 0.584896 0.003250 0.010417
0 0.583875 0.583073 0.004750 0.005729
0 0.580375 0.586458 0.003250 0.008333
0 0.580500 0.579427 0.003000 0.006771
0 0.577625 0.583333 0.003250 0.010417
0 0.562625 0.599740 0.003250 0.007812
0 0.565750 0.598698 0.003000 0.009896
0 0.567250 0.605729 0.003000 0.007292
0 0.563875 0.612500 0.004250 0.007292
0 0.573250 0.614323 0.004500 0.005729
0 0.576750 0.617188 0.003500 0.008333
0 0.581625 0.595833 0.004250 0.010417
0 0.570500 0.625260 0.003500 0.007812
0 0.570125 0.619271 0.003750 0.007292
0 0.557000 0.611458 0.005000 0.005208
0 0.552125 0.620573 0.003250 0.008854
0 0.556250 0.618490 0.003500 0.007812
0 0.559000 0.619792 0.004000 0.004167
0 0.558250 0.623958 0.004500 0.004167
0 0.561750 0.624479 0.003000 0.007292
0 0.564625 0.627604 0.004750 0.007292
0 0.570500 0.640365 0.004000 0.005729
0 0.569500 0.645052 0.005500 0.003646
0 0.569875 0.649479 0.005250 0.005208
0 0.557625 0.666927 0.003250 0.008854
0 0.556625 0.675781 0.005250 0.004687
0 0.546750 0.669792 0.004000 0.008333
0 0.551250 0.682552 0.005000 0.006771
0 0.544000 0.681510 0.002500 0.007812
0 0.545375 0.693490 0.004250 0.005729
0 0.548000 0.692969 0.003500 0.006771
0 0.544375 0.716406 0.004750 0.007812
0 0.552375 0.737760 0.004250 0.009896
0 0.537000 0.775781 0.003500 0.010937
0 0.533250 0.748698 0.002500 0.008854
0 0.512875 0.735938 0.003250 0.005208
0 0.511875 0.733073 0.002750 0.005729
0 0.534125 0.704427 0.004250 0.003646
0 0.534375 0.701302 0.004250 0.004687
0 0.526625 0.683854 0.003750 0.010417
0 0.540375 0.663542 0.003250 0.008333
0 0.537750 0.662240 0.003500 0.008854
0 0.538125 0.651563 0.003750 0.008333
0 0.480750 0.825781 0.003000 0.005729
0 0.493875 0.816406 0.003750 0.004687
0 0.493625 0.811458 0.004750 0.006250
0 0.507750 0.803385 0.004500 0.010937
0 0.501875 0.854687 0.004750 0.010417
0 0.500375 0.881771 0.005250 0.006250
0 0.502625 0.910937 0.004250 0.008333
0 0.490500 0.924219 0.004000 0.005729
0 0.504250 0.927083 0.003500 0.006250
0 0.509000 0.930729 0.004000 0.008333
0 0.506750 0.960938 0.002500 0.008333
0 0.502375 0.959115 0.002750 0.005729
0 0.499000 0.959896 0.003500 0.005208
0 0.496375 0.958594 0.002250 0.009896
0 0.510250 0.962240 0.003500 0.010937
0 0.537625 0.974479 0.002750 0.009375
0 0.562500 0.955208 0.003500 0.010417
0 0.560750 0.965104 0.003000 0.005208
0 0.563500 0.870833 0.004500 0.008333
0 0.625000 0.404167 0.004000 0.006250
0 0.635250 0.564844 0.002500 0.008854
0 0.632750 0.565104 0.002500 0.009375
0 0.642750 0.576562 0.005500 0.008333
0 0.634875 0.603385 0.003750 0.011979
0 0.660375 0.680208 0.005750 0.010417
0 0.655000 0.753646 0.008000 0.012500
0 0.668250 0.746094 0.004000 0.009896
0 0.639125 0.858594 0.005750 0.011979
0 0.611750 0.852865 0.003500 0.009896
0 0.676750 0.852083 0.002000 0.006250
0 0.675375 0.849740 0.003750 0.008854
0 0.746625 0.602344 0.005250 0.008854
0 0.739250 0.585417 0.005000 0.009375
0 0.722125 0.572656 0.004250 0.008854
0 0.731000 0.596354 0.006000 0.009375
0 0.733000 0.594531 0.004500 0.006771
0 0.683375 0.528385 0.005750 0.007812
0 0.698500 0.514844 0.005000 0.008854
0 0.701500 0.505208 0.006500 0.008333
0 0.688500 0.498958 0.004500 0.007292
0 0.684125 0.497656 0.005250 0.009896
0 0.347750 0.417708 0.004500 0.009375
0 0.333625 0.689844 0.003750 0.007812
0 0.309625 0.728646 0.003250 0.006250
0 0.906000 0.358854 0.005000 0.010417
0 0.916000 0.365365 0.006000 0.009896
0 0.916500 0.332031 0.004500 0.008854
