0 0.262240 0.452625 0.019271 0.009250
0 0.186979 0.528625 0.017708 0.010250
0 0.207812 0.526375 0.016667 0.009250
0 0.205469 0.549125 0.017188 0.010250
0 0.147396 0.592375 0.014583 0.011250
0 0.309635 0.595125 0.023438 0.014750
0 0.306510 0.594875 0.022396 0.010750
0 0.280208 0.569000 0.026042 0.013500
0 0.336458 0.553375 0.015625 0.014250
0 0.265104 0.536125 0.017708 0.012250
0 0.298698 0.503250 0.014063 0.012500
0 0.303125 0.479000 0.022917 0.011000
0 0.487760 0.521625 0.015104 0.011750
0 0.522135 0.503000 0.017188 0.012000
0 0.570573 0.564500 0.015104 0.013500
0 0.573177 0.587750 0.020313 0.008000
0 0.578906 0.596375 0.024479 0.007750
0 0.580469 0.596875 0.014063 0.006750
0 0.579948 0.605500 0.020313 0.008000
0 0.602083 0.615750 0.026042 0.009000
0 0.719792 0.616750 0.021875 0.012500
0 0.721615 0.629125 0.016146 0.009750
0 0.445052 0.659625 0.011979 0.009250
0 0.454427 0.652375 0.010937 0.008750
0 0.465885 0.652500 0.011979 0.009000
0 0.437760 0.679250 0.014063 0.009000
0 0.455990 0.692500 0.014063 0.009500
0 0.469010 0.695125 0.013021 0.009250
0 0.492708 0.721125 0.013542 0.008250
0 0.488281 0.733375 0.011979 0.008750
0 0.700000 0.689500 0.019792 0.009000
0 0.728906 0.675500 0.015104 0.009500
0 0.747135 0.663000 0.023438 0.011000
