0 0.120000 0.405208 0.010500 0.019792
0 0.150375 0.394010 0.006750 0.025521
0 0.173625 0.442188 0.008750 0.029167
0 0.153375 0.477344 0.010750 0.027604
0 0.173375 0.549219 0.007250 0.025521
0 0.178125 0.559115 0.006750 0.024479
0 0.202000 0.555208 0.011000 0.032292
0 0.205875 0.513281 0.013250 0.034896
0 0.213875 0.493750 0.007250 0.028125
0 0.238375 0.517448 0.008250 0.017188
0 0.252875 0.582292 0.008250 0.017708
0 0.236500 0.593229 0.010000 0.025000
0 0.246375 0.594010 0.011250 0.026562
0 0.266125 0.691406 0.011750 0.025521
0 0.355875 0.678125 0.007750 0.019792
0 0.373375 0.662500 0.010750 0.020833
0 0.388000 0.732031 0.010000 0.025521
0 0.402000 0.740885 0.010000 0.017188
0 0.410875 0.750521 0.008750 0.018750
0 0.443375 0.653906 0.009250 0.026562
0 0.450125 0.646354 0.007250 0.018750
0 0.386375 0.505729 0.008750 0.031250
0 0.357500 0.500000 0.006500 0.021875
0 0.310500 0.580990 0.009500 0.024479
0 0.474375 0.734896 0.007250 0.021875
0 0.494375 0.775000 0.012750 0.032292
0 0.571500 0.855990 0.010000 0.023438
0 0.559750 0.861198 0.012000 0.026562
0 0.565875 0.797917 0.013250 0.030208
0 0.537250 0.573958 0.011500 0.021875
0 0.551625 0.468750 0.011750 0.029167
0 0.507625 0.439844 0.007750 0.017188
0 0.359250 0.439844 0.009000 0.022396
0 0.364750 0.449740 0.010000 0.025521
0 0.364375 0.438802 0.007250 0.026562
0 0.370000 0.269792 0.008500 0.019792
0 0.520000 0.411979 0.011500 0.021875
0 0.522625 0.412240 0.007750 0.026562
0 0.528625 0.380729 0.007750 0.019792
0 0.571875 0.395313 0.012250 0.022917
0 0.529250 0.337500 0.010000 0.028125
0 0.528000 0.315625 0.015500 0.032292
0 0.547250 0.302083 0.010500 0.023958
0 0.494000 0.276302 0.010500 0.025521
0 0.497500 0.266146 0.009000 0.031250
0 0.536125 0.246615 0.011750 0.017188
0 0.533000 0.227604 0.010000 0.022917
0 0.382000 0.197396 0.011000 0.018750
0 0.312500 0.232552 0.010000 0.017188
0 0.256125 0.232813 0.012750 0.021875
0 0.283375 0.119271 0.011750 0.023958
0 0.281375 0.169010 0.013250 0.017188
0 0.204000 0.079427 0.010500 0.025521
0 0.217000 0.079948 0.011000 0.028646
0 0.222500 0.094792 0.010000 0.021875
0 0.232750 0.040625 0.009500 0.023958
0 0.265500 0.075781 0.015000 0.023438
0 0.283625 0.065625 0.013250 0.020833
0 0.318875 0.045312 0.008250 0.021875
0 0.265875 0.014583 0.008750 0.020833
0 0.215875 0.010677 0.007750 0.021354
0 0.508875 0.046875 0.017250 0.028125
0 0.517500 0.082812 0.010000 0.022917
0 0.521750 0.087500 0.005000 0.018750
0 0.529000 0.129167 0.015000 0.028125
0 0.531125 0.136198 0.010750 0.025521
0 0.546625 0.133073 0.008250 0.026562
0 0.553375 0.143490 0.010750 0.024479
0 0.553375 0.159896 0.009250 0.019792
0 0.575875 0.216927 0.008750 0.025521
0 0.580500 0.262760 0.009500 0.019271
0 0.585875 0.171354 0.007750 0.021875
0 0.586625 0.120313 0.008250 0.019792
0 0.539750 0.099740 0.008000 0.024479
0 0.548125 0.100260 0.006750 0.023438
0 0.567250 0.067708 0.011500 0.034375
0 0.564500 0.017448 0.008500 0.017188
0 0.932875 0.091406 0.008250 0.028646
0 0.944000 0.114062 0.010500 0.025000
0 0.875000 0.091406 0.009500 0.024479
0 0.828875 0.136198 0.012750 0.027604
0 0.793875 0.311979 0.011750 0.025000
0 0.794250 0.345573 0.010000 0.023438
0 0.842875 0.321354 0.012750 0.030208
0 0.820250 0.323437 0.014500 0.022917
0 0.818625 0.334115 0.008750 0.025521
0 0.813875 0.348438 0.008250 0.023958
0 0.806375 0.355208 0.008750 0.021875
0 0.805875 0.375000 0.013250 0.033333
0 0.797875 0.399219 0.012750 0.024479
0 0.783000 0.416667 0.015500 0.019792
0 0.772625 0.432812 0.007750 0.019792
0 0.757000 0.441667 0.014500 0.028125
0 0.721375 0.492448 0.012250 0.023438
0 0.644500 0.655729 0.011500 0.018750
0 0.809500 0.716667 0.010500 0.019792
0 0.783875 0.777344 0.013750 0.023438
0 0.773625 0.798177 0.007750 0.025521
0 0.785125 0.812500 0.007250 0.019792
0 0.822500 0.783073 0.013500 0.025521
0 0.862750 0.775521 0.010500 0.021875
0 0.883875 0.767969 0.007250 0.025521
0 0.889250 0.792188 0.011000 0.020833
0 0.897750 0.803125 0.009500 0.019792
0 0.914500 0.798698 0.011500 0.024479
0 0.742625 0.776563 0.007750 0.021875
0 0.753375 0.783594 0.011250 0.018229
0 0.755875 0.710677 0.005750 0.015104
0 0.719875 0.764062 0.007750 0.015625
0 0.692250 0.757812 0.010500 0.015625
0 0.688875 0.780990 0.007750 0.017188
0 0.699750 0.798958 0.008000 0.014583
0 0.709500 0.791146 0.006000 0.017708
0 0.712875 0.797656 0.006250 0.017188
0 0.715750 0.791667 0.010500 0.022917
0 0.685250 0.824740 0.006500 0.021354
0 0.677125 0.853906 0.008750 0.016146
0 0.720750 0.847396 0.008500 0.019792
0 0.743375 0.817969 0.008750 0.013021
0 0.647125 0.779948 0.007250 0.018229
0 0.654875 0.807292 0.010250 0.016667
0 0.626125 0.811198 0.010750 0.015104
0 0.629000 0.823958 0.008000 0.016667
0 0.624250 0.841146 0.008500 0.009375
0 0.629250 0.846354 0.005000 0.014583
0 0.633500 0.842708 0.008000 0.014583
0 0.639125 0.848437 0.007250 0.019792
0 0.646000 0.849740 0.006000 0.017188
0 0.646875 0.861979 0.007750 0.016667
0 0.654500 0.846094 0.006000 0.010937
0 0.656625 0.832031 0.006250 0.014063
0 0.589375 0.831510 0.006750 0.015104
0 0.652125 0.938021 0.009250 0.017708
0 0.691875 0.970052 0.008250 0.017188
0 0.625625 0.953646 0.005750 0.013542
0 0.679250 0.982812 0.007000 0.013542
0 0.685500 0.984635 0.007000 0.013021
0 0.674625 0.818490 0.006250 0.016146
0 0.702250 0.822135 0.010500 0.017188
