0 0.653906 0.610750 0.015104 0.006000
0 0.650000 0.613000 0.013542 0.004500
0 0.642969 0.615750 0.010937 0.006500
0 0.610417 0.614250 0.014583 0.004000
0 0.613802 0.612000 0.016146 0.005000
0 0.580729 0.612750 0.014583 0.005000
0 0.577604 0.610125 0.011458 0.003750
0 0.654427 0.561625 0.017188 0.005750
0 0.630208 0.564625 0.016667 0.004750
0 0.663281 0.550500 0.016146 0.004500
0 0.652865 0.546250 0.007812 0.007000
0 0.644010 0.548375 0.010937 0.008750
0 0.629167 0.548000 0.012500 0.006000
0 0.626042 0.546125 0.009375 0.004750
0 0.608333 0.548125 0.009375 0.005750
0 0.612500 0.546750 0.014583 0.007000
0 0.496354 0.532625 0.013542 0.009250
0 0.451823 0.550625 0.019271 0.005750
0 0.316146 0.535875 0.017708 0.005250
0 0.158073 0.616500 0.014063 0.005000
0 0.119271 0.608375 0.011458 0.005250
0 0.278906 0.582500 0.017188 0.005000
0 0.314323 0.589250 0.011979 0.006000
0 0.304688 0.584875 0.008333 0.004750
0 0.250781 0.603500 0.015104 0.004000
0 0.250781 0.599500 0.017188 0.004000
0 0.224219 0.598750 0.016146 0.003500
0 0.221615 0.594625 0.010937 0.004750
0 0.229687 0.595750 0.014583 0.003000
0 0.233073 0.593375 0.013021 0.002750
0 0.213021 0.589875 0.015625 0.003250
0 0.450260 0.592625 0.009896 0.004750
0 0.447656 0.591500 0.010937 0.004000
0 0.418490 0.568750 0.015104 0.004000
0 0.405729 0.571375 0.014583 0.003750
0 0.336198 0.575625 0.010937 0.006250
0 0.509115 0.594250 0.011979 0.006500
0 0.523177 0.593125 0.009896 0.005250
0 0.767188 0.521125 0.018750 0.005750
0 0.681510 0.507000 0.017188 0.004500
0 0.676042 0.508500 0.009375 0.003500
0 0.597396 0.486750 0.011458 0.004500
0 0.539323 0.477125 0.013021 0.004750
0 0.546615 0.482125 0.014063 0.005250
0 0.526042 0.482375 0.008333 0.005250
0 0.535417 0.481375 0.008333 0.004750
0 0.436979 0.479000 0.013542 0.004000
0 0.438542 0.482125 0.013542 0.003250
0 0.440625 0.485875 0.007292 0.003750
0 0.471875 0.489000 0.009375 0.004500
0 0.453646 0.481250 0.009375 0.003500
0 0.454948 0.476375 0.009896 0.005250
0 0.447135 0.476250 0.006771 0.005500
0 0.485156 0.476125 0.010937 0.004250
0 0.474479 0.476375 0.007292 0.004750
0 0.435417 0.474125 0.009375 0.004250
0 0.441146 0.471375 0.013542 0.003750
0 0.439844 0.463750 0.013021 0.004000
0 0.453385 0.466125 0.013021 0.003250
0 0.458073 0.468250 0.010937 0.003500
0 0.420312 0.471250 0.013542 0.004000
0 0.420573 0.466875 0.013021 0.004750
0 0.398177 0.461125 0.015104 0.004250
0 0.369010 0.462875 0.013021 0.003250
0 0.394531 0.468625 0.011979 0.003750
0 0.396354 0.471500 0.012500 0.003500
0 0.380990 0.475500 0.014063 0.002500
0 0.381771 0.473250 0.012500 0.003000
0 0.387760 0.477875 0.010937 0.004250
0 0.329167 0.455125 0.008333 0.006250
0 0.326823 0.460125 0.011979 0.002750
0 0.328906 0.462125 0.010937 0.001750
0 0.327865 0.464000 0.014063 0.002500
0 0.346094 0.465375 0.013021 0.002250
0 0.345313 0.463250 0.011458 0.002500
0 0.345573 0.461625 0.011979 0.002750
0 0.246615 0.461750 0.014063 0.005000
0 0.188021 0.451375 0.010417 0.004750
0 0.185156 0.449125 0.010937 0.003250
0 0.142448 0.447875 0.014063 0.005750
0 0.350521 0.444125 0.014583 0.004250
0 0.358854 0.443000 0.011458 0.003000
0 0.466667 0.444750 0.016667 0.004000
0 0.462760 0.451125 0.006771 0.006750
0 0.471094 0.452250 0.010937 0.005000
0 0.463802 0.456375 0.015104 0.004250
0 0.495833 0.455750 0.012500 0.006000
0 0.494271 0.453625 0.012500 0.003750
0 0.528385 0.465625 0.011979 0.006250
0 0.551562 0.463500 0.014583 0.003000
0 0.551302 0.461000 0.016146 0.002500
0 0.619531 0.477000 0.016146 0.004500
0 0.618229 0.474250 0.016667 0.003500
0 0.582552 0.491250 0.009896 0.003500
0 0.576302 0.489625 0.008854 0.003750
0 0.573177 0.486500 0.006771 0.004000
0 0.760938 0.451625 0.011458 0.006750
0 0.710417 0.423125 0.008333 0.006250
0 0.700521 0.419875 0.010417 0.005750
0 0.691927 0.413500 0.010937 0.007000
0 0.665625 0.409250 0.012500 0.006000
0 0.678646 0.415625 0.012500 0.005250
0 0.635677 0.385500 0.009896 0.005500
0 0.584115 0.383375 0.009896 0.005250
0 0.560677 0.372875 0.010937 0.003750
0 0.558073 0.369875 0.013021 0.003750
0 0.518490 0.363125 0.014063 0.004750
0 0.570312 0.356875 0.012500 0.006250
0 0.563542 0.350375 0.012500 0.004750
0 0.552344 0.353125 0.011979 0.004750
0 0.541406 0.350000 0.009896 0.005500
0 0.546094 0.348625 0.008854 0.004250
0 0.549740 0.346500 0.010937 0.003500
0 0.553125 0.343125 0.011458 0.003750
0 0.555469 0.339625 0.010937 0.005250
0 0.554688 0.331625 0.010417 0.007250
0 0.542448 0.336125 0.011979 0.005250
0 0.528385 0.328500 0.013021 0.005000
0 0.521615 0.319625 0.013021 0.006750
0 0.497917 0.324125 0.012500 0.004750
0 0.442448 0.331250 0.010937 0.006500
0 0.468750 0.324625 0.008333 0.004250
0 0.467969 0.322000 0.009896 0.004000
0 0.455469 0.281500 0.008854 0.007000
0 0.473958 0.294000 0.011458 0.003500
0 0.473698 0.291250 0.010937 0.003000
0 0.449479 0.294750 0.011458 0.003500
0 0.451042 0.292625 0.011458 0.003250
0 0.566927 0.268250 0.014063 0.002500
0 0.567969 0.265500 0.015104 0.003000
0 0.532813 0.285000 0.012500 0.002000
0 0.532813 0.282625 0.016667 0.003250
0 0.519792 0.298250 0.015625 0.006000
0 0.539844 0.302500 0.015104 0.004000
0 0.552344 0.300250 0.014063 0.004000
0 0.556250 0.306250 0.013542 0.004500
0 0.552344 0.311625 0.008854 0.005250
0 0.557813 0.311125 0.010417 0.005750
0 0.647396 0.329625 0.015625 0.003750
0 0.654167 0.326875 0.013542 0.003250
0 0.655990 0.346875 0.016146 0.005750
0 0.656250 0.346500 0.014583 0.006000
0 0.637500 0.356500 0.016667 0.004500
0 0.649219 0.365375 0.016146 0.004250
0 0.667969 0.371375 0.010937 0.004250
0 0.670573 0.369625 0.013021 0.005250
0 0.678906 0.369125 0.014063 0.003250
0 0.679167 0.366500 0.014583 0.003500
0 0.726562 0.400875 0.015625 0.003750
0 0.725521 0.397000 0.015625 0.004000
0 0.783073 0.399750 0.017188 0.006000
0 0.890885 0.439875 0.009896 0.005250
0 0.891406 0.435250 0.013021 0.004500
0 0.892969 0.413500 0.009896 0.007000
0 0.871354 0.395625 0.006250 0.006250
0 0.866927 0.395625 0.007812 0.007250
0 0.874219 0.361625 0.009896 0.007750
0 0.870052 0.357000 0.013021 0.005000
0 0.860677 0.349875 0.016146 0.006250
0 0.908333 0.352000 0.011458 0.006000
0 0.933594 0.354000 0.009896 0.007000
0 0.842448 0.305625 0.016146 0.004250
0 0.876823 0.300125 0.006771 0.007750
0 0.882292 0.300125 0.006250 0.008750
0 0.875000 0.291250 0.011458 0.007500
