0 0.186250 0.670833 0.006500 0.016667
0 0.186375 0.671354 0.005750 0.015625
0 0.192625 0.667969 0.005250 0.015104
0 0.276500 0.807031 0.003500 0.016146
0 0.268000 0.715104 0.008000 0.008333
0 0.259375 0.689844 0.008750 0.009896
0 0.248000 0.707552 0.007500 0.009896
0 0.238875 0.712240 0.006750 0.010937
0 0.227500 0.657031 0.006500 0.016146
0 0.382625 0.802865 0.005750 0.014063
0 0.387625 0.772396 0.003750 0.013542
0 0.386750 0.768750 0.004000 0.011458
0 0.395750 0.696094 0.004000 0.008854
0 0.394625 0.689583 0.004750 0.010417
0 0.387000 0.673958 0.003000 0.015625
0 0.393250 0.664062 0.004000 0.011458
0 0.392250 0.667448 0.003000 0.009896
0 0.393250 0.639062 0.004500 0.014583
0 0.398750 0.626042 0.005000 0.011458
0 0.393500 0.622656 0.005000 0.011979
0 0.394000 0.593750 0.004000 0.014583
0 0.408250 0.584896 0.005500 0.012500
0 0.419500 0.590885 0.005500 0.014063
0 0.398875 0.560937 0.004250 0.012500
0 0.404500 0.545573 0.003500 0.010937
0 0.402000 0.542969 0.004000 0.013021
0 0.401500 0.518229 0.004000 0.014583
0 0.422375 0.467969 0.004250 0.013021
0 0.420000 0.457813 0.003000 0.012500
0 0.411500 0.457031 0.005000 0.011979
0 0.409500 0.448437 0.004500 0.015625
0 0.414375 0.447135 0.005750 0.013021
0 0.427500 0.447135 0.004000 0.014063
0 0.415000 0.423698 0.005000 0.008854
0 0.416375 0.420312 0.004750 0.007292
0 0.419875 0.428646 0.003250 0.012500
0 0.422375 0.429167 0.003250 0.008333
0 0.421250 0.423437 0.005500 0.008333
0 0.422500 0.419792 0.004500 0.008333
0 0.430250 0.395313 0.005000 0.010417
0 0.423375 0.334115 0.005750 0.011979
0 0.413750 0.291146 0.005000 0.011458
0 0.410750 0.308854 0.005500 0.016667
0 0.413375 0.326042 0.005750 0.011458
0 0.400875 0.321875 0.004750 0.014583
0 0.402750 0.385677 0.006500 0.009896
0 0.407750 0.401302 0.006000 0.009896
0 0.402375 0.399740 0.004750 0.013021
0 0.396375 0.400260 0.003750 0.011979
0 0.393500 0.403385 0.003500 0.013021
0 0.401125 0.420833 0.003750 0.012500
0 0.402250 0.412500 0.005000 0.010417
0 0.397875 0.418229 0.003750 0.014583
0 0.402500 0.445573 0.004500 0.015104
0 0.363875 0.460677 0.007750 0.008854
0 0.375875 0.468490 0.004750 0.014063
0 0.369125 0.474740 0.006750 0.010937
0 0.370500 0.485156 0.008000 0.009896
0 0.379625 0.497656 0.006750 0.014063
0 0.367375 0.511719 0.006750 0.008854
0 0.384875 0.527083 0.002250 0.013542
0 0.382750 0.527083 0.002500 0.012500
0 0.387750 0.529427 0.003000 0.015104
0 0.390250 0.532031 0.002500 0.014063
0 0.392750 0.532031 0.002500 0.013021
0 0.366875 0.550000 0.005750 0.014583
0 0.373375 0.566146 0.003250 0.013542
0 0.371000 0.565625 0.003000 0.012500
0 0.368375 0.596094 0.006250 0.015104
0 0.378625 0.590365 0.002250 0.015104
0 0.381000 0.590365 0.002500 0.014063
0 0.371000 0.619531 0.005500 0.014063
0 0.378125 0.625000 0.004250 0.012500
0 0.383000 0.636719 0.004000 0.015104
0 0.380625 0.646875 0.003750 0.012500
0 0.378500 0.645573 0.004000 0.011979
0 0.362375 0.654687 0.003250 0.009375
0 0.361625 0.652083 0.005250 0.010417
0 0.378250 0.687500 0.005500 0.013542
0 0.419000 0.770052 0.005000 0.013021
0 0.420750 0.761719 0.005000 0.010937
0 0.433625 0.717187 0.003750 0.007292
0 0.432875 0.710417 0.004750 0.010417
0 0.440500 0.682031 0.004000 0.008854
0 0.438375 0.688021 0.002250 0.013542
0 0.436250 0.689844 0.002500 0.010937
0 0.448625 0.652865 0.004250 0.011979
0 0.445750 0.652604 0.005000 0.013542
0 0.442250 0.635938 0.004500 0.009375
0 0.459750 0.597396 0.005000 0.010417
0 0.462250 0.589583 0.004500 0.013542
0 0.452500 0.583854 0.006500 0.010417
0 0.465500 0.579167 0.004000 0.012500
0 0.462125 0.550000 0.005750 0.014583
0 0.474750 0.520833 0.004000 0.011458
0 0.479750 0.519271 0.004500 0.010417
0 0.480125 0.512240 0.004250 0.009896
0 0.479375 0.502604 0.002750 0.009375
0 0.475000 0.504948 0.004000 0.010937
0 0.477250 0.504167 0.002500 0.012500
0 0.484500 0.498437 0.005000 0.011458
0 0.482875 0.482031 0.005250 0.004687
0 0.515625 0.431510 0.004250 0.014063
0 0.524250 0.421354 0.004500 0.014583
0 0.519625 0.397135 0.006250 0.006771
0 0.524500 0.394010 0.003000 0.014063
0 0.526250 0.389583 0.002500 0.011458
0 0.528500 0.388802 0.003000 0.010937
0 0.530000 0.386979 0.003500 0.011458
0 0.528875 0.351042 0.005750 0.011458
0 0.525375 0.368229 0.002250 0.011458
0 0.523625 0.367969 0.002750 0.011979
0 0.516500 0.336979 0.004500 0.012500
0 0.520000 0.353125 0.004500 0.009375
0 0.518000 0.350521 0.004000 0.011458
0 0.509375 0.351562 0.004250 0.014583
0 0.510125 0.370052 0.004250 0.011979
0 0.512250 0.379948 0.004500 0.010937
0 0.503375 0.563802 0.006250 0.013021
0 0.489750 0.574740 0.005000 0.011979
0 0.486250 0.605729 0.005000 0.012500
0 0.503125 0.582552 0.001750 0.011979
0 0.501125 0.582292 0.003750 0.013542
0 0.502000 0.634635 0.005500 0.014063
0 0.490500 0.619271 0.004000 0.012500
0 0.492250 0.618229 0.003000 0.010417
0 0.468750 0.624740 0.005000 0.015104
0 0.485625 0.796875 0.005750 0.007292
0 0.485500 0.792708 0.004000 0.004167
0 0.487500 0.774479 0.005000 0.012500
0 0.502000 0.776563 0.003500 0.012500
0 0.499250 0.766667 0.004500 0.010417
0 0.500125 0.760156 0.005250 0.008854
0 0.493500 0.750781 0.004500 0.013021
0 0.502250 0.743750 0.003000 0.011458
0 0.506625 0.729688 0.003750 0.011458
0 0.514875 0.730469 0.004250 0.013021
0 0.519375 0.726562 0.004250 0.013542
0 0.519375 0.709635 0.005750 0.005729
0 0.519125 0.703906 0.004250 0.006771
0 0.522875 0.678385 0.004750 0.010937
0 0.523625 0.671615 0.004250 0.009896
0 0.518250 0.673438 0.003000 0.008333
0 0.521500 0.668750 0.003500 0.012500
0 0.525000 0.664583 0.003500 0.007292
0 0.529625 0.669010 0.003750 0.011979
0 0.538625 0.662240 0.005250 0.009896
0 0.532875 0.652344 0.004750 0.009896
0 0.537375 0.645052 0.003750 0.007812
0 0.533250 0.647656 0.004500 0.007812
0 0.551125 0.689323 0.005750 0.009896
0 0.548500 0.680729 0.002500 0.013542
0 0.552375 0.677604 0.005750 0.007292
0 0.549750 0.671094 0.004500 0.009896
0 0.549875 0.665625 0.004750 0.008333
0 0.549875 0.655469 0.006250 0.007812
0 0.554750 0.657552 0.004000 0.011979
0 0.555125 0.667708 0.004250 0.012500
0 0.558875 0.653125 0.002250 0.010417
0 0.561125 0.652865 0.002750 0.014063
0 0.552500 0.619792 0.005500 0.010417
0 0.551500 0.613281 0.005000 0.007812
0 0.546500 0.612500 0.003000 0.009375
0 0.543750 0.617188 0.003000 0.009375
0 0.542625 0.614323 0.004750 0.011979
0 0.542750 0.602344 0.004500 0.009896
0 0.545375 0.603385 0.002250 0.010937
0 0.547125 0.593490 0.004750 0.010937
0 0.550750 0.598177 0.002500 0.010937
0 0.553125 0.605990 0.004750 0.009896
0 0.555250 0.607552 0.002500 0.011979
0 0.557375 0.597135 0.004250 0.011979
0 0.557250 0.596094 0.004500 0.009896
0 0.550625 0.575521 0.004750 0.011458
0 0.551875 0.567187 0.004750 0.010417
0 0.548125 0.576302 0.003250 0.008854
0 0.601000 0.568750 0.006000 0.014583
0 0.600375 0.569010 0.006250 0.013021
0 0.602625 0.583333 0.005250 0.009375
0 0.599750 0.593229 0.004500 0.012500
0 0.633375 0.584635 0.004750 0.015104
0 0.579875 0.690625 0.003750 0.012500
0 0.537500 0.757031 0.005000 0.011979
0 0.533625 0.755208 0.003750 0.015625
0 0.512500 0.783073 0.005000 0.011979
0 0.777250 0.561458 0.006500 0.010417
0 0.753750 0.280729 0.006000 0.007292
