0 0.111458 0.723875 0.012500 0.004250
0 0.349219 0.607125 0.013021 0.005750
0 0.179427 0.537000 0.009896 0.005000
0 0.187500 0.503500 0.012500 0.005500
0 0.109115 0.513750 0.008854 0.006000
0 0.303385 0.504500 0.010937 0.004500
0 0.305729 0.502875 0.012500 0.005250
0 0.332552 0.479625 0.013021 0.006250
0 0.329167 0.484750 0.005208 0.005000
0 0.324479 0.484000 0.004167 0.006500
0 0.266146 0.435000 0.008333 0.006000
0 0.274740 0.439750 0.010937 0.005000
0 0.454687 0.280625 0.005208 0.005750
0 0.461198 0.281000 0.005729 0.006500
0 0.671875 0.561750 0.007292 0.006000
0 0.733073 0.479125 0.013021 0.002750
0 0.730990 0.475375 0.011979 0.004250
0 0.685677 0.627750 0.014063 0.004000
0 0.534115 0.149375 0.009896 0.004250
0 0.446094 0.020375 0.015104 0.006250
