0 0.301250 0.660677 0.005000 0.011979
0 0.302375 0.646094 0.008250 0.010937
0 0.321000 0.632812 0.007000 0.012500
0 0.334375 0.625781 0.004750 0.010937
0 0.343125 0.628125 0.004750 0.015625
0 0.348500 0.634896 0.004500 0.013542
0 0.360250 0.682813 0.007000 0.013542
0 0.372000 0.650521 0.006500 0.011458
0 0.386125 0.650521 0.007250 0.008333
0 0.391625 0.705990 0.005250 0.011979
0 0.393000 0.696615 0.004500 0.008854
0 0.394375 0.692708 0.003750 0.007292
0 0.419500 0.608333 0.007000 0.008333
0 0.366000 0.581250 0.006000 0.010417
0 0.391750 0.643750 0.006000 0.009375
0 0.393000 0.640365 0.004500 0.007812
0 0.452875 0.659635 0.004750 0.011979
0 0.445500 0.640365 0.006000 0.008854
0 0.446625 0.421615 0.006250 0.008854
0 0.446125 0.379688 0.004750 0.007292
0 0.417500 0.362760 0.004000 0.010937
0 0.402875 0.410938 0.005750 0.008333
0 0.392750 0.406771 0.006000 0.005208
0 0.399000 0.394010 0.005500 0.010937
0 0.382125 0.378385 0.004750 0.009896
0 0.371875 0.384635 0.006250 0.006771
0 0.377125 0.417187 0.004750 0.010417
0 0.379125 0.414844 0.004750 0.008854
0 0.382375 0.409896 0.007250 0.010417
0 0.329125 0.386198 0.003750 0.008854
0 0.330625 0.384635 0.005250 0.011979
0 0.347000 0.385677 0.006500 0.010937
0 0.358875 0.391406 0.007750 0.006771
0 0.352625 0.396094 0.007250 0.005729
0 0.352875 0.401562 0.005750 0.005208
0 0.370500 0.359375 0.006500 0.007292
0 0.370125 0.347656 0.004750 0.014063
0 0.341750 0.340365 0.008000 0.008854
0 0.330000 0.351562 0.005000 0.015625
0 0.321750 0.334635 0.007500 0.010937
0 0.327125 0.320573 0.008250 0.010937
0 0.322375 0.299740 0.006250 0.013021
0 0.315625 0.352083 0.004250 0.008333
0 0.317500 0.348958 0.005000 0.012500
0 0.296375 0.309375 0.006250 0.008333
0 0.289625 0.308333 0.006250 0.007292
0 0.290000 0.302865 0.006000 0.009896
0 0.294375 0.301302 0.006750 0.008854
0 0.325750 0.247656 0.006500 0.006771
0 0.327000 0.255729 0.007000 0.008333
0 0.337250 0.251042 0.003000 0.012500
0 0.344625 0.262240 0.006750 0.009896
0 0.358125 0.265365 0.006250 0.009896
0 0.346875 0.225521 0.006250 0.008333
0 0.373875 0.253385 0.006250 0.011979
0 0.364750 0.290365 0.006000 0.009896
0 0.370625 0.284635 0.005750 0.005729
0 0.370250 0.278906 0.006500 0.006771
0 0.376375 0.302083 0.007250 0.007292
0 0.387000 0.315625 0.005000 0.010417
0 0.390000 0.286979 0.005500 0.008333
0 0.381875 0.294792 0.005750 0.007292
0 0.385000 0.290365 0.003000 0.006771
0 0.383875 0.284115 0.005750 0.006771
0 0.427750 0.361198 0.004000 0.004687
0 0.429250 0.365625 0.005000 0.006250
0 0.394625 0.344271 0.006750 0.008333
0 0.496750 0.385677 0.004000 0.008854
0 0.580500 0.288281 0.006500 0.009896
0 0.708375 0.412760 0.003250 0.011979
0 0.748875 0.380208 0.003750 0.007292
