0 0.149375 0.593229 0.008250 0.010417
0 0.154000 0.486458 0.007000 0.011458
0 0.298000 0.583073 0.006500 0.015104
0 0.322375 0.672135 0.007250 0.010937
0 0.317000 0.652604 0.006500 0.011458
0 0.330750 0.622135 0.006000 0.009896
0 0.332250 0.608333 0.006500 0.011458
0 0.330000 0.590365 0.006500 0.007812
0 0.322875 0.576823 0.004750 0.017188
0 0.342125 0.606771 0.004750 0.010417
0 0.343875 0.605729 0.005250 0.013542
0 0.343625 0.596094 0.006250 0.008854
0 0.364875 0.632812 0.006750 0.015625
0 0.372125 0.622396 0.006250 0.015625
0 0.393250 0.686458 0.007500 0.012500
0 0.360000 0.668490 0.007000 0.011979
0 0.398875 0.567708 0.005250 0.012500
0 0.408000 0.514583 0.004000 0.014583
0 0.404125 0.512760 0.004750 0.009896
0 0.397375 0.514583 0.005250 0.010417
0 0.399250 0.500260 0.005000 0.013021
0 0.394125 0.478646 0.002750 0.012500
0 0.391625 0.478385 0.002750 0.014063
0 0.392000 0.466146 0.005000 0.011458
0 0.388500 0.438021 0.006000 0.011458
0 0.392500 0.430990 0.004500 0.016146
0 0.380625 0.431510 0.005750 0.011979
0 0.381250 0.395833 0.003500 0.015625
0 0.384000 0.385937 0.004000 0.014583
0 0.386500 0.346615 0.005500 0.015104
0 0.370500 0.384896 0.003500 0.014583
0 0.374125 0.380469 0.003250 0.015104
0 0.376750 0.380208 0.003000 0.013542
0 0.367625 0.367969 0.006750 0.010937
0 0.371375 0.357031 0.003750 0.010937
0 0.368125 0.355208 0.003250 0.013542
0 0.358500 0.369792 0.005500 0.014583
0 0.348625 0.370052 0.005750 0.010937
0 0.364500 0.335156 0.005500 0.014063
0 0.362875 0.315104 0.006250 0.008333
0 0.356625 0.316146 0.006750 0.010417
0 0.375375 0.298177 0.005250 0.015104
0 0.384875 0.293229 0.003750 0.015625
0 0.379375 0.273958 0.005250 0.015625
0 0.361375 0.264062 0.003750 0.016667
0 0.358125 0.265104 0.003250 0.014583
0 0.340000 0.233594 0.006500 0.015104
0 0.352000 0.189844 0.006000 0.017188
0 0.441375 0.536719 0.003750 0.014063
0 0.446000 0.536198 0.004500 0.011979
0 0.445000 0.533854 0.004000 0.009375
0 0.444875 0.528125 0.004750 0.011458
0 0.441000 0.491406 0.003500 0.015104
0 0.444750 0.490885 0.006000 0.009896
0 0.438875 0.467969 0.004250 0.014063
0 0.443125 0.459115 0.004250 0.011979
0 0.440250 0.454427 0.003500 0.014063
0 0.441500 0.447656 0.004000 0.014063
0 0.445500 0.447135 0.006000 0.011979
0 0.449625 0.437500 0.006750 0.008333
0 0.441125 0.414062 0.003750 0.012500
0 0.437250 0.415885 0.004500 0.009896
0 0.440250 0.404948 0.005000 0.010937
0 0.444000 0.390885 0.004000 0.013021
0 0.439250 0.395833 0.005500 0.010417
0 0.438250 0.387760 0.003500 0.013021
0 0.436375 0.383594 0.004250 0.007812
0 0.443125 0.357812 0.005750 0.011458
0 0.435375 0.364063 0.005250 0.011458
0 0.435500 0.341927 0.004000 0.015104
0 0.426000 0.346354 0.005000 0.012500
0 0.446250 0.343229 0.004500 0.007292
0 0.449125 0.345313 0.003250 0.014583
0 0.438875 0.319271 0.005250 0.011458
0 0.433625 0.321094 0.004750 0.014063
0 0.436000 0.311979 0.004000 0.010417
0 0.434750 0.310156 0.005000 0.010937
0 0.424125 0.292708 0.005250 0.012500
0 0.440625 0.265104 0.004750 0.010417
0 0.432875 0.273698 0.004250 0.008854
0 0.434250 0.271615 0.004500 0.010937
0 0.435875 0.266146 0.002750 0.012500
0 0.436500 0.260156 0.004500 0.011979
0 0.431125 0.253646 0.002750 0.014583
0 0.431750 0.262760 0.002500 0.010937
0 0.441000 0.221354 0.005000 0.009375
0 0.433625 0.227344 0.003750 0.014063
0 0.431375 0.213802 0.004250 0.013021
0 0.435375 0.211719 0.003750 0.016146
0 0.420375 0.175521 0.006250 0.015625
0 0.428875 0.127604 0.004250 0.017708
0 0.417875 0.111719 0.004750 0.015104
0 0.434250 0.083854 0.003000 0.013542
0 0.430250 0.082812 0.002500 0.014583
0 0.428125 0.082031 0.003250 0.013021
0 0.490375 0.467448 0.004250 0.011979
0 0.486750 0.482031 0.005000 0.016146
0 0.513750 0.414844 0.005000 0.014063
0 0.503375 0.452083 0.003250 0.010417
0 0.501625 0.450521 0.003750 0.012500
0 0.520000 0.388802 0.003500 0.014063
0 0.518125 0.385417 0.003750 0.011458
0 0.522500 0.367969 0.003000 0.013021
0 0.520625 0.367448 0.003250 0.015104
0 0.519750 0.346875 0.004000 0.010417
0 0.528250 0.344010 0.006500 0.010937
0 0.531750 0.340885 0.005500 0.006771
0 0.533750 0.329948 0.005500 0.011979
0 0.542500 0.302604 0.004500 0.011458
0 0.541125 0.279167 0.004250 0.015625
0 0.546375 0.266667 0.004750 0.008333
0 0.545125 0.263802 0.005250 0.009896
0 0.547625 0.257812 0.006250 0.008333
0 0.538500 0.268229 0.004000 0.012500
0 0.561875 0.251563 0.005250 0.015625
0 0.556625 0.229167 0.006250 0.010417
0 0.549500 0.218750 0.003000 0.009375
0 0.545375 0.238281 0.003750 0.011979
0 0.549875 0.239583 0.003250 0.015625
0 0.553375 0.200000 0.004750 0.014583
0 0.562500 0.182552 0.003000 0.015104
0 0.564875 0.181510 0.003750 0.016146
0 0.567125 0.181510 0.004250 0.014063
0 0.578625 0.085156 0.004750 0.010937
0 0.584000 0.099219 0.004000 0.016146
0 0.591125 0.115365 0.004250 0.013021
0 0.589125 0.111719 0.004750 0.016146
0 0.594125 0.066146 0.004250 0.012500
0 0.592500 0.064062 0.005500 0.013542
0 0.500250 0.634375 0.006000 0.008333
0 0.515375 0.592187 0.005750 0.010417
0 0.520000 0.586979 0.003500 0.006250
0 0.521875 0.591406 0.003250 0.006771
0 0.523500 0.596615 0.006500 0.010937
0 0.526875 0.584635 0.005250 0.009896
0 0.531625 0.588542 0.003250 0.011458
0 0.535000 0.586719 0.003500 0.007812
0 0.539000 0.585156 0.003500 0.008854
0 0.536750 0.581250 0.003500 0.007292
0 0.534250 0.577865 0.003000 0.008854
0 0.544875 0.572135 0.004250 0.009896
0 0.542000 0.569792 0.005000 0.007292
0 0.543750 0.562240 0.005000 0.004687
0 0.550250 0.567448 0.004500 0.009896
0 0.561500 0.560677 0.003500 0.013021
0 0.563750 0.546875 0.005000 0.010417
0 0.568750 0.543750 0.003000 0.010417
0 0.584500 0.534375 0.005000 0.012500
0 0.583125 0.532813 0.006250 0.011458
0 0.599750 0.516146 0.004500 0.009375
0 0.603875 0.498958 0.003750 0.013542
0 0.614000 0.479427 0.004500 0.009896
0 0.630000 0.495573 0.007000 0.006771
0 0.627750 0.487240 0.004500 0.014063
0 0.632125 0.438542 0.004250 0.009375
0 0.644875 0.472396 0.005250 0.015625
0 0.651875 0.474479 0.004750 0.014583
0 0.665125 0.454948 0.003750 0.014063
0 0.663375 0.454167 0.003250 0.013542
0 0.682250 0.436198 0.005000 0.015104
0 0.703250 0.401823 0.006000 0.010937
0 0.716000 0.356771 0.004500 0.012500
0 0.705000 0.452865 0.007500 0.010937
0 0.640750 0.512240 0.006500 0.013021
0 0.620375 0.523177 0.005250 0.015104
0 0.610750 0.540104 0.004500 0.008333
0 0.610250 0.537240 0.006500 0.008854
0 0.603000 0.545573 0.006000 0.011979
0 0.601375 0.542188 0.006250 0.011458
0 0.600500 0.538802 0.004500 0.007812
0 0.585500 0.569010 0.003500 0.011979
0 0.581125 0.565365 0.006750 0.008854
0 0.582750 0.559115 0.007000 0.007812
0 0.562875 0.588281 0.005250 0.008854
0 0.562500 0.583594 0.006500 0.010937
0 0.543375 0.606510 0.004250 0.014063
0 0.538500 0.601302 0.007000 0.008854
0 0.502750 0.682292 0.006500 0.011458
0 0.527500 0.672917 0.007000 0.007292
0 0.539625 0.692187 0.006750 0.006250
0 0.540625 0.682031 0.006250 0.007812
0 0.538750 0.677344 0.007500 0.005729
0 0.538125 0.673177 0.005750 0.004687
0 0.556500 0.683333 0.006500 0.007292
0 0.565125 0.695833 0.007750 0.009375
0 0.571500 0.686198 0.005000 0.010937
0 0.575125 0.679688 0.003750 0.011458
0 0.570000 0.672917 0.004000 0.012500
0 0.578500 0.669792 0.007000 0.006250
0 0.589875 0.683073 0.005250 0.009896
0 0.590750 0.676823 0.005500 0.006771
0 0.589000 0.670573 0.006500 0.006771
0 0.593250 0.657813 0.004000 0.012500
0 0.596375 0.654427 0.004250 0.010937
0 0.604500 0.648438 0.005500 0.007292
0 0.601000 0.642708 0.006000 0.009375
0 0.634875 0.642708 0.006750 0.007292
0 0.636375 0.663542 0.005750 0.011458
0 0.608875 0.685156 0.003750 0.015104
0 0.615250 0.691667 0.006000 0.008333
0 0.616500 0.696094 0.005000 0.007812
0 0.617250 0.700000 0.006000 0.008333
0 0.640750 0.709375 0.007000 0.007292
0 0.671625 0.707552 0.006250 0.011979
0 0.663750 0.680729 0.007500 0.008333
0 0.662750 0.673438 0.006500 0.009375
0 0.643875 0.665885 0.005750 0.008854
0 0.651000 0.660417 0.005500 0.007292
0 0.646875 0.653385 0.003250 0.013021
0 0.644375 0.650521 0.004750 0.008333
0 0.643750 0.645312 0.005500 0.007292
0 0.652250 0.650781 0.005500 0.008854
0 0.651875 0.646875 0.004250 0.007292
0 0.656250 0.657031 0.004500 0.008854
0 0.659750 0.648698 0.004000 0.008854
0 0.658000 0.646615 0.004000 0.007812
0 0.673875 0.664062 0.003750 0.011458
0 0.675000 0.654427 0.005000 0.008854
0 0.702625 0.698177 0.005750 0.011979
0 0.697750 0.696354 0.005000 0.007292
0 0.662250 0.738542 0.004000 0.011458
0 0.605750 0.735677 0.005500 0.010937
0 0.600000 0.734896 0.005500 0.010417
0 0.593250 0.738021 0.006500 0.010417
0 0.585250 0.737500 0.006500 0.011458
0 0.577750 0.753646 0.005000 0.009375
0 0.577125 0.751042 0.004750 0.008333
0 0.560750 0.734375 0.004500 0.014583
0 0.554000 0.726562 0.006500 0.007292
0 0.552375 0.713802 0.006250 0.006771
0 0.535500 0.723177 0.006000 0.010937
