0 0.088802 0.394000 0.010937 0.005000
0 0.134375 0.366375 0.011458 0.003250
0 0.293229 0.323125 0.009375 0.005250
0 0.446354 0.326000 0.009375 0.003000
0 0.446354 0.323125 0.009375 0.003750
0 0.425521 0.331250 0.004167 0.004500
0 0.421875 0.331250 0.004167 0.005000
0 0.369010 0.359250 0.007812 0.004500
0 0.366146 0.367375 0.009375 0.005750
0 0.345313 0.362625 0.008333 0.002750
0 0.346875 0.359125 0.005208 0.004750
0 0.353646 0.361875 0.007292 0.004750
0 0.358333 0.360625 0.006250 0.003750
0 0.277083 0.388500 0.007292 0.005500
0 0.260417 0.368875 0.008333 0.004250
0 0.267448 0.368750 0.008854 0.004000
0 0.169792 0.451625 0.007292 0.005250
0 0.154167 0.467625 0.007292 0.005250
0 0.177344 0.461875 0.005729 0.004750
0 0.172917 0.462250 0.005208 0.005000
0 0.194792 0.481625 0.008333 0.003250
0 0.220833 0.461375 0.008333 0.003750
0 0.508333 0.342375 0.007292 0.003750
0 0.510417 0.341375 0.010417 0.004250
0 0.430208 0.415625 0.011458 0.004750
0 0.414583 0.437375 0.009375 0.004750
0 0.436719 0.446000 0.006771 0.006000
0 0.464323 0.443250 0.006771 0.003000
0 0.462760 0.441750 0.007812 0.003000
0 0.428906 0.461000 0.008854 0.003000
0 0.429948 0.459125 0.007812 0.002250
0 0.410156 0.482625 0.005729 0.003750
0 0.408854 0.492000 0.007292 0.003000
0 0.433854 0.487875 0.006250 0.004750
0 0.453646 0.498250 0.011458 0.003500
0 0.459896 0.477875 0.007292 0.002250
0 0.459896 0.476500 0.008333 0.002500
0 0.492969 0.481375 0.006771 0.003750
0 0.494792 0.477000 0.010417 0.004000
0 0.503385 0.474500 0.005729 0.003000
0 0.472656 0.492375 0.005729 0.004250
0 0.487760 0.495125 0.006771 0.005250
0 0.442448 0.518375 0.006771 0.003750
0 0.431250 0.507375 0.006250 0.004750
0 0.438542 0.504500 0.007292 0.002500
0 0.432292 0.502500 0.006250 0.004000
0 0.466146 0.509625 0.006250 0.003750
0 0.447135 0.530375 0.008854 0.004250
0 0.471615 0.543625 0.005729 0.003250
0 0.438021 0.544625 0.008333 0.003750
0 0.441667 0.550250 0.007292 0.004000
0 0.500781 0.407000 0.005729 0.003500
0 0.496354 0.407375 0.005208 0.004250
0 0.615365 0.341500 0.008854 0.005000
0 0.666146 0.354125 0.008333 0.004750
0 0.701562 0.405125 0.009375 0.003750
0 0.667969 0.400375 0.007812 0.003250
0 0.716667 0.429000 0.008333 0.003000
0 0.711198 0.429500 0.006771 0.004000
0 0.713021 0.423250 0.006250 0.003000
0 0.715104 0.421750 0.008333 0.003500
0 0.755990 0.430625 0.005729 0.004750
0 0.751302 0.432000 0.005729 0.004000
0 0.721615 0.462375 0.008854 0.002750
0 0.746615 0.459750 0.007812 0.004500
0 0.730469 0.471750 0.005729 0.005000
0 0.758333 0.472250 0.011458 0.003500
0 0.763281 0.466375 0.007812 0.004750
0 0.765625 0.460375 0.007292 0.005250
0 0.775781 0.473250 0.009896 0.003000
0 0.786979 0.482250 0.006250 0.004500
0 0.683854 0.449500 0.011458 0.006500
0 0.700000 0.327875 0.008333 0.004250
0 0.769792 0.313000 0.009375 0.004500
0 0.777344 0.327750 0.008854 0.004500
0 0.841146 0.332250 0.009375 0.004500
0 0.826302 0.341750 0.007812 0.005000
0 0.836458 0.348750 0.009375 0.005500
0 0.850781 0.347750 0.011979 0.003000
0 0.812760 0.352125 0.004687 0.003750
0 0.815365 0.351875 0.004687 0.003750
0 0.853125 0.351125 0.010417 0.003250
0 0.851302 0.352875 0.007812 0.002250
0 0.926302 0.330375 0.008854 0.004750
0 0.947917 0.342250 0.006250 0.005000
0 0.948698 0.350625 0.007812 0.004250
0 0.969010 0.345750 0.008854 0.005500
0 0.963542 0.376625 0.007292 0.004250
0 0.911979 0.387000 0.011458 0.004000
0 0.937760 0.410125 0.007812 0.004750
0 0.994792 0.255250 0.009375 0.007000
0 0.823437 0.751500 0.007292 0.003000
0 0.826302 0.712000 0.006771 0.003000
0 0.913021 0.673750 0.008333 0.003500
0 0.816146 0.463250 0.006250 0.002500
