0 0.293229 0.377000 0.010417 0.005000
0 0.291927 0.461750 0.008854 0.006000
0 0.298698 0.461125 0.007812 0.007250
0 0.275521 0.478375 0.010417 0.003750
0 0.291146 0.478625 0.008333 0.008250
0 0.287500 0.489500 0.009375 0.004000
0 0.275000 0.503375 0.009375 0.006750
0 0.269792 0.509500 0.007292 0.007000
0 0.245833 0.537375 0.008333 0.005750
0 0.208594 0.556125 0.009896 0.003750
0 0.177604 0.563125 0.009375 0.005750
0 0.194271 0.592500 0.010417 0.009000
0 0.297135 0.585125 0.014063 0.004750
0 0.477083 0.411125 0.012500 0.006250
0 0.503125 0.411250 0.009375 0.007500
0 0.536979 0.388750 0.012500 0.007000
0 0.635677 0.449375 0.008854 0.007250
0 0.615625 0.468875 0.010417 0.004750
0 0.622917 0.466250 0.006250 0.006500
0 0.627604 0.466000 0.007292 0.006000
0 0.709635 0.510000 0.008854 0.004500
0 0.598958 0.319000 0.010417 0.006500
0 0.191406 0.206375 0.016146 0.007250
0 0.627344 0.889500 0.008854 0.007500
