0 0.561625 0.244271 0.007250 0.009375
0 0.538875 0.251823 0.007250 0.017188
0 0.476375 0.323958 0.008250 0.008333
0 0.475625 0.329688 0.007250 0.006250
0 0.449500 0.346094 0.008000 0.016146
0 0.436375 0.430990 0.005750 0.013021
0 0.409625 0.435677 0.010250 0.010937
0 0.364875 0.423698 0.006250 0.011979
0 0.367750 0.414844 0.008000 0.011979
0 0.277750 0.764062 0.008000 0.008333
0 0.333375 0.735677 0.008250 0.013021
0 0.341750 0.725781 0.009000 0.011979
0 0.317750 0.732292 0.008500 0.013542
0 0.326375 0.685417 0.005750 0.013542
0 0.324875 0.679948 0.005250 0.008854
0 0.358250 0.618750 0.006000 0.015625
0 0.350875 0.616146 0.003750 0.015625
0 0.349125 0.613542 0.004250 0.012500
0 0.376000 0.581510 0.006000 0.011979
0 0.394875 0.576042 0.004250 0.014583
0 0.425875 0.527344 0.006250 0.013021
0 0.420375 0.505469 0.007750 0.015104
0 0.457250 0.447396 0.005500 0.014583
0 0.479125 0.420833 0.005250 0.013542
0 0.456125 0.475781 0.004250 0.011979
0 0.454250 0.473177 0.005500 0.011979
0 0.509500 0.388021 0.008500 0.013542
0 0.512625 0.415104 0.006750 0.007292
0 0.512750 0.409115 0.008500 0.006771
0 0.510125 0.440625 0.004250 0.012500
0 0.511875 0.437500 0.004750 0.013542
0 0.500875 0.478646 0.008250 0.014583
0 0.456625 0.515104 0.003750 0.012500
0 0.454375 0.513802 0.004750 0.014063
0 0.425125 0.554948 0.005250 0.015104
0 0.448250 0.571094 0.006000 0.009896
0 0.447875 0.565365 0.007750 0.006771
0 0.448625 0.558073 0.008250 0.008854
0 0.395125 0.611719 0.005750 0.013021
0 0.401000 0.615104 0.007000 0.015625
0 0.425250 0.616406 0.004000 0.013021
0 0.423375 0.613542 0.005250 0.014583
0 0.388000 0.721875 0.006500 0.011458
0 0.377375 0.704688 0.007250 0.012500
0 0.383125 0.695573 0.005750 0.017188
0 0.358125 0.721875 0.008250 0.009375
0 0.360125 0.714063 0.008750 0.006250
0 0.359000 0.708333 0.007500 0.005208
0 0.470750 0.893490 0.008000 0.014063
0 0.463000 0.872917 0.005000 0.015625
0 0.455625 0.854948 0.007250 0.007812
0 0.499875 0.869792 0.004750 0.016667
0 0.494125 0.847135 0.008250 0.013021
0 0.503500 0.860938 0.006000 0.010417
0 0.506875 0.853125 0.008250 0.010417
0 0.509375 0.868229 0.006250 0.012500
0 0.512875 0.903125 0.008250 0.009375
0 0.512875 0.895573 0.008250 0.007812
0 0.543250 0.847396 0.007000 0.015625
0 0.469375 0.811979 0.005250 0.015625
0 0.480000 0.803385 0.005000 0.015104
0 0.497625 0.808594 0.005250 0.014063
0 0.501375 0.809896 0.005750 0.011458
0 0.505375 0.804167 0.004750 0.016667
0 0.510125 0.788802 0.005750 0.015104
0 0.495625 0.777344 0.005750 0.014063
0 0.498625 0.772135 0.004750 0.010937
0 0.481000 0.746875 0.005000 0.016667
0 0.499125 0.730729 0.003750 0.012500
0 0.500875 0.727604 0.004250 0.013542
0 0.554375 0.769271 0.007750 0.012500
0 0.550125 0.728125 0.007250 0.011458
0 0.538000 0.709896 0.006500 0.012500
0 0.535500 0.736198 0.004500 0.009896
0 0.534625 0.732292 0.006250 0.010417
0 0.557125 0.677865 0.004750 0.016146
0 0.540625 0.689583 0.005250 0.011458
0 0.540375 0.681510 0.004250 0.014063
0 0.535625 0.649740 0.004750 0.015104
0 0.530625 0.643229 0.005250 0.013542
0 0.520625 0.630990 0.002750 0.015104
0 0.523000 0.628125 0.004500 0.012500
0 0.538000 0.602604 0.004000 0.014583
0 0.538625 0.590625 0.005250 0.010417
0 0.532000 0.580990 0.005500 0.015104
0 0.555625 0.576302 0.007250 0.014063
0 0.543250 0.575000 0.004000 0.011458
0 0.544875 0.572917 0.005250 0.013542
0 0.563375 0.536198 0.006750 0.014063
0 0.544750 0.522656 0.005000 0.017188
0 0.567375 0.500521 0.004750 0.014583
0 0.525750 0.498177 0.007000 0.011979
0 0.549500 0.459375 0.005000 0.014583
0 0.568875 0.485937 0.006250 0.009375
0 0.569500 0.481510 0.006000 0.009896
0 0.560250 0.433333 0.004500 0.007292
0 0.561750 0.429688 0.007000 0.010417
0 0.695125 0.940625 0.007750 0.016667
0 0.614625 0.917708 0.005250 0.017708
0 0.626125 0.905208 0.007750 0.011458
0 0.633500 0.908073 0.007500 0.011979
0 0.626000 0.895833 0.005500 0.014583
0 0.640625 0.886979 0.005750 0.020833
0 0.627625 0.880729 0.007750 0.009375
0 0.626625 0.870573 0.007250 0.007812
0 0.677125 0.899740 0.003250 0.013021
0 0.675000 0.895833 0.005000 0.015625
0 0.626000 0.794792 0.004500 0.016667
0 0.629750 0.791927 0.005000 0.015104
0 0.641125 0.796875 0.004750 0.012500
0 0.645125 0.791927 0.007250 0.013021
0 0.625250 0.774479 0.004500 0.014583
0 0.717000 0.777604 0.007000 0.013542
0 0.627500 0.748958 0.007000 0.009375
0 0.625750 0.741927 0.007500 0.008854
0 0.619125 0.725260 0.007250 0.011979
0 0.626125 0.719531 0.003750 0.014063
0 0.626750 0.703906 0.004500 0.016146
0 0.623875 0.708594 0.003750 0.015104
0 0.618750 0.699219 0.003500 0.010937
0 0.620125 0.695833 0.004750 0.013542
0 0.603625 0.665365 0.004250 0.014063
0 0.620000 0.656250 0.007000 0.013542
0 0.641125 0.595833 0.006750 0.018750
0 0.619125 0.598698 0.006750 0.016146
0 0.608875 0.591146 0.003750 0.015625
0 0.601875 0.544531 0.004750 0.011979
0 0.616250 0.565885 0.002500 0.018229
0 0.618375 0.569271 0.001750 0.019792
0 0.620875 0.570052 0.002750 0.017188
0 0.652750 0.540104 0.008500 0.016667
0 0.610875 0.493229 0.005750 0.015625
0 0.607500 0.497917 0.003000 0.014583
0 0.611375 0.458333 0.004250 0.015625
0 0.603875 0.461979 0.005750 0.018750
0 0.658875 0.363542 0.008250 0.011458
0 0.657250 0.376042 0.007500 0.010417
0 0.663750 0.371354 0.008000 0.008333
0 0.666625 0.364063 0.005750 0.011458
0 0.686000 0.354948 0.005000 0.019271
0 0.679875 0.378125 0.006750 0.014583
0 0.686375 0.394010 0.008750 0.011979
0 0.702625 0.378906 0.007250 0.015104
0 0.701500 0.408854 0.009500 0.011458
0 0.698500 0.420312 0.007500 0.008333
0 0.720125 0.408073 0.005250 0.013021
0 0.723250 0.394792 0.007000 0.008333
0 0.726875 0.410156 0.004750 0.018229
0 0.733750 0.401562 0.007500 0.015625
0 0.787375 0.391146 0.009250 0.011458
0 0.779625 0.482292 0.006750 0.017708
0 0.802375 0.514323 0.007250 0.015104
0 0.807125 0.559635 0.008250 0.013021
0 0.830625 0.550260 0.005750 0.017188
0 0.851625 0.585938 0.005750 0.016667
0 0.858875 0.638802 0.007250 0.011979
0 0.859625 0.747917 0.006250 0.011458
0 0.929500 0.791146 0.008500 0.015625
0 0.680125 0.279948 0.010250 0.022396
0 0.745750 0.284896 0.006500 0.006250
0 0.745125 0.278646 0.008250 0.008333
0 0.816250 0.285938 0.008000 0.011458
0 0.006625 0.094010 0.008750 0.010937
0 0.257250 0.023177 0.007500 0.013021
