0 0.192188 0.124375 0.014583 0.007250
0 0.236198 0.215750 0.010937 0.005000
0 0.159896 0.419750 0.007292 0.004000
0 0.156510 0.646750 0.005729 0.004500
0 0.186979 0.607000 0.006250 0.005000
0 0.134375 0.567875 0.011458 0.007750
0 0.144531 0.555875 0.006771 0.006750
0 0.134635 0.556000 0.006771 0.006500
0 0.112500 0.546000 0.006250 0.005500
0 0.104427 0.543250 0.005729 0.005500
0 0.103125 0.547375 0.010417 0.004250
0 0.098177 0.529250 0.006771 0.006000
0 0.117188 0.520875 0.009375 0.007250
0 0.167708 0.540625 0.009375 0.004250
0 0.165625 0.532625 0.012500 0.005750
0 0.179167 0.529750 0.010417 0.004500
0 0.151302 0.530375 0.010937 0.005750
0 0.068229 0.512500 0.015625 0.003500
0 0.146354 0.509375 0.012500 0.005250
0 0.145052 0.496375 0.009896 0.005250
0 0.138021 0.490250 0.011458 0.005500
0 0.112500 0.493250 0.012500 0.005000
0 0.111198 0.487125 0.010937 0.005250
0 0.103125 0.479000 0.011458 0.006500
0 0.084375 0.471000 0.009375 0.004500
0 0.069010 0.477000 0.005729 0.006000
0 0.065885 0.477625 0.006771 0.005250
0 0.061719 0.476875 0.006771 0.005250
0 0.050260 0.473250 0.005729 0.006500
0 0.055208 0.473125 0.005208 0.005250
0 0.029167 0.465500 0.004167 0.006500
0 0.033594 0.466375 0.004687 0.006750
0 0.081771 0.465000 0.008333 0.004500
0 0.078906 0.461000 0.010937 0.003500
0 0.297135 0.593875 0.008854 0.006750
0 0.313802 0.579875 0.006771 0.004750
0 0.307552 0.567125 0.006771 0.003250
0 0.302865 0.568250 0.007812 0.005500
0 0.280208 0.561250 0.013542 0.005500
0 0.304948 0.556750 0.011979 0.006000
0 0.328906 0.551250 0.008854 0.003500
0 0.290885 0.553000 0.008854 0.006000
0 0.265104 0.552125 0.010417 0.005750
0 0.261458 0.545000 0.010417 0.007000
0 0.283073 0.534750 0.008854 0.007000
0 0.276042 0.526250 0.008333 0.006500
0 0.270833 0.530250 0.009375 0.006500
0 0.259635 0.531250 0.005729 0.006000
0 0.254427 0.530875 0.004687 0.005750
0 0.252083 0.528750 0.009375 0.005500
0 0.321615 0.530875 0.005729 0.005750
0 0.326042 0.528625 0.007292 0.004750
0 0.332292 0.526375 0.008333 0.003250
0 0.329948 0.523000 0.007812 0.004000
0 0.334635 0.519375 0.005729 0.004250
0 0.331250 0.515500 0.005208 0.003500
0 0.325000 0.513375 0.007292 0.003750
0 0.337240 0.512250 0.006771 0.006000
0 0.357292 0.499750 0.006250 0.005500
0 0.351562 0.502500 0.007292 0.005500
0 0.339844 0.499750 0.008854 0.003500
0 0.347396 0.493125 0.006250 0.006250
0 0.357812 0.485500 0.007292 0.006000
0 0.336719 0.492875 0.007812 0.005250
0 0.291406 0.494625 0.007812 0.006250
0 0.284375 0.493625 0.006250 0.006750
0 0.273698 0.491125 0.007812 0.007250
0 0.314844 0.472625 0.013021 0.004750
0 0.306771 0.466000 0.008333 0.007000
0 0.299740 0.464875 0.008854 0.006750
0 0.306250 0.454125 0.010417 0.004250
0 0.290885 0.455875 0.008854 0.006750
0 0.264062 0.446625 0.007292 0.007250
0 0.252083 0.447625 0.009375 0.006750
0 0.273438 0.438000 0.011458 0.007500
0 0.284375 0.429125 0.009375 0.006250
0 0.272656 0.426875 0.007812 0.007250
0 0.260156 0.428375 0.004687 0.007250
0 0.265625 0.428125 0.006250 0.007250
0 0.259896 0.417375 0.011458 0.007250
0 0.284635 0.417250 0.011979 0.006000
0 0.333854 0.421625 0.004167 0.006250
0 0.338802 0.422000 0.005729 0.008500
0 0.253906 0.398000 0.011979 0.006500
0 0.292187 0.398375 0.006250 0.004750
0 0.288802 0.397125 0.008854 0.005750
0 0.333854 0.389750 0.007292 0.008000
0 0.361719 0.382375 0.010937 0.007250
0 0.350521 0.389750 0.006250 0.005500
0 0.345052 0.390125 0.006771 0.007250
0 0.332552 0.381125 0.006771 0.006250
0 0.327604 0.380375 0.007292 0.006750
0 0.379688 0.363000 0.016667 0.008500
0 0.429167 0.377875 0.004167 0.004750
0 0.424479 0.378000 0.005208 0.006500
0 0.426823 0.386500 0.006771 0.004500
0 0.420312 0.386500 0.006250 0.006000
0 0.403125 0.325875 0.018750 0.004750
0 0.362500 0.407875 0.012500 0.007250
0 0.390885 0.429000 0.009896 0.006000
0 0.394531 0.425250 0.004687 0.005000
0 0.398958 0.424000 0.006250 0.007000
0 0.361719 0.441375 0.010937 0.007750
0 0.388281 0.452125 0.006771 0.005750
0 0.381250 0.453500 0.007292 0.006000
0 0.370312 0.459500 0.011458 0.007000
0 0.369271 0.472125 0.009375 0.006250
0 0.385677 0.470750 0.009896 0.007000
0 0.317188 0.451750 0.011458 0.007000
0 0.295573 0.448500 0.015104 0.006500
0 0.330208 0.440875 0.013542 0.007750
0 0.384115 0.609375 0.014063 0.005250
0 0.406250 0.597250 0.013542 0.004500
0 0.454948 0.568375 0.013021 0.004250
0 0.478906 0.557000 0.011979 0.004000
0 0.480990 0.554250 0.007812 0.004000
0 0.509635 0.556000 0.013021 0.003500
0 0.496094 0.567750 0.011979 0.004500
0 0.523698 0.552125 0.013021 0.003750
0 0.508854 0.550250 0.008333 0.005500
0 0.498958 0.546000 0.012500 0.004000
0 0.514323 0.546750 0.011979 0.003500
0 0.507292 0.526500 0.008333 0.003500
0 0.561198 0.543000 0.007812 0.004000
0 0.570573 0.541875 0.010937 0.004250
0 0.578385 0.535250 0.011979 0.004000
0 0.582031 0.532375 0.013021 0.003750
0 0.601562 0.528625 0.008333 0.006750
0 0.778385 0.473250 0.013021 0.004000
0 0.727344 0.482250 0.011979 0.002500
0 0.725260 0.479875 0.013021 0.002750
0 0.678906 0.475000 0.010937 0.002500
0 0.677344 0.472750 0.010937 0.001500
0 0.671875 0.483250 0.011458 0.004000
0 0.675260 0.487500 0.011979 0.004000
0 0.636979 0.491375 0.006250 0.005250
0 0.682552 0.501375 0.013021 0.003250
0 0.675781 0.498875 0.010937 0.003750
0 0.667448 0.496750 0.008854 0.002500
0 0.666146 0.498875 0.010417 0.002750
0 0.654167 0.497500 0.012500 0.003000
0 0.656771 0.493125 0.006250 0.005250
0 0.672656 0.490750 0.008854 0.003000
0 0.670573 0.494000 0.006771 0.003500
0 0.663802 0.492125 0.007812 0.003750
0 0.656771 0.504625 0.011458 0.002750
0 0.655469 0.507875 0.010937 0.003750
0 0.648177 0.510750 0.011979 0.004000
0 0.658073 0.501500 0.014063 0.004000
0 0.627865 0.497750 0.011979 0.005000
0 0.571875 0.494375 0.007292 0.004250
0 0.577604 0.509000 0.012500 0.004000
0 0.599219 0.512125 0.008854 0.003250
0 0.599479 0.515000 0.012500 0.003000
0 0.609375 0.511750 0.010417 0.004000
0 0.614323 0.506500 0.011979 0.002500
0 0.607552 0.508750 0.009896 0.002500
0 0.600781 0.507375 0.010937 0.002250
0 0.619010 0.510500 0.010937 0.002500
0 0.620313 0.512750 0.011458 0.002500
0 0.582292 0.520250 0.012500 0.003500
0 0.567448 0.517875 0.009896 0.002250
0 0.568750 0.520125 0.012500 0.002750
0 0.567448 0.522000 0.011979 0.002000
0 0.567448 0.524250 0.009896 0.002500
0 0.599219 0.518875 0.011979 0.005250
0 0.524740 0.580250 0.008854 0.004500
0 0.512240 0.574625 0.005729 0.004750
0 0.505990 0.574750 0.007812 0.004500
0 0.516667 0.569500 0.011458 0.003000
0 0.544792 0.570750 0.008333 0.006000
0 0.536719 0.573125 0.004687 0.003250
0 0.533333 0.571125 0.006250 0.005250
0 0.539062 0.566000 0.008333 0.002500
0 0.542188 0.564000 0.011458 0.003500
0 0.545312 0.559875 0.008333 0.005250
0 0.547396 0.557750 0.007292 0.003500
0 0.569010 0.567625 0.007812 0.004750
0 0.564323 0.572125 0.005729 0.005250
0 0.558594 0.571625 0.007812 0.005750
0 0.580729 0.571625 0.009375 0.003250
0 0.589844 0.569625 0.006771 0.005750
0 0.584375 0.547000 0.008333 0.004500
0 0.592448 0.556625 0.005729 0.004250
0 0.588281 0.556500 0.005729 0.005500
0 0.598177 0.560500 0.009896 0.003000
0 0.606771 0.555625 0.009375 0.003250
0 0.605469 0.558000 0.008854 0.003500
0 0.682552 0.543625 0.011979 0.004750
0 0.650000 0.547500 0.007292 0.003000
0 0.648438 0.549750 0.009375 0.002500
0 0.603906 0.538625 0.007812 0.003250
0 0.605990 0.540750 0.009896 0.002000
0 0.612500 0.538125 0.007292 0.003750
0 0.626823 0.535000 0.010937 0.005000
0 0.615885 0.533875 0.010937 0.004750
0 0.618229 0.540500 0.006250 0.003000
0 0.615625 0.540000 0.006250 0.004500
0 0.652083 0.536000 0.009375 0.003000
0 0.651563 0.538250 0.011458 0.003500
0 0.656250 0.539500 0.008333 0.004000
0 0.709896 0.506625 0.008333 0.003750
0 0.704948 0.505000 0.006771 0.005000
0 0.677865 0.513125 0.008854 0.004250
0 0.683594 0.514875 0.005729 0.005250
0 0.694010 0.514875 0.007812 0.003750
0 0.696615 0.516500 0.005729 0.005000
0 0.690104 0.521500 0.005208 0.004500
0 0.676823 0.518750 0.007812 0.003500
0 0.670573 0.517250 0.009896 0.002000
0 0.668490 0.519250 0.009896 0.002500
0 0.668750 0.522125 0.010417 0.004250
0 0.681771 0.520250 0.009375 0.004500
0 0.683073 0.522375 0.007812 0.004750
0 0.699479 0.518750 0.008333 0.005000
0 0.701562 0.519500 0.007292 0.004000
0 0.796615 0.513250 0.009896 0.005000
0 0.801042 0.502875 0.006250 0.005250
0 0.753385 0.499375 0.008854 0.005750
0 0.794271 0.489750 0.012500 0.005000
0 0.824740 0.481625 0.009896 0.004250
0 0.442708 0.668875 0.009375 0.005250
0 0.528646 0.705500 0.007292 0.004500
0 0.531771 0.702750 0.006250 0.004000
0 0.539844 0.708250 0.005729 0.005000
0 0.545573 0.707250 0.006771 0.004500
0 0.539844 0.716875 0.006771 0.004250
0 0.562240 0.715500 0.006771 0.004500
0 0.560677 0.708500 0.007812 0.004500
0 0.578125 0.713625 0.010417 0.003250
0 0.610417 0.717750 0.010417 0.003500
0 0.621094 0.722875 0.008854 0.002750
0 0.646875 0.722500 0.007292 0.004500
0 0.654948 0.724375 0.005729 0.003250
0 0.683854 0.707000 0.008333 0.004500
0 0.647917 0.720750 0.007292 0.003000
0 0.400260 0.737375 0.011979 0.003750
0 0.407552 0.717875 0.009896 0.005750
0 0.411458 0.716125 0.011458 0.003750
0 0.390885 0.730000 0.007812 0.005500
0 0.387240 0.733250 0.010937 0.004500
0 0.414583 0.732375 0.007292 0.003750
0 0.408073 0.732000 0.005729 0.007000
0 0.450000 0.752625 0.011458 0.007250
0 0.492188 0.723000 0.010417 0.005000
0 0.485937 0.727375 0.011458 0.004250
0 0.480990 0.732250 0.011979 0.003500
0 0.494792 0.740500 0.006250 0.007000
0 0.504948 0.738875 0.007812 0.004750
0 0.485677 0.736250 0.011979 0.002000
0 0.487760 0.738000 0.011979 0.002000
0 0.518490 0.736000 0.010937 0.003000
0 0.526823 0.731750 0.010937 0.004000
0 0.523438 0.740500 0.005208 0.005500
0 0.518229 0.739375 0.006250 0.004750
0 0.544271 0.751000 0.013542 0.004000
0 0.528906 0.746375 0.009896 0.006250
0 0.547917 0.735625 0.011458 0.003750
0 0.542708 0.730125 0.012500 0.004750
0 0.540104 0.725250 0.010417 0.005500
0 0.559375 0.727375 0.009375 0.003250
0 0.552083 0.720875 0.009375 0.002250
0 0.601302 0.729625 0.010937 0.003750
0 0.650260 0.736125 0.010937 0.004750
0 0.634635 0.748000 0.009896 0.004000
0 0.626563 0.750125 0.009375 0.004750
0 0.615365 0.753000 0.008854 0.004000
0 0.599219 0.757125 0.010937 0.003250
0 0.609896 0.756000 0.009375 0.003500
0 0.612760 0.759750 0.009896 0.004500
0 0.607552 0.751125 0.006771 0.004250
0 0.609375 0.749250 0.007292 0.004000
0 0.553385 0.769875 0.007812 0.004250
0 0.640885 0.766875 0.010937 0.003250
0 0.639062 0.760750 0.006250 0.004500
0 0.604167 0.765875 0.009375 0.003750
0 0.680469 0.765250 0.005729 0.005500
0 0.684115 0.764625 0.005729 0.004250
0 0.584635 0.687000 0.005729 0.003000
0 0.666927 0.691000 0.009896 0.005000
0 0.699740 0.686625 0.008854 0.003750
0 0.573177 0.838875 0.011979 0.004750
0 0.661198 0.924250 0.008854 0.005500
0 0.664844 0.931125 0.007812 0.006250
0 0.671094 0.934750 0.003646 0.005000
0 0.675000 0.935250 0.004167 0.004000
0 0.648698 0.961000 0.008854 0.005000
0 0.680469 0.985375 0.008854 0.006250
0 0.709375 0.986000 0.007292 0.004500
0 0.722917 0.969500 0.009375 0.006500
0 0.421875 0.963750 0.010417 0.005000
0 0.305990 0.992750 0.006771 0.003500
0 0.312500 0.994250 0.007292 0.004500
0 0.312500 0.790500 0.010417 0.007000
0 0.329688 0.782500 0.013542 0.005500
0 0.325781 0.774500 0.009896 0.006000
0 0.882292 0.841500 0.012500 0.005000
0 0.886458 0.833500 0.010417 0.005000
0 0.754167 0.885750 0.009375 0.004000
0 0.948177 0.840375 0.006771 0.003750
0 0.971094 0.743250 0.013021 0.004500
0 0.950521 0.481000 0.009375 0.005000
0 0.853906 0.289250 0.010937 0.004000
0 0.761719 0.219375 0.009896 0.006750
0 0.585156 0.187875 0.010937 0.005750
