0 0.205990 0.506625 0.016146 0.007250
0 0.346615 0.430250 0.009896 0.005000
0 0.343750 0.425625 0.007292 0.004750
0 0.329167 0.411500 0.012500 0.004000
0 0.332031 0.406125 0.008854 0.005750
0 0.317969 0.389125 0.010937 0.004750
0 0.308594 0.385000 0.004687 0.006000
0 0.313802 0.384625 0.004687 0.004750
0 0.264062 0.356750 0.013542 0.002500
0 0.260937 0.354125 0.013542 0.002750
0 0.332552 0.367250 0.006771 0.003000
0 0.329427 0.369375 0.009896 0.001750
0 0.331771 0.371750 0.007292 0.003500
0 0.332031 0.376125 0.011979 0.003250
0 0.362760 0.408375 0.011979 0.004750
0 0.503646 0.476750 0.011458 0.005500
0 0.497396 0.390875 0.008333 0.004250
0 0.502344 0.387750 0.007812 0.006500
0 0.496354 0.362500 0.005208 0.004000
0 0.494271 0.361250 0.007292 0.005500
0 0.439062 0.348500 0.013542 0.005000
0 0.454948 0.287125 0.015104 0.005250
0 0.456510 0.254125 0.009896 0.005750
0 0.427344 0.230875 0.010937 0.007250
0 0.464323 0.207000 0.009896 0.007000
0 0.493490 0.216500 0.011979 0.006000
0 0.488021 0.247125 0.012500 0.004250
0 0.495573 0.245875 0.009896 0.007250
0 0.538281 0.294875 0.013021 0.005750
0 0.662500 0.500250 0.008333 0.004500
0 0.678646 0.461250 0.007292 0.006000
0 0.658854 0.428125 0.007292 0.005750
0 0.702604 0.431625 0.006250 0.004250
0 0.707292 0.436500 0.009375 0.006000
0 0.827865 0.325250 0.011979 0.008500
0 0.810937 0.371000 0.015625 0.003500
0 0.814583 0.375375 0.011458 0.004750
