0 0.407375 0.826302 0.005250 0.011979
0 0.409625 0.822396 0.006250 0.013542
0 0.394500 0.784635 0.010500 0.013021
0 0.354500 0.718490 0.006000 0.020313
0 0.364625 0.690365 0.006750 0.016146
0 0.372750 0.635938 0.006500 0.017708
0 0.367000 0.603125 0.005000 0.016667
0 0.354750 0.611979 0.005000 0.017708
0 0.501500 0.588281 0.008000 0.013021
0 0.484000 0.561458 0.007000 0.007292
0 0.483625 0.556250 0.007250 0.006250
0 0.475250 0.558073 0.007500 0.007812
0 0.476125 0.553646 0.007250 0.006250
0 0.543750 0.599740 0.006000 0.016146
0 0.581000 0.485677 0.007500 0.010937
0 0.516125 0.452604 0.011250 0.013542
0 0.468125 0.436979 0.008250 0.009375
0 0.462000 0.413281 0.009000 0.013021
0 0.454375 0.412500 0.007250 0.012500
0 0.414750 0.348698 0.010000 0.015104
0 0.458125 0.315625 0.009250 0.012500
0 0.490125 0.328125 0.007750 0.013542
0 0.510000 0.330990 0.006500 0.009896
0 0.511375 0.322396 0.004750 0.010417
0 0.524125 0.328385 0.007250 0.010937
0 0.507875 0.297135 0.008250 0.022396
0 0.529875 0.250260 0.006250 0.019271
0 0.561625 0.258333 0.009250 0.011458
0 0.574125 0.317448 0.005750 0.011979
0 0.531625 0.093490 0.009250 0.019271
0 0.497375 0.082552 0.008750 0.016146
0 0.474750 0.110937 0.007500 0.010417
0 0.467875 0.114323 0.006250 0.015104
0 0.405250 0.275781 0.005000 0.009896
0 0.403875 0.271875 0.006750 0.011458
0 0.404875 0.262500 0.005250 0.009375
0 0.398875 0.270833 0.006750 0.012500
