0 0.159635 0.166125 0.027604 0.011750
0 0.168750 0.207750 0.026042 0.014500
0 0.185677 0.202500 0.024479 0.011000
0 0.195573 0.218250 0.024479 0.016000
0 0.091406 0.269500 0.039062 0.017500
0 0.142969 0.298750 0.031771 0.016000
0 0.147135 0.328500 0.028646 0.014500
0 0.171615 0.353875 0.017188 0.011250
0 0.208073 0.388625 0.031771 0.011250
0 0.380729 0.351125 0.018750 0.015250
0 0.403385 0.305625 0.031771 0.014750
0 0.433333 0.319625 0.022917 0.013250
0 0.427865 0.291375 0.023438 0.016750
0 0.448958 0.283125 0.021875 0.013750
0 0.463281 0.300125 0.030729 0.013250
0 0.546354 0.285125 0.022917 0.015250
0 0.569010 0.268500 0.024479 0.016500
0 0.616667 0.265375 0.027083 0.018750
0 0.652865 0.260250 0.021354 0.012500
0 0.554427 0.227875 0.021354 0.014750
0 0.575260 0.212625 0.034896 0.014750
0 0.628906 0.200500 0.023438 0.014000
0 0.639062 0.211625 0.029167 0.016750
0 0.582812 0.361250 0.026042 0.010500
0 0.672135 0.362625 0.020313 0.011750
0 0.733073 0.335875 0.023438 0.013750
0 0.759115 0.326125 0.014063 0.013750
0 0.795312 0.328250 0.017708 0.014000
0 0.874219 0.359125 0.027604 0.014750
0 0.888021 0.343750 0.022917 0.009000
0 0.833594 0.385125 0.035937 0.016750
0 0.582552 0.383375 0.034896 0.011750
0 0.468229 0.408500 0.026042 0.014500
0 0.456771 0.406000 0.029167 0.012500
0 0.452344 0.399000 0.034896 0.011000
0 0.518229 0.410875 0.030208 0.015250
0 0.403906 0.425750 0.030729 0.014500
0 0.405990 0.408125 0.043229 0.013750
0 0.348958 0.422000 0.025000 0.016500
0 0.378646 0.425500 0.032292 0.012500
0 0.320833 0.454250 0.022917 0.014500
0 0.339583 0.445625 0.026042 0.013750
0 0.366927 0.450750 0.017188 0.009000
0 0.258594 0.450875 0.031771 0.011750
0 0.252865 0.429875 0.031771 0.011750
0 0.276042 0.423000 0.029167 0.012000
0 0.191406 0.501500 0.024479 0.013000
0 0.754948 0.434375 0.017188 0.009750
0 0.748177 0.449500 0.027604 0.016000
0 0.669531 0.462000 0.031771 0.016000
0 0.643229 0.465750 0.026042 0.011000
0 0.655208 0.481000 0.026042 0.016500
0 0.669531 0.499000 0.028646 0.019500
0 0.670312 0.499125 0.021875 0.015250
0 0.563802 0.495250 0.034896 0.014500
0 0.571875 0.480250 0.030208 0.011000
0 0.456771 0.496250 0.032292 0.014000
0 0.388802 0.502625 0.034896 0.015250
0 0.370052 0.495875 0.028646 0.011750
0 0.399479 0.483125 0.033333 0.015250
0 0.346094 0.490750 0.027604 0.011000
0 0.142187 0.525500 0.036458 0.014000
0 0.155729 0.548000 0.029167 0.013000
0 0.095833 0.567125 0.033333 0.011250
0 0.089323 0.540625 0.008854 0.002750
0 0.086979 0.587250 0.021875 0.009500
0 0.098698 0.639250 0.030729 0.012500
0 0.023438 0.642750 0.021875 0.011000
0 0.014063 0.652875 0.022917 0.010250
0 0.010677 0.668750 0.021354 0.016000
0 0.024219 0.655625 0.031771 0.013250
0 0.086458 0.670125 0.037500 0.018750
0 0.039323 0.685500 0.027604 0.016000
0 0.079167 0.694250 0.019792 0.012500
0 0.011458 0.705500 0.022917 0.010500
0 0.017448 0.727000 0.020313 0.007500
0 0.011458 0.737875 0.022917 0.007250
0 0.472656 0.653250 0.023438 0.014000
0 0.432812 0.638625 0.021875 0.008250
0 0.473438 0.632125 0.018750 0.011750
0 0.454427 0.618250 0.024479 0.009000
0 0.521875 0.597250 0.026042 0.016000
0 0.463281 0.584750 0.032813 0.014500
0 0.357552 0.579375 0.021354 0.011250
0 0.334115 0.532375 0.023438 0.008750
0 0.358073 0.532125 0.029687 0.010250
0 0.476302 0.568750 0.021354 0.007500
0 0.563542 0.592625 0.033333 0.016250
0 0.582292 0.603000 0.015625 0.011000
0 0.602083 0.608125 0.026042 0.008250
0 0.599219 0.593500 0.022396 0.012500
0 0.582812 0.589125 0.023958 0.008250
0 0.591146 0.583250 0.025000 0.011500
0 0.632812 0.590750 0.026042 0.012500
0 0.670573 0.589500 0.024479 0.012000
0 0.703385 0.578000 0.031771 0.013000
0 0.646615 0.618500 0.031771 0.012500
0 0.711198 0.619125 0.018229 0.009250
0 0.743490 0.611500 0.017188 0.012500
0 0.881771 0.558750 0.021875 0.008000
0 0.846354 0.630250 0.026042 0.012000
0 0.761719 0.649250 0.030729 0.011000
0 0.768490 0.654375 0.019271 0.007250
0 0.901042 0.652500 0.016667 0.012000
0 0.591927 0.693250 0.023438 0.012000
0 0.634375 0.797875 0.025000 0.013750
0 0.714323 0.111500 0.045312 0.026500
0 0.689844 0.124625 0.042188 0.018750
0 0.723958 0.137250 0.032292 0.022000
0 0.766146 0.131000 0.052083 0.022000
