0 0.003906 0.534125 0.007812 0.003250
0 0.022396 0.537375 0.016667 0.003250
0 0.022917 0.534500 0.010417 0.003000
0 0.125000 0.531750 0.013542 0.003500
0 0.114062 0.541750 0.016667 0.004000
0 0.074479 0.552000 0.016667 0.005000
0 0.103646 0.563250 0.010417 0.006000
0 0.118490 0.554875 0.014063 0.004750
0 0.133594 0.554750 0.015104 0.005000
0 0.149219 0.548625 0.010937 0.002750
0 0.145313 0.547000 0.011458 0.002500
0 0.188021 0.552750 0.013542 0.003500
0 0.230990 0.553875 0.006771 0.006250
0 0.261198 0.544875 0.009896 0.006250
0 0.211979 0.562875 0.013542 0.003750
0 0.204427 0.566625 0.010937 0.005750
0 0.241927 0.573625 0.009896 0.004750
0 0.246875 0.569125 0.008333 0.007750
0 0.237240 0.568250 0.013021 0.004000
0 0.222656 0.556000 0.010937 0.002500
0 0.220312 0.554875 0.009375 0.002250
0 0.381771 0.547875 0.009375 0.004750
0 0.405469 0.515625 0.007812 0.006250
0 0.374479 0.492125 0.008333 0.006750
0 0.356510 0.499000 0.008854 0.007000
0 0.336198 0.483000 0.010937 0.007500
0 0.277865 0.419375 0.005729 0.007250
0 0.272656 0.419375 0.005729 0.005750
0 0.264583 0.341500 0.014583 0.004500
0 0.240104 0.356375 0.014583 0.007250
0 0.333333 0.415500 0.008333 0.006500
0 0.308594 0.413625 0.007812 0.005250
0 0.311719 0.412500 0.009896 0.007000
0 0.340365 0.433375 0.005729 0.007250
0 0.335417 0.433000 0.005208 0.007000
0 0.332813 0.442125 0.011458 0.006250
0 0.327604 0.450375 0.007292 0.007750
0 0.352865 0.458125 0.007812 0.008250
0 0.484635 0.504500 0.014063 0.004000
0 0.505729 0.417625 0.009375 0.007750
0 0.516406 0.387625 0.011979 0.005750
0 0.547917 0.258375 0.013542 0.006250
0 0.583073 0.303375 0.011979 0.004750
0 0.597396 0.334125 0.004167 0.005250
0 0.593229 0.333625 0.005208 0.007250
0 0.565365 0.333625 0.007812 0.004750
0 0.561979 0.332750 0.005208 0.006000
0 0.557813 0.347000 0.008333 0.006500
0 0.564844 0.342125 0.005729 0.005250
0 0.562500 0.339500 0.005208 0.006000
0 0.557552 0.340000 0.004687 0.006500
0 0.546875 0.357250 0.005208 0.006000
0 0.550000 0.355750 0.007292 0.006500
0 0.521354 0.433000 0.008333 0.007500
0 0.527865 0.414875 0.007812 0.007750
0 0.519792 0.449875 0.010417 0.005250
0 0.517708 0.465125 0.010417 0.007250
0 0.513281 0.497125 0.008854 0.005250
0 0.515104 0.501875 0.009375 0.004750
0 0.529427 0.406000 0.007812 0.004000
0 0.617448 0.527875 0.008854 0.005250
0 0.610417 0.516000 0.008333 0.006000
0 0.634115 0.509875 0.011979 0.003250
0 0.680990 0.483375 0.013021 0.006750
0 0.709375 0.484750 0.013542 0.004000
0 0.728906 0.474875 0.015104 0.004250
0 0.752604 0.466375 0.015625 0.005250
0 0.745052 0.464500 0.008854 0.006500
0 0.844010 0.427250 0.015104 0.005000
0 0.845313 0.428625 0.012500 0.003750
0 0.901302 0.598750 0.016146 0.007000
0 0.892708 0.582375 0.014583 0.004250
0 0.700781 0.583625 0.008854 0.007250
0 0.702344 0.589125 0.014063 0.003750
0 0.754948 0.585375 0.009896 0.006250
0 0.747135 0.573750 0.008854 0.003500
0 0.796615 0.569750 0.014063 0.004500
0 0.830990 0.567125 0.016146 0.003250
0 0.872656 0.563750 0.013021 0.003000
0 0.947135 0.556250 0.016146 0.004000
0 0.966406 0.555000 0.008854 0.002500
0 0.978646 0.550875 0.012500 0.004250
0 0.984115 0.553125 0.014063 0.003250
0 0.768490 0.572375 0.009896 0.002750
0 0.758073 0.573125 0.010937 0.002250
0 0.660156 0.520375 0.007812 0.004250
0 0.672396 0.514375 0.007292 0.005750
0 0.685417 0.509875 0.010417 0.005750
0 0.694531 0.506625 0.008854 0.006750
0 0.704688 0.502500 0.010417 0.005000
0 0.708594 0.497625 0.011979 0.005750
0 0.745833 0.490500 0.012500 0.007000
0 0.769792 0.478125 0.010417 0.005250
0 0.905729 0.757375 0.008333 0.005750
