0 0.448125 0.622656 0.002750 0.014063
0 0.450000 0.622396 0.003000 0.012500
0 0.416750 0.478646 0.007000 0.008333
0 0.477000 0.360156 0.008000 0.013021
0 0.476250 0.458594 0.006500 0.011979
0 0.462625 0.494010 0.006250 0.016146
0 0.476500 0.487500 0.006000 0.015625
0 0.491625 0.485156 0.004250 0.017188
0 0.467625 0.425000 0.003750 0.012500
0 0.462625 0.426823 0.002750 0.010937
0 0.464500 0.425521 0.003000 0.013542
0 0.476250 0.507552 0.005500 0.010937
0 0.474125 0.520052 0.004750 0.014063
0 0.476625 0.526563 0.006250 0.009375
0 0.475375 0.533073 0.005750 0.010937
0 0.477625 0.573958 0.005250 0.011458
0 0.475875 0.571875 0.004250 0.009375
0 0.541250 0.500781 0.005000 0.011979
0 0.538375 0.492448 0.004250 0.007812
0 0.540625 0.486198 0.002250 0.011979
0 0.543125 0.485677 0.003250 0.010937
0 0.603500 0.440104 0.007000 0.011458
0 0.573375 0.436198 0.006250 0.009896
0 0.572000 0.397917 0.007000 0.011458
0 0.569250 0.227604 0.005000 0.009375
0 0.529625 0.567969 0.004250 0.009896
0 0.640250 0.614583 0.007000 0.014583
0 0.632125 0.613802 0.004750 0.017188
0 0.626375 0.611458 0.006250 0.012500
0 0.625250 0.600260 0.008000 0.009896
0 0.657625 0.592448 0.004750 0.011979
0 0.657625 0.584115 0.006750 0.008854
0 0.586125 0.633073 0.004250 0.011979
0 0.583875 0.630729 0.004750 0.011458
0 0.666250 0.439062 0.006000 0.014583
0 0.691625 0.738281 0.005750 0.015104
0 0.857500 0.526042 0.007500 0.015625
0 0.091750 0.569792 0.006500 0.010417
0 0.098125 0.163542 0.007750 0.013542
