0 0.049250 0.473438 0.004000 0.010417
0 0.039625 0.157292 0.006750 0.010417
0 0.221500 0.044271 0.005000 0.013542
0 0.293125 0.243750 0.005250 0.009375
0 0.289000 0.272656 0.006500 0.008854
0 0.278625 0.290885 0.006750 0.009896
0 0.288750 0.338021 0.005000 0.008333
0 0.260375 0.414323 0.006250 0.013021
0 0.305000 0.413802 0.006500 0.010937
0 0.303875 0.429427 0.007250 0.007812
0 0.322250 0.510417 0.005000 0.010417
0 0.323875 0.507292 0.004250 0.008333
0 0.359875 0.600521 0.006750 0.009375
0 0.347500 0.560937 0.008000 0.008333
0 0.346000 0.581510 0.005500 0.007812
0 0.347125 0.573698 0.005750 0.008854
0 0.348125 0.569271 0.005250 0.008333
0 0.404625 0.575000 0.005250 0.009375
0 0.430625 0.561198 0.005750 0.007812
0 0.419000 0.554167 0.005500 0.008333
0 0.418750 0.547135 0.006500 0.005729
0 0.430375 0.537240 0.004750 0.008854
0 0.442125 0.557813 0.004750 0.010417
0 0.441000 0.548177 0.005500 0.007812
0 0.428625 0.471615 0.005750 0.006771
0 0.443125 0.468229 0.005250 0.009375
0 0.449125 0.493229 0.004750 0.008333
0 0.445125 0.502604 0.005750 0.009375
0 0.456875 0.512500 0.005750 0.006250
0 0.431125 0.490885 0.004250 0.010937
0 0.427250 0.490625 0.005000 0.007292
0 0.459500 0.546615 0.006000 0.007812
0 0.457500 0.538542 0.005500 0.008333
0 0.460750 0.536458 0.005500 0.010417
0 0.469500 0.549740 0.004500 0.006771
0 0.469000 0.544010 0.005000 0.004687
0 0.479875 0.551302 0.006250 0.005729
0 0.476875 0.567187 0.004250 0.006250
0 0.474500 0.583594 0.006500 0.006771
0 0.478000 0.576042 0.005500 0.008333
0 0.476375 0.541927 0.002250 0.008854
0 0.479000 0.541406 0.003000 0.010937
0 0.319375 0.357292 0.005750 0.008333
0 0.303500 0.342969 0.008000 0.015104
0 0.503750 0.418750 0.004000 0.013542
0 0.499125 0.399219 0.003750 0.011979
0 0.468375 0.416146 0.005250 0.013542
0 0.434750 0.376823 0.004500 0.014063
0 0.475375 0.370833 0.005250 0.011458
0 0.482625 0.373958 0.004250 0.009375
0 0.502500 0.369531 0.004000 0.009896
0 0.497750 0.353646 0.005500 0.014583
0 0.488750 0.371354 0.004500 0.014583
0 0.501250 0.313281 0.005500 0.011979
0 0.487250 0.307812 0.005000 0.012500
0 0.470000 0.312760 0.005500 0.014063
0 0.462500 0.288542 0.005000 0.013542
0 0.425125 0.317708 0.005750 0.011458
0 0.405125 0.331510 0.005750 0.006771
0 0.402125 0.325521 0.006250 0.007292
0 0.403125 0.320573 0.005250 0.008854
0 0.404250 0.314323 0.003000 0.009896
0 0.403750 0.303385 0.003500 0.011979
0 0.469625 0.252604 0.005250 0.014583
0 0.463875 0.246354 0.004750 0.013542
0 0.483000 0.205990 0.006000 0.008854
0 0.458875 0.217708 0.003750 0.011458
0 0.449750 0.215365 0.006000 0.009896
0 0.448500 0.193490 0.004500 0.013021
0 0.450750 0.191667 0.002500 0.010417
0 0.482250 0.163281 0.006000 0.008854
0 0.451750 0.147396 0.003000 0.014583
0 0.443000 0.127865 0.004500 0.010937
0 0.444625 0.124740 0.003750 0.008854
0 0.407125 0.145313 0.006250 0.009375
0 0.406750 0.096094 0.007000 0.008854
0 0.400500 0.079427 0.005500 0.011979
0 0.389375 0.021354 0.007750 0.012500
0 0.465625 0.069531 0.008250 0.010937
0 0.616500 0.375260 0.006000 0.006771
0 0.589250 0.386458 0.003500 0.010417
0 0.593625 0.359375 0.004750 0.010417
0 0.589875 0.377865 0.003750 0.008854
0 0.588500 0.375000 0.003000 0.009375
0 0.603500 0.314323 0.005500 0.009896
0 0.608750 0.313542 0.004500 0.008333
0 0.607875 0.308854 0.004250 0.006250
0 0.616375 0.290625 0.003750 0.007292
0 0.610500 0.289062 0.005000 0.014583
0 0.650875 0.272917 0.005750 0.009375
0 0.650875 0.175000 0.004250 0.009375
0 0.554875 0.119792 0.004750 0.009375
0 0.804750 0.059635 0.006500 0.014063
0 0.241500 0.979948 0.007000 0.013021
0 0.252625 0.915365 0.008250 0.011979
0 0.326000 0.857031 0.007500 0.011979
0 0.307000 0.887760 0.006500 0.015104
0 0.333125 0.865104 0.005750 0.011458
0 0.424750 0.779167 0.005000 0.017708
0 0.442875 0.770573 0.006750 0.008854
0 0.420750 0.733073 0.003500 0.009896
0 0.431500 0.724219 0.003000 0.008854
0 0.430625 0.714583 0.005750 0.009375
0 0.447000 0.697917 0.007000 0.009375
0 0.475375 0.689583 0.006250 0.007292
0 0.475375 0.710156 0.007250 0.009896
0 0.463250 0.706510 0.005500 0.004687
0 0.463750 0.702083 0.004500 0.005208
0 0.526000 0.635677 0.004000 0.009896
0 0.492125 0.626042 0.003250 0.006250
0 0.510875 0.717969 0.002750 0.009896
0 0.513125 0.722917 0.004750 0.008333
0 0.476250 0.840365 0.003500 0.011979
0 0.456000 0.830208 0.004500 0.009375
0 0.464750 0.880729 0.004000 0.011458
0 0.461000 0.878385 0.003500 0.011979
0 0.455875 0.884635 0.005750 0.010937
0 0.461625 0.867708 0.003250 0.010417
0 0.459750 0.866146 0.003500 0.008333
