0 0.383854 0.239750 0.009375 0.007000
0 0.373958 0.281875 0.020833 0.004750
0 0.419792 0.315875 0.013542 0.008750
0 0.472656 0.310625 0.009896 0.007250
0 0.423437 0.343500 0.011458 0.005500
0 0.434635 0.346500 0.010937 0.006500
0 0.535156 0.371125 0.010937 0.006250
0 0.420312 0.457375 0.008333 0.004250
0 0.416406 0.447000 0.009896 0.005000
0 0.412240 0.444375 0.010937 0.006250
0 0.408594 0.443000 0.009896 0.005000
0 0.395052 0.456875 0.013021 0.004250
0 0.355990 0.458125 0.011979 0.005250
0 0.329948 0.448375 0.014063 0.005750
0 0.318229 0.445500 0.012500 0.005000
0 0.272396 0.458125 0.008333 0.003250
0 0.280729 0.458000 0.012500 0.003000
0 0.128125 0.473250 0.013542 0.003000
0 0.023958 0.479625 0.017708 0.005750
0 0.020573 0.450125 0.008854 0.007250
0 0.544531 0.475750 0.008854 0.007000
0 0.446875 0.527000 0.013542 0.004500
0 0.415885 0.522375 0.011979 0.006750
0 0.413542 0.538625 0.011458 0.005250
0 0.397396 0.548250 0.012500 0.006000
0 0.387760 0.553250 0.007812 0.006500
0 0.381250 0.549750 0.010417 0.004500
0 0.316667 0.544375 0.009375 0.007750
0 0.307031 0.541875 0.011979 0.005750
0 0.301042 0.547875 0.008333 0.006250
0 0.309896 0.562000 0.008333 0.008000
0 0.322656 0.562000 0.006771 0.007000
0 0.316927 0.561250 0.006771 0.005500
0 0.287760 0.563875 0.014063 0.007250
0 0.252865 0.540000 0.011979 0.007500
0 0.183333 0.559125 0.008333 0.007750
0 0.209115 0.567500 0.008854 0.007000
0 0.208073 0.561250 0.011979 0.006500
0 0.266406 0.573750 0.014063 0.004500
0 0.240625 0.572750 0.016667 0.006500
0 0.303125 0.581125 0.015625 0.006250
0 0.055208 0.694375 0.016667 0.006250
0 0.108854 0.682125 0.010417 0.005250
0 0.598177 0.473625 0.010937 0.007750
0 0.587500 0.486125 0.008333 0.006750
0 0.590365 0.492125 0.010937 0.006750
0 0.552344 0.572625 0.006771 0.006750
0 0.551302 0.579375 0.006771 0.007750
0 0.546354 0.575625 0.007292 0.006750
0 0.541146 0.594750 0.008333 0.007000
0 0.489323 0.601875 0.006771 0.008250
0 0.508594 0.614000 0.004687 0.008000
0 0.514062 0.614500 0.005208 0.007500
0 0.522135 0.611750 0.008854 0.006500
0 0.511979 0.621750 0.006250 0.006000
0 0.519271 0.624625 0.006250 0.006250
0 0.513802 0.624750 0.005729 0.007000
0 0.527865 0.612375 0.010937 0.007250
0 0.472656 0.643875 0.014063 0.006250
0 0.491146 0.650750 0.010417 0.008000
0 0.459115 0.649625 0.006771 0.006250
0 0.466146 0.667625 0.017708 0.008250
0 0.449219 0.669375 0.009896 0.007750
0 0.445573 0.688625 0.015104 0.007250
0 0.424740 0.702375 0.011979 0.006750
0 0.459896 0.725500 0.006250 0.007500
0 0.454427 0.725375 0.005729 0.007250
0 0.413802 0.746375 0.010937 0.006750
0 0.369792 0.747625 0.012500 0.004250
0 0.380990 0.765375 0.008854 0.008250
0 0.453906 0.762500 0.010937 0.006500
0 0.359115 0.757125 0.008854 0.008250
0 0.357812 0.769125 0.009375 0.007250
0 0.352604 0.764875 0.008333 0.006750
0 0.343750 0.768250 0.008333 0.006000
0 0.305990 0.761500 0.010937 0.006500
0 0.310156 0.776625 0.013021 0.006750
0 0.341667 0.791750 0.012500 0.006000
0 0.327344 0.792250 0.005729 0.007500
0 0.322656 0.792000 0.005729 0.006500
0 0.310156 0.807750 0.010937 0.006500
0 0.321354 0.829000 0.009375 0.006500
0 0.309115 0.826750 0.003646 0.007500
0 0.312500 0.826875 0.003125 0.008750
0 0.315885 0.827375 0.004687 0.007250
0 0.377604 0.823000 0.011458 0.005500
0 0.340885 0.920875 0.010937 0.009250
0 0.312240 0.954375 0.011979 0.005750
0 0.321615 0.941750 0.013021 0.005500
0 0.745052 0.556250 0.013021 0.005000
0 0.726042 0.536625 0.009375 0.004750
0 0.800260 0.595375 0.009896 0.006250
0 0.816927 0.607875 0.014063 0.007250
0 0.867708 0.619375 0.012500 0.007250
0 0.901302 0.614125 0.010937 0.007750
0 0.888542 0.608375 0.011458 0.006250
0 0.927083 0.619375 0.011458 0.007250
0 0.967448 0.621750 0.015104 0.006000
0 0.915885 0.658500 0.015104 0.005000
0 0.880208 0.652000 0.011458 0.005500
0 0.969271 0.691375 0.019792 0.004750
0 0.978646 0.702625 0.014583 0.004750
0 0.992969 0.702750 0.010937 0.008000
0 0.701302 0.520625 0.006771 0.003250
