0 0.119010 0.536500 0.009896 0.007000
0 0.098698 0.501750 0.009896 0.006500
0 0.079167 0.470875 0.008333 0.006750
0 0.078646 0.477500 0.013542 0.002500
0 0.079427 0.475250 0.013021 0.002500
0 0.178125 0.528625 0.008333 0.006750
0 0.194271 0.508875 0.011458 0.004750
0 0.186979 0.503875 0.008333 0.005750
0 0.148177 0.491625 0.014063 0.007750
0 0.213021 0.470500 0.010417 0.006500
0 0.139323 0.451000 0.009896 0.008000
0 0.160156 0.430000 0.010937 0.007500
0 0.189062 0.405125 0.009375 0.008250
0 0.274479 0.413375 0.008333 0.005750
0 0.270313 0.420125 0.010417 0.006250
0 0.231771 0.426125 0.007292 0.006250
0 0.239062 0.434375 0.005208 0.005750
0 0.260677 0.431250 0.010937 0.003500
0 0.205208 0.436500 0.007292 0.006000
0 0.220833 0.439000 0.011458 0.005000
0 0.233333 0.443500 0.007292 0.005000
0 0.228646 0.451750 0.006250 0.005000
0 0.218750 0.451875 0.007292 0.005250
0 0.214323 0.479250 0.004687 0.005500
0 0.219010 0.479375 0.004687 0.003750
0 0.212500 0.463625 0.005208 0.005250
0 0.201823 0.464750 0.009896 0.005000
0 0.205729 0.461125 0.006250 0.003750
0 0.222656 0.461125 0.005729 0.005250
0 0.218490 0.461625 0.004687 0.004750
0 0.235677 0.438875 0.009896 0.004250
0 0.229687 0.432875 0.010417 0.006250
0 0.251042 0.358750 0.009375 0.007500
0 0.281771 0.359000 0.008333 0.007000
0 0.290885 0.352625 0.006771 0.006750
0 0.232813 0.366625 0.005208 0.004750
0 0.227344 0.366125 0.005729 0.007250
0 0.151562 0.364250 0.015625 0.005500
0 0.185938 0.359375 0.008333 0.004750
0 0.182812 0.358000 0.010417 0.006000
0 0.195573 0.436125 0.007812 0.003750
0 0.257812 0.550375 0.009375 0.002750
0 0.263542 0.548250 0.005208 0.002500
0 0.292969 0.534875 0.010937 0.004250
0 0.293490 0.520750 0.008854 0.004000
0 0.288542 0.518250 0.010417 0.005000
0 0.341927 0.516375 0.005729 0.004250
0 0.336719 0.516500 0.004687 0.005500
0 0.367708 0.503750 0.007292 0.004500
0 0.410938 0.487625 0.011458 0.003250
0 0.580990 0.457000 0.011979 0.005500
0 0.621875 0.433375 0.017708 0.007250
0 0.373437 0.559375 0.013542 0.003750
0 0.391146 0.577125 0.011458 0.004250
0 0.399740 0.564500 0.007812 0.006000
0 0.397917 0.561875 0.010417 0.005250
0 0.432292 0.550500 0.013542 0.004000
0 0.422656 0.549250 0.009896 0.006000
0 0.405469 0.530500 0.009896 0.005500
0 0.456771 0.536500 0.014583 0.002500
0 0.455729 0.534375 0.011458 0.002250
0 0.443229 0.565125 0.011458 0.006250
0 0.498177 0.570125 0.013021 0.003750
0 0.528125 0.555625 0.012500 0.005750
0 0.535937 0.570125 0.014583 0.004250
0 0.597396 0.545375 0.014583 0.004250
0 0.584635 0.541125 0.013021 0.003750
0 0.580469 0.537750 0.014063 0.004000
0 0.551302 0.522250 0.015104 0.004000
0 0.556250 0.527125 0.008333 0.005250
0 0.574740 0.521625 0.011979 0.005750
0 0.638281 0.541125 0.015104 0.003250
0 0.647656 0.533875 0.011979 0.006250
0 0.636198 0.534875 0.010937 0.003250
0 0.635156 0.533250 0.015104 0.003000
0 0.645833 0.527125 0.011458 0.005250
0 0.635938 0.527500 0.005208 0.006000
0 0.629948 0.526375 0.009896 0.005750
0 0.664062 0.516125 0.014583 0.004750
0 0.680990 0.529500 0.015104 0.006500
0 0.686458 0.546625 0.015625 0.003750
0 0.668750 0.560625 0.009375 0.006250
0 0.634115 0.556250 0.010937 0.006000
0 0.636198 0.564875 0.009896 0.005750
0 0.621875 0.563500 0.013542 0.004500
0 0.335417 0.610250 0.011458 0.006000
0 0.403646 0.618125 0.014583 0.004750
0 0.419792 0.653375 0.012500 0.004250
0 0.422396 0.657000 0.011458 0.004500
0 0.448177 0.654500 0.010937 0.004000
0 0.419792 0.640875 0.010417 0.003750
0 0.484115 0.632625 0.010937 0.005750
0 0.504687 0.635875 0.011458 0.005750
0 0.463542 0.652250 0.011458 0.003000
0 0.461719 0.654875 0.014063 0.003750
0 0.541927 0.649875 0.011979 0.006750
0 0.544792 0.640375 0.012500 0.005250
0 0.558333 0.645250 0.011458 0.005500
0 0.571354 0.639625 0.007292 0.006750
0 0.570833 0.646125 0.014583 0.006750
0 0.604167 0.627250 0.008333 0.007000
0 0.718490 0.677375 0.014063 0.007250
0 0.273698 0.719875 0.006771 0.004250
0 0.293750 0.720500 0.007292 0.003000
0 0.189583 0.779250 0.008333 0.006500
0 0.459375 0.309000 0.013542 0.005000
0 0.218229 0.236125 0.008333 0.006250
0 0.963542 0.403250 0.011458 0.005500
0 0.598437 0.731750 0.012500 0.005000
0 0.892969 0.770500 0.010937 0.005000
0 0.678125 0.926125 0.012500 0.004250
