0 0.432812 0.860750 0.007292 0.006000
0 0.440885 0.860125 0.006771 0.005250
0 0.443750 0.859000 0.009375 0.006500
0 0.475260 0.820750 0.011979 0.007000
0 0.445573 0.826375 0.010937 0.005750
0 0.409115 0.816625 0.010937 0.004750
0 0.421875 0.790500 0.015625 0.005500
0 0.438021 0.767875 0.007292 0.005750
0 0.444792 0.767375 0.006250 0.006250
0 0.449479 0.761875 0.012500 0.003750
0 0.457552 0.761125 0.009896 0.006250
0 0.457031 0.742250 0.009896 0.005000
0 0.460156 0.741000 0.008854 0.005000
0 0.446615 0.678500 0.007812 0.006500
0 0.418750 0.685000 0.011458 0.007000
0 0.477344 0.652000 0.010937 0.003500
0 0.480208 0.650125 0.013542 0.003750
0 0.477083 0.646000 0.013542 0.005000
0 0.489063 0.713000 0.008333 0.006000
0 0.480469 0.719875 0.009896 0.005250
0 0.483073 0.721750 0.005729 0.004500
0 0.872396 0.779000 0.007292 0.004000
0 0.875000 0.778000 0.008333 0.004000
0 0.879948 0.769375 0.008854 0.004250
0 0.868750 0.775125 0.008333 0.006250
0 0.924219 0.612500 0.013021 0.004000
0 0.741406 0.580125 0.011979 0.005750
0 0.728906 0.574500 0.010937 0.004000
0 0.730208 0.572625 0.015625 0.004250
0 0.598698 0.534875 0.011979 0.004750
0 0.746094 0.525625 0.009896 0.004750
0 0.734375 0.513250 0.006250 0.005000
0 0.739062 0.513125 0.007292 0.006250
0 0.803646 0.525000 0.009375 0.004000
0 0.815885 0.523875 0.011979 0.003750
0 0.878906 0.520625 0.014063 0.004250
0 0.904427 0.516125 0.014063 0.004750
0 0.558594 0.518000 0.010937 0.006000
0 0.554948 0.517000 0.008854 0.005000
0 0.517969 0.502250 0.010937 0.006000
0 0.513802 0.501625 0.006771 0.004750
0 0.681250 0.449250 0.013542 0.006500
0 0.683333 0.450500 0.008333 0.005000
0 0.723958 0.417625 0.009375 0.006250
0 0.714844 0.418000 0.010937 0.004000
0 0.748698 0.406250 0.014063 0.003000
0 0.748177 0.403625 0.014063 0.002750
0 0.755990 0.391875 0.011979 0.003750
0 0.756250 0.389625 0.016667 0.002750
0 0.968490 0.311750 0.016146 0.004000
0 0.957552 0.330875 0.011979 0.006250
0 0.523958 0.449375 0.011458 0.006250
0 0.498698 0.446125 0.015104 0.005750
0 0.508854 0.409625 0.012500 0.004750
0 0.506771 0.407875 0.010417 0.003750
0 0.500260 0.369250 0.008854 0.006500
0 0.566927 0.314625 0.010937 0.006750
0 0.629427 0.218000 0.006771 0.006500
0 0.635156 0.217750 0.008854 0.007500
0 0.732552 0.109375 0.014063 0.006750
0 0.772917 0.058000 0.013542 0.007500
0 0.784375 0.046125 0.008333 0.006750
0 0.779948 0.045500 0.007812 0.005500
0 0.813542 0.051500 0.010417 0.007000
0 0.816406 0.056625 0.011979 0.006250
0 0.835677 0.088125 0.008854 0.008250
0 0.809635 0.077250 0.006771 0.007000
0 0.805729 0.077125 0.008333 0.007250
0 0.744010 0.163000 0.007812 0.008500
0 0.747656 0.159000 0.003646 0.007500
0 0.751563 0.158500 0.005208 0.007000
0 0.717708 0.166250 0.005208 0.007000
0 0.712500 0.166125 0.005208 0.008250
0 0.653906 0.234500 0.004687 0.007000
0 0.658854 0.234750 0.005208 0.007000
0 0.620313 0.287000 0.009375 0.005500
0 0.623437 0.285250 0.007292 0.004500
0 0.641667 0.294250 0.009375 0.007500
0 0.614323 0.330375 0.009896 0.003250
0 0.613021 0.327875 0.011458 0.003750
0 0.592969 0.354375 0.004687 0.005750
0 0.597135 0.354500 0.004687 0.008000
0 0.430208 0.452500 0.013542 0.004500
0 0.441406 0.450500 0.008854 0.007500
0 0.352344 0.409375 0.008854 0.008250
0 0.278646 0.389875 0.011458 0.006750
0 0.266406 0.352750 0.013021 0.006000
0 0.285677 0.348000 0.010937 0.006500
0 0.280469 0.343500 0.005729 0.005500
0 0.116927 0.130125 0.004687 0.006250
0 0.122917 0.130250 0.007292 0.006500
0 0.093490 0.065750 0.011979 0.006000
0 0.078385 0.007875 0.004687 0.007250
0 0.083594 0.008250 0.005729 0.007500
0 0.213802 0.184375 0.009896 0.007750
0 0.253385 0.234250 0.009896 0.005500
0 0.257812 0.233500 0.009375 0.007000
0 0.278646 0.238625 0.009375 0.006250
0 0.271875 0.248500 0.008333 0.006000
0 0.290365 0.288750 0.008854 0.005500
0 0.294271 0.289000 0.007292 0.005500
0 0.395833 0.378375 0.010417 0.005250
0 0.389844 0.382000 0.014063 0.004500
0 0.386719 0.387500 0.013021 0.004500
0 0.384375 0.385500 0.010417 0.004000
