0 0.337500 0.598437 0.006000 0.018750
0 0.385500 0.517188 0.007500 0.014583
0 0.355250 0.497656 0.006500 0.016146
0 0.349000 0.472656 0.008500 0.015104
0 0.364625 0.404687 0.002750 0.014583
0 0.368250 0.405990 0.004000 0.019271
0 0.320875 0.272917 0.006250 0.006250
0 0.315250 0.227604 0.006500 0.008333
0 0.460500 0.335156 0.007500 0.017188
0 0.471125 0.413021 0.004250 0.014583
0 0.468000 0.403646 0.007000 0.009375
0 0.499125 0.482031 0.007750 0.016146
0 0.491250 0.504948 0.008000 0.013021
0 0.493250 0.499219 0.005500 0.011979
0 0.506500 0.555469 0.006000 0.014063
0 0.499125 0.526563 0.005250 0.009375
0 0.498750 0.519010 0.007000 0.014063
0 0.609875 0.775260 0.005750 0.014063
