0 0.143229 0.708500 0.006250 0.005000
0 0.301823 0.712625 0.005729 0.004250
0 0.278385 0.703500 0.005729 0.004500
0 0.369271 0.711625 0.010417 0.004750
0 0.437240 0.677875 0.005729 0.003250
0 0.442188 0.677625 0.004167 0.004250
0 0.458073 0.675000 0.008854 0.004500
0 0.465625 0.673375 0.009375 0.003750
0 0.500781 0.680000 0.009896 0.004500
0 0.515104 0.662500 0.010417 0.003500
0 0.506510 0.662375 0.006771 0.004750
0 0.487760 0.653750 0.007812 0.004500
0 0.463021 0.642375 0.012500 0.003250
0 0.347396 0.641000 0.008333 0.004000
0 0.350000 0.662125 0.006250 0.003250
0 0.283854 0.620750 0.007292 0.004500
0 0.255469 0.622000 0.010937 0.005000
0 0.260677 0.613375 0.010937 0.004250
0 0.267188 0.601125 0.007292 0.004750
0 0.289062 0.596125 0.010417 0.003250
0 0.193750 0.615000 0.009375 0.004000
0 0.173698 0.605750 0.006771 0.004000
0 0.167969 0.575500 0.006771 0.004500
0 0.077344 0.569250 0.005729 0.004000
0 0.096615 0.607875 0.007812 0.003750
0 0.071094 0.606000 0.005729 0.004500
0 0.073438 0.596875 0.007292 0.005250
0 0.055469 0.598125 0.008854 0.004250
0 0.039844 0.592625 0.010937 0.004750
0 0.036458 0.614375 0.009375 0.005250
0 0.048177 0.620750 0.006771 0.005000
0 0.057552 0.627375 0.007812 0.004250
0 0.028125 0.567375 0.008333 0.004250
0 0.002083 0.585500 0.004167 0.004500
0 0.455990 0.569625 0.009896 0.003250
0 0.406250 0.540000 0.007292 0.004000
0 0.406250 0.497125 0.010417 0.003250
0 0.363802 0.487125 0.007812 0.005250
0 0.333073 0.475250 0.006771 0.004000
0 0.295833 0.479500 0.005208 0.003000
0 0.364323 0.463750 0.006771 0.005500
0 0.391406 0.471000 0.006771 0.004000
0 0.390885 0.474000 0.009896 0.003500
0 0.271615 0.427375 0.006771 0.004250
0 0.253125 0.420125 0.008333 0.003250
0 0.267708 0.448500 0.009375 0.005500
0 0.335677 0.415125 0.011979 0.005250
0 0.316146 0.409125 0.010417 0.004750
0 0.229167 0.398500 0.007292 0.004500
0 0.241667 0.400875 0.005208 0.003250
0 0.243229 0.397625 0.007292 0.004750
0 0.262500 0.391625 0.008333 0.004750
0 0.216406 0.374250 0.008854 0.005000
0 0.313802 0.368250 0.009896 0.004000
0 0.162760 0.347250 0.009896 0.005500
0 0.135156 0.331375 0.006771 0.004250
0 0.276823 0.323500 0.009896 0.004500
0 0.174479 0.310250 0.009375 0.005000
0 0.173177 0.289375 0.011979 0.004750
0 0.577344 0.625625 0.006771 0.004250
0 0.580729 0.624500 0.007292 0.004000
0 0.582552 0.592500 0.007812 0.004500
0 0.595052 0.520625 0.007812 0.003250
0 0.586458 0.521125 0.007292 0.003750
0 0.680990 0.447125 0.007812 0.004750
0 0.675781 0.448500 0.007812 0.005500
0 0.656250 0.426625 0.008333 0.005250
0 0.665625 0.419750 0.006250 0.004500
0 0.672656 0.409750 0.008854 0.004500
0 0.656510 0.436250 0.010937 0.006000
0 0.642708 0.424875 0.006250 0.004250
0 0.733073 0.411250 0.006771 0.006000
0 0.766146 0.402125 0.009375 0.003750
0 0.750000 0.425125 0.008333 0.004250
0 0.710938 0.390000 0.008333 0.004500
0 0.683333 0.392000 0.007292 0.004500
0 0.677083 0.388000 0.007292 0.003500
0 0.674219 0.380125 0.007812 0.004750
0 0.720833 0.379375 0.008333 0.005750
0 0.696875 0.349750 0.007292 0.004000
0 0.701302 0.342625 0.008854 0.005250
0 0.740365 0.351500 0.008854 0.004500
0 0.752604 0.349000 0.009375 0.005500
0 0.772396 0.345500 0.010417 0.004000
0 0.794271 0.350250 0.006250 0.005000
0 0.815104 0.350000 0.009375 0.005000
0 0.800260 0.336750 0.009896 0.006000
0 0.784375 0.332625 0.010417 0.004750
0 0.758333 0.317500 0.010417 0.004500
0 0.773438 0.291750 0.011458 0.004500
0 0.752344 0.285875 0.010937 0.004250
0 0.747396 0.278500 0.009375 0.005500
0 0.791927 0.263500 0.008854 0.006000
0 0.598698 0.633000 0.007812 0.004500
0 0.633594 0.638875 0.008854 0.003750
0 0.750521 0.563375 0.007292 0.003750
0 0.754948 0.561750 0.008854 0.004500
0 0.788281 0.560250 0.009896 0.004500
0 0.853125 0.527875 0.007292 0.005750
0 0.888802 0.523500 0.006771 0.006000
0 0.840365 0.510625 0.007812 0.004250
0 0.892708 0.514125 0.010417 0.004250
0 0.870833 0.510750 0.011458 0.004500
0 0.864844 0.504500 0.011979 0.004000
0 0.927604 0.491125 0.009375 0.003750
0 0.937760 0.491250 0.009896 0.004500
0 0.946354 0.474500 0.008333 0.003500
0 0.951823 0.470625 0.008854 0.003250
0 0.968490 0.453625 0.006771 0.004250
0 0.988281 0.447125 0.007812 0.004750
0 0.994792 0.439625 0.005208 0.004250
0 0.935937 0.545625 0.008333 0.003750
0 0.961198 0.633125 0.007812 0.005250
0 0.978646 0.642625 0.010417 0.004250
0 0.944271 0.653875 0.011458 0.004750
0 0.955729 0.677750 0.010417 0.004000
0 0.928385 0.692500 0.008854 0.004500
0 0.930729 0.684000 0.008333 0.003500
0 0.931250 0.680625 0.006250 0.003250
0 0.937760 0.680125 0.007812 0.003750
0 0.899479 0.636375 0.010417 0.004250
0 0.811198 0.684125 0.006771 0.005250
0 0.818490 0.647625 0.009896 0.003750
0 0.820573 0.644625 0.008854 0.003250
0 0.775260 0.647250 0.007812 0.005500
0 0.730990 0.669500 0.010937 0.005000
0 0.713021 0.679625 0.006250 0.003250
0 0.739583 0.671750 0.006250 0.004500
0 0.687240 0.649750 0.006771 0.004500
0 0.682031 0.650500 0.005729 0.004000
0 0.643229 0.659750 0.010417 0.003500
