0 0.131250 0.457000 0.004167 0.003500
0 0.128646 0.457000 0.003125 0.005000
0 0.125521 0.456500 0.003125 0.004000
0 0.141406 0.474375 0.007812 0.004250
0 0.149479 0.475500 0.008333 0.003500
0 0.166667 0.460000 0.007292 0.005000
0 0.207031 0.490125 0.009896 0.003250
0 0.197917 0.501250 0.006250 0.005000
0 0.265625 0.511000 0.007292 0.004500
0 0.378906 0.562375 0.010937 0.003750
0 0.417448 0.587250 0.007812 0.004000
0 0.475781 0.551750 0.006771 0.005000
0 0.478906 0.549125 0.006771 0.005250
0 0.476562 0.538125 0.009375 0.003250
0 0.468229 0.543250 0.008333 0.004000
0 0.470052 0.541875 0.006771 0.003250
0 0.441146 0.483375 0.008333 0.004250
0 0.418490 0.465000 0.007812 0.005000
0 0.321354 0.377000 0.008333 0.005000
0 0.560417 0.594625 0.005208 0.003750
0 0.557552 0.594375 0.005729 0.004750
0 0.558854 0.582000 0.009375 0.003000
0 0.558073 0.580375 0.007812 0.002750
0 0.470573 0.464000 0.008854 0.004000
0 0.534375 0.361375 0.008333 0.005750
0 0.565104 0.345000 0.009375 0.005000
0 0.507292 0.265125 0.009375 0.004750
0 0.573698 0.297250 0.006771 0.006000
0 0.754167 0.489625 0.010417 0.005750
0 0.780469 0.456875 0.010937 0.002750
0 0.776302 0.444250 0.010937 0.003500
0 0.776563 0.426750 0.008333 0.003500
0 0.822135 0.445500 0.008854 0.003500
0 0.821094 0.442500 0.008854 0.003000
0 0.944792 0.541875 0.007292 0.003750
0 0.904427 0.675750 0.009896 0.003500
0 0.993490 0.682000 0.008854 0.004500
