0 0.387760 0.693375 0.006771 0.005250
0 0.300000 0.658125 0.006250 0.005750
0 0.114844 0.496000 0.007812 0.004500
0 0.174740 0.472875 0.013021 0.003750
0 0.305990 0.520750 0.009896 0.003500
0 0.252083 0.550125 0.009375 0.004750
0 0.274219 0.551125 0.007812 0.004750
0 0.348958 0.570125 0.008333 0.005250
0 0.346615 0.568500 0.006771 0.003500
0 0.318490 0.567375 0.007812 0.003250
0 0.320312 0.566500 0.010417 0.003500
0 0.296354 0.537625 0.009375 0.002750
0 0.297396 0.539750 0.010417 0.004500
0 0.467969 0.661500 0.008854 0.005500
0 0.558333 0.391250 0.010417 0.004500
0 0.467969 0.297250 0.007812 0.006500
0 0.647396 0.304500 0.011458 0.004500
0 0.646615 0.692000 0.008854 0.004500
0 0.983854 0.453375 0.006250 0.004750
