0 0.741667 0.651625 0.018750 0.010750
0 0.713542 0.635125 0.016667 0.008250
0 0.684115 0.588125 0.018229 0.010250
0 0.666406 0.596875 0.024479 0.012750
0 0.660417 0.603750 0.019792 0.012500
0 0.648438 0.565125 0.016667 0.009250
0 0.633333 0.566000 0.012500 0.013000
0 0.613802 0.563375 0.017188 0.010250
0 0.563021 0.541000 0.023958 0.009000
0 0.561198 0.539750 0.026562 0.011000
0 0.517188 0.539750 0.018750 0.007000
0 0.527344 0.509625 0.019271 0.009250
0 0.575521 0.492125 0.015625 0.011250
0 0.590885 0.491250 0.018229 0.010000
0 0.597135 0.499125 0.016146 0.007750
0 0.636198 0.491750 0.015104 0.007500
0 0.492188 0.473125 0.018750 0.011750
0 0.446615 0.476875 0.018229 0.010750
0 0.454687 0.477375 0.017708 0.009750
0 0.430729 0.479125 0.019792 0.010750
0 0.281510 0.506125 0.016146 0.006750
0 0.299219 0.503375 0.018229 0.007750
0 0.303906 0.489875 0.017188 0.005750
0 0.285677 0.476750 0.014063 0.008500
0 0.284635 0.485625 0.027604 0.006750
0 0.307292 0.475875 0.017708 0.010750
0 0.339062 0.470875 0.022917 0.009250
0 0.445312 0.445250 0.020833 0.009500
0 0.392969 0.442750 0.023438 0.009500
0 0.408333 0.445625 0.018750 0.009750
0 0.407552 0.428000 0.016146 0.010000
0 0.416146 0.394625 0.021875 0.010750
0 0.372656 0.374500 0.014063 0.006000
0 0.479687 0.377250 0.015625 0.007500
0 0.513021 0.368875 0.010417 0.011750
0 0.445312 0.402625 0.015625 0.013750
0 0.473438 0.410875 0.022917 0.009750
0 0.482031 0.399750 0.016146 0.009000
0 0.505208 0.401125 0.016667 0.011750
0 0.541927 0.404125 0.018229 0.006250
0 0.548438 0.408375 0.017708 0.011750
0 0.545573 0.414875 0.010937 0.008750
0 0.571354 0.414875 0.010417 0.007250
0 0.578906 0.418250 0.016146 0.009500
0 0.644531 0.399250 0.015104 0.010000
0 0.700521 0.424250 0.022917 0.007500
0 0.767188 0.409500 0.017708 0.012500
0 0.743750 0.451625 0.013542 0.010750
0 0.722917 0.454375 0.018750 0.009250
0 0.703125 0.449375 0.028125 0.007750
0 0.781771 0.448500 0.023958 0.008500
0 0.774219 0.462500 0.013021 0.008500
0 0.912500 0.442125 0.019792 0.009250
0 0.864323 0.419750 0.024479 0.011500
0 0.831510 0.429000 0.020313 0.008500
0 0.826562 0.434500 0.020833 0.009000
0 0.818229 0.440875 0.017708 0.010750
0 0.832812 0.448250 0.018750 0.007500
0 0.840885 0.452250 0.023438 0.009500
0 0.850260 0.458500 0.017188 0.011000
0 0.830469 0.468125 0.022396 0.011250
0 0.858854 0.472000 0.018750 0.009000
0 0.406250 0.329625 0.022917 0.008250
0 0.363542 0.358500 0.015625 0.007500
0 0.423958 0.347375 0.015625 0.007250
0 0.442448 0.343500 0.017188 0.010000
0 0.450521 0.347625 0.016667 0.008750
0 0.479948 0.331500 0.011979 0.010000
0 0.522396 0.336000 0.018750 0.010500
0 0.521354 0.336625 0.018750 0.011250
0 0.537760 0.316500 0.017188 0.011000
0 0.528646 0.295000 0.017708 0.011000
0 0.553646 0.287375 0.018750 0.008250
0 0.567969 0.295500 0.016146 0.008000
0 0.586458 0.287250 0.019792 0.011000
0 0.610677 0.275750 0.016146 0.011000
0 0.661198 0.263625 0.022396 0.009250
0 0.691406 0.285375 0.025521 0.012250
0 0.691667 0.286250 0.022917 0.008500
0 0.672917 0.312875 0.026042 0.011750
0 0.624740 0.304750 0.018229 0.008500
0 0.808333 0.289875 0.023958 0.011250
0 0.829167 0.275750 0.018750 0.010000
0 0.857812 0.263875 0.020833 0.011250
0 0.847917 0.255000 0.030208 0.011000
0 0.782813 0.253875 0.022917 0.008250
0 0.869531 0.229125 0.022396 0.010750
0 0.869010 0.228000 0.023438 0.010500
0 0.502865 0.166500 0.017188 0.008500
0 0.461458 0.173125 0.020833 0.009750
0 0.463802 0.184500 0.017188 0.009500
0 0.480208 0.187500 0.014583 0.008500
0 0.455208 0.201125 0.014583 0.009250
0 0.444792 0.206375 0.019792 0.007750
0 0.453646 0.212500 0.014583 0.006500
0 0.453385 0.220625 0.022396 0.008250
0 0.415625 0.196750 0.017708 0.010500
0 0.357292 0.230250 0.027083 0.007000
0 0.392969 0.235125 0.019271 0.008250
0 0.402865 0.244750 0.018229 0.010500
0 0.413542 0.252625 0.016667 0.010250
0 0.389062 0.307250 0.022917 0.011500
0 0.385156 0.290875 0.017188 0.010750
0 0.399219 0.275375 0.032813 0.017750
0 0.396615 0.277875 0.026562 0.012250
