0 0.421125 0.374219 0.014250 0.033854
0 0.425500 0.415104 0.010000 0.017708
0 0.426625 0.433854 0.010750 0.025000
0 0.494375 0.459896 0.013750 0.023958
0 0.519750 0.410677 0.013000 0.023438
0 0.574375 0.347396 0.016250 0.028125
0 0.457250 0.523958 0.009500 0.023958
0 0.389375 0.520833 0.009250 0.023958
0 0.395875 0.586458 0.010750 0.020833
0 0.344375 0.648958 0.013750 0.020833
0 0.320125 0.662240 0.012250 0.023438
0 0.329750 0.676302 0.010000 0.019271
0 0.419000 0.745573 0.010000 0.018229
0 0.423250 0.770052 0.008500 0.019271
0 0.432500 0.748437 0.010000 0.027083
0 0.425375 0.596615 0.005750 0.032813
0 0.354000 0.828125 0.010000 0.021875
0 0.343250 0.855729 0.011500 0.027083
0 0.190500 0.874219 0.008500 0.019271
