0 0.067708 0.176000 0.006250 0.004500
0 0.097135 0.288875 0.009896 0.003750
0 0.058333 0.281750 0.007292 0.005500
0 0.054427 0.277875 0.013021 0.003250
0 0.056250 0.293625 0.011458 0.005250
0 0.011458 0.293250 0.008333 0.006000
0 0.028385 0.302625 0.013021 0.004250
0 0.003385 0.310875 0.006771 0.005250
0 0.062240 0.309375 0.009896 0.004250
0 0.063802 0.307500 0.009896 0.002500
0 0.092188 0.306125 0.011458 0.005750
0 0.127604 0.424250 0.010417 0.002500
0 0.119010 0.414750 0.011979 0.003500
0 0.119792 0.423125 0.007292 0.002250
0 0.117188 0.422250 0.010417 0.003000
0 0.150000 0.409000 0.008333 0.004000
0 0.151042 0.406625 0.013542 0.002750
0 0.178646 0.419000 0.006250 0.004000
0 0.188281 0.412750 0.007812 0.003500
0 0.199219 0.413000 0.008854 0.002500
0 0.200260 0.411375 0.009896 0.002250
0 0.208333 0.398375 0.009375 0.004250
0 0.213281 0.387250 0.014063 0.006500
0 0.249479 0.396750 0.011458 0.003000
0 0.239062 0.393125 0.011458 0.003750
0 0.243490 0.390250 0.010937 0.003500
0 0.276042 0.371250 0.012500 0.007500
0 0.269531 0.394375 0.010937 0.003750
0 0.270833 0.390375 0.009375 0.004250
0 0.260677 0.391500 0.005729 0.005500
0 0.229948 0.408125 0.010937 0.003250
0 0.229687 0.412125 0.012500 0.004250
0 0.250260 0.415125 0.011979 0.003750
0 0.250521 0.406875 0.007292 0.004250
0 0.265625 0.411250 0.008333 0.004000
0 0.272656 0.417375 0.010937 0.002750
0 0.267188 0.403375 0.011458 0.003250
0 0.283073 0.402000 0.011979 0.003000
0 0.295833 0.402125 0.010417 0.003250
0 0.301042 0.412125 0.014583 0.003750
0 0.314844 0.417750 0.011979 0.003500
0 0.323698 0.411000 0.011979 0.003500
0 0.315365 0.405500 0.008854 0.005000
0 0.299219 0.405625 0.013021 0.003250
0 0.336719 0.412875 0.010937 0.004250
0 0.344271 0.409875 0.010417 0.004750
0 0.355469 0.418000 0.011979 0.003000
0 0.365365 0.413875 0.011979 0.003750
0 0.374219 0.407250 0.010937 0.004500
0 0.383073 0.404750 0.007812 0.004000
0 0.353906 0.401750 0.011979 0.001500
0 0.353385 0.400125 0.010937 0.002250
0 0.430469 0.408875 0.008854 0.004250
0 0.427083 0.416125 0.010417 0.002750
0 0.428646 0.414000 0.008333 0.004000
0 0.410938 0.411625 0.012500 0.004750
0 0.468490 0.400875 0.010937 0.003750
0 0.473958 0.390125 0.013542 0.003750
0 0.440365 0.402625 0.009896 0.002750
0 0.441406 0.400875 0.010937 0.002250
0 0.444010 0.416000 0.010937 0.002000
0 0.443229 0.414250 0.010417 0.001500
0 0.536719 0.372750 0.013021 0.004500
0 0.457292 0.370250 0.010417 0.004500
0 0.449219 0.369250 0.006771 0.004000
0 0.447656 0.372375 0.008854 0.004250
0 0.362500 0.384000 0.010417 0.004500
0 0.377344 0.352250 0.014063 0.003500
0 0.351562 0.351750 0.008333 0.005500
0 0.350521 0.347500 0.011458 0.004000
0 0.314323 0.382750 0.013021 0.003500
0 0.315365 0.389000 0.010937 0.003500
0 0.291927 0.393500 0.014063 0.003000
0 0.299479 0.388500 0.010417 0.004000
0 0.290365 0.388750 0.008854 0.003000
0 0.103385 0.455875 0.011979 0.004250
0 0.149479 0.474750 0.009375 0.004500
0 0.140625 0.471625 0.011458 0.003250
0 0.150260 0.470625 0.008854 0.003250
0 0.154688 0.469000 0.008333 0.003500
0 0.160677 0.468500 0.010937 0.003000
0 0.172656 0.474500 0.011979 0.004500
0 0.188802 0.494875 0.009896 0.004250
0 0.195052 0.481125 0.009896 0.004250
0 0.198958 0.479125 0.011458 0.003750
0 0.206510 0.474000 0.011979 0.004500
0 0.215625 0.479750 0.014583 0.005500
0 0.249479 0.482625 0.014583 0.003750
0 0.259375 0.490250 0.008333 0.004000
0 0.257292 0.488375 0.009375 0.003750
0 0.188021 0.463125 0.012500 0.002250
0 0.188802 0.460875 0.011979 0.003250
0 0.198698 0.454000 0.010937 0.004000
0 0.181510 0.456625 0.010937 0.001750
0 0.180208 0.455000 0.009375 0.002000
0 0.218750 0.451500 0.010417 0.002000
0 0.219271 0.449500 0.011458 0.002500
0 0.242448 0.447500 0.009896 0.003500
0 0.253125 0.450000 0.010417 0.002000
0 0.252344 0.448000 0.011979 0.002500
0 0.250000 0.443750 0.012500 0.003500
0 0.278125 0.463000 0.010417 0.003000
0 0.293750 0.466500 0.011458 0.003500
0 0.295312 0.461625 0.010417 0.002750
0 0.292187 0.459000 0.010417 0.002500
0 0.310677 0.460250 0.010937 0.002500
0 0.311719 0.457750 0.011979 0.002500
0 0.271875 0.461250 0.008333 0.004500
0 0.254167 0.465125 0.009375 0.001750
0 0.254427 0.463250 0.010937 0.002500
0 0.314583 0.485125 0.009375 0.004250
0 0.357812 0.501000 0.012500 0.003500
0 0.361719 0.494125 0.008854 0.004750
0 0.334635 0.516000 0.013021 0.004500
0 0.249219 0.506875 0.010937 0.003750
0 0.220052 0.499375 0.009896 0.005250
0 0.327604 0.465625 0.011458 0.003750
0 0.338542 0.469375 0.008333 0.002750
0 0.339062 0.467625 0.009375 0.002250
0 0.340885 0.465625 0.010937 0.003750
0 0.344531 0.463500 0.006771 0.004500
0 0.355990 0.469125 0.006771 0.005250
0 0.371094 0.471125 0.010937 0.003750
0 0.370052 0.463375 0.009896 0.003250
0 0.377865 0.462250 0.006771 0.005000
0 0.397656 0.462250 0.005729 0.005500
0 0.390885 0.483125 0.009896 0.004250
0 0.424479 0.489250 0.010417 0.002500
0 0.423177 0.486500 0.011979 0.003500
0 0.410677 0.482750 0.007812 0.004000
0 0.413802 0.481750 0.008854 0.004500
0 0.448958 0.482500 0.011458 0.003000
0 0.440625 0.480375 0.011458 0.004750
0 0.463542 0.480125 0.011458 0.002250
0 0.463021 0.478500 0.009375 0.002000
0 0.468229 0.475625 0.011458 0.002250
0 0.469531 0.472500 0.007812 0.005000
0 0.485156 0.459250 0.010937 0.005000
0 0.496354 0.476750 0.012500 0.003000
0 0.514583 0.480750 0.008333 0.004000
0 0.506771 0.482125 0.006250 0.004750
0 0.500260 0.479625 0.010937 0.002750
0 0.496354 0.482500 0.009375 0.003000
0 0.490104 0.485625 0.007292 0.003250
0 0.483594 0.483000 0.010937 0.002500
0 0.522396 0.491750 0.010417 0.002000
0 0.521875 0.493750 0.010417 0.002000
0 0.550260 0.497000 0.009896 0.005000
0 0.551562 0.489375 0.010417 0.005250
0 0.540885 0.480500 0.008854 0.002500
0 0.540365 0.478375 0.009896 0.003250
0 0.534635 0.469750 0.010937 0.002500
0 0.577083 0.469250 0.010417 0.003000
0 0.601823 0.493125 0.011979 0.005250
0 0.611719 0.498000 0.017188 0.004000
0 0.653125 0.505000 0.012500 0.003500
0 0.641927 0.512000 0.010937 0.003500
0 0.611719 0.511250 0.008854 0.006000
0 0.584635 0.511875 0.010937 0.003250
0 0.580208 0.513250 0.010417 0.003000
0 0.582812 0.523125 0.008333 0.004750
0 0.585417 0.521625 0.008333 0.003750
0 0.572656 0.519000 0.011979 0.003000
0 0.565625 0.522500 0.010417 0.005000
0 0.545052 0.519750 0.011979 0.004500
0 0.539844 0.512375 0.006771 0.004750
0 0.548177 0.508250 0.006771 0.004000
0 0.546615 0.505125 0.011979 0.002750
0 0.530469 0.507875 0.011979 0.003750
0 0.503906 0.510500 0.010937 0.003500
0 0.508854 0.529750 0.012500 0.004500
0 0.527604 0.523750 0.008333 0.006000
0 0.479948 0.512625 0.005729 0.004250
0 0.479167 0.515750 0.011458 0.003500
0 0.455990 0.501125 0.009896 0.003750
0 0.422135 0.528375 0.010937 0.003750
0 0.426563 0.511750 0.009375 0.003500
0 0.409375 0.505875 0.008333 0.004250
0 0.416927 0.511750 0.010937 0.004000
0 0.409896 0.512500 0.011458 0.003000
0 0.392188 0.514500 0.010417 0.004500
0 0.393750 0.500375 0.007292 0.005250
0 0.370573 0.513375 0.004687 0.004750
0 0.373437 0.513125 0.007292 0.004750
0 0.550000 0.660000 0.007292 0.005000
0 0.541406 0.644750 0.005729 0.004500
0 0.585417 0.636500 0.011458 0.004500
0 0.582552 0.628375 0.011979 0.004250
0 0.540625 0.650375 0.008333 0.004250
0 0.540365 0.635875 0.009896 0.004250
0 0.537500 0.639375 0.005208 0.005250
0 0.530990 0.638500 0.007812 0.004500
0 0.513802 0.638000 0.009896 0.004000
0 0.510938 0.651625 0.010417 0.004750
0 0.497917 0.653250 0.010417 0.004000
0 0.485677 0.653250 0.008854 0.004500
0 0.495833 0.643375 0.009375 0.003250
0 0.494531 0.639625 0.005729 0.004250
0 0.454948 0.651250 0.013021 0.004000
0 0.456771 0.636125 0.008333 0.004750
0 0.438802 0.656750 0.006771 0.005000
0 0.439583 0.652500 0.010417 0.003500
0 0.469531 0.624500 0.010937 0.003500
0 0.478125 0.639125 0.011458 0.004750
0 0.484635 0.630875 0.005729 0.005250
0 0.489323 0.630250 0.005729 0.005000
0 0.492708 0.629375 0.006250 0.003750
0 0.453906 0.620000 0.009896 0.004000
0 0.457552 0.623500 0.009896 0.003500
0 0.458594 0.626625 0.008854 0.003250
0 0.462240 0.629750 0.008854 0.002000
0 0.461719 0.631375 0.010937 0.002250
0 0.453125 0.631500 0.010417 0.004500
0 0.442708 0.625750 0.010417 0.004000
0 0.443750 0.620875 0.010417 0.003750
0 0.444271 0.607875 0.010417 0.004750
0 0.400260 0.646875 0.011979 0.004750
0 0.411719 0.640250 0.011979 0.006000
0 0.409375 0.626250 0.011458 0.006000
0 0.376563 0.633250 0.010417 0.004000
0 0.376042 0.637250 0.010417 0.003000
0 0.380469 0.643375 0.009896 0.003750
0 0.381771 0.641875 0.008333 0.003250
0 0.376563 0.617500 0.009375 0.004000
0 0.379948 0.613625 0.008854 0.003250
0 0.406250 0.616125 0.010417 0.002250
0 0.410156 0.613750 0.009896 0.005000
0 0.392969 0.604875 0.010937 0.003250
0 0.383854 0.607750 0.010417 0.004500
0 0.404687 0.598125 0.009375 0.005750
0 0.339583 0.604875 0.011458 0.005250
0 0.347656 0.595250 0.010937 0.003500
0 0.350260 0.591750 0.011979 0.005000
0 0.357031 0.584875 0.007812 0.006250
0 0.370833 0.584500 0.007292 0.004000
0 0.331771 0.587625 0.010417 0.002250
0 0.330469 0.585125 0.009896 0.003250
0 0.317188 0.599750 0.010417 0.004000
0 0.313281 0.595375 0.007812 0.004750
0 0.315104 0.594750 0.008333 0.003500
0 0.312760 0.590375 0.009896 0.002250
0 0.313021 0.588250 0.009375 0.002000
0 0.274740 0.596250 0.006771 0.005500
0 0.281510 0.584375 0.009896 0.004250
0 0.290625 0.580750 0.010417 0.003500
0 0.268229 0.582375 0.009375 0.004750
0 0.251042 0.587000 0.011458 0.002500
0 0.282031 0.575375 0.009896 0.003750
0 0.291667 0.572500 0.008333 0.004000
0 0.303906 0.570500 0.008854 0.003500
0 0.305990 0.576375 0.009896 0.003750
0 0.311458 0.575250 0.010417 0.003500
0 0.267188 0.576375 0.007292 0.004750
0 0.269010 0.571625 0.004687 0.005250
0 0.261979 0.571125 0.009375 0.003750
0 0.248698 0.576125 0.009896 0.002750
0 0.241146 0.578875 0.008333 0.002250
0 0.239583 0.576125 0.007292 0.004250
0 0.238542 0.569000 0.009375 0.004000
0 0.221615 0.560875 0.009896 0.002250
0 0.224479 0.558500 0.009375 0.003500
0 0.238021 0.562250 0.008333 0.002000
0 0.237240 0.560500 0.010937 0.002000
0 0.235417 0.558375 0.010417 0.002250
0 0.224740 0.552375 0.007812 0.004750
0 0.180469 0.551250 0.006771 0.005000
0 0.182292 0.548750 0.007292 0.004500
0 0.185938 0.548125 0.006250 0.003750
0 0.192188 0.540500 0.005208 0.004500
0 0.196354 0.540125 0.006250 0.004250
0 0.151823 0.546500 0.004687 0.005000
0 0.159375 0.545125 0.011458 0.003750
0 0.167708 0.534500 0.008333 0.004000
0 0.113281 0.543250 0.009896 0.003500
0 0.140104 0.539750 0.008333 0.004500
0 0.142969 0.538875 0.006771 0.003250
0 0.118750 0.531875 0.009375 0.003750
0 0.124479 0.532500 0.005208 0.005000
0 0.129688 0.532750 0.003125 0.005000
0 0.133333 0.533250 0.004167 0.005000
0 0.133073 0.528625 0.007812 0.003750
0 0.182812 0.522500 0.011458 0.005000
0 0.168750 0.518000 0.008333 0.002500
0 0.152865 0.512625 0.010937 0.003250
0 0.142969 0.511000 0.008854 0.005000
0 0.139323 0.503375 0.009896 0.004250
0 0.176823 0.496625 0.009896 0.003250
0 0.080729 0.504125 0.013542 0.004250
0 0.046094 0.497375 0.009896 0.004250
0 0.259635 0.537250 0.009896 0.002500
0 0.262500 0.544125 0.011458 0.004250
0 0.327344 0.563000 0.007812 0.004000
0 0.359896 0.569500 0.011458 0.004000
0 0.364583 0.565375 0.010417 0.003750
0 0.367969 0.557875 0.011979 0.003750
0 0.388542 0.562000 0.011458 0.004500
0 0.392708 0.569500 0.010417 0.005000
0 0.389323 0.581750 0.009896 0.004000
0 0.399479 0.581000 0.010417 0.004000
0 0.419010 0.575000 0.011979 0.003500
0 0.428125 0.552125 0.008333 0.005750
0 0.441406 0.574125 0.008854 0.003750
0 0.484115 0.574750 0.010937 0.004000
0 0.450260 0.579750 0.006771 0.004000
0 0.442969 0.579000 0.007812 0.004500
0 0.442448 0.582375 0.008854 0.002750
0 0.440885 0.583875 0.010937 0.003750
0 0.437240 0.593375 0.009896 0.003250
0 0.441406 0.597125 0.007812 0.004250
0 0.439583 0.599125 0.009375 0.004250
0 0.423698 0.592875 0.007812 0.002250
0 0.429167 0.594750 0.008333 0.002500
0 0.466406 0.591750 0.010937 0.003500
0 0.486458 0.592750 0.009375 0.004000
0 0.496094 0.590750 0.007812 0.004000
0 0.485417 0.589750 0.011458 0.002500
0 0.490885 0.601375 0.006771 0.004750
0 0.476042 0.609875 0.010417 0.004250
0 0.479687 0.602250 0.008333 0.002500
0 0.482292 0.600625 0.009375 0.002250
0 0.513802 0.605000 0.010937 0.003000
0 0.522135 0.602125 0.009896 0.002750
0 0.557813 0.603625 0.009375 0.003750
0 0.510938 0.614625 0.010417 0.002750
0 0.521094 0.615000 0.007812 0.004000
0 0.519271 0.612125 0.010417 0.003250
0 0.536198 0.614500 0.010937 0.004500
0 0.548177 0.613625 0.010937 0.004750
0 0.556510 0.613000 0.009896 0.004000
0 0.558594 0.610875 0.009896 0.005250
0 0.508854 0.598125 0.010417 0.004250
0 0.497396 0.600500 0.009375 0.005500
0 0.527604 0.576875 0.009375 0.002750
0 0.467187 0.565875 0.010417 0.002250
0 0.466927 0.562750 0.009896 0.005000
0 0.268229 0.724375 0.006250 0.004750
0 0.270573 0.723375 0.006771 0.004250
0 0.274219 0.712000 0.010937 0.002500
0 0.291146 0.710750 0.010417 0.003000
0 0.289844 0.707875 0.010937 0.003750
0 0.351562 0.716625 0.005208 0.004250
0 0.354687 0.716000 0.006250 0.005000
0 0.324740 0.693875 0.008854 0.006250
0 0.235677 0.695000 0.009896 0.003500
0 0.238802 0.693250 0.007812 0.003500
0 0.184115 0.693000 0.008854 0.004500
0 0.203906 0.685875 0.009896 0.003250
0 0.220833 0.682625 0.011458 0.003750
0 0.243750 0.678250 0.009375 0.004000
0 0.221094 0.675250 0.007812 0.005000
0 0.202604 0.682375 0.008333 0.003250
0 0.208333 0.679875 0.007292 0.004750
0 0.194792 0.680375 0.006250 0.004250
0 0.197917 0.678250 0.010417 0.004000
0 0.131771 0.674250 0.009375 0.005500
0 0.150000 0.663875 0.011458 0.003250
0 0.193750 0.666000 0.007292 0.003500
0 0.199219 0.665125 0.007812 0.003750
0 0.191146 0.662875 0.009375 0.004750
0 0.190885 0.657375 0.007812 0.005250
0 0.208854 0.648375 0.006250 0.004250
0 0.168750 0.651000 0.009375 0.004000
0 0.167708 0.648125 0.009375 0.001750
0 0.134896 0.639500 0.007292 0.005000
0 0.104427 0.633875 0.009896 0.002750
0 0.166406 0.629000 0.009896 0.004000
0 0.165365 0.634250 0.007812 0.003500
0 0.167448 0.633375 0.008854 0.004250
0 0.158073 0.628625 0.004687 0.004250
0 0.166406 0.622875 0.009896 0.004250
0 0.077865 0.617500 0.008854 0.005000
0 0.097656 0.617625 0.007812 0.005250
0 0.139323 0.604875 0.009896 0.005250
0 0.097656 0.604125 0.010937 0.002250
0 0.097396 0.601875 0.010417 0.003250
0 0.062500 0.604625 0.008333 0.006250
0 0.047656 0.595375 0.006771 0.005250
0 0.053646 0.594375 0.009375 0.002250
0 0.059115 0.588250 0.010937 0.003500
0 0.083333 0.585250 0.008333 0.005500
0 0.087240 0.581750 0.006771 0.005000
0 0.101562 0.589875 0.009375 0.004250
0 0.106250 0.587500 0.008333 0.005000
0 0.114844 0.586875 0.009896 0.004250
0 0.120833 0.590125 0.010417 0.001750
0 0.070052 0.574375 0.008854 0.005750
0 0.050260 0.567500 0.008854 0.004000
0 0.027344 0.570375 0.010937 0.004250
0 0.027083 0.562750 0.006250 0.004000
0 0.029687 0.562375 0.008333 0.004750
0 0.061719 0.556875 0.007812 0.003750
0 0.054948 0.555000 0.008854 0.003500
0 0.056510 0.553375 0.008854 0.002750
0 0.011198 0.553250 0.003646 0.004000
0 0.014844 0.552875 0.006771 0.004750
0 0.029167 0.533125 0.007292 0.004750
0 0.015104 0.520250 0.008333 0.003500
0 0.009896 0.517750 0.013542 0.002500
0 0.029427 0.519000 0.006771 0.004000
0 0.004948 0.499625 0.008854 0.003750
0 0.180208 0.619375 0.006250 0.004250
0 0.159375 0.605750 0.007292 0.003500
0 0.225781 0.621500 0.006771 0.004500
0 0.228385 0.619000 0.003646 0.003500
0 0.219531 0.612750 0.015104 0.006000
0 0.273438 0.656875 0.006250 0.004750
0 0.261979 0.648000 0.007292 0.004500
0 0.275260 0.651625 0.004687 0.005250
0 0.033073 0.355875 0.011979 0.005750
0 0.568229 0.033250 0.018750 0.010500
0 0.012500 0.629000 0.005208 0.005000
0 0.020573 0.628375 0.008854 0.002750
0 0.023958 0.625375 0.006250 0.002750
0 0.020313 0.636375 0.009375 0.003250
0 0.015625 0.640500 0.007292 0.004500
0 0.003385 0.641375 0.006771 0.004750
0 0.033073 0.655375 0.008854 0.002250
0 0.033854 0.659125 0.006250 0.004250
0 0.023177 0.662500 0.006771 0.004000
0 0.052865 0.667000 0.005729 0.005000
0 0.052344 0.664125 0.008854 0.002750
0 0.034635 0.663125 0.007812 0.002750
0 0.027604 0.665750 0.006250 0.004000
