0 0.344125 0.381250 0.004250 0.014583
0 0.349625 0.373437 0.004250 0.011458
0 0.357750 0.367188 0.004000 0.012500
0 0.369250 0.362760 0.003500 0.011979
0 0.371875 0.349479 0.003750 0.011458
0 0.372250 0.367708 0.003000 0.012500
0 0.360000 0.388021 0.003500 0.008333
0 0.364875 0.399219 0.003750 0.008854
0 0.369875 0.397917 0.003250 0.010417
0 0.370375 0.379427 0.002750 0.008854
0 0.363000 0.370573 0.003000 0.008854
0 0.362375 0.378646 0.002750 0.008333
0 0.398125 0.348698 0.003750 0.011979
0 0.399375 0.337240 0.005250 0.008854
0 0.395125 0.329948 0.004250 0.014063
0 0.386750 0.325260 0.004000 0.009896
0 0.384625 0.315104 0.003750 0.009375
0 0.388625 0.317188 0.003250 0.007292
0 0.391625 0.307812 0.003250 0.010417
0 0.395250 0.307552 0.003000 0.010937
0 0.400500 0.309896 0.006000 0.008333
0 0.388500 0.308073 0.003000 0.011979
0 0.399000 0.297917 0.004000 0.011458
0 0.392625 0.257292 0.003750 0.012500
0 0.382750 0.285677 0.006000 0.010937
0 0.385500 0.276302 0.004500 0.008854
0 0.375250 0.289844 0.004000 0.007812
0 0.399250 0.270052 0.005000 0.010937
0 0.395000 0.272396 0.004000 0.010417
0 0.397875 0.247917 0.004250 0.009375
0 0.400375 0.236198 0.004750 0.010937
0 0.395000 0.240625 0.001500 0.011458
0 0.405375 0.217448 0.004750 0.016146
0 0.408250 0.171615 0.004000 0.013021
0 0.061000 0.101562 0.005000 0.009375
0 0.066000 0.085156 0.004000 0.015104
0 0.069500 0.077865 0.004000 0.009896
0 0.432375 0.437240 0.007250 0.010937
0 0.418625 0.457292 0.007750 0.014583
0 0.414250 0.500781 0.004500 0.015104
0 0.417500 0.535156 0.004500 0.013021
0 0.415875 0.555990 0.005250 0.014063
0 0.413250 0.548438 0.005000 0.014583
0 0.420125 0.577865 0.003250 0.016146
0 0.426250 0.586458 0.003000 0.016667
0 0.430000 0.581250 0.003500 0.016667
0 0.396625 0.591146 0.003750 0.016667
0 0.393375 0.601302 0.004750 0.015104
0 0.392750 0.612760 0.004500 0.015104
0 0.387625 0.618229 0.006750 0.010417
0 0.382625 0.605990 0.004250 0.016146
0 0.385750 0.657813 0.004000 0.015625
0 0.392500 0.655208 0.002500 0.012500
0 0.394625 0.654687 0.003250 0.013542
0 0.371250 0.693490 0.006500 0.007812
0 0.371750 0.689583 0.005500 0.006250
0 0.386750 0.734635 0.004500 0.016146
0 0.385500 0.767188 0.005500 0.017708
0 0.344875 0.858854 0.004250 0.017708
0 0.330875 0.915885 0.004250 0.013021
0 0.332375 0.926562 0.003750 0.016667
0 0.503625 0.359115 0.004750 0.009896
0 0.502000 0.357031 0.006000 0.010937
0 0.486750 0.467187 0.006000 0.014583
0 0.474250 0.560677 0.007000 0.018229
0 0.497875 0.584375 0.006750 0.012500
0 0.446750 0.689583 0.004000 0.014583
0 0.460125 0.694531 0.005250 0.009896
0 0.457250 0.689583 0.004500 0.014583
0 0.445375 0.702083 0.003250 0.014583
0 0.443875 0.706250 0.002250 0.011458
0 0.432500 0.775000 0.005000 0.014583
0 0.451625 0.786458 0.005750 0.009375
0 0.448250 0.804688 0.003000 0.014583
0 0.445250 0.806250 0.003500 0.016667
0 0.435750 0.838281 0.005000 0.016146
0 0.452000 0.878646 0.008000 0.009375
0 0.422500 0.827865 0.003500 0.016146
0 0.419875 0.827865 0.002250 0.015104
0 0.408625 0.920312 0.006250 0.011458
0 0.394750 0.938542 0.006000 0.015625
0 0.386250 0.942969 0.005500 0.008854
0 0.417250 0.976302 0.007500 0.013021
0 0.562250 0.455990 0.005500 0.005729
0 0.565750 0.464062 0.004500 0.012500
0 0.574750 0.507552 0.004500 0.011979
0 0.574875 0.501302 0.005750 0.008854
0 0.595000 0.570833 0.006000 0.015625
0 0.624375 0.713542 0.005250 0.012500
0 0.643000 0.748958 0.007500 0.016667
0 0.651125 0.776823 0.007250 0.016146
0 0.661625 0.822656 0.007250 0.007812
0 0.659000 0.828125 0.006000 0.010417
0 0.667500 0.845313 0.007000 0.012500
0 0.654375 0.858854 0.005250 0.010417
0 0.654750 0.854687 0.005000 0.009375
0 0.660125 0.883594 0.004250 0.008854
0 0.656250 0.878906 0.003500 0.013021
0 0.675875 0.888542 0.006750 0.018750
0 0.674750 0.921094 0.007500 0.009896
0 0.782875 0.979427 0.008250 0.015104
0 0.703000 0.862500 0.007000 0.008333
0 0.696625 0.865104 0.005750 0.018750
0 0.604750 0.314063 0.007500 0.009375
0 0.617000 0.319271 0.007500 0.009375
0 0.615375 0.307031 0.007250 0.007812
0 0.627250 0.313542 0.006500 0.010417
0 0.646875 0.375781 0.007750 0.010937
0 0.682625 0.381510 0.003750 0.016146
0 0.706125 0.365104 0.007250 0.010417
0 0.674625 0.348958 0.007250 0.008333
0 0.679875 0.332031 0.009250 0.010937
0 0.667875 0.304948 0.007250 0.010937
0 0.667375 0.345833 0.003750 0.014583
0 0.651625 0.326042 0.005250 0.008333
0 0.651125 0.321354 0.006750 0.009375
0 0.605125 0.248438 0.007250 0.011458
0 0.616500 0.284896 0.008000 0.009375
0 0.614000 0.270313 0.005000 0.015625
0 0.626375 0.262240 0.004750 0.011979
0 0.628625 0.258854 0.006250 0.012500
0 0.600375 0.218229 0.005250 0.019792
0 0.630000 0.190625 0.008000 0.010417
0 0.634625 0.178646 0.006750 0.012500
0 0.704625 0.277865 0.005250 0.014063
0 0.741625 0.309375 0.004250 0.016667
0 0.747000 0.304688 0.006000 0.009375
0 0.715125 0.304167 0.002750 0.013542
0 0.717875 0.302865 0.004250 0.015104
0 0.751875 0.384375 0.005250 0.011458
0 0.713375 0.408073 0.009250 0.008854
0 0.727750 0.428385 0.008000 0.013021
0 0.745375 0.419792 0.007250 0.008333
0 0.693625 0.398698 0.006750 0.014063
0 0.679875 0.297135 0.008750 0.013021
0 0.739000 0.370833 0.008000 0.010417
0 0.735875 0.364063 0.008250 0.009375
0 0.814125 0.434635 0.006250 0.011979
