0 0.216146 0.457875 0.013542 0.008250
0 0.178906 0.402375 0.009896 0.009250
0 0.255729 0.421875 0.011458 0.006250
0 0.259115 0.415125 0.013021 0.007750
0 0.261719 0.390125 0.010937 0.008250
0 0.320052 0.376750 0.014063 0.009000
0 0.263802 0.380875 0.009896 0.007750
0 0.260937 0.372500 0.010417 0.004500
0 0.262760 0.359875 0.014063 0.008250
0 0.262240 0.376000 0.016146 0.003500
0 0.204948 0.334625 0.008854 0.007250
0 0.261198 0.309250 0.017188 0.010000
0 0.317448 0.342000 0.013021 0.009000
0 0.376563 0.311125 0.012500 0.009250
0 0.381771 0.256875 0.006250 0.007750
0 0.389062 0.257375 0.008333 0.009750
0 0.461719 0.205250 0.013021 0.010500
0 0.335417 0.358625 0.011458 0.006750
0 0.287240 0.490125 0.013021 0.006250
0 0.387240 0.468500 0.011979 0.007500
0 0.351562 0.458125 0.011458 0.005250
0 0.348177 0.445125 0.011979 0.009750
0 0.405990 0.447250 0.014063 0.008000
0 0.434635 0.439875 0.018229 0.006250
0 0.458073 0.445125 0.015104 0.004250
0 0.466146 0.423000 0.018750 0.005500
0 0.477344 0.427375 0.011979 0.005750
0 0.489583 0.427125 0.010417 0.008750
0 0.491927 0.416250 0.013021 0.009000
0 0.513802 0.413625 0.010937 0.010250
0 0.529427 0.398125 0.016146 0.005750
0 0.642969 0.384500 0.014063 0.010000
0 0.694010 0.378500 0.009896 0.007500
0 0.703385 0.384000 0.020313 0.005000
0 0.721094 0.387750 0.013021 0.006000
0 0.726562 0.390750 0.012500 0.005000
0 0.725781 0.365125 0.023438 0.005250
0 0.766406 0.313000 0.014063 0.010500
0 0.789583 0.327000 0.016667 0.006500
0 0.816927 0.346750 0.016146 0.006000
0 0.741667 0.329000 0.009375 0.008500
0 0.753385 0.330125 0.008854 0.007250
0 0.759375 0.329375 0.011458 0.008250
0 0.791927 0.321875 0.009896 0.006250
0 0.900260 0.373000 0.013021 0.007000
0 0.740885 0.374250 0.024479 0.009000
0 0.347135 0.532875 0.017188 0.005250
0 0.467448 0.549125 0.015104 0.007250
0 0.536719 0.539375 0.017188 0.006250
0 0.635156 0.531875 0.015104 0.006250
0 0.658854 0.529750 0.012500 0.005000
0 0.650260 0.526750 0.016146 0.006000
0 0.696094 0.545375 0.015104 0.006750
0 0.668490 0.540375 0.010937 0.007750
0 0.664323 0.545125 0.016146 0.003750
0 0.731510 0.538750 0.017188 0.007500
0 0.684115 0.554375 0.016146 0.003250
0 0.686198 0.558500 0.009896 0.005500
0 0.750000 0.577375 0.013542 0.007750
0 0.770312 0.572750 0.010417 0.007500
0 0.860938 0.570875 0.016667 0.005750
0 0.826562 0.564000 0.009375 0.006500
0 0.820833 0.563375 0.007292 0.005750
0 0.821354 0.613750 0.010417 0.005500
0 0.802344 0.615000 0.008854 0.006000
0 0.713542 0.609000 0.011458 0.007000
0 0.894792 0.583000 0.015625 0.007500
0 0.901302 0.559875 0.015104 0.006750
0 0.923438 0.559125 0.007292 0.008750
0 0.929688 0.558625 0.008333 0.007750
0 0.938281 0.558500 0.011979 0.007500
0 0.971615 0.564625 0.014063 0.007250
0 0.925781 0.541875 0.016146 0.006750
0 0.895052 0.540375 0.016146 0.005250
0 0.917969 0.532875 0.010937 0.006750
0 0.926302 0.529250 0.015104 0.005500
0 0.856771 0.518250 0.010417 0.008500
0 0.878385 0.524500 0.010937 0.005000
0 0.884375 0.523750 0.012500 0.007000
0 0.988281 0.533375 0.016146 0.006750
0 0.209896 0.559625 0.019792 0.006250
0 0.295312 0.599750 0.014583 0.008000
0 0.331771 0.617000 0.012500 0.009000
0 0.366406 0.610000 0.009896 0.004500
0 0.453906 0.658875 0.010937 0.007750
0 0.472917 0.660750 0.009375 0.008000
0 0.451302 0.674250 0.015104 0.007500
0 0.461719 0.676625 0.008854 0.008250
0 0.466667 0.675250 0.008333 0.006000
0 0.550781 0.662750 0.015104 0.005500
0 0.511979 0.673125 0.016667 0.006750
0 0.609635 0.698625 0.009896 0.006750
0 0.622135 0.692625 0.015104 0.005750
0 0.600000 0.688375 0.016667 0.006750
0 0.594271 0.715500 0.014583 0.007500
0 0.602865 0.760250 0.017188 0.003000
0 0.602865 0.763375 0.019271 0.003750
0 0.661458 0.848000 0.012500 0.008500
0 0.709375 0.836125 0.016667 0.008250
0 0.754948 0.800750 0.019271 0.006500
0 0.877865 0.786250 0.011979 0.006000
0 0.974219 0.869250 0.019271 0.008500
0 0.638021 0.741500 0.007292 0.007500
0 0.629427 0.739125 0.014063 0.006250
0 0.694271 0.735000 0.010417 0.008500
0 0.706250 0.734625 0.007292 0.008250
0 0.716927 0.732875 0.016146 0.006750
0 0.440365 0.659750 0.010937 0.006500
0 0.443750 0.658375 0.009375 0.005750
0 0.237240 0.692375 0.013021 0.007750
0 0.090104 0.916500 0.010417 0.009000
