0 0.145313 0.523375 0.007292 0.008250
0 0.228125 0.436625 0.014583 0.005750
0 0.296354 0.436250 0.015625 0.004500
0 0.288542 0.412250 0.013542 0.005500
0 0.291146 0.383375 0.006250 0.006250
0 0.282292 0.382625 0.006250 0.006250
0 0.276562 0.387500 0.013542 0.003500
0 0.273958 0.358250 0.007292 0.006500
0 0.269010 0.358500 0.004687 0.005500
0 0.287500 0.345375 0.013542 0.004250
0 0.283854 0.341750 0.009375 0.006000
0 0.271354 0.341500 0.007292 0.007000
0 0.176042 0.286750 0.010417 0.005500
0 0.193490 0.290250 0.008854 0.004500
0 0.350521 0.525750 0.008333 0.005000
0 0.428385 0.505000 0.010937 0.003500
0 0.433333 0.499500 0.011458 0.004000
0 0.412240 0.507500 0.013021 0.006000
0 0.482292 0.489750 0.013542 0.004000
0 0.487500 0.481125 0.008333 0.005750
0 0.494010 0.479500 0.009896 0.003000
0 0.490365 0.476125 0.011979 0.003750
0 0.522917 0.475500 0.005208 0.005500
0 0.527604 0.476250 0.005208 0.004000
0 0.512760 0.467500 0.013021 0.004000
0 0.509115 0.463750 0.006771 0.005000
0 0.452865 0.451750 0.014063 0.003500
0 0.450781 0.441750 0.009896 0.005500
0 0.456771 0.446250 0.008333 0.004500
0 0.454687 0.444625 0.010417 0.005250
0 0.486198 0.428375 0.015104 0.003750
0 0.539844 0.435875 0.015104 0.004750
0 0.550521 0.430000 0.011458 0.006000
0 0.556510 0.414375 0.013021 0.003750
0 0.557552 0.412125 0.010937 0.002750
0 0.588802 0.403250 0.014063 0.004500
0 0.618229 0.390750 0.014583 0.004500
0 0.626302 0.385500 0.016146 0.004000
0 0.633854 0.380250 0.007292 0.006500
0 0.644792 0.380375 0.012500 0.004750
0 0.660417 0.383750 0.014583 0.004000
0 0.646875 0.395500 0.012500 0.005500
0 0.583333 0.383875 0.007292 0.004250
0 0.585938 0.383000 0.011458 0.006000
0 0.745833 0.371625 0.007292 0.006250
0 0.645052 0.413500 0.009896 0.004500
0 0.642188 0.411125 0.009375 0.005750
0 0.618750 0.429000 0.011458 0.005000
0 0.625260 0.434500 0.010937 0.003500
0 0.599479 0.435750 0.012500 0.004500
0 0.576042 0.445750 0.012500 0.003000
0 0.584896 0.446250 0.009375 0.007000
0 0.557552 0.455625 0.011979 0.005250
0 0.288802 0.595375 0.009896 0.003250
0 0.444531 0.601750 0.009896 0.003000
0 0.440885 0.600125 0.010937 0.003250
0 0.548958 0.587750 0.009375 0.006000
0 0.565885 0.587625 0.013021 0.004750
0 0.589323 0.584875 0.013021 0.004250
0 0.578906 0.601500 0.015104 0.003500
0 0.573438 0.606125 0.011458 0.005750
0 0.594271 0.611250 0.015625 0.004000
0 0.646094 0.600375 0.014063 0.004250
0 0.671875 0.598250 0.007292 0.006000
0 0.671354 0.605125 0.011458 0.005250
0 0.673698 0.579750 0.010937 0.005000
0 0.684896 0.579125 0.009375 0.005750
0 0.691927 0.570625 0.011979 0.006750
0 0.756771 0.596250 0.008333 0.006000
0 0.726562 0.609125 0.019792 0.008750
0 0.777865 0.564750 0.015104 0.006000
0 0.963281 0.607750 0.007812 0.004500
0 0.973958 0.603875 0.008333 0.004750
0 0.384115 0.628875 0.010937 0.005250
0 0.427083 0.658000 0.013542 0.005500
0 0.442188 0.641750 0.006250 0.005000
0 0.439844 0.639875 0.007812 0.004250
0 0.435937 0.638000 0.009375 0.003500
0 0.510677 0.637750 0.008854 0.006000
0 0.514323 0.647000 0.008854 0.005000
0 0.513281 0.644000 0.013021 0.002500
0 0.497656 0.635000 0.008854 0.003500
0 0.493229 0.634125 0.007292 0.003750
0 0.545573 0.646125 0.014063 0.003750
0 0.564323 0.650250 0.013021 0.004500
0 0.574219 0.657125 0.011979 0.003750
0 0.594792 0.657125 0.011458 0.003250
0 0.589063 0.653000 0.013542 0.003500
0 0.643229 0.660625 0.017708 0.007750
0 0.616146 0.694375 0.011458 0.006750
0 0.628385 0.699125 0.013021 0.005250
0 0.656510 0.692125 0.010937 0.007250
0 0.647917 0.717375 0.012500 0.005250
0 0.669271 0.719625 0.014583 0.004750
0 0.573958 0.695625 0.014583 0.004750
0 0.538021 0.700375 0.010417 0.006750
0 0.520833 0.681375 0.014583 0.005250
0 0.498958 0.682000 0.012500 0.006000
0 0.454427 0.701500 0.011979 0.004000
0 0.619531 0.722375 0.011979 0.002750
0 0.621094 0.725000 0.015104 0.003000
0 0.696094 0.725875 0.010937 0.006250
0 0.688281 0.716125 0.014063 0.004250
0 0.703646 0.715500 0.011458 0.006500
0 0.744271 0.700000 0.011458 0.005500
0 0.817969 0.680250 0.011979 0.005000
0 0.324219 0.676500 0.005729 0.005000
0 0.385417 0.683125 0.009375 0.004750
0 0.385417 0.703625 0.014583 0.005250
0 0.686458 0.780375 0.014583 0.007250
0 0.793750 0.886875 0.009375 0.005250
0 0.772396 0.945750 0.014583 0.006000
0 0.926562 0.871375 0.010417 0.006750
0 0.984375 0.840875 0.010417 0.005750
0 0.889323 0.315875 0.007812 0.005250
