0 0.131250 0.681125 0.011458 0.004250
0 0.202604 0.660875 0.010417 0.004750
0 0.198958 0.658250 0.007292 0.004500
0 0.498958 0.675500 0.013542 0.005500
0 0.398958 0.618375 0.012500 0.006250
0 0.373177 0.578375 0.015104 0.005250
0 0.308073 0.574750 0.009896 0.004000
0 0.305990 0.572750 0.007812 0.004000
0 0.325000 0.567000 0.011458 0.006000
0 0.323437 0.561750 0.012500 0.005000
0 0.183333 0.528750 0.011458 0.006500
0 0.157292 0.445375 0.013542 0.005750
0 0.136458 0.432500 0.017708 0.004500
0 0.180469 0.360250 0.009896 0.008500
0 0.127083 0.283125 0.013542 0.006750
0 0.036198 0.294375 0.013021 0.004750
0 0.514844 0.662750 0.011979 0.006000
0 0.555729 0.610125 0.011458 0.007750
0 0.565625 0.552875 0.010417 0.003750
0 0.565365 0.557750 0.006771 0.005000
0 0.569792 0.557500 0.008333 0.006000
0 0.554167 0.545000 0.012500 0.006000
0 0.515625 0.547500 0.008333 0.005500
0 0.596875 0.418125 0.010417 0.007250
0 0.625521 0.359875 0.010417 0.006750
0 0.631250 0.319125 0.014583 0.005250
0 0.436979 0.089000 0.009375 0.008500
0 0.432812 0.109500 0.008333 0.007000
0 0.471875 0.216875 0.013542 0.005750
0 0.718229 0.653625 0.007292 0.005250
0 0.723437 0.651750 0.011458 0.004000
0 0.828906 0.617500 0.010937 0.007000
0 0.851562 0.576750 0.013542 0.005000
0 0.952083 0.698125 0.013542 0.004250
0 0.968490 0.693500 0.015104 0.006000
0 0.974479 0.713375 0.009375 0.005750
0 0.859115 0.684625 0.016146 0.005750
0 0.800521 0.716375 0.010417 0.004250
0 0.790885 0.719375 0.010937 0.005250
0 0.778906 0.719625 0.007812 0.006250
0 0.752865 0.718250 0.011979 0.003500
0 0.749219 0.716500 0.010937 0.004000
0 0.660156 0.711250 0.010937 0.006000
0 0.623698 0.711125 0.013021 0.004750
