0 0.012760 0.454625 0.007812 0.004250
0 0.014844 0.436625 0.006771 0.002750
0 0.012240 0.419375 0.006771 0.002250
0 0.103646 0.495625 0.005208 0.004250
0 0.095052 0.447125 0.004687 0.004250
0 0.091406 0.447875 0.003646 0.004750
0 0.113542 0.398625 0.009375 0.004750
0 0.100000 0.340625 0.008333 0.003750
0 0.089063 0.294625 0.008333 0.003750
0 0.321094 0.227250 0.007812 0.006000
0 0.382292 0.229375 0.006250 0.005250
0 0.278906 0.244000 0.010937 0.003500
0 0.326823 0.246125 0.009896 0.001750
0 0.326562 0.247875 0.011458 0.001750
0 0.327344 0.249375 0.006771 0.001750
0 0.352604 0.259625 0.005208 0.004750
0 0.356250 0.259750 0.004167 0.004500
0 0.333333 0.296875 0.005208 0.004750
0 0.329167 0.293875 0.006250 0.004750
0 0.326042 0.284125 0.006250 0.004750
0 0.291146 0.307750 0.009375 0.005500
0 0.301302 0.311750 0.007812 0.004500
0 0.280469 0.324250 0.007812 0.004500
0 0.275781 0.328250 0.004687 0.005000
0 0.271094 0.327000 0.004687 0.005000
0 0.296875 0.327625 0.008333 0.003750
0 0.291146 0.326250 0.007292 0.006000
0 0.295833 0.324125 0.006250 0.004250
0 0.260937 0.317500 0.009375 0.002500
0 0.259896 0.320250 0.010417 0.003000
0 0.246615 0.334250 0.009896 0.004000
0 0.246615 0.330500 0.009896 0.003000
0 0.239062 0.333875 0.005208 0.003250
0 0.237500 0.332750 0.008333 0.004000
0 0.233333 0.331375 0.005208 0.003750
0 0.187500 0.316250 0.011458 0.003500
0 0.186979 0.347625 0.008333 0.006250
0 0.232552 0.345750 0.011979 0.004000
0 0.246094 0.356250 0.006771 0.004000
0 0.236458 0.371000 0.007292 0.004500
0 0.221094 0.365250 0.010937 0.005500
0 0.227604 0.376750 0.004167 0.004000
0 0.228906 0.380375 0.004687 0.002750
0 0.225000 0.380375 0.005208 0.003750
0 0.211979 0.399875 0.008333 0.006250
0 0.200260 0.420750 0.006771 0.006000
0 0.165365 0.417875 0.007812 0.003750
0 0.167448 0.415250 0.010937 0.003000
0 0.167448 0.425625 0.009896 0.002750
0 0.167187 0.423875 0.007292 0.002250
0 0.159375 0.447750 0.005208 0.005000
0 0.157552 0.445750 0.005729 0.003500
0 0.151823 0.456625 0.008854 0.004750
0 0.147396 0.465500 0.005208 0.004500
0 0.144792 0.464625 0.006250 0.004250
0 0.154948 0.484875 0.005729 0.004750
0 0.156510 0.488375 0.007812 0.003250
0 0.141406 0.519000 0.006771 0.005500
0 0.965625 0.304750 0.008333 0.006000
0 0.757552 0.289875 0.006771 0.005250
0 0.766146 0.279500 0.012500 0.004000
0 0.756771 0.327375 0.008333 0.004750
0 0.762760 0.371500 0.008854 0.005500
0 0.646875 0.320875 0.010417 0.003250
0 0.632812 0.314250 0.009375 0.006500
0 0.677865 0.332375 0.011979 0.004750
0 0.674219 0.337875 0.010937 0.002750
0 0.675781 0.340375 0.011979 0.001750
0 0.675000 0.342250 0.009375 0.002000
0 0.664583 0.348375 0.007292 0.004250
0 0.661719 0.347875 0.007812 0.005250
0 0.701823 0.366375 0.013021 0.004750
0 0.698438 0.371000 0.013542 0.003500
0 0.650521 0.375875 0.007292 0.004750
0 0.674219 0.397250 0.006771 0.005000
0 0.589844 0.382375 0.009896 0.003250
0 0.600000 0.388750 0.011458 0.007000
0 0.583594 0.402375 0.009896 0.004750
0 0.569531 0.404750 0.010937 0.003500
0 0.556771 0.406875 0.009375 0.004250
0 0.547135 0.410500 0.006771 0.005000
0 0.588021 0.413500 0.007292 0.002500
0 0.500260 0.396250 0.007812 0.005500
0 0.494010 0.391375 0.009896 0.003250
0 0.465625 0.422875 0.008333 0.001750
0 0.464844 0.421125 0.010937 0.001750
0 0.466667 0.417625 0.005208 0.003750
0 0.464844 0.416875 0.007812 0.004250
0 0.403646 0.427125 0.010417 0.001750
0 0.403125 0.425250 0.011458 0.002000
0 0.482031 0.446000 0.007812 0.003500
0 0.486458 0.436125 0.006250 0.003250
0 0.322656 0.465000 0.009896 0.003000
0 0.338802 0.466250 0.005729 0.005000
0 0.353646 0.472250 0.008333 0.003500
0 0.522135 0.462250 0.018229 0.008000
0 0.565885 0.482500 0.013021 0.005500
0 0.167969 0.546500 0.008854 0.005000
0 0.173437 0.546000 0.004167 0.004500
0 0.222917 0.537750 0.007292 0.004000
0 0.225521 0.537000 0.006250 0.003500
0 0.230990 0.537125 0.004687 0.004250
0 0.309896 0.550500 0.011458 0.003000
0 0.358333 0.553500 0.007292 0.002000
0 0.356510 0.552250 0.008854 0.003500
0 0.363542 0.543750 0.008333 0.004000
0 0.370573 0.543000 0.010937 0.002500
0 0.368750 0.539250 0.008333 0.004500
0 0.351823 0.542875 0.008854 0.004250
0 0.342708 0.540875 0.010417 0.002250
0 0.343490 0.539125 0.007812 0.001750
0 0.395313 0.538000 0.006250 0.005000
0 0.392969 0.529750 0.007812 0.004500
0 0.391927 0.532000 0.006771 0.003500
0 0.386719 0.534375 0.005729 0.004250
0 0.383073 0.531625 0.009896 0.003250
0 0.414844 0.538875 0.009896 0.002750
0 0.426042 0.541250 0.011458 0.002500
0 0.426302 0.544125 0.009896 0.002750
0 0.427604 0.546500 0.008333 0.003000
0 0.430208 0.535250 0.008333 0.004500
0 0.433854 0.529250 0.009375 0.003000
0 0.444010 0.529625 0.010937 0.002750
0 0.441667 0.533250 0.008333 0.004500
0 0.439323 0.539000 0.008854 0.002500
0 0.439583 0.541000 0.012500 0.002000
0 0.460156 0.545125 0.008854 0.004250
0 0.460938 0.542750 0.008333 0.002500
0 0.475521 0.545000 0.009375 0.004500
0 0.484115 0.533375 0.011979 0.002750
0 0.514323 0.523750 0.007812 0.003500
0 0.505990 0.521750 0.010937 0.003000
0 0.544010 0.537500 0.010937 0.003500
0 0.516927 0.546500 0.009896 0.005000
0 0.526823 0.550750 0.009896 0.003500
0 0.535937 0.551500 0.007292 0.003000
0 0.537500 0.550375 0.009375 0.003750
0 0.573958 0.552625 0.008333 0.004250
0 0.569531 0.549375 0.009896 0.003250
0 0.566406 0.543000 0.011979 0.002500
0 0.603125 0.539125 0.010417 0.003750
0 0.629167 0.544125 0.013542 0.003250
0 0.599219 0.556625 0.011979 0.002750
0 0.619271 0.549125 0.010417 0.002250
0 0.619792 0.547375 0.009375 0.001750
0 0.654687 0.549625 0.009375 0.002750
0 0.612500 0.559375 0.005208 0.004250
0 0.619792 0.558750 0.011458 0.003500
0 0.640885 0.532625 0.013021 0.003750
0 0.641667 0.525750 0.010417 0.003500
0 0.616146 0.524125 0.007292 0.004750
0 0.601042 0.523750 0.012500 0.003000
0 0.674479 0.512125 0.009375 0.002750
0 0.666927 0.510000 0.009896 0.002500
0 0.718750 0.526125 0.007292 0.005250
0 0.795573 0.533000 0.011979 0.003000
0 0.841146 0.545375 0.013542 0.003750
0 0.938021 0.534125 0.014583 0.003250
0 0.946354 0.558625 0.011458 0.003250
0 0.799479 0.581000 0.009375 0.006000
0 0.765625 0.568000 0.010417 0.003000
0 0.784635 0.559750 0.011979 0.002000
0 0.785156 0.561750 0.010937 0.002000
0 0.777344 0.555750 0.010937 0.004000
0 0.765885 0.553625 0.011979 0.002250
0 0.765104 0.551625 0.010417 0.001750
0 0.725260 0.551000 0.007812 0.004500
0 0.713542 0.553625 0.008333 0.003750
0 0.713021 0.549500 0.013542 0.003000
0 0.726302 0.560500 0.009896 0.005000
0 0.641406 0.568500 0.011979 0.003500
0 0.597135 0.564875 0.009896 0.002250
0 0.597917 0.566500 0.009375 0.002000
0 0.174740 0.559125 0.008854 0.003250
0 0.181250 0.566250 0.005208 0.004500
0 0.191667 0.569125 0.009375 0.002750
0 0.230729 0.588500 0.005208 0.002500
0 0.250260 0.589000 0.010937 0.003500
0 0.238802 0.592500 0.008854 0.004000
0 0.250260 0.592875 0.010937 0.003250
0 0.236719 0.585250 0.008854 0.004000
0 0.265625 0.596875 0.004167 0.004250
0 0.275781 0.601375 0.007812 0.004250
0 0.294792 0.601000 0.015625 0.004000
0 0.296094 0.606875 0.011979 0.005250
0 0.297135 0.631625 0.015104 0.004750
0 0.319531 0.624500 0.009896 0.004500
0 0.356250 0.630375 0.012500 0.003250
0 0.378385 0.632125 0.009896 0.003750
0 0.335417 0.633500 0.015625 0.005500
0 0.385156 0.621000 0.006771 0.004000
0 0.392448 0.624875 0.009896 0.003750
0 0.421354 0.633625 0.010417 0.003750
0 0.382292 0.657500 0.011458 0.003500
0 0.411719 0.666875 0.006771 0.004750
0 0.416667 0.672000 0.008333 0.002500
0 0.423177 0.671000 0.009896 0.003500
0 0.464323 0.659000 0.011979 0.004500
0 0.475521 0.645250 0.012500 0.007000
0 0.508073 0.649125 0.008854 0.005250
0 0.500781 0.656125 0.010937 0.004750
0 0.553646 0.664125 0.013542 0.004750
0 0.548177 0.658750 0.007812 0.004000
0 0.580469 0.676625 0.011979 0.004750
0 0.677083 0.690625 0.010417 0.003250
0 0.692969 0.693875 0.013021 0.004250
0 0.708073 0.737750 0.008854 0.007000
0 0.784635 0.764875 0.007812 0.004750
0 0.764323 0.764125 0.013021 0.003250
0 0.633594 0.785250 0.007812 0.005000
0 0.665365 0.765250 0.009896 0.004500
0 0.551823 0.768250 0.009896 0.003500
0 0.541406 0.768250 0.010937 0.004000
0 0.543750 0.765250 0.010417 0.003000
0 0.528385 0.743500 0.011979 0.004500
0 0.379688 0.629000 0.008333 0.002500
0 0.179427 0.648750 0.006771 0.003500
0 0.183073 0.648000 0.005729 0.004000
0 0.235417 0.884250 0.007292 0.004000
0 0.270833 0.867375 0.006250 0.003750
0 0.278125 0.863750 0.007292 0.005500
0 0.294531 0.863750 0.008854 0.005500
0 0.286719 0.865875 0.006771 0.004250
0 0.308073 0.853500 0.005729 0.002500
0 0.315885 0.860375 0.006771 0.003250
0 0.375260 0.973125 0.008854 0.006250
0 0.508854 0.998125 0.011458 0.003250
