0 0.207625 0.727083 0.007750 0.008333
0 0.234500 0.726562 0.007500 0.008333
0 0.290625 0.691667 0.004750 0.014583
0 0.318250 0.697656 0.004500 0.007812
0 0.322500 0.696875 0.004500 0.010417
0 0.316750 0.712500 0.006500 0.006250
0 0.317000 0.707292 0.005500 0.005208
0 0.336875 0.786719 0.005750 0.013021
0 0.357250 0.766146 0.007000 0.009375
0 0.349000 0.718750 0.007500 0.011458
0 0.350250 0.700000 0.008000 0.011458
0 0.379125 0.764844 0.006250 0.007812
0 0.379625 0.760677 0.005250 0.007812
0 0.431125 0.688802 0.005750 0.017188
0 0.428125 0.588281 0.004250 0.016146
0 0.379500 0.591406 0.009500 0.021354
0 0.414125 0.533333 0.005750 0.013542
0 0.407500 0.525000 0.006500 0.016667
0 0.401875 0.529687 0.007750 0.020833
0 0.404125 0.497396 0.005250 0.014583
0 0.334750 0.512760 0.008000 0.021354
0 0.341625 0.472917 0.004250 0.015625
0 0.377000 0.470573 0.008500 0.016146
0 0.393625 0.455469 0.004750 0.009896
0 0.392375 0.444531 0.005250 0.013021
0 0.319000 0.469531 0.005000 0.014063
0 0.368875 0.391146 0.005750 0.016667
0 0.347250 0.370833 0.005500 0.013542
0 0.381750 0.360938 0.006000 0.013542
0 0.376000 0.324740 0.005000 0.013021
0 0.352375 0.325781 0.004750 0.014063
0 0.348875 0.298177 0.005250 0.009896
0 0.352125 0.309896 0.005750 0.012500
0 0.348625 0.311198 0.003250 0.014063
0 0.307375 0.307031 0.004250 0.013021
0 0.304500 0.309115 0.005500 0.015104
0 0.347250 0.567708 0.007500 0.010417
0 0.489375 0.624219 0.004250 0.010937
0 0.466125 0.588802 0.006750 0.008854
0 0.475500 0.545052 0.005000 0.014063
0 0.471000 0.530469 0.005000 0.014063
0 0.472875 0.480729 0.003750 0.012500
0 0.472000 0.492969 0.003000 0.014063
0 0.469250 0.491146 0.004500 0.011458
0 0.458625 0.467969 0.004750 0.015104
0 0.469125 0.430729 0.004250 0.014583
0 0.482625 0.439583 0.005750 0.012500
0 0.491250 0.399219 0.005000 0.011979
0 0.481875 0.418229 0.004750 0.010417
0 0.482625 0.415625 0.003750 0.008333
0 0.440875 0.364583 0.007250 0.011458
0 0.450375 0.353646 0.006750 0.011458
0 0.440625 0.320052 0.006750 0.011979
0 0.462250 0.304948 0.003500 0.014063
0 0.460375 0.294271 0.004750 0.011458
0 0.471750 0.277344 0.006000 0.011979
0 0.426125 0.290625 0.003750 0.015625
0 0.463250 0.368490 0.002000 0.013021
0 0.465875 0.369531 0.003250 0.016146
0 0.501125 0.370833 0.002250 0.013542
0 0.498625 0.364583 0.002750 0.014583
0 0.429000 0.250521 0.004500 0.013542
0 0.433625 0.248438 0.003250 0.014583
0 0.435125 0.240365 0.005250 0.007812
0 0.435125 0.228125 0.003250 0.015625
0 0.460875 0.243490 0.003750 0.017188
0 0.456625 0.196354 0.004250 0.012500
0 0.448250 0.196354 0.004500 0.012500
0 0.445750 0.179167 0.005500 0.015625
0 0.438750 0.179688 0.004000 0.015625
0 0.432375 0.112760 0.003250 0.014063
0 0.434125 0.112240 0.002750 0.011979
0 0.506250 0.614062 0.004500 0.018750
0 0.524250 0.612500 0.006500 0.014583
0 0.503000 0.585417 0.005000 0.009375
0 0.520125 0.562760 0.006750 0.008854
0 0.525750 0.536458 0.005500 0.015625
0 0.515375 0.501042 0.006750 0.009375
0 0.515625 0.484115 0.004250 0.014063
0 0.519125 0.468750 0.003750 0.014583
0 0.523125 0.479427 0.003750 0.009896
0 0.523875 0.472396 0.004250 0.012500
0 0.527000 0.461979 0.003000 0.012500
0 0.526000 0.450781 0.003000 0.014063
0 0.530625 0.424219 0.005750 0.013021
0 0.569375 0.361719 0.003750 0.010937
0 0.536625 0.356771 0.002750 0.013542
0 0.534625 0.353125 0.002250 0.011458
0 0.532500 0.348698 0.002500 0.015104
0 0.523000 0.332813 0.003000 0.013542
0 0.526500 0.333073 0.004000 0.010937
0 0.529125 0.337500 0.001750 0.013542
0 0.531875 0.339323 0.004250 0.008854
0 0.533875 0.334896 0.004750 0.009375
0 0.526500 0.312240 0.003500 0.011979
0 0.530125 0.312500 0.003250 0.012500
0 0.560500 0.230729 0.007000 0.012500
0 0.597500 0.315104 0.003000 0.014583
0 0.560500 0.399740 0.004500 0.015104
0 0.556625 0.682813 0.004250 0.007292
0 0.571000 0.675260 0.004000 0.014063
0 0.563500 0.695052 0.006000 0.009896
0 0.572000 0.701302 0.004000 0.008854
0 0.558000 0.707552 0.003500 0.007812
0 0.565250 0.711198 0.003500 0.008854
0 0.568625 0.714844 0.003750 0.009896
0 0.566250 0.755208 0.008000 0.011458
0 0.597000 0.651302 0.004500 0.013021
0 0.640875 0.571615 0.004750 0.009896
0 0.658000 0.763281 0.004500 0.006771
0 0.245375 0.039323 0.006750 0.014063
0 0.803875 0.499219 0.005250 0.020313
