0 0.900260 0.114000 0.017188 0.007500
0 0.014583 0.146125 0.009375 0.006750
0 0.174740 0.095500 0.018229 0.006500
0 0.115104 0.191000 0.015625 0.009000
0 0.280469 0.296250 0.016146 0.006500
0 0.353906 0.318375 0.009896 0.005750
0 0.347656 0.304375 0.009896 0.003250
0 0.340885 0.303250 0.009896 0.006000
0 0.370312 0.275500 0.010417 0.003500
0 0.373177 0.271375 0.008854 0.004750
0 0.336979 0.278000 0.010417 0.005000
0 0.334896 0.275000 0.011458 0.004000
0 0.358333 0.389375 0.012500 0.004250
0 0.405469 0.381250 0.011979 0.004000
0 0.410156 0.375500 0.016146 0.004500
0 0.401823 0.366000 0.011979 0.007500
0 0.463542 0.376750 0.014583 0.004500
0 0.478125 0.374250 0.011458 0.003000
0 0.476823 0.372000 0.011979 0.003500
0 0.483333 0.366125 0.010417 0.006750
0 0.499219 0.369375 0.011979 0.004250
0 0.496094 0.365500 0.011979 0.004500
0 0.494792 0.353000 0.015625 0.003500
0 0.473958 0.348000 0.014583 0.003000
0 0.471094 0.345750 0.011979 0.002000
0 0.466927 0.342750 0.014063 0.003000
0 0.461719 0.336125 0.011979 0.003250
0 0.461719 0.362500 0.010937 0.005500
0 0.521094 0.367625 0.011979 0.003250
0 0.531510 0.359750 0.013021 0.003500
0 0.533854 0.361875 0.010417 0.003250
0 0.541406 0.359875 0.006771 0.005250
0 0.542448 0.363750 0.011979 0.002500
0 0.550000 0.365625 0.012500 0.002250
0 0.578646 0.361625 0.013542 0.003250
0 0.592448 0.348500 0.010937 0.004000
0 0.575000 0.353625 0.016667 0.004750
0 0.515365 0.354750 0.013021 0.006000
0 0.541927 0.354500 0.007812 0.005500
0 0.535417 0.354000 0.010417 0.004000
0 0.599740 0.304375 0.017188 0.007250
0 0.585938 0.316625 0.014583 0.003250
0 0.586979 0.320750 0.008333 0.005000
0 0.607552 0.320625 0.015104 0.002750
0 0.614844 0.317125 0.013021 0.003750
0 0.634115 0.336250 0.013021 0.003500
0 0.589063 0.336875 0.010417 0.006250
0 0.605729 0.353375 0.005208 0.005750
0 0.610417 0.353500 0.006250 0.006500
0 0.625260 0.349500 0.009896 0.006000
0 0.645573 0.348875 0.010937 0.004750
0 0.655990 0.350750 0.013021 0.002500
0 0.664844 0.345750 0.010937 0.004000
0 0.658333 0.343375 0.007292 0.004750
0 0.645833 0.343875 0.007292 0.004250
0 0.645052 0.340625 0.011979 0.002750
0 0.689323 0.326625 0.009896 0.004750
0 0.700521 0.343375 0.011458 0.004250
0 0.682813 0.343125 0.009375 0.004250
0 0.674740 0.343375 0.008854 0.003750
0 0.676302 0.345750 0.010937 0.003000
0 0.726823 0.335000 0.013021 0.003500
0 0.728906 0.331500 0.014063 0.003500
0 0.743229 0.321375 0.013542 0.003750
0 0.786198 0.326375 0.008854 0.005750
0 0.665625 0.353750 0.008333 0.003000
0 0.653906 0.358125 0.011979 0.003250
0 0.646875 0.356000 0.011458 0.004500
0 0.641406 0.359625 0.009896 0.003750
0 0.633594 0.359625 0.008854 0.003250
0 0.624219 0.360250 0.010937 0.004000
0 0.604688 0.363125 0.009375 0.003750
0 0.567708 0.368500 0.015625 0.005000
0 0.554167 0.369250 0.006250 0.002500
0 0.545312 0.370000 0.009375 0.003500
0 0.534115 0.372625 0.009896 0.003250
0 0.492448 0.378000 0.007812 0.002500
0 0.483594 0.379500 0.008854 0.003000
0 0.473698 0.380375 0.009896 0.003750
0 0.441667 0.438500 0.012500 0.004500
0 0.441927 0.468875 0.005729 0.004250
0 0.448177 0.469750 0.006771 0.004500
0 0.449219 0.483625 0.010937 0.003250
0 0.493750 0.482000 0.010417 0.003000
0 0.502083 0.484250 0.011458 0.003000
0 0.499219 0.486625 0.009896 0.002250
0 0.500521 0.488250 0.008333 0.002000
0 0.512240 0.490125 0.006771 0.002250
0 0.516146 0.488375 0.010417 0.002750
0 0.525260 0.487250 0.006771 0.002500
0 0.562240 0.476000 0.011979 0.005000
0 0.523438 0.479750 0.005208 0.004500
0 0.528385 0.481125 0.005729 0.002750
0 0.536198 0.483000 0.013021 0.002500
0 0.541146 0.486125 0.009375 0.004250
0 0.548958 0.487125 0.011458 0.004250
0 0.562760 0.496500 0.007812 0.003500
0 0.561458 0.493500 0.008333 0.002000
0 0.552604 0.491375 0.005208 0.003750
0 0.560417 0.491750 0.009375 0.003000
0 0.611198 0.493000 0.009896 0.004500
0 0.602604 0.494000 0.008333 0.003500
0 0.588281 0.496875 0.008854 0.003750
0 0.590365 0.499250 0.007812 0.002500
0 0.600000 0.497250 0.007292 0.003500
0 0.611719 0.497000 0.011979 0.003000
0 0.625521 0.503375 0.012500 0.003250
0 0.630469 0.501500 0.013021 0.002500
0 0.628646 0.499000 0.009375 0.002500
0 0.618750 0.509375 0.009375 0.002750
0 0.623437 0.510750 0.011458 0.002500
0 0.654948 0.511250 0.013021 0.003000
0 0.643490 0.508000 0.010937 0.004000
0 0.661458 0.508250 0.007292 0.002500
0 0.677344 0.506125 0.013021 0.004250
0 0.687760 0.503500 0.010937 0.002500
0 0.697396 0.507750 0.015625 0.003000
0 0.688542 0.517000 0.011458 0.002500
0 0.691667 0.519250 0.012500 0.002000
0 0.717448 0.526500 0.011979 0.004000
0 0.732031 0.516750 0.009896 0.004500
0 0.741667 0.512250 0.012500 0.003500
0 0.759375 0.512375 0.015625 0.004750
0 0.755208 0.530500 0.010417 0.004000
0 0.802865 0.534125 0.016146 0.007750
0 0.902083 0.523875 0.011458 0.006750
0 0.865885 0.518625 0.014063 0.005250
0 0.857812 0.516750 0.013542 0.004500
0 0.855208 0.514875 0.009375 0.003250
0 0.867188 0.517750 0.010417 0.004000
0 0.836979 0.510875 0.015625 0.003250
0 0.837240 0.508750 0.011979 0.002500
0 0.812500 0.512250 0.012500 0.003000
0 0.817187 0.508625 0.013542 0.003250
0 0.823437 0.506750 0.014583 0.002500
0 0.816146 0.504750 0.014583 0.003500
0 0.775260 0.492375 0.013021 0.003250
0 0.764062 0.489375 0.009375 0.006250
0 0.746354 0.491875 0.011458 0.004750
0 0.725781 0.502750 0.011979 0.005000
0 0.711719 0.498000 0.015104 0.006500
0 0.729167 0.498125 0.011458 0.005250
0 0.733073 0.497625 0.007812 0.004250
0 0.738021 0.496250 0.010417 0.005000
0 0.746875 0.497500 0.011458 0.005000
0 0.688021 0.492875 0.016667 0.003250
0 0.681510 0.487875 0.011979 0.003250
0 0.691667 0.489750 0.012500 0.003500
0 0.694010 0.487875 0.011979 0.004250
0 0.675260 0.483250 0.014063 0.004000
0 0.680208 0.481375 0.013542 0.004250
0 0.631510 0.480625 0.007812 0.006750
0 0.639583 0.475500 0.009375 0.005500
0 0.642969 0.474875 0.007812 0.004250
0 0.663542 0.471125 0.009375 0.005750
0 0.678385 0.469375 0.014063 0.002250
0 0.670052 0.467125 0.014063 0.002250
0 0.685417 0.466625 0.009375 0.005250
0 0.688542 0.465500 0.008333 0.004000
0 0.713021 0.457875 0.010417 0.004750
0 0.748958 0.464500 0.016667 0.003500
0 0.636458 0.459250 0.013542 0.002500
0 0.625781 0.457750 0.011979 0.003000
0 0.627083 0.455875 0.011458 0.002750
0 0.592969 0.464250 0.009896 0.005000
0 0.574740 0.460000 0.009896 0.003500
0 0.577604 0.457125 0.013542 0.002750
0 0.560417 0.462250 0.007292 0.004000
0 0.563802 0.461375 0.010937 0.005250
0 0.530729 0.447750 0.012500 0.003500
0 0.506771 0.452625 0.014583 0.003250
0 0.506510 0.457750 0.007812 0.006000
0 0.509635 0.456625 0.007812 0.004250
0 0.527604 0.441375 0.009375 0.004750
0 0.782031 0.471375 0.011979 0.007250
0 0.808594 0.486000 0.010937 0.004000
0 0.811458 0.484500 0.013542 0.004500
0 0.828906 0.484500 0.016146 0.006500
0 0.818229 0.493750 0.009375 0.004000
0 0.820833 0.492250 0.013542 0.005500
0 0.207031 0.484625 0.007812 0.003750
0 0.211458 0.486500 0.005208 0.002000
0 0.213281 0.488750 0.004687 0.003500
0 0.353385 0.564875 0.006771 0.004750
0 0.408854 0.537375 0.008333 0.005250
0 0.414062 0.533500 0.007292 0.005500
0 0.431250 0.551875 0.009375 0.006250
0 0.455469 0.561875 0.011979 0.004250
0 0.478906 0.556375 0.007812 0.004750
0 0.465625 0.564125 0.010417 0.004250
0 0.487240 0.565875 0.008854 0.002250
0 0.473958 0.571625 0.008333 0.005750
0 0.449740 0.579250 0.009896 0.003500
0 0.434635 0.605250 0.006771 0.006500
0 0.428385 0.605500 0.006771 0.003500
0 0.455208 0.621500 0.008333 0.004000
0 0.457292 0.620000 0.011458 0.005000
0 0.475781 0.609375 0.011979 0.004250
0 0.501302 0.622875 0.007812 0.004250
0 0.503385 0.621500 0.010937 0.005000
0 0.520833 0.626250 0.010417 0.005000
0 0.532031 0.627250 0.011979 0.004500
0 0.533073 0.617250 0.007812 0.006500
0 0.541146 0.618250 0.006250 0.005500
0 0.558333 0.628750 0.008333 0.006000
0 0.566406 0.629125 0.010937 0.004250
0 0.602604 0.654875 0.009375 0.005750
0 0.607031 0.662500 0.010937 0.004500
0 0.595833 0.649000 0.013542 0.002500
0 0.598177 0.645500 0.007812 0.004500
0 0.602865 0.643000 0.009896 0.005000
0 0.520573 0.597750 0.011979 0.004500
0 0.508594 0.594000 0.007812 0.007000
0 0.053646 0.562750 0.010417 0.004500
0 0.249740 0.602125 0.006771 0.004750
0 0.268229 0.593625 0.008333 0.003750
0 0.339323 0.581500 0.013021 0.003000
0 0.082031 0.604875 0.010937 0.005250
0 0.152865 0.620625 0.006771 0.003750
0 0.373698 0.972750 0.016146 0.007500
0 0.621875 0.872250 0.015625 0.006500
0 0.430729 0.425000 0.015625 0.004000
