0 0.083073 0.574000 0.014063 0.004000
0 0.114062 0.564875 0.007292 0.006750
0 0.101823 0.553250 0.008854 0.003500
0 0.091927 0.554375 0.011979 0.002750
0 0.149479 0.545250 0.006250 0.006000
0 0.157812 0.549500 0.011458 0.004000
0 0.147396 0.537625 0.007292 0.006250
0 0.132812 0.530625 0.005208 0.006250
0 0.127604 0.529875 0.004167 0.004250
0 0.161719 0.520500 0.006771 0.006000
0 0.164844 0.525750 0.005729 0.006000
0 0.184375 0.523125 0.011458 0.006250
0 0.174479 0.534250 0.007292 0.005000
0 0.175781 0.541750 0.006771 0.006500
0 0.186458 0.552500 0.004167 0.006000
0 0.183073 0.551750 0.004687 0.005000
0 0.169271 0.538750 0.007292 0.006000
0 0.212240 0.550375 0.008854 0.006750
0 0.229427 0.540250 0.007812 0.005000
0 0.210417 0.531750 0.005208 0.005500
0 0.216406 0.531500 0.007812 0.006000
0 0.223437 0.525000 0.005208 0.006000
0 0.229427 0.524625 0.006771 0.006250
0 0.208854 0.517125 0.005208 0.005250
0 0.205208 0.516500 0.006250 0.006000
0 0.182292 0.503750 0.008333 0.007000
0 0.195312 0.501250 0.009375 0.007000
0 0.185156 0.490375 0.014063 0.004250
0 0.230208 0.499250 0.005208 0.006500
0 0.226302 0.495875 0.004687 0.006250
0 0.237240 0.493500 0.005729 0.006500
0 0.208333 0.480750 0.006250 0.006500
0 0.232552 0.477125 0.007812 0.005750
0 0.242188 0.483875 0.007292 0.006250
0 0.250260 0.481625 0.006771 0.005750
0 0.267969 0.472375 0.008854 0.005250
0 0.249740 0.467375 0.008854 0.004750
0 0.254688 0.463125 0.006250 0.005250
0 0.242969 0.472250 0.006771 0.006000
0 0.250521 0.474125 0.006250 0.005250
0 0.257552 0.473000 0.006771 0.005500
0 0.264323 0.476875 0.006771 0.003750
0 0.269531 0.480000 0.006771 0.006500
0 0.280469 0.488375 0.004687 0.005750
0 0.274219 0.488750 0.004687 0.006000
0 0.272656 0.494125 0.007812 0.006250
0 0.269271 0.498000 0.007292 0.005500
0 0.264323 0.496625 0.004687 0.006250
0 0.265104 0.502625 0.012500 0.004250
0 0.248438 0.510625 0.011458 0.004750
0 0.239583 0.517750 0.005208 0.006000
0 0.311979 0.487750 0.006250 0.006500
0 0.328646 0.474875 0.006250 0.006250
0 0.321615 0.473375 0.008854 0.003750
0 0.309635 0.480250 0.008854 0.004500
0 0.307812 0.478875 0.009375 0.003250
0 0.338021 0.463250 0.005208 0.007000
0 0.331771 0.462250 0.005208 0.005500
0 0.306771 0.447250 0.008333 0.006000
0 0.265104 0.448000 0.006250 0.005000
0 0.328385 0.437500 0.009896 0.005500
0 0.341406 0.447000 0.009896 0.006500
0 0.345573 0.450500 0.013021 0.003500
0 0.384896 0.454500 0.006250 0.007000
0 0.402604 0.469750 0.010417 0.005500
0 0.413542 0.464750 0.009375 0.003000
0 0.413021 0.461625 0.011458 0.004250
0 0.385677 0.479125 0.007812 0.006250
0 0.436458 0.481625 0.011458 0.003750
0 0.444010 0.457375 0.009896 0.003750
0 0.439583 0.460000 0.004167 0.005000
0 0.445573 0.464000 0.008854 0.005000
0 0.443490 0.462625 0.006771 0.004250
0 0.443490 0.503500 0.008854 0.006500
0 0.432031 0.504250 0.006771 0.005500
0 0.418229 0.505125 0.008333 0.003750
0 0.388281 0.500000 0.005729 0.006000
0 0.383594 0.500000 0.003646 0.005500
0 0.384375 0.511375 0.007292 0.006250
0 0.376563 0.518250 0.008333 0.006500
0 0.369271 0.522750 0.011458 0.005000
0 0.372917 0.533500 0.013542 0.003500
0 0.375781 0.541375 0.010937 0.006250
0 0.429427 0.518125 0.004687 0.004750
0 0.430729 0.514750 0.007292 0.005000
0 0.395052 0.547625 0.007812 0.006250
0 0.396094 0.555250 0.007812 0.006500
0 0.349219 0.562625 0.013021 0.004750
0 0.366927 0.567250 0.003646 0.006500
0 0.370833 0.567375 0.003125 0.004750
0 0.375781 0.574500 0.005729 0.006000
0 0.382031 0.574750 0.006771 0.005500
0 0.356771 0.583375 0.007292 0.005750
0 0.342187 0.586625 0.012500 0.003250
0 0.380729 0.588625 0.007292 0.006250
0 0.390365 0.595250 0.009896 0.006500
0 0.375521 0.595625 0.008333 0.005750
0 0.355729 0.594125 0.011458 0.004750
0 0.360938 0.603625 0.009375 0.005250
0 0.367448 0.602250 0.004687 0.006500
0 0.373698 0.603375 0.006771 0.006750
0 0.346875 0.610625 0.006250 0.005750
0 0.355208 0.619375 0.013542 0.004750
0 0.394271 0.628125 0.008333 0.006250
0 0.347917 0.626875 0.010417 0.004750
0 0.344792 0.631625 0.008333 0.005750
0 0.347135 0.635750 0.008854 0.005000
0 0.307031 0.643625 0.007812 0.005250
0 0.332813 0.651000 0.010417 0.004500
0 0.344271 0.649125 0.005208 0.005250
0 0.349740 0.648625 0.007812 0.006250
0 0.328646 0.659000 0.010417 0.003500
0 0.351562 0.684500 0.010417 0.005000
0 0.341927 0.686375 0.007812 0.006250
0 0.342969 0.697250 0.010937 0.003500
0 0.445312 0.677750 0.008333 0.006500
0 0.440104 0.604625 0.007292 0.006750
0 0.454687 0.577625 0.009375 0.007750
0 0.460677 0.570000 0.009896 0.005500
0 0.522656 0.448125 0.013021 0.004750
0 0.504427 0.469250 0.006771 0.007000
0 0.563021 0.502000 0.010417 0.007500
0 0.575000 0.501375 0.007292 0.007250
0 0.524740 0.505250 0.009896 0.008000
0 0.539062 0.525125 0.009375 0.004750
0 0.534896 0.551875 0.005208 0.005750
0 0.526823 0.548875 0.006771 0.006750
0 0.529687 0.542875 0.011458 0.003750
0 0.536979 0.546500 0.005208 0.005500
0 0.531510 0.546375 0.006771 0.003250
0 0.546094 0.585625 0.007812 0.006250
0 0.566406 0.581500 0.007812 0.005000
0 0.554167 0.587625 0.005208 0.006250
0 0.560417 0.588250 0.007292 0.006000
0 0.568750 0.617500 0.008333 0.006000
0 0.585677 0.642125 0.010937 0.006250
0 0.634635 0.645625 0.008854 0.007750
0 0.704167 0.674500 0.008333 0.004500
0 0.579167 0.545125 0.012500 0.007250
0 0.614062 0.549875 0.011458 0.006250
0 0.639323 0.548750 0.007812 0.005500
0 0.554948 0.426750 0.011979 0.004000
0 0.602865 0.418500 0.010937 0.004500
0 0.626302 0.431250 0.009896 0.005500
0 0.637500 0.427375 0.013542 0.004750
0 0.643229 0.431875 0.010417 0.004250
0 0.669792 0.424500 0.012500 0.004500
0 0.698698 0.424000 0.007812 0.004500
0 0.700260 0.427875 0.009896 0.004250
0 0.693229 0.430250 0.009375 0.003500
0 0.682031 0.431750 0.010937 0.005000
0 0.703646 0.436625 0.010417 0.002750
0 0.703385 0.434875 0.010937 0.002250
0 0.723437 0.434250 0.011458 0.004500
0 0.670573 0.443125 0.013021 0.006250
0 0.680208 0.445750 0.008333 0.005500
0 0.640365 0.460000 0.006771 0.007500
0 0.646094 0.458000 0.006771 0.005500
0 0.675521 0.453875 0.012500 0.003250
0 0.713802 0.445375 0.006771 0.005750
0 0.720052 0.447500 0.004687 0.004500
0 0.737760 0.446125 0.009896 0.005250
0 0.766406 0.428000 0.009896 0.003000
0 0.774479 0.425500 0.006250 0.006500
0 0.761458 0.452000 0.009375 0.004000
0 0.757292 0.455500 0.011458 0.005000
0 0.715885 0.475375 0.010937 0.005250
0 0.746615 0.476125 0.006771 0.005250
0 0.745573 0.470500 0.011979 0.005500
0 0.763802 0.481875 0.009896 0.004250
0 0.761198 0.484625 0.006771 0.004250
0 0.753906 0.483625 0.009896 0.004750
0 0.754687 0.487250 0.006250 0.005500
0 0.747656 0.488875 0.008854 0.005750
0 0.754687 0.493875 0.008333 0.006750
0 0.770052 0.487750 0.010937 0.003000
0 0.770833 0.486000 0.009375 0.002500
0 0.772396 0.507500 0.010417 0.007500
0 0.791667 0.503375 0.007292 0.006250
0 0.794531 0.507625 0.008854 0.005250
0 0.813542 0.502000 0.008333 0.006000
0 0.798177 0.517125 0.008854 0.004250
0 0.808854 0.521750 0.008333 0.004500
0 0.808333 0.526125 0.010417 0.005250
0 0.827865 0.520000 0.007812 0.005500
0 0.831250 0.519375 0.007292 0.004750
0 0.835417 0.524875 0.009375 0.002750
0 0.837500 0.528125 0.011458 0.004250
0 0.845833 0.522500 0.007292 0.005500
0 0.858333 0.526625 0.007292 0.005250
0 0.861719 0.524375 0.007812 0.004750
0 0.840365 0.535125 0.007812 0.004750
0 0.861458 0.532250 0.012500 0.004500
0 0.812240 0.551000 0.006771 0.006000
0 0.795052 0.553500 0.010937 0.006000
0 0.860156 0.544875 0.007812 0.004750
0 0.862760 0.543750 0.007812 0.004000
0 0.867188 0.530750 0.008333 0.005000
0 0.870833 0.530375 0.007292 0.004250
0 0.904687 0.579500 0.011458 0.004000
0 0.940365 0.575250 0.010937 0.006000
0 0.924219 0.561250 0.005729 0.006000
0 0.914844 0.560250 0.009896 0.005000
0 0.925260 0.549750 0.007812 0.005000
0 0.942448 0.548875 0.006771 0.005750
0 0.942187 0.534625 0.008333 0.006250
0 0.909896 0.532500 0.012500 0.004000
0 0.910417 0.539625 0.006250 0.005750
0 0.914583 0.538875 0.007292 0.004750
0 0.884896 0.525125 0.012500 0.004250
0 0.899479 0.522375 0.010417 0.004750
0 0.874479 0.520000 0.008333 0.004000
0 0.877083 0.518125 0.009375 0.002750
0 0.871875 0.514000 0.005208 0.005500
0 0.880208 0.514125 0.008333 0.005750
0 0.885156 0.512375 0.009896 0.004250
0 0.922396 0.512750 0.006250 0.005500
0 0.854948 0.505250 0.009896 0.004500
0 0.857552 0.499500 0.009896 0.003000
0 0.858854 0.498000 0.009375 0.002500
0 0.911458 0.503500 0.014583 0.006000
0 0.900521 0.489250 0.008333 0.004500
0 0.894271 0.486625 0.005208 0.004750
0 0.907813 0.488000 0.010417 0.003500
0 0.924219 0.479625 0.006771 0.006250
0 0.928125 0.477000 0.010417 0.003500
0 0.855729 0.487000 0.009375 0.006000
0 0.841146 0.487625 0.011458 0.002750
0 0.841406 0.484625 0.011979 0.003250
0 0.829167 0.478625 0.007292 0.004250
0 0.832292 0.484250 0.008333 0.006500
0 0.825260 0.484500 0.005729 0.005000
0 0.817187 0.490250 0.010417 0.004500
0 0.794792 0.481500 0.007292 0.005500
0 0.795573 0.466625 0.006771 0.004750
0 0.789062 0.469875 0.009375 0.004250
0 0.781510 0.471125 0.005729 0.004750
0 0.783594 0.467500 0.009896 0.003000
0 0.782552 0.462375 0.007812 0.004750
0 0.774479 0.464500 0.009375 0.003000
0 0.771094 0.466000 0.009896 0.002000
0 0.771354 0.468000 0.009375 0.002500
0 0.827083 0.463250 0.005208 0.004500
0 0.830208 0.462500 0.006250 0.004500
0 0.995573 0.547750 0.007812 0.004000
0 0.703906 0.396625 0.009896 0.005750
0 0.942187 0.391875 0.011458 0.005250
0 0.640365 0.350750 0.008854 0.003500
0 0.688802 0.317250 0.009896 0.008000
0 0.586979 0.462625 0.008333 0.005750
0 0.592708 0.466000 0.008333 0.004000
0 0.612240 0.480375 0.013021 0.005250
0 0.624219 0.485250 0.007812 0.005000
0 0.687500 0.514625 0.011458 0.006750
0 0.966927 0.631750 0.011979 0.006000
0 0.975521 0.608500 0.007292 0.005500
0 0.969010 0.602000 0.011979 0.005500
0 0.569531 0.693000 0.014063 0.009000
