0 0.091500 0.696094 0.006000 0.016146
0 0.066375 0.517969 0.005750 0.013021
0 0.080500 0.312760 0.006000 0.011979
0 0.197125 0.068750 0.006750 0.014583
0 0.181875 0.110937 0.005250 0.012500
0 0.152125 0.176563 0.007250 0.011458
0 0.208000 0.456771 0.008500 0.013542
0 0.240000 0.423437 0.005500 0.016667
0 0.252875 0.571875 0.004750 0.014583
0 0.262750 0.595573 0.006000 0.011979
0 0.284250 0.452604 0.010000 0.012500
0 0.263375 0.513021 0.007250 0.017708
0 0.318125 0.448437 0.005250 0.012500
0 0.322125 0.480208 0.007750 0.013542
0 0.311125 0.480208 0.004750 0.010417
0 0.313625 0.477604 0.004750 0.010417
0 0.318625 0.505208 0.007250 0.007292
0 0.316875 0.500000 0.007250 0.006250
0 0.320875 0.517708 0.007250 0.012500
0 0.331500 0.530469 0.006500 0.008854
0 0.336000 0.556771 0.008000 0.012500
0 0.354000 0.554167 0.008000 0.012500
0 0.348875 0.528646 0.007750 0.009375
0 0.347250 0.520573 0.004500 0.008854
0 0.377375 0.562240 0.004750 0.006771
0 0.379000 0.554688 0.005000 0.011458
0 0.393875 0.592969 0.005750 0.007812
0 0.400250 0.598437 0.007000 0.010417
0 0.415000 0.605469 0.007500 0.013021
0 0.429750 0.620313 0.007000 0.009375
0 0.447000 0.612760 0.007000 0.013021
0 0.449375 0.626823 0.007250 0.014063
0 0.448750 0.664844 0.005000 0.009896
0 0.451125 0.660937 0.004250 0.014583
0 0.461500 0.642708 0.006000 0.009375
0 0.466750 0.642708 0.006000 0.009375
0 0.465000 0.648177 0.005000 0.005729
0 0.479500 0.658333 0.006000 0.008333
0 0.491000 0.659635 0.006000 0.009896
0 0.508250 0.677344 0.006000 0.007812
0 0.555625 0.594792 0.004750 0.011458
0 0.535375 0.546094 0.006750 0.014063
0 0.509625 0.471615 0.006250 0.013021
0 0.502875 0.447917 0.006750 0.014583
0 0.483375 0.421354 0.007750 0.018750
0 0.494500 0.396354 0.008000 0.015625
0 0.479500 0.384375 0.008000 0.013542
0 0.471875 0.351562 0.005250 0.014583
0 0.460000 0.359635 0.005000 0.013021
0 0.454375 0.357292 0.006750 0.009375
0 0.474000 0.337240 0.005000 0.010937
0 0.472500 0.342187 0.004500 0.011458
0 0.467875 0.281771 0.004750 0.011458
0 0.461375 0.279427 0.004750 0.016146
0 0.451500 0.264844 0.004500 0.013021
0 0.433500 0.294271 0.006000 0.016667
0 0.421875 0.232552 0.004250 0.016146
0 0.431375 0.218490 0.006250 0.013021
0 0.442500 0.212760 0.006500 0.015104
0 0.386250 0.165365 0.006500 0.016146
0 0.341750 0.029167 0.008500 0.015625
0 0.571875 0.496875 0.003750 0.011458
0 0.570500 0.487500 0.005500 0.007292
0 0.569125 0.445833 0.005250 0.011458
0 0.550750 0.435417 0.004000 0.013542
0 0.548125 0.432552 0.002750 0.014063
0 0.532375 0.418750 0.005250 0.017708
0 0.552500 0.386458 0.003500 0.013542
0 0.538250 0.351302 0.005000 0.011979
0 0.535875 0.343750 0.005250 0.008333
0 0.513750 0.209896 0.004000 0.011458
0 0.515875 0.208854 0.004750 0.012500
0 0.493000 0.145052 0.006500 0.016146
0 0.473375 0.100521 0.006750 0.012500
0 0.483750 0.029427 0.005500 0.016146
0 0.504625 0.035937 0.007750 0.012500
0 0.610625 0.526302 0.009750 0.021354
0 0.663750 0.403125 0.004500 0.010417
0 0.659375 0.402604 0.003750 0.015625
0 0.656500 0.282031 0.007500 0.009896
0 0.669625 0.266146 0.005250 0.014583
0 0.653125 0.265104 0.004750 0.015625
0 0.668125 0.183594 0.005250 0.011979
0 0.665750 0.180469 0.004000 0.010937
0 0.735250 0.244271 0.004000 0.009375
0 0.820375 0.167708 0.005250 0.013542
0 0.389500 0.877604 0.006500 0.009375
0 0.387000 0.870573 0.006000 0.009896
0 0.399250 0.823177 0.004500 0.013021
0 0.400500 0.802344 0.007500 0.009896
0 0.398000 0.794271 0.006000 0.010417
0 0.457750 0.549219 0.007500 0.010937
0 0.433625 0.794271 0.007750 0.009375
0 0.458875 0.776042 0.005250 0.010417
0 0.461750 0.785417 0.004500 0.012500
0 0.473250 0.782031 0.003500 0.010937
0 0.473125 0.776042 0.004750 0.010417
0 0.482000 0.774219 0.005500 0.014063
0 0.436750 0.785417 0.006000 0.010417
0 0.435125 0.782292 0.005750 0.010417
0 0.433500 0.778646 0.004500 0.006250
0 0.461875 0.899219 0.008250 0.008854
0 0.268125 0.949219 0.007750 0.017188
0 0.446500 0.243229 0.007000 0.010417
