0 0.787625 0.614323 0.007750 0.010937
0 0.831625 0.510677 0.005750 0.008854
0 0.825500 0.488021 0.009500 0.014583
0 0.798625 0.512760 0.006250 0.008854
0 0.781375 0.521094 0.008250 0.013021
0 0.770125 0.521094 0.006750 0.009896
0 0.773875 0.561979 0.004250 0.011458
0 0.804375 0.491146 0.006250 0.010417
0 0.800750 0.501823 0.006000 0.010937
0 0.717000 0.627344 0.005500 0.007812
0 0.717375 0.648958 0.004750 0.009375
0 0.709875 0.664583 0.004250 0.011458
0 0.701250 0.657552 0.006500 0.006771
0 0.692500 0.657031 0.004000 0.014063
0 0.689250 0.677344 0.003500 0.013021
0 0.697500 0.641667 0.005500 0.005208
0 0.698750 0.648958 0.005500 0.006250
0 0.735875 0.686198 0.004750 0.005729
0 0.734125 0.693229 0.004750 0.009375
0 0.737750 0.633333 0.007500 0.014583
0 0.730750 0.616667 0.007000 0.012500
0 0.651750 0.672656 0.006000 0.013021
0 0.624500 0.703646 0.006000 0.010417
0 0.605875 0.711458 0.005750 0.009375
0 0.599375 0.719792 0.006250 0.007292
0 0.564250 0.740885 0.004000 0.009896
0 0.584625 0.722917 0.005250 0.009375
0 0.575125 0.732292 0.005750 0.011458
0 0.578500 0.736198 0.003500 0.008854
0 0.533750 0.729688 0.005500 0.008333
0 0.527375 0.621094 0.006750 0.009896
0 0.537000 0.606510 0.003500 0.014063
0 0.545000 0.571094 0.005500 0.010937
0 0.549875 0.567708 0.003750 0.013542
0 0.556500 0.598437 0.005000 0.009375
0 0.575875 0.535156 0.005750 0.006771
0 0.581500 0.521615 0.004500 0.014063
0 0.589750 0.509635 0.005500 0.009896
0 0.588750 0.493490 0.003000 0.015104
0 0.591625 0.486719 0.004250 0.011979
0 0.613000 0.424479 0.005000 0.011458
0 0.627000 0.440885 0.006500 0.013021
0 0.648875 0.400000 0.006750 0.010417
0 0.657250 0.383854 0.006500 0.012500
0 0.666750 0.394531 0.003000 0.010937
0 0.654875 0.438021 0.004750 0.010417
0 0.692125 0.396094 0.004750 0.009896
0 0.700125 0.364844 0.003250 0.009896
0 0.704250 0.375000 0.004000 0.009375
0 0.682750 0.327344 0.007500 0.006771
0 0.681875 0.313542 0.005250 0.008333
0 0.697250 0.222396 0.004000 0.011458
0 0.722750 0.254167 0.005000 0.010417
0 0.707750 0.258594 0.006000 0.013021
0 0.740750 0.232031 0.004000 0.009896
0 0.751625 0.217448 0.005250 0.007812
0 0.754500 0.255469 0.005500 0.009896
0 0.750625 0.270573 0.004250 0.011979
0 0.753750 0.270833 0.002000 0.009375
0 0.749750 0.280469 0.002500 0.008854
0 0.729125 0.278646 0.003750 0.008333
0 0.724750 0.279687 0.005000 0.012500
0 0.749875 0.182812 0.006250 0.010417
0 0.775625 0.202344 0.004750 0.009896
0 0.789250 0.185417 0.005500 0.014583
0 0.710125 0.157292 0.005750 0.012500
0 0.662500 0.223177 0.006500 0.014063
0 0.546750 0.616667 0.003500 0.008333
0 0.468750 0.576823 0.008000 0.017188
0 0.485250 0.536719 0.004000 0.018229
0 0.488750 0.397135 0.006500 0.008854
0 0.501750 0.391667 0.002500 0.012500
0 0.508375 0.402604 0.005250 0.012500
0 0.496500 0.283594 0.006500 0.007812
0 0.480125 0.245833 0.004250 0.015625
0 0.500000 0.192708 0.005500 0.014583
0 0.508250 0.106250 0.007000 0.020833
0 0.477000 0.103125 0.005500 0.008333
0 0.493500 0.024740 0.005000 0.008854
0 0.511000 0.057031 0.005000 0.008854
0 0.509000 0.060417 0.004500 0.011458
0 0.540250 0.073698 0.006000 0.007812
0 0.550750 0.102865 0.003500 0.011979
0 0.547375 0.102083 0.003250 0.008333
0 0.566000 0.095573 0.004500 0.010937
0 0.564000 0.126302 0.003000 0.013021
0 0.574875 0.034115 0.005250 0.011979
0 0.491750 0.002865 0.006000 0.005729
0 0.383750 0.405469 0.005000 0.007812
0 0.402250 0.391927 0.004000 0.010937
0 0.408500 0.383854 0.004500 0.008333
0 0.396375 0.419792 0.006750 0.013542
0 0.364625 0.326823 0.004250 0.011979
0 0.376750 0.335938 0.005500 0.015625
0 0.399125 0.278906 0.006250 0.013021
0 0.409000 0.272135 0.004500 0.007812
0 0.401125 0.258333 0.005250 0.010417
0 0.388250 0.230208 0.009000 0.012500
0 0.397750 0.173437 0.005000 0.015625
0 0.390750 0.186719 0.006500 0.018229
0 0.385000 0.198698 0.004500 0.013021
0 0.380125 0.196875 0.006250 0.009375
0 0.365375 0.193490 0.004750 0.006771
0 0.359000 0.182812 0.004000 0.011458
0 0.373875 0.144010 0.003750 0.014063
0 0.382625 0.140365 0.006250 0.006771
0 0.409625 0.132292 0.005250 0.009375
0 0.412500 0.085677 0.005000 0.006771
0 0.410125 0.079427 0.003250 0.010937
0 0.392750 0.029167 0.005000 0.011458
0 0.399875 0.022135 0.005250 0.008854
0 0.371750 0.007292 0.004000 0.011458
0 0.375750 0.017708 0.008000 0.014583
0 0.338625 0.052865 0.005250 0.008854
0 0.329750 0.225260 0.005500 0.013021
0 0.302000 0.581250 0.006000 0.012500
0 0.294125 0.566406 0.007250 0.013021
0 0.304750 0.531510 0.005500 0.009896
0 0.306750 0.543229 0.006000 0.010417
0 0.307125 0.554948 0.008250 0.014063
0 0.268250 0.440625 0.006000 0.011458
0 0.244000 0.457552 0.008000 0.014063
0 0.250250 0.453125 0.006000 0.009375
0 0.225000 0.394010 0.005000 0.011979
0 0.238875 0.377604 0.005250 0.008333
0 0.233125 0.363542 0.006750 0.009375
0 0.230125 0.353906 0.004250 0.010937
0 0.158000 0.416927 0.004000 0.011979
0 0.181625 0.324740 0.005250 0.014063
0 0.207125 0.300260 0.006250 0.010937
0 0.215875 0.299479 0.004750 0.011458
0 0.210125 0.288281 0.003250 0.013021
0 0.205750 0.286979 0.005000 0.014583
0 0.183000 0.266146 0.007500 0.017708
0 0.172125 0.251042 0.007250 0.011458
0 0.153500 0.285677 0.005500 0.009896
0 0.360375 0.895052 0.008250 0.010937
0 0.333375 0.819792 0.006250 0.007292
0 0.218500 0.794271 0.008000 0.008333
0 0.218125 0.802344 0.006750 0.007812
0 0.208125 0.910937 0.010250 0.012500
0 0.515625 0.361719 0.004250 0.010937
0 0.520375 0.334375 0.003250 0.009375
0 0.521625 0.323177 0.002750 0.007812
0 0.523000 0.315365 0.002500 0.011979
0 0.528625 0.284375 0.003250 0.012500
0 0.537875 0.255729 0.002750 0.012500
0 0.540625 0.277604 0.005250 0.009375
0 0.533750 0.263281 0.004500 0.009896
0 0.530750 0.270052 0.003000 0.011979
0 0.535250 0.252344 0.003000 0.013021
0 0.539875 0.228906 0.003750 0.014063
0 0.534500 0.236719 0.006000 0.013021
0 0.554375 0.171875 0.005250 0.016667
0 0.532875 0.185156 0.008250 0.020313
0 0.544875 0.198958 0.004250 0.014583
0 0.626750 0.470573 0.003500 0.007812
0 0.659750 0.438021 0.003500 0.007292
0 0.665375 0.427344 0.003250 0.009896
0 0.713250 0.367969 0.003000 0.008854
0 0.725750 0.921354 0.009000 0.014583
0 0.703625 0.921875 0.007250 0.011458
0 0.647000 0.936719 0.005500 0.008854
0 0.670250 0.894271 0.006500 0.012500
0 0.631625 0.857552 0.007250 0.009896
0 0.549125 0.845313 0.004250 0.013542
0 0.541250 0.879427 0.006500 0.009896
0 0.576875 0.872396 0.006250 0.013542
0 0.585125 0.870312 0.007250 0.007292
0 0.587375 0.879167 0.004750 0.012500
0 0.555125 0.859635 0.004250 0.014063
0 0.556375 0.849479 0.004250 0.011458
0 0.677500 0.926302 0.005500 0.014063
0 0.831625 0.616146 0.005250 0.012500
0 0.285500 0.407031 0.006000 0.010937
0 0.235375 0.232552 0.005250 0.010937
0 0.074125 0.400260 0.006250 0.010937
0 0.675125 0.552344 0.006250 0.008854
0 0.604875 0.687240 0.004250 0.008854
