0 0.035417 0.523250 0.014583 0.003000
0 0.026562 0.521125 0.012500 0.003250
0 0.016146 0.528250 0.012500 0.003000
0 0.016667 0.525500 0.013542 0.003500
0 0.146615 0.533875 0.013021 0.003750
0 0.099479 0.532750 0.013542 0.005000
0 0.163021 0.521625 0.012500 0.004250
0 0.209896 0.497250 0.012500 0.004500
0 0.202344 0.468875 0.009896 0.004750
0 0.121875 0.454875 0.013542 0.005750
0 0.247135 0.487000 0.010937 0.005000
0 0.274740 0.463500 0.010937 0.006000
0 0.303385 0.470000 0.010937 0.003500
0 0.357552 0.473625 0.010937 0.004750
0 0.375521 0.456625 0.012500 0.007250
0 0.386198 0.469250 0.009896 0.005000
0 0.257292 0.476250 0.008333 0.005500
0 0.259635 0.474250 0.010937 0.005000
0 0.332031 0.776000 0.014063 0.003000
0 0.332552 0.778875 0.013021 0.003250
0 0.376042 0.742625 0.010417 0.006750
0 0.314063 0.740625 0.013542 0.003250
0 0.314323 0.737875 0.013021 0.003750
0 0.362500 0.750500 0.010417 0.002500
0 0.361458 0.747750 0.014583 0.003500
0 0.335677 0.732000 0.011979 0.006500
0 0.383073 0.675000 0.007812 0.006500
0 0.377344 0.674375 0.005729 0.006250
0 0.411458 0.657750 0.011458 0.006500
0 0.400521 0.651125 0.007292 0.006750
0 0.397135 0.639500 0.009896 0.007000
0 0.452604 0.646500 0.013542 0.005000
0 0.473177 0.634000 0.010937 0.004500
0 0.452604 0.628750 0.010417 0.005500
0 0.430729 0.630750 0.014583 0.004500
0 0.443490 0.636125 0.015104 0.003250
0 0.444271 0.638875 0.012500 0.002250
0 0.440104 0.605625 0.012500 0.005750
0 0.451042 0.531625 0.012500 0.004750
0 0.662760 0.557000 0.013021 0.006000
0 0.687500 0.560625 0.012500 0.005750
0 0.717969 0.559375 0.009896 0.006750
0 0.651563 0.542375 0.015625 0.006250
0 0.753906 0.629000 0.016146 0.006500
0 0.843750 0.624500 0.016667 0.006500
0 0.616146 0.461000 0.012500 0.005000
0 0.197396 0.518625 0.014583 0.005750
0 0.301302 0.506250 0.010937 0.006500
