0 0.400625 0.164844 0.005250 0.011979
0 0.437875 0.230208 0.007250 0.014583
0 0.501000 0.284115 0.006500 0.013021
0 0.454875 0.303125 0.008750 0.008333
0 0.432125 0.376042 0.005250 0.013542
0 0.435250 0.414844 0.006500 0.016146
0 0.414250 0.434375 0.004500 0.015625
0 0.403125 0.433854 0.005250 0.007292
0 0.407375 0.458073 0.006250 0.020313
0 0.399125 0.496615 0.004250 0.015104
0 0.394875 0.497656 0.003250 0.014063
0 0.393125 0.497917 0.002750 0.013542
0 0.375500 0.592969 0.006000 0.014063
0 0.383750 0.630990 0.004000 0.014063
0 0.393500 0.629948 0.004500 0.011979
0 0.392375 0.646094 0.005250 0.009896
0 0.392000 0.643229 0.004000 0.009375
0 0.389875 0.642448 0.004750 0.010937
0 0.397250 0.580208 0.005500 0.014583
0 0.410125 0.537500 0.005250 0.017708
0 0.454875 0.552604 0.003750 0.014583
0 0.452750 0.548438 0.005500 0.013542
0 0.449125 0.486719 0.005250 0.016146
0 0.453750 0.454167 0.005500 0.008333
0 0.453125 0.448958 0.007750 0.005208
0 0.452875 0.444531 0.006250 0.004687
0 0.449375 0.417708 0.004750 0.014583
0 0.454125 0.404167 0.004250 0.012500
0 0.451875 0.401823 0.004750 0.013021
0 0.468250 0.417708 0.005000 0.009375
0 0.470250 0.414323 0.005500 0.011979
0 0.548500 0.467187 0.004000 0.016667
0 0.568500 0.462760 0.003000 0.018229
0 0.571500 0.461198 0.003500 0.016146
0 0.581375 0.492448 0.004750 0.017188
0 0.560500 0.501563 0.005500 0.009375
0 0.561375 0.498177 0.007750 0.011979
0 0.554625 0.496615 0.003750 0.017188
0 0.551875 0.495573 0.003250 0.014063
0 0.569625 0.532031 0.006250 0.016146
0 0.564750 0.564583 0.003000 0.014583
0 0.568625 0.565365 0.004250 0.017188
0 0.555250 0.580208 0.007500 0.009375
0 0.554625 0.573438 0.006250 0.009375
0 0.560250 0.591146 0.005000 0.017708
0 0.545250 0.607812 0.008000 0.012500
0 0.544750 0.594531 0.003500 0.013021
0 0.542000 0.592448 0.002500 0.017188
0 0.535250 0.585938 0.003000 0.013542
0 0.537500 0.584635 0.004000 0.016146
0 0.529125 0.609375 0.003250 0.016667
0 0.549375 0.631510 0.007250 0.014063
0 0.551250 0.621875 0.003000 0.013542
0 0.554750 0.621615 0.004000 0.016146
0 0.564000 0.671354 0.004000 0.014583
0 0.560250 0.675521 0.004000 0.017708
0 0.546125 0.680469 0.004750 0.016146
0 0.534875 0.686458 0.006750 0.010417
0 0.537250 0.673438 0.005000 0.015625
0 0.540000 0.669531 0.006000 0.011979
0 0.548500 0.696875 0.007500 0.009375
0 0.549375 0.715625 0.005250 0.019792
0 0.557125 0.717708 0.004750 0.016667
0 0.561625 0.726042 0.004250 0.015625
0 0.563875 0.724479 0.004250 0.013542
0 0.530125 0.721875 0.006750 0.015625
0 0.532250 0.735677 0.003500 0.014063
0 0.534000 0.735417 0.003500 0.015625
0 0.537125 0.741667 0.003250 0.016667
0 0.539625 0.747396 0.004250 0.016667
0 0.545000 0.766406 0.005000 0.017188
0 0.534250 0.797396 0.004500 0.015625
0 0.547625 0.804688 0.004250 0.016667
0 0.552000 0.798958 0.002500 0.018750
0 0.554750 0.799740 0.003000 0.014063
0 0.572375 0.779167 0.004750 0.017708
0 0.534625 0.901823 0.002750 0.016146
0 0.532375 0.901042 0.001750 0.016667
0 0.507375 0.860938 0.003750 0.013542
0 0.506375 0.851042 0.004750 0.009375
0 0.508125 0.825781 0.006250 0.018229
0 0.513250 0.725521 0.003500 0.015625
0 0.500125 0.734115 0.003750 0.017188
0 0.509125 0.725781 0.004250 0.015104
0 0.511375 0.731510 0.003250 0.015104
0 0.508375 0.703646 0.005750 0.016667
0 0.509250 0.703646 0.006500 0.015625
0 0.516875 0.650521 0.005250 0.010417
0 0.507875 0.632292 0.004250 0.014583
0 0.509625 0.628646 0.003750 0.008333
0 0.506750 0.585417 0.005500 0.014583
0 0.525875 0.545573 0.005250 0.017188
0 0.526375 0.543750 0.005250 0.016667
0 0.658125 0.828385 0.002750 0.014063
0 0.660250 0.828125 0.004000 0.016667
0 0.666875 0.803646 0.004750 0.016667
0 0.685000 0.822396 0.005000 0.017708
0 0.659250 0.772917 0.006500 0.007292
0 0.659000 0.764323 0.003000 0.015104
0 0.661625 0.765104 0.003750 0.013542
0 0.666625 0.677604 0.005250 0.013542
0 0.669500 0.679427 0.003500 0.015104
0 0.653875 0.661719 0.005250 0.017188
0 0.662000 0.648698 0.004000 0.013021
0 0.664250 0.647135 0.005000 0.014063
0 0.682500 0.632031 0.006000 0.015104
0 0.680000 0.561979 0.007000 0.006250
0 0.679625 0.557552 0.008250 0.005729
0 0.679750 0.551562 0.007000 0.010417
0 0.681250 0.548698 0.006000 0.008854
0 0.671625 0.566667 0.004750 0.017708
0 0.655625 0.567187 0.003750 0.015625
0 0.651625 0.569271 0.004250 0.014583
0 0.648250 0.576562 0.004500 0.015625
0 0.647375 0.561198 0.005250 0.013021
0 0.652625 0.558333 0.004750 0.014583
0 0.641125 0.558854 0.005250 0.015625
0 0.646375 0.536979 0.008250 0.010417
0 0.638125 0.534635 0.006750 0.014063
0 0.649250 0.513802 0.002500 0.017188
0 0.646750 0.513021 0.003000 0.015625
0 0.665375 0.512500 0.004750 0.018750
0 0.651125 0.453646 0.005750 0.019792
0 0.693125 0.363021 0.003750 0.014583
0 0.695875 0.361979 0.005250 0.015625
0 0.704625 0.455729 0.005250 0.012500
0 0.709250 0.465625 0.006500 0.012500
0 0.738625 0.493750 0.004750 0.015625
