0 0.471125 0.239062 0.008750 0.010417
0 0.501000 0.299479 0.004500 0.014583
0 0.511000 0.308073 0.004500 0.015104
0 0.522750 0.303125 0.007000 0.011458
0 0.504250 0.355469 0.005500 0.015104
0 0.448500 0.339583 0.005000 0.017708
0 0.495500 0.485677 0.006000 0.014063
0 0.500250 0.476562 0.007000 0.008333
0 0.518000 0.454167 0.004000 0.017708
0 0.524875 0.455729 0.007750 0.008333
0 0.512375 0.426302 0.007250 0.011979
0 0.502625 0.426302 0.006750 0.008854
0 0.510250 0.408333 0.004500 0.010417
0 0.508000 0.404948 0.005000 0.014063
0 0.536375 0.373437 0.004750 0.010417
0 0.533500 0.369271 0.003000 0.015625
0 0.556250 0.350260 0.007500 0.007812
0 0.550625 0.343490 0.006750 0.007812
0 0.558875 0.336458 0.005750 0.009375
0 0.559750 0.333333 0.006000 0.009375
0 0.589125 0.353906 0.008250 0.010937
0 0.604000 0.312240 0.006000 0.004687
0 0.604250 0.308073 0.007000 0.007812
0 0.626625 0.302344 0.006750 0.013021
0 0.646875 0.299479 0.005250 0.015625
0 0.637500 0.324219 0.007000 0.011979
0 0.634875 0.317188 0.003750 0.013542
0 0.631875 0.319010 0.004750 0.014063
0 0.669375 0.313542 0.006750 0.010417
0 0.680125 0.324479 0.005750 0.014583
0 0.666250 0.350521 0.006000 0.013542
0 0.667500 0.324479 0.003500 0.009375
0 0.668875 0.322396 0.004250 0.009375
0 0.670625 0.321875 0.004250 0.011458
0 0.622000 0.362500 0.004500 0.011458
0 0.617125 0.383333 0.007250 0.013542
0 0.603375 0.389844 0.003750 0.011979
0 0.599750 0.390625 0.004000 0.011458
0 0.594750 0.388281 0.005500 0.011979
0 0.556625 0.384375 0.007750 0.006250
0 0.551375 0.395833 0.006250 0.013542
0 0.558625 0.392448 0.005250 0.013021
0 0.568125 0.400260 0.007750 0.011979
0 0.550500 0.410417 0.005500 0.013542
0 0.554625 0.416927 0.007250 0.009896
0 0.562750 0.423958 0.006000 0.010417
0 0.574375 0.431510 0.006750 0.009896
0 0.587750 0.439323 0.004500 0.015104
0 0.587875 0.400000 0.003750 0.009375
0 0.585875 0.398177 0.004250 0.013021
0 0.514875 0.548177 0.005250 0.010937
0 0.596875 0.595313 0.005250 0.010417
0 0.639500 0.651823 0.005500 0.010937
0 0.650500 0.663802 0.007000 0.007812
0 0.653875 0.670833 0.006250 0.007292
0 0.662375 0.683073 0.006250 0.007812
0 0.670250 0.695052 0.006000 0.009896
0 0.679500 0.709896 0.006500 0.008333
0 0.695250 0.736719 0.005500 0.007812
0 0.696500 0.742448 0.006500 0.007812
0 0.694375 0.745833 0.005750 0.008333
0 0.700750 0.753385 0.007000 0.010937
0 0.710125 0.770052 0.006750 0.008854
0 0.712125 0.777344 0.005750 0.010937
0 0.719000 0.782813 0.006500 0.012500
0 0.553000 0.567708 0.006500 0.006250
0 0.461625 0.627865 0.005250 0.015104
0 0.499375 0.654948 0.004750 0.008854
0 0.509250 0.641406 0.006000 0.010937
0 0.533375 0.669531 0.004750 0.013021
0 0.535750 0.660677 0.007500 0.008854
0 0.523250 0.675781 0.003500 0.007812
0 0.569000 0.702865 0.005500 0.015104
0 0.570000 0.683333 0.004500 0.016667
0 0.566125 0.717708 0.007750 0.009375
0 0.571125 0.752604 0.006750 0.011458
0 0.585000 0.737760 0.008000 0.009896
0 0.596375 0.752083 0.006750 0.009375
0 0.605750 0.745573 0.004000 0.014063
0 0.602625 0.705990 0.007750 0.013021
0 0.614750 0.753385 0.006000 0.010937
0 0.618750 0.745573 0.005000 0.013021
0 0.626375 0.745833 0.006750 0.011458
0 0.633250 0.750781 0.004000 0.014063
0 0.630375 0.762240 0.006250 0.013021
0 0.620875 0.760156 0.003750 0.014063
0 0.622625 0.758594 0.004250 0.013021
0 0.641125 0.717187 0.006250 0.013542
0 0.649125 0.778646 0.008250 0.008333
0 0.623250 0.824740 0.006500 0.009896
0 0.655000 0.797135 0.007500 0.009896
0 0.645375 0.873958 0.006750 0.011458
0 0.655375 0.854687 0.005250 0.012500
0 0.666375 0.812500 0.004250 0.014583
0 0.674000 0.816406 0.005500 0.009896
0 0.679375 0.823958 0.005750 0.012500
0 0.678000 0.815885 0.007000 0.008854
0 0.678500 0.807552 0.003000 0.008854
0 0.676375 0.806250 0.005250 0.010417
0 0.688375 0.819531 0.006250 0.013021
0 0.706000 0.840625 0.007500 0.010417
0 0.699750 0.829948 0.006500 0.007812
0 0.699625 0.825781 0.005750 0.008854
0 0.704500 0.827083 0.004500 0.011458
0 0.705875 0.869010 0.008750 0.008854
0 0.674875 0.841146 0.004750 0.011458
0 0.687500 0.851562 0.005000 0.008333
0 0.688625 0.849479 0.007250 0.009375
0 0.740375 0.930208 0.005750 0.011458
0 0.761875 0.903646 0.006250 0.010417
0 0.762250 0.898698 0.007500 0.008854
0 0.525250 0.797917 0.008500 0.009375
0 0.537500 0.821875 0.004500 0.014583
0 0.543875 0.823698 0.004250 0.017188
0 0.545375 0.808073 0.006250 0.013021
0 0.562875 0.844531 0.006250 0.011979
0 0.568875 0.858594 0.004750 0.007812
0 0.566750 0.851823 0.003500 0.006771
0 0.585875 0.866146 0.006250 0.012500
0 0.593125 0.850260 0.006250 0.011979
0 0.588000 0.898698 0.005000 0.010937
0 0.604125 0.909896 0.004750 0.016667
0 0.596625 0.926562 0.006750 0.011458
0 0.595000 0.941667 0.005500 0.014583
0 0.587875 0.933333 0.005750 0.011458
0 0.591000 0.931771 0.005500 0.013542
0 0.604375 0.942708 0.004750 0.015625
0 0.613250 0.952604 0.006000 0.012500
0 0.622875 0.945312 0.005750 0.013542
0 0.593000 0.985677 0.005000 0.015104
0 0.638750 0.975260 0.006500 0.009896
0 0.645250 0.977865 0.004500 0.009896
0 0.645000 0.968229 0.004500 0.010417
0 0.654750 0.988802 0.006500 0.008854
0 0.470500 0.742188 0.004500 0.015625
0 0.484625 0.907031 0.004750 0.015104
0 0.498500 0.942187 0.008000 0.011458
0 0.509000 0.941667 0.004500 0.012500
0 0.510250 0.936719 0.006000 0.008854
0 0.374750 0.810417 0.005500 0.014583
0 0.526875 0.112760 0.004750 0.008854
