0 0.194250 0.536719 0.008500 0.017188
0 0.205750 0.438021 0.009500 0.016667
0 0.095875 0.271354 0.007250 0.012500
0 0.367625 0.746094 0.003750 0.013021
0 0.370250 0.738281 0.006000 0.006771
0 0.363875 0.740104 0.003250 0.012500
0 0.360750 0.733594 0.007500 0.007812
0 0.343500 0.721875 0.006000 0.010417
0 0.355125 0.761719 0.002750 0.015104
0 0.358125 0.765104 0.002750 0.013542
0 0.360250 0.762500 0.003000 0.011458
0 0.321125 0.745833 0.003250 0.012500
0 0.318500 0.747135 0.002500 0.014063
0 0.339000 0.659115 0.005000 0.010937
0 0.342875 0.661458 0.003250 0.009375
0 0.344500 0.660677 0.005000 0.010937
0 0.331750 0.642448 0.007500 0.014063
0 0.344875 0.620833 0.006750 0.010417
0 0.302625 0.563802 0.007250 0.010937
0 0.290500 0.553906 0.004000 0.010937
0 0.453250 0.826562 0.003000 0.012500
0 0.435000 0.730990 0.004500 0.009896
0 0.432625 0.708854 0.004750 0.017708
0 0.424750 0.672396 0.004500 0.014583
0 0.420125 0.639844 0.003750 0.016146
0 0.389875 0.664844 0.005250 0.013021
0 0.407250 0.622135 0.003000 0.009896
0 0.409375 0.619531 0.003750 0.011979
0 0.424375 0.639583 0.004250 0.012500
0 0.373250 0.567187 0.004500 0.015625
0 0.376625 0.551042 0.005250 0.013542
0 0.399500 0.524219 0.002500 0.010937
0 0.397000 0.525260 0.002500 0.014063
0 0.394125 0.502083 0.003250 0.010417
0 0.396250 0.500781 0.003000 0.010937
0 0.389125 0.487500 0.005250 0.009375
0 0.387625 0.476562 0.003750 0.012500
0 0.372000 0.483854 0.003000 0.007292
0 0.375125 0.483854 0.003250 0.007292
0 0.354750 0.470833 0.005000 0.011458
0 0.350125 0.471094 0.004250 0.009896
0 0.361250 0.441927 0.005500 0.009896
0 0.365875 0.437500 0.003250 0.011458
0 0.369125 0.437500 0.003250 0.013542
0 0.377000 0.412760 0.008500 0.011979
0 0.367875 0.407812 0.005250 0.011458
0 0.373625 0.384635 0.007250 0.015104
0 0.342000 0.359375 0.004000 0.016667
0 0.350375 0.350000 0.007750 0.013542
0 0.351625 0.366406 0.004750 0.017188
0 0.362750 0.366927 0.004500 0.009896
0 0.333375 0.309375 0.007750 0.015625
0 0.370125 0.277083 0.006750 0.019792
0 0.378250 0.262240 0.007000 0.014063
0 0.338375 0.223437 0.004750 0.010417
0 0.344750 0.227604 0.005000 0.010417
0 0.379750 0.190104 0.007000 0.015625
0 0.387625 0.198698 0.005750 0.014063
0 0.401375 0.290104 0.004250 0.009375
0 0.402375 0.299740 0.004250 0.011979
0 0.424750 0.345833 0.005000 0.008333
0 0.422875 0.407031 0.005250 0.007812
0 0.423125 0.411458 0.004250 0.007292
0 0.411375 0.434115 0.004750 0.009896
0 0.395875 0.411198 0.004750 0.013021
0 0.413000 0.395313 0.007500 0.016667
0 0.405250 0.372396 0.002500 0.010417
0 0.407375 0.369792 0.002250 0.011458
0 0.433375 0.418229 0.004750 0.013542
0 0.427250 0.433073 0.004500 0.008854
0 0.431875 0.449479 0.003750 0.011458
0 0.427125 0.442708 0.002250 0.011458
0 0.428875 0.444271 0.001750 0.008333
0 0.429000 0.452083 0.004500 0.005208
0 0.411375 0.477083 0.003750 0.012500
0 0.417375 0.482812 0.004250 0.008333
0 0.420875 0.470833 0.005250 0.007292
0 0.433500 0.516406 0.003000 0.011979
0 0.431125 0.512760 0.004250 0.006771
0 0.431750 0.530729 0.004000 0.009375
0 0.428625 0.541667 0.004750 0.009375
0 0.427375 0.534896 0.005250 0.006250
0 0.422250 0.501042 0.004500 0.014583
0 0.428375 0.475000 0.003250 0.010417
0 0.434250 0.472917 0.002000 0.011458
0 0.436250 0.473177 0.002000 0.010937
0 0.427250 0.465104 0.004000 0.008333
0 0.430375 0.464844 0.002750 0.005729
0 0.428625 0.458073 0.002250 0.007812
0 0.434500 0.498177 0.002500 0.008854
0 0.430750 0.494531 0.002500 0.008854
0 0.432000 0.488802 0.003000 0.006771
0 0.378375 0.322396 0.006250 0.009375
0 0.379250 0.334635 0.006500 0.015104
0 0.360875 0.117188 0.005250 0.014583
0 0.457375 0.749740 0.005250 0.011979
0 0.461750 0.733333 0.003000 0.012500
0 0.459875 0.733594 0.002250 0.010937
0 0.477375 0.710417 0.005250 0.014583
0 0.474875 0.677344 0.003750 0.015104
0 0.462125 0.682552 0.003750 0.015104
0 0.450875 0.695573 0.005750 0.017188
0 0.451250 0.676302 0.005000 0.007812
0 0.450625 0.658073 0.005250 0.015104
0 0.464375 0.662500 0.003750 0.012500
0 0.468625 0.657813 0.003750 0.011458
0 0.468625 0.676042 0.005250 0.011458
0 0.470000 0.687760 0.005500 0.013021
0 0.507125 0.607812 0.005250 0.010417
0 0.504125 0.593490 0.007250 0.018229
0 0.496500 0.573177 0.005000 0.010937
0 0.491125 0.580729 0.003750 0.011458
0 0.495500 0.593490 0.003000 0.010937
0 0.493625 0.601302 0.003250 0.011979
0 0.491750 0.596094 0.002500 0.011979
0 0.486750 0.594271 0.003000 0.011458
0 0.483000 0.592187 0.005000 0.011458
0 0.482125 0.607812 0.005250 0.007292
0 0.489625 0.604688 0.002250 0.011458
0 0.487375 0.604948 0.002750 0.010937
0 0.476625 0.571875 0.005750 0.016667
0 0.481875 0.571875 0.002750 0.013542
0 0.484750 0.568229 0.002500 0.012500
0 0.487500 0.572135 0.003000 0.008854
0 0.460875 0.573438 0.003250 0.007292
0 0.463750 0.570052 0.002500 0.013021
0 0.460875 0.569010 0.002750 0.005729
0 0.469125 0.587500 0.003250 0.009375
0 0.470000 0.584375 0.003500 0.008333
0 0.509125 0.520052 0.004250 0.013021
0 0.495000 0.504687 0.007500 0.013542
0 0.505500 0.496875 0.005500 0.011458
0 0.511875 0.501042 0.004250 0.010417
0 0.513500 0.492708 0.004000 0.011458
0 0.509875 0.492969 0.003750 0.011979
0 0.520625 0.475000 0.004250 0.012500
0 0.511250 0.479167 0.004500 0.009375
0 0.512750 0.485677 0.005000 0.006771
0 0.474500 0.476823 0.004500 0.013021
0 0.454875 0.465104 0.003750 0.008333
0 0.453875 0.522396 0.006250 0.013542
0 0.480500 0.450260 0.005000 0.009896
0 0.491750 0.459115 0.004000 0.011979
0 0.487875 0.458594 0.003750 0.011979
0 0.495375 0.437240 0.004750 0.011979
0 0.510750 0.445052 0.007500 0.009896
0 0.521875 0.443750 0.003750 0.012500
0 0.518625 0.430990 0.006750 0.009896
0 0.516250 0.420833 0.003000 0.012500
0 0.480375 0.423958 0.004750 0.010417
0 0.470375 0.425260 0.004750 0.008854
0 0.462375 0.441927 0.003750 0.008854
0 0.458250 0.382031 0.005000 0.006771
0 0.454000 0.383333 0.004500 0.007292
0 0.458375 0.390885 0.005750 0.009896
0 0.462625 0.392448 0.002750 0.009896
0 0.470375 0.401562 0.005250 0.014583
0 0.478125 0.351562 0.003250 0.012500
0 0.470375 0.335156 0.003750 0.013021
0 0.466125 0.346094 0.002750 0.009896
0 0.458250 0.342708 0.005500 0.017708
0 0.465250 0.321615 0.002500 0.008854
0 0.467000 0.328646 0.002000 0.011458
0 0.472875 0.322917 0.003750 0.010417
0 0.437750 0.304688 0.003500 0.013542
0 0.455250 0.320052 0.004000 0.008854
0 0.457375 0.318490 0.003250 0.007812
0 0.462875 0.303906 0.006750 0.014063
0 0.488125 0.312500 0.006750 0.014583
0 0.483625 0.345313 0.004750 0.013542
0 0.490125 0.266406 0.004250 0.013021
0 0.465875 0.260417 0.004250 0.012500
0 0.482125 0.250000 0.002750 0.010417
0 0.480375 0.248438 0.002250 0.010417
0 0.488500 0.238802 0.002000 0.011979
0 0.486625 0.239062 0.001750 0.013542
0 0.490375 0.222917 0.001750 0.011458
0 0.488375 0.221875 0.002250 0.012500
0 0.482875 0.203385 0.004250 0.011979
0 0.487625 0.196615 0.004750 0.009896
0 0.494250 0.189062 0.002500 0.011458
0 0.492500 0.187500 0.002500 0.011458
0 0.517000 0.251302 0.004000 0.011979
0 0.526375 0.269792 0.005750 0.015625
0 0.514250 0.286198 0.005000 0.009896
0 0.514000 0.267188 0.003000 0.012500
0 0.516875 0.265365 0.002750 0.007812
0 0.514625 0.323177 0.002750 0.008854
0 0.512250 0.321094 0.004000 0.007812
0 0.500125 0.377344 0.004750 0.013021
0 0.518000 0.363021 0.004000 0.010417
0 0.518750 0.374219 0.005500 0.009896
0 0.524500 0.372396 0.003500 0.009375
0 0.528375 0.364844 0.004250 0.008854
0 0.522875 0.365885 0.002750 0.009896
0 0.536875 0.345052 0.005250 0.018229
0 0.545625 0.371615 0.008250 0.010937
0 0.533625 0.414844 0.003750 0.010937
0 0.531000 0.419271 0.003500 0.011458
0 0.528125 0.402083 0.005250 0.008333
0 0.530625 0.396354 0.002750 0.010417
0 0.523625 0.396354 0.002750 0.010417
0 0.521000 0.388802 0.005500 0.004687
0 0.526875 0.380469 0.003250 0.009896
0 0.522750 0.383333 0.004500 0.009375
0 0.484375 0.496615 0.003250 0.010937
0 0.483375 0.494010 0.002750 0.009896
0 0.522000 0.530208 0.004000 0.008333
0 0.457000 0.304167 0.006000 0.009375
0 0.542375 0.665625 0.006750 0.009375
0 0.559625 0.634896 0.002750 0.012500
0 0.564625 0.632812 0.004250 0.012500
0 0.569500 0.623698 0.006000 0.007812
0 0.566750 0.615365 0.003000 0.014063
0 0.559250 0.612500 0.004000 0.013542
0 0.569375 0.603646 0.004250 0.011458
0 0.568625 0.595052 0.003250 0.010937
0 0.560625 0.585417 0.006250 0.006250
0 0.563500 0.572917 0.003000 0.015625
0 0.557875 0.579948 0.003250 0.010937
0 0.555875 0.577344 0.002750 0.009896
0 0.554000 0.596615 0.003500 0.010937
0 0.556000 0.596615 0.004000 0.011979
0 0.540750 0.635417 0.003000 0.013542
0 0.540750 0.646875 0.004500 0.011458
0 0.543750 0.646875 0.001500 0.012500
0 0.546000 0.647917 0.003000 0.014583
0 0.580625 0.578125 0.006750 0.008333
0 0.600500 0.568229 0.005000 0.013542
0 0.589875 0.585156 0.006750 0.006771
0 0.605875 0.544792 0.003250 0.013542
0 0.589125 0.560937 0.004750 0.010417
0 0.588000 0.557552 0.005000 0.008854
0 0.570125 0.558594 0.003250 0.015104
0 0.565750 0.559635 0.006000 0.007812
0 0.580500 0.534375 0.003000 0.013542
0 0.593625 0.532031 0.005750 0.010937
0 0.576750 0.514323 0.004000 0.014063
0 0.579750 0.496875 0.004500 0.012500
0 0.569875 0.494010 0.004250 0.008854
0 0.568500 0.506771 0.002000 0.008333
0 0.589750 0.503646 0.003500 0.012500
0 0.593375 0.500781 0.003250 0.013021
0 0.588375 0.520833 0.004750 0.010417
0 0.586625 0.514844 0.004250 0.011979
0 0.598750 0.510938 0.003500 0.011458
0 0.601625 0.523438 0.003750 0.011458
0 0.600875 0.515365 0.004750 0.007812
0 0.605000 0.500781 0.004000 0.010937
0 0.601750 0.497656 0.004000 0.010937
0 0.616625 0.513802 0.006250 0.006771
0 0.619500 0.505990 0.003000 0.013021
0 0.617750 0.498177 0.003500 0.011979
0 0.614125 0.483073 0.004250 0.010937
0 0.623625 0.472917 0.003750 0.012500
0 0.627500 0.470833 0.002500 0.012500
0 0.629625 0.470052 0.004250 0.011979
0 0.620875 0.425260 0.003750 0.014063
0 0.595750 0.365885 0.006000 0.018229
0 0.652750 0.294531 0.006000 0.013021
0 0.640375 0.367969 0.006250 0.011979
0 0.624375 0.327344 0.006250 0.011979
0 0.616750 0.328646 0.006500 0.009375
0 0.620500 0.336979 0.007500 0.008333
0 0.598625 0.397917 0.006250 0.015625
0 0.643750 0.352083 0.008000 0.009375
0 0.649125 0.346094 0.007250 0.011979
0 0.509750 0.827344 0.006500 0.010937
0 0.530750 0.807031 0.005000 0.011979
0 0.539375 0.832812 0.003750 0.015625
0 0.545750 0.850781 0.005000 0.008854
0 0.556000 0.830469 0.004500 0.015104
0 0.547375 0.808854 0.004250 0.013542
0 0.542375 0.818229 0.002250 0.012500
0 0.540125 0.817969 0.002250 0.011979
0 0.539500 0.791406 0.002500 0.010937
0 0.542625 0.796354 0.004750 0.007292
0 0.546500 0.790104 0.004000 0.010417
0 0.543250 0.788802 0.002500 0.009896
0 0.555750 0.810677 0.003000 0.011979
0 0.553250 0.809375 0.004000 0.011458
0 0.570500 0.800000 0.006500 0.014583
0 0.581250 0.783073 0.004500 0.015104
0 0.589375 0.774740 0.004250 0.010937
0 0.598375 0.771875 0.004250 0.013542
0 0.590000 0.783854 0.005500 0.011458
0 0.584375 0.803125 0.004250 0.006250
0 0.584250 0.795833 0.004500 0.009375
0 0.601625 0.756510 0.003750 0.013021
0 0.578375 0.744531 0.004750 0.010937
0 0.587125 0.750000 0.006250 0.008333
0 0.572625 0.765365 0.004750 0.011979
0 0.581250 0.756771 0.005000 0.014583
0 0.574500 0.711198 0.008000 0.008854
0 0.580875 0.696615 0.004750 0.013021
0 0.595000 0.685937 0.004500 0.011458
0 0.610625 0.713021 0.005250 0.013542
0 0.598250 0.739323 0.003000 0.013021
0 0.594250 0.725781 0.004500 0.009896
0 0.599625 0.721354 0.004250 0.008333
0 0.600500 0.725521 0.004500 0.008333
0 0.594625 0.734896 0.004250 0.011458
0 0.610000 0.734375 0.005500 0.005208
0 0.615500 0.730208 0.004500 0.007292
0 0.609625 0.727865 0.005250 0.006771
0 0.632000 0.753125 0.005000 0.011458
0 0.634125 0.741406 0.003750 0.010937
0 0.632375 0.731510 0.003250 0.009896
0 0.630125 0.731771 0.002750 0.010417
0 0.647375 0.719531 0.005250 0.007812
0 0.651750 0.730729 0.003500 0.008333
0 0.648750 0.722135 0.004000 0.008854
0 0.648250 0.729948 0.005500 0.006771
0 0.618125 0.683854 0.003750 0.008333
0 0.619625 0.682552 0.004250 0.008854
0 0.628625 0.669010 0.002750 0.008854
0 0.626250 0.667448 0.003500 0.008854
0 0.638875 0.679427 0.005750 0.004687
0 0.638625 0.675521 0.005250 0.005208
0 0.095375 0.862240 0.008750 0.013021
0 0.081625 0.590885 0.005750 0.017188
0 0.548500 0.619792 0.005500 0.014583
