0 0.084500 0.468750 0.006500 0.012500
0 0.057875 0.439062 0.004250 0.008333
0 0.060625 0.617448 0.006250 0.010937
0 0.069500 0.595573 0.003000 0.014063
0 0.081500 0.584896 0.006000 0.011458
0 0.094125 0.546094 0.005250 0.010937
0 0.112250 0.534635 0.003500 0.010937
0 0.191250 0.482552 0.003000 0.007812
0 0.214875 0.505990 0.004750 0.010937
0 0.236750 0.541927 0.006000 0.010937
0 0.175500 0.620313 0.005000 0.009375
0 0.270750 0.706250 0.005000 0.014583
0 0.290000 0.690625 0.006500 0.010417
0 0.308250 0.733854 0.004500 0.009375
0 0.268500 0.571875 0.004500 0.011458
0 0.263750 0.570833 0.005500 0.009375
0 0.256125 0.564844 0.005750 0.008854
0 0.256000 0.557813 0.006000 0.006250
0 0.256625 0.551823 0.005750 0.006771
0 0.406375 0.676042 0.006750 0.009375
0 0.446125 0.669010 0.002750 0.013021
0 0.450875 0.672656 0.003750 0.011979
0 0.479875 0.708073 0.005250 0.009896
0 0.489750 0.647656 0.006000 0.007812
0 0.504000 0.644531 0.005000 0.011979
0 0.491500 0.619792 0.005000 0.011458
0 0.476000 0.612760 0.004000 0.007812
0 0.435250 0.478385 0.004000 0.011979
0 0.397000 0.450260 0.005500 0.006771
0 0.396000 0.438281 0.004500 0.013021
0 0.373375 0.392708 0.006250 0.009375
0 0.347500 0.404167 0.006500 0.008333
0 0.326750 0.351823 0.006500 0.007812
0 0.381375 0.337500 0.004250 0.011458
0 0.393500 0.312760 0.005000 0.008854
0 0.341625 0.252865 0.005750 0.009896
0 0.316500 0.277865 0.006000 0.011979
0 0.283125 0.252604 0.005750 0.007292
0 0.323375 0.221875 0.004750 0.008333
0 0.340875 0.227083 0.006250 0.008333
0 0.295625 0.196615 0.005750 0.010937
0 0.275750 0.175781 0.006500 0.007812
0 0.273625 0.152865 0.003250 0.010937
0 0.267625 0.151562 0.006250 0.007292
0 0.267500 0.119531 0.005000 0.009896
0 0.254500 0.128906 0.006000 0.007812
0 0.256875 0.115625 0.005250 0.008333
0 0.233625 0.115365 0.005750 0.010937
0 0.226250 0.113802 0.005000 0.014063
0 0.214750 0.071615 0.004500 0.011979
0 0.215250 0.051562 0.005000 0.009375
0 0.199625 0.034115 0.006250 0.007812
0 0.233000 0.066927 0.003500 0.010937
0 0.238250 0.062760 0.006000 0.013021
0 0.266125 0.072135 0.007250 0.008854
0 0.281000 0.072917 0.005500 0.008333
0 0.281500 0.063802 0.006000 0.005729
0 0.283875 0.070312 0.006750 0.009375
0 0.293500 0.121094 0.006000 0.010937
0 0.308125 0.130208 0.004750 0.009375
0 0.312625 0.101302 0.004250 0.010937
0 0.326625 0.141146 0.004250 0.011458
0 0.405875 0.408073 0.004250 0.010937
0 0.527250 0.625521 0.006000 0.010417
0 0.531250 0.483073 0.005500 0.007812
0 0.524875 0.448177 0.004750 0.010937
0 0.530125 0.445833 0.005250 0.005208
0 0.526625 0.440625 0.004250 0.010417
0 0.483500 0.357812 0.004500 0.008333
0 0.522375 0.325260 0.004250 0.010937
0 0.531500 0.307812 0.005500 0.006250
0 0.530375 0.295052 0.003750 0.011979
0 0.476625 0.295052 0.003250 0.011979
0 0.483250 0.282552 0.004000 0.011979
0 0.523000 0.260677 0.006000 0.011979
0 0.533250 0.212500 0.003500 0.011458
0 0.528875 0.221615 0.003750 0.013021
0 0.514125 0.204167 0.003750 0.011458
0 0.525250 0.176563 0.003500 0.012500
0 0.504250 0.154427 0.004500 0.009896
0 0.497000 0.150521 0.003000 0.012500
0 0.487625 0.161198 0.005250 0.013021
0 0.447750 0.160156 0.003500 0.010937
0 0.497250 0.186198 0.002500 0.013021
0 0.500500 0.188281 0.004000 0.015104
0 0.549875 0.136198 0.003750 0.007812
0 0.519875 0.114844 0.004250 0.008854
0 0.505500 0.131250 0.005500 0.008333
0 0.497000 0.120313 0.004000 0.010417
0 0.495500 0.106510 0.004000 0.009896
0 0.478000 0.082812 0.004000 0.012500
0 0.502500 0.020052 0.006000 0.006771
0 0.537375 0.030990 0.004750 0.010937
0 0.531000 0.021094 0.004500 0.011979
0 0.488875 0.015885 0.003750 0.010937
0 0.493500 0.005208 0.005000 0.006250
0 0.490750 0.003646 0.003000 0.007292
0 0.553000 0.677865 0.004000 0.011979
0 0.587625 0.562500 0.005750 0.010417
0 0.575750 0.561458 0.004000 0.008333
0 0.594000 0.512240 0.005500 0.008854
0 0.603500 0.489063 0.006000 0.008333
0 0.615750 0.441927 0.005000 0.007812
0 0.621500 0.440625 0.004000 0.011458
0 0.655000 0.421875 0.004000 0.010417
0 0.672750 0.427865 0.004500 0.007812
0 0.662250 0.333333 0.006500 0.007292
0 0.661000 0.313802 0.006000 0.007812
0 0.710375 0.347656 0.003750 0.013021
0 0.693375 0.316927 0.004250 0.009896
0 0.695125 0.305469 0.005750 0.010937
0 0.708375 0.303385 0.003250 0.011979
0 0.704625 0.308073 0.004750 0.009896
0 0.696375 0.264323 0.005250 0.006771
0 0.691875 0.254948 0.004750 0.011979
0 0.689750 0.234115 0.006500 0.007812
0 0.732375 0.165365 0.005750 0.008854
0 0.724875 0.158333 0.005250 0.008333
0 0.732875 0.116146 0.004250 0.011458
0 0.763750 0.059896 0.006500 0.007292
0 0.794125 0.062500 0.005250 0.008333
0 0.748875 0.003385 0.004750 0.006771
0 0.819375 0.095833 0.003750 0.012500
0 0.755875 0.224479 0.004750 0.011458
0 0.643125 0.635156 0.005750 0.007812
0 0.658750 0.661458 0.006000 0.006250
0 0.660000 0.666927 0.005500 0.004687
0 0.826125 0.577344 0.005250 0.009896
0 0.793250 0.498698 0.005500 0.008854
0 0.824875 0.438542 0.004750 0.008333
0 0.784375 0.957812 0.005750 0.012500
0 0.751250 0.971615 0.003500 0.014063
0 0.647625 0.884896 0.005250 0.012500
0 0.635875 0.848437 0.005250 0.009375
0 0.643750 0.848437 0.005500 0.008333
0 0.615000 0.839583 0.004000 0.010417
0 0.630250 0.817708 0.005000 0.009375
0 0.621000 0.800781 0.004000 0.011979
0 0.483500 0.791667 0.006500 0.009375
0 0.464375 0.770833 0.003250 0.007292
0 0.453625 0.790365 0.003250 0.013021
0 0.450000 0.796875 0.004000 0.011458
0 0.435250 0.818750 0.005000 0.012500
0 0.422250 0.820573 0.004500 0.011979
0 0.426750 0.835156 0.005000 0.011979
0 0.343125 0.969010 0.005250 0.014063
0 0.332500 0.978646 0.006500 0.012500
0 0.352750 0.591406 0.006500 0.008854
