0 0.760250 0.585677 0.008500 0.013021
0 0.757625 0.618229 0.009250 0.016667
0 0.758875 0.629167 0.007750 0.013542
0 0.733250 0.580469 0.010500 0.021354
0 0.685375 0.529687 0.006750 0.016667
0 0.720125 0.514583 0.008250 0.015625
0 0.726750 0.568490 0.009000 0.015104
0 0.681125 0.564323 0.005750 0.017188
0 0.671125 0.575781 0.006250 0.016146
0 0.672625 0.594531 0.005250 0.019271
0 0.683875 0.592187 0.008750 0.016667
0 0.678375 0.598958 0.006750 0.016667
0 0.680125 0.607292 0.006750 0.008333
0 0.732500 0.657552 0.007500 0.013021
0 0.727250 0.665365 0.009000 0.015104
0 0.728625 0.679688 0.009250 0.010417
0 0.729375 0.695833 0.008750 0.019792
0 0.731000 0.709635 0.007500 0.014063
0 0.580250 0.915625 0.005500 0.017708
0 0.576750 0.900521 0.005500 0.012500
0 0.583000 0.886198 0.007000 0.015104
0 0.582125 0.897656 0.006250 0.020313
0 0.586875 0.896875 0.003750 0.014583
0 0.576875 0.855729 0.006250 0.018750
0 0.592875 0.836979 0.005750 0.016667
0 0.581250 0.820312 0.007000 0.015625
0 0.573500 0.794271 0.006500 0.021875
0 0.572875 0.792969 0.005750 0.018229
0 0.555750 0.804948 0.006000 0.019271
0 0.559500 0.820573 0.005500 0.019271
0 0.593250 0.760938 0.005500 0.019792
0 0.576875 0.769010 0.006750 0.010937
0 0.576375 0.753906 0.005250 0.014063
0 0.621500 0.822656 0.007000 0.015104
0 0.557250 0.739323 0.008500 0.013021
0 0.559500 0.727344 0.006000 0.017188
0 0.563625 0.724479 0.005750 0.016667
0 0.548250 0.717708 0.008000 0.013542
0 0.539750 0.699479 0.006500 0.022917
0 0.544125 0.699219 0.005250 0.014063
0 0.606625 0.697135 0.009750 0.019271
0 0.603000 0.695052 0.006000 0.018229
0 0.603250 0.688021 0.006500 0.010417
0 0.592625 0.684635 0.009750 0.011979
0 0.589750 0.666927 0.006000 0.015104
0 0.595375 0.658594 0.007250 0.013021
0 0.592750 0.625260 0.006500 0.017188
0 0.597625 0.612500 0.006750 0.018750
0 0.582250 0.609115 0.007000 0.020313
0 0.573750 0.643750 0.007000 0.015625
0 0.556625 0.635677 0.004750 0.015104
0 0.562625 0.623177 0.006750 0.013021
0 0.566625 0.600000 0.008250 0.012500
0 0.572000 0.594531 0.005500 0.019271
0 0.565375 0.582552 0.007750 0.013021
0 0.558125 0.585156 0.007750 0.011979
0 0.570125 0.568229 0.006750 0.016667
0 0.589000 0.566146 0.008000 0.013542
0 0.563500 0.540885 0.006500 0.019271
0 0.558875 0.541146 0.007750 0.012500
0 0.560000 0.521875 0.007500 0.012500
0 0.564125 0.518750 0.004750 0.018750
0 0.570375 0.504427 0.006750 0.015104
0 0.567750 0.488542 0.006000 0.019792
0 0.570625 0.475781 0.004250 0.009896
0 0.576000 0.482031 0.005000 0.016146
0 0.576625 0.500000 0.005750 0.017708
0 0.579000 0.490104 0.003500 0.014583
0 0.586125 0.475260 0.003750 0.013021
0 0.649875 0.414583 0.007750 0.021875
0 0.588000 0.439062 0.007500 0.019792
0 0.589875 0.446354 0.006250 0.014583
0 0.576375 0.395833 0.006250 0.017708
0 0.598625 0.272917 0.007250 0.013542
0 0.575500 0.283333 0.005500 0.018750
0 0.574750 0.298698 0.011000 0.010937
0 0.575375 0.307552 0.006750 0.014063
0 0.574375 0.214583 0.006750 0.014583
0 0.689250 0.476823 0.010500 0.020313
0 0.688875 0.476562 0.012250 0.017708
0 0.700250 0.378906 0.006000 0.017188
0 0.476125 0.408594 0.006750 0.016146
0 0.460875 0.321615 0.005750 0.014063
0 0.453625 0.326823 0.008750 0.014063
0 0.450750 0.271094 0.006500 0.018229
0 0.448375 0.264323 0.007750 0.017188
0 0.416500 0.327865 0.007000 0.018229
0 0.416500 0.327344 0.007000 0.018229
0 0.403875 0.332813 0.007250 0.012500
0 0.394625 0.308594 0.005250 0.015104
0 0.417875 0.377083 0.006750 0.013542
0 0.413500 0.366406 0.005500 0.014063
0 0.409000 0.365885 0.006000 0.016146
0 0.399250 0.363281 0.008500 0.011979
0 0.402750 0.369010 0.004500 0.015104
0 0.398125 0.377344 0.007250 0.016146
0 0.389500 0.354167 0.007000 0.014583
0 0.384000 0.355990 0.005500 0.017188
0 0.379375 0.363021 0.010750 0.014583
0 0.376250 0.344792 0.009000 0.015625
0 0.343000 0.409635 0.011000 0.023438
0 0.352125 0.417448 0.008250 0.016146
0 0.346125 0.414583 0.006750 0.013542
0 0.357625 0.412240 0.004750 0.017188
0 0.366000 0.417708 0.007500 0.016667
0 0.375000 0.435156 0.007500 0.017188
0 0.367875 0.440885 0.006750 0.017188
0 0.359250 0.445573 0.008500 0.010937
0 0.343625 0.446875 0.008750 0.011458
0 0.342375 0.432552 0.008250 0.016146
0 0.342125 0.434115 0.008750 0.016146
0 0.388875 0.818490 0.005750 0.009896
0 0.389375 0.799219 0.005250 0.017188
0 0.396875 0.761198 0.007750 0.015104
0 0.419625 0.717969 0.008750 0.017188
0 0.419000 0.718750 0.007500 0.017708
0 0.444125 0.741667 0.006250 0.015625
0 0.437875 0.693229 0.007250 0.015625
0 0.434375 0.674479 0.005750 0.016667
0 0.448250 0.660417 0.010500 0.013542
0 0.462375 0.642188 0.008250 0.014583
0 0.459625 0.690104 0.006250 0.015625
0 0.467250 0.624219 0.006000 0.016146
0 0.458750 0.577083 0.008000 0.016667
0 0.457750 0.578385 0.007500 0.014063
0 0.443750 0.580208 0.008500 0.021875
0 0.446500 0.575260 0.007000 0.016146
0 0.474375 0.553906 0.007750 0.017188
0 0.507500 0.532552 0.006000 0.019271
0 0.477250 0.513542 0.010000 0.023958
0 0.477375 0.515625 0.007250 0.019792
0 0.535125 0.346615 0.007250 0.011979
0 0.832125 0.300260 0.008250 0.024479
0 0.843125 0.318490 0.008250 0.014063
0 0.807500 0.324479 0.011500 0.015625
0 0.863625 0.334896 0.013750 0.018750
0 0.847500 0.351042 0.012000 0.014583
0 0.846000 0.377604 0.012500 0.019792
0 0.866000 0.354687 0.011000 0.015625
0 0.865125 0.366406 0.009750 0.020313
0 0.870875 0.370052 0.008250 0.018229
0 0.732250 0.273177 0.010000 0.016146
0 0.720125 0.283594 0.010250 0.016146
0 0.709000 0.242708 0.012500 0.018750
0 0.663500 0.246615 0.009000 0.021354
0 0.663750 0.246354 0.011000 0.016667
0 0.659750 0.209896 0.008000 0.017708
0 0.661750 0.140885 0.010000 0.016146
