0 0.635677 0.584875 0.018229 0.006250
0 0.641406 0.601000 0.015104 0.005000
0 0.706250 0.598375 0.014583 0.008750
0 0.784896 0.611500 0.017708 0.004500
0 0.792708 0.605875 0.016667 0.005250
0 0.876563 0.610625 0.013542 0.007250
0 0.908594 0.605250 0.015104 0.004000
0 0.901823 0.590500 0.017188 0.009000
0 0.928906 0.591125 0.021354 0.005250
0 0.947917 0.597125 0.017708 0.005750
0 0.973437 0.601875 0.016667 0.007250
0 0.939583 0.619875 0.019792 0.005250
0 0.936198 0.649625 0.015104 0.006250
0 0.978906 0.639125 0.018229 0.005750
0 0.873437 0.640250 0.016667 0.005000
0 0.994010 0.597000 0.010937 0.005000
0 0.996615 0.592375 0.005729 0.004250
0 0.588542 0.573250 0.017708 0.005000
0 0.491927 0.566875 0.016146 0.007250
0 0.456250 0.544000 0.009375 0.009000
0 0.477083 0.473750 0.012500 0.004500
0 0.517969 0.465875 0.017188 0.005250
0 0.470833 0.457250 0.016667 0.003500
0 0.487240 0.451625 0.016146 0.004750
0 0.479687 0.443500 0.014583 0.007500
0 0.524219 0.436250 0.015104 0.006000
0 0.555208 0.408750 0.012500 0.006000
0 0.614844 0.404125 0.016146 0.005750
0 0.630208 0.415875 0.013542 0.008250
0 0.664323 0.420750 0.013021 0.007500
0 0.649740 0.401375 0.015104 0.007250
0 0.648698 0.390375 0.015104 0.006750
0 0.675260 0.384250 0.015104 0.006500
0 0.727865 0.373625 0.016146 0.006750
0 0.648438 0.361375 0.017708 0.006250
0 0.677604 0.362875 0.017708 0.004750
0 0.676302 0.358625 0.015104 0.004750
0 0.829167 0.393625 0.012500 0.007750
0 0.810156 0.362875 0.015104 0.006250
0 0.790885 0.386250 0.013021 0.007000
0 0.774219 0.359750 0.015104 0.007000
0 0.760156 0.355250 0.008854 0.008000
0 0.751563 0.353250 0.008333 0.009500
0 0.794531 0.349000 0.017188 0.005000
0 0.790104 0.342750 0.016667 0.006000
0 0.809635 0.345000 0.016146 0.005500
0 0.851823 0.349375 0.016146 0.005250
0 0.829948 0.347625 0.017188 0.007250
0 0.916146 0.352750 0.014583 0.008000
0 0.895052 0.332750 0.018229 0.009000
0 0.867969 0.321875 0.016146 0.005250
0 0.850000 0.316250 0.014583 0.007500
0 0.826042 0.321750 0.012500 0.008000
0 0.816406 0.327875 0.016146 0.005750
0 0.791146 0.313875 0.012500 0.008750
0 0.794271 0.296250 0.017708 0.007000
0 0.802083 0.305625 0.017708 0.004750
0 0.906250 0.289625 0.011458 0.009250
0 0.977344 0.352625 0.010937 0.006750
0 0.827865 0.411375 0.016146 0.004750
0 0.820312 0.421750 0.015625 0.005500
0 0.796354 0.425000 0.014583 0.006500
0 0.746354 0.431000 0.010417 0.006500
0 0.215365 0.393625 0.014063 0.007250
0 0.188281 0.354000 0.011979 0.009000
0 0.295573 0.331500 0.009896 0.008000
0 0.248698 0.302000 0.015104 0.007500
0 0.210938 0.214125 0.009375 0.007750
0 0.222396 0.140625 0.015625 0.008250
0 0.171875 0.076000 0.009375 0.009500
0 0.169792 0.044125 0.014583 0.005750
0 0.788021 0.146000 0.018750 0.007000
0 0.597917 0.881125 0.012500 0.006750
0 0.576042 0.892625 0.009375 0.004250
0 0.647135 0.892750 0.011979 0.007000
0 0.666146 0.887875 0.010417 0.007250
0 0.682552 0.844375 0.013021 0.007250
0 0.686719 0.869500 0.011979 0.007500
0 0.633594 0.864250 0.010937 0.006000
0 0.721875 0.876000 0.007292 0.007500
0 0.682813 0.822125 0.012500 0.007750
0 0.622656 0.811875 0.010937 0.007750
0 0.604948 0.816000 0.013021 0.007500
0 0.673958 0.810125 0.011458 0.008250
0 0.667448 0.812375 0.014063 0.006750
0 0.583594 0.769875 0.014063 0.007750
0 0.550521 0.749500 0.014583 0.005500
0 0.607031 0.751250 0.014063 0.004000
0 0.487500 0.712000 0.010417 0.009000
0 0.461458 0.693750 0.014583 0.007000
0 0.425781 0.688625 0.010937 0.009250
0 0.480208 0.676375 0.009375 0.008250
0 0.495052 0.677250 0.015104 0.007000
0 0.375781 0.643125 0.010937 0.006250
0 0.339323 0.593000 0.016146 0.004500
0 0.491927 0.754125 0.010937 0.007250
0 0.571615 0.850625 0.011979 0.006250
0 0.575260 0.845625 0.008854 0.007250
0 0.761198 0.878750 0.013021 0.008000
0 0.738542 0.891375 0.011458 0.008250
0 0.788281 0.884125 0.008854 0.007750
0 0.842187 0.887500 0.014583 0.006500
0 0.688281 0.905375 0.015104 0.006750
0 0.757552 0.926375 0.014063 0.006250
0 0.784115 0.965125 0.014063 0.007750
0 0.239583 0.847500 0.010417 0.008500
0 0.239323 0.826875 0.008854 0.005250
0 0.299479 0.802125 0.013542 0.005250
0 0.248177 0.792000 0.011979 0.008500
0 0.248698 0.773625 0.007812 0.005750
0 0.240365 0.776250 0.009896 0.004000
0 0.291406 0.744875 0.016146 0.004750
0 0.245052 0.723250 0.011979 0.007000
0 0.235937 0.722750 0.006250 0.004500
0 0.331771 0.371250 0.014583 0.006000
0 0.957031 0.242750 0.020313 0.009500
0 0.767969 0.016750 0.008854 0.004500
0 0.658333 0.031125 0.011458 0.005750
0 0.672396 0.030375 0.009375 0.005750
0 0.683594 0.034375 0.008854 0.004750
0 0.593490 0.028500 0.013021 0.005500
0 0.591667 0.035125 0.011458 0.005750
0 0.993750 0.146625 0.011458 0.004750
0 0.996094 0.352500 0.004687 0.009500
0 0.415104 0.860375 0.012500 0.010250
0 0.660677 0.561125 0.017188 0.006250
