0 0.443250 0.546875 0.008500 0.014583
0 0.414375 0.604427 0.010750 0.017188
0 0.555750 0.666927 0.010500 0.025521
0 0.543750 0.451042 0.008000 0.019792
0 0.559000 0.458854 0.010000 0.013542
0 0.431250 0.400521 0.010000 0.018750
0 0.456750 0.365365 0.010000 0.020313
0 0.500500 0.761198 0.008500 0.020313
0 0.559500 0.199479 0.008000 0.019792
0 0.516125 0.291927 0.009750 0.017188
0 0.492250 0.258333 0.009000 0.017708
0 0.468500 0.269792 0.008500 0.013542
0 0.414000 0.296354 0.012500 0.022917
0 0.423625 0.278646 0.009250 0.021875
0 0.427500 0.257031 0.010500 0.016146
0 0.431500 0.234896 0.012500 0.017708
0 0.425500 0.215365 0.008500 0.020313
0 0.419375 0.198177 0.008250 0.019271
0 0.600125 0.083073 0.006750 0.018229
0 0.347875 0.289583 0.009250 0.017708
0 0.341375 0.192188 0.010750 0.016667
