0 0.217448 0.499750 0.008854 0.006500
0 0.257292 0.522375 0.008333 0.006250
0 0.229427 0.527250 0.009896 0.004500
0 0.200781 0.524500 0.011979 0.004500
0 0.186198 0.525625 0.007812 0.003750
0 0.166667 0.482250 0.014583 0.003500
0 0.175521 0.475625 0.009375 0.005750
0 0.168229 0.473750 0.006250 0.006500
0 0.120833 0.474250 0.009375 0.005500
0 0.394531 0.547500 0.007812 0.007000
0 0.410156 0.514500 0.010937 0.008500
0 0.287240 0.471000 0.010937 0.006000
0 0.403646 0.462250 0.009375 0.006000
0 0.404948 0.483750 0.010937 0.003500
0 0.404167 0.487750 0.010417 0.004500
0 0.390885 0.461500 0.010937 0.006500
0 0.351562 0.409750 0.013542 0.005500
0 0.331510 0.383750 0.008854 0.008000
0 0.478646 0.518000 0.021875 0.007500
0 0.581771 0.486500 0.008333 0.007000
0 0.594792 0.450375 0.012500 0.004250
0 0.607552 0.457375 0.004687 0.006750
0 0.611979 0.457250 0.005208 0.005500
0 0.650781 0.412750 0.016146 0.006500
0 0.670573 0.403250 0.015104 0.006000
0 0.683333 0.383125 0.010417 0.006750
0 0.747656 0.460750 0.011979 0.007500
0 0.703646 0.418750 0.019792 0.009500
0 0.779687 0.404625 0.009375 0.004250
0 0.975260 0.333250 0.008854 0.005500
0 0.921094 0.449250 0.008854 0.005000
0 0.910417 0.510500 0.012500 0.005000
0 0.867708 0.519875 0.010417 0.005250
0 0.802604 0.511250 0.017708 0.008000
0 0.882552 0.520500 0.013021 0.004000
0 0.884115 0.524375 0.014063 0.004750
0 0.750000 0.461125 0.006250 0.005250
0 0.736198 0.668750 0.008854 0.005500
0 0.741667 0.560000 0.006250 0.003000
