0 0.060000 0.008073 0.003500 0.007812
0 0.096625 0.138021 0.006250 0.014583
0 0.099875 0.459375 0.005250 0.008333
0 0.035875 0.632552 0.005750 0.011979
0 0.124875 0.901042 0.005750 0.008333
0 0.147625 0.603125 0.005750 0.012500
0 0.187750 0.457552 0.004000 0.014063
0 0.224375 0.447917 0.004750 0.013542
0 0.224625 0.431771 0.005250 0.010417
0 0.216500 0.416927 0.004500 0.009896
0 0.241375 0.524219 0.005750 0.008854
0 0.285750 0.770833 0.007000 0.008333
0 0.311625 0.754427 0.006250 0.008854
0 0.349500 0.844792 0.006000 0.010417
0 0.365125 0.823698 0.003750 0.016146
0 0.326750 0.847135 0.007500 0.014063
0 0.385000 0.725260 0.004500 0.013021
0 0.397250 0.687500 0.003500 0.014583
0 0.373000 0.603385 0.005000 0.015104
0 0.367125 0.562500 0.003250 0.012500
0 0.363750 0.563802 0.004000 0.013021
0 0.368750 0.534375 0.003500 0.014583
0 0.374500 0.521615 0.002500 0.010937
0 0.372250 0.522135 0.002500 0.015104
0 0.345250 0.457552 0.003500 0.014063
0 0.367375 0.420573 0.005250 0.014063
0 0.339500 0.379688 0.004500 0.013542
0 0.337375 0.363021 0.003750 0.011458
0 0.378625 0.311198 0.007250 0.013021
0 0.343500 0.303385 0.006000 0.011979
0 0.325000 0.254167 0.004500 0.013542
0 0.324375 0.330729 0.004250 0.010417
0 0.433000 0.763802 0.005000 0.010937
0 0.434000 0.738281 0.003500 0.013021
0 0.430000 0.733073 0.003500 0.013021
0 0.433500 0.705729 0.005000 0.018750
0 0.441250 0.675521 0.006500 0.009375
0 0.421250 0.682552 0.005000 0.014063
0 0.421625 0.654427 0.003750 0.016146
0 0.416750 0.657292 0.006000 0.008333
0 0.444625 0.629167 0.004250 0.014583
0 0.437875 0.620833 0.006250 0.012500
0 0.452375 0.608594 0.005250 0.007812
0 0.448125 0.583854 0.003250 0.012500
0 0.446125 0.578385 0.003750 0.007812
0 0.437125 0.561198 0.003750 0.010937
0 0.431125 0.602344 0.003250 0.009896
0 0.434875 0.596354 0.003250 0.013542
0 0.438875 0.603385 0.004250 0.008854
0 0.439250 0.608594 0.004500 0.008854
0 0.420625 0.575521 0.004250 0.014583
0 0.416250 0.568229 0.002500 0.013542
0 0.418625 0.568229 0.002250 0.012500
0 0.437750 0.521875 0.005500 0.008333
0 0.448250 0.530208 0.003500 0.012500
0 0.445500 0.528385 0.002500 0.011979
0 0.445750 0.511198 0.003000 0.010937
0 0.443000 0.511458 0.003000 0.012500
0 0.451500 0.501563 0.003000 0.012500
0 0.461000 0.506250 0.004000 0.016667
0 0.436750 0.488542 0.002000 0.010417
0 0.434250 0.489844 0.003000 0.013021
0 0.427375 0.479948 0.005250 0.007812
0 0.444500 0.455469 0.005000 0.008854
0 0.424125 0.430729 0.002750 0.013542
0 0.426125 0.430990 0.002750 0.011979
0 0.449250 0.436979 0.004500 0.011458
0 0.462625 0.433073 0.003750 0.011979
0 0.456000 0.440365 0.005500 0.013021
0 0.447625 0.426042 0.002250 0.011458
0 0.449250 0.413802 0.003500 0.013021
0 0.446500 0.410938 0.003000 0.011458
0 0.429625 0.397396 0.006750 0.009375
0 0.428250 0.386198 0.007000 0.006771
0 0.448375 0.392969 0.002750 0.013021
0 0.445000 0.376302 0.004000 0.011979
0 0.449125 0.374740 0.003250 0.013021
0 0.453250 0.378385 0.003000 0.014063
0 0.455000 0.373437 0.004500 0.012500
0 0.473000 0.373437 0.004500 0.010417
0 0.445125 0.354948 0.003750 0.009896
0 0.449750 0.352865 0.003000 0.013021
0 0.453000 0.359896 0.004500 0.011458
0 0.461000 0.346094 0.004000 0.011979
0 0.455750 0.342187 0.003500 0.011458
0 0.465000 0.327865 0.003500 0.011979
0 0.452625 0.339844 0.003750 0.007812
0 0.449000 0.333073 0.003000 0.011979
0 0.451250 0.323437 0.003500 0.012500
0 0.442750 0.314583 0.003500 0.010417
0 0.449250 0.296615 0.005500 0.008854
0 0.463500 0.308073 0.003500 0.013021
0 0.461500 0.269010 0.004000 0.008854
0 0.456125 0.262760 0.005250 0.010937
0 0.414125 0.259896 0.004750 0.012500
0 0.421625 0.248958 0.005250 0.011458
0 0.448125 0.201563 0.004750 0.015625
0 0.456375 0.219271 0.004250 0.009375
0 0.474500 0.723698 0.006500 0.008854
0 0.495625 0.604688 0.005250 0.006250
0 0.495750 0.595833 0.003500 0.013542
0 0.499500 0.596094 0.003500 0.010937
0 0.505625 0.559635 0.005250 0.010937
0 0.490875 0.543750 0.003250 0.010417
0 0.498750 0.544531 0.004500 0.014063
0 0.508375 0.529687 0.006750 0.008333
0 0.502750 0.512760 0.005000 0.010937
0 0.513375 0.453906 0.005250 0.013021
0 0.532375 0.469531 0.003250 0.015104
0 0.537500 0.446615 0.006000 0.008854
0 0.541250 0.425781 0.005000 0.006771
0 0.544500 0.421094 0.003000 0.013021
0 0.548125 0.418490 0.004250 0.013021
0 0.546500 0.408333 0.003500 0.013542
0 0.540500 0.400521 0.003500 0.010417
0 0.542250 0.399479 0.004000 0.011458
0 0.551875 0.365365 0.006250 0.009896
0 0.568625 0.338021 0.005750 0.008333
0 0.562375 0.316667 0.005750 0.008333
0 0.535500 0.308073 0.006000 0.009896
0 0.562750 0.305729 0.004500 0.011458
0 0.563000 0.298698 0.006500 0.008854
0 0.554000 0.292708 0.005000 0.011458
0 0.551375 0.280729 0.005750 0.008333
0 0.574500 0.066146 0.004000 0.009375
0 0.595875 0.101823 0.003750 0.010937
0 0.646375 0.153906 0.004750 0.010937
0 0.660375 0.223177 0.003750 0.014063
0 0.716250 0.288542 0.005000 0.012500
0 0.720750 0.387240 0.005000 0.009896
0 0.724250 0.383854 0.006000 0.009375
0 0.674375 0.398438 0.007750 0.008333
0 0.652875 0.405469 0.005750 0.011979
0 0.650125 0.422396 0.004750 0.009375
0 0.683625 0.468750 0.004750 0.015625
0 0.682125 0.455729 0.007750 0.012500
0 0.659375 0.476302 0.003750 0.011979
0 0.662125 0.467187 0.005750 0.010417
0 0.630250 0.489844 0.005500 0.008854
0 0.612750 0.513802 0.006500 0.010937
0 0.620125 0.520833 0.003250 0.008333
0 0.629250 0.528385 0.007500 0.009896
0 0.635000 0.517448 0.004500 0.013021
0 0.641375 0.525260 0.005250 0.008854
0 0.642375 0.532552 0.006250 0.011979
0 0.632625 0.545052 0.005750 0.008854
0 0.626125 0.542969 0.005750 0.009896
0 0.622250 0.539062 0.005000 0.012500
0 0.635250 0.575260 0.005000 0.013021
0 0.631500 0.572917 0.003000 0.011458
0 0.618500 0.566667 0.004000 0.012500
0 0.622375 0.560937 0.006250 0.007292
0 0.596000 0.577344 0.005500 0.011979
0 0.603375 0.633333 0.002250 0.014583
0 0.601375 0.631510 0.002250 0.011979
0 0.597125 0.619010 0.002750 0.010937
0 0.594500 0.619010 0.002500 0.016146
0 0.577750 0.642448 0.006000 0.015104
0 0.560500 0.658854 0.005500 0.011458
0 0.563000 0.647135 0.004000 0.006771
0 0.541750 0.739323 0.005000 0.011979
0 0.533500 0.724479 0.006000 0.008333
0 0.529750 0.734635 0.004500 0.010937
0 0.649500 0.580469 0.005000 0.007812
0 0.650375 0.576302 0.005250 0.009896
0 0.611375 0.579427 0.003750 0.013021
0 0.615625 0.583854 0.003750 0.011458
0 0.613875 0.581771 0.003250 0.009375
0 0.640875 0.491667 0.004750 0.010417
0 0.644875 0.500260 0.004750 0.006771
0 0.644250 0.496615 0.006500 0.006771
0 0.646250 0.482552 0.003500 0.010937
0 0.644125 0.480729 0.003250 0.010417
0 0.562250 0.954167 0.007000 0.012500
0 0.579250 0.944271 0.007000 0.010417
0 0.577375 0.887240 0.005750 0.009896
0 0.594750 0.905729 0.007000 0.008333
0 0.604750 0.874219 0.007500 0.009896
0 0.621875 0.919010 0.007750 0.010937
0 0.630750 0.887500 0.004500 0.016667
0 0.650500 0.928125 0.006000 0.015625
0 0.625750 0.900781 0.005000 0.005729
0 0.626750 0.905990 0.007000 0.008854
0 0.646125 0.868490 0.007250 0.009896
0 0.642625 0.857552 0.006250 0.009896
0 0.651000 0.848958 0.007500 0.010417
0 0.659375 0.861458 0.005750 0.016667
0 0.618750 0.817187 0.006000 0.007292
0 0.655125 0.784635 0.008250 0.008854
0 0.677625 0.815365 0.007750 0.009896
0 0.695250 0.786979 0.006000 0.013542
0 0.683875 0.766406 0.006750 0.010937
0 0.734000 0.802344 0.006000 0.010937
0 0.729250 0.798698 0.006500 0.013021
0 0.744750 0.786719 0.003500 0.009896
0 0.741625 0.784896 0.005250 0.014583
0 0.745875 0.705469 0.005750 0.011979
0 0.766500 0.703385 0.005500 0.009896
0 0.817875 0.672917 0.006250 0.008333
0 0.830000 0.668229 0.008500 0.010417
0 0.917750 0.585417 0.005500 0.009375
0 0.885250 0.181250 0.005500 0.014583
0 0.968375 0.731771 0.004250 0.015625
0 0.809750 0.976302 0.005000 0.013021
