0 0.549740 0.297750 0.029687 0.013500
0 0.461198 0.461250 0.032813 0.015000
0 0.490104 0.481875 0.031250 0.014250
0 0.825000 0.459250 0.028125 0.019000
0 0.471094 0.537250 0.029687 0.014000
0 0.166927 0.469625 0.034896 0.012750
0 0.273177 0.523375 0.030729 0.014750
0 0.144271 0.620125 0.032292 0.016250
0 0.173437 0.589875 0.028125 0.012750
0 0.245833 0.630875 0.035417 0.010750
0 0.436719 0.640625 0.033854 0.011250
0 0.475781 0.617750 0.022396 0.011500
0 0.611719 0.580500 0.026562 0.009000
0 0.589844 0.649125 0.033854 0.012250
0 0.827083 0.647000 0.040625 0.015000
0 0.675781 0.661625 0.036979 0.012750
