0 0.680875 0.836719 0.006250 0.010937
0 0.624250 0.857552 0.005500 0.011979
0 0.618500 0.820312 0.006500 0.011458
0 0.633875 0.779948 0.006250 0.011979
0 0.622125 0.792448 0.006250 0.007812
0 0.616125 0.784115 0.007250 0.010937
0 0.564125 0.783854 0.007250 0.008333
0 0.554875 0.818229 0.006250 0.008333
0 0.593875 0.501823 0.006250 0.007812
0 0.575125 0.504687 0.004250 0.014583
0 0.532750 0.539062 0.007000 0.011458
0 0.514250 0.452344 0.005000 0.007812
0 0.578375 0.401562 0.005250 0.012500
0 0.672625 0.307031 0.006750 0.009896
0 0.626125 0.466927 0.006750 0.015104
0 0.631625 0.486458 0.003750 0.012500
0 0.658875 0.483333 0.004750 0.009375
0 0.452875 0.355208 0.005250 0.010417
0 0.458125 0.357552 0.006250 0.009896
0 0.506375 0.242969 0.005250 0.014063
0 0.502000 0.222917 0.006500 0.011458
0 0.540625 0.181250 0.004750 0.015625
0 0.516625 0.132552 0.003750 0.016146
0 0.521000 0.135156 0.003500 0.013021
0 0.555375 0.056771 0.004250 0.013542
0 0.338375 0.494271 0.007250 0.014583
0 0.358125 0.309375 0.004750 0.015625
0 0.352000 0.307552 0.004000 0.016146
0 0.363750 0.284896 0.006000 0.014583
0 0.279625 0.005990 0.006250 0.009896
0 0.170125 0.238281 0.008250 0.008854
0 0.357875 0.011198 0.003250 0.014063
0 0.722000 0.390625 0.004500 0.008333
0 0.375250 0.257031 0.003500 0.006771
