0 0.001823 0.501375 0.003646 0.004250
0 0.146615 0.550875 0.008854 0.004750
0 0.178646 0.546875 0.009375 0.002750
0 0.176563 0.544750 0.006250 0.004000
0 0.221615 0.514750 0.007812 0.005000
0 0.220573 0.512625 0.008854 0.002750
0 0.177865 0.507125 0.011979 0.003250
0 0.205990 0.509500 0.008854 0.002000
0 0.204687 0.508125 0.009375 0.001750
0 0.115625 0.497375 0.009375 0.005250
0 0.118750 0.475000 0.010417 0.003500
0 0.086719 0.470750 0.007812 0.005500
0 0.104427 0.470250 0.004687 0.005000
0 0.100781 0.469625 0.003646 0.004750
0 0.078385 0.461000 0.007812 0.003000
0 0.059375 0.451625 0.010417 0.003250
0 0.086719 0.459375 0.003646 0.004250
0 0.083594 0.459250 0.003646 0.004500
0 0.037760 0.436250 0.011979 0.005500
0 0.020052 0.447750 0.011979 0.004000
0 0.070573 0.448875 0.003646 0.004250
0 0.067708 0.448375 0.003125 0.004250
0 0.047396 0.426000 0.011458 0.002500
0 0.047917 0.423500 0.010417 0.003000
0 0.004687 0.387500 0.009375 0.004000
0 0.170052 0.461125 0.011979 0.002750
0 0.152344 0.504875 0.008854 0.003750
0 0.377865 0.561750 0.009896 0.003000
0 0.376563 0.560125 0.009375 0.002250
0 0.324219 0.459000 0.010937 0.003000
0 0.290885 0.452750 0.002604 0.005000
0 0.293750 0.453375 0.003125 0.005750
0 0.297135 0.453500 0.003646 0.005500
0 0.273438 0.390500 0.012500 0.003000
0 0.272135 0.387875 0.009896 0.003250
0 0.251302 0.390125 0.009896 0.004250
0 0.250521 0.386875 0.010417 0.002750
0 0.251563 0.358250 0.007292 0.005500
0 0.246354 0.356375 0.008333 0.005250
0 0.234896 0.227250 0.010417 0.004000
0 0.235677 0.224500 0.010937 0.003500
0 0.253906 0.210750 0.008854 0.003500
0 0.252083 0.209125 0.010417 0.003250
0 0.256771 0.182000 0.011458 0.003500
0 0.256250 0.178750 0.010417 0.003000
0 0.247917 0.176875 0.011458 0.004750
0 0.246615 0.172500 0.013021 0.003500
0 0.247656 0.145125 0.007812 0.004250
0 0.245052 0.143750 0.010937 0.004000
0 0.273177 0.044000 0.007812 0.005500
0 0.324219 0.026500 0.005729 0.006000
0 0.313542 0.053500 0.006250 0.006500
0 0.306771 0.053375 0.007292 0.004750
0 0.319010 0.099125 0.005729 0.006250
0 0.322656 0.099250 0.003646 0.005000
0 0.290885 0.144375 0.007812 0.006750
0 0.340365 0.146000 0.010937 0.004500
0 0.322396 0.169375 0.010417 0.005750
0 0.310937 0.179125 0.007292 0.005750
0 0.303646 0.181625 0.008333 0.005750
0 0.281250 0.204250 0.004167 0.006500
0 0.276823 0.204500 0.005729 0.006000
0 0.282292 0.294375 0.009375 0.004750
0 0.289583 0.313000 0.007292 0.004500
0 0.292448 0.312125 0.005729 0.003750
0 0.294271 0.330375 0.006250 0.002750
0 0.295312 0.328875 0.009375 0.003250
0 0.300521 0.389750 0.006250 0.007000
0 0.322396 0.378000 0.008333 0.005500
0 0.341667 0.404875 0.010417 0.004750
0 0.323177 0.410000 0.008854 0.004000
0 0.326042 0.408875 0.006250 0.003250
0 0.314583 0.423500 0.007292 0.002500
0 0.313542 0.425375 0.009375 0.002250
0 0.311719 0.427375 0.008854 0.002250
0 0.575781 0.350500 0.008854 0.003500
0 0.574479 0.349250 0.010417 0.003500
0 0.808333 0.127875 0.008333 0.005750
0 0.825781 0.132625 0.007812 0.006250
0 0.947917 0.117000 0.008333 0.003000
0 0.804948 0.226375 0.007812 0.005750
0 0.736458 0.261625 0.008333 0.002750
0 0.732552 0.262375 0.006771 0.003250
0 0.716927 0.268625 0.007812 0.003250
0 0.614583 0.349750 0.007292 0.004500
0 0.610417 0.350500 0.006250 0.003000
0 0.491667 0.537625 0.012500 0.003750
0 0.547917 0.529250 0.008333 0.004000
0 0.543229 0.527125 0.006250 0.004250
0 0.588542 0.509500 0.009375 0.005000
0 0.590365 0.516500 0.006771 0.005000
0 0.587240 0.513750 0.005729 0.004500
0 0.584115 0.513625 0.006771 0.004250
0 0.598698 0.502375 0.010937 0.001750
0 0.599479 0.504125 0.010417 0.001750
0 0.608854 0.509500 0.007292 0.004500
0 0.611979 0.508625 0.006250 0.003250
0 0.689323 0.452750 0.009896 0.005000
0 0.894531 0.439250 0.011979 0.003000
0 0.856771 0.417125 0.012500 0.006250
0 0.855990 0.417125 0.013021 0.005250
0 0.991146 0.427750 0.005208 0.004000
0 0.985677 0.428000 0.006771 0.004500
0 0.950260 0.440250 0.008854 0.005500
0 0.886719 0.448500 0.010937 0.005000
0 0.885937 0.448625 0.009375 0.004750
0 0.780729 0.473750 0.009375 0.005000
0 0.734635 0.483000 0.008854 0.003000
0 0.613802 0.524750 0.010937 0.005000
0 0.614062 0.524500 0.009375 0.006500
0 0.535156 0.582375 0.011979 0.004250
0 0.556250 0.582125 0.006250 0.004750
0 0.559115 0.580875 0.005729 0.003250
0 0.585417 0.585125 0.010417 0.004250
0 0.594531 0.584250 0.008854 0.003500
0 0.652865 0.579875 0.009896 0.005250
0 0.673438 0.584750 0.009375 0.004500
0 0.674740 0.583625 0.008854 0.002250
0 0.712240 0.577000 0.013021 0.003500
0 0.721615 0.582875 0.007812 0.005250
0 0.731771 0.585375 0.009375 0.004750
0 0.747656 0.590625 0.010937 0.004250
0 0.767969 0.583125 0.010937 0.004250
0 0.762500 0.579625 0.012500 0.004250
0 0.789844 0.576250 0.009896 0.004000
0 0.791146 0.575000 0.009375 0.002500
0 0.817708 0.592750 0.010417 0.004500
0 0.808333 0.585250 0.012500 0.004500
0 0.847396 0.588750 0.007292 0.003000
0 0.851562 0.588750 0.008333 0.003500
0 0.943229 0.586875 0.011458 0.004250
0 0.945833 0.613750 0.009375 0.002500
0 0.947135 0.615250 0.010937 0.001500
0 0.947396 0.616875 0.009375 0.002250
0 0.663281 0.606375 0.010937 0.004750
0 0.647656 0.600500 0.010937 0.004500
0 0.637240 0.598375 0.007812 0.005750
0 0.619271 0.593875 0.009375 0.004250
0 0.589844 0.608375 0.008854 0.001750
0 0.591146 0.610125 0.010417 0.002250
0 0.448698 0.614875 0.010937 0.004750
0 0.629167 0.661750 0.007292 0.005500
0 0.608594 0.658500 0.007812 0.005500
0 0.619531 0.657500 0.006771 0.003000
0 0.620313 0.656000 0.009375 0.003000
0 0.646094 0.672125 0.010937 0.004250
0 0.611719 0.672250 0.005729 0.003000
0 0.610938 0.670500 0.008333 0.003500
0 0.659635 0.668500 0.006771 0.005000
0 0.663281 0.667250 0.006771 0.003500
0 0.733854 0.671750 0.011458 0.006500
0 0.722396 0.696375 0.005208 0.003250
0 0.719010 0.695750 0.009896 0.004000
0 0.725000 0.689875 0.006250 0.005250
0 0.729427 0.688875 0.006771 0.003250
0 0.786979 0.711875 0.010417 0.005750
0 0.820312 0.722500 0.009375 0.003000
0 0.821615 0.721125 0.010937 0.002250
0 0.862500 0.750750 0.009375 0.002500
0 0.863021 0.748750 0.011458 0.002000
0 0.710156 0.703875 0.011979 0.003750
0 0.693490 0.697625 0.011979 0.003750
0 0.685677 0.693125 0.011979 0.003250
0 0.671615 0.688625 0.013021 0.004250
0 0.414844 0.674625 0.008854 0.004750
0 0.452083 0.699500 0.004167 0.005500
0 0.455990 0.700125 0.004687 0.004250
0 0.459375 0.715750 0.008333 0.006500
0 0.463281 0.774625 0.013021 0.005750
