0 0.678385 0.389375 0.018229 0.015250
0 0.679167 0.389875 0.026042 0.009750
0 0.627865 0.395125 0.019271 0.014750
0 0.633073 0.396750 0.016146 0.008000
0 0.639583 0.401625 0.012500 0.008250
0 0.678385 0.441500 0.018229 0.012000
0 0.677344 0.441875 0.027604 0.009250
0 0.595833 0.435125 0.017708 0.010750
0 0.583854 0.453875 0.021875 0.010250
0 0.583333 0.469500 0.017708 0.012500
0 0.511458 0.590750 0.021875 0.010500
0 0.690885 0.493250 0.024479 0.011000
0 0.699219 0.504125 0.019271 0.010750
0 0.761719 0.523500 0.019271 0.012500
0 0.753646 0.546750 0.023958 0.010500
0 0.749740 0.574750 0.018229 0.010000
0 0.735417 0.619625 0.026042 0.011250
0 0.805208 0.452125 0.022917 0.010250
0 0.840365 0.466000 0.022396 0.011000
0 0.867448 0.456875 0.022396 0.008750
0 0.869792 0.479625 0.017708 0.013250
0 0.928646 0.509750 0.022917 0.011500
