0 0.279167 0.617000 0.006250 0.004000
0 0.283333 0.615500 0.006250 0.004500
0 0.302865 0.606125 0.004687 0.002750
0 0.300521 0.605375 0.007292 0.003750
0 0.419010 0.583375 0.007812 0.003750
0 0.429167 0.579250 0.006250 0.004000
0 0.360156 0.520500 0.005729 0.005000
0 0.328125 0.517250 0.010417 0.004000
0 0.370052 0.535125 0.003646 0.004250
0 0.373698 0.535000 0.004687 0.005000
0 0.378906 0.543500 0.003646 0.003000
0 0.376042 0.542500 0.006250 0.004000
0 0.311198 0.440500 0.006771 0.004000
0 0.344531 0.478125 0.003646 0.003750
0 0.347917 0.476500 0.007292 0.003000
0 0.337500 0.462625 0.004167 0.004250
0 0.340365 0.462125 0.004687 0.003750
0 0.708594 0.341375 0.006771 0.005250
0 0.623698 0.377125 0.007812 0.003250
0 0.600260 0.385750 0.007812 0.003500
0 0.603646 0.383250 0.007292 0.002000
0 0.573698 0.402875 0.007812 0.003250
0 0.557031 0.446625 0.005729 0.005250
0 0.566406 0.453625 0.007812 0.004750
0 0.563542 0.460000 0.003125 0.005500
0 0.567187 0.459875 0.004167 0.006250
0 0.528385 0.480125 0.009896 0.003750
0 0.515625 0.489000 0.006250 0.005000
0 0.508594 0.492375 0.008854 0.004250
0 0.560417 0.437250 0.004167 0.004000
0 0.564323 0.437875 0.006771 0.004250
0 0.534115 0.504500 0.004687 0.004000
0 0.530469 0.504750 0.005729 0.004500
0 0.502604 0.520750 0.008333 0.004500
0 0.496094 0.528250 0.009896 0.004000
0 0.511198 0.538750 0.005729 0.005000
0 0.491667 0.545250 0.007292 0.004500
0 0.483073 0.563000 0.007812 0.004000
0 0.838802 0.527500 0.008854 0.004000
0 0.621615 0.624125 0.009896 0.003250
0 0.650000 0.632750 0.006250 0.004500
0 0.652344 0.630375 0.007812 0.002750
0 0.669010 0.619500 0.007812 0.003500
0 0.636458 0.617000 0.006250 0.003500
0 0.642448 0.617625 0.006771 0.003250
0 0.605729 0.614000 0.008333 0.002500
0 0.613281 0.615250 0.007812 0.003000
0 0.683333 0.628750 0.007292 0.002000
0 0.682552 0.627125 0.008854 0.002750
0 0.735417 0.626500 0.007292 0.003500
0 0.739583 0.625375 0.007292 0.003250
0 0.783854 0.643875 0.005208 0.005750
0 0.747656 0.668750 0.007812 0.003500
0 0.752604 0.665625 0.009375 0.003250
0 0.733333 0.660625 0.009375 0.002750
0 0.737240 0.664375 0.007812 0.002250
0 0.738021 0.662375 0.010417 0.002250
0 0.840365 0.650750 0.008854 0.002500
0 0.839062 0.648750 0.010417 0.002000
0 0.193750 0.598125 0.007292 0.004250
