0 0.576042 0.378000 0.017708 0.007500
0 0.663021 0.341750 0.012500 0.005500
0 0.470573 0.328500 0.011979 0.008500
0 0.535156 0.319375 0.017188 0.008750
0 0.584115 0.332875 0.016146 0.009250
0 0.400781 0.302125 0.014063 0.011250
0 0.137760 0.390500 0.026562 0.007500
0 0.296615 0.609375 0.016146 0.008750
0 0.244271 0.660625 0.017708 0.007750
0 0.290365 0.636375 0.011979 0.006250
0 0.279687 0.676500 0.015625 0.008500
0 0.191927 0.824125 0.020313 0.009750
0 0.121615 0.809750 0.010937 0.009000
0 0.061458 0.955875 0.014583 0.005250
0 0.201042 0.753625 0.009375 0.007750
0 0.216406 0.753875 0.013021 0.005750
0 0.214583 0.768000 0.010417 0.008500
0 0.025521 0.686500 0.012500 0.009500
0 0.190104 0.740500 0.012500 0.006000
0 0.283854 0.709625 0.018750 0.007250
0 0.299479 0.563375 0.011458 0.006750
0 0.316667 0.555125 0.010417 0.005250
0 0.155990 0.562000 0.009896 0.005000
0 0.377083 0.282875 0.008333 0.004750
0 0.353385 0.218750 0.018229 0.007500
0 0.345833 0.189875 0.021875 0.011250
0 0.089323 0.205125 0.019271 0.008750
0 0.307812 0.206875 0.019792 0.009250
0 0.316667 0.119375 0.022917 0.009750
0 0.346094 0.133375 0.032813 0.012250
0 0.787240 0.267625 0.011979 0.007750
0 0.803906 0.281000 0.016146 0.007000
0 0.703125 0.117250 0.022917 0.013000
0 0.767708 0.116250 0.020833 0.011500
0 0.313802 0.336375 0.010937 0.006250
0 0.476562 0.783500 0.013542 0.009500
0 0.487760 0.773125 0.018229 0.005750
0 0.530990 0.770125 0.010937 0.007250
0 0.546094 0.815000 0.019271 0.005000
0 0.605208 0.849250 0.011458 0.007500
0 0.505469 0.818500 0.011979 0.008000
0 0.691667 0.769500 0.023958 0.009500
0 0.411979 0.722250 0.011458 0.007000
0 0.427344 0.723875 0.017188 0.008250
0 0.428125 0.670750 0.013542 0.011000
0 0.461458 0.620000 0.015625 0.007000
0 0.567187 0.828250 0.027083 0.010000
0 0.669271 0.823750 0.015625 0.007000
0 0.705729 0.687750 0.018750 0.008000
0 0.931510 0.787750 0.015104 0.008000
0 0.988281 0.796000 0.018229 0.008500
0 0.975781 0.825250 0.021354 0.008000
0 0.774740 0.712500 0.011979 0.006000
0 0.775521 0.704625 0.012500 0.006750
0 0.565104 0.504375 0.017708 0.005750
0 0.863802 0.515625 0.014063 0.006750
0 0.838021 0.527875 0.022917 0.010250
0 0.912500 0.523125 0.014583 0.006250
0 0.950260 0.511375 0.020313 0.008750
0 0.847656 0.422125 0.025521 0.012250
0 0.398698 0.902000 0.017188 0.010000
0 0.481510 0.947250 0.017188 0.010500
0 0.539323 0.979375 0.015104 0.008250
0 0.579427 0.946750 0.008854 0.007000
0 0.686458 0.500500 0.023958 0.006000
0 0.509635 0.500125 0.019271 0.005750
0 0.790885 0.512750 0.015104 0.006000
0 0.825000 0.502750 0.017708 0.004500
0 0.883854 0.505375 0.014583 0.003750
0 0.994271 0.549250 0.010417 0.004500
