0 0.699375 0.463542 0.004750 0.009375
0 0.693625 0.482031 0.005750 0.013021
0 0.724375 0.448177 0.006250 0.011979
0 0.742375 0.479167 0.006250 0.011458
0 0.756250 0.500521 0.005500 0.009375
0 0.720250 0.526042 0.005500 0.009375
0 0.718250 0.424479 0.005000 0.010417
0 0.735750 0.409115 0.005000 0.010937
0 0.744875 0.406250 0.005250 0.007292
0 0.746125 0.412760 0.006250 0.007812
0 0.753375 0.355469 0.004750 0.011979
0 0.737125 0.359115 0.004250 0.011979
0 0.724000 0.391146 0.006000 0.011458
0 0.696875 0.407031 0.006250 0.011979
0 0.688625 0.378125 0.006250 0.013542
0 0.653375 0.511719 0.005750 0.010937
0 0.677000 0.501823 0.005000 0.010937
0 0.675875 0.489583 0.004250 0.010417
0 0.676250 0.478906 0.006000 0.009896
0 0.685625 0.431510 0.005750 0.008854
0 0.689375 0.438542 0.004250 0.011458
0 0.740000 0.287760 0.006000 0.008854
0 0.772500 0.315625 0.005500 0.011458
0 0.767250 0.311458 0.003500 0.011458
0 0.788000 0.306771 0.005000 0.010417
0 0.776000 0.291927 0.004500 0.011979
0 0.779625 0.277865 0.006250 0.010937
0 0.804250 0.265365 0.006500 0.009896
0 0.816375 0.266146 0.005250 0.012500
0 0.839750 0.257812 0.006500 0.008333
0 0.829750 0.234896 0.006000 0.009375
0 0.783375 0.202344 0.003750 0.014063
0 0.805125 0.226562 0.002750 0.011458
0 0.808500 0.229167 0.005000 0.009375
0 0.868750 0.167187 0.003500 0.014583
0 0.833625 0.171875 0.006750 0.013542
0 0.857625 0.292969 0.004250 0.014063
0 0.895875 0.194792 0.003250 0.010417
0 0.898000 0.188281 0.005000 0.007812
0 0.805750 0.310677 0.006500 0.013021
0 0.773250 0.462500 0.005500 0.015625
0 0.808875 0.401042 0.004750 0.009375
0 0.663250 0.608333 0.007500 0.012500
0 0.641125 0.655208 0.005250 0.009375
0 0.626875 0.582812 0.006250 0.012500
0 0.718000 0.548177 0.006000 0.013021
0 0.714125 0.561719 0.004750 0.009896
0 0.694875 0.551302 0.005750 0.016146
0 0.578375 0.711198 0.005250 0.010937
0 0.523000 0.743750 0.005000 0.010417
0 0.530500 0.704427 0.003000 0.014063
0 0.533250 0.703385 0.004500 0.009896
0 0.494375 0.693490 0.005750 0.010937
0 0.492250 0.638021 0.005000 0.011458
0 0.484000 0.695573 0.003500 0.013021
0 0.474875 0.751042 0.004250 0.012500
0 0.525750 0.822396 0.004500 0.012500
0 0.520875 0.828646 0.004250 0.010417
0 0.454125 0.827604 0.006250 0.008333
0 0.449875 0.815885 0.004750 0.011979
0 0.437625 0.807552 0.006250 0.009896
0 0.402375 0.868490 0.006750 0.008854
0 0.387625 0.911719 0.004750 0.011979
0 0.299375 0.948177 0.004750 0.014063
0 0.318500 0.994271 0.006500 0.010417
0 0.389750 0.712500 0.005000 0.009375
0 0.373750 0.694531 0.005500 0.009896
0 0.363250 0.714323 0.003500 0.010937
0 0.362375 0.699219 0.005250 0.010937
0 0.355375 0.701042 0.006250 0.008333
0 0.361875 0.679167 0.005750 0.007292
0 0.363375 0.673177 0.005750 0.007812
0 0.333625 0.664583 0.004250 0.012500
0 0.335125 0.677344 0.004250 0.007812
0 0.303375 0.637500 0.005250 0.012500
0 0.329250 0.633333 0.005500 0.009375
0 0.329625 0.625781 0.004750 0.008854
0 0.304125 0.585677 0.006750 0.007812
0 0.299750 0.566146 0.005500 0.012500
0 0.295875 0.554688 0.003750 0.013542
0 0.300500 0.528906 0.004500 0.010937
0 0.285625 0.508854 0.006750 0.011458
0 0.306375 0.457552 0.005250 0.009896
0 0.295625 0.444531 0.006250 0.011979
0 0.281625 0.439844 0.006250 0.009896
0 0.267125 0.471354 0.005250 0.008333
0 0.250125 0.522135 0.004750 0.015104
0 0.252000 0.424740 0.007000 0.009896
0 0.220750 0.526563 0.008500 0.013542
0 0.228250 0.450781 0.005500 0.008854
0 0.218875 0.473698 0.010750 0.020313
0 0.193625 0.428906 0.005750 0.010937
0 0.175000 0.444010 0.006000 0.013021
0 0.126000 0.362240 0.006500 0.011979
0 0.164000 0.334635 0.005500 0.010937
0 0.240250 0.348177 0.005000 0.009896
0 0.232625 0.344531 0.007250 0.009896
0 0.257750 0.498698 0.005500 0.014063
0 0.272500 0.511719 0.007000 0.015104
0 0.272625 0.493229 0.006250 0.017708
0 0.278750 0.508073 0.005000 0.009896
0 0.446875 0.718750 0.003250 0.014583
0 0.423250 0.650781 0.006500 0.011979
0 0.415250 0.581250 0.005500 0.009375
0 0.414500 0.573698 0.006500 0.005729
0 0.377500 0.454948 0.004500 0.009896
0 0.373125 0.450781 0.004250 0.010937
0 0.349875 0.383594 0.005750 0.010937
0 0.366625 0.386458 0.003250 0.012500
0 0.356500 0.322135 0.005500 0.014063
0 0.352750 0.344792 0.005500 0.008333
0 0.351500 0.351562 0.005000 0.007292
0 0.345750 0.347396 0.007000 0.011458
0 0.385750 0.315885 0.005000 0.014063
0 0.355000 0.303906 0.004500 0.016146
0 0.392875 0.263281 0.005750 0.013021
0 0.327625 0.202604 0.005250 0.011458
0 0.311500 0.129167 0.005000 0.010417
0 0.297625 0.141146 0.005250 0.011458
0 0.226000 0.081510 0.005000 0.008854
0 0.248250 0.122917 0.005500 0.008333
0 0.300375 0.257812 0.004250 0.011458
0 0.298750 0.225260 0.007000 0.014063
0 0.292875 0.361198 0.004250 0.006771
0 0.467500 0.384896 0.004000 0.010417
0 0.457250 0.356250 0.005000 0.007292
0 0.463875 0.339583 0.003750 0.009375
0 0.473125 0.332031 0.004250 0.009896
0 0.479000 0.227344 0.004500 0.010937
0 0.461500 0.284896 0.005000 0.012500
0 0.489000 0.121875 0.006000 0.010417
0 0.468750 0.059635 0.003500 0.010937
0 0.468500 0.045312 0.005000 0.010417
0 0.475500 0.048698 0.004000 0.009896
0 0.436750 0.015885 0.004000 0.007812
0 0.438750 0.008594 0.003000 0.009896
0 0.481500 0.018750 0.003500 0.008333
0 0.484875 0.025521 0.007750 0.007292
0 0.475500 0.577083 0.005000 0.010417
0 0.563375 0.560677 0.003750 0.007812
0 0.546375 0.535677 0.005250 0.010937
0 0.559375 0.487500 0.005750 0.011458
0 0.605625 0.461458 0.003750 0.011458
0 0.579625 0.460417 0.003250 0.012500
0 0.591500 0.362500 0.005000 0.013542
0 0.569625 0.323177 0.006750 0.010937
0 0.583750 0.391927 0.004500 0.013021
0 0.634000 0.276042 0.005000 0.009375
0 0.635750 0.227604 0.004500 0.009375
0 0.588375 0.210156 0.005750 0.011979
0 0.623375 0.176823 0.005250 0.014063
0 0.626875 0.139323 0.007250 0.011979
0 0.633125 0.105729 0.006750 0.015625
0 0.618500 0.115625 0.004500 0.010417
0 0.652625 0.127083 0.005250 0.013542
0 0.649125 0.144010 0.004750 0.013021
0 0.653375 0.141927 0.004750 0.009896
0 0.638625 0.129167 0.005750 0.012500
0 0.682500 0.041146 0.004500 0.009375
0 0.682125 0.059375 0.003750 0.007292
0 0.683375 0.067448 0.004250 0.010937
0 0.580750 0.203385 0.004000 0.007812
0 0.576875 0.907292 0.006250 0.011458
0 0.605875 0.941406 0.005750 0.009896
0 0.687375 0.946615 0.005750 0.014063
0 0.656875 0.920833 0.004750 0.010417
0 0.656750 0.912240 0.007000 0.007812
0 0.700125 0.873177 0.005750 0.011979
0 0.726125 0.877344 0.006750 0.009896
0 0.709250 0.898698 0.007500 0.011979
0 0.687250 0.874740 0.006000 0.011979
0 0.680750 0.876823 0.007000 0.013021
0 0.772375 0.882552 0.006750 0.010937
0 0.767125 0.899219 0.007250 0.011979
0 0.798875 0.920312 0.004250 0.014583
0 0.809625 0.956510 0.007250 0.014063
0 0.758125 0.920312 0.006250 0.006250
0 0.752000 0.920833 0.007500 0.007292
0 0.753750 0.912760 0.006500 0.010937
