0 0.605208 0.777625 0.016667 0.004750
0 0.676042 0.784625 0.011458 0.002750
0 0.675260 0.782375 0.011979 0.003750
0 0.690625 0.775250 0.010417 0.007500
0 0.675000 0.770000 0.009375 0.006500
0 0.671875 0.768250 0.008333 0.004000
0 0.680990 0.756750 0.007812 0.006500
0 0.678646 0.754750 0.007292 0.004000
0 0.657292 0.748625 0.012500 0.005750
0 0.636979 0.739250 0.014583 0.005000
0 0.661719 0.725625 0.009896 0.008250
0 0.668750 0.721750 0.011458 0.004500
0 0.691927 0.719375 0.011979 0.005250
0 0.701562 0.717500 0.010417 0.006000
0 0.700521 0.721875 0.011458 0.004250
0 0.711979 0.721875 0.008333 0.005250
0 0.708333 0.720500 0.006250 0.005000
0 0.709896 0.729750 0.011458 0.006000
0 0.733073 0.709125 0.014063 0.005750
0 0.753385 0.707875 0.013021 0.005750
0 0.732812 0.719625 0.008333 0.003750
0 0.729688 0.718250 0.011458 0.005000
0 0.776823 0.704375 0.008854 0.005750
0 0.805729 0.680500 0.012500 0.004000
0 0.764583 0.685625 0.011458 0.006250
0 0.740625 0.692500 0.010417 0.006500
0 0.728646 0.693000 0.009375 0.005500
0 0.708073 0.702000 0.010937 0.005500
0 0.701823 0.697625 0.008854 0.006750
0 0.713802 0.694000 0.007812 0.004000
0 0.711458 0.692375 0.012500 0.003750
0 0.696354 0.691125 0.007292 0.003750
0 0.693750 0.689625 0.011458 0.004750
0 0.687240 0.704250 0.009896 0.005500
0 0.677604 0.706625 0.009375 0.006250
0 0.660417 0.697375 0.014583 0.005250
0 0.638281 0.708250 0.011979 0.005000
0 0.615625 0.709625 0.012500 0.004750
0 0.663542 0.713375 0.008333 0.004250
0 0.659115 0.712125 0.006771 0.003250
0 0.586719 0.722625 0.011979 0.007250
0 0.512500 0.741875 0.011458 0.005250
0 0.699479 0.653375 0.015625 0.005750
0 0.647135 0.628625 0.007812 0.005750
0 0.649740 0.624250 0.014063 0.004000
0 0.613021 0.618875 0.012500 0.005750
0 0.554688 0.621875 0.012500 0.005250
0 0.545573 0.620875 0.005729 0.006750
0 0.508073 0.604500 0.014063 0.004000
0 0.509115 0.601000 0.014063 0.004000
0 0.490104 0.612625 0.004167 0.006250
0 0.485156 0.612875 0.006771 0.007750
0 0.466667 0.608750 0.015625 0.004500
0 0.430729 0.610000 0.012500 0.006000
0 0.465104 0.603500 0.013542 0.005500
0 0.458594 0.593375 0.013021 0.004750
0 0.419792 0.589250 0.008333 0.005000
0 0.423698 0.589125 0.010937 0.006250
0 0.371094 0.610000 0.014063 0.005000
0 0.374219 0.584500 0.011979 0.004500
0 0.368750 0.581375 0.013542 0.004750
0 0.258333 0.553750 0.011458 0.006000
0 0.320833 0.558875 0.012500 0.004750
0 0.386458 0.560000 0.012500 0.006000
0 0.389323 0.570125 0.008854 0.003750
0 0.458594 0.586375 0.011979 0.003250
0 0.436198 0.582250 0.007812 0.003500
0 0.528906 0.597375 0.008854 0.003750
0 0.610156 0.608500 0.007812 0.004500
0 0.660937 0.617125 0.010417 0.003750
0 0.673438 0.618125 0.011458 0.004750
0 0.681510 0.617125 0.011979 0.005250
0 0.824740 0.610250 0.013021 0.005000
0 0.765885 0.583250 0.007812 0.006000
0 0.755990 0.581000 0.011979 0.003500
0 0.755208 0.590625 0.008333 0.007250
0 0.749219 0.590875 0.006771 0.006250
0 0.707552 0.573875 0.014063 0.003750
0 0.714323 0.566625 0.009896 0.006750
0 0.669531 0.559750 0.007812 0.007000
0 0.668750 0.549625 0.009375 0.005750
0 0.674740 0.549125 0.008854 0.006250
0 0.678385 0.548375 0.006771 0.004750
0 0.660937 0.540375 0.008333 0.006750
0 0.645573 0.538500 0.010937 0.005000
0 0.621094 0.547250 0.006771 0.005500
0 0.625521 0.546875 0.005208 0.006250
0 0.629427 0.546750 0.006771 0.005500
0 0.656510 0.547875 0.006771 0.005250
0 0.619792 0.522250 0.006250 0.005500
0 0.624740 0.521250 0.007812 0.005500
0 0.543229 0.493500 0.011458 0.006000
0 0.495833 0.495375 0.012500 0.005250
0 0.506771 0.495375 0.006250 0.004750
0 0.511198 0.494750 0.006771 0.006500
0 0.545573 0.489625 0.009896 0.004750
0 0.547917 0.488125 0.012500 0.004750
0 0.513021 0.484250 0.011458 0.004000
0 0.511458 0.482250 0.012500 0.003500
0 0.506250 0.478875 0.010417 0.002750
0 0.508333 0.477000 0.013542 0.003500
0 0.510938 0.475500 0.011458 0.003500
0 0.465885 0.463125 0.014063 0.006750
0 0.449479 0.452500 0.008333 0.006500
0 0.453385 0.451750 0.006771 0.004500
0 0.380208 0.437250 0.012500 0.005500
0 0.368750 0.403125 0.008333 0.007250
0 0.364063 0.403000 0.006250 0.006000
0 0.229167 0.343250 0.009375 0.005000
0 0.232031 0.341875 0.010937 0.005250
0 0.551562 0.477125 0.006250 0.006250
0 0.555990 0.478625 0.003646 0.006750
0 0.560677 0.478875 0.005729 0.006750
0 0.601823 0.499250 0.008854 0.006500
0 0.671354 0.530625 0.011458 0.003250
0 0.670833 0.527875 0.007292 0.002250
0 0.704167 0.536125 0.012500 0.006750
0 0.717708 0.548875 0.011458 0.004250
0 0.707552 0.548625 0.009896 0.003250
0 0.708854 0.546500 0.006250 0.003000
0 0.765625 0.572250 0.011458 0.006000
0 0.852083 0.549625 0.011458 0.005750
0 0.852344 0.545000 0.011979 0.005000
0 0.867448 0.539000 0.006771 0.006000
0 0.871875 0.547125 0.008333 0.007250
0 0.836979 0.538125 0.008333 0.006250
0 0.834115 0.525125 0.011979 0.003750
0 0.877604 0.566375 0.010417 0.005750
0 0.812500 0.509125 0.011458 0.006250
0 0.790104 0.472250 0.016667 0.006500
0 0.819271 0.417250 0.019792 0.005500
0 0.840625 0.312625 0.012500 0.007250
0 0.868229 0.480625 0.009375 0.005750
0 0.972917 0.536625 0.010417 0.006250
0 0.980469 0.550625 0.007812 0.006250
0 0.990104 0.553250 0.013542 0.004000
0 0.993750 0.558500 0.009375 0.006000
