0 0.278906 0.603125 0.018229 0.007750
0 0.319792 0.590000 0.013542 0.008000
0 0.268490 0.567500 0.007812 0.007500
0 0.207031 0.578125 0.020313 0.005750
0 0.244792 0.562250 0.008333 0.004500
0 0.253125 0.556875 0.015625 0.007750
0 0.284375 0.561250 0.015625 0.009000
0 0.295833 0.575000 0.015625 0.007000
0 0.257552 0.578125 0.020313 0.010250
0 0.251823 0.544500 0.016146 0.006500
0 0.223958 0.536375 0.009375 0.006750
0 0.203385 0.537625 0.013021 0.008750
0 0.209635 0.533875 0.008854 0.004750
0 0.210417 0.529750 0.012500 0.004000
0 0.198958 0.524750 0.009375 0.007000
0 0.215885 0.523625 0.005729 0.007250
0 0.221615 0.522375 0.007812 0.007250
0 0.198698 0.515750 0.007812 0.007500
0 0.202604 0.509750 0.013542 0.005500
0 0.113021 0.486250 0.017708 0.006500
0 0.142187 0.472750 0.020833 0.009000
0 0.192188 0.487625 0.013542 0.004750
0 0.189323 0.482875 0.013021 0.006250
0 0.068750 0.450750 0.014583 0.007500
0 0.120313 0.444250 0.008333 0.008000
0 0.114323 0.443875 0.005729 0.006750
0 0.175781 0.437875 0.014063 0.005750
0 0.070573 0.406750 0.018229 0.011000
0 0.084896 0.412250 0.011458 0.008500
0 0.236458 0.488000 0.011458 0.008500
0 0.247135 0.488750 0.010937 0.009000
0 0.234635 0.467625 0.011979 0.006250
0 0.311979 0.559500 0.013542 0.006500
0 0.330469 0.525250 0.016146 0.006000
0 0.379688 0.526875 0.008333 0.005250
0 0.394271 0.510375 0.012500 0.006250
0 0.369271 0.484250 0.013542 0.005500
0 0.346615 0.482375 0.018229 0.007250
0 0.322656 0.480750 0.014063 0.011000
0 0.419010 0.488000 0.018229 0.009000
0 0.399740 0.477125 0.007812 0.005250
0 0.392969 0.474375 0.007812 0.007250
0 0.398958 0.471250 0.006250 0.007000
0 0.409115 0.473500 0.010937 0.004000
0 0.406510 0.470000 0.010937 0.005000
0 0.370573 0.460625 0.011979 0.006250
0 0.369271 0.458125 0.010417 0.004750
0 0.296875 0.451250 0.015625 0.008000
0 0.430729 0.432750 0.011458 0.006500
0 0.435156 0.421625 0.010937 0.006250
0 0.395833 0.433875 0.008333 0.007250
0 0.407031 0.434500 0.010937 0.005000
0 0.416146 0.435125 0.009375 0.004750
0 0.417448 0.433125 0.007812 0.003750
0 0.409115 0.442250 0.007812 0.004000
0 0.404427 0.438625 0.006771 0.003750
0 0.410156 0.438375 0.007812 0.004250
0 0.386979 0.445875 0.013542 0.006250
0 0.314583 0.411000 0.010417 0.007500
0 0.309635 0.406125 0.011979 0.004750
0 0.297135 0.403125 0.008854 0.008750
0 0.319531 0.393375 0.015104 0.004250
0 0.300781 0.380125 0.007812 0.006750
0 0.320833 0.381250 0.026042 0.006500
0 0.408594 0.385375 0.011979 0.007250
0 0.434375 0.392625 0.012500 0.007750
0 0.395313 0.407625 0.014583 0.008750
0 0.414583 0.408000 0.011458 0.005500
0 0.417448 0.405750 0.007812 0.004500
0 0.415625 0.368500 0.013542 0.005000
0 0.436458 0.364375 0.010417 0.007750
0 0.388542 0.372375 0.017708 0.007750
0 0.396615 0.367500 0.008854 0.007500
0 0.304948 0.342750 0.011979 0.009500
0 0.452865 0.356500 0.013021 0.007500
0 0.441927 0.357375 0.008854 0.006750
0 0.446615 0.348375 0.011979 0.006250
0 0.418229 0.345875 0.008333 0.008250
0 0.427865 0.350250 0.006771 0.008500
0 0.429948 0.337375 0.015104 0.007250
0 0.428646 0.326750 0.008333 0.006000
0 0.346094 0.301250 0.023438 0.008500
0 0.425781 0.308125 0.019271 0.008750
0 0.478125 0.296125 0.019792 0.006750
0 0.465365 0.345875 0.009896 0.006250
0 0.789062 0.380125 0.013542 0.009250
0 0.775521 0.384000 0.008333 0.008500
0 0.768490 0.384125 0.005729 0.007750
0 0.760417 0.391875 0.009375 0.008250
0 0.772135 0.391750 0.016146 0.005500
0 0.768229 0.396875 0.012500 0.007250
0 0.751563 0.399000 0.008333 0.008500
0 0.742969 0.402375 0.009896 0.008250
0 0.753125 0.412750 0.009375 0.009000
0 0.780208 0.421375 0.016667 0.006750
0 0.765885 0.412375 0.008854 0.007250
0 0.761198 0.411750 0.008854 0.008000
0 0.622396 0.430250 0.013542 0.009000
0 0.606510 0.456875 0.007812 0.006750
0 0.603646 0.463875 0.015625 0.003750
0 0.604427 0.462125 0.010937 0.003750
0 0.626823 0.478250 0.009896 0.008000
0 0.610156 0.482500 0.010937 0.007500
0 0.604427 0.472250 0.009896 0.004500
0 0.602083 0.470375 0.011458 0.006250
0 0.661198 0.470875 0.008854 0.007750
0 0.672656 0.473750 0.015104 0.004500
0 0.671094 0.468250 0.005729 0.006000
0 0.677865 0.466000 0.007812 0.008000
0 0.677083 0.477625 0.015625 0.004250
0 0.666146 0.480000 0.009375 0.006500
0 0.661198 0.479500 0.008854 0.006500
0 0.656250 0.479250 0.007292 0.006500
0 0.712500 0.471375 0.008333 0.006750
0 0.760417 0.465875 0.012500 0.006250
0 0.725260 0.467375 0.013021 0.006250
0 0.731250 0.453625 0.011458 0.005750
0 0.728125 0.452625 0.011458 0.005250
0 0.792969 0.436875 0.007812 0.006250
0 0.785417 0.436125 0.009375 0.007750
0 0.694792 0.506500 0.008333 0.005000
0 0.653385 0.513625 0.009896 0.005750
0 0.623437 0.504375 0.012500 0.007250
0 0.612760 0.500625 0.005729 0.005250
0 0.608854 0.499750 0.008333 0.007000
0 0.519792 0.497625 0.011458 0.007250
0 0.578646 0.523000 0.010417 0.003000
0 0.580729 0.524875 0.013542 0.004750
0 0.404687 0.612125 0.011458 0.004750
0 0.464844 0.624000 0.014063 0.007500
0 0.571354 0.598750 0.017708 0.006500
0 0.624479 0.614250 0.014583 0.005000
0 0.589844 0.637000 0.019271 0.005000
0 0.516406 0.631375 0.018229 0.007250
0 0.548438 0.632750 0.009375 0.006000
0 0.617969 0.630375 0.017188 0.005250
0 0.668750 0.611250 0.015625 0.004000
0 0.692448 0.609875 0.017188 0.005250
0 0.667448 0.604250 0.017188 0.005500
0 0.666146 0.594625 0.014583 0.006750
0 0.750781 0.570500 0.017188 0.004000
0 0.757292 0.565250 0.011458 0.006000
0 0.770052 0.566125 0.011979 0.006250
0 0.774740 0.576750 0.023438 0.006500
0 0.738802 0.578875 0.017188 0.004750
0 0.739583 0.582250 0.012500 0.003000
0 0.741146 0.585125 0.013542 0.003250
0 0.749479 0.583000 0.009375 0.007500
0 0.821094 0.559125 0.010937 0.008250
0 0.801562 0.560500 0.017708 0.004500
0 0.854427 0.567500 0.018229 0.004500
0 0.831510 0.580375 0.015104 0.007750
0 0.824219 0.597500 0.013021 0.004500
0 0.830208 0.600500 0.008333 0.007000
0 0.903385 0.563375 0.021354 0.005250
0 0.895573 0.558375 0.017188 0.003750
0 0.898177 0.555125 0.018229 0.003750
0 0.927344 0.550875 0.019271 0.004250
0 0.919792 0.545375 0.019792 0.004750
0 0.995052 0.581500 0.008854 0.008000
0 0.827083 0.644750 0.016667 0.006500
0 0.805729 0.639375 0.013542 0.005250
0 0.704427 0.572125 0.018229 0.005750
0 0.725781 0.569500 0.017188 0.008500
0 0.582552 0.682000 0.010937 0.005500
0 0.640625 0.683125 0.012500 0.004750
0 0.668229 0.677375 0.010417 0.006750
0 0.666927 0.685875 0.010937 0.005750
0 0.621094 0.690125 0.010937 0.005250
0 0.635417 0.661625 0.007292 0.005750
0 0.634115 0.656875 0.010937 0.003750
0 0.589844 0.701000 0.014063 0.007000
0 0.877083 0.439250 0.015625 0.009000
0 0.779167 0.478125 0.016667 0.006750
0 0.883073 0.422875 0.014063 0.004250
0 0.879948 0.392250 0.008854 0.007500
0 0.060937 0.255250 0.014583 0.009000
0 0.352865 0.207875 0.016146 0.006250
