0 0.354948 0.483750 0.013021 0.006500
0 0.329167 0.483500 0.010417 0.005500
0 0.323698 0.479500 0.009896 0.005000
0 0.303906 0.411500 0.010937 0.007500
0 0.341406 0.411125 0.011979 0.008250
0 0.383333 0.403125 0.011458 0.007250
0 0.348177 0.437125 0.011979 0.006750
0 0.300781 0.440250 0.007812 0.007000
0 0.296094 0.439875 0.004687 0.006250
0 0.350260 0.426875 0.009896 0.006250
0 0.352865 0.423125 0.009896 0.007250
0 0.308333 0.381750 0.009375 0.007500
0 0.273438 0.342875 0.008333 0.004250
0 0.389844 0.322125 0.017188 0.008250
0 0.340625 0.361250 0.009375 0.006500
0 0.328385 0.353250 0.016146 0.004500
0 0.325521 0.357875 0.008333 0.005750
0 0.333594 0.359500 0.006771 0.005000
0 0.443490 0.486375 0.010937 0.007250
0 0.501042 0.471000 0.011458 0.006000
0 0.524219 0.456750 0.011979 0.005000
0 0.502865 0.421750 0.015104 0.005500
0 0.559896 0.405375 0.012500 0.004250
0 0.559896 0.399750 0.015625 0.004500
0 0.662240 0.343125 0.009896 0.003750
0 0.657031 0.341000 0.008854 0.008000
0 0.697135 0.289250 0.009896 0.005000
0 0.700000 0.293375 0.012500 0.006750
0 0.937500 0.419125 0.017708 0.004750
0 0.955469 0.421500 0.007812 0.008000
0 0.967448 0.424625 0.015104 0.006750
0 0.824740 0.454250 0.015104 0.007000
0 0.756250 0.472500 0.010417 0.004000
0 0.596094 0.508000 0.014063 0.008500
0 0.526042 0.531250 0.013542 0.008500
0 0.654167 0.566125 0.016667 0.006250
0 0.973437 0.568750 0.013542 0.004000
0 0.534635 0.626500 0.007812 0.005500
0 0.563281 0.638375 0.009896 0.004250
0 0.635677 0.638625 0.014063 0.004750
0 0.635417 0.642000 0.016667 0.004500
0 0.611979 0.677500 0.012500 0.006500
0 0.655990 0.684875 0.009896 0.006250
0 0.908073 0.766375 0.011979 0.008750
