0 0.103250 0.652604 0.007500 0.015625
0 0.256250 0.793750 0.007000 0.011458
0 0.329125 0.789844 0.008250 0.009896
0 0.346500 0.783073 0.007000 0.010937
0 0.351750 0.766927 0.006000 0.010937
0 0.358375 0.786979 0.008750 0.014583
0 0.367125 0.758594 0.008250 0.015104
0 0.377125 0.745052 0.005250 0.016146
0 0.392000 0.741146 0.009500 0.014583
0 0.396250 0.718229 0.008000 0.009375
0 0.390500 0.718750 0.003500 0.009375
0 0.334250 0.717187 0.007500 0.010417
0 0.374250 0.829688 0.009000 0.014583
0 0.395875 0.834896 0.008250 0.019792
0 0.394750 0.758854 0.010000 0.021875
0 0.501875 0.656250 0.006750 0.012500
0 0.468125 0.557552 0.003750 0.018229
0 0.476000 0.550781 0.008000 0.013021
0 0.464375 0.554427 0.004750 0.015104
0 0.449375 0.515885 0.006250 0.010937
0 0.449750 0.497396 0.007000 0.015625
0 0.447500 0.504687 0.006500 0.012500
0 0.408625 0.438281 0.007750 0.014063
0 0.406125 0.423958 0.006750 0.014583
0 0.407750 0.407812 0.007500 0.013542
0 0.410125 0.396094 0.008250 0.015104
0 0.399750 0.395833 0.004500 0.012500
0 0.402500 0.394010 0.006500 0.016146
0 0.389125 0.390365 0.005250 0.015104
0 0.391125 0.388021 0.004250 0.011458
0 0.369500 0.404948 0.007000 0.018229
0 0.358750 0.300260 0.012000 0.011979
0 0.382000 0.301042 0.006000 0.014583
0 0.393500 0.307552 0.007000 0.018229
0 0.397125 0.295052 0.006250 0.013021
0 0.365875 0.086979 0.005750 0.012500
0 0.411250 0.307031 0.005500 0.016146
0 0.414250 0.321094 0.004500 0.013021
0 0.412375 0.327083 0.003750 0.012500
0 0.414625 0.339323 0.004250 0.010937
0 0.418625 0.341927 0.004750 0.008854
0 0.438625 0.425260 0.003750 0.013021
0 0.442875 0.426563 0.005750 0.014583
0 0.448500 0.435937 0.006000 0.009375
0 0.452750 0.446615 0.006500 0.017188
0 0.432000 0.389583 0.006500 0.013542
0 0.435750 0.400781 0.006500 0.007812
0 0.429125 0.368750 0.005750 0.015625
0 0.423500 0.355469 0.003500 0.008854
0 0.419375 0.353906 0.005250 0.013021
0 0.422750 0.368229 0.007000 0.014583
0 0.534250 0.708333 0.007000 0.015625
0 0.535125 0.698958 0.006250 0.012500
0 0.539250 0.536458 0.008000 0.017708
0 0.547875 0.518750 0.006750 0.016667
0 0.527750 0.365625 0.009000 0.014583
0 0.504625 0.353125 0.005250 0.014583
0 0.498000 0.351823 0.007000 0.010937
0 0.503625 0.342187 0.003250 0.016667
0 0.500250 0.342448 0.003500 0.016146
0 0.495625 0.337240 0.007750 0.009896
0 0.498500 0.324740 0.005500 0.011979
0 0.493500 0.322917 0.005000 0.009375
0 0.492125 0.315104 0.008250 0.007292
0 0.483000 0.300260 0.003500 0.015104
0 0.487250 0.260417 0.005500 0.011458
0 0.479875 0.292187 0.005750 0.012500
0 0.509000 0.333333 0.003500 0.016667
0 0.506250 0.332813 0.002500 0.013542
0 0.509750 0.226562 0.007500 0.010417
0 0.490875 0.219792 0.005750 0.010417
0 0.494750 0.221354 0.004000 0.011458
0 0.489875 0.232292 0.005750 0.010417
0 0.491000 0.235937 0.004000 0.009375
0 0.497000 0.191406 0.004000 0.016146
0 0.514000 0.190104 0.007000 0.012500
0 0.506125 0.189583 0.006750 0.013542
0 0.489125 0.179948 0.005750 0.015104
0 0.482375 0.159375 0.006250 0.005208
0 0.483250 0.165885 0.007500 0.008854
0 0.469125 0.054167 0.010750 0.012500
0 0.545625 0.112760 0.005250 0.016146
0 0.554750 0.021354 0.004500 0.015625
0 0.536375 0.174479 0.007250 0.017708
0 0.563750 0.198698 0.005500 0.011979
0 0.539750 0.228906 0.006500 0.016146
0 0.569625 0.256510 0.006250 0.010937
0 0.542625 0.317708 0.005750 0.008333
0 0.551000 0.324219 0.007000 0.006771
0 0.554000 0.334635 0.006000 0.015104
0 0.540500 0.252865 0.005500 0.007812
0 0.539750 0.247396 0.005000 0.006250
0 0.542375 0.377865 0.003750 0.008854
0 0.542500 0.387500 0.005000 0.010417
0 0.592250 0.564323 0.007500 0.008854
0 0.601625 0.528385 0.004750 0.014063
0 0.611000 0.513802 0.006500 0.014063
0 0.629375 0.495573 0.006750 0.013021
0 0.613375 0.474219 0.003750 0.014063
0 0.613625 0.463542 0.007750 0.007292
0 0.612125 0.428646 0.007250 0.008333
0 0.619125 0.421875 0.006750 0.011458
0 0.608250 0.459375 0.004000 0.015625
0 0.605625 0.456771 0.003250 0.013542
0 0.632000 0.376042 0.006000 0.016667
0 0.633875 0.384375 0.002750 0.016667
0 0.636750 0.386198 0.003000 0.016146
0 0.640375 0.384635 0.002750 0.018229
0 0.643625 0.379948 0.002750 0.015104
0 0.630625 0.357031 0.005250 0.014063
0 0.628750 0.354687 0.004000 0.011458
0 0.622000 0.290885 0.006000 0.016146
0 0.628375 0.276823 0.005250 0.013021
0 0.622625 0.273698 0.005750 0.016146
0 0.704250 0.241146 0.006000 0.014583
0 0.653875 0.432812 0.007250 0.011458
0 0.649625 0.413542 0.004750 0.015625
0 0.646500 0.424740 0.008000 0.007812
0 0.661250 0.408854 0.007000 0.015625
0 0.637500 0.464844 0.005500 0.018229
0 0.622500 0.406771 0.004000 0.014583
0 0.619125 0.414323 0.006250 0.007812
