0 0.387240 0.275375 0.025521 0.012250
0 0.411979 0.293750 0.020833 0.013500
0 0.547656 0.352125 0.030729 0.012750
0 0.609115 0.422750 0.029687 0.013500
0 0.633594 0.429875 0.022396 0.012750
0 0.678646 0.465000 0.019792 0.011500
0 0.701823 0.473750 0.026562 0.014000
0 0.769531 0.489375 0.021354 0.008750
0 0.386719 0.564000 0.018229 0.013500
0 0.338542 0.570625 0.032292 0.012250
0 0.337240 0.595125 0.038021 0.016250
0 0.339323 0.618000 0.017188 0.012000
0 0.279687 0.606875 0.023958 0.014250
0 0.311979 0.624375 0.015625 0.008750
0 0.505469 0.706500 0.030729 0.017500
0 0.800260 0.711625 0.026562 0.010250
0 0.753906 0.716250 0.021354 0.010000
0 0.764583 0.724000 0.019792 0.013500
0 0.665885 0.784500 0.022396 0.011500
0 0.713802 0.750125 0.025521 0.012750
0 0.633594 0.843750 0.019271 0.013500
