0 0.245125 0.407552 0.004750 0.013021
0 0.243625 0.404427 0.004250 0.009896
0 0.322250 0.386458 0.004000 0.012500
0 0.306750 0.438542 0.002500 0.010417
0 0.304750 0.439062 0.002000 0.014583
0 0.289125 0.432292 0.003250 0.013542
0 0.287125 0.435677 0.002250 0.010937
0 0.249625 0.574740 0.006750 0.008854
0 0.234000 0.544271 0.004500 0.009375
0 0.314625 0.446094 0.004750 0.007812
0 0.317000 0.441927 0.005500 0.006771
0 0.363500 0.434375 0.003000 0.013542
0 0.363375 0.443750 0.004250 0.008333
0 0.363750 0.456250 0.004500 0.012500
0 0.363625 0.477344 0.004250 0.010937
0 0.360375 0.474219 0.003250 0.010937
0 0.364875 0.488802 0.003750 0.011979
0 0.364500 0.523177 0.002500 0.011979
0 0.365625 0.513802 0.002750 0.007812
0 0.367375 0.528646 0.003750 0.010417
0 0.363125 0.546094 0.003250 0.013021
0 0.360500 0.545312 0.003500 0.011458
0 0.357750 0.542188 0.003000 0.008333
0 0.360375 0.698177 0.004250 0.011979
0 0.361375 0.686979 0.003250 0.011458
0 0.362750 0.695573 0.004000 0.006771
0 0.364375 0.688542 0.002750 0.009375
0 0.371000 0.747135 0.006000 0.008854
0 0.362125 0.802083 0.004750 0.007292
0 0.394000 0.786719 0.005500 0.010937
0 0.381500 0.776823 0.005000 0.011979
0 0.384250 0.757292 0.006000 0.012500
0 0.389875 0.746875 0.005750 0.011458
0 0.389000 0.747135 0.005500 0.009896
0 0.384625 0.757552 0.006250 0.010937
0 0.385750 0.688281 0.003500 0.010937
0 0.384250 0.686198 0.004500 0.009896
0 0.393125 0.392448 0.005250 0.011979
0 0.406375 0.588802 0.005250 0.011979
0 0.429625 0.602083 0.004250 0.012500
0 0.419750 0.598958 0.005000 0.009375
0 0.418250 0.602604 0.003000 0.008333
0 0.414750 0.603385 0.004500 0.010937
0 0.416375 0.610938 0.005250 0.005208
0 0.417250 0.618750 0.003500 0.009375
0 0.418625 0.627865 0.003750 0.010937
0 0.419875 0.621094 0.003750 0.009896
0 0.424000 0.636719 0.004500 0.011979
0 0.421625 0.639062 0.004250 0.010417
0 0.415375 0.674219 0.004250 0.014063
0 0.418500 0.670833 0.004000 0.007292
0 0.418625 0.660937 0.004750 0.008333
0 0.421500 0.674479 0.003500 0.013542
0 0.425500 0.676562 0.005000 0.013542
0 0.413875 0.801823 0.005250 0.007812
0 0.428750 0.761198 0.004500 0.015104
0 0.433875 0.798177 0.005750 0.015104
0 0.428250 0.816667 0.003000 0.011458
0 0.440625 0.844792 0.005750 0.011458
0 0.439125 0.835677 0.006250 0.011979
0 0.440000 0.873177 0.005000 0.013021
0 0.447875 0.861198 0.002750 0.016146
0 0.451000 0.862240 0.003500 0.013021
0 0.468000 0.876563 0.003000 0.013542
0 0.465625 0.874479 0.004750 0.012500
0 0.466250 0.733594 0.005500 0.011979
0 0.487750 0.696094 0.006000 0.013021
0 0.461875 0.657292 0.004750 0.013542
0 0.430500 0.334375 0.008000 0.009375
0 0.427625 0.354687 0.004250 0.005208
0 0.441375 0.377344 0.006250 0.006771
0 0.444625 0.386458 0.005250 0.012500
0 0.453375 0.405469 0.005750 0.009896
0 0.456500 0.421354 0.005500 0.010417
0 0.459625 0.432552 0.005750 0.010937
0 0.466500 0.430729 0.007000 0.010417
0 0.466750 0.438021 0.004000 0.006250
0 0.467125 0.452083 0.005750 0.010417
0 0.467500 0.458333 0.005500 0.005208
0 0.469625 0.462760 0.005250 0.004687
0 0.470375 0.467187 0.004250 0.004167
0 0.472625 0.473698 0.004750 0.008854
0 0.476375 0.472917 0.004750 0.011458
0 0.483000 0.496615 0.004500 0.011979
0 0.484375 0.478646 0.006250 0.013542
0 0.470625 0.450781 0.004750 0.010937
0 0.475500 0.453385 0.005500 0.013021
0 0.497875 0.494531 0.005750 0.009896
0 0.501625 0.503385 0.006250 0.009896
0 0.504625 0.513021 0.006250 0.010417
0 0.498125 0.529167 0.004750 0.012500
0 0.502625 0.541406 0.004750 0.007812
0 0.511000 0.551042 0.005000 0.009375
0 0.526875 0.562240 0.006250 0.015104
0 0.524750 0.609635 0.005000 0.013021
0 0.523125 0.622396 0.005750 0.009375
0 0.553125 0.658854 0.005250 0.011458
0 0.556125 0.654427 0.004750 0.014063
0 0.538250 0.528125 0.003500 0.012500
0 0.535875 0.528125 0.003250 0.016667
0 0.522625 0.515625 0.004250 0.011458
0 0.510125 0.499219 0.007250 0.014063
0 0.477250 0.412760 0.005000 0.015104
0 0.467375 0.413021 0.004750 0.012500
0 0.469000 0.410938 0.004000 0.009375
0 0.471250 0.374219 0.004500 0.014063
0 0.453500 0.378646 0.003000 0.011458
0 0.451625 0.379167 0.003250 0.014583
0 0.464125 0.375260 0.003250 0.013021
0 0.465875 0.373437 0.002750 0.009375
0 0.404000 0.269271 0.007000 0.008333
0 0.409125 0.266667 0.003750 0.012500
0 0.435875 0.254427 0.004250 0.011979
0 0.438750 0.255208 0.003500 0.007292
0 0.456875 0.249479 0.006250 0.009375
0 0.462625 0.253906 0.005250 0.008854
0 0.465375 0.249740 0.005750 0.008854
0 0.479625 0.259896 0.003750 0.009375
0 0.476625 0.256771 0.004250 0.010417
0 0.481000 0.247656 0.004000 0.011979
0 0.485875 0.253646 0.004750 0.007292
0 0.489125 0.245833 0.005750 0.005208
0 0.489750 0.266927 0.003000 0.010937
0 0.487750 0.267708 0.002500 0.006250
0 0.504875 0.249219 0.006250 0.011979
0 0.539875 0.273698 0.005750 0.006771
0 0.546875 0.229687 0.004750 0.011458
0 0.576875 0.240885 0.006750 0.013021
0 0.553750 0.161979 0.006500 0.011458
0 0.504375 0.200781 0.007250 0.008854
0 0.502750 0.205990 0.007000 0.005729
0 0.501750 0.209635 0.005000 0.004687
0 0.501750 0.214583 0.006500 0.007292
0 0.481250 0.209115 0.005000 0.011979
0 0.442250 0.205990 0.007000 0.010937
0 0.154750 0.419271 0.008000 0.010417
