0 0.262760 0.545000 0.010937 0.004000
0 0.152604 0.363000 0.008333 0.008000
0 0.172396 0.338625 0.018750 0.006250
0 0.042708 0.227375 0.007292 0.005750
0 0.297396 0.271250 0.012500 0.007500
0 0.477344 0.456375 0.015104 0.004750
0 0.432031 0.485125 0.009896 0.006250
0 0.470833 0.379875 0.022917 0.007250
0 0.471354 0.287125 0.011458 0.010250
0 0.575521 0.296750 0.011458 0.006500
0 0.703385 0.308875 0.016146 0.009750
0 0.468229 0.303250 0.012500 0.004000
0 0.600260 0.567875 0.016146 0.003750
0 0.669010 0.790875 0.014063 0.007250
0 0.415104 0.690000 0.008333 0.004500
