0 0.031250 0.082125 0.011458 0.004750
0 0.107031 0.154625 0.016146 0.005750
0 0.222917 0.273375 0.010417 0.005250
0 0.414583 0.255750 0.009375 0.006000
0 0.419271 0.236750 0.010417 0.005000
0 0.459896 0.242125 0.009375 0.004750
0 0.498437 0.225625 0.009375 0.004750
0 0.965885 0.146625 0.010937 0.005750
0 0.250260 0.640250 0.011979 0.005000
0 0.269271 0.645750 0.014583 0.005500
0 0.307812 0.631625 0.009375 0.005250
0 0.300521 0.620250 0.011458 0.005000
0 0.257031 0.618625 0.008854 0.005250
0 0.237760 0.616000 0.011979 0.005500
0 0.264583 0.608500 0.012500 0.004500
0 0.225000 0.600125 0.006250 0.004750
0 0.238021 0.592250 0.014583 0.005000
0 0.238542 0.600625 0.010417 0.007250
0 0.215104 0.597750 0.008333 0.005000
0 0.214844 0.590625 0.011979 0.003250
0 0.206250 0.591375 0.008333 0.004250
0 0.208333 0.595375 0.011458 0.003750
0 0.124740 0.597375 0.007812 0.005250
0 0.183594 0.567250 0.008854 0.005000
0 0.106771 0.566000 0.013542 0.005000
0 0.090365 0.571875 0.009896 0.004750
0 0.079427 0.572125 0.013021 0.004750
0 0.070052 0.567375 0.013021 0.004250
0 0.052083 0.562000 0.012500 0.005000
0 0.039323 0.547125 0.008854 0.005750
0 0.085417 0.550000 0.013542 0.002000
0 0.085677 0.551875 0.008854 0.002250
0 0.137500 0.578000 0.012500 0.006000
0 0.393490 0.620000 0.009896 0.003500
0 0.355208 0.614750 0.006250 0.005000
0 0.339062 0.590375 0.008333 0.004750
0 0.316146 0.593000 0.004167 0.004500
0 0.319792 0.592375 0.005208 0.006750
0 0.266146 0.583500 0.007292 0.005500
0 0.233854 0.575375 0.006250 0.004750
0 0.267969 0.570750 0.007812 0.004500
0 0.302083 0.577375 0.010417 0.005750
0 0.333594 0.586625 0.007812 0.003750
0 0.339844 0.587500 0.005729 0.003000
0 0.328646 0.583000 0.009375 0.003500
0 0.335156 0.581875 0.004687 0.002750
0 0.333333 0.580625 0.007292 0.004250
0 0.327865 0.576875 0.008854 0.003250
0 0.325260 0.567875 0.007812 0.003750
0 0.316927 0.569000 0.007812 0.004500
0 0.317188 0.572750 0.009375 0.003000
0 0.317708 0.575000 0.009375 0.004000
0 0.305469 0.559625 0.008854 0.005250
0 0.296615 0.561500 0.008854 0.004000
0 0.301042 0.563875 0.008333 0.004250
0 0.276823 0.563625 0.007812 0.005250
0 0.272396 0.563750 0.007292 0.005000
0 0.270313 0.566250 0.007292 0.005000
0 0.264583 0.566500 0.005208 0.005500
0 0.263542 0.561000 0.006250 0.005000
0 0.247396 0.555000 0.008333 0.005000
0 0.244792 0.558375 0.009375 0.004750
0 0.261979 0.556250 0.006250 0.003500
0 0.264844 0.555750 0.007812 0.004500
0 0.283854 0.552625 0.007292 0.002750
0 0.285677 0.550750 0.009896 0.004000
0 0.291667 0.547875 0.010417 0.004250
0 0.288802 0.543875 0.009896 0.003250
0 0.271354 0.546625 0.007292 0.004250
0 0.232292 0.552000 0.008333 0.004000
0 0.254167 0.546625 0.008333 0.005250
0 0.248438 0.546750 0.007292 0.005500
0 0.240365 0.543875 0.007812 0.005250
0 0.240104 0.548125 0.006250 0.003750
0 0.236198 0.548750 0.006771 0.004000
0 0.232031 0.545750 0.005729 0.004500
0 0.227865 0.545750 0.004687 0.004000
0 0.195833 0.520500 0.007292 0.005000
0 0.160156 0.514625 0.006771 0.005250
0 0.167187 0.510625 0.006250 0.004750
0 0.190104 0.507500 0.007292 0.004000
0 0.186198 0.503375 0.009896 0.004250
0 0.206250 0.510375 0.008333 0.003750
0 0.196094 0.512750 0.006771 0.003500
0 0.198437 0.511875 0.008333 0.004250
0 0.266927 0.518000 0.006771 0.004000
0 0.259375 0.522625 0.006250 0.003250
0 0.261198 0.521875 0.006771 0.003750
0 0.265885 0.511875 0.004687 0.004250
0 0.258594 0.511750 0.005729 0.003500
0 0.260156 0.511250 0.006771 0.004000
0 0.236198 0.507250 0.005729 0.004000
0 0.236458 0.504875 0.008333 0.003750
0 0.215885 0.504625 0.009896 0.003750
0 0.122396 0.521875 0.010417 0.005250
0 0.202604 0.497750 0.010417 0.003000
0 0.219271 0.477500 0.009375 0.003500
0 0.149479 0.491375 0.011458 0.003250
0 0.155469 0.495250 0.006771 0.003500
0 0.158854 0.494375 0.008333 0.004250
0 0.076302 0.491250 0.006771 0.005500
0 0.017708 0.455250 0.012500 0.004500
0 0.084375 0.386875 0.012500 0.005750
0 0.151823 0.452750 0.011979 0.003500
0 0.159896 0.444875 0.012500 0.004250
0 0.436198 0.609125 0.011979 0.004250
0 0.436719 0.597875 0.008854 0.005250
0 0.432552 0.592625 0.013021 0.005250
0 0.457552 0.591250 0.006771 0.006000
0 0.467448 0.585375 0.005729 0.005750
0 0.442708 0.579500 0.011458 0.005500
0 0.465625 0.572625 0.008333 0.005250
0 0.429948 0.573250 0.004687 0.005500
0 0.435677 0.574125 0.007812 0.005750
0 0.440625 0.565250 0.012500 0.004000
0 0.464062 0.564500 0.005208 0.003000
0 0.445312 0.558875 0.005208 0.005750
0 0.438802 0.560375 0.007812 0.005750
0 0.448958 0.546125 0.009375 0.005250
0 0.436719 0.546375 0.013021 0.005250
0 0.403906 0.538000 0.007812 0.005000
0 0.444531 0.534000 0.010937 0.004000
0 0.446354 0.537375 0.008333 0.004250
0 0.480469 0.536750 0.007812 0.004000
0 0.434896 0.525625 0.009375 0.005250
0 0.405469 0.526500 0.010937 0.002500
0 0.442448 0.527125 0.008854 0.005250
0 0.461198 0.529375 0.008854 0.003750
0 0.460156 0.526250 0.004687 0.006000
0 0.453385 0.526500 0.005729 0.006500
0 0.449740 0.519250 0.008854 0.005000
0 0.442448 0.519375 0.006771 0.005750
0 0.439844 0.517750 0.009896 0.002500
0 0.437240 0.514500 0.006771 0.005000
0 0.430990 0.513500 0.009896 0.005500
0 0.454167 0.509250 0.007292 0.005500
0 0.444531 0.508000 0.010937 0.004500
0 0.468750 0.513500 0.009375 0.004500
0 0.459635 0.514875 0.008854 0.005750
0 0.469010 0.496375 0.007812 0.004750
0 0.458594 0.501125 0.008854 0.003750
0 0.460938 0.503500 0.005208 0.004500
0 0.469531 0.502000 0.007812 0.005000
0 0.477344 0.498750 0.007812 0.004000
0 0.474219 0.497750 0.008854 0.004000
0 0.466927 0.500750 0.005729 0.004000
0 0.455729 0.494000 0.012500 0.005000
0 0.502865 0.495375 0.007812 0.006250
0 0.495312 0.505375 0.005208 0.003750
0 0.490625 0.507625 0.005208 0.004250
0 0.486719 0.509750 0.004687 0.004500
0 0.482552 0.516500 0.005729 0.004500
0 0.488542 0.520000 0.006250 0.005000
0 0.487500 0.529250 0.005208 0.005000
0 0.483073 0.530125 0.003646 0.005250
0 0.471354 0.538875 0.005208 0.004750
0 0.478385 0.527750 0.004687 0.005000
0 0.476562 0.530125 0.004167 0.004750
0 0.482812 0.524000 0.004167 0.004500
0 0.478906 0.520875 0.002604 0.004250
0 0.467969 0.546625 0.003646 0.005250
0 0.500521 0.481625 0.008333 0.005250
0 0.522656 0.474250 0.008854 0.005500
0 0.442448 0.456125 0.005729 0.005750
0 0.435677 0.455625 0.007812 0.002750
0 0.485677 0.446125 0.008854 0.004250
0 0.528646 0.434250 0.006250 0.003500
0 0.516406 0.424000 0.009896 0.005500
0 0.492188 0.403250 0.008333 0.005500
0 0.655469 0.326000 0.007812 0.005000
0 0.578385 0.379500 0.008854 0.004000
0 0.570833 0.375000 0.008333 0.004000
0 0.568490 0.409000 0.005729 0.005500
0 0.600260 0.432750 0.006771 0.004500
0 0.498698 0.622250 0.004687 0.006000
0 0.503646 0.622625 0.005208 0.005250
0 0.514583 0.605125 0.006250 0.006250
0 0.528906 0.605625 0.010937 0.004250
0 0.527604 0.602125 0.009375 0.003750
0 0.536719 0.600875 0.008854 0.004250
0 0.531771 0.598750 0.009375 0.003500
0 0.523177 0.598125 0.010937 0.002250
0 0.522656 0.595625 0.008854 0.002750
0 0.529167 0.592500 0.009375 0.004000
0 0.546615 0.593500 0.011979 0.003000
0 0.548698 0.590125 0.011979 0.003250
0 0.555208 0.586875 0.012500 0.003250
0 0.557813 0.580625 0.010417 0.002250
0 0.557292 0.578375 0.010417 0.002250
0 0.554167 0.570500 0.012500 0.003500
0 0.570833 0.570750 0.011458 0.003500
0 0.583594 0.569125 0.010937 0.004250
0 0.586198 0.566125 0.010937 0.002250
0 0.567448 0.564250 0.011979 0.004000
0 0.585677 0.563750 0.009896 0.003000
0 0.594271 0.563750 0.007292 0.004000
0 0.596875 0.559125 0.006250 0.005250
0 0.585417 0.555750 0.011458 0.003500
0 0.579167 0.558000 0.010417 0.002500
0 0.589323 0.559625 0.008854 0.001750
0 0.588802 0.561625 0.009896 0.002250
0 0.582292 0.560500 0.005208 0.002000
0 0.601823 0.545875 0.006771 0.005250
0 0.602865 0.549250 0.009896 0.002000
0 0.602865 0.551250 0.008854 0.002000
0 0.589323 0.550750 0.008854 0.003000
0 0.588281 0.549250 0.009896 0.004000
0 0.582031 0.548250 0.007812 0.005500
0 0.615885 0.537500 0.010937 0.003500
0 0.613542 0.529500 0.011458 0.004000
0 0.637240 0.526250 0.013021 0.003500
0 0.654167 0.526875 0.008333 0.003250
0 0.652865 0.525375 0.008854 0.003750
0 0.633594 0.521625 0.008854 0.004250
0 0.633594 0.518250 0.010937 0.003500
0 0.676302 0.511250 0.008854 0.005000
0 0.669010 0.508875 0.007812 0.004750
0 0.675781 0.507125 0.005729 0.005250
0 0.678125 0.501875 0.008333 0.004750
0 0.672135 0.499125 0.010937 0.002750
0 0.652604 0.495375 0.011458 0.002750
0 0.645052 0.497750 0.006771 0.003500
0 0.647656 0.498750 0.008854 0.003500
0 0.649219 0.500125 0.008854 0.003750
0 0.695833 0.501250 0.009375 0.003000
0 0.709375 0.495125 0.010417 0.002250
0 0.709375 0.489500 0.009375 0.005500
0 0.675260 0.483750 0.011979 0.003500
0 0.665625 0.483250 0.007292 0.005500
0 0.645833 0.484875 0.009375 0.005750
0 0.754427 0.464875 0.005729 0.004750
0 0.752083 0.473500 0.011458 0.005000
0 0.696094 0.495125 0.009896 0.002250
0 0.695312 0.497000 0.009375 0.003000
0 0.736458 0.456250 0.005208 0.005500
0 0.751042 0.454250 0.010417 0.003500
0 0.743750 0.453375 0.006250 0.004250
0 0.746615 0.428625 0.006771 0.005250
0 0.814583 0.444500 0.011458 0.003500
0 0.836198 0.423875 0.007812 0.004750
0 0.826042 0.433250 0.011458 0.006000
0 0.864323 0.403375 0.008854 0.005250
0 0.696094 0.513250 0.007812 0.004000
0 0.684375 0.517875 0.007292 0.004750
0 0.575260 0.650250 0.007812 0.004500
0 0.578125 0.652250 0.008333 0.005000
0 0.630729 0.631250 0.007292 0.004000
0 0.636719 0.628875 0.006771 0.005750
0 0.654167 0.624750 0.007292 0.005000
0 0.640625 0.623875 0.008333 0.004250
0 0.648958 0.625375 0.004167 0.004750
0 0.694792 0.607250 0.012500 0.008000
0 0.682813 0.606375 0.008333 0.005250
0 0.678125 0.601875 0.007292 0.005250
0 0.673958 0.610000 0.008333 0.004000
0 0.670312 0.615500 0.009375 0.007500
0 0.708073 0.586000 0.007812 0.004000
0 0.702344 0.582625 0.008854 0.003250
0 0.707552 0.580375 0.008854 0.003750
0 0.710677 0.577375 0.008854 0.005250
0 0.701042 0.587125 0.004167 0.003750
0 0.698958 0.586375 0.006250 0.004750
0 0.659635 0.588250 0.010937 0.003000
0 0.639583 0.584625 0.007292 0.003750
0 0.673438 0.570250 0.011458 0.004000
0 0.670573 0.574125 0.010937 0.003250
0 0.664844 0.577375 0.006771 0.004250
0 0.669010 0.577875 0.006771 0.003250
0 0.689063 0.574125 0.009375 0.005250
0 0.735677 0.575125 0.005729 0.005250
0 0.726823 0.571750 0.006771 0.003000
0 0.724219 0.565500 0.007812 0.003500
0 0.716927 0.560375 0.009896 0.002750
0 0.725781 0.557000 0.006771 0.002500
0 0.701562 0.561500 0.007292 0.004000
0 0.709896 0.545750 0.011458 0.004500
0 0.713802 0.551250 0.003646 0.004000
0 0.710417 0.550375 0.005208 0.004750
0 0.771875 0.538500 0.007292 0.005000
0 0.740104 0.518875 0.003125 0.003750
0 0.736979 0.519125 0.003125 0.003750
0 0.792448 0.497250 0.005729 0.003500
0 0.558854 0.684625 0.008333 0.002750
0 0.567708 0.687250 0.008333 0.002500
0 0.563542 0.685625 0.005208 0.002750
0 0.589063 0.687875 0.009375 0.003750
0 0.591667 0.685625 0.006250 0.004250
0 0.601562 0.700500 0.009375 0.004000
0 0.558073 0.704250 0.013021 0.006000
0 0.611458 0.683875 0.009375 0.003750
0 0.625521 0.688125 0.010417 0.003750
0 0.633854 0.687125 0.008333 0.003250
0 0.602083 0.687375 0.006250 0.005250
0 0.605729 0.686875 0.005208 0.003750
0 0.649219 0.678000 0.006771 0.005000
0 0.648438 0.686125 0.011458 0.003750
0 0.642969 0.689625 0.010937 0.004750
0 0.659115 0.704875 0.009896 0.004250
0 0.678906 0.702250 0.007812 0.003500
0 0.673177 0.699625 0.008854 0.002750
0 0.667448 0.697250 0.009896 0.004000
0 0.680469 0.697625 0.008854 0.003750
0 0.672135 0.685250 0.006771 0.004000
0 0.688281 0.677625 0.011979 0.003750
0 0.695573 0.684500 0.008854 0.003500
0 0.676562 0.672875 0.005208 0.003250
0 0.679948 0.672875 0.006771 0.004750
0 0.724479 0.680375 0.011458 0.004250
0 0.767188 0.666375 0.009375 0.002750
0 0.767188 0.664375 0.011458 0.002250
0 0.747396 0.666750 0.006250 0.004000
0 0.744010 0.666000 0.006771 0.003500
0 0.794531 0.675875 0.010937 0.003250
0 0.784635 0.680625 0.009896 0.007250
0 0.804688 0.653125 0.008333 0.004250
0 0.898958 0.663000 0.010417 0.005000
0 0.856510 0.685625 0.009896 0.003750
0 0.846094 0.682875 0.006771 0.004250
0 0.798698 0.692875 0.008854 0.003250
0 0.791146 0.702750 0.008333 0.004500
0 0.776302 0.692000 0.007812 0.003500
0 0.770312 0.691375 0.007292 0.002750
0 0.765885 0.687375 0.006771 0.003250
0 0.757812 0.686875 0.008333 0.003750
0 0.747656 0.687500 0.009896 0.003000
0 0.746615 0.690250 0.010937 0.002500
0 0.736458 0.702625 0.007292 0.004250
0 0.738802 0.710750 0.005729 0.005000
0 0.721094 0.688750 0.009896 0.003500
0 0.714583 0.693125 0.010417 0.002750
0 0.725000 0.697250 0.011458 0.003000
0 0.719271 0.699500 0.010417 0.003500
0 0.735677 0.698125 0.006771 0.004250
0 0.734115 0.694875 0.007812 0.002250
0 0.703385 0.705125 0.010937 0.004250
0 0.706510 0.700875 0.007812 0.003750
0 0.702604 0.700375 0.008333 0.003750
0 0.692708 0.704250 0.008333 0.004000
0 0.693750 0.700000 0.006250 0.003500
0 0.689844 0.702625 0.008854 0.002750
0 0.704948 0.696500 0.010937 0.002500
0 0.698958 0.692625 0.008333 0.002750
0 0.708854 0.691375 0.009375 0.002750
0 0.702865 0.690625 0.008854 0.003250
0 0.705208 0.693750 0.008333 0.003500
0 0.930208 0.643750 0.010417 0.002500
0 0.929167 0.645750 0.012500 0.002500
0 0.911719 0.643250 0.008854 0.002500
0 0.913281 0.651875 0.005729 0.005250
0 0.921354 0.654375 0.010417 0.001750
0 0.923177 0.656500 0.010937 0.002500
0 0.919271 0.651875 0.007292 0.003750
0 0.920312 0.648750 0.008333 0.002500
0 0.912240 0.647625 0.008854 0.004250
0 0.920312 0.646625 0.008333 0.002250
0 0.796875 0.616000 0.008333 0.004000
0 0.873437 0.728375 0.010417 0.004250
0 0.835677 0.741000 0.007812 0.003500
0 0.954167 0.993625 0.010417 0.004250
0 0.620313 0.029875 0.010417 0.004250
0 0.044010 0.004750 0.008854 0.004000
0 0.369010 0.435750 0.008854 0.005500
0 0.934635 0.407625 0.008854 0.005250
0 0.922917 0.412500 0.008333 0.003000
0 0.911979 0.458375 0.007292 0.003250
0 0.975000 0.521500 0.007292 0.003500
