0 0.543750 0.184115 0.007000 0.015104
0 0.557125 0.115625 0.005250 0.013542
0 0.759500 0.099479 0.006500 0.018750
0 0.700750 0.206510 0.009500 0.014063
0 0.738375 0.122135 0.004250 0.007812
0 0.747000 0.220833 0.004500 0.009375
0 0.733500 0.177344 0.005500 0.016146
0 0.779250 0.151302 0.004500 0.008854
0 0.792875 0.146875 0.005750 0.010417
0 0.644375 0.336979 0.004250 0.008333
0 0.619625 0.357031 0.004750 0.008854
0 0.626000 0.336719 0.005000 0.013021
0 0.629625 0.345313 0.005250 0.010417
0 0.773750 0.680208 0.006500 0.008333
0 0.749125 0.691146 0.004250 0.010417
0 0.736750 0.684375 0.003500 0.008333
0 0.750625 0.652865 0.006250 0.010937
0 0.766250 0.642448 0.003500 0.008854
0 0.683875 0.626823 0.004750 0.014063
0 0.696625 0.546615 0.005750 0.011979
0 0.648875 0.715885 0.004750 0.007812
0 0.671625 0.703125 0.005250 0.012500
0 0.691250 0.668229 0.003500 0.007292
0 0.684500 0.668750 0.005000 0.008333
0 0.671000 0.672917 0.005500 0.014583
0 0.643500 0.662500 0.006500 0.011458
0 0.614375 0.676302 0.004750 0.011979
0 0.736500 0.589323 0.006000 0.010937
0 0.542625 0.483854 0.007250 0.018750
0 0.501500 0.542708 0.008500 0.017708
0 0.478375 0.579688 0.007250 0.019792
0 0.369125 0.177344 0.007750 0.021354
0 0.375875 0.400000 0.010750 0.019792
0 0.556625 0.850781 0.004250 0.010937
0 0.601875 0.913802 0.005250 0.016146
0 0.479875 0.657292 0.004250 0.013542
0 0.547375 0.651302 0.005250 0.007812
0 0.561500 0.653646 0.003500 0.005208
0 0.577500 0.673177 0.004500 0.011979
0 0.598750 0.625000 0.004500 0.010417
0 0.585625 0.423698 0.004250 0.008854
0 0.565875 0.443490 0.006250 0.009896
0 0.528250 0.455729 0.005000 0.015625
0 0.525250 0.164844 0.005500 0.017188
0 0.537125 0.148958 0.007750 0.013542
0 0.590250 0.305469 0.005000 0.015104
0 0.556125 0.401823 0.006750 0.011979
0 0.551500 0.411979 0.005500 0.009375
0 0.573750 0.408854 0.004500 0.009375
0 0.079125 0.669531 0.009750 0.016146
0 0.171875 0.390625 0.008750 0.014583
0 0.231625 0.368490 0.006250 0.015104
0 0.269750 0.420573 0.009000 0.015104
0 0.309125 0.376563 0.009250 0.018750
0 0.354125 0.514844 0.005750 0.010937
0 0.264375 0.627344 0.008250 0.011979
0 0.200000 0.641406 0.008000 0.011979
0 0.213125 0.663802 0.007750 0.013021
0 0.158875 0.700260 0.004750 0.017188
0 0.163625 0.766667 0.008750 0.017708
0 0.184625 0.680990 0.006250 0.015104
0 0.189625 0.660156 0.006750 0.008854
0 0.337625 0.174219 0.006750 0.013021
0 0.294625 0.690885 0.004250 0.013021
0 0.282625 0.704427 0.004250 0.011979
0 0.269000 0.708073 0.004000 0.015104
