0 0.103125 0.505750 0.010417 0.004500
0 0.108333 0.511000 0.011458 0.005500
0 0.177083 0.554125 0.013542 0.005250
0 0.131771 0.449875 0.009375 0.006750
0 0.129688 0.442750 0.010417 0.007000
0 0.161198 0.439375 0.007812 0.005250
0 0.154167 0.440875 0.008333 0.005250
0 0.147656 0.438250 0.009896 0.006000
0 0.153125 0.436125 0.009375 0.005250
0 0.147135 0.432250 0.005729 0.007000
0 0.142448 0.432250 0.004687 0.005500
0 0.123698 0.430375 0.013021 0.004750
0 0.122135 0.425750 0.008854 0.004500
0 0.122135 0.414625 0.008854 0.006750
0 0.110937 0.418750 0.009375 0.006500
0 0.113802 0.405125 0.013021 0.004750
0 0.107812 0.386875 0.012500 0.004750
0 0.107812 0.383250 0.011458 0.003500
0 0.161719 0.369875 0.010937 0.004750
0 0.153906 0.365250 0.007812 0.004500
0 0.156771 0.364250 0.009375 0.005500
0 0.298958 0.501375 0.008333 0.006250
0 0.281250 0.498375 0.011458 0.005250
0 0.268750 0.496125 0.009375 0.007250
0 0.285417 0.484125 0.013542 0.005750
0 0.297656 0.480625 0.011979 0.004750
0 0.314583 0.483500 0.007292 0.006500
0 0.313021 0.478625 0.008333 0.003250
0 0.334375 0.452875 0.008333 0.005250
0 0.334375 0.430250 0.012500 0.005500
0 0.351302 0.430125 0.005729 0.006250
0 0.356250 0.430125 0.005208 0.005250
0 0.404687 0.409250 0.008333 0.007500
0 0.376042 0.418125 0.007292 0.005750
0 0.379688 0.416625 0.007292 0.004750
0 0.356510 0.403125 0.009896 0.006750
0 0.359635 0.398125 0.011979 0.004750
0 0.340104 0.397000 0.011458 0.003000
0 0.339844 0.393125 0.015104 0.003750
0 0.348958 0.401250 0.009375 0.006000
0 0.344531 0.400500 0.010937 0.005500
0 0.372135 0.369500 0.011979 0.008000
0 0.395313 0.351000 0.015625 0.005000
0 0.318750 0.352750 0.011458 0.007500
0 0.317969 0.347375 0.013021 0.003250
0 0.338281 0.341000 0.009896 0.010000
0 0.443490 0.351500 0.004687 0.006000
0 0.448698 0.351500 0.006771 0.007000
0 0.386979 0.307250 0.008333 0.007500
0 0.481510 0.203625 0.008854 0.006250
0 0.316667 0.563625 0.014583 0.005250
0 0.370052 0.550000 0.011979 0.006500
0 0.394531 0.548125 0.011979 0.004750
0 0.392708 0.545125 0.010417 0.004250
0 0.512240 0.525375 0.014063 0.003750
0 0.513021 0.521375 0.013542 0.004250
0 0.547656 0.518375 0.013021 0.004750
0 0.639583 0.485375 0.008333 0.004750
0 0.636719 0.484000 0.009896 0.005500
0 0.775260 0.484250 0.013021 0.004000
0 0.780208 0.496500 0.010417 0.004500
0 0.672917 0.503000 0.007292 0.004000
0 0.575000 0.520875 0.010417 0.003750
0 0.525781 0.594750 0.013021 0.003500
0 0.554167 0.597125 0.010417 0.005250
0 0.585677 0.587875 0.010937 0.005750
0 0.606250 0.585500 0.008333 0.005500
0 0.616146 0.575625 0.007292 0.004250
0 0.622396 0.572250 0.008333 0.006000
0 0.630729 0.559500 0.011458 0.003500
0 0.672396 0.557875 0.008333 0.004750
0 0.332552 0.678500 0.006771 0.005500
0 0.338021 0.723125 0.007292 0.004750
0 0.639583 0.741000 0.009375 0.006500
0 0.623437 0.740625 0.010417 0.006750
0 0.189323 0.809250 0.018229 0.008000
