0 0.716875 0.969792 0.004750 0.014583
0 0.713125 0.954427 0.005750 0.008854
0 0.766125 0.910156 0.004750 0.009896
0 0.755125 0.883594 0.005250 0.014063
0 0.720625 0.860417 0.006250 0.010417
0 0.704875 0.847135 0.005250 0.009896
0 0.745875 0.812500 0.006750 0.016667
0 0.719875 0.751563 0.004750 0.012500
0 0.730875 0.729167 0.004250 0.013542
0 0.720375 0.709375 0.005250 0.013542
0 0.733625 0.692708 0.004750 0.014583
0 0.744625 0.675260 0.007250 0.008854
0 0.741000 0.657813 0.007000 0.009375
0 0.727875 0.665625 0.004250 0.014583
0 0.754125 0.609375 0.004250 0.013542
0 0.748500 0.564844 0.003500 0.010937
0 0.743125 0.477604 0.002750 0.011458
0 0.742375 0.499740 0.003750 0.006771
0 0.739500 0.499479 0.003000 0.011458
0 0.727250 0.514583 0.003500 0.013542
0 0.723625 0.581771 0.003750 0.013542
0 0.721625 0.610417 0.004250 0.015625
0 0.638375 0.522917 0.006750 0.009375
0 0.610125 0.551302 0.002750 0.009896
0 0.608125 0.550781 0.002250 0.013021
0 0.597750 0.538281 0.004000 0.007812
0 0.580875 0.569010 0.006250 0.008854
0 0.578625 0.579167 0.004250 0.011458
0 0.571750 0.569792 0.004500 0.010417
0 0.572125 0.562760 0.004750 0.008854
0 0.554125 0.574219 0.005250 0.010937
0 0.552000 0.590625 0.005500 0.010417
0 0.516250 0.671094 0.003500 0.013021
0 0.507125 0.661198 0.006250 0.010937
0 0.462750 0.699219 0.005000 0.009896
0 0.446625 0.671354 0.005250 0.009375
0 0.345375 0.748958 0.004250 0.014583
0 0.338875 0.760156 0.004750 0.008854
0 0.338250 0.763281 0.003500 0.006771
0 0.285625 0.761458 0.004750 0.015625
0 0.307375 0.700260 0.004750 0.010937
0 0.305375 0.689063 0.003750 0.011458
0 0.307375 0.685417 0.004750 0.006250
0 0.346000 0.628646 0.005500 0.010417
0 0.353500 0.630990 0.004500 0.010937
0 0.340625 0.623698 0.005750 0.008854
0 0.387500 0.663802 0.004500 0.011979
0 0.446250 0.585677 0.005000 0.013021
0 0.425000 0.579427 0.005000 0.009896
0 0.396625 0.572656 0.005750 0.009896
0 0.461875 0.568490 0.003750 0.009896
0 0.487500 0.579688 0.005000 0.009375
0 0.482375 0.591667 0.004250 0.007292
0 0.481500 0.599219 0.003500 0.013021
0 0.484250 0.598958 0.003000 0.011458
0 0.513125 0.582292 0.005750 0.010417
0 0.525500 0.562500 0.004500 0.009375
0 0.525875 0.556510 0.003750 0.007812
0 0.522750 0.561979 0.003500 0.009375
0 0.550875 0.554688 0.005250 0.010417
0 0.575375 0.529948 0.006250 0.010937
0 0.602125 0.512240 0.004250 0.008854
0 0.608500 0.515365 0.002500 0.008854
0 0.607125 0.513542 0.005250 0.008333
0 0.628625 0.494271 0.006250 0.011458
0 0.635500 0.487500 0.004500 0.009375
0 0.681000 0.357292 0.005500 0.006250
0 0.628750 0.339323 0.006000 0.008854
0 0.629625 0.369531 0.003250 0.009896
0 0.631500 0.365885 0.005000 0.007812
0 0.628500 0.360938 0.006000 0.007292
0 0.608750 0.337500 0.005500 0.009375
0 0.588125 0.367708 0.005250 0.005208
0 0.587000 0.361719 0.003000 0.008854
0 0.575000 0.365104 0.003000 0.009375
0 0.577750 0.361979 0.005000 0.007292
0 0.565250 0.342448 0.005000 0.008854
0 0.566500 0.358333 0.005500 0.009375
0 0.563625 0.370573 0.006250 0.007812
0 0.541125 0.360938 0.006750 0.008333
0 0.531375 0.377604 0.005750 0.009375
0 0.523250 0.347917 0.006000 0.009375
0 0.513625 0.349219 0.003750 0.011979
0 0.501875 0.345313 0.004750 0.010417
0 0.502625 0.322135 0.004750 0.008854
0 0.486000 0.318750 0.004500 0.010417
0 0.472375 0.327865 0.004250 0.009896
0 0.465875 0.329688 0.004750 0.009375
0 0.465125 0.318490 0.004250 0.007812
0 0.466250 0.312500 0.005000 0.007292
0 0.419375 0.300521 0.004750 0.009375
0 0.420625 0.313021 0.006250 0.006250
0 0.407750 0.339844 0.005500 0.008854
0 0.412375 0.370833 0.003750 0.010417
0 0.409250 0.372917 0.003000 0.010417
0 0.382250 0.371094 0.005500 0.011979
0 0.340500 0.372656 0.005000 0.008854
0 0.444750 0.250781 0.004000 0.007812
0 0.545500 0.316667 0.004000 0.010417
0 0.545375 0.305990 0.004250 0.007812
0 0.560125 0.307552 0.004750 0.010937
0 0.573250 0.315104 0.005500 0.010417
0 0.643750 0.082812 0.004000 0.013542
0 0.844500 0.119010 0.004000 0.009896
