0 0.300125 0.245573 0.006250 0.008854
0 0.476750 0.411979 0.007000 0.017708
0 0.345625 0.499479 0.005250 0.009375
0 0.356500 0.487500 0.004500 0.009375
0 0.262000 0.913021 0.004000 0.014583
0 0.264375 0.909375 0.003250 0.009375
0 0.287875 0.884635 0.006750 0.010937
0 0.266875 0.872917 0.003250 0.014583
0 0.271000 0.870833 0.004000 0.013542
0 0.272375 0.866927 0.002750 0.008854
0 0.270375 0.766146 0.004250 0.013542
0 0.299125 0.742448 0.003250 0.011979
0 0.296500 0.742708 0.002500 0.011458
0 0.393125 0.678906 0.004750 0.015104
0 0.395000 0.643750 0.003500 0.009375
0 0.391375 0.656250 0.004250 0.010417
0 0.391125 0.650260 0.004750 0.008854
0 0.390250 0.646875 0.005500 0.009375
0 0.393875 0.635938 0.005250 0.011458
0 0.359750 0.569271 0.002000 0.012500
0 0.362375 0.569271 0.002750 0.014583
0 0.419000 0.606250 0.005000 0.010417
0 0.427500 0.577604 0.007000 0.012500
0 0.406625 0.607552 0.006250 0.005729
0 0.406625 0.602604 0.005250 0.004167
0 0.413000 0.532292 0.005500 0.015625
0 0.440250 0.472396 0.007000 0.009375
0 0.466250 0.459375 0.005000 0.009375
0 0.507500 0.468490 0.004500 0.011979
0 0.528375 0.469271 0.004250 0.012500
0 0.533375 0.413021 0.006250 0.015625
0 0.486250 0.521094 0.005500 0.008854
0 0.487125 0.548177 0.006250 0.014063
0 0.509375 0.588281 0.007250 0.011979
0 0.514500 0.574219 0.004000 0.015104
0 0.526500 0.536458 0.004500 0.009375
0 0.522625 0.554427 0.003750 0.016146
0 0.511375 0.555990 0.005750 0.016146
0 0.515000 0.554688 0.004000 0.013542
0 0.521500 0.582031 0.004000 0.014063
0 0.495250 0.673698 0.007500 0.017188
0 0.457500 0.718750 0.004500 0.008333
0 0.470500 0.784635 0.004500 0.010937
0 0.482375 0.777604 0.005750 0.011458
0 0.529000 0.709115 0.004500 0.009896
0 0.533000 0.720833 0.005000 0.011458
0 0.527125 0.733333 0.005750 0.008333
0 0.527375 0.745573 0.005750 0.008854
0 0.520750 0.785937 0.006500 0.011458
0 0.529750 0.808333 0.004500 0.009375
0 0.510875 0.818490 0.003750 0.010937
0 0.490000 0.848698 0.007500 0.008854
0 0.529750 0.852083 0.004000 0.007292
0 0.530750 0.859375 0.005500 0.007292
0 0.449250 0.884896 0.006000 0.010417
0 0.477625 0.924219 0.006750 0.010937
0 0.483000 0.966406 0.005500 0.013021
0 0.484875 0.979167 0.003750 0.015625
0 0.488750 0.979167 0.005000 0.012500
0 0.495750 0.989323 0.005000 0.011979
0 0.564875 0.449219 0.005250 0.011979
0 0.569625 0.450000 0.004250 0.012500
0 0.570000 0.466146 0.006000 0.010417
0 0.574125 0.513802 0.004750 0.014063
0 0.583750 0.521875 0.004000 0.013542
0 0.582125 0.512500 0.003250 0.011458
0 0.579625 0.512240 0.003750 0.010937
0 0.577625 0.597396 0.006250 0.010417
0 0.594875 0.607812 0.002750 0.011458
0 0.593375 0.605208 0.003750 0.013542
0 0.609125 0.652344 0.005750 0.014063
0 0.607250 0.669792 0.004000 0.011458
0 0.608750 0.666927 0.005500 0.011979
0 0.622000 0.727344 0.007000 0.010937
0 0.598250 0.758333 0.007500 0.011458
0 0.630875 0.788802 0.004750 0.014063
0 0.632750 0.783333 0.006000 0.014583
0 0.639500 0.785937 0.008000 0.012500
0 0.614125 0.825781 0.003250 0.006771
0 0.611625 0.826302 0.003750 0.011979
0 0.685500 0.828906 0.005000 0.014063
0 0.684500 0.804167 0.004000 0.010417
0 0.665375 0.782031 0.004750 0.013021
0 0.689125 0.815885 0.003750 0.006771
0 0.690375 0.833854 0.003750 0.008333
0 0.658125 0.954427 0.002750 0.013021
0 0.655375 0.953906 0.002750 0.016146
0 0.807375 0.676562 0.006250 0.014583
0 0.714625 0.382552 0.006750 0.015104
0 0.744375 0.409635 0.005750 0.007812
0 0.731875 0.474219 0.003750 0.008854
0 0.692875 0.449740 0.006250 0.010937
0 0.681000 0.399479 0.005500 0.008333
0 0.675750 0.415365 0.006500 0.013021
0 0.691750 0.344271 0.004500 0.015625
0 0.633250 0.383594 0.005000 0.009896
0 0.570500 0.330990 0.004500 0.008854
0 0.741500 0.311719 0.004500 0.006771
0 0.814875 0.240365 0.004250 0.010937
0 0.809750 0.244010 0.006000 0.010937
0 0.787750 0.022917 0.004000 0.010417
0 0.797625 0.012500 0.003750 0.008333
0 0.787500 0.003125 0.003500 0.006250
0 0.209625 0.607552 0.004750 0.008854
0 0.233125 0.480469 0.004250 0.010937
