0 0.487625 0.040365 0.012750 0.025521
0 0.457625 0.209115 0.015750 0.032813
0 0.479750 0.242708 0.014500 0.031250
0 0.477000 0.245833 0.010000 0.034375
0 0.487250 0.282031 0.018000 0.029687
0 0.469750 0.312500 0.014500 0.031250
0 0.473750 0.314844 0.013500 0.026562
0 0.459375 0.404427 0.012250 0.032813
0 0.594375 0.410938 0.006250 0.034375
0 0.544375 0.444531 0.013750 0.032813
0 0.544125 0.452604 0.014250 0.025000
0 0.545750 0.495833 0.010000 0.019792
0 0.546250 0.509896 0.007500 0.018750
0 0.547000 0.494010 0.008000 0.023438
0 0.515375 0.569010 0.008250 0.018229
0 0.516500 0.572135 0.009500 0.019271
0 0.498375 0.574219 0.009250 0.015104
0 0.470500 0.651042 0.008500 0.013542
0 0.427125 0.629687 0.010750 0.016667
0 0.417125 0.701302 0.007250 0.017188
0 0.410000 0.593229 0.007500 0.016667
0 0.340250 0.885677 0.013500 0.018229
0 0.350125 0.852344 0.011250 0.019271
0 0.344625 0.798958 0.007750 0.014583
0 0.363500 0.619792 0.012000 0.023958
0 0.307125 0.534896 0.008250 0.019792
0 0.315625 0.552865 0.007250 0.023438
0 0.323250 0.562240 0.006000 0.019271
0 0.325875 0.541667 0.005750 0.017708
0 0.373625 0.348177 0.008250 0.026562
0 0.378375 0.343750 0.007250 0.015625
0 0.377875 0.407031 0.006750 0.019271
0 0.386875 0.423958 0.009750 0.023958
0 0.384625 0.423177 0.009250 0.026562
0 0.396750 0.430729 0.006500 0.019792
0 0.400500 0.458333 0.006000 0.014583
0 0.401625 0.477604 0.009250 0.018750
0 0.404625 0.436719 0.006750 0.020313
