0 0.591406 0.165500 0.020313 0.014000
0 0.597656 0.145375 0.019271 0.010750
0 0.779167 0.181250 0.027083 0.014000
0 0.091406 0.384875 0.032813 0.015750
0 0.089844 0.386125 0.033854 0.014250
0 0.109375 0.372625 0.026042 0.010750
0 0.104427 0.373750 0.027604 0.012000
0 0.196615 0.385625 0.023438 0.011750
0 0.190885 0.416000 0.021354 0.007500
0 0.436198 0.422750 0.027604 0.012500
0 0.451042 0.430750 0.027083 0.017500
0 0.442188 0.434500 0.039583 0.011000
0 0.479687 0.424750 0.026042 0.014000
0 0.286719 0.476875 0.024479 0.017250
0 0.281771 0.476375 0.023958 0.016250
0 0.252865 0.478000 0.020313 0.011000
0 0.230208 0.479375 0.022917 0.011250
0 0.215885 0.471500 0.023438 0.007500
0 0.667188 0.458375 0.034375 0.016250
0 0.667708 0.460875 0.037500 0.015750
0 0.677865 0.421000 0.023438 0.013000
0 0.854427 0.401125 0.046354 0.015750
0 0.149219 0.579375 0.021354 0.005750
0 0.160417 0.588375 0.021875 0.009750
0 0.213281 0.603875 0.018229 0.010250
0 0.342187 0.537000 0.020833 0.011500
0 0.395313 0.542125 0.040625 0.010750
0 0.398698 0.546500 0.043229 0.013000
0 0.677344 0.588250 0.041146 0.019500
0 0.734115 0.619625 0.033854 0.014750
0 0.731250 0.619000 0.028125 0.011500
0 0.850000 0.590750 0.021875 0.010500
0 0.883333 0.579125 0.022917 0.009750
