0 0.346000 0.402083 0.006000 0.019792
0 0.350750 0.346094 0.009000 0.009896
0 0.356375 0.342969 0.004750 0.018229
0 0.367000 0.324740 0.006000 0.017188
0 0.373250 0.335677 0.005000 0.016146
0 0.377125 0.299740 0.005250 0.017188
0 0.378250 0.254948 0.005000 0.018229
0 0.381625 0.240365 0.005250 0.010937
0 0.380625 0.227604 0.005250 0.014583
0 0.391000 0.184115 0.005000 0.014063
0 0.394125 0.190625 0.004250 0.013542
0 0.381125 0.218750 0.002750 0.011458
0 0.383625 0.218750 0.001750 0.015625
0 0.386625 0.222396 0.003250 0.015625
0 0.386125 0.234635 0.003250 0.010937
0 0.324250 0.171875 0.007500 0.014583
0 0.563875 0.169271 0.007750 0.016667
0 0.536500 0.204948 0.007500 0.014063
0 0.502125 0.155729 0.005250 0.020833
0 0.508500 0.182552 0.007500 0.014063
0 0.503750 0.197135 0.008500 0.010937
0 0.495250 0.183333 0.005500 0.015625
0 0.499500 0.179688 0.008000 0.008333
0 0.503000 0.185677 0.008000 0.008854
0 0.438375 0.246615 0.009250 0.013021
0 0.449125 0.277083 0.006750 0.016667
0 0.455625 0.280208 0.006750 0.016667
0 0.458875 0.323958 0.008250 0.015625
0 0.434375 0.377083 0.006750 0.014583
0 0.430500 0.366406 0.006500 0.016146
0 0.428750 0.360938 0.005500 0.011458
0 0.436875 0.401302 0.008750 0.013021
0 0.496375 0.310677 0.005250 0.010937
0 0.479500 0.333073 0.006500 0.009896
0 0.475125 0.339583 0.004750 0.012500
0 0.469750 0.352865 0.005500 0.009896
0 0.471125 0.345052 0.004750 0.007812
0 0.489875 0.472656 0.007250 0.009896
0 0.508750 0.459375 0.008000 0.014583
0 0.545125 0.398438 0.006750 0.014583
0 0.540250 0.377865 0.005000 0.014063
0 0.539500 0.369792 0.007000 0.009375
0 0.541250 0.359896 0.006000 0.014583
0 0.544125 0.357031 0.004750 0.016146
0 0.542125 0.342187 0.005250 0.015625
0 0.546375 0.339323 0.008250 0.009896
0 0.549875 0.333333 0.007750 0.012500
0 0.554500 0.361198 0.007500 0.008854
0 0.549125 0.363802 0.005250 0.015104
0 0.548750 0.356250 0.004000 0.014583
0 0.556000 0.394271 0.006500 0.008333
0 0.556500 0.388802 0.007000 0.006771
0 0.564875 0.313021 0.005750 0.013542
0 0.556125 0.318229 0.007750 0.011458
0 0.557375 0.298177 0.007750 0.009896
0 0.558250 0.285156 0.009500 0.013021
0 0.613250 0.217188 0.006000 0.019792
0 0.623250 0.268229 0.007000 0.015625
0 0.627750 0.253385 0.004500 0.017188
0 0.609875 0.297917 0.007750 0.009375
0 0.614750 0.302083 0.005000 0.016667
0 0.689750 0.257292 0.008000 0.015625
0 0.604000 0.372656 0.008500 0.013021
0 0.586125 0.381771 0.007250 0.009375
0 0.548625 0.416406 0.006750 0.009896
0 0.546750 0.421875 0.007500 0.007292
0 0.585500 0.396094 0.007000 0.007812
0 0.577750 0.406250 0.005500 0.010417
0 0.580625 0.402083 0.004250 0.007292
0 0.583500 0.405469 0.007500 0.009896
0 0.407375 0.613542 0.009750 0.013542
0 0.481375 0.582552 0.006750 0.013021
0 0.494000 0.570833 0.008000 0.010417
0 0.513000 0.567448 0.005500 0.017188
0 0.517625 0.572656 0.008750 0.010937
0 0.570500 0.521615 0.006500 0.008854
0 0.574125 0.516146 0.007750 0.009375
0 0.571000 0.518229 0.008000 0.006250
0 0.706750 0.547135 0.007500 0.016146
0 0.680500 0.539583 0.008500 0.011458
0 0.659125 0.494531 0.006250 0.018229
0 0.658250 0.513802 0.007500 0.011979
0 0.660125 0.530990 0.006250 0.017188
0 0.664250 0.541406 0.007500 0.011979
0 0.662750 0.564323 0.008500 0.015104
0 0.640750 0.569531 0.006000 0.017188
0 0.628000 0.560937 0.008000 0.020833
0 0.612625 0.590885 0.004750 0.017188
0 0.561750 0.626042 0.005000 0.015625
0 0.583875 0.585156 0.007250 0.017188
0 0.590250 0.580208 0.004000 0.019792
0 0.595250 0.576302 0.008500 0.013021
0 0.592125 0.602344 0.006750 0.011979
0 0.596875 0.601823 0.006250 0.009896
0 0.597750 0.610677 0.008000 0.009896
0 0.607250 0.587760 0.007500 0.009896
0 0.612625 0.569792 0.008250 0.008333
0 0.602125 0.568229 0.005250 0.011458
0 0.605125 0.573958 0.005250 0.013542
0 0.608250 0.577865 0.006000 0.009896
0 0.514125 0.633854 0.008750 0.013542
0 0.502875 0.644010 0.006750 0.016146
0 0.510000 0.661458 0.006000 0.014583
0 0.446500 0.947135 0.006000 0.013021
0 0.396125 0.766667 0.007750 0.010417
0 0.679000 0.421875 0.006500 0.013542
0 0.501250 0.278385 0.008500 0.013021
0 0.512000 0.227344 0.005500 0.013021
0 0.515125 0.238802 0.005750 0.013021
0 0.517875 0.247396 0.005250 0.011458
0 0.521125 0.234635 0.005750 0.015104
0 0.521375 0.245833 0.003250 0.014583
