0 0.284896 0.515875 0.008333 0.005250
0 0.277865 0.514500 0.007812 0.004000
0 0.370312 0.517875 0.012500 0.004750
0 0.496094 0.541375 0.013021 0.005750
0 0.472917 0.528125 0.012500 0.006750
0 0.416146 0.494375 0.015625 0.004250
0 0.405208 0.497500 0.007292 0.006000
0 0.365365 0.494750 0.016146 0.005000
0 0.078385 0.350500 0.009896 0.004500
0 0.081510 0.350125 0.011979 0.005250
0 0.204427 0.400250 0.010937 0.004000
0 0.213802 0.400625 0.013021 0.006250
0 0.207031 0.410250 0.013021 0.004000
0 0.208333 0.409500 0.010417 0.005500
0 0.225260 0.415875 0.010937 0.006250
0 0.224740 0.411625 0.010937 0.003250
0 0.222135 0.410125 0.009896 0.004250
0 0.250521 0.427375 0.016667 0.005750
0 0.293229 0.443750 0.015625 0.005000
0 0.313281 0.451625 0.011979 0.006250
0 0.366406 0.480000 0.014063 0.006500
0 0.459896 0.444375 0.012500 0.004750
0 0.463021 0.440125 0.013542 0.005250
0 0.442448 0.423625 0.011979 0.006750
0 0.439844 0.415625 0.009896 0.007250
0 0.458333 0.407750 0.010417 0.007000
0 0.442188 0.406125 0.009375 0.007250
0 0.451823 0.393625 0.005729 0.006750
0 0.446615 0.394000 0.005729 0.007500
0 0.443229 0.329625 0.013542 0.007750
0 0.467969 0.197875 0.005729 0.006750
0 0.472656 0.197250 0.005729 0.006500
0 0.468490 0.203250 0.006771 0.003000
0 0.473438 0.205750 0.011458 0.005500
0 0.484375 0.229750 0.009375 0.006500
0 0.489063 0.229250 0.008333 0.006500
0 0.517448 0.304500 0.014063 0.005000
0 0.517448 0.310625 0.006771 0.006250
0 0.521875 0.310500 0.007292 0.006500
0 0.592708 0.340250 0.009375 0.005000
0 0.583594 0.398125 0.010937 0.006750
0 0.583073 0.405875 0.011979 0.004250
0 0.581250 0.414875 0.013542 0.004250
0 0.577344 0.418750 0.011979 0.004500
0 0.574479 0.438375 0.010417 0.006250
0 0.537760 0.459250 0.013021 0.007500
0 0.547135 0.476625 0.017188 0.004750
0 0.549740 0.496375 0.014063 0.004250
0 0.492969 0.466500 0.007812 0.006000
0 0.496094 0.475625 0.008854 0.007750
0 0.589323 0.543625 0.013021 0.004250
0 0.609115 0.535250 0.007812 0.006000
0 0.708333 0.506875 0.012500 0.005250
0 0.793750 0.477500 0.013542 0.004000
0 0.796094 0.475500 0.011979 0.003500
0 0.832292 0.473125 0.011458 0.003750
0 0.820573 0.469875 0.010937 0.004250
0 0.866927 0.468000 0.013021 0.005000
0 0.876302 0.466750 0.010937 0.002500
0 0.888542 0.467750 0.010417 0.002500
0 0.888542 0.465625 0.011458 0.002750
0 0.980208 0.529750 0.014583 0.005000
0 0.932292 0.534000 0.010417 0.005000
0 0.793229 0.543250 0.009375 0.005500
0 0.780729 0.543875 0.006250 0.004750
0 0.723958 0.598250 0.012500 0.005000
0 0.733073 0.600000 0.006771 0.005000
0 0.740365 0.598625 0.006771 0.005750
0 0.764062 0.607875 0.012500 0.003750
0 0.760156 0.604875 0.014063 0.003750
0 0.792188 0.613500 0.013542 0.006000
0 0.835156 0.614375 0.011979 0.002750
0 0.833854 0.612750 0.016667 0.002500
0 0.807031 0.629375 0.011979 0.005750
0 0.810677 0.627750 0.013021 0.006000
0 0.877083 0.633375 0.009375 0.005750
0 0.893229 0.638125 0.013542 0.005750
0 0.906510 0.641375 0.014063 0.005250
0 0.892708 0.634500 0.013542 0.005000
0 0.901042 0.628625 0.010417 0.006750
0 0.892188 0.630250 0.011458 0.004000
0 0.890365 0.628000 0.014063 0.003500
0 0.874740 0.652875 0.009896 0.006250
0 0.885677 0.656750 0.009896 0.006000
0 0.901562 0.654875 0.017708 0.004250
0 0.901042 0.651250 0.012500 0.003500
0 0.901562 0.648625 0.014583 0.003750
0 0.954688 0.653125 0.011458 0.006250
0 0.958073 0.651875 0.010937 0.005250
0 0.945573 0.662000 0.013021 0.003500
0 0.945312 0.659625 0.015625 0.003250
0 0.960938 0.666750 0.013542 0.006500
0 0.994792 0.662875 0.009375 0.003250
0 0.994531 0.659875 0.009896 0.002750
0 0.756510 0.694250 0.016146 0.005000
0 0.696094 0.647375 0.013021 0.008250
