0 0.492125 0.272656 0.005750 0.007812
0 0.492375 0.267188 0.007250 0.009375
0 0.518375 0.250781 0.006250 0.013021
0 0.565625 0.363542 0.005750 0.013542
0 0.545250 0.361719 0.003500 0.017188
0 0.542875 0.360417 0.003250 0.013542
0 0.608000 0.402865 0.003000 0.011979
0 0.618875 0.420312 0.003750 0.010417
0 0.617000 0.418229 0.004500 0.012500
0 0.643750 0.455469 0.003000 0.016146
0 0.646250 0.456510 0.002500 0.014063
0 0.611375 0.525000 0.005750 0.007292
0 0.573875 0.534375 0.008250 0.013542
0 0.559250 0.529427 0.007500 0.011979
0 0.564625 0.503646 0.004250 0.011458
0 0.562625 0.501563 0.005250 0.012500
0 0.518250 0.484635 0.005500 0.018229
0 0.502000 0.507031 0.005500 0.013021
0 0.491250 0.516667 0.004500 0.016667
0 0.496375 0.508333 0.005250 0.013542
0 0.494375 0.504948 0.004750 0.010937
0 0.485875 0.476562 0.004250 0.012500
0 0.486250 0.467969 0.006500 0.014063
0 0.474875 0.506510 0.004750 0.015104
0 0.472750 0.504427 0.004000 0.013021
0 0.467000 0.504948 0.004000 0.016146
0 0.461250 0.486719 0.004000 0.014063
0 0.459000 0.485417 0.003500 0.011458
0 0.458625 0.516146 0.007750 0.007292
0 0.460500 0.508594 0.002000 0.011979
0 0.463125 0.509375 0.003250 0.016667
0 0.417875 0.514844 0.004250 0.014063
0 0.421250 0.517448 0.006000 0.007812
0 0.423375 0.528646 0.004750 0.010417
0 0.414500 0.525521 0.005000 0.010417
0 0.420000 0.525781 0.004500 0.009896
0 0.403250 0.591927 0.007000 0.007812
0 0.454000 0.540885 0.004000 0.013021
0 0.456750 0.539323 0.004000 0.017188
0 0.523625 0.574219 0.008750 0.013021
0 0.520375 0.534115 0.004250 0.014063
0 0.522500 0.534375 0.003500 0.009375
0 0.526750 0.535677 0.003000 0.014063
0 0.532000 0.539583 0.005500 0.006250
0 0.531625 0.534896 0.006750 0.006250
0 0.626500 0.571615 0.008000 0.010937
0 0.616250 0.583854 0.006500 0.008333
0 0.608125 0.609635 0.005250 0.015104
0 0.567000 0.649479 0.006000 0.012500
0 0.576375 0.664844 0.006750 0.008854
0 0.574125 0.613281 0.005750 0.013021
0 0.572500 0.611719 0.005000 0.010937
0 0.552000 0.619792 0.004500 0.013542
0 0.544625 0.635677 0.006250 0.005729
0 0.544500 0.629948 0.007500 0.006771
0 0.523125 0.627604 0.005250 0.015625
0 0.515875 0.654948 0.004250 0.014063
0 0.512750 0.649479 0.006500 0.009375
0 0.531250 0.646615 0.005000 0.016146
0 0.389375 0.785156 0.007250 0.007812
0 0.389375 0.780729 0.006750 0.007292
0 0.459625 0.707552 0.007750 0.008854
0 0.454125 0.698698 0.007750 0.008854
0 0.458125 0.686198 0.007250 0.011979
0 0.453125 0.683333 0.003250 0.011458
0 0.467875 0.668229 0.004750 0.011458
0 0.466625 0.660156 0.006750 0.007812
0 0.452375 0.636719 0.004250 0.010937
0 0.465625 0.772656 0.006750 0.007812
0 0.464125 0.767448 0.006250 0.006771
0 0.471000 0.773698 0.004000 0.014063
0 0.489750 0.760156 0.008500 0.010937
0 0.499875 0.744010 0.006250 0.014063
0 0.476875 0.716927 0.006750 0.016146
0 0.506625 0.695052 0.008750 0.013021
0 0.537875 0.711458 0.007750 0.013542
0 0.533625 0.682031 0.006750 0.011979
0 0.531375 0.671875 0.005750 0.011458
0 0.534250 0.670573 0.007000 0.011979
0 0.553625 0.672917 0.003250 0.008333
0 0.554625 0.669531 0.005750 0.010937
0 0.673000 0.587500 0.006000 0.014583
0 0.649875 0.642708 0.007750 0.011458
0 0.656625 0.661719 0.006750 0.015104
0 0.622000 0.644271 0.007000 0.014583
0 0.615875 0.679688 0.004750 0.014583
0 0.570000 0.710156 0.005000 0.013021
0 0.583750 0.790365 0.006000 0.013021
0 0.518375 0.776302 0.004750 0.010937
0 0.500750 0.834896 0.005500 0.015625
0 0.675875 0.634635 0.007750 0.010937
0 0.682000 0.673958 0.005500 0.011458
0 0.706000 0.703906 0.005500 0.011979
0 0.714750 0.644531 0.005000 0.010937
0 0.730875 0.847917 0.007250 0.011458
0 0.737750 0.846615 0.004000 0.011979
0 0.734125 0.570833 0.004750 0.016667
0 0.730625 0.658073 0.003750 0.015104
0 0.735750 0.665365 0.005500 0.015104
0 0.739375 0.665625 0.003750 0.013542
0 0.745625 0.691667 0.009250 0.015625
0 0.729125 0.507812 0.014250 0.025000
0 0.719875 0.507292 0.009750 0.023958
