0 0.255729 0.808375 0.028125 0.015250
0 0.188021 0.793500 0.027083 0.010500
0 0.250260 0.772000 0.020313 0.012000
0 0.185938 0.744000 0.029167 0.013500
0 0.205729 0.725250 0.023958 0.012000
0 0.254427 0.721250 0.021354 0.008000
0 0.184896 0.692375 0.029167 0.011250
0 0.165625 0.696250 0.022917 0.007000
0 0.130469 0.718250 0.041146 0.012000
0 0.107031 0.702750 0.019271 0.011500
0 0.138542 0.674500 0.027083 0.008000
0 0.143490 0.659875 0.036979 0.014750
0 0.139063 0.660375 0.041667 0.010250
0 0.426563 0.633500 0.037500 0.019500
0 0.957552 0.825250 0.034896 0.017500
0 0.766146 0.792375 0.021875 0.011250
0 0.731510 0.785000 0.031771 0.013000
0 0.673438 0.772000 0.028125 0.013000
0 0.688021 0.761750 0.041667 0.017500
0 0.703385 0.754625 0.031771 0.014250
0 0.697135 0.741000 0.028646 0.013000
0 0.670573 0.731000 0.031771 0.013500
0 0.697917 0.720375 0.025000 0.014250
0 0.647917 0.713125 0.015625 0.009250
0 0.632031 0.699750 0.031771 0.014000
0 0.632552 0.700375 0.036979 0.016250
0 0.603906 0.702750 0.031771 0.010500
0 0.553906 0.700625 0.024479 0.009250
0 0.592448 0.723625 0.043229 0.021750
0 0.590104 0.723125 0.036458 0.017250
0 0.539844 0.672000 0.042188 0.019500
0 0.540885 0.673625 0.044271 0.017250
0 0.536458 0.639500 0.035417 0.019500
0 0.603125 0.622125 0.037500 0.016250
0 0.599219 0.622875 0.029687 0.020250
0 0.715365 0.651750 0.017188 0.012500
0 0.727604 0.644000 0.023958 0.018000
0 0.730990 0.658000 0.019271 0.013000
0 0.785937 0.662500 0.015625 0.012500
0 0.818750 0.681500 0.029167 0.018000
0 0.815365 0.683250 0.029687 0.018000
0 0.777604 0.689875 0.023958 0.009750
0 0.835938 0.693500 0.025000 0.018000
0 0.834115 0.697000 0.028646 0.014000
0 0.877865 0.715250 0.029687 0.019000
0 0.875521 0.713000 0.025000 0.020000
0 0.916927 0.705375 0.032813 0.015750
0 0.366146 0.574750 0.027083 0.017500
0 0.359635 0.575125 0.032813 0.015750
0 0.346615 0.599000 0.022396 0.013500
0 0.294531 0.565750 0.033854 0.014500
0 0.229948 0.543000 0.033854 0.017000
0 0.244792 0.505500 0.036458 0.011500
0 0.276042 0.522000 0.041667 0.017500
0 0.418490 0.504125 0.032813 0.016250
0 0.421354 0.502000 0.025000 0.013000
0 0.519531 0.487250 0.019271 0.014000
0 0.426563 0.519875 0.039583 0.011750
0 0.449219 0.530375 0.032813 0.014750
0 0.487760 0.526625 0.030729 0.014750
0 0.466146 0.518000 0.030208 0.013500
0 0.594531 0.517625 0.018229 0.010750
0 0.608333 0.518500 0.022917 0.011500
0 0.575260 0.520375 0.018229 0.007750
0 0.594792 0.546000 0.027083 0.014000
0 0.553385 0.488625 0.017188 0.009250
0 0.617708 0.498500 0.037500 0.012500
0 0.668229 0.488375 0.022917 0.009750
0 0.665365 0.475500 0.030729 0.013500
0 0.733854 0.477500 0.036458 0.020500
0 0.732812 0.475625 0.029167 0.015750
0 0.660937 0.550500 0.037500 0.013500
0 0.695573 0.554375 0.022396 0.011250
0 0.707552 0.533125 0.046354 0.020250
0 0.704948 0.532875 0.048438 0.017250
0 0.810937 0.518000 0.020833 0.012500
0 0.838802 0.535625 0.017188 0.015250
0 0.854948 0.530500 0.020313 0.017000
0 0.886719 0.530125 0.016146 0.008750
0 0.884375 0.561125 0.025000 0.008750
0 0.860156 0.569625 0.017188 0.010250
0 0.845052 0.588625 0.033854 0.013750
0 0.850000 0.587750 0.035417 0.013000
0 0.952865 0.555250 0.019271 0.012000
0 0.926562 0.496875 0.027083 0.009250
0 0.879427 0.480125 0.017188 0.008750
0 0.785677 0.471000 0.019271 0.014000
0 0.765625 0.487625 0.017708 0.009250
0 0.806510 0.475000 0.031771 0.011500
0 0.904427 0.454375 0.028646 0.011250
0 0.936458 0.472625 0.027083 0.009750
0 0.970573 0.457875 0.024479 0.009750
0 0.315104 0.427750 0.022917 0.011500
0 0.185417 0.442875 0.021875 0.010250
0 0.175260 0.409500 0.032813 0.018500
0 0.165365 0.360375 0.033854 0.016750
0 0.218229 0.361125 0.023958 0.010750
0 0.343490 0.412750 0.018229 0.011000
0 0.387500 0.436875 0.031250 0.015750
0 0.384115 0.437500 0.029687 0.014500
0 0.467187 0.423750 0.028125 0.012000
0 0.450781 0.405375 0.022396 0.010250
0 0.461719 0.384250 0.028646 0.014500
0 0.490104 0.372875 0.026042 0.010250
0 0.562240 0.324250 0.021354 0.011000
0 0.653125 0.322500 0.037500 0.012000
0 0.666927 0.355500 0.045312 0.017000
0 0.670052 0.355750 0.046354 0.018500
0 0.773698 0.301625 0.033854 0.016750
0 0.771354 0.303000 0.036458 0.018500
0 0.804948 0.331750 0.019271 0.013000
0 0.833594 0.332625 0.018229 0.013750
0 0.867448 0.341250 0.022396 0.012500
0 0.871615 0.309000 0.034896 0.023000
0 0.872396 0.305500 0.026042 0.019000
0 0.892448 0.299750 0.020313 0.014000
0 0.832812 0.296000 0.026042 0.013000
0 0.769792 0.257125 0.026042 0.013750
0 0.808594 0.240000 0.035937 0.020500
0 0.803646 0.238875 0.028125 0.016250
0 0.842448 0.256875 0.033854 0.014250
0 0.860677 0.273625 0.029687 0.015250
0 0.906510 0.265250 0.030729 0.018000
0 0.947396 0.252000 0.035417 0.013000
0 0.946354 0.165750 0.012500 0.011500
0 0.257812 0.276625 0.023958 0.014750
0 0.282292 0.243750 0.025000 0.012000
0 0.210417 0.199750 0.041667 0.019500
0 0.208073 0.199750 0.044271 0.010000
0 0.279427 0.241875 0.032813 0.015750
0 0.185938 0.289250 0.020833 0.012500
0 0.189323 0.288875 0.018229 0.014250
0 0.107812 0.275625 0.027083 0.015750
0 0.104948 0.275250 0.028646 0.018500
