0 0.141146 0.451000 0.012500 0.003000
0 0.155208 0.485625 0.009375 0.005250
0 0.171615 0.484875 0.010937 0.005250
0 0.178906 0.492125 0.010937 0.004750
0 0.180990 0.496375 0.009896 0.002250
0 0.176042 0.503625 0.010417 0.005250
0 0.195312 0.500875 0.009375 0.005250
0 0.217188 0.476500 0.008333 0.005500
0 0.216667 0.501875 0.011458 0.004750
0 0.223437 0.496625 0.010417 0.003250
0 0.239583 0.500500 0.010417 0.005000
0 0.250521 0.496500 0.006250 0.005500
0 0.251042 0.491625 0.013542 0.002750
0 0.231771 0.488000 0.008333 0.004500
0 0.238802 0.488875 0.007812 0.005250
0 0.244010 0.484125 0.005729 0.005750
0 0.247396 0.483375 0.004167 0.004250
0 0.248958 0.488500 0.005208 0.004000
0 0.252083 0.487375 0.008333 0.004750
0 0.266146 0.489375 0.008333 0.005250
0 0.273958 0.490875 0.008333 0.005750
0 0.174740 0.529000 0.009896 0.004000
0 0.177083 0.528250 0.007292 0.003500
0 0.319010 0.509250 0.008854 0.005000
0 0.321615 0.506000 0.010937 0.004000
0 0.336979 0.513375 0.006250 0.004250
0 0.339323 0.512625 0.007812 0.005250
0 0.367969 0.513125 0.010937 0.004250
0 0.373958 0.505875 0.006250 0.006750
0 0.345313 0.506000 0.008333 0.004000
0 0.326302 0.500125 0.007812 0.003750
0 0.306250 0.492500 0.008333 0.003500
0 0.305208 0.490125 0.007292 0.005250
0 0.288281 0.486500 0.009896 0.004000
0 0.295573 0.440625 0.003646 0.004750
0 0.298958 0.440875 0.003125 0.005750
0 0.302344 0.440875 0.003646 0.004750
0 0.430208 0.510750 0.007292 0.004500
0 0.448437 0.468875 0.011458 0.003750
0 0.452344 0.454250 0.005729 0.006000
0 0.443490 0.456375 0.010937 0.004250
0 0.456771 0.421625 0.006250 0.005250
0 0.453646 0.421125 0.005208 0.003750
0 0.457031 0.399875 0.005729 0.005250
0 0.453646 0.399500 0.005208 0.004500
0 0.457292 0.355625 0.006250 0.005750
0 0.465625 0.350875 0.007292 0.006250
0 0.487240 0.322500 0.006771 0.006500
0 0.492708 0.326125 0.003125 0.005750
0 0.496615 0.326500 0.005729 0.007000
0 0.491146 0.361500 0.005208 0.006000
0 0.486979 0.361875 0.004167 0.004750
0 0.477344 0.371375 0.004687 0.006750
0 0.482812 0.371625 0.007292 0.005750
0 0.487240 0.371250 0.007812 0.005500
0 0.497656 0.368500 0.005729 0.004000
0 0.493750 0.367375 0.006250 0.005750
0 0.502344 0.377750 0.014063 0.004500
0 0.525781 0.394625 0.009896 0.004250
0 0.488542 0.402875 0.011458 0.004750
0 0.479948 0.406000 0.006771 0.006500
0 0.472917 0.396000 0.005208 0.006000
0 0.476042 0.396875 0.004167 0.004750
0 0.480469 0.422625 0.006771 0.006750
0 0.476042 0.437625 0.006250 0.005250
0 0.479687 0.437500 0.004167 0.004000
0 0.480729 0.445375 0.004167 0.005750
0 0.476042 0.445625 0.005208 0.004750
0 0.469010 0.480375 0.005729 0.005750
0 0.465625 0.480500 0.004167 0.004500
0 0.518490 0.507875 0.009896 0.003750
0 0.526042 0.505750 0.007292 0.004000
0 0.528906 0.504750 0.008854 0.004500
0 0.537500 0.501750 0.009375 0.005000
0 0.548177 0.497000 0.004687 0.003500
0 0.546354 0.496250 0.007292 0.004500
0 0.578385 0.484625 0.014063 0.003750
0 0.622135 0.478250 0.011979 0.002500
0 0.621094 0.475375 0.010937 0.003750
0 0.652344 0.467500 0.008854 0.005500
0 0.704688 0.458375 0.011458 0.004250
0 0.711198 0.446375 0.007812 0.006250
0 0.713281 0.441375 0.011979 0.003750
0 0.728906 0.421250 0.007812 0.004000
0 0.726562 0.420000 0.010417 0.005500
0 0.720573 0.409125 0.011979 0.004250
0 0.758073 0.452875 0.007812 0.003750
0 0.745052 0.460000 0.007812 0.006000
0 0.758594 0.470125 0.008854 0.005250
0 0.638281 0.486000 0.013021 0.004000
0 0.619792 0.496000 0.011458 0.003000
0 0.617969 0.500375 0.010937 0.004750
0 0.613021 0.494125 0.009375 0.004250
0 0.593490 0.506875 0.010937 0.004750
0 0.589583 0.500250 0.008333 0.005000
0 0.548958 0.512125 0.012500 0.004750
0 0.576562 0.530250 0.011458 0.004500
0 0.638281 0.525250 0.004687 0.005000
0 0.635677 0.525375 0.003646 0.005250
0 0.632812 0.525125 0.004167 0.004750
0 0.672135 0.522750 0.010937 0.005000
0 0.672135 0.509500 0.007812 0.005500
0 0.764323 0.514500 0.010937 0.004500
0 0.753385 0.510625 0.009896 0.001750
0 0.754167 0.509000 0.012500 0.002000
0 0.550781 0.553875 0.009896 0.005250
0 0.597656 0.547625 0.008854 0.004750
0 0.725781 0.569500 0.010937 0.003000
0 0.729427 0.566750 0.010937 0.003000
0 0.749479 0.566500 0.006250 0.006000
0 0.754427 0.567000 0.006771 0.005000
0 0.757292 0.565750 0.008333 0.003500
0 0.759375 0.569750 0.012500 0.004000
0 0.743750 0.583500 0.007292 0.005000
0 0.737240 0.577625 0.006771 0.004250
0 0.732812 0.576875 0.005208 0.003250
0 0.711979 0.577750 0.007292 0.004000
