0 0.283750 0.777344 0.006500 0.015104
0 0.327500 0.777865 0.006000 0.013021
0 0.360625 0.780990 0.008250 0.009896
0 0.359875 0.740885 0.006750 0.010937
0 0.384500 0.693750 0.005500 0.008333
0 0.379750 0.687240 0.005000 0.013021
0 0.373625 0.687500 0.005250 0.006250
0 0.372000 0.683854 0.005500 0.010417
0 0.359250 0.682813 0.004000 0.014583
0 0.349500 0.672656 0.003000 0.015104
0 0.346500 0.664583 0.005000 0.011458
0 0.354875 0.653385 0.004250 0.006771
0 0.342625 0.643229 0.005750 0.008333
0 0.330125 0.630729 0.004250 0.011458
0 0.311125 0.649479 0.003750 0.009375
0 0.312625 0.646875 0.005750 0.010417
0 0.279750 0.615104 0.007500 0.006250
0 0.276375 0.609635 0.005750 0.005729
0 0.284875 0.591927 0.004750 0.007812
0 0.384125 0.578906 0.006250 0.011979
0 0.378875 0.561458 0.005250 0.010417
0 0.359625 0.563542 0.004250 0.013542
0 0.362000 0.561458 0.002500 0.013542
0 0.364375 0.561198 0.003250 0.011979
0 0.353875 0.550000 0.004750 0.012500
0 0.352250 0.541406 0.004500 0.015104
0 0.343750 0.541146 0.005000 0.010417
0 0.345500 0.539844 0.005500 0.011979
0 0.344500 0.522396 0.006000 0.011458
0 0.345875 0.520833 0.005250 0.008333
0 0.343875 0.503385 0.005250 0.014063
0 0.334750 0.488281 0.006500 0.011979
0 0.314625 0.443750 0.003750 0.012500
0 0.316500 0.442448 0.004000 0.013021
0 0.318250 0.439062 0.006500 0.012500
0 0.275250 0.407292 0.006500 0.012500
0 0.265375 0.327865 0.004750 0.007812
0 0.266000 0.325260 0.007000 0.008854
0 0.266500 0.321615 0.006000 0.008854
0 0.300500 0.370833 0.005500 0.006250
0 0.302250 0.375521 0.004500 0.005208
0 0.306875 0.386458 0.004750 0.009375
0 0.309875 0.395573 0.004750 0.006771
0 0.316000 0.404687 0.005000 0.004167
0 0.317000 0.409896 0.006000 0.006250
0 0.329375 0.445833 0.004250 0.007292
0 0.333750 0.454427 0.004500 0.009896
0 0.358250 0.516406 0.004500 0.005729
0 0.429000 0.651042 0.004000 0.013542
0 0.437500 0.460938 0.006500 0.012500
0 0.421625 0.432812 0.004750 0.013542
0 0.443250 0.404687 0.004000 0.010417
0 0.443500 0.395052 0.004000 0.010937
0 0.442375 0.393490 0.004250 0.009896
0 0.437375 0.385937 0.006250 0.007292
0 0.447125 0.359896 0.005750 0.010417
0 0.445250 0.356250 0.003500 0.011458
0 0.532250 0.105208 0.006500 0.009375
0 0.494125 0.285156 0.003750 0.015104
0 0.471125 0.280729 0.005750 0.012500
0 0.468000 0.297396 0.003000 0.014583
0 0.481875 0.272396 0.003250 0.013542
0 0.479625 0.270833 0.002250 0.014583
0 0.480000 0.312760 0.004500 0.009896
0 0.477750 0.323437 0.004500 0.013542
0 0.462250 0.355469 0.004000 0.011979
0 0.458750 0.358854 0.003000 0.012500
0 0.459875 0.366146 0.005750 0.006250
0 0.460875 0.369792 0.003750 0.005208
0 0.493000 0.361198 0.002500 0.013021
0 0.490750 0.362240 0.002000 0.010937
0 0.470625 0.386979 0.005250 0.011458
0 0.453500 0.395573 0.004000 0.014063
0 0.459375 0.385417 0.003250 0.013542
0 0.462000 0.392708 0.002500 0.012500
0 0.460125 0.393229 0.001750 0.011458
0 0.451000 0.408333 0.002500 0.013542
0 0.453750 0.410938 0.003000 0.013542
0 0.457250 0.414844 0.003500 0.013021
0 0.462125 0.416146 0.004750 0.013542
0 0.459000 0.422917 0.003500 0.013542
0 0.449250 0.423698 0.003000 0.013021
0 0.453000 0.426823 0.003000 0.013021
0 0.455750 0.432031 0.002500 0.011979
0 0.454250 0.432812 0.002500 0.009375
0 0.454875 0.444792 0.002250 0.012500
0 0.457000 0.445573 0.002500 0.010937
0 0.449250 0.467969 0.004000 0.013021
0 0.448375 0.478646 0.003250 0.011458
0 0.450250 0.479167 0.002000 0.010417
0 0.447625 0.486198 0.004250 0.013021
0 0.443750 0.513802 0.005000 0.010937
0 0.442500 0.505729 0.003500 0.010417
0 0.440375 0.530208 0.003750 0.012500
0 0.439250 0.552604 0.004000 0.010417
0 0.439500 0.565104 0.004500 0.011458
0 0.442875 0.656250 0.004250 0.013542
0 0.451500 0.645052 0.004500 0.015104
0 0.484125 0.573438 0.005750 0.010417
0 0.480750 0.579427 0.004500 0.004687
0 0.481125 0.584115 0.006250 0.005729
0 0.501000 0.539844 0.004500 0.008854
0 0.497750 0.539323 0.004000 0.010937
0 0.550500 0.415885 0.005500 0.013021
0 0.562250 0.381250 0.005000 0.014583
0 0.528750 0.377865 0.006000 0.010937
0 0.570000 0.373437 0.005500 0.008333
0 0.569250 0.370833 0.004000 0.008333
0 0.590750 0.303906 0.003500 0.010937
0 0.588875 0.302083 0.004250 0.010417
0 0.585250 0.386719 0.007500 0.009896
0 0.575875 0.396354 0.005750 0.007292
0 0.572375 0.391146 0.006250 0.009375
0 0.575750 0.410156 0.005500 0.014063
0 0.619625 0.389844 0.004250 0.009896
0 0.617750 0.388021 0.005500 0.011458
0 0.558875 0.424479 0.005250 0.012500
0 0.561875 0.431771 0.004750 0.011458
0 0.560500 0.429427 0.004000 0.008854
0 0.547875 0.447396 0.004750 0.013542
0 0.553000 0.461198 0.006500 0.010937
0 0.570250 0.465365 0.007500 0.008854
0 0.546000 0.498698 0.006000 0.011979
0 0.548250 0.510417 0.006500 0.009375
0 0.542125 0.523698 0.006250 0.011979
0 0.540750 0.514323 0.007000 0.009896
0 0.538000 0.507031 0.005000 0.013021
0 0.534125 0.510417 0.003750 0.012500
0 0.528250 0.508854 0.004500 0.013542
0 0.550250 0.523177 0.004500 0.007812
0 0.548875 0.520833 0.005250 0.010417
0 0.521125 0.518750 0.004750 0.010417
0 0.522750 0.524479 0.005500 0.011458
0 0.521875 0.532031 0.006750 0.008854
0 0.514875 0.534896 0.002750 0.010417
0 0.513375 0.533854 0.003750 0.012500
0 0.517000 0.543750 0.003500 0.011458
0 0.507750 0.548698 0.005500 0.011979
0 0.507125 0.692448 0.004250 0.009896
0 0.506000 0.685937 0.005000 0.006250
0 0.506500 0.681771 0.006000 0.005208
0 0.511875 0.674479 0.003750 0.013542
0 0.516375 0.668750 0.005250 0.011458
0 0.527250 0.660156 0.004000 0.009896
0 0.529000 0.668490 0.004000 0.006771
0 0.529750 0.679688 0.004500 0.006250
0 0.530250 0.683854 0.004500 0.006250
0 0.550000 0.810417 0.006000 0.011458
0 0.553875 0.821875 0.004750 0.007292
