0 0.338542 0.717875 0.009375 0.006250
0 0.348698 0.649000 0.007812 0.007000
0 0.331771 0.633750 0.009375 0.005500
0 0.336458 0.631000 0.009375 0.005000
0 0.302083 0.629125 0.008333 0.006250
0 0.336198 0.620250 0.011979 0.004000
0 0.307812 0.612375 0.006250 0.006250
0 0.297396 0.608875 0.006250 0.005250
0 0.301042 0.604250 0.012500 0.004500
0 0.265885 0.607750 0.007812 0.004500
0 0.264583 0.602375 0.007292 0.006250
0 0.269271 0.598375 0.010417 0.005250
0 0.290885 0.591500 0.009896 0.007500
0 0.268229 0.592125 0.008333 0.006250
0 0.256771 0.582750 0.007292 0.006000
0 0.246875 0.586000 0.006250 0.006000
0 0.242188 0.588875 0.007292 0.006750
0 0.233594 0.589500 0.007812 0.006500
0 0.241667 0.581875 0.008333 0.006250
0 0.237500 0.584125 0.006250 0.005750
0 0.230990 0.581000 0.009896 0.002500
0 0.224479 0.582125 0.006250 0.006250
0 0.256510 0.563375 0.006771 0.006250
0 0.248698 0.565375 0.009896 0.005250
0 0.241146 0.561125 0.007292 0.006250
0 0.247396 0.558250 0.006250 0.006500
0 0.253385 0.557250 0.006771 0.006500
0 0.233594 0.551375 0.007812 0.006750
0 0.239844 0.548125 0.005729 0.005250
0 0.245312 0.548250 0.006250 0.006000
0 0.250000 0.545125 0.014583 0.003750
0 0.254167 0.541625 0.008333 0.004750
0 0.257812 0.540625 0.008333 0.004750
0 0.227865 0.526375 0.010937 0.005750
0 0.179167 0.521750 0.008333 0.005500
0 0.138802 0.513125 0.009896 0.006750
0 0.137240 0.529625 0.010937 0.003750
0 0.139583 0.528250 0.013542 0.003500
0 0.206771 0.504750 0.014583 0.003500
0 0.211458 0.494750 0.007292 0.006000
0 0.204167 0.498500 0.008333 0.006000
0 0.192969 0.502000 0.006771 0.005500
0 0.194531 0.498625 0.013021 0.004750
0 0.192708 0.489250 0.015625 0.004000
0 0.092708 0.493250 0.007292 0.006500
0 0.188542 0.476000 0.013542 0.003000
0 0.188542 0.478625 0.013542 0.003250
0 0.199219 0.482750 0.004687 0.005500
0 0.194531 0.482625 0.004687 0.006750
0 0.163281 0.462125 0.010937 0.007250
0 0.064062 0.473500 0.008333 0.005500
0 0.454687 0.652000 0.008333 0.008500
0 0.417708 0.626250 0.007292 0.007500
0 0.438542 0.625625 0.008333 0.005750
0 0.436979 0.618750 0.009375 0.004000
0 0.378385 0.603125 0.009896 0.005750
0 0.414062 0.561875 0.008333 0.006250
0 0.432292 0.558375 0.007292 0.006750
0 0.429688 0.554250 0.008333 0.004000
0 0.424219 0.552250 0.005729 0.006500
0 0.410417 0.549375 0.010417 0.003750
0 0.408333 0.541875 0.008333 0.007250
0 0.388802 0.542250 0.006771 0.006000
0 0.380729 0.541375 0.010417 0.003750
0 0.391406 0.550125 0.005729 0.006250
0 0.386979 0.549500 0.005208 0.004500
0 0.398438 0.512000 0.005208 0.006000
0 0.348438 0.517625 0.009375 0.006250
0 0.391667 0.508125 0.009375 0.006250
0 0.367188 0.492000 0.006250 0.006500
0 0.370312 0.499250 0.005208 0.004000
0 0.365365 0.498625 0.004687 0.005250
0 0.363802 0.484375 0.006771 0.005750
0 0.360938 0.479000 0.006250 0.005000
0 0.351823 0.484125 0.004687 0.006250
0 0.349219 0.471000 0.008854 0.005500
0 0.366927 0.461125 0.008854 0.005250
0 0.347656 0.466125 0.008854 0.003750
0 0.350000 0.459750 0.006250 0.005000
0 0.322917 0.457000 0.007292 0.006000
0 0.350260 0.454250 0.006771 0.006000
0 0.364063 0.453500 0.007292 0.005500
0 0.362760 0.450000 0.011979 0.002000
0 0.360677 0.446875 0.007812 0.005250
0 0.361719 0.444250 0.011979 0.004000
0 0.341667 0.448125 0.005208 0.005250
0 0.302083 0.383000 0.008333 0.005500
0 0.294010 0.383500 0.006771 0.006500
0 0.531250 0.683875 0.008333 0.006750
0 0.525521 0.641000 0.013542 0.005500
0 0.578906 0.595125 0.004687 0.005250
0 0.580990 0.585500 0.009896 0.002500
0 0.580729 0.582500 0.011458 0.003500
0 0.595833 0.589875 0.006250 0.002750
0 0.592187 0.594500 0.006250 0.003000
0 0.587760 0.598250 0.006771 0.004000
0 0.611979 0.577750 0.008333 0.007000
0 0.668490 0.561500 0.009896 0.005500
0 0.637760 0.564750 0.007812 0.005500
0 0.647917 0.560250 0.011458 0.004500
0 0.633333 0.554500 0.007292 0.006000
0 0.638281 0.559500 0.007812 0.005000
0 0.633073 0.559500 0.008854 0.006000
0 0.661719 0.543500 0.007812 0.006000
0 0.659375 0.534375 0.008333 0.006750
0 0.626042 0.539000 0.006250 0.004500
0 0.621354 0.540000 0.006250 0.006000
0 0.711979 0.515500 0.008333 0.006500
0 0.678646 0.512375 0.007292 0.005750
0 0.673698 0.509000 0.006771 0.006000
0 0.671354 0.474750 0.011458 0.005500
0 0.756250 0.468875 0.008333 0.006250
0 0.758073 0.461500 0.014063 0.003000
0 0.726823 0.489625 0.007812 0.004250
0 0.724219 0.488625 0.006771 0.005750
0 0.719010 0.489125 0.006771 0.005750
0 0.714844 0.489000 0.004687 0.005500
0 0.709115 0.478000 0.008854 0.005500
0 0.706771 0.477000 0.006250 0.004500
0 0.723177 0.450500 0.004687 0.005000
0 0.727865 0.447750 0.006771 0.005500
0 0.775781 0.433875 0.013021 0.005250
0 0.822917 0.438875 0.009375 0.005250
0 0.857292 0.404875 0.006250 0.005750
0 0.841406 0.412875 0.006771 0.004750
0 0.836979 0.411875 0.007292 0.006250
0 0.832031 0.365750 0.009896 0.007000
0 0.905208 0.363875 0.009375 0.006250
0 0.902604 0.362500 0.007292 0.005000
0 0.966927 0.324750 0.007812 0.008000
0 0.633594 0.631500 0.013021 0.004500
0 0.694010 0.625750 0.007812 0.005000
0 0.739583 0.591250 0.010417 0.004000
0 0.737760 0.589750 0.008854 0.004000
0 0.807292 0.579500 0.008333 0.006000
0 0.795052 0.569375 0.016146 0.003250
0 0.811198 0.558875 0.011979 0.003250
0 0.821615 0.551125 0.007812 0.006250
0 0.798958 0.555875 0.013542 0.004750
0 0.822917 0.537500 0.012500 0.007500
0 0.888802 0.559500 0.007812 0.005000
0 0.898698 0.556625 0.011979 0.003750
0 0.915885 0.555750 0.013021 0.005000
0 0.891406 0.554000 0.008854 0.004000
0 0.881250 0.551500 0.007292 0.004500
0 0.875260 0.551750 0.007812 0.006000
0 0.895052 0.542875 0.007812 0.004750
0 0.893490 0.539875 0.011979 0.003750
0 0.871354 0.525500 0.012500 0.005500
0 0.914323 0.517500 0.015104 0.003500
0 0.880729 0.507250 0.014583 0.003500
0 0.902604 0.502750 0.015625 0.006500
0 0.898698 0.509375 0.010937 0.004250
0 0.902344 0.513500 0.006771 0.005000
0 0.898698 0.513500 0.006771 0.004500
0 0.939323 0.522875 0.009896 0.003750
0 0.937760 0.519750 0.007812 0.003500
0 0.955729 0.517500 0.006250 0.004000
0 0.952604 0.516500 0.007292 0.005000
0 0.979167 0.505500 0.007292 0.006000
0 0.975521 0.491875 0.008333 0.005250
0 0.963021 0.491125 0.009375 0.005250
0 0.945573 0.488875 0.011979 0.006250
0 0.965885 0.487500 0.008854 0.004000
0 0.983854 0.483625 0.012500 0.004750
0 0.970052 0.484125 0.011979 0.003250
0 0.991667 0.521875 0.011458 0.003250
0 0.988281 0.519000 0.010937 0.002500
0 0.977344 0.467000 0.010937 0.003000
0 0.795052 0.470500 0.009896 0.007500
0 0.589063 0.701750 0.014583 0.004500
0 0.619010 0.699375 0.014063 0.003250
0 0.628125 0.713500 0.014583 0.005000
0 0.695833 0.696500 0.008333 0.005000
0 0.770052 0.685750 0.011979 0.003000
0 0.775260 0.697250 0.006771 0.006000
0 0.772396 0.696500 0.006250 0.005000
0 0.905990 0.669625 0.014063 0.003250
0 0.930208 0.735875 0.011458 0.006750
0 0.946615 0.668500 0.010937 0.002500
0 0.947135 0.670875 0.010937 0.003250
0 0.958073 0.670125 0.011979 0.003250
0 0.958854 0.779750 0.016667 0.004500
0 0.982031 0.832625 0.015104 0.003250
0 0.926302 0.801625 0.013021 0.005250
0 0.896615 0.810000 0.018229 0.004500
0 0.951302 0.794375 0.014063 0.003250
0 0.951562 0.791875 0.013542 0.002750
0 0.860156 0.787500 0.019271 0.005000
0 0.853385 0.770250 0.013021 0.003000
0 0.852083 0.767500 0.013542 0.003000
0 0.792969 0.776250 0.011979 0.004500
0 0.809115 0.787500 0.014063 0.003000
0 0.803125 0.784250 0.012500 0.003500
0 0.779427 0.770750 0.015104 0.003500
0 0.777604 0.767000 0.015625 0.003000
0 0.774479 0.762500 0.010417 0.005000
0 0.767448 0.759375 0.011979 0.003250
0 0.760938 0.764125 0.015625 0.004250
0 0.760417 0.768875 0.012500 0.003750
0 0.740104 0.760500 0.013542 0.003000
0 0.737240 0.757250 0.008854 0.003500
0 0.693490 0.782250 0.013021 0.003500
0 0.700781 0.771375 0.013021 0.004750
0 0.740625 0.791125 0.011458 0.003750
0 0.741667 0.788625 0.014583 0.003250
0 0.635156 0.773500 0.010937 0.008000
0 0.606510 0.779000 0.006771 0.007500
0 0.599479 0.765125 0.011458 0.004750
0 0.620573 0.778375 0.010937 0.004750
0 0.598177 0.740625 0.011979 0.005250
0 0.607292 0.741500 0.010417 0.005500
0 0.680729 0.781250 0.010417 0.004500
0 0.678385 0.779250 0.011979 0.004500
