0 0.468229 0.646250 0.015625 0.006500
0 0.434896 0.584000 0.015625 0.008000
0 0.612240 0.602500 0.011979 0.008000
0 0.620313 0.599000 0.012500 0.008500
0 0.624740 0.604000 0.010937 0.007500
0 0.520833 0.517000 0.012500 0.008000
0 0.315885 0.464875 0.021354 0.007750
0 0.456771 0.442500 0.012500 0.005000
0 0.162760 0.411250 0.015104 0.007000
0 0.123698 0.281375 0.013021 0.008250
0 0.641406 0.622625 0.016146 0.007750
0 0.676823 0.580125 0.009896 0.009750
0 0.767969 0.503750 0.015104 0.005000
0 0.829688 0.486625 0.014583 0.011750
0 0.864844 0.490875 0.013021 0.006750
0 0.930208 0.489875 0.010417 0.006750
0 0.810937 0.520875 0.011458 0.004750
0 0.990104 0.458625 0.009375 0.007750
0 0.469010 0.646750 0.016146 0.005500
0 0.094531 0.749375 0.020313 0.004750
0 0.097656 0.757250 0.015104 0.007500
0 0.301823 0.770375 0.019271 0.006250
0 0.374740 0.736875 0.014063 0.007750
0 0.379427 0.737875 0.015104 0.004750
