0 0.003646 0.639375 0.007292 0.003750
0 0.048958 0.646500 0.008333 0.004500
0 0.091667 0.645000 0.010417 0.003000
0 0.083594 0.654250 0.007812 0.004500
0 0.101302 0.661875 0.008854 0.003250
0 0.138021 0.650500 0.011458 0.003500
0 0.200000 0.660500 0.011458 0.003000
0 0.205469 0.663500 0.007812 0.004000
0 0.176563 0.680625 0.013542 0.002250
0 0.176302 0.682750 0.010937 0.002500
0 0.229167 0.680250 0.008333 0.003500
0 0.355208 0.662625 0.007292 0.004750
0 0.355990 0.544500 0.010937 0.004500
0 0.390104 0.525250 0.006250 0.006500
0 0.382812 0.519375 0.008333 0.005250
0 0.339583 0.510250 0.010417 0.005500
0 0.381510 0.499000 0.008854 0.006500
0 0.365365 0.486125 0.015104 0.003750
0 0.425781 0.408875 0.007812 0.007250
0 0.396615 0.417750 0.006771 0.006000
0 0.389062 0.415125 0.011458 0.004250
0 0.402083 0.455000 0.011458 0.006000
0 0.441146 0.468750 0.006250 0.005500
0 0.410156 0.487375 0.007812 0.004750
0 0.406510 0.485375 0.005729 0.006250
0 0.402344 0.485500 0.005729 0.005000
0 0.405990 0.508500 0.008854 0.004500
0 0.420052 0.510875 0.006771 0.003250
0 0.416146 0.512750 0.006250 0.005000
0 0.413542 0.518250 0.008333 0.004000
0 0.410417 0.516000 0.007292 0.004000
0 0.416667 0.522125 0.007292 0.006250
0 0.412500 0.526000 0.009375 0.004500
0 0.419271 0.538375 0.007292 0.004250
0 0.408333 0.538875 0.005208 0.005750
0 0.420052 0.549625 0.008854 0.005750
0 0.416406 0.557125 0.009896 0.005750
0 0.412500 0.538500 0.004167 0.005500
0 0.533073 0.584500 0.011979 0.004000
0 0.526302 0.581250 0.009896 0.003000
0 0.544010 0.574875 0.009896 0.006250
0 0.557813 0.560625 0.011458 0.002750
0 0.575000 0.543500 0.007292 0.005500
0 0.575000 0.539000 0.008333 0.004000
0 0.574479 0.534625 0.012500 0.003750
0 0.549219 0.535875 0.011979 0.004250
0 0.561198 0.527000 0.008854 0.003500
0 0.591667 0.524250 0.008333 0.004500
0 0.591927 0.521250 0.008854 0.003500
0 0.607552 0.504500 0.010937 0.005000
0 0.611979 0.499875 0.011458 0.003750
0 0.573177 0.501250 0.009896 0.002500
0 0.573958 0.499250 0.010417 0.002500
0 0.588542 0.505625 0.007292 0.002250
0 0.589063 0.503625 0.010417 0.002250
0 0.582812 0.444625 0.007292 0.003750
0 0.691927 0.416875 0.013021 0.003250
0 0.689063 0.413875 0.011458 0.003250
0 0.744271 0.387875 0.009375 0.005750
0 0.749219 0.412500 0.007812 0.004500
0 0.763281 0.421125 0.008854 0.004250
0 0.730208 0.418750 0.009375 0.006000
0 0.675781 0.452250 0.007812 0.005000
0 0.692708 0.451125 0.007292 0.003750
0 0.665625 0.470000 0.010417 0.002500
0 0.666927 0.468125 0.009896 0.001750
0 0.668750 0.474875 0.008333 0.005250
0 0.660156 0.475250 0.005729 0.004500
0 0.662500 0.480375 0.006250 0.005750
0 0.665625 0.492125 0.007292 0.006250
0 0.648177 0.500000 0.007812 0.005500
0 0.636198 0.499375 0.008854 0.004750
0 0.639583 0.496500 0.008333 0.004500
0 0.643229 0.495750 0.007292 0.003500
0 0.636979 0.522000 0.011458 0.003500
0 0.614583 0.525000 0.008333 0.005000
0 0.603646 0.529750 0.006250 0.005500
0 0.606250 0.535625 0.007292 0.004750
0 0.598698 0.539750 0.007812 0.004000
0 0.608854 0.546375 0.010417 0.003250
0 0.592187 0.550875 0.009375 0.003250
0 0.579948 0.554000 0.007812 0.005000
0 0.574740 0.564500 0.008854 0.003500
0 0.658073 0.519625 0.004687 0.003750
0 0.692708 0.471250 0.009375 0.006000
0 0.730729 0.454000 0.004167 0.004000
0 0.733594 0.453625 0.005729 0.005750
0 0.753125 0.446875 0.008333 0.002750
0 0.596615 0.605500 0.006771 0.005000
0 0.612500 0.587375 0.007292 0.004750
0 0.619792 0.586250 0.008333 0.002500
0 0.619531 0.584125 0.006771 0.002750
0 0.640104 0.577375 0.010417 0.004250
0 0.630469 0.576000 0.008854 0.003000
0 0.658594 0.560875 0.010937 0.004250
0 0.642708 0.572250 0.009375 0.004000
0 0.671354 0.550125 0.006250 0.004250
0 0.681771 0.547625 0.010417 0.003750
0 0.680469 0.546000 0.007812 0.003000
0 0.678906 0.537500 0.009896 0.004500
0 0.688542 0.535000 0.008333 0.005000
0 0.680729 0.529125 0.008333 0.003750
0 0.705729 0.531125 0.008333 0.005750
0 0.701042 0.530375 0.006250 0.005750
0 0.696615 0.528250 0.006771 0.005000
0 0.705208 0.516500 0.007292 0.005500
0 0.698438 0.519500 0.007292 0.005000
0 0.703385 0.521250 0.009896 0.004000
0 0.712240 0.520875 0.006771 0.005250
0 0.706510 0.524125 0.010937 0.003250
0 0.706510 0.522000 0.007812 0.003000
0 0.717448 0.511500 0.006771 0.004000
0 0.727083 0.509000 0.010417 0.003000
0 0.719271 0.507375 0.009375 0.005250
0 0.740885 0.506375 0.009896 0.004250
0 0.747656 0.502125 0.007812 0.005250
0 0.735417 0.501125 0.006250 0.004750
0 0.719271 0.500625 0.007292 0.005250
0 0.716667 0.499625 0.007292 0.004750
0 0.761458 0.494500 0.008333 0.005000
0 0.756510 0.492750 0.006771 0.004500
0 0.750000 0.493250 0.006250 0.003000
0 0.745313 0.490625 0.006250 0.003750
0 0.738021 0.484750 0.006250 0.005500
0 0.751823 0.479125 0.008854 0.003250
0 0.746094 0.477625 0.007812 0.002250
0 0.750260 0.476750 0.004687 0.003000
0 0.796354 0.442625 0.010417 0.005250
0 0.790625 0.437750 0.008333 0.003000
0 0.814323 0.436125 0.008854 0.003750
0 0.822135 0.435625 0.008854 0.005250
0 0.777604 0.492375 0.009375 0.005750
0 0.750000 0.510375 0.009375 0.004750
0 0.746094 0.515375 0.006771 0.005250
0 0.750000 0.515625 0.006250 0.005750
0 0.753385 0.516125 0.004687 0.004750
0 0.753646 0.526625 0.011458 0.005750
0 0.733333 0.525000 0.009375 0.005000
0 0.682813 0.558750 0.006250 0.006000
0 0.685417 0.565875 0.007292 0.005750
0 0.682292 0.570500 0.005208 0.005000
0 0.676823 0.569250 0.006771 0.005000
0 0.709115 0.576000 0.005729 0.005500
0 0.615625 0.608125 0.012500 0.003250
0 0.691406 0.647125 0.008854 0.006250
0 0.783333 0.628375 0.012500 0.003250
0 0.783333 0.623750 0.008333 0.006000
0 0.857812 0.585375 0.012500 0.004250
0 0.908594 0.574500 0.009896 0.004000
0 0.905469 0.561000 0.013021 0.004500
0 0.863021 0.558500 0.008333 0.004000
0 0.856771 0.558750 0.006250 0.004500
0 0.857031 0.569625 0.010937 0.003750
0 0.842708 0.566875 0.008333 0.004750
0 0.798698 0.572250 0.010937 0.005000
0 0.810156 0.574750 0.011979 0.003500
0 0.814583 0.578375 0.008333 0.005250
0 0.800260 0.594750 0.008854 0.005500
0 0.787500 0.597500 0.009375 0.003500
0 0.784375 0.594625 0.010417 0.004750
0 0.780469 0.582625 0.005729 0.003750
0 0.776823 0.582750 0.004687 0.004000
0 0.765625 0.604125 0.008333 0.005250
0 0.749740 0.608125 0.006771 0.004750
0 0.744792 0.613375 0.008333 0.004750
0 0.741927 0.612375 0.006771 0.004250
0 0.735677 0.614375 0.004687 0.004250
0 0.697135 0.669750 0.006771 0.005500
0 0.628906 0.652750 0.007812 0.003500
0 0.019010 0.986500 0.009896 0.008500
0 0.073698 0.931375 0.011979 0.006250
0 0.238281 0.476250 0.007812 0.005000
