0 0.599219 0.631750 0.008854 0.008000
0 0.579688 0.615375 0.016667 0.004250
0 0.572396 0.638750 0.013542 0.006500
0 0.548698 0.638250 0.017188 0.006000
0 0.566406 0.665500 0.006771 0.007500
0 0.589323 0.665500 0.014063 0.007500
0 0.523438 0.691125 0.010417 0.008750
0 0.488542 0.698000 0.011458 0.009500
0 0.501563 0.699625 0.014583 0.008750
0 0.431510 0.719875 0.010937 0.008750
0 0.383073 0.713500 0.011979 0.010000
0 0.434375 0.754375 0.017708 0.005750
0 0.447656 0.742875 0.013021 0.009250
0 0.411458 0.689500 0.017708 0.006500
0 0.394792 0.696250 0.015625 0.004000
0 0.314063 0.684250 0.018750 0.007500
0 0.380469 0.671750 0.014063 0.004500
0 0.369531 0.679375 0.007812 0.006750
0 0.374219 0.675000 0.009896 0.007000
0 0.442969 0.677375 0.015104 0.008250
0 0.492969 0.678500 0.013021 0.006000
0 0.460156 0.672750 0.017188 0.007000
0 0.473438 0.665875 0.014583 0.010750
0 0.487240 0.670750 0.019271 0.006500
0 0.529427 0.653625 0.017188 0.004750
0 0.537240 0.648500 0.016146 0.007000
0 0.551823 0.647500 0.014063 0.005500
0 0.562760 0.649375 0.010937 0.006750
0 0.504427 0.632000 0.013021 0.007000
0 0.578125 0.599000 0.010417 0.007000
0 0.529948 0.608250 0.015104 0.007500
0 0.648438 0.582500 0.014583 0.004000
0 0.655990 0.579125 0.015104 0.005750
0 0.311458 0.742000 0.014583 0.005500
0 0.338021 0.736500 0.016667 0.004000
0 0.340625 0.741875 0.014583 0.007250
0 0.295052 0.767875 0.019271 0.007250
0 0.239844 0.776750 0.017188 0.006500
0 0.151562 0.763000 0.015625 0.006000
0 0.119792 0.778500 0.019792 0.005500
0 0.134635 0.790500 0.009896 0.007500
0 0.121354 0.796875 0.007292 0.007750
0 0.141927 0.804000 0.008854 0.009000
0 0.126302 0.801500 0.011979 0.008000
0 0.112760 0.818875 0.008854 0.009750
0 0.146354 0.820875 0.017708 0.007750
0 0.146875 0.830625 0.011458 0.009750
0 0.157552 0.864125 0.009896 0.009250
0 0.125521 0.859750 0.011458 0.007500
0 0.082812 0.852875 0.015625 0.010250
0 0.619010 0.706375 0.011979 0.009750
0 0.733594 0.701875 0.009896 0.008750
0 0.734896 0.669500 0.009375 0.007000
0 0.737500 0.675250 0.012500 0.007000
0 0.772917 0.674375 0.015625 0.004250
0 0.797656 0.674500 0.007812 0.007000
0 0.784635 0.661250 0.013021 0.008000
0 0.772656 0.664375 0.010937 0.008750
0 0.788542 0.671000 0.014583 0.005000
0 0.787240 0.675250 0.014063 0.005500
0 0.729688 0.739125 0.012500 0.009750
0 0.738802 0.748875 0.017188 0.005750
0 0.726042 0.754875 0.015625 0.006750
0 0.665625 0.772125 0.012500 0.009250
0 0.721875 0.766875 0.012500 0.009250
0 0.732031 0.796625 0.009896 0.010250
0 0.707552 0.795875 0.011979 0.009750
0 0.759375 0.798250 0.009375 0.010000
0 0.769010 0.798000 0.008854 0.007500
0 0.706771 0.814125 0.010417 0.008750
0 0.718750 0.827250 0.014583 0.009500
0 0.728385 0.775375 0.010937 0.007250
0 0.711719 0.777125 0.015104 0.008250
0 0.696875 0.853250 0.011458 0.009500
0 0.373958 0.518750 0.018750 0.005500
0 0.502083 0.530375 0.011458 0.007750
0 0.416927 0.509750 0.016146 0.004500
0 0.419271 0.504000 0.014583 0.005500
0 0.293750 0.470250 0.012500 0.006500
0 0.230990 0.483250 0.017188 0.007000
0 0.185156 0.492500 0.020313 0.007000
0 0.221094 0.517375 0.018229 0.004750
0 0.266667 0.529875 0.014583 0.007750
0 0.232813 0.512750 0.014583 0.006500
0 0.346615 0.527125 0.014063 0.005750
0 0.342708 0.521625 0.016667 0.004750
0 0.317708 0.522375 0.012500 0.006750
0 0.320833 0.518250 0.013542 0.007000
0 0.128125 0.501875 0.029167 0.006750
0 0.047917 0.509000 0.015625 0.008000
0 0.096094 0.520125 0.019271 0.006750
0 0.095052 0.525125 0.019271 0.004750
0 0.061979 0.445000 0.019792 0.008000
0 0.507031 0.471125 0.011979 0.007750
0 0.468750 0.443625 0.013542 0.008250
0 0.483333 0.441875 0.015625 0.008250
0 0.564323 0.437875 0.013021 0.008250
0 0.577344 0.433125 0.011979 0.005750
0 0.588542 0.425875 0.008333 0.008750
0 0.579948 0.415875 0.014063 0.007250
0 0.559375 0.398625 0.012500 0.006750
0 0.437240 0.398875 0.016146 0.007750
0 0.401823 0.396625 0.008854 0.007250
0 0.373698 0.398375 0.015104 0.005250
0 0.394792 0.404500 0.014583 0.006500
0 0.386719 0.419000 0.015104 0.007000
0 0.370833 0.378625 0.015625 0.004250
0 0.389323 0.378625 0.015104 0.004750
0 0.467969 0.343750 0.010937 0.007500
0 0.445833 0.361625 0.015625 0.006250
0 0.435677 0.377750 0.016146 0.004500
0 0.433854 0.372750 0.013542 0.006000
0 0.446615 0.370500 0.014063 0.006000
0 0.490625 0.381625 0.014583 0.007250
0 0.486458 0.374750 0.013542 0.006500
0 0.476042 0.373375 0.012500 0.008250
0 0.461458 0.371125 0.014583 0.005750
0 0.465104 0.365750 0.009375 0.006500
0 0.376042 0.347750 0.015625 0.006500
0 0.354948 0.347250 0.016146 0.005500
0 0.321354 0.357125 0.010417 0.007250
0 0.307812 0.368000 0.017708 0.006500
0 0.298958 0.387125 0.009375 0.007250
0 0.301042 0.381500 0.014583 0.006500
0 0.220312 0.351000 0.015625 0.007500
0 0.230208 0.343375 0.012500 0.006750
0 0.264583 0.310875 0.014583 0.007250
0 0.313542 0.310125 0.008333 0.008750
0 0.325521 0.312000 0.013542 0.009500
0 0.256250 0.281000 0.016667 0.008000
0 0.350521 0.278250 0.007292 0.008000
0 0.135937 0.325750 0.016667 0.009500
0 0.103385 0.310750 0.019271 0.008500
0 0.155469 0.307125 0.013021 0.004250
0 0.138802 0.292000 0.020313 0.006500
0 0.133073 0.275875 0.014063 0.009750
0 0.115625 0.291750 0.017708 0.009000
0 0.172917 0.292000 0.018750 0.006000
0 0.169271 0.286250 0.017708 0.007500
0 0.111458 0.246125 0.010417 0.009250
0 0.138021 0.249750 0.018750 0.006500
0 0.067448 0.208500 0.020313 0.011000
0 0.003385 0.251875 0.006771 0.005250
0 0.002865 0.220000 0.005729 0.004500
0 0.343229 0.340625 0.012500 0.006750
0 0.355990 0.337750 0.013021 0.009000
0 0.369792 0.332750 0.014583 0.006500
0 0.368750 0.327875 0.016667 0.005750
0 0.373698 0.323125 0.013021 0.007750
0 0.384635 0.355375 0.019271 0.008250
0 0.661458 0.308375 0.010417 0.009250
0 0.696094 0.373125 0.013021 0.005750
0 0.666927 0.503250 0.019271 0.008000
0 0.592187 0.528875 0.015625 0.005750
0 0.537240 0.546000 0.014063 0.008500
0 0.566667 0.511250 0.017708 0.006500
0 0.531250 0.515375 0.013542 0.006750
0 0.581771 0.516000 0.010417 0.008500
0 0.450521 0.386875 0.012500 0.007250
0 0.459635 0.383500 0.011979 0.008000
0 0.681771 0.637625 0.014583 0.003750
