0 0.200521 0.233625 0.010417 0.006250
0 0.215365 0.263375 0.009896 0.007250
0 0.146354 0.308375 0.011458 0.005750
0 0.349219 0.389750 0.008854 0.005500
0 0.381771 0.369625 0.011458 0.003750
0 0.391406 0.362375 0.007812 0.006250
0 0.407812 0.354500 0.009375 0.007500
0 0.507552 0.306750 0.008854 0.006000
0 0.501823 0.308750 0.005729 0.006000
0 0.498177 0.308500 0.005729 0.005000
0 0.494792 0.306375 0.006250 0.006250
0 0.561719 0.284000 0.010937 0.005500
0 0.546354 0.288875 0.009375 0.004750
0 0.542969 0.288000 0.008854 0.004500
0 0.546094 0.285000 0.011979 0.002500
0 0.575521 0.277500 0.007292 0.005000
0 0.569010 0.276125 0.008854 0.005250
0 0.625000 0.252375 0.009375 0.004750
0 0.628646 0.247750 0.008333 0.004500
0 0.606510 0.239625 0.008854 0.005750
0 0.358333 0.367250 0.015625 0.003500
0 0.391667 0.349375 0.010417 0.002750
0 0.393750 0.348125 0.008333 0.002250
0 0.539323 0.359000 0.010937 0.007000
0 0.533333 0.337000 0.010417 0.009000
0 0.604427 0.348250 0.013021 0.006000
0 0.590625 0.346375 0.009375 0.006750
0 0.594010 0.345250 0.007812 0.005500
0 0.637500 0.337500 0.013542 0.004500
0 0.642188 0.335125 0.014583 0.004750
0 0.725781 0.309625 0.017188 0.005750
0 0.765885 0.305250 0.008854 0.007000
0 0.769792 0.306375 0.006250 0.006250
0 0.808333 0.298000 0.015625 0.005000
0 0.821615 0.291250 0.008854 0.005500
0 0.818490 0.290000 0.014063 0.005000
0 0.815365 0.286000 0.008854 0.004500
0 0.820833 0.285625 0.010417 0.005250
0 0.829167 0.284625 0.012500 0.006750
0 0.885156 0.257875 0.015104 0.004750
0 0.891667 0.235250 0.010417 0.008000
0 0.887500 0.306875 0.010417 0.004750
0 0.870833 0.303875 0.017708 0.005750
0 0.789323 0.317750 0.016146 0.004500
0 0.693750 0.336875 0.012500 0.006750
0 0.624479 0.354250 0.014583 0.005500
0 0.637760 0.350500 0.008854 0.004500
0 0.642448 0.347375 0.008854 0.003250
0 0.377083 0.432875 0.012500 0.005750
0 0.427344 0.432750 0.011979 0.005500
0 0.544531 0.430750 0.008854 0.006000
0 0.548698 0.428500 0.009896 0.006000
0 0.566667 0.438125 0.009375 0.005750
0 0.571875 0.435875 0.008333 0.005750
0 0.601042 0.439250 0.008333 0.007500
0 0.615885 0.438500 0.007812 0.004500
0 0.619010 0.437375 0.007812 0.005750
0 0.624219 0.434125 0.008854 0.005750
0 0.634635 0.438500 0.009896 0.005000
0 0.630990 0.434000 0.004687 0.006000
0 0.638021 0.436250 0.010417 0.004000
0 0.656510 0.433250 0.009896 0.007000
0 0.670573 0.441000 0.006771 0.005500
0 0.675521 0.440500 0.006250 0.004500
0 0.821354 0.448625 0.010417 0.007250
0 0.840625 0.442500 0.013542 0.004000
0 0.842969 0.440375 0.010937 0.003250
0 0.901042 0.440750 0.016667 0.004500
0 0.946615 0.433125 0.008854 0.007750
0 0.920052 0.432125 0.010937 0.007750
0 0.905469 0.449500 0.010937 0.006500
0 0.887760 0.461750 0.011979 0.005000
0 0.836979 0.455250 0.010417 0.007500
0 0.793229 0.460750 0.016667 0.005500
0 0.693229 0.453500 0.013542 0.003500
0 0.687760 0.454875 0.006771 0.004250
0 0.650000 0.451000 0.014583 0.003500
0 0.591146 0.448875 0.016667 0.004250
0 0.455469 0.486000 0.009896 0.005500
0 0.457552 0.481125 0.008854 0.005250
0 0.511198 0.500000 0.011979 0.005000
0 0.539323 0.504000 0.011979 0.005000
0 0.533333 0.512625 0.009375 0.005750
0 0.553385 0.519625 0.009896 0.005250
0 0.557813 0.513875 0.010417 0.005750
0 0.555990 0.497250 0.011979 0.003500
0 0.561458 0.495750 0.011458 0.004000
0 0.564063 0.494125 0.010417 0.004250
0 0.619010 0.540750 0.006771 0.006500
0 0.632031 0.529000 0.010937 0.004000
0 0.635417 0.522875 0.009375 0.005750
0 0.644271 0.526875 0.012500 0.003750
0 0.669010 0.519250 0.014063 0.003500
0 0.659375 0.527875 0.013542 0.004250
0 0.645833 0.533375 0.012500 0.004250
0 0.638542 0.548875 0.012500 0.003250
0 0.637500 0.546125 0.010417 0.004750
0 0.640365 0.545250 0.009896 0.004500
0 0.686458 0.534500 0.010417 0.004500
0 0.688542 0.532500 0.008333 0.003500
0 0.714323 0.534125 0.008854 0.005750
0 0.711979 0.550000 0.011458 0.004000
0 0.686719 0.561125 0.011979 0.005750
0 0.684896 0.563875 0.012500 0.005250
0 0.652083 0.562750 0.007292 0.005000
0 0.978385 0.610125 0.009896 0.007750
0 0.968490 0.654500 0.013021 0.007000
0 0.334896 0.466250 0.008333 0.006000
0 0.339062 0.492125 0.010417 0.004750
0 0.364323 0.508750 0.011979 0.006500
0 0.390885 0.512125 0.008854 0.004750
0 0.395573 0.535125 0.011979 0.003750
0 0.403646 0.533000 0.010417 0.005000
0 0.407812 0.542375 0.009375 0.005750
0 0.426302 0.547375 0.013021 0.002750
0 0.423698 0.550625 0.008854 0.005250
0 0.433854 0.551375 0.009375 0.006250
0 0.438542 0.558500 0.011458 0.004000
0 0.439844 0.557125 0.009896 0.003250
0 0.464844 0.583000 0.013021 0.006500
0 0.559896 0.630875 0.010417 0.006750
0 0.541927 0.629875 0.011979 0.006250
0 0.547656 0.623500 0.008854 0.006000
0 0.540365 0.620875 0.007812 0.006250
0 0.598958 0.685625 0.013542 0.006750
0 0.614323 0.648250 0.011979 0.006500
0 0.581250 0.629500 0.007292 0.007500
0 0.596094 0.624625 0.007812 0.006750
0 0.605729 0.624750 0.009375 0.004500
0 0.614062 0.629250 0.014583 0.003000
0 0.635417 0.621000 0.013542 0.005000
0 0.627344 0.607625 0.014063 0.007750
0 0.601302 0.611250 0.011979 0.006500
0 0.538281 0.600500 0.011979 0.008000
0 0.522135 0.591500 0.011979 0.006000
0 0.497396 0.574125 0.010417 0.005750
0 0.489323 0.572000 0.007812 0.005500
0 0.542969 0.568250 0.010937 0.005500
0 0.510417 0.557125 0.010417 0.005750
0 0.487500 0.561500 0.010417 0.004500
0 0.480729 0.560375 0.010417 0.006250
0 0.491667 0.553000 0.013542 0.005000
0 0.464844 0.555875 0.007812 0.005250
0 0.464323 0.549250 0.010937 0.007000
0 0.462760 0.549375 0.007812 0.005250
0 0.469531 0.548250 0.010937 0.005000
0 0.455469 0.551125 0.007812 0.005750
0 0.436198 0.535875 0.009896 0.005750
0 0.441927 0.531000 0.011979 0.005500
0 0.429427 0.529625 0.010937 0.004750
0 0.423698 0.529250 0.009896 0.006000
0 0.416927 0.528875 0.007812 0.003250
0 0.401302 0.519375 0.006771 0.005250
0 0.259375 0.487000 0.011458 0.006000
0 0.239583 0.513250 0.009375 0.006500
0 0.216406 0.543000 0.013021 0.004000
0 0.178125 0.555000 0.008333 0.006000
0 0.182031 0.554250 0.008854 0.004500
0 0.179948 0.581375 0.014063 0.005750
0 0.158854 0.569750 0.010417 0.006500
0 0.150521 0.667125 0.009375 0.006750
0 0.201563 0.618375 0.011458 0.005750
0 0.219531 0.585750 0.009896 0.006000
0 0.219792 0.565750 0.007292 0.004500
0 0.223437 0.561500 0.005208 0.005500
0 0.217969 0.562000 0.006771 0.005500
0 0.229427 0.553750 0.008854 0.006000
0 0.248438 0.528000 0.010417 0.006000
0 0.267188 0.517125 0.010417 0.003250
0 0.260156 0.512375 0.007812 0.005250
0 0.355208 0.886375 0.008333 0.005750
