0 0.588125 0.614583 0.005750 0.011458
0 0.615875 0.682813 0.005750 0.009375
0 0.686375 0.466146 0.006250 0.009375
0 0.703250 0.486198 0.006000 0.008854
0 0.664625 0.550260 0.004250 0.009896
0 0.664375 0.561198 0.005750 0.009896
0 0.599875 0.446875 0.007250 0.017708
0 0.515875 0.463281 0.005750 0.013021
0 0.496250 0.490885 0.004500 0.009896
0 0.506375 0.550260 0.004250 0.011979
0 0.480625 0.469271 0.004250 0.012500
0 0.491250 0.441146 0.005000 0.010417
0 0.501250 0.416406 0.004500 0.008854
0 0.502750 0.439323 0.006000 0.009896
0 0.516000 0.544531 0.004000 0.007812
0 0.519000 0.538281 0.005000 0.008854
0 0.404250 0.689844 0.004000 0.014063
0 0.416875 0.696615 0.007250 0.007812
0 0.418625 0.717187 0.004750 0.009375
0 0.445000 0.724219 0.006000 0.015104
0 0.483750 0.770573 0.004500 0.009896
0 0.521375 0.768229 0.005250 0.011458
0 0.518125 0.790104 0.004250 0.009375
0 0.508625 0.782031 0.005750 0.008854
0 0.498125 0.930469 0.004750 0.009896
0 0.673500 0.818229 0.005500 0.014583
0 0.618750 0.769271 0.007000 0.014583
0 0.618625 0.730208 0.004250 0.011458
0 0.619500 0.739323 0.005000 0.009896
0 0.684750 0.701823 0.004500 0.010937
0 0.691750 0.698177 0.004500 0.008854
0 0.701500 0.724219 0.005000 0.010937
0 0.685500 0.735417 0.005500 0.009375
0 0.692500 0.660417 0.004000 0.011458
0 0.651375 0.713542 0.006750 0.014583
0 0.560500 0.313281 0.006500 0.010937
0 0.588625 0.354948 0.004750 0.016146
0 0.609500 0.331771 0.005500 0.010417
0 0.592750 0.284635 0.005000 0.017188
0 0.607000 0.248958 0.006500 0.014583
0 0.586125 0.261979 0.006750 0.010417
0 0.579250 0.249740 0.005500 0.013021
0 0.578750 0.231510 0.006500 0.011979
0 0.619375 0.224219 0.006250 0.011979
0 0.628375 0.256250 0.003750 0.012500
0 0.626750 0.272396 0.003500 0.012500
0 0.671750 0.516927 0.004500 0.010937
0 0.720125 0.401823 0.005750 0.011979
0 0.733000 0.426042 0.006000 0.011458
0 0.724125 0.435156 0.004250 0.006771
0 0.723750 0.442708 0.005000 0.010417
0 0.761500 0.366406 0.006500 0.011979
0 0.755875 0.379427 0.005750 0.008854
0 0.767000 0.621615 0.006000 0.010937
0 0.744875 0.650781 0.006250 0.010937
0 0.752000 0.650000 0.005000 0.010417
0 0.717000 0.688021 0.006500 0.011458
0 0.710875 0.705469 0.005750 0.008854
0 0.730125 0.718490 0.005250 0.010937
0 0.742375 0.736198 0.007250 0.008854
0 0.768875 0.733073 0.005750 0.011979
0 0.762250 0.698958 0.006000 0.012500
0 0.777000 0.699740 0.004500 0.013021
0 0.773500 0.701562 0.005000 0.010417
0 0.800125 0.689583 0.004750 0.012500
0 0.823375 0.674219 0.005750 0.010937
0 0.826000 0.699219 0.006000 0.014063
0 0.785375 0.660417 0.005250 0.015625
0 0.854250 0.626042 0.006000 0.012500
0 0.859250 0.687760 0.005500 0.010937
0 0.856125 0.694792 0.005750 0.013542
0 0.749250 0.848437 0.005500 0.014583
0 0.544500 0.676823 0.005000 0.013021
0 0.553875 0.704167 0.005750 0.010417
0 0.601500 0.728125 0.004500 0.009375
0 0.374250 0.632292 0.006500 0.011458
0 0.385000 0.656250 0.006500 0.011458
0 0.330625 0.648698 0.005750 0.011979
0 0.321500 0.657552 0.004000 0.013021
0 0.334750 0.673438 0.005000 0.012500
0 0.273125 0.632812 0.007750 0.011458
0 0.301500 0.651042 0.006000 0.011458
0 0.260750 0.502083 0.005000 0.010417
0 0.273125 0.566146 0.006750 0.012500
0 0.277250 0.509375 0.004000 0.008333
0 0.312375 0.623437 0.005750 0.009375
0 0.320250 0.617448 0.004000 0.009896
0 0.326750 0.627604 0.003500 0.011458
0 0.359375 0.667969 0.003750 0.011979
0 0.365375 0.654687 0.007250 0.008333
0 0.361625 0.659896 0.006250 0.011458
0 0.375500 0.654948 0.005500 0.009896
0 0.376375 0.672917 0.006250 0.009375
0 0.375375 0.665885 0.005250 0.010937
0 0.496750 0.261979 0.007500 0.015625
0 0.495875 0.361979 0.007750 0.011458
0 0.491625 0.394010 0.005250 0.014063
0 0.473875 0.325521 0.004250 0.011458
0 0.455625 0.348958 0.006250 0.012500
0 0.483750 0.389583 0.004500 0.011458
0 0.478000 0.372396 0.007500 0.015625
0 0.450375 0.116927 0.004250 0.016146
0 0.476625 0.017708 0.005750 0.014583
0 0.447500 0.007552 0.006000 0.015104
0 0.443250 0.182812 0.005000 0.013542
0 0.450500 0.203646 0.004000 0.013542
0 0.441750 0.247656 0.004000 0.011979
0 0.448750 0.225260 0.004500 0.013021
0 0.444750 0.226562 0.004000 0.007292
0 0.461875 0.170573 0.003750 0.015104
0 0.457375 0.144531 0.003250 0.011979
0 0.466750 0.275521 0.003000 0.011458
0 0.463875 0.269531 0.004250 0.017188
0 0.467875 0.235677 0.008250 0.018229
0 0.438625 0.169271 0.003250 0.011458
0 0.437875 0.157552 0.003750 0.011979
0 0.443625 0.127344 0.004750 0.013021
0 0.441125 0.112760 0.005250 0.016146
0 0.566750 0.179688 0.006500 0.013542
0 0.585875 0.178646 0.006750 0.011458
0 0.585250 0.158333 0.006000 0.011458
0 0.613875 0.168490 0.006750 0.011979
0 0.597500 0.127083 0.007000 0.011458
0 0.577375 0.125781 0.004250 0.015104
0 0.592500 0.110417 0.007500 0.010417
0 0.624625 0.082552 0.006750 0.016146
0 0.564000 0.088802 0.006000 0.010937
0 0.591875 0.017188 0.004750 0.012500
0 0.627125 0.008073 0.005750 0.014063
0 0.640875 0.017448 0.004750 0.011979
0 0.612000 0.006250 0.004000 0.012500
0 0.609625 0.015625 0.006250 0.019792
0 0.567625 0.030469 0.004250 0.013021
0 0.568625 0.022396 0.006250 0.009375
0 0.614500 0.285938 0.005000 0.006250
0 0.613375 0.278906 0.005750 0.009896
0 0.421875 0.012500 0.003750 0.008333
0 0.421750 0.004687 0.003500 0.008333
0 0.416000 0.057812 0.004000 0.009375
0 0.424250 0.120833 0.003500 0.005208
0 0.341125 0.689063 0.004250 0.006250
0 0.460250 0.741667 0.005000 0.005208
0 0.470125 0.327344 0.003750 0.007812
0 0.458125 0.180729 0.005750 0.012500
0 0.452625 0.213542 0.004250 0.006250
0 0.603375 0.108333 0.005750 0.013542
0 0.600375 0.102604 0.004750 0.011458
0 0.607500 0.091927 0.004000 0.013021
0 0.605625 0.083073 0.004750 0.013021
0 0.603625 0.094271 0.006750 0.005208
