0 0.002604 0.312750 0.005208 0.003500
0 0.007031 0.315625 0.010937 0.003750
0 0.014323 0.344500 0.015104 0.005500
0 0.038802 0.383375 0.011979 0.005750
0 0.069271 0.373500 0.012500 0.004500
0 0.006510 0.393500 0.011979 0.005500
0 0.081250 0.503125 0.013542 0.005250
0 0.121094 0.496875 0.007812 0.007750
0 0.148438 0.487125 0.011458 0.006250
0 0.090885 0.525750 0.008854 0.004000
0 0.168229 0.550375 0.013542 0.004750
0 0.241927 0.621750 0.013021 0.004000
0 0.225781 0.532250 0.011979 0.004000
0 0.225521 0.522750 0.009375 0.005500
0 0.207552 0.521625 0.007812 0.005250
0 0.200521 0.511625 0.010417 0.006250
0 0.191146 0.526875 0.005208 0.005250
0 0.195052 0.526500 0.007812 0.005500
0 0.378125 0.552875 0.014583 0.003750
0 0.407292 0.562625 0.006250 0.006250
0 0.408333 0.559625 0.006250 0.004250
0 0.404427 0.525250 0.007812 0.007000
0 0.371094 0.519500 0.009896 0.005000
0 0.367188 0.518250 0.006250 0.004500
0 0.393490 0.470750 0.005729 0.006500
0 0.398438 0.471125 0.005208 0.004750
0 0.343750 0.428500 0.005208 0.004500
0 0.340885 0.428250 0.007812 0.005500
0 0.364063 0.412375 0.014583 0.003750
0 0.350521 0.409375 0.010417 0.004750
0 0.344010 0.408375 0.009896 0.004750
0 0.392188 0.385250 0.007292 0.006500
0 0.364323 0.326125 0.013021 0.006250
0 0.425260 0.314625 0.009896 0.005750
0 0.440104 0.287250 0.011458 0.005500
0 0.400781 0.286375 0.008854 0.007750
0 0.369271 0.277375 0.011458 0.005750
0 0.389844 0.267125 0.009896 0.005750
0 0.378906 0.253125 0.009896 0.004250
0 0.364844 0.245000 0.010937 0.005500
0 0.322917 0.238625 0.013542 0.005250
0 0.371875 0.213250 0.011458 0.004000
0 0.399219 0.184750 0.010937 0.005000
0 0.431250 0.261875 0.005208 0.004750
0 0.427865 0.261000 0.005729 0.006000
0 0.415885 0.259500 0.011979 0.003000
0 0.414844 0.257125 0.010937 0.002250
0 0.469531 0.613875 0.010937 0.005250
0 0.492448 0.608500 0.008854 0.006500
0 0.526563 0.575125 0.008333 0.005250
0 0.530990 0.572125 0.006771 0.005250
0 0.547396 0.551625 0.003125 0.004250
0 0.549740 0.550625 0.004687 0.005750
0 0.553385 0.547000 0.007812 0.006000
0 0.579688 0.518875 0.007292 0.005750
0 0.590625 0.517125 0.005208 0.005250
0 0.594271 0.516750 0.005208 0.004500
0 0.569010 0.511750 0.011979 0.005500
0 0.561979 0.501625 0.012500 0.004250
0 0.561719 0.484250 0.007812 0.006000
0 0.567187 0.487375 0.013542 0.005250
0 0.567969 0.488250 0.007812 0.004000
0 0.566146 0.473625 0.010417 0.005250
0 0.557292 0.472875 0.007292 0.003250
0 0.556250 0.472125 0.010417 0.003750
0 0.567969 0.464750 0.013021 0.005000
0 0.573177 0.451625 0.011979 0.005250
0 0.651042 0.425125 0.010417 0.005250
0 0.639583 0.423500 0.010417 0.004500
0 0.628906 0.424750 0.009896 0.004000
0 0.679427 0.386625 0.008854 0.003250
0 0.686458 0.383750 0.008333 0.003000
0 0.679167 0.383875 0.007292 0.004250
0 0.840885 0.304875 0.010937 0.004250
0 0.815885 0.314125 0.007812 0.003250
0 0.776042 0.322000 0.011458 0.003500
0 0.824740 0.308500 0.005729 0.005000
0 0.828906 0.308625 0.004687 0.004750
0 0.782552 0.353000 0.010937 0.004000
0 0.769271 0.352875 0.008333 0.005750
0 0.748437 0.367500 0.008333 0.005500
0 0.748437 0.356250 0.008333 0.004000
0 0.747135 0.354750 0.008854 0.003000
0 0.681510 0.424000 0.010937 0.007000
0 0.681510 0.424125 0.008854 0.005750
0 0.634115 0.467875 0.004687 0.004750
0 0.630729 0.467625 0.006250 0.006750
0 0.688542 0.610250 0.008333 0.006000
0 0.714063 0.585250 0.008333 0.004500
0 0.577604 0.703250 0.006250 0.003500
0 0.665885 0.844500 0.008854 0.006500
0 0.831250 0.324250 0.009375 0.003500
