0 0.277604 0.273000 0.010417 0.006000
0 0.245052 0.281250 0.009896 0.004500
0 0.228906 0.290375 0.007812 0.005250
0 0.227344 0.303000 0.009896 0.004500
0 0.227083 0.308000 0.011458 0.005500
0 0.256510 0.305875 0.008854 0.005250
0 0.263021 0.299875 0.011458 0.004250
0 0.352344 0.284625 0.008854 0.005750
0 0.459115 0.318500 0.011979 0.007500
0 0.435156 0.335625 0.009896 0.007250
0 0.324219 0.347750 0.014063 0.007000
0 0.337500 0.384875 0.013542 0.006250
0 0.330729 0.380375 0.008333 0.005750
0 0.327344 0.378750 0.010937 0.004000
0 0.297656 0.382625 0.007812 0.006750
0 0.302344 0.386125 0.005729 0.005750
0 0.308073 0.389250 0.005729 0.007000
0 0.312760 0.386625 0.005729 0.006750
0 0.298698 0.406000 0.009896 0.007000
0 0.280990 0.390875 0.008854 0.006750
0 0.273438 0.386750 0.010417 0.006500
0 0.313802 0.397750 0.010937 0.004500
0 0.248698 0.393250 0.011979 0.006500
0 0.212500 0.395500 0.015625 0.005000
0 0.223958 0.405250 0.012500 0.007500
0 0.259635 0.405625 0.008854 0.006750
0 0.239323 0.428625 0.003646 0.004250
0 0.243750 0.428500 0.006250 0.005500
0 0.212760 0.419875 0.010937 0.005750
0 0.185156 0.418750 0.015104 0.004500
0 0.203125 0.409375 0.005208 0.004750
0 0.208594 0.409000 0.008854 0.006000
0 0.117188 0.422125 0.012500 0.006750
0 0.144792 0.438375 0.008333 0.007750
0 0.184896 0.448125 0.010417 0.005250
0 0.217448 0.510250 0.010937 0.005500
0 0.226562 0.475500 0.013542 0.006500
0 0.315104 0.568625 0.010417 0.006250
0 0.315104 0.557750 0.010417 0.008500
0 0.384375 0.505875 0.013542 0.005250
0 0.337240 0.504750 0.010937 0.006000
0 0.345833 0.479375 0.016667 0.006750
0 0.421615 0.489750 0.008854 0.006500
0 0.437500 0.472125 0.012500 0.007750
0 0.397135 0.517000 0.010937 0.003000
0 0.396615 0.519625 0.011979 0.002750
0 0.348438 0.455625 0.010417 0.007250
0 0.421354 0.459375 0.012500 0.004750
0 0.430729 0.457625 0.011458 0.004250
0 0.420052 0.454125 0.011979 0.004250
0 0.452865 0.439000 0.011979 0.006000
0 0.440625 0.439750 0.013542 0.004500
0 0.564323 0.325250 0.010937 0.007500
0 0.583854 0.329000 0.011458 0.006500
0 0.573958 0.347750 0.014583 0.004500
0 0.564844 0.360875 0.014063 0.005250
0 0.641927 0.386875 0.014063 0.006750
0 0.636979 0.423375 0.013542 0.008750
0 0.607812 0.421125 0.009375 0.006250
0 0.598177 0.423250 0.009896 0.006500
0 0.601823 0.433625 0.010937 0.006750
0 0.614062 0.433125 0.008333 0.006750
0 0.608333 0.433750 0.004167 0.006500
0 0.602865 0.443375 0.014063 0.004750
0 0.608073 0.451875 0.009896 0.005750
0 0.610938 0.455625 0.010417 0.003750
0 0.578125 0.467375 0.009375 0.006250
0 0.657031 0.447750 0.006771 0.006000
0 0.651302 0.446625 0.008854 0.005250
0 0.622917 0.474750 0.011458 0.003500
0 0.620313 0.477375 0.013542 0.004250
0 0.645312 0.490750 0.010417 0.006500
0 0.615625 0.495500 0.015625 0.003500
0 0.584115 0.514000 0.013021 0.004500
0 0.620052 0.501375 0.007812 0.005250
0 0.623958 0.499750 0.011458 0.004000
0 0.594010 0.502125 0.013021 0.002250
0 0.593229 0.500000 0.010417 0.002500
0 0.682552 0.479750 0.007812 0.003500
0 0.679688 0.478500 0.010417 0.005000
0 0.591927 0.551000 0.011979 0.004000
0 0.659375 0.557625 0.009375 0.004750
0 0.672135 0.555750 0.009896 0.007000
0 0.640885 0.602375 0.013021 0.003250
0 0.641927 0.600750 0.011979 0.003000
0 0.644010 0.636500 0.010937 0.005000
0 0.633073 0.319125 0.013021 0.004250
0 0.650781 0.324000 0.017188 0.003500
0 0.699479 0.332625 0.012500 0.007250
0 0.699479 0.344375 0.013542 0.006750
0 0.743750 0.365875 0.009375 0.006750
0 0.738281 0.361000 0.007812 0.006000
0 0.734896 0.360250 0.006250 0.004000
0 0.793229 0.363750 0.011458 0.007500
0 0.801042 0.375125 0.007292 0.006250
0 0.805469 0.373500 0.006771 0.007500
0 0.822396 0.378875 0.015625 0.005750
0 0.797135 0.394000 0.009896 0.007500
0 0.779948 0.409625 0.009896 0.005250
0 0.804427 0.407250 0.008854 0.006500
0 0.808594 0.406125 0.009896 0.005750
0 0.882031 0.390125 0.009896 0.005250
0 0.873958 0.386250 0.016667 0.004000
0 0.855208 0.422750 0.008333 0.006000
0 0.866927 0.424125 0.009896 0.004750
0 0.874740 0.035250 0.016146 0.011500
