0 0.082031 0.522625 0.022396 0.005750
0 0.264062 0.400500 0.010417 0.008000
0 0.527865 0.601625 0.006771 0.007750
0 0.522656 0.601500 0.005729 0.007000
0 0.526042 0.593750 0.014583 0.006000
0 0.551823 0.542000 0.014063 0.006500
0 0.539844 0.538250 0.010937 0.006500
0 0.534375 0.535750 0.011458 0.006500
0 0.540625 0.529750 0.008333 0.006500
0 0.562500 0.517250 0.015625 0.006500
0 0.576823 0.483875 0.008854 0.008750
0 0.571354 0.484000 0.008333 0.006000
0 0.491406 0.332500 0.016146 0.010000
0 0.626563 0.634875 0.017708 0.005250
0 0.645833 0.624375 0.012500 0.005250
0 0.667188 0.621500 0.016667 0.004500
0 0.680990 0.617750 0.014063 0.004000
0 0.681250 0.614750 0.015625 0.003500
0 0.694271 0.613500 0.015625 0.004500
0 0.738281 0.599375 0.014063 0.004250
0 0.737760 0.596125 0.018229 0.003750
0 0.739323 0.593750 0.015104 0.003000
0 0.838021 0.568500 0.013542 0.006000
0 0.841927 0.567250 0.015104 0.006000
0 0.933854 0.542375 0.017708 0.004750
0 0.793750 0.599125 0.016667 0.007250
0 0.814063 0.592375 0.008333 0.004250
0 0.807552 0.591750 0.013021 0.005000
0 0.791927 0.652625 0.015104 0.005250
0 0.988021 0.667250 0.016667 0.005500
0 0.725260 0.693625 0.015104 0.007250
