0 0.146500 0.525521 0.008000 0.017708
0 0.152250 0.449479 0.008000 0.011458
0 0.153125 0.446094 0.006250 0.009896
0 0.211375 0.515625 0.007250 0.015625
0 0.209250 0.529948 0.007000 0.007812
0 0.209375 0.525781 0.007750 0.007812
0 0.230625 0.555469 0.007250 0.014063
0 0.240375 0.552083 0.005250 0.011458
0 0.242875 0.547917 0.005750 0.016667
0 0.263000 0.609115 0.007000 0.017188
0 0.266000 0.650000 0.006500 0.020833
0 0.250500 0.626563 0.004500 0.015625
0 0.246750 0.630469 0.004500 0.018229
0 0.355500 0.578385 0.003500 0.015104
0 0.357875 0.577865 0.002750 0.010937
0 0.347375 0.444010 0.007750 0.011979
0 0.352250 0.437500 0.003500 0.013542
0 0.355000 0.435937 0.004000 0.015625
0 0.357250 0.435677 0.004000 0.011979
0 0.349750 0.430729 0.008000 0.011458
0 0.346625 0.385677 0.007750 0.010937
0 0.342125 0.382812 0.003750 0.012500
0 0.392500 0.331510 0.005000 0.017188
0 0.359000 0.268229 0.007500 0.016667
0 0.326250 0.258594 0.006500 0.014063
0 0.339375 0.244531 0.007750 0.014063
0 0.342750 0.124740 0.011000 0.011979
0 0.365500 0.074740 0.009000 0.014063
0 0.412375 0.614323 0.005250 0.006771
0 0.412375 0.608333 0.005250 0.008333
0 0.426500 0.579688 0.007000 0.008333
0 0.440125 0.585156 0.005750 0.015104
0 0.442125 0.540104 0.005750 0.015625
0 0.451500 0.550781 0.006000 0.013021
0 0.458875 0.553646 0.005750 0.014583
0 0.459750 0.540885 0.008500 0.007812
0 0.458250 0.524219 0.009000 0.011979
0 0.501875 0.527344 0.009750 0.010937
0 0.504125 0.513021 0.007750 0.014583
0 0.476750 0.491146 0.007000 0.016667
0 0.489250 0.449219 0.005000 0.016146
0 0.488875 0.431510 0.004250 0.016146
0 0.494625 0.451042 0.004250 0.015625
0 0.496875 0.452344 0.003250 0.013021
0 0.499250 0.453125 0.004000 0.015625
0 0.511750 0.404687 0.006500 0.019792
0 0.511250 0.379167 0.009500 0.011458
0 0.576500 0.363021 0.006000 0.020833
0 0.547000 0.266406 0.010500 0.014063
0 0.567875 0.241146 0.007250 0.017708
0 0.556875 0.090625 0.009750 0.010417
0 0.562500 0.114844 0.008500 0.017188
0 0.541875 0.144792 0.006750 0.023958
0 0.513625 0.247135 0.009250 0.014063
0 0.501625 0.301563 0.008250 0.009375
0 0.494125 0.287760 0.006750 0.015104
0 0.508000 0.316406 0.006500 0.018229
0 0.517375 0.307552 0.005250 0.014063
0 0.483875 0.377865 0.003750 0.016146
0 0.488000 0.398698 0.007500 0.009896
0 0.490125 0.383854 0.004250 0.017708
0 0.486625 0.381771 0.004250 0.011458
0 0.481500 0.394010 0.004500 0.016146
0 0.477875 0.395052 0.003750 0.011979
0 0.495625 0.375260 0.006250 0.007812
0 0.495250 0.369792 0.004500 0.008333
0 0.458250 0.485417 0.005500 0.006250
0 0.457500 0.491146 0.006500 0.007292
0 0.473625 0.681250 0.007250 0.009375
0 0.473500 0.675260 0.007500 0.006771
0 0.474500 0.671875 0.006500 0.004167
0 0.508375 0.643490 0.006750 0.016146
0 0.523375 0.655208 0.007750 0.010417
0 0.519250 0.652344 0.004500 0.011979
0 0.495625 0.606771 0.008250 0.008333
0 0.533750 0.585156 0.006500 0.011979
0 0.551125 0.643490 0.007250 0.007812
0 0.551750 0.639062 0.007000 0.007292
0 0.557500 0.628385 0.004000 0.017188
0 0.575000 0.620313 0.007000 0.011458
0 0.573750 0.607031 0.004000 0.013021
0 0.574625 0.599740 0.006750 0.007812
0 0.574625 0.595833 0.006250 0.007292
0 0.564125 0.602083 0.005250 0.014583
0 0.591125 0.594531 0.005250 0.013021
0 0.599125 0.598437 0.008250 0.008333
0 0.606750 0.591406 0.004500 0.015104
0 0.602375 0.592187 0.006250 0.009375
0 0.606375 0.501302 0.008750 0.008854
0 0.643625 0.515625 0.005750 0.011458
0 0.659250 0.515365 0.008000 0.009896
0 0.670750 0.542708 0.006500 0.012500
0 0.655375 0.528906 0.008750 0.011979
0 0.714625 0.508594 0.008750 0.010937
0 0.592625 0.638542 0.003750 0.015625
0 0.590625 0.638021 0.003750 0.011458
0 0.571375 0.674479 0.006250 0.013542
0 0.555375 0.676823 0.008250 0.016146
0 0.526375 0.688021 0.006250 0.016667
0 0.497250 0.757031 0.004500 0.017188
0 0.560125 0.751302 0.006750 0.008854
0 0.567375 0.754687 0.006250 0.008333
0 0.565500 0.763542 0.006000 0.008333
0 0.574625 0.785417 0.006250 0.012500
0 0.564750 0.784635 0.004500 0.016146
0 0.629500 0.770573 0.006500 0.013021
0 0.590375 0.834115 0.005250 0.009896
0 0.581000 0.840625 0.005500 0.014583
0 0.548375 0.803906 0.006750 0.009896
0 0.545375 0.799219 0.007250 0.006771
