0 0.094375 0.794271 0.007750 0.009375
0 0.233000 0.572917 0.006000 0.016667
0 0.309375 0.710677 0.007250 0.018229
0 0.340250 0.701562 0.006000 0.018750
0 0.354250 0.717187 0.006500 0.006250
0 0.353875 0.710938 0.007750 0.007292
0 0.359500 0.622917 0.004500 0.012500
0 0.324250 0.650260 0.010000 0.010937
0 0.420000 0.553125 0.007000 0.012500
0 0.461625 0.521615 0.006250 0.009896
0 0.459500 0.510677 0.005500 0.008854
0 0.456250 0.517969 0.005000 0.007812
0 0.450875 0.514323 0.005750 0.011979
0 0.398250 0.470573 0.006000 0.014063
0 0.413125 0.485937 0.005250 0.009375
0 0.415125 0.484115 0.006750 0.010937
0 0.333625 0.483854 0.006250 0.017708
0 0.341875 0.475000 0.006750 0.011458
0 0.360375 0.482031 0.006750 0.011979
0 0.355625 0.461458 0.007250 0.014583
0 0.367625 0.440104 0.005750 0.011458
0 0.350125 0.438021 0.005250 0.010417
0 0.343250 0.423177 0.006000 0.014063
0 0.335250 0.414583 0.007500 0.012500
0 0.394500 0.502865 0.008000 0.015104
0 0.458875 0.414062 0.004250 0.011458
0 0.463875 0.417708 0.005750 0.010417
0 0.464250 0.410938 0.005500 0.009375
0 0.453250 0.336979 0.006500 0.013542
0 0.414125 0.320833 0.008250 0.018750
0 0.405500 0.271354 0.003500 0.012500
0 0.409625 0.272917 0.005750 0.015625
0 0.431875 0.271875 0.004750 0.006250
0 0.431375 0.265885 0.007750 0.006771
0 0.392000 0.228125 0.006000 0.013542
0 0.386375 0.212760 0.007750 0.008854
0 0.390375 0.202604 0.003750 0.012500
0 0.392375 0.217188 0.004250 0.013542
0 0.395250 0.215104 0.004500 0.016667
0 0.353875 0.024219 0.009250 0.019271
0 0.507000 0.383594 0.006500 0.013021
0 0.493875 0.350521 0.003750 0.010417
0 0.496375 0.348438 0.003750 0.014583
0 0.500375 0.332813 0.005750 0.014583
0 0.473750 0.298958 0.004000 0.013542
0 0.470875 0.279167 0.006250 0.013542
0 0.503500 0.297396 0.004500 0.007292
0 0.506500 0.292969 0.003500 0.013021
0 0.469125 0.227604 0.004250 0.014583
0 0.499375 0.233594 0.002250 0.011979
0 0.497375 0.233073 0.001750 0.014063
0 0.481125 0.183854 0.006750 0.011458
0 0.482875 0.127344 0.003750 0.013021
0 0.446375 0.090365 0.006250 0.007812
0 0.453875 0.098437 0.005250 0.009375
0 0.461250 0.061458 0.006000 0.010417
0 0.559750 0.416927 0.006500 0.013021
0 0.551750 0.334375 0.005000 0.011458
0 0.540375 0.292448 0.005750 0.007812
0 0.588625 0.279167 0.002750 0.006250
