0 0.069792 0.631250 0.028125 0.013000
0 0.101042 0.638250 0.025000 0.012000
0 0.153646 0.647375 0.023958 0.010250
0 0.188542 0.637500 0.026042 0.013500
0 0.310937 0.636250 0.026042 0.012000
0 0.234635 0.592375 0.027604 0.013750
0 0.233594 0.595250 0.020313 0.012500
0 0.267448 0.581000 0.020313 0.009000
0 0.277865 0.589875 0.020313 0.008750
0 0.282292 0.545625 0.038542 0.014750
0 0.280469 0.547875 0.023438 0.010250
0 0.208594 0.460875 0.016146 0.009250
0 0.233073 0.457625 0.021354 0.010250
0 0.241406 0.447875 0.022396 0.010250
0 0.202344 0.447250 0.036979 0.012500
0 0.147917 0.406875 0.028125 0.009750
0 0.383594 0.644875 0.019271 0.010750
0 0.446354 0.628250 0.020833 0.007000
0 0.438542 0.658500 0.025000 0.013000
0 0.477604 0.702375 0.026042 0.016250
0 0.498437 0.692125 0.031250 0.013250
0 0.461719 0.682625 0.023438 0.008250
0 0.510938 0.649250 0.017708 0.011000
0 0.523958 0.653000 0.016667 0.012000
0 0.541927 0.648750 0.030729 0.012000
0 0.563542 0.698875 0.021875 0.009250
0 0.641667 0.720875 0.035417 0.016250
0 0.641146 0.724500 0.036458 0.013500
0 0.716927 0.731875 0.027604 0.015250
0 0.877344 0.572375 0.032813 0.009250
0 0.485937 0.602000 0.025000 0.012000
0 0.545833 0.599750 0.027083 0.008500
0 0.519792 0.601750 0.027083 0.012500
0 0.572396 0.560375 0.026042 0.010250
0 0.591406 0.550000 0.020313 0.008000
0 0.623958 0.569000 0.025000 0.011500
0 0.628125 0.558500 0.023958 0.007500
0 0.647917 0.549750 0.017708 0.012000
0 0.605469 0.532125 0.034896 0.011250
0 0.659115 0.529125 0.031771 0.009750
0 0.656771 0.520875 0.025000 0.009750
0 0.411979 0.567500 0.028125 0.012500
0 0.408073 0.567125 0.031771 0.013250
0 0.390885 0.549750 0.029687 0.012000
0 0.385156 0.540250 0.020313 0.008000
0 0.411719 0.546000 0.019271 0.011000
0 0.417969 0.528500 0.022396 0.011000
0 0.362500 0.525375 0.022917 0.009750
0 0.400521 0.518500 0.021875 0.008000
0 0.405469 0.500000 0.022396 0.010500
0 0.427083 0.504375 0.022917 0.010250
0 0.428125 0.511500 0.029167 0.012500
0 0.365885 0.491625 0.029687 0.010750
0 0.343229 0.457875 0.025000 0.009750
0 0.385417 0.463875 0.027083 0.011750
0 0.379167 0.463375 0.026042 0.010750
0 0.408594 0.478500 0.019271 0.011000
0 0.453646 0.473875 0.021875 0.010250
0 0.407812 0.456000 0.027083 0.013500
0 0.423437 0.446375 0.027083 0.008750
0 0.451562 0.453750 0.023958 0.012500
0 0.453646 0.443000 0.028125 0.011500
0 0.722135 0.494250 0.030729 0.012000
0 0.774219 0.497375 0.019271 0.010250
0 0.792448 0.474125 0.032813 0.016250
0 0.786458 0.473125 0.041667 0.018250
0 0.821615 0.443500 0.021354 0.010500
0 0.987760 0.443000 0.020313 0.011500
0 0.751042 0.409375 0.025000 0.009250
0 0.767188 0.402375 0.023958 0.009750
0 0.456510 0.425500 0.010937 0.013500
0 0.483333 0.431375 0.014583 0.009750
0 0.487760 0.425750 0.021354 0.013000
0 0.500260 0.421750 0.021354 0.013500
0 0.473958 0.420125 0.039583 0.014750
0 0.466667 0.406875 0.025000 0.014250
0 0.486979 0.407000 0.015625 0.012500
0 0.497917 0.397250 0.016667 0.013500
0 0.522656 0.416000 0.019271 0.014000
0 0.541927 0.409000 0.017188 0.011000
0 0.445833 0.397000 0.021875 0.011000
0 0.451302 0.387500 0.021354 0.010500
0 0.478125 0.381750 0.027083 0.013000
0 0.510938 0.367625 0.029167 0.020750
0 0.505208 0.366375 0.022917 0.015750
0 0.586719 0.359750 0.022396 0.012500
0 0.453646 0.355125 0.023958 0.009750
0 0.468490 0.327250 0.017188 0.013500
0 0.524479 0.340125 0.025000 0.015750
0 0.544792 0.327750 0.036458 0.017000
0 0.464583 0.288625 0.029167 0.011250
0 0.492708 0.278250 0.022917 0.011500
0 0.532292 0.272125 0.036458 0.016250
0 0.536979 0.272875 0.038542 0.015750
0 0.510938 0.241250 0.029167 0.011500
0 0.509896 0.242875 0.025000 0.010250
0 0.121354 0.384500 0.017708 0.011000
0 0.150260 0.389625 0.021354 0.009250
0 0.130469 0.363250 0.024479 0.013000
0 0.063281 0.292375 0.019271 0.008250
