0 0.003385 0.612125 0.006771 0.004250
0 0.010417 0.613750 0.008333 0.005000
0 0.015365 0.612875 0.007812 0.003750
0 0.028385 0.617000 0.010937 0.004500
0 0.031771 0.622375 0.018750 0.004250
0 0.038802 0.627500 0.016146 0.004000
0 0.035417 0.612750 0.008333 0.004000
0 0.058333 0.615625 0.007292 0.004750
0 0.098698 0.629250 0.009896 0.004000
0 0.104167 0.629000 0.009375 0.005000
0 0.101823 0.621625 0.011979 0.004750
0 0.146615 0.622625 0.015104 0.004250
0 0.160938 0.633875 0.014583 0.004750
0 0.170052 0.629250 0.007812 0.004500
0 0.175781 0.630375 0.009896 0.004250
0 0.178906 0.630000 0.008854 0.004500
0 0.189583 0.635250 0.007292 0.005500
0 0.205469 0.636500 0.011979 0.004500
0 0.238542 0.638250 0.007292 0.005500
0 0.223177 0.627875 0.014063 0.004250
0 0.205990 0.632625 0.014063 0.002750
0 0.206771 0.631250 0.012500 0.003000
0 0.218750 0.634125 0.011458 0.004250
0 0.217969 0.637125 0.010937 0.004250
0 0.381250 0.593250 0.011458 0.007000
0 0.309375 0.573125 0.008333 0.006750
0 0.302604 0.568125 0.008333 0.005250
0 0.241146 0.540500 0.009375 0.008000
0 0.230208 0.541500 0.014583 0.005500
0 0.219271 0.519375 0.012500 0.006750
0 0.211719 0.515000 0.006771 0.006000
0 0.203385 0.525750 0.009896 0.008000
0 0.191406 0.504000 0.004687 0.006000
0 0.195833 0.503250 0.006250 0.007500
0 0.126823 0.492000 0.010937 0.007500
0 0.048698 0.499375 0.008854 0.005250
0 0.137240 0.465250 0.009896 0.007000
0 0.114323 0.466750 0.007812 0.007000
0 0.107031 0.464875 0.009896 0.006750
0 0.038021 0.430000 0.006250 0.007000
0 0.032813 0.429750 0.006250 0.006000
0 0.046875 0.415250 0.010417 0.004500
0 0.046875 0.409375 0.008333 0.007750
0 0.071875 0.404625 0.010417 0.005750
0 0.059375 0.393875 0.012500 0.006250
0 0.061719 0.392500 0.010937 0.005500
0 0.025521 0.311875 0.013542 0.007750
0 0.189583 0.410750 0.012500 0.004500
0 0.192448 0.430000 0.013021 0.005000
0 0.210677 0.434625 0.015104 0.006750
0 0.202604 0.443000 0.009375 0.006500
0 0.197656 0.444625 0.010937 0.005750
0 0.190625 0.461500 0.008333 0.006500
0 0.181771 0.461375 0.009375 0.005750
0 0.174740 0.471875 0.014063 0.006750
0 0.193229 0.475750 0.011458 0.006500
0 0.216146 0.479500 0.012500 0.006000
0 0.216667 0.475500 0.010417 0.006500
0 0.225000 0.471875 0.014583 0.006750
0 0.214323 0.493000 0.014063 0.006500
0 0.241927 0.500125 0.009896 0.005250
0 0.245312 0.499000 0.011458 0.006500
0 0.273177 0.490375 0.014063 0.004250
0 0.341927 0.569375 0.014063 0.007250
0 0.500521 0.583000 0.009375 0.006500
0 0.470833 0.513125 0.015625 0.006750
0 0.466667 0.511000 0.010417 0.005500
0 0.433333 0.476875 0.015625 0.007750
0 0.475000 0.473000 0.010417 0.007000
0 0.418229 0.449500 0.013542 0.006000
0 0.443750 0.409500 0.009375 0.007500
0 0.429688 0.409500 0.014583 0.006000
0 0.391927 0.387625 0.011979 0.005750
0 0.378906 0.370750 0.013021 0.004500
0 0.417448 0.378625 0.010937 0.006250
0 0.422656 0.371250 0.009896 0.009500
0 0.466927 0.390250 0.008854 0.008000
0 0.461198 0.390000 0.006771 0.006000
0 0.487760 0.359000 0.009896 0.007500
0 0.480729 0.356875 0.010417 0.007250
0 0.467448 0.357500 0.015104 0.006000
0 0.448698 0.360375 0.015104 0.005750
0 0.481510 0.338625 0.011979 0.008750
0 0.439062 0.329875 0.009375 0.009250
0 0.430990 0.312500 0.009896 0.009000
0 0.496094 0.268000 0.006771 0.010000
0 0.489844 0.268625 0.005729 0.007750
0 0.498177 0.189750 0.010937 0.009500
0 0.474219 0.166500 0.007812 0.008000
0 0.464844 0.164375 0.006771 0.008750
0 0.462500 0.163750 0.016667 0.003500
0 0.429688 0.162125 0.016667 0.006750
0 0.477865 0.153250 0.011979 0.007500
0 0.458594 0.152875 0.017188 0.004250
0 0.466406 0.150500 0.009896 0.006000
0 0.457813 0.147250 0.012500 0.008000
0 0.447135 0.147750 0.016146 0.005500
0 0.468229 0.144750 0.007292 0.007500
0 0.468490 0.139500 0.006771 0.007500
0 0.476042 0.141750 0.008333 0.009500
0 0.453646 0.131375 0.009375 0.006750
0 0.440885 0.133750 0.011979 0.004000
0 0.441927 0.131000 0.014063 0.004500
0 0.425781 0.118125 0.008854 0.007250
0 0.403906 0.118750 0.011979 0.006500
0 0.409115 0.108000 0.014063 0.005500
0 0.419792 0.104375 0.012500 0.004750
0 0.423958 0.108250 0.010417 0.007500
0 0.429948 0.113750 0.003646 0.008500
0 0.434635 0.113750 0.005729 0.008000
0 0.559635 0.153500 0.014063 0.011000
0 0.579948 0.181125 0.015104 0.005750
0 0.621354 0.183625 0.016667 0.006750
0 0.583073 0.206625 0.009896 0.008250
0 0.528646 0.313875 0.015625 0.006250
0 0.602865 0.330500 0.008854 0.007000
0 0.499479 0.422375 0.009375 0.006250
0 0.504167 0.421125 0.005208 0.004750
0 0.498437 0.459250 0.013542 0.007500
0 0.642448 0.580500 0.010937 0.004000
0 0.667708 0.555375 0.012500 0.003750
0 0.663802 0.551500 0.011979 0.004500
0 0.676302 0.547625 0.010937 0.007250
0 0.708333 0.547875 0.013542 0.006250
0 0.799479 0.476750 0.011458 0.007500
0 0.792448 0.449125 0.013021 0.006750
0 0.878385 0.454000 0.015104 0.005500
0 0.922396 0.405625 0.015625 0.007750
0 0.895573 0.392625 0.013021 0.006750
0 0.964062 0.393875 0.005208 0.006250
0 0.971094 0.393125 0.008854 0.006750
0 0.966406 0.389375 0.017188 0.004250
0 0.623437 0.645000 0.015625 0.004000
0 0.667969 0.643000 0.009896 0.005000
0 0.751563 0.640500 0.008333 0.003500
0 0.760677 0.640250 0.009896 0.004000
0 0.775260 0.636250 0.014063 0.004500
0 0.796615 0.637250 0.009896 0.003500
0 0.808594 0.636500 0.015104 0.004000
0 0.806250 0.631125 0.009375 0.005250
0 0.795312 0.634125 0.009375 0.003750
0 0.816406 0.632125 0.006771 0.003250
0 0.818229 0.629125 0.013542 0.003250
0 0.829688 0.628750 0.010417 0.003500
0 0.820833 0.624125 0.010417 0.004750
0 0.842969 0.625000 0.008854 0.005000
0 0.852344 0.625375 0.009896 0.003750
0 0.853125 0.620500 0.010417 0.004500
0 0.860677 0.622375 0.013021 0.003250
0 0.870833 0.626000 0.012500 0.003500
0 0.880729 0.625125 0.010417 0.004250
0 0.881250 0.619750 0.007292 0.004500
0 0.875000 0.618250 0.011458 0.003500
0 0.871875 0.621875 0.010417 0.004250
0 0.905469 0.615625 0.009896 0.004250
0 0.853906 0.632875 0.013021 0.004750
