0 0.636875 0.192188 0.012750 0.037500
0 0.647250 0.255469 0.008000 0.029687
0 0.673000 0.214323 0.013500 0.022396
0 0.605875 0.294792 0.010750 0.034375
0 0.555750 0.278385 0.007500 0.016146
0 0.544625 0.290885 0.006750 0.020313
0 0.538875 0.283073 0.009250 0.014063
0 0.540875 0.268229 0.007250 0.016667
0 0.637375 0.541667 0.005750 0.015625
0 0.545875 0.573958 0.006250 0.015625
0 0.525125 0.570052 0.006250 0.014063
0 0.523875 0.581250 0.007750 0.014583
0 0.572375 0.786979 0.005250 0.015625
0 0.567750 0.870573 0.004500 0.014063
0 0.523000 0.830729 0.006500 0.017708
0 0.635500 0.929427 0.005000 0.016146
0 0.522875 0.852865 0.004250 0.013021
0 0.478500 0.816146 0.010000 0.020833
0 0.485625 0.784115 0.008750 0.020313
0 0.484375 0.782292 0.008250 0.013542
0 0.451125 0.752083 0.006750 0.015625
0 0.442000 0.728906 0.008500 0.014063
0 0.440125 0.739062 0.006250 0.013542
0 0.443750 0.748437 0.006000 0.014583
0 0.460375 0.714844 0.006250 0.011979
0 0.460500 0.706510 0.007000 0.013021
0 0.426875 0.753385 0.004750 0.011979
0 0.419250 0.727344 0.004000 0.014063
0 0.423625 0.719010 0.005750 0.011979
0 0.424125 0.708854 0.005750 0.013542
0 0.415625 0.708333 0.004750 0.017708
0 0.408500 0.738802 0.007000 0.013021
0 0.408125 0.738281 0.007250 0.011979
0 0.403375 0.729167 0.006250 0.012500
0 0.396250 0.722396 0.008000 0.014583
0 0.402500 0.707031 0.006000 0.011979
0 0.407125 0.704167 0.005750 0.012500
0 0.407750 0.694792 0.007500 0.013542
0 0.382125 0.708854 0.007750 0.011458
0 0.382125 0.677604 0.006750 0.012500
0 0.444125 0.748698 0.004750 0.011979
0 0.440000 0.740625 0.006000 0.010417
0 0.514750 0.825260 0.005000 0.016146
0 0.514250 0.826823 0.007000 0.013021
0 0.511000 0.844792 0.005000 0.014583
0 0.406375 0.519271 0.007750 0.014583
0 0.407000 0.557813 0.007000 0.016667
0 0.407250 0.561458 0.005500 0.012500
0 0.411000 0.551823 0.006500 0.014063
0 0.402250 0.580729 0.007000 0.013542
0 0.409250 0.581250 0.006500 0.013542
0 0.450625 0.602604 0.008250 0.014583
0 0.449875 0.572135 0.004750 0.017188
0 0.455375 0.573438 0.004250 0.015625
0 0.459875 0.569271 0.003750 0.013542
0 0.465375 0.572396 0.006750 0.013542
0 0.478000 0.570833 0.008500 0.020833
0 0.477250 0.572396 0.007000 0.011458
0 0.491250 0.542448 0.006500 0.013021
0 0.498500 0.581250 0.007000 0.016667
0 0.475375 0.537760 0.006250 0.013021
0 0.466250 0.547396 0.006500 0.013542
0 0.466125 0.548438 0.006250 0.010417
0 0.444125 0.538021 0.008250 0.018750
0 0.442875 0.539844 0.006750 0.014063
0 0.447000 0.408073 0.007000 0.018229
0 0.447125 0.409375 0.007250 0.014583
0 0.434625 0.367969 0.007750 0.010937
0 0.424500 0.381771 0.006000 0.012500
0 0.426375 0.390625 0.005250 0.012500
0 0.427625 0.400260 0.007750 0.013021
0 0.423375 0.413021 0.006750 0.011458
0 0.419125 0.407292 0.006750 0.011458
0 0.409250 0.407812 0.005000 0.014583
0 0.413750 0.413281 0.004500 0.015104
0 0.415125 0.401302 0.006750 0.013021
0 0.419375 0.394271 0.005750 0.014583
0 0.385500 0.447656 0.006500 0.015104
0 0.392875 0.443229 0.007250 0.014583
0 0.392125 0.443490 0.004750 0.011979
0 0.394625 0.430990 0.006750 0.013021
0 0.400250 0.435677 0.005000 0.013021
0 0.401250 0.423958 0.007000 0.015625
0 0.402375 0.425521 0.005250 0.012500
0 0.519875 0.254167 0.005250 0.015625
0 0.517625 0.270313 0.007750 0.016667
0 0.518375 0.269531 0.004250 0.014063
0 0.511250 0.108073 0.005000 0.017188
0 0.429500 0.069271 0.004000 0.014583
0 0.412750 0.107292 0.009500 0.013542
0 0.435250 0.064323 0.006500 0.013021
0 0.350000 0.808854 0.004500 0.018750
0 0.354750 0.816406 0.006000 0.019271
0 0.355250 0.815885 0.005000 0.014063
0 0.361625 0.824740 0.005750 0.011979
0 0.358375 0.837500 0.006750 0.023958
0 0.365250 0.869271 0.005500 0.018750
0 0.369125 0.870052 0.004250 0.016146
0 0.317875 0.610677 0.005750 0.015104
0 0.320875 0.620833 0.004250 0.016667
0 0.328625 0.632292 0.007250 0.016667
0 0.332750 0.636198 0.007000 0.014063
0 0.352000 0.657813 0.004500 0.017708
0 0.354375 0.647396 0.005750 0.017708
0 0.359250 0.656510 0.006000 0.015104
0 0.361500 0.666667 0.007000 0.012500
0 0.317000 0.685677 0.006500 0.014063
0 0.366125 0.473698 0.004750 0.015104
0 0.373250 0.435937 0.007500 0.013542
0 0.353500 0.355208 0.006500 0.016667
0 0.322750 0.344792 0.008000 0.016667
0 0.323000 0.345052 0.007000 0.013021
0 0.322250 0.385937 0.007000 0.011458
0 0.322125 0.379167 0.008750 0.011458
0 0.323625 0.376042 0.007250 0.011458
0 0.322750 0.369531 0.006500 0.011979
0 0.325750 0.364323 0.006000 0.013021
0 0.332125 0.247656 0.006750 0.014063
0 0.350500 0.240365 0.006000 0.013021
0 0.345000 0.229687 0.004000 0.014583
0 0.359750 0.169531 0.006500 0.020313
0 0.359875 0.171354 0.006750 0.015625
0 0.365000 0.148177 0.005500 0.015104
