0 0.348177 0.523250 0.016146 0.005500
0 0.237500 0.483000 0.008333 0.005000
0 0.080208 0.408250 0.005208 0.005000
0 0.085417 0.406500 0.010417 0.003500
0 0.101562 0.414125 0.011458 0.005750
0 0.104688 0.425375 0.008333 0.006250
0 0.152865 0.272750 0.011979 0.005000
0 0.184896 0.307125 0.011458 0.004750
0 0.213542 0.335625 0.011458 0.005750
0 0.335417 0.422125 0.014583 0.004750
0 0.344531 0.432125 0.010937 0.003750
0 0.599479 0.365875 0.010417 0.005250
0 0.639844 0.322750 0.009896 0.007000
0 0.588281 0.305500 0.013021 0.004000
0 0.582292 0.302750 0.006250 0.004500
0 0.583854 0.293375 0.009375 0.005250
0 0.641667 0.298500 0.007292 0.005500
0 0.539844 0.241500 0.008854 0.004500
0 0.528385 0.223875 0.009896 0.004250
0 0.748437 0.086000 0.012500 0.006500
0 0.904167 0.320625 0.008333 0.006750
0 0.895052 0.346125 0.008854 0.006250
0 0.921615 0.347375 0.007812 0.006250
0 0.620313 0.410000 0.009375 0.002500
0 0.722396 0.405875 0.006250 0.003750
0 0.682552 0.443875 0.005729 0.004250
0 0.824479 0.394875 0.009375 0.005750
0 0.795573 0.414125 0.010937 0.006750
0 0.754687 0.459250 0.010417 0.004000
0 0.741667 0.466125 0.010417 0.004750
0 0.741927 0.457125 0.013021 0.002250
0 0.742448 0.459375 0.011979 0.003250
0 0.636719 0.518000 0.007812 0.005500
0 0.645052 0.512875 0.014063 0.003250
0 0.644271 0.516500 0.009375 0.004500
0 0.592187 0.546250 0.010417 0.005500
0 0.567448 0.576250 0.008854 0.004000
0 0.582031 0.573625 0.008854 0.004250
0 0.591146 0.577750 0.012500 0.004000
0 0.596094 0.574750 0.009896 0.004000
0 0.598698 0.572750 0.011979 0.003500
0 0.698177 0.558125 0.013021 0.006750
0 0.835156 0.535750 0.010937 0.005500
0 0.830469 0.540125 0.011979 0.005750
0 0.846094 0.580875 0.008854 0.004750
0 0.531771 0.089875 0.008333 0.005750
0 0.115625 0.164875 0.009375 0.006750
0 0.500781 0.144250 0.009896 0.005000
