0 0.410500 0.565885 0.007000 0.009896
0 0.393375 0.879687 0.005250 0.016667
0 0.463125 0.458333 0.004750 0.008333
0 0.477250 0.501302 0.004500 0.006771
0 0.479625 0.497917 0.004250 0.010417
0 0.480750 0.516927 0.006500 0.011979
0 0.501500 0.591406 0.004000 0.014063
0 0.498875 0.606771 0.005250 0.011458
0 0.495625 0.624219 0.004750 0.013021
0 0.532625 0.721875 0.004750 0.016667
0 0.538375 0.745052 0.004250 0.015104
0 0.526500 0.782031 0.005000 0.015104
0 0.526125 0.779427 0.007750 0.016146
0 0.537875 0.895312 0.007250 0.010417
0 0.463750 0.388802 0.005500 0.015104
0 0.450250 0.280469 0.006500 0.014063
0 0.474250 0.314583 0.008500 0.018750
0 0.472750 0.314844 0.005500 0.010937
0 0.479875 0.327344 0.006750 0.011979
0 0.501500 0.364063 0.007000 0.010417
0 0.514375 0.407292 0.003750 0.011458
0 0.517125 0.407031 0.003750 0.010937
0 0.516375 0.420052 0.008250 0.011979
0 0.524875 0.433854 0.009750 0.017708
0 0.523125 0.434375 0.006750 0.012500
0 0.529250 0.426823 0.007500 0.015104
0 0.528500 0.427344 0.006500 0.014063
0 0.533375 0.427604 0.005750 0.012500
0 0.538500 0.435417 0.006500 0.010417
0 0.545000 0.475781 0.007000 0.011979
0 0.616750 0.671615 0.005500 0.013021
0 0.618000 0.658594 0.007500 0.016146
0 0.617000 0.658333 0.006000 0.011458
0 0.630375 0.729427 0.006250 0.016146
0 0.640875 0.717969 0.007750 0.013021
0 0.631750 0.746354 0.003000 0.015625
0 0.634250 0.751042 0.005500 0.011458
0 0.685125 0.936719 0.007250 0.011979
0 0.724875 0.718490 0.005750 0.014063
0 0.522000 0.376563 0.006000 0.017708
0 0.526250 0.219531 0.003500 0.005729
0 0.524125 0.216667 0.004250 0.006250
0 0.834250 0.314583 0.008000 0.012500
0 0.801750 0.309896 0.007000 0.012500
0 0.494375 0.154688 0.004750 0.011458
0 0.696250 0.178906 0.007500 0.011979
0 0.747625 0.215885 0.005750 0.014063
0 0.473250 0.020573 0.006000 0.014063
