0 0.277250 0.762760 0.006000 0.010937
0 0.280375 0.750781 0.003250 0.014063
0 0.275125 0.747135 0.005750 0.013021
0 0.267000 0.714583 0.006000 0.007292
0 0.285000 0.715625 0.005000 0.010417
0 0.288750 0.704427 0.005000 0.009896
0 0.274125 0.705208 0.002750 0.010417
0 0.275750 0.703646 0.003000 0.012500
0 0.277375 0.701302 0.004750 0.010937
0 0.281500 0.704688 0.003500 0.011458
0 0.283250 0.702083 0.003500 0.011458
0 0.284250 0.696875 0.004500 0.009375
0 0.286625 0.695312 0.004750 0.011458
0 0.297250 0.685417 0.004500 0.010417
0 0.297875 0.681510 0.004750 0.006771
0 0.314125 0.583854 0.004750 0.015625
0 0.309250 0.569271 0.006000 0.010417
0 0.323750 0.546094 0.008000 0.010937
0 0.346375 0.654687 0.008250 0.012500
0 0.279500 0.531250 0.007500 0.009375
0 0.386250 0.479948 0.005000 0.013021
0 0.382125 0.520833 0.007250 0.011458
0 0.393250 0.530208 0.004500 0.010417
0 0.398500 0.535156 0.005500 0.011979
0 0.408375 0.529687 0.006250 0.011458
0 0.412125 0.551562 0.004250 0.013542
0 0.408125 0.550781 0.004750 0.013021
0 0.397250 0.548177 0.005000 0.011979
0 0.401250 0.549479 0.005500 0.012500
0 0.392750 0.564583 0.006000 0.013542
0 0.381125 0.542188 0.003250 0.013542
0 0.400250 0.575260 0.004500 0.013021
0 0.425375 0.582812 0.005750 0.013542
0 0.405125 0.610677 0.007250 0.008854
0 0.396125 0.636719 0.004250 0.005729
0 0.394875 0.632031 0.004250 0.005729
0 0.409000 0.636198 0.006000 0.010937
0 0.418625 0.643750 0.005750 0.011458
0 0.423875 0.646615 0.004250 0.014063
0 0.422500 0.634635 0.006000 0.009896
0 0.446000 0.643490 0.007000 0.011979
0 0.417875 0.686979 0.006250 0.013542
0 0.417000 0.725781 0.008500 0.013021
0 0.432500 0.740885 0.004500 0.018229
0 0.436125 0.786198 0.005250 0.007812
0 0.402625 0.428125 0.004750 0.009375
0 0.407500 0.429427 0.005500 0.010937
0 0.413000 0.440365 0.006500 0.007812
0 0.417250 0.419531 0.006000 0.009896
0 0.412250 0.411198 0.006000 0.010937
0 0.434500 0.442708 0.005500 0.010417
0 0.425750 0.460677 0.006000 0.008854
0 0.438625 0.472656 0.004750 0.010937
0 0.441625 0.429427 0.007250 0.006771
0 0.439750 0.422396 0.006500 0.008333
0 0.491875 0.500260 0.005750 0.006771
0 0.495000 0.511198 0.006000 0.011979
0 0.493750 0.522917 0.005000 0.010417
0 0.509375 0.541927 0.005750 0.011979
0 0.517625 0.534375 0.006750 0.010417
0 0.528250 0.522396 0.006500 0.011458
0 0.526750 0.496354 0.006000 0.011458
0 0.545250 0.501302 0.006500 0.011979
0 0.556875 0.547656 0.007250 0.010937
0 0.539000 0.561198 0.005000 0.011979
0 0.544625 0.558073 0.006750 0.010937
0 0.528750 0.590365 0.007000 0.014063
0 0.566000 0.577604 0.008000 0.009375
0 0.558750 0.628125 0.005000 0.014583
0 0.565000 0.617969 0.007000 0.008854
0 0.562125 0.610677 0.005750 0.007812
0 0.548375 0.669271 0.004250 0.015625
0 0.495500 0.657552 0.006500 0.013021
0 0.541250 0.548177 0.006500 0.010937
0 0.545875 0.542188 0.005750 0.009375
0 0.547500 0.526302 0.005500 0.011979
0 0.544000 0.529167 0.005500 0.009375
0 0.540375 0.523698 0.006750 0.005729
0 0.537750 0.530469 0.007000 0.011979
0 0.599000 0.582552 0.008000 0.009896
0 0.608500 0.590625 0.007500 0.012500
0 0.600000 0.619792 0.007000 0.012500
0 0.610250 0.629687 0.005500 0.013542
0 0.617875 0.621094 0.007250 0.010937
0 0.618375 0.628906 0.005750 0.010937
0 0.617500 0.636719 0.006500 0.010937
0 0.617125 0.644010 0.004750 0.013021
0 0.614625 0.645052 0.004750 0.014063
0 0.614125 0.655990 0.007750 0.013021
0 0.607125 0.649740 0.006750 0.013021
0 0.653750 0.644792 0.006000 0.014583
0 0.622000 0.682552 0.005000 0.016146
0 0.609500 0.701562 0.008000 0.010417
0 0.593000 0.707552 0.006000 0.016146
0 0.660875 0.754948 0.007750 0.013021
0 0.662375 0.707031 0.006750 0.013021
0 0.409500 0.352344 0.004500 0.011979
0 0.434375 0.326302 0.006250 0.009896
0 0.451375 0.319792 0.006750 0.009375
0 0.453500 0.312240 0.004500 0.009896
0 0.462375 0.311979 0.003750 0.013542
0 0.469750 0.307552 0.007000 0.008854
0 0.466500 0.313802 0.006000 0.006771
0 0.465500 0.320573 0.006000 0.007812
0 0.464750 0.325521 0.006000 0.011458
0 0.471875 0.322396 0.004250 0.014583
0 0.484125 0.324219 0.005250 0.013021
0 0.487250 0.312500 0.007000 0.009375
0 0.495875 0.319010 0.004750 0.014063
0 0.507125 0.329167 0.006750 0.007292
0 0.511500 0.314063 0.007000 0.008333
0 0.501875 0.310417 0.006750 0.007292
0 0.501125 0.317448 0.007250 0.007812
0 0.542500 0.264583 0.003500 0.014583
0 0.546875 0.291927 0.007750 0.008854
0 0.549375 0.333854 0.007250 0.009375
0 0.542875 0.319531 0.006750 0.008854
0 0.528125 0.327604 0.006250 0.009375
0 0.534125 0.327604 0.006250 0.010417
0 0.535875 0.324219 0.003750 0.007812
0 0.595750 0.328385 0.007000 0.007812
0 0.696375 0.329427 0.004750 0.013021
0 0.692625 0.326823 0.004250 0.015104
0 0.701250 0.296354 0.005500 0.015625
0 0.702875 0.275781 0.006250 0.008854
0 0.644625 0.214323 0.003750 0.013021
0 0.425875 0.220833 0.006250 0.008333
0 0.447750 0.201563 0.004500 0.013542
0 0.461375 0.235677 0.006750 0.011979
0 0.431625 0.167187 0.006750 0.006250
0 0.432375 0.173698 0.006250 0.007812
0 0.532500 0.112760 0.005000 0.008854
0 0.530750 0.104688 0.007500 0.008333
0 0.519500 0.052344 0.005500 0.008854
0 0.523750 0.047135 0.005000 0.009896
