0 0.483250 0.395052 0.004500 0.014063
0 0.487250 0.439323 0.005500 0.010937
0 0.459250 0.451302 0.004000 0.009896
0 0.442750 0.448437 0.005000 0.008333
0 0.446625 0.383854 0.004750 0.012500
0 0.457750 0.332813 0.006000 0.009375
0 0.465125 0.362760 0.005250 0.014063
0 0.461250 0.356510 0.004500 0.011979
0 0.453250 0.435156 0.006500 0.009896
0 0.495000 0.347917 0.005500 0.011458
0 0.408750 0.232292 0.004500 0.017708
0 0.459125 0.256250 0.006250 0.008333
0 0.455625 0.125260 0.004250 0.014063
0 0.436250 0.194531 0.007000 0.018229
0 0.474000 0.195833 0.005500 0.012500
0 0.482000 0.569010 0.005000 0.013021
0 0.478625 0.563802 0.003750 0.010937
0 0.484000 0.801823 0.003500 0.014063
0 0.377250 0.853906 0.007500 0.015104
0 0.380500 0.780990 0.004500 0.010937
0 0.420125 0.827865 0.005250 0.010937
0 0.483875 0.714323 0.005750 0.009896
0 0.199000 0.634375 0.006000 0.013542
0 0.292625 0.669271 0.007750 0.008333
0 0.308250 0.674219 0.006500 0.008854
0 0.119250 0.572396 0.007500 0.008333
0 0.107750 0.592448 0.007000 0.011979
0 0.117125 0.551042 0.006750 0.010417
0 0.160125 0.491406 0.008250 0.006771
0 0.152750 0.501302 0.009000 0.009896
0 0.157875 0.479948 0.006250 0.015104
0 0.139875 0.514062 0.006750 0.011458
0 0.132375 0.497396 0.005250 0.014583
0 0.133000 0.484375 0.004500 0.011458
0 0.143000 0.484115 0.006000 0.011979
0 0.139250 0.504167 0.007500 0.010417
0 0.506000 0.550000 0.005000 0.011458
0 0.478250 0.509115 0.006500 0.011979
0 0.481625 0.525781 0.004250 0.009896
0 0.483625 0.539323 0.005250 0.007812
0 0.487875 0.555729 0.004750 0.008333
0 0.480625 0.408594 0.005750 0.008854
0 0.473375 0.402344 0.004750 0.019271
0 0.393500 0.284115 0.006500 0.013021
0 0.446875 0.207812 0.005750 0.008333
0 0.455250 0.225521 0.006500 0.015625
0 0.615625 0.430729 0.003750 0.013542
0 0.603125 0.481771 0.007250 0.010417
0 0.599500 0.508073 0.003500 0.013021
0 0.597750 0.520312 0.006500 0.011458
0 0.612875 0.507031 0.004250 0.009896
0 0.657500 0.522917 0.006500 0.008333
0 0.661625 0.512500 0.004250 0.012500
0 0.657625 0.504948 0.003750 0.007812
0 0.628750 0.576302 0.003500 0.013021
0 0.636875 0.568490 0.006250 0.015104
0 0.610750 0.628125 0.006000 0.011458
0 0.563250 0.596094 0.006000 0.014063
0 0.622000 0.386458 0.007000 0.011458
0 0.622625 0.375260 0.004250 0.010937
0 0.629875 0.377604 0.004250 0.013542
0 0.644750 0.385156 0.006000 0.014063
0 0.686625 0.464844 0.005250 0.010937
0 0.684125 0.494271 0.006250 0.013542
0 0.657125 0.545052 0.005750 0.008854
0 0.665125 0.541146 0.004750 0.016667
0 0.696750 0.386198 0.005500 0.014063
0 0.701875 0.401562 0.003250 0.011458
0 0.710750 0.413021 0.005000 0.012500
0 0.721625 0.435937 0.003750 0.011458
0 0.734500 0.383594 0.005000 0.010937
0 0.704750 0.438021 0.006000 0.007292
0 0.711625 0.442969 0.004250 0.014063
0 0.707750 0.463802 0.006000 0.011979
0 0.703500 0.489844 0.007000 0.009896
0 0.698500 0.478385 0.006500 0.010937
0 0.740750 0.348698 0.004500 0.011979
0 0.748750 0.337760 0.005500 0.010937
0 0.784500 0.325521 0.003500 0.012500
0 0.762125 0.338542 0.004750 0.014583
0 0.813750 0.323437 0.004500 0.013542
0 0.801000 0.293750 0.004500 0.010417
0 0.807250 0.297135 0.006000 0.009896
0 0.792500 0.198698 0.005500 0.007812
0 0.849875 0.239583 0.005750 0.012500
0 0.847250 0.173437 0.005500 0.010417
0 0.841625 0.195833 0.005750 0.010417
0 0.851750 0.198177 0.005500 0.013021
0 0.847875 0.212500 0.003750 0.012500
0 0.811875 0.263802 0.007250 0.011979
0 0.890500 0.229687 0.005000 0.010417
0 0.701750 0.623437 0.006500 0.009375
0 0.736000 0.601562 0.003000 0.013542
0 0.733875 0.615365 0.006250 0.010937
0 0.759375 0.587240 0.006750 0.010937
0 0.767875 0.552604 0.004750 0.011458
0 0.766500 0.602344 0.006500 0.008854
0 0.749625 0.649740 0.005250 0.009896
0 0.767125 0.622135 0.003750 0.010937
0 0.802500 0.559115 0.006500 0.008854
0 0.801625 0.544271 0.003250 0.013542
0 0.785625 0.541406 0.003250 0.008854
0 0.790000 0.552083 0.003500 0.013542
0 0.789125 0.562760 0.005250 0.006771
0 0.779875 0.635156 0.004250 0.010937
0 0.784375 0.609896 0.005250 0.008333
0 0.787000 0.634635 0.006000 0.006771
0 0.786250 0.629167 0.007500 0.006250
0 0.789625 0.618490 0.005750 0.009896
0 0.664875 0.730208 0.008250 0.007292
0 0.699625 0.774219 0.007250 0.007812
0 0.719125 0.725521 0.004750 0.012500
0 0.711000 0.719531 0.005000 0.009896
0 0.757250 0.726562 0.005000 0.016667
0 0.782000 0.713542 0.007500 0.011458
0 0.810750 0.710677 0.009500 0.007812
0 0.811625 0.719010 0.006750 0.007812
0 0.866500 0.761198 0.004500 0.013021
0 0.854375 0.745052 0.008250 0.007812
0 0.838625 0.747917 0.007750 0.008333
0 0.846625 0.748958 0.007750 0.007292
0 0.834375 0.738542 0.007250 0.007292
0 0.832875 0.732292 0.006750 0.009375
0 0.854125 0.614062 0.006750 0.007292
0 0.837625 0.619531 0.005250 0.011979
0 0.701750 0.205208 0.006000 0.010417
0 0.699750 0.218229 0.003000 0.014583
0 0.702500 0.219792 0.003000 0.012500
0 0.755750 0.074740 0.004500 0.018229
0 0.731750 0.128125 0.003500 0.012500
0 0.736375 0.128385 0.004750 0.013021
0 0.712500 0.041927 0.007000 0.013021
0 0.722125 0.312760 0.004750 0.017188
0 0.430000 0.130990 0.008000 0.017188
