0 0.003385 0.442750 0.006771 0.007000
0 0.142969 0.447000 0.014063 0.006500
0 0.104167 0.423375 0.023958 0.006250
0 0.320573 0.493625 0.008854 0.007250
0 0.266406 0.466500 0.014063 0.006000
0 0.271875 0.458000 0.015625 0.006000
0 0.234635 0.423500 0.014063 0.007500
0 0.210677 0.433875 0.019271 0.005750
0 0.160417 0.408000 0.010417 0.007500
0 0.148958 0.393375 0.014583 0.009750
0 0.116667 0.334750 0.019792 0.005500
0 0.088281 0.297000 0.015104 0.007500
0 0.051562 0.265750 0.009375 0.007500
0 0.041146 0.265750 0.008333 0.006000
0 0.003385 0.257250 0.006771 0.007000
0 0.024740 0.239000 0.015104 0.005500
0 0.033073 0.236125 0.010937 0.006250
0 0.042188 0.230875 0.013542 0.004750
0 0.138542 0.267625 0.015625 0.006250
0 0.151302 0.297000 0.015104 0.006500
0 0.130469 0.287625 0.017188 0.010250
0 0.459375 0.468000 0.017708 0.006000
0 0.441406 0.427125 0.006771 0.006250
0 0.436458 0.426500 0.009375 0.007500
0 0.466927 0.397500 0.016146 0.007500
0 0.427865 0.370250 0.009896 0.007500
0 0.496615 0.375000 0.010937 0.007500
0 0.478646 0.362500 0.012500 0.007000
0 0.468490 0.326625 0.014063 0.006250
0 0.465885 0.324375 0.011979 0.005250
0 0.512240 0.309875 0.010937 0.009250
0 0.523698 0.269250 0.015104 0.006500
0 0.507812 0.257875 0.016667 0.008250
0 0.553646 0.256875 0.014583 0.009750
0 0.649740 0.163750 0.014063 0.006000
0 0.625521 0.165875 0.013542 0.007250
0 0.638802 0.153625 0.014063 0.009250
0 0.469531 0.430000 0.017188 0.008500
0 0.617448 0.492250 0.013021 0.004500
0 0.608854 0.488875 0.015625 0.004250
0 0.596875 0.475625 0.011458 0.007250
0 0.703646 0.437125 0.016667 0.006250
0 0.769792 0.434125 0.020833 0.005750
0 0.794271 0.435750 0.016667 0.005000
0 0.869010 0.409875 0.016146 0.007750
0 0.893229 0.403750 0.014583 0.009500
0 0.926302 0.394500 0.018229 0.007000
0 0.917448 0.389375 0.017188 0.008750
0 0.910417 0.386375 0.013542 0.006250
0 0.932812 0.363375 0.013542 0.009250
0 0.958333 0.373625 0.011458 0.011250
0 0.948958 0.415250 0.016667 0.008000
0 0.928125 0.423375 0.014583 0.008250
0 0.922135 0.408125 0.013021 0.008750
0 0.854687 0.441500 0.017708 0.009000
0 0.748177 0.470375 0.020313 0.005750
0 0.670312 0.490000 0.013542 0.006500
0 0.658854 0.497000 0.014583 0.005500
0 0.668229 0.508500 0.012500 0.007500
0 0.689583 0.566625 0.017708 0.005750
0 0.844010 0.578875 0.017188 0.007750
0 0.577604 0.606500 0.014583 0.008500
0 0.500521 0.759000 0.012500 0.008000
