0 0.141375 0.959635 0.005750 0.015104
0 0.158375 0.953646 0.007250 0.014583
0 0.168250 0.950260 0.007000 0.014063
0 0.230500 0.940885 0.007500 0.017188
0 0.189625 0.909375 0.007250 0.014583
0 0.148125 0.915104 0.007750 0.016667
0 0.234375 0.870312 0.007250 0.012500
0 0.250625 0.877083 0.006250 0.013542
0 0.254625 0.870573 0.006750 0.011979
0 0.255875 0.877865 0.008750 0.011979
0 0.252875 0.890365 0.006750 0.017188
0 0.258625 0.894271 0.005250 0.017708
0 0.256500 0.848177 0.007000 0.011979
0 0.269125 0.844010 0.008250 0.015104
0 0.281000 0.736979 0.006500 0.012500
0 0.287625 0.730208 0.007750 0.012500
0 0.285500 0.704167 0.008000 0.015625
0 0.275250 0.691667 0.007000 0.011458
0 0.251375 0.721875 0.006250 0.018750
0 0.268000 0.715625 0.007500 0.014583
0 0.260375 0.704948 0.006750 0.015104
0 0.253375 0.684896 0.005250 0.011458
0 0.253875 0.677865 0.007750 0.010937
0 0.243625 0.702344 0.006750 0.015104
0 0.239750 0.742448 0.008000 0.015104
0 0.235375 0.687760 0.005250 0.013021
0 0.233375 0.657552 0.008250 0.015104
0 0.181625 0.680729 0.006250 0.012500
0 0.187000 0.632292 0.008000 0.016667
0 0.195875 0.636198 0.005750 0.019271
0 0.201875 0.638802 0.006750 0.013021
0 0.198250 0.620052 0.010500 0.013021
0 0.156250 0.648177 0.005000 0.013021
0 0.160125 0.635677 0.008250 0.017188
0 0.169250 0.607552 0.008500 0.013021
0 0.172000 0.596875 0.008500 0.015625
0 0.154875 0.614583 0.006750 0.013542
0 0.157750 0.589323 0.011500 0.013021
0 0.134875 0.598698 0.006750 0.019271
0 0.140125 0.596354 0.006750 0.013542
0 0.136625 0.583073 0.008250 0.011979
0 0.130375 0.556510 0.005250 0.010937
0 0.131875 0.568229 0.006750 0.012500
0 0.131750 0.577344 0.009500 0.016146
0 0.107375 0.577083 0.009250 0.011458
0 0.114250 0.571615 0.005500 0.013021
0 0.095000 0.609115 0.006500 0.015104
0 0.094375 0.601042 0.007250 0.016667
0 0.104500 0.620833 0.007000 0.014583
0 0.106125 0.610938 0.009250 0.010417
0 0.101375 0.603906 0.009250 0.015104
0 0.040875 0.532813 0.008250 0.011458
0 0.345750 0.830469 0.007500 0.018229
0 0.365500 0.835677 0.005000 0.013021
0 0.368500 0.758854 0.008500 0.013542
0 0.348750 0.752083 0.008500 0.019792
0 0.355375 0.751563 0.005750 0.012500
0 0.317250 0.751042 0.008000 0.015625
0 0.311250 0.722396 0.007500 0.010417
0 0.378875 0.690365 0.008250 0.016146
0 0.361250 0.679167 0.007500 0.009375
0 0.382125 0.672656 0.008250 0.013021
0 0.381500 0.659375 0.009500 0.015625
0 0.377375 0.628646 0.005750 0.014583
0 0.383250 0.634635 0.006000 0.014063
0 0.413250 0.683594 0.003500 0.014063
0 0.415875 0.675000 0.005750 0.011458
0 0.418875 0.683854 0.005250 0.013542
0 0.429125 0.661458 0.005250 0.022917
0 0.434375 0.659115 0.006750 0.016146
0 0.420500 0.649740 0.007500 0.016146
0 0.417000 0.632812 0.005500 0.012500
0 0.355250 0.651302 0.008500 0.010937
0 0.357125 0.643229 0.008750 0.012500
0 0.358875 0.639323 0.006250 0.016146
0 0.359125 0.616667 0.007750 0.013542
0 0.361750 0.621875 0.005000 0.009375
0 0.363375 0.602865 0.007250 0.017188
0 0.345250 0.601302 0.008000 0.011979
0 0.340500 0.588021 0.005500 0.011458
0 0.309625 0.592969 0.006750 0.019271
0 0.313000 0.587500 0.006000 0.017708
0 0.325250 0.569010 0.007000 0.020313
0 0.331750 0.565885 0.005000 0.013021
0 0.329125 0.571094 0.005250 0.016146
0 0.334875 0.577865 0.006250 0.017188
0 0.337875 0.551302 0.005750 0.016146
0 0.328250 0.534375 0.006500 0.009375
0 0.313375 0.519010 0.006750 0.016146
0 0.301625 0.516667 0.006250 0.013542
0 0.297500 0.522917 0.006500 0.013542
0 0.293875 0.528125 0.005750 0.013542
0 0.275375 0.529167 0.009250 0.011458
0 0.276500 0.504427 0.006000 0.015104
0 0.285250 0.495312 0.005500 0.014583
0 0.271875 0.484115 0.006250 0.016146
0 0.292375 0.456510 0.005250 0.014063
0 0.317125 0.497135 0.005750 0.014063
0 0.245125 0.380469 0.006750 0.013021
0 0.271125 0.404167 0.007250 0.017708
0 0.274375 0.397135 0.006750 0.011979
0 0.276000 0.413542 0.009500 0.019792
0 0.275750 0.412240 0.006000 0.015104
0 0.290125 0.404687 0.006750 0.016667
0 0.293250 0.420312 0.007000 0.013542
0 0.281625 0.403906 0.006250 0.017188
0 0.263125 0.384635 0.006750 0.019271
0 0.265750 0.376823 0.006000 0.011979
0 0.271000 0.373698 0.006500 0.017188
0 0.258375 0.356250 0.006750 0.014583
0 0.262875 0.364323 0.006750 0.015104
0 0.269125 0.357292 0.008250 0.015625
0 0.267750 0.350000 0.007000 0.012500
0 0.266000 0.338281 0.005500 0.011979
0 0.266250 0.325260 0.007000 0.013021
0 0.260625 0.320833 0.004750 0.011458
0 0.255500 0.310156 0.007500 0.016146
0 0.250625 0.307031 0.005750 0.011979
0 0.244750 0.329167 0.007000 0.013542
0 0.242750 0.285677 0.006500 0.018229
0 0.242750 0.273958 0.008500 0.015625
0 0.240375 0.254688 0.006750 0.012500
0 0.223125 0.202344 0.005750 0.015104
0 0.214375 0.140104 0.006750 0.016667
0 0.407375 0.008073 0.005250 0.016146
0 0.386500 0.019271 0.007500 0.011458
0 0.375125 0.035677 0.006250 0.015104
0 0.367625 0.059375 0.006250 0.016667
0 0.386000 0.081250 0.005500 0.016667
0 0.388125 0.084375 0.006750 0.010417
0 0.396750 0.095833 0.006000 0.017708
0 0.397250 0.115104 0.008000 0.016667
0 0.399250 0.132552 0.011500 0.018229
0 0.376000 0.127344 0.008500 0.017188
0 0.384875 0.130469 0.006750 0.017188
0 0.397875 0.150000 0.008250 0.016667
0 0.398875 0.164062 0.006250 0.009375
0 0.398125 0.173437 0.006750 0.015625
0 0.388000 0.170833 0.007000 0.018750
0 0.392000 0.163802 0.006500 0.020313
0 0.405625 0.174740 0.005250 0.013021
0 0.406250 0.188281 0.005000 0.018229
0 0.410500 0.187240 0.004500 0.020313
0 0.399750 0.185156 0.005500 0.017188
0 0.400250 0.195833 0.008500 0.015625
0 0.400250 0.227604 0.007000 0.014583
0 0.400500 0.238021 0.005500 0.013542
0 0.420875 0.276042 0.005750 0.013542
0 0.417000 0.300521 0.005500 0.014583
0 0.397000 0.295312 0.008500 0.014583
0 0.404750 0.310417 0.006000 0.017708
0 0.397750 0.316146 0.006500 0.014583
0 0.400250 0.325781 0.005500 0.018229
0 0.407625 0.333594 0.008750 0.015104
0 0.390500 0.337760 0.009500 0.016146
0 0.388375 0.369531 0.006750 0.015104
0 0.418875 0.367708 0.006250 0.020833
0 0.431250 0.393490 0.006500 0.015104
0 0.434125 0.388281 0.005750 0.014063
0 0.410125 0.366146 0.007250 0.016667
0 0.413750 0.375781 0.005000 0.016146
0 0.410750 0.381771 0.006000 0.014583
0 0.401250 0.386198 0.007500 0.018229
0 0.410875 0.397396 0.004750 0.016667
0 0.417750 0.410156 0.006500 0.020313
0 0.420000 0.414062 0.006500 0.017708
0 0.403000 0.420573 0.010000 0.014063
0 0.402625 0.434635 0.006250 0.018229
0 0.405500 0.436198 0.006000 0.018229
0 0.415125 0.445312 0.005250 0.012500
0 0.429250 0.441146 0.004500 0.016667
0 0.414500 0.455208 0.006000 0.019792
0 0.408250 0.480729 0.006000 0.011458
0 0.390250 0.539323 0.004500 0.022396
0 0.396500 0.529167 0.005500 0.010417
0 0.401375 0.530729 0.007250 0.016667
0 0.407625 0.549740 0.005250 0.017188
0 0.411625 0.535677 0.007250 0.015104
0 0.419875 0.502604 0.005750 0.010417
0 0.419000 0.509115 0.008000 0.014063
0 0.421125 0.525000 0.006250 0.022917
0 0.419750 0.526823 0.006500 0.017188
0 0.441250 0.521354 0.004000 0.013542
0 0.432375 0.529687 0.005750 0.014583
0 0.429125 0.553906 0.004750 0.016146
0 0.425125 0.559896 0.005250 0.016667
0 0.423875 0.571354 0.005250 0.018750
0 0.431000 0.563542 0.005000 0.012500
0 0.414125 0.573438 0.008750 0.025000
0 0.415750 0.585156 0.005500 0.016146
0 0.404375 0.597656 0.006250 0.017188
0 0.408125 0.604948 0.005750 0.017188
0 0.414625 0.598698 0.004250 0.019271
0 0.417500 0.603385 0.005000 0.015104
0 0.448375 0.703646 0.007250 0.012500
0 0.463000 0.678125 0.007000 0.016667
0 0.473875 0.684635 0.007250 0.017188
0 0.479875 0.666927 0.006750 0.017188
0 0.476000 0.646615 0.005500 0.011979
0 0.488000 0.645052 0.007000 0.015104
0 0.482875 0.632552 0.008250 0.014063
0 0.482375 0.618750 0.005250 0.013542
0 0.488125 0.597396 0.006250 0.013542
0 0.495375 0.598437 0.007750 0.010417
0 0.494125 0.604167 0.008250 0.012500
0 0.488000 0.611458 0.007500 0.011458
0 0.489000 0.617188 0.006000 0.014583
0 0.493750 0.629687 0.007500 0.010417
0 0.522750 0.634375 0.008000 0.012500
0 0.513750 0.597135 0.005500 0.017188
0 0.491500 0.571875 0.005500 0.012500
0 0.492625 0.560677 0.006750 0.014063
0 0.503250 0.539323 0.006500 0.015104
0 0.508875 0.548698 0.007250 0.015104
0 0.525625 0.557552 0.007750 0.017188
0 0.514500 0.542969 0.010000 0.015104
0 0.515250 0.533333 0.008000 0.017708
0 0.518750 0.525000 0.004500 0.013542
0 0.505500 0.488021 0.009000 0.017708
0 0.518875 0.468750 0.007750 0.021875
0 0.523625 0.508594 0.005250 0.014063
0 0.528500 0.490104 0.007000 0.014583
0 0.534000 0.478385 0.004500 0.015104
0 0.550250 0.466667 0.008000 0.019792
0 0.557500 0.463802 0.005500 0.014063
0 0.555875 0.452604 0.005250 0.014583
0 0.550250 0.441667 0.008000 0.015625
0 0.541000 0.436198 0.010500 0.014063
0 0.531750 0.425000 0.006500 0.016667
0 0.544375 0.407812 0.008750 0.016667
0 0.551750 0.409635 0.008500 0.013021
0 0.549875 0.421354 0.005750 0.017708
0 0.564250 0.426563 0.008500 0.015625
0 0.574875 0.427865 0.005750 0.016146
0 0.567750 0.387760 0.008500 0.020313
0 0.574875 0.398438 0.006250 0.014583
0 0.562125 0.363021 0.008750 0.016667
0 0.569500 0.371875 0.009500 0.014583
0 0.549375 0.331771 0.006750 0.014583
0 0.577750 0.331771 0.007000 0.018750
0 0.604250 0.320312 0.007000 0.017708
0 0.601875 0.354427 0.006250 0.020313
0 0.578750 0.382292 0.005000 0.016667
0 0.582125 0.389062 0.004750 0.016667
0 0.585125 0.380729 0.006250 0.019792
0 0.589500 0.379167 0.003500 0.013542
0 0.584500 0.363021 0.006000 0.016667
0 0.588125 0.351562 0.004250 0.018750
0 0.590750 0.352083 0.005500 0.018750
0 0.577625 0.261979 0.006750 0.016667
0 0.589250 0.253385 0.005000 0.015104
0 0.601000 0.295312 0.005000 0.016667
0 0.601375 0.275000 0.009750 0.018750
0 0.612875 0.289062 0.005750 0.016667
0 0.621750 0.279948 0.008500 0.017188
0 0.623500 0.254948 0.009500 0.015104
0 0.602500 0.206771 0.006500 0.017708
0 0.606125 0.238802 0.005250 0.020313
0 0.609625 0.236458 0.006250 0.016667
0 0.614500 0.237500 0.006000 0.015625
0 0.623625 0.226042 0.005750 0.013542
0 0.626375 0.237240 0.006750 0.016146
0 0.629500 0.236979 0.006000 0.016667
0 0.653500 0.227344 0.008000 0.016146
0 0.651875 0.224479 0.007750 0.020833
0 0.655500 0.204687 0.008000 0.014583
0 0.640750 0.189323 0.007500 0.018229
0 0.681625 0.181771 0.006750 0.015625
0 0.504625 0.766406 0.006750 0.013021
0 0.515625 0.763281 0.005250 0.013021
0 0.522125 0.762240 0.005750 0.011979
0 0.533000 0.763281 0.007000 0.016146
0 0.537625 0.766406 0.004750 0.014063
0 0.509000 0.777344 0.005000 0.014063
0 0.508625 0.793490 0.008250 0.011979
0 0.516875 0.783854 0.007750 0.021875
0 0.520000 0.781771 0.007000 0.017708
0 0.531000 0.782813 0.010000 0.016667
0 0.552875 0.766406 0.007250 0.017188
0 0.561625 0.762240 0.006250 0.017188
0 0.566250 0.758594 0.007500 0.016146
0 0.575500 0.738281 0.005500 0.013021
0 0.570750 0.747135 0.005000 0.014063
0 0.573000 0.751823 0.006000 0.017188
0 0.580875 0.756771 0.005250 0.012500
0 0.577500 0.768229 0.008000 0.012500
0 0.584875 0.769792 0.006750 0.013542
0 0.573875 0.784115 0.006250 0.015104
0 0.573250 0.792969 0.009000 0.013021
0 0.597750 0.759635 0.010000 0.015104
0 0.598125 0.770573 0.007750 0.015104
0 0.590875 0.736458 0.008750 0.017708
0 0.595500 0.733854 0.007500 0.016667
0 0.608625 0.718490 0.007750 0.015104
0 0.588750 0.700260 0.008000 0.013021
0 0.639125 0.701562 0.008750 0.013542
0 0.634500 0.706510 0.007000 0.016146
0 0.633750 0.735156 0.007500 0.015104
0 0.649125 0.726823 0.007750 0.013021
0 0.631500 0.754167 0.011000 0.013542
0 0.625500 0.757031 0.006500 0.016146
0 0.621875 0.765365 0.008250 0.016146
0 0.618500 0.759635 0.008000 0.014063
0 0.609625 0.757031 0.006250 0.010937
0 0.612500 0.769792 0.008000 0.012500
0 0.632000 0.764583 0.005000 0.013542
0 0.635375 0.786198 0.013250 0.019271
0 0.646000 0.768229 0.005500 0.015625
0 0.667500 0.775521 0.008000 0.016667
0 0.665750 0.765625 0.012500 0.016667
0 0.672000 0.729948 0.008000 0.016146
0 0.683625 0.773177 0.005750 0.014063
0 0.687000 0.763281 0.008500 0.016146
0 0.689000 0.770312 0.006000 0.019792
0 0.692875 0.772656 0.007250 0.018229
0 0.694375 0.765625 0.006750 0.018750
0 0.687250 0.710156 0.007500 0.014063
0 0.701875 0.752604 0.009750 0.014583
0 0.705125 0.745833 0.008250 0.015625
0 0.710125 0.747656 0.007250 0.015104
0 0.702750 0.776042 0.006500 0.016667
0 0.709250 0.780208 0.008500 0.015625
0 0.711750 0.774219 0.006500 0.014063
0 0.722250 0.776823 0.005500 0.017188
0 0.748875 0.777083 0.006250 0.020833
0 0.755000 0.776042 0.006500 0.017708
0 0.758750 0.739583 0.008500 0.019792
0 0.780500 0.701823 0.010500 0.021354
0 0.752125 0.694271 0.011750 0.018750
0 0.738375 0.695312 0.009250 0.020833
0 0.740000 0.697135 0.006500 0.021354
0 0.729875 0.701562 0.009250 0.016667
0 0.722125 0.721615 0.007750 0.014063
0 0.711625 0.716927 0.006750 0.014063
