0 0.460677 0.560500 0.008854 0.005000
0 0.545573 0.517250 0.004687 0.004500
0 0.555729 0.506250 0.007292 0.003500
0 0.564063 0.528625 0.003125 0.004750
0 0.560677 0.528875 0.003646 0.004750
0 0.542188 0.532125 0.005208 0.002250
0 0.545573 0.533500 0.008854 0.003000
0 0.573438 0.489750 0.007292 0.004500
0 0.583854 0.474500 0.005208 0.005000
0 0.562240 0.488250 0.004687 0.004500
0 0.563281 0.484250 0.005729 0.003500
0 0.584635 0.464875 0.006771 0.003750
0 0.611458 0.434000 0.005208 0.005000
0 0.626302 0.428125 0.009896 0.003750
0 0.558073 0.500125 0.005729 0.004250
0 0.556250 0.501125 0.005208 0.003250
0 0.571354 0.509625 0.009375 0.004750
0 0.573438 0.510250 0.006250 0.003500
0 0.744792 0.503625 0.007292 0.004250
