0 0.454625 0.822396 0.006750 0.014583
0 0.386625 0.899219 0.007750 0.011979
0 0.362250 0.891146 0.006500 0.011458
0 0.291625 0.604688 0.006250 0.013542
0 0.292875 0.687760 0.006750 0.009896
0 0.336500 0.679688 0.003500 0.012500
0 0.391125 0.746354 0.005250 0.008333
0 0.378000 0.612240 0.005500 0.008854
0 0.437250 0.740885 0.006000 0.010937
0 0.454500 0.749479 0.004500 0.010417
0 0.468250 0.755990 0.005000 0.013021
0 0.409500 0.591927 0.005500 0.010937
0 0.365125 0.457552 0.007750 0.010937
0 0.288875 0.336198 0.006250 0.010937
0 0.288500 0.297396 0.007000 0.014583
0 0.234000 0.076302 0.006500 0.010937
0 0.322875 0.393490 0.004750 0.009896
0 0.496125 0.470312 0.004750 0.013542
0 0.486500 0.442969 0.007000 0.010937
0 0.467875 0.415885 0.006250 0.007812
0 0.480250 0.409635 0.003500 0.011979
0 0.504375 0.403906 0.004750 0.015104
0 0.461500 0.374219 0.005500 0.013021
0 0.471125 0.365104 0.004750 0.013542
0 0.432125 0.315104 0.004250 0.010417
0 0.436125 0.299479 0.004250 0.009375
0 0.451500 0.293229 0.006500 0.013542
0 0.466125 0.289062 0.006250 0.012500
0 0.428000 0.161979 0.003500 0.013542
0 0.464375 0.205990 0.004750 0.011979
0 0.467875 0.200000 0.005250 0.011458
0 0.515625 0.254167 0.005250 0.013542
0 0.543625 0.675260 0.005750 0.009896
0 0.547750 0.656771 0.005000 0.009375
0 0.579375 0.547917 0.005250 0.011458
0 0.623500 0.357812 0.005500 0.011458
0 0.643250 0.271094 0.005500 0.010937
0 0.655250 0.220052 0.004500 0.011979
0 0.629750 0.038802 0.004000 0.011979
0 0.643625 0.029948 0.004750 0.009896
0 0.646375 0.025260 0.003750 0.009896
0 0.676250 0.012760 0.003000 0.009896
0 0.677625 0.003906 0.002250 0.007812
0 0.588625 0.679688 0.004750 0.011458
0 0.593875 0.682031 0.004250 0.009896
0 0.609500 0.685937 0.005000 0.010417
0 0.615875 0.618229 0.005250 0.010417
0 0.624250 0.621354 0.004500 0.010417
0 0.668875 0.527083 0.004250 0.011458
0 0.686250 0.438802 0.005000 0.006771
0 0.722125 0.434635 0.003250 0.010937
0 0.802875 0.464062 0.004250 0.008333
0 0.603125 0.848437 0.003250 0.010417
0 0.623500 0.781771 0.003500 0.008333
0 0.656625 0.767188 0.005250 0.007292
0 0.662250 0.762500 0.005000 0.009375
0 0.737875 0.784375 0.006250 0.010417
0 0.808125 0.820573 0.004750 0.011979
0 0.823500 0.824740 0.005000 0.010937
0 0.823250 0.801562 0.006500 0.012500
0 0.742125 0.984635 0.004250 0.007812
0 0.795875 0.939583 0.003250 0.009375
