0 0.342969 0.479125 0.007812 0.007750
0 0.297917 0.451375 0.010417 0.005250
0 0.260677 0.423375 0.011979 0.007750
0 0.308854 0.423000 0.013542 0.006500
0 0.308594 0.406875 0.013021 0.007250
0 0.296875 0.405000 0.011458 0.004500
0 0.314583 0.434500 0.012500 0.003500
0 0.326562 0.435875 0.011458 0.004750
0 0.320573 0.442500 0.010937 0.005500
0 0.330990 0.440375 0.007812 0.006250
0 0.346094 0.456250 0.010937 0.007000
0 0.286458 0.361250 0.009375 0.006500
0 0.290104 0.371000 0.009375 0.007000
0 0.280469 0.350250 0.013021 0.005000
0 0.339844 0.340375 0.010937 0.007250
0 0.275781 0.345000 0.009896 0.003500
0 0.267708 0.341125 0.007292 0.006750
0 0.252083 0.345250 0.009375 0.004000
0 0.234115 0.339625 0.010937 0.007750
0 0.245052 0.338375 0.011979 0.007750
0 0.269531 0.323750 0.010937 0.004000
0 0.332552 0.325750 0.015104 0.007000
0 0.231771 0.319250 0.012500 0.008500
0 0.216667 0.307250 0.011458 0.005000
0 0.210677 0.303125 0.007812 0.005750
0 0.360156 0.292750 0.011979 0.006500
0 0.324479 0.304750 0.010417 0.003500
0 0.317708 0.307125 0.013542 0.004750
0 0.337500 0.279875 0.009375 0.006250
0 0.313802 0.278875 0.007812 0.006250
0 0.317448 0.289625 0.005729 0.006250
0 0.325521 0.289500 0.007292 0.005500
0 0.333333 0.290375 0.006250 0.006250
0 0.333073 0.285500 0.006771 0.004500
0 0.340625 0.287375 0.007292 0.006250
0 0.292969 0.261500 0.005729 0.006500
0 0.298698 0.261750 0.005729 0.006500
0 0.347917 0.259500 0.014583 0.003500
0 0.364583 0.259625 0.012500 0.005750
0 0.341667 0.254250 0.007292 0.006000
0 0.360417 0.247625 0.015625 0.006250
0 0.368750 0.242000 0.012500 0.007000
0 0.312760 0.251000 0.008854 0.005500
0 0.313802 0.241750 0.011979 0.004500
0 0.322656 0.246500 0.010937 0.004500
0 0.236979 0.257125 0.010417 0.004250
0 0.176302 0.261625 0.008854 0.004250
0 0.181771 0.254375 0.007292 0.005250
0 0.152865 0.248375 0.004687 0.005750
0 0.159115 0.248625 0.006771 0.005250
0 0.180729 0.230625 0.013542 0.010250
0 0.227865 0.236500 0.008854 0.007000
0 0.258333 0.215875 0.012500 0.005250
0 0.227604 0.207125 0.006250 0.006750
0 0.233333 0.208375 0.005208 0.008250
0 0.288802 0.213625 0.008854 0.006750
0 0.303646 0.217375 0.014583 0.005750
0 0.303646 0.232625 0.008333 0.006750
0 0.334115 0.231125 0.009896 0.005750
0 0.347656 0.227375 0.008854 0.005250
0 0.383594 0.228250 0.006771 0.006500
0 0.335156 0.210375 0.011979 0.006250
0 0.316146 0.196625 0.007292 0.006250
0 0.295312 0.204500 0.005208 0.007000
0 0.300000 0.204250 0.005208 0.006000
0 0.287240 0.202750 0.009896 0.007500
0 0.277344 0.197375 0.007812 0.006250
0 0.278125 0.191250 0.007292 0.006000
0 0.293229 0.188000 0.010417 0.006500
0 0.332813 0.187500 0.011458 0.007500
0 0.355729 0.179625 0.012500 0.005250
0 0.358333 0.174500 0.012500 0.004000
0 0.183594 0.196250 0.009896 0.004500
0 0.201042 0.185750 0.009375 0.005500
0 0.237500 0.187500 0.013542 0.006000
0 0.214062 0.179875 0.007292 0.007250
0 0.172656 0.180500 0.009896 0.004500
0 0.158854 0.177000 0.010417 0.004500
0 0.142969 0.176625 0.008854 0.005250
0 0.144010 0.171500 0.008854 0.005000
0 0.130208 0.152250 0.009375 0.005500
0 0.219531 0.019500 0.005729 0.007000
0 0.224740 0.019625 0.005729 0.006750
0 0.270573 0.143250 0.004687 0.006000
0 0.275260 0.143375 0.004687 0.006750
0 0.281771 0.144250 0.004167 0.007000
0 0.286198 0.144375 0.004687 0.006250
0 0.292969 0.140250 0.004687 0.005500
0 0.299479 0.141750 0.009375 0.007000
0 0.277865 0.137500 0.011979 0.003500
0 0.793490 0.012500 0.005729 0.005000
0 0.777344 0.031875 0.011979 0.005250
0 0.824479 0.047500 0.012500 0.004500
0 0.783333 0.071375 0.008333 0.005750
0 0.810937 0.084625 0.013542 0.003750
0 0.851562 0.063500 0.005208 0.007000
0 0.857292 0.063250 0.006250 0.006000
0 0.973698 0.058125 0.010937 0.005250
0 0.985938 0.069875 0.008333 0.006750
0 0.993750 0.081625 0.011458 0.003750
0 0.946354 0.115000 0.011458 0.006000
0 0.957031 0.131500 0.006771 0.006000
0 0.972656 0.146750 0.010937 0.006000
0 0.668490 0.090250 0.014063 0.006000
0 0.652865 0.057625 0.005729 0.004750
0 0.720313 0.161250 0.008333 0.006500
0 0.722656 0.171875 0.015104 0.005250
0 0.813021 0.189375 0.013542 0.004750
0 0.686719 0.198000 0.011979 0.006500
0 0.621875 0.186375 0.012500 0.005250
0 0.635938 0.225875 0.011458 0.006250
0 0.573177 0.243625 0.004687 0.004250
0 0.580990 0.244500 0.010937 0.004000
0 0.571094 0.273500 0.011979 0.006000
0 0.671875 0.292625 0.008333 0.006750
0 0.663021 0.304000 0.006250 0.008000
0 0.622917 0.323500 0.008333 0.007000
0 0.589844 0.319500 0.006771 0.006000
0 0.597135 0.312000 0.013021 0.005000
0 0.617448 0.291750 0.014063 0.006500
0 0.603906 0.298625 0.011979 0.002750
0 0.613802 0.300625 0.010937 0.003750
0 0.605729 0.301875 0.007292 0.004750
0 0.524479 0.328250 0.012500 0.004000
0 0.496354 0.304375 0.010417 0.004250
0 0.462760 0.392750 0.006771 0.006500
0 0.457292 0.370875 0.007292 0.004750
0 0.470052 0.370375 0.015104 0.005250
0 0.556510 0.380875 0.006771 0.007250
0 0.589063 0.372500 0.010417 0.006000
0 0.413281 0.496625 0.006771 0.007250
0 0.419531 0.492125 0.011979 0.004250
0 0.424219 0.485000 0.014063 0.007000
0 0.447656 0.511500 0.008854 0.007000
0 0.463021 0.503625 0.018750 0.004250
0 0.522917 0.498000 0.008333 0.007000
0 0.530729 0.497625 0.006250 0.006750
0 0.558333 0.475875 0.012500 0.005250
0 0.554688 0.460750 0.012500 0.005500
0 0.584635 0.448875 0.009896 0.006250
0 0.679948 0.468625 0.016146 0.005250
0 0.702083 0.457125 0.011458 0.007750
0 0.652344 0.454250 0.022396 0.005000
0 0.610417 0.443000 0.012500 0.006500
0 0.625521 0.441625 0.011458 0.005250
0 0.643750 0.435625 0.014583 0.004750
0 0.659115 0.429875 0.010937 0.004250
0 0.653646 0.420250 0.010417 0.005000
0 0.683594 0.421250 0.011979 0.006500
0 0.663542 0.422875 0.015625 0.004750
0 0.735938 0.434750 0.009375 0.006500
0 0.692969 0.435750 0.011979 0.005000
0 0.686979 0.440000 0.016667 0.007500
0 0.802604 0.423625 0.013542 0.005250
0 0.807031 0.410250 0.013021 0.007500
0 0.880469 0.412500 0.010937 0.006500
0 0.883854 0.416625 0.007292 0.005750
0 0.859375 0.384625 0.007292 0.007750
0 0.873698 0.374875 0.010937 0.004250
0 0.914062 0.377125 0.009375 0.005750
0 0.892448 0.399000 0.009896 0.006000
0 0.951823 0.394750 0.006771 0.007500
0 0.952344 0.413000 0.009896 0.005500
0 0.928906 0.434375 0.010937 0.004750
0 0.942448 0.407875 0.008854 0.002750
0 0.944010 0.410250 0.010937 0.003000
0 0.976562 0.393000 0.010417 0.006000
0 0.991146 0.392250 0.010417 0.005000
0 0.963281 0.391500 0.009896 0.004000
0 0.913021 0.365125 0.010417 0.006250
0 0.945312 0.374000 0.010417 0.005000
0 0.951302 0.376625 0.008854 0.004750
0 0.947396 0.381125 0.009375 0.004250
0 0.986198 0.378375 0.007812 0.006250
0 0.977344 0.369875 0.009896 0.005250
0 0.976042 0.374375 0.009375 0.005250
0 0.957552 0.383000 0.009896 0.005000
0 0.968750 0.382125 0.009375 0.003750
0 0.963281 0.385750 0.009896 0.002500
0 0.967708 0.387375 0.012500 0.002750
0 0.918229 0.350500 0.008333 0.006000
0 0.937500 0.344375 0.012500 0.005750
0 0.974219 0.330625 0.015104 0.007250
0 0.888802 0.330250 0.015104 0.005500
0 0.853125 0.307625 0.016667 0.005250
0 0.827083 0.327750 0.009375 0.004000
0 0.836979 0.330750 0.006250 0.003000
0 0.997135 0.275375 0.004687 0.003250
0 0.905469 0.333750 0.019271 0.005000
0 0.916667 0.340625 0.014583 0.009250
0 0.804948 0.367625 0.014063 0.003750
0 0.415365 0.544000 0.010937 0.005000
0 0.439062 0.544625 0.014583 0.004250
0 0.429688 0.550500 0.011458 0.005500
0 0.460677 0.544500 0.016146 0.005500
0 0.502083 0.550625 0.015625 0.005750
0 0.481510 0.532500 0.015104 0.004000
0 0.510156 0.536250 0.013021 0.006500
0 0.560156 0.535375 0.010937 0.007250
0 0.617969 0.543125 0.013021 0.005750
0 0.693229 0.537875 0.012500 0.006750
0 0.733854 0.544875 0.011458 0.003750
0 0.714844 0.570750 0.020313 0.005000
0 0.825000 0.599625 0.013542 0.005750
0 0.847917 0.593625 0.008333 0.005750
0 0.868229 0.584500 0.014583 0.005500
0 0.822396 0.579625 0.014583 0.004750
0 0.820052 0.584750 0.009896 0.006000
0 0.832292 0.585125 0.010417 0.003750
0 0.828125 0.588625 0.013542 0.003750
0 0.772656 0.565250 0.011979 0.008000
0 0.927083 0.568625 0.015625 0.004250
0 0.960156 0.565375 0.013021 0.005250
0 0.966146 0.542875 0.012500 0.006250
0 0.958073 0.537875 0.011979 0.003250
0 0.926042 0.542750 0.011458 0.005000
0 0.942969 0.534875 0.013021 0.006750
0 0.905469 0.532750 0.014063 0.004000
0 0.884115 0.540500 0.013021 0.007000
0 0.809896 0.535375 0.014583 0.006250
0 0.442448 0.587250 0.011979 0.004000
0 0.509115 0.601625 0.006771 0.007250
0 0.545833 0.611375 0.014583 0.005250
0 0.539062 0.635375 0.010417 0.005750
0 0.504167 0.632875 0.009375 0.004250
0 0.579167 0.655750 0.010417 0.005500
0 0.585677 0.659375 0.007812 0.004250
0 0.590885 0.661500 0.008854 0.004000
0 0.606510 0.637375 0.009896 0.005750
0 0.616667 0.642125 0.009375 0.007250
0 0.617448 0.652500 0.008854 0.006500
0 0.627083 0.647250 0.006250 0.007500
0 0.633594 0.648250 0.005729 0.007500
0 0.630729 0.655000 0.012500 0.004000
0 0.658333 0.646000 0.013542 0.008500
0 0.601302 0.670250 0.014063 0.004500
0 0.613802 0.672625 0.009896 0.004750
0 0.665104 0.679625 0.011458 0.005250
0 0.673698 0.686125 0.014063 0.005250
0 0.686979 0.688625 0.007292 0.005750
0 0.690625 0.693125 0.015625 0.005750
0 0.700781 0.678875 0.011979 0.007250
0 0.729688 0.660500 0.009375 0.007000
0 0.794271 0.686750 0.009375 0.007000
0 0.801823 0.703625 0.006771 0.006750
0 0.774479 0.690250 0.011458 0.008000
0 0.756250 0.693375 0.011458 0.004750
0 0.763021 0.697125 0.009375 0.005250
0 0.730208 0.701875 0.010417 0.007250
0 0.674219 0.706750 0.011979 0.004500
0 0.676562 0.710625 0.011458 0.003250
0 0.638542 0.710875 0.010417 0.004750
0 0.703125 0.721000 0.013542 0.006000
0 0.720052 0.736000 0.011979 0.006000
0 0.707812 0.743750 0.010417 0.004000
0 0.714844 0.742750 0.013021 0.004500
0 0.747396 0.743750 0.013542 0.005500
0 0.764062 0.746875 0.011458 0.005250
0 0.730990 0.749125 0.015104 0.006250
0 0.722396 0.758125 0.023958 0.006250
0 0.787760 0.762250 0.005729 0.005000
0 0.792708 0.760000 0.007292 0.004000
0 0.822917 0.775000 0.012500 0.005500
0 0.825781 0.779500 0.009896 0.003500
0 0.839062 0.783250 0.012500 0.006000
0 0.895052 0.779875 0.009896 0.006250
0 0.909896 0.805000 0.011458 0.006500
0 0.891406 0.807375 0.007812 0.004750
0 0.897656 0.812875 0.010937 0.004250
0 0.864844 0.836125 0.006771 0.004750
0 0.878906 0.834750 0.014063 0.005000
0 0.892708 0.826125 0.011458 0.005750
0 0.901302 0.830375 0.010937 0.003250
0 0.898698 0.846375 0.009896 0.005250
0 0.910677 0.843750 0.010937 0.004500
0 0.946354 0.865250 0.010417 0.004500
0 0.961198 0.850125 0.010937 0.004750
0 0.963281 0.846125 0.013021 0.005750
0 0.942708 0.808750 0.015625 0.010500
0 0.967969 0.761375 0.009896 0.003750
0 0.947917 0.764375 0.012500 0.005750
0 0.924740 0.768625 0.011979 0.003250
0 0.922656 0.765750 0.011979 0.003500
0 0.915885 0.760875 0.009896 0.003750
0 0.925521 0.760000 0.010417 0.003500
0 0.865365 0.755000 0.010937 0.004000
0 0.888542 0.737625 0.008333 0.006250
0 0.864062 0.733750 0.008333 0.006000
0 0.960677 0.720375 0.008854 0.006750
0 0.805990 0.716500 0.014063 0.004000
0 0.788021 0.714375 0.007292 0.006250
0 0.777604 0.738625 0.017708 0.011250
0 0.871875 0.723125 0.011458 0.004250
0 0.873698 0.719375 0.010937 0.003750
0 0.855208 0.714875 0.008333 0.002750
0 0.854427 0.717500 0.009896 0.003500
0 0.847917 0.720750 0.008333 0.006000
0 0.856771 0.721625 0.008333 0.004750
0 0.748698 0.723375 0.014063 0.006250
0 0.989323 0.853750 0.007812 0.004000
0 0.973177 0.845875 0.006771 0.003250
0 0.956771 0.823250 0.012500 0.007500
0 0.970833 0.822000 0.019792 0.005000
0 0.388281 0.568750 0.005729 0.007000
0 0.390885 0.574875 0.010937 0.005750
0 0.361198 0.576000 0.008854 0.005500
0 0.356250 0.568500 0.008333 0.005500
0 0.361198 0.568000 0.007812 0.006000
0 0.410156 0.625750 0.007812 0.006500
0 0.412500 0.634625 0.007292 0.006750
0 0.389062 0.637875 0.010417 0.006750
0 0.419010 0.646375 0.014063 0.003750
0 0.415365 0.641000 0.010937 0.004500
0 0.401302 0.672375 0.006771 0.003250
0 0.407552 0.672125 0.008854 0.004750
0 0.401562 0.660125 0.009375 0.006750
0 0.391667 0.656500 0.009375 0.004000
0 0.391146 0.660000 0.010417 0.004500
0 0.432552 0.667875 0.006771 0.006250
0 0.439323 0.666000 0.007812 0.005500
0 0.445833 0.668625 0.009375 0.005750
0 0.445312 0.673500 0.013542 0.003500
0 0.434115 0.684125 0.005729 0.007250
0 0.439323 0.687875 0.008854 0.005250
0 0.447656 0.699250 0.007812 0.006500
0 0.457552 0.698750 0.004687 0.006500
0 0.463021 0.699250 0.005208 0.006500
0 0.480208 0.706750 0.013542 0.004000
0 0.432812 0.716750 0.006250 0.006000
0 0.426563 0.715875 0.007292 0.006750
0 0.430729 0.724000 0.012500 0.006000
0 0.458854 0.720625 0.010417 0.004250
0 0.462500 0.725750 0.008333 0.006000
0 0.488542 0.729250 0.006250 0.006500
0 0.479167 0.731000 0.009375 0.004000
0 0.473958 0.733000 0.006250 0.006000
0 0.464583 0.739375 0.014583 0.003250
0 0.419792 0.741375 0.011458 0.006250
0 0.489844 0.740750 0.008854 0.005500
0 0.469531 0.745000 0.013021 0.006000
0 0.469271 0.749125 0.009375 0.003250
0 0.472396 0.754500 0.012500 0.005000
0 0.448698 0.767125 0.015104 0.007750
0 0.496094 0.746250 0.006771 0.005500
0 0.489583 0.749625 0.007292 0.005750
0 0.497656 0.751250 0.007812 0.005000
0 0.509635 0.746875 0.008854 0.005250
0 0.539583 0.747875 0.011458 0.003750
0 0.573177 0.753125 0.014063 0.004750
0 0.580990 0.739750 0.013021 0.004500
0 0.533333 0.764125 0.010417 0.004250
0 0.526563 0.755750 0.008333 0.005500
0 0.518750 0.757375 0.011458 0.006750
0 0.495573 0.772625 0.011979 0.003250
0 0.499479 0.775500 0.010417 0.003000
0 0.490885 0.777500 0.006771 0.005000
0 0.497135 0.778625 0.007812 0.004250
0 0.504687 0.781500 0.007292 0.005000
0 0.520573 0.778500 0.010937 0.006000
0 0.549740 0.773625 0.010937 0.005250
0 0.539323 0.783250 0.014063 0.003500
0 0.531510 0.794125 0.010937 0.004750
0 0.543490 0.790250 0.010937 0.004000
0 0.582552 0.782125 0.008854 0.004250
0 0.564063 0.788125 0.010417 0.003250
0 0.563281 0.790125 0.010937 0.004250
0 0.582552 0.796875 0.009896 0.004250
0 0.595313 0.798125 0.008333 0.005750
0 0.573438 0.803000 0.012500 0.005000
0 0.561458 0.807375 0.007292 0.005750
0 0.555208 0.800750 0.012500 0.004500
0 0.554167 0.811500 0.007292 0.006000
0 0.502344 0.810000 0.011979 0.006000
0 0.436979 0.790625 0.011458 0.007250
0 0.571615 0.722750 0.011979 0.005500
0 0.461979 0.821250 0.008333 0.004000
0 0.516406 0.829750 0.007812 0.004500
0 0.531510 0.829500 0.006771 0.004000
0 0.578385 0.829500 0.008854 0.005000
0 0.613542 0.824750 0.009375 0.004500
0 0.627083 0.814250 0.008333 0.003500
0 0.632292 0.803875 0.008333 0.003750
0 0.520052 0.852500 0.007812 0.005500
0 0.585417 0.856375 0.013542 0.004250
0 0.561198 0.849750 0.007812 0.003000
0 0.572656 0.851000 0.007812 0.005500
0 0.566146 0.852500 0.008333 0.005000
0 0.563281 0.867750 0.010937 0.007500
0 0.578646 0.873000 0.010417 0.004000
0 0.576042 0.875750 0.010417 0.003000
0 0.594271 0.869375 0.010417 0.005250
0 0.599479 0.892625 0.008333 0.003750
0 0.585156 0.900250 0.008854 0.006500
0 0.575000 0.898375 0.009375 0.005750
0 0.671094 0.872250 0.009896 0.005000
0 0.638802 0.883125 0.007812 0.006250
0 0.647917 0.886875 0.009375 0.005250
0 0.636198 0.898500 0.009896 0.003000
0 0.634896 0.930250 0.010417 0.005000
0 0.603646 0.924000 0.009375 0.003000
0 0.571354 0.923125 0.007292 0.003750
0 0.561719 0.911625 0.010937 0.004750
0 0.556510 0.915875 0.005729 0.003750
0 0.525260 0.926125 0.010937 0.004250
0 0.571875 0.944500 0.006250 0.005000
0 0.595052 0.950000 0.005729 0.005000
0 0.609115 0.946375 0.007812 0.003750
0 0.605729 0.948125 0.006250 0.003250
0 0.483854 0.953375 0.008333 0.005750
0 0.476302 0.962375 0.010937 0.005250
0 0.554427 0.968625 0.008854 0.004250
0 0.495052 0.987125 0.008854 0.003750
0 0.485417 0.996375 0.009375 0.004250
0 0.666146 0.983000 0.010417 0.004500
0 0.655729 0.951500 0.009375 0.005000
0 0.610417 0.970000 0.010417 0.005000
0 0.406771 0.909625 0.008333 0.004250
0 0.399479 0.903750 0.009375 0.004500
0 0.430990 0.890250 0.008854 0.005000
0 0.473438 0.890625 0.010417 0.005250
0 0.475781 0.887500 0.010937 0.004500
0 0.476562 0.899750 0.010417 0.003500
0 0.475260 0.903875 0.010937 0.003750
0 0.497656 0.910875 0.010937 0.005250
0 0.631250 0.860125 0.010417 0.003250
0 0.636198 0.857000 0.010937 0.003500
0 0.624479 0.854125 0.010417 0.004750
0 0.622135 0.846750 0.005729 0.003000
0 0.629948 0.848250 0.009896 0.004500
0 0.655469 0.845000 0.007812 0.003500
0 0.676562 0.844625 0.007292 0.002250
0 0.366927 0.844750 0.009896 0.006000
0 0.317448 0.547500 0.010937 0.005000
0 0.303125 0.576250 0.006250 0.006500
0 0.302344 0.580375 0.014063 0.003250
0 0.259115 0.574500 0.011979 0.004000
0 0.248438 0.578500 0.010417 0.006000
0 0.258333 0.586250 0.010417 0.004500
0 0.291406 0.588500 0.009896 0.005500
0 0.279427 0.590750 0.013021 0.003500
0 0.279687 0.586750 0.012500 0.006000
0 0.211979 0.592000 0.010417 0.004500
0 0.241667 0.597250 0.009375 0.005500
0 0.238281 0.606625 0.006771 0.006250
0 0.248177 0.608375 0.010937 0.005250
0 0.320573 0.588375 0.010937 0.004750
0 0.324740 0.591875 0.010937 0.005750
0 0.297396 0.608000 0.006250 0.005500
0 0.310156 0.612000 0.013021 0.003500
0 0.307552 0.605875 0.007812 0.004750
0 0.309115 0.600875 0.011979 0.005750
0 0.294271 0.621625 0.010417 0.006250
0 0.276302 0.627125 0.013021 0.004250
0 0.283594 0.630500 0.010937 0.005000
0 0.183594 0.608875 0.015104 0.005750
0 0.198698 0.619750 0.013021 0.006500
0 0.193229 0.625750 0.011458 0.003000
0 0.166146 0.633625 0.009375 0.003250
0 0.177604 0.633375 0.008333 0.004250
0 0.172135 0.639125 0.006771 0.004750
0 0.184635 0.647750 0.008854 0.005000
0 0.229687 0.630000 0.010417 0.003000
0 0.227865 0.635625 0.010937 0.005250
0 0.223437 0.641500 0.008333 0.006000
0 0.217708 0.649625 0.010417 0.006750
0 0.239062 0.638000 0.008333 0.003000
0 0.237240 0.631875 0.008854 0.004250
0 0.266667 0.633875 0.008333 0.006750
0 0.287500 0.635875 0.010417 0.004750
0 0.292969 0.639875 0.013021 0.005750
0 0.255208 0.646875 0.013542 0.003750
0 0.269010 0.652375 0.010937 0.004250
0 0.272396 0.658125 0.008333 0.004250
0 0.262760 0.658750 0.007812 0.005000
0 0.238281 0.660250 0.016146 0.004000
0 0.250781 0.651375 0.010937 0.004750
0 0.256510 0.654125 0.007812 0.004750
0 0.265365 0.663375 0.013021 0.004750
0 0.251823 0.665375 0.009896 0.005250
0 0.257812 0.667875 0.012500 0.003750
0 0.233594 0.668750 0.014063 0.004000
0 0.255990 0.676250 0.011979 0.006500
0 0.244531 0.675500 0.005729 0.006500
0 0.204687 0.662125 0.010417 0.005250
0 0.194792 0.665000 0.011458 0.003000
0 0.189062 0.661500 0.008333 0.004000
0 0.169792 0.666500 0.012500 0.004000
0 0.241667 0.686000 0.007292 0.006000
0 0.257292 0.686625 0.009375 0.005750
0 0.291927 0.693250 0.013021 0.005000
0 0.261458 0.710500 0.009375 0.006000
0 0.254167 0.720250 0.008333 0.006000
0 0.236458 0.717625 0.006250 0.005250
0 0.205208 0.706250 0.009375 0.005500
0 0.209115 0.699250 0.011979 0.004000
0 0.204687 0.692250 0.008333 0.005500
0 0.207031 0.687125 0.014063 0.005250
0 0.186719 0.674625 0.008854 0.003750
0 0.192188 0.677750 0.011458 0.004500
0 0.182812 0.678500 0.008333 0.004000
0 0.171354 0.679750 0.010417 0.004500
0 0.160156 0.679875 0.006771 0.005750
0 0.143229 0.685375 0.008333 0.004250
0 0.149740 0.689500 0.008854 0.003500
0 0.163542 0.697250 0.010417 0.005500
0 0.127865 0.694875 0.007812 0.005250
0 0.113281 0.686125 0.009896 0.002750
0 0.102865 0.673250 0.007812 0.002500
0 0.104688 0.676125 0.011458 0.003250
0 0.117448 0.708750 0.008854 0.005500
0 0.110937 0.725125 0.006250 0.005750
0 0.122396 0.730000 0.008333 0.007500
0 0.095833 0.724625 0.008333 0.005750
0 0.065365 0.715000 0.007812 0.005000
0 0.073698 0.713750 0.009896 0.004000
0 0.108073 0.744000 0.005729 0.006000
0 0.115885 0.743000 0.006771 0.004500
0 0.101562 0.743875 0.008333 0.004750
0 0.054427 0.746250 0.011979 0.003500
0 0.029427 0.748375 0.008854 0.006750
0 0.040625 0.767375 0.007292 0.006250
0 0.058073 0.767250 0.008854 0.006500
0 0.081510 0.766875 0.010937 0.005250
0 0.035417 0.780875 0.009375 0.002750
0 0.049219 0.786500 0.007812 0.005500
0 0.076823 0.779875 0.009896 0.003750
0 0.073958 0.784500 0.005208 0.006000
0 0.067969 0.780750 0.008854 0.005500
0 0.100781 0.777000 0.007812 0.005500
0 0.061198 0.810875 0.009896 0.005250
0 0.022656 0.827000 0.006771 0.006000
0 0.004167 0.832125 0.008333 0.005250
0 0.084115 0.837250 0.004687 0.006500
0 0.088021 0.837500 0.006250 0.007000
0 0.070573 0.835500 0.005729 0.006500
0 0.061198 0.826875 0.006771 0.005750
0 0.069531 0.828000 0.009896 0.004000
0 0.066406 0.831250 0.006771 0.004000
0 0.078646 0.818000 0.005208 0.006000
0 0.084896 0.819875 0.011458 0.003750
0 0.101302 0.814375 0.009896 0.005250
0 0.112760 0.824625 0.005729 0.003250
0 0.115885 0.820500 0.010937 0.004000
0 0.107812 0.818375 0.007292 0.004250
0 0.127604 0.818625 0.006250 0.005250
0 0.130208 0.814125 0.012500 0.004250
0 0.132812 0.807625 0.011458 0.004750
0 0.122135 0.797625 0.006771 0.005250
0 0.125260 0.788500 0.007812 0.006000
0 0.135156 0.779375 0.006771 0.005750
0 0.128385 0.774750 0.005729 0.005000
0 0.118229 0.783375 0.005208 0.006250
0 0.125781 0.779750 0.010937 0.003500
0 0.125000 0.783125 0.007292 0.003750
0 0.161979 0.778500 0.006250 0.006000
0 0.169271 0.783750 0.011458 0.005500
0 0.142448 0.770500 0.006771 0.005500
0 0.150781 0.768000 0.009896 0.007000
0 0.158594 0.761875 0.010937 0.003750
0 0.172656 0.758375 0.010937 0.003750
0 0.192188 0.758625 0.007292 0.005750
0 0.192969 0.776000 0.008854 0.005500
0 0.185938 0.776500 0.006250 0.004500
0 0.157812 0.809250 0.012500 0.006000
0 0.169792 0.818000 0.007292 0.005000
0 0.178906 0.813625 0.007812 0.005750
0 0.200000 0.799750 0.010417 0.004500
0 0.211458 0.799875 0.009375 0.006250
0 0.242188 0.788000 0.014583 0.004000
0 0.231510 0.767375 0.009896 0.004250
0 0.246354 0.764125 0.008333 0.006250
0 0.261458 0.756000 0.015625 0.005500
0 0.226562 0.749125 0.007292 0.004250
0 0.199219 0.748875 0.008854 0.005250
0 0.209896 0.753500 0.007292 0.005500
0 0.220573 0.753000 0.004687 0.005500
0 0.215104 0.754375 0.007292 0.005250
0 0.202083 0.739375 0.008333 0.005750
0 0.232031 0.738250 0.013021 0.004000
0 0.175521 0.735500 0.010417 0.006500
0 0.151042 0.736875 0.012500 0.003250
0 0.129167 0.750000 0.011458 0.005000
0 0.127604 0.755125 0.010417 0.004250
0 0.146615 0.746000 0.007812 0.005500
0 0.160677 0.749625 0.010937 0.005250
0 0.206250 0.721375 0.006250 0.004250
0 0.206771 0.717250 0.008333 0.003500
0 0.226302 0.724625 0.011979 0.004750
0 0.214323 0.728375 0.011979 0.003750
0 0.222135 0.734375 0.006771 0.004750
0 0.215625 0.734875 0.008333 0.004250
0 0.252083 0.741000 0.008333 0.005500
0 0.261198 0.738250 0.007812 0.004500
0 0.264583 0.741875 0.009375 0.004250
0 0.274479 0.742625 0.009375 0.005250
0 0.146094 0.864875 0.007812 0.003750
0 0.152083 0.867500 0.010417 0.003500
0 0.110417 0.623125 0.009375 0.003750
0 0.053125 0.066875 0.017708 0.006250
0 0.736458 0.273875 0.014583 0.008250
0 0.892188 0.175375 0.015625 0.005750
0 0.684375 0.337500 0.011458 0.004000
0 0.065365 0.317000 0.013021 0.008500
0 0.110156 0.294500 0.009896 0.005500
0 0.109896 0.324250 0.009375 0.006000
0 0.142448 0.352625 0.014063 0.006750
0 0.131250 0.334125 0.008333 0.006250
0 0.133594 0.327000 0.014063 0.006000
0 0.142969 0.312500 0.017188 0.007500
0 0.040365 0.279125 0.014063 0.006750
0 0.012240 0.263875 0.010937 0.004750
0 0.430208 0.934250 0.013542 0.004000
0 0.458073 0.915125 0.009896 0.004250
