0 0.204948 0.310125 0.007812 0.003250
0 0.211979 0.307875 0.008333 0.003750
0 0.315625 0.269875 0.013542 0.005250
0 0.417969 0.377875 0.018229 0.005250
0 0.473958 0.359125 0.015625 0.007750
0 0.498958 0.343375 0.008333 0.007250
0 0.551823 0.368000 0.013021 0.002500
0 0.550781 0.365250 0.016146 0.003000
0 0.776563 0.336250 0.017708 0.005000
0 0.570573 0.457250 0.016146 0.006000
0 0.536979 0.461250 0.012500 0.006000
0 0.538802 0.458375 0.014063 0.004250
0 0.628646 0.446875 0.014583 0.007250
0 0.676302 0.472750 0.011979 0.004000
0 0.674740 0.469750 0.015104 0.004500
0 0.770573 0.448375 0.013021 0.005250
0 0.786198 0.478750 0.021354 0.006000
0 0.811719 0.482250 0.011979 0.007500
0 0.477083 0.515125 0.010417 0.006750
0 0.507812 0.525000 0.014583 0.005000
0 0.483333 0.554125 0.019792 0.004750
0 0.490885 0.567500 0.017188 0.005500
0 0.555469 0.534000 0.014063 0.008000
0 0.622135 0.548125 0.013021 0.006250
0 0.684896 0.577375 0.016667 0.006250
0 0.629687 0.589125 0.012500 0.007250
0 0.313021 0.535250 0.013542 0.005500
