0 0.703375 0.579948 0.007250 0.009896
0 0.661875 0.524219 0.006250 0.006771
0 0.658000 0.567708 0.005000 0.008333
0 0.667750 0.608854 0.004500 0.008333
0 0.647000 0.600521 0.005000 0.009375
0 0.624750 0.619792 0.005000 0.012500
0 0.617000 0.574740 0.006500 0.007812
0 0.634875 0.575260 0.003250 0.008854
0 0.631375 0.566927 0.005750 0.007812
0 0.581500 0.557292 0.005000 0.008333
0 0.570750 0.578646 0.004500 0.013542
0 0.554375 0.613542 0.004750 0.009375
0 0.538750 0.589583 0.004500 0.009375
0 0.586750 0.588281 0.006000 0.009896
0 0.578250 0.592448 0.006000 0.007812
0 0.574500 0.700781 0.005000 0.007812
0 0.664250 0.735938 0.008000 0.009375
0 0.656750 0.755729 0.007500 0.013542
0 0.701250 0.740885 0.007500 0.015104
0 0.693250 0.771875 0.007000 0.011458
0 0.600875 0.561458 0.004750 0.008333
0 0.601625 0.553906 0.005750 0.010937
0 0.606500 0.556771 0.004000 0.008333
0 0.608125 0.549219 0.004750 0.013021
0 0.688875 0.522396 0.005750 0.006250
0 0.690500 0.517188 0.006500 0.008333
0 0.724000 0.478906 0.012000 0.014063
0 0.782625 0.572135 0.005750 0.016146
0 0.790500 0.575000 0.004000 0.012500
0 0.887000 0.411719 0.006000 0.008854
0 0.915750 0.369531 0.004000 0.006771
0 0.832125 0.262500 0.005750 0.011458
0 0.696500 0.203125 0.004000 0.009375
0 0.699750 0.221875 0.004500 0.012500
0 0.634000 0.276823 0.006000 0.011979
0 0.650875 0.273177 0.005750 0.013021
0 0.657125 0.288542 0.004250 0.010417
0 0.542250 0.401823 0.006500 0.015104
0 0.531750 0.427865 0.006000 0.010937
0 0.518625 0.444531 0.005750 0.010937
0 0.526125 0.459375 0.006250 0.009375
0 0.532875 0.458594 0.006250 0.007812
0 0.446750 0.514323 0.006000 0.009896
0 0.480125 0.314844 0.004250 0.013021
0 0.475250 0.341927 0.005500 0.010937
0 0.468000 0.346615 0.005000 0.013021
0 0.474000 0.296875 0.003500 0.010417
0 0.475125 0.257031 0.002750 0.014063
0 0.457875 0.269792 0.006750 0.013542
0 0.469375 0.320573 0.005250 0.011979
0 0.464625 0.205990 0.005250 0.014063
0 0.454875 0.176042 0.005750 0.010417
0 0.469000 0.153646 0.005000 0.011458
0 0.448000 0.145052 0.004000 0.013021
0 0.479125 0.131771 0.005750 0.011458
0 0.490000 0.120833 0.003500 0.013542
0 0.492375 0.170833 0.003750 0.011458
0 0.499750 0.179167 0.005500 0.013542
0 0.488500 0.215885 0.004500 0.013021
0 0.512375 0.133073 0.003750 0.010937
0 0.481625 0.195833 0.004250 0.013542
0 0.431750 0.057292 0.006500 0.010417
0 0.525875 0.024740 0.005250 0.014063
0 0.517500 0.020313 0.005000 0.013542
0 0.507750 0.052083 0.004500 0.008333
0 0.511875 0.011458 0.003750 0.010417
0 0.335750 0.363021 0.005500 0.010417
0 0.337125 0.331250 0.004250 0.009375
0 0.309500 0.415365 0.004500 0.009896
0 0.301375 0.407552 0.005250 0.009896
0 0.319375 0.455469 0.004750 0.010937
0 0.288750 0.239583 0.004000 0.013542
0 0.243125 0.160417 0.009750 0.012500
0 0.204375 0.165885 0.006750 0.016146
0 0.213500 0.241406 0.006500 0.011979
0 0.239750 0.220312 0.006000 0.007292
0 0.234875 0.213281 0.006750 0.011979
0 0.171750 0.185417 0.007500 0.011458
0 0.176500 0.239062 0.005500 0.012500
0 0.297500 0.339844 0.004000 0.011979
0 0.330625 0.299740 0.008250 0.023438
0 0.345625 0.848177 0.006750 0.010937
0 0.355625 0.808333 0.006750 0.013542
0 0.376250 0.757031 0.006000 0.011979
0 0.393250 0.758594 0.007000 0.009896
0 0.361375 0.622396 0.004750 0.014583
0 0.329375 0.654687 0.004250 0.014583
0 0.292375 0.575260 0.006250 0.011979
0 0.271500 0.577083 0.008000 0.013542
0 0.270250 0.603906 0.007000 0.007812
0 0.289750 0.612240 0.006500 0.011979
0 0.287375 0.657031 0.007250 0.009896
0 0.307750 0.646094 0.005500 0.011979
0 0.205125 0.655729 0.006250 0.012500
0 0.159750 0.631510 0.006000 0.015104
0 0.173125 0.658333 0.011250 0.010417
0 0.155125 0.677344 0.009250 0.014063
0 0.096875 0.654427 0.003750 0.013021
0 0.101000 0.657813 0.004000 0.014583
0 0.028625 0.632031 0.008750 0.014063
0 0.069500 0.593750 0.006500 0.018750
0 0.153000 0.527344 0.005500 0.011979
0 0.108250 0.592187 0.010500 0.015625
0 0.047750 0.589844 0.010000 0.010937
0 0.118625 0.617448 0.008250 0.014063
0 0.369875 0.665885 0.006250 0.008854
0 0.383875 0.669271 0.006750 0.010417
0 0.716250 0.365104 0.004000 0.011458
0 0.726500 0.401042 0.006500 0.010417
0 0.638000 0.397396 0.007500 0.012500
0 0.660750 0.104688 0.006000 0.012500
0 0.846875 0.823177 0.010750 0.008854
0 0.925250 0.768490 0.006500 0.014063
0 0.415500 0.115625 0.008000 0.014583
0 0.386500 0.054167 0.005500 0.014583
0 0.599375 0.484115 0.006250 0.008854
0 0.692250 0.237760 0.007000 0.010937
