0 0.327865 0.271625 0.020313 0.010750
0 0.333333 0.278375 0.013542 0.006750
0 0.325781 0.287500 0.009896 0.007500
0 0.347656 0.293750 0.014063 0.007500
0 0.333854 0.299875 0.016667 0.006250
0 0.353385 0.302250 0.011979 0.007000
0 0.343750 0.313750 0.015625 0.007500
0 0.346354 0.320125 0.020833 0.007250
0 0.314323 0.323875 0.022396 0.008750
0 0.282031 0.349875 0.021354 0.008750
0 0.330469 0.380750 0.022396 0.009500
0 0.388802 0.316875 0.016146 0.007250
0 0.615885 0.181375 0.020313 0.009750
0 0.595052 0.185750 0.016146 0.007000
0 0.585677 0.183250 0.018229 0.006000
0 0.609115 0.189875 0.013021 0.003750
0 0.636198 0.201500 0.015104 0.011500
0 0.653646 0.198750 0.018750 0.008000
0 0.601042 0.197000 0.016667 0.005000
0 0.585417 0.194625 0.022917 0.006750
0 0.583854 0.206875 0.015625 0.008750
0 0.597135 0.209750 0.014063 0.009500
0 0.607552 0.204375 0.013021 0.008750
0 0.522135 0.207250 0.029687 0.008500
0 0.505208 0.210250 0.022917 0.010000
0 0.523958 0.205125 0.026042 0.012250
0 0.525000 0.214500 0.020833 0.008000
0 0.537500 0.215875 0.016667 0.013250
0 0.559896 0.212500 0.015625 0.008500
0 0.530990 0.223000 0.017188 0.007500
0 0.520573 0.231500 0.017188 0.011000
0 0.534635 0.234625 0.019271 0.014250
0 0.542188 0.228000 0.016667 0.010500
0 0.559635 0.230625 0.021354 0.005250
0 0.564583 0.238500 0.014583 0.008000
0 0.578385 0.237625 0.013021 0.009250
0 0.589063 0.227500 0.014583 0.009500
0 0.607812 0.225375 0.018750 0.011750
0 0.632031 0.217625 0.014063 0.008250
0 0.610677 0.235750 0.016146 0.010000
0 0.608854 0.244125 0.017708 0.009250
0 0.594010 0.241375 0.016146 0.008250
0 0.585156 0.245625 0.014063 0.008250
0 0.592708 0.250500 0.018750 0.011500
0 0.555469 0.239250 0.022396 0.012500
0 0.538802 0.247375 0.016146 0.009250
0 0.553125 0.248375 0.020833 0.009250
0 0.545052 0.254875 0.014063 0.006250
0 0.532031 0.257875 0.019271 0.007250
0 0.529427 0.245875 0.022396 0.007250
0 0.492708 0.241750 0.017708 0.009000
0 0.473698 0.248125 0.020313 0.011750
0 0.480208 0.261375 0.015625 0.008750
0 0.458594 0.258750 0.014063 0.009500
0 0.497656 0.258125 0.019271 0.006250
0 0.505990 0.263250 0.019271 0.008500
0 0.500000 0.268625 0.018750 0.006250
0 0.457552 0.275375 0.021354 0.007250
0 0.563802 0.262250 0.011979 0.011000
0 0.570052 0.268875 0.014063 0.007750
0 0.559635 0.271250 0.011979 0.007500
0 0.544531 0.272875 0.021354 0.008250
0 0.515365 0.289125 0.021354 0.010250
0 0.496615 0.282000 0.021354 0.008000
0 0.458854 0.295250 0.019792 0.009500
0 0.505208 0.300500 0.025000 0.007500
0 0.538802 0.291750 0.014063 0.009000
0 0.560156 0.303250 0.020313 0.011000
0 0.563802 0.293750 0.016146 0.006500
0 0.504687 0.309625 0.016667 0.007750
0 0.500521 0.319750 0.013542 0.008500
0 0.524740 0.318250 0.011979 0.008500
0 0.497135 0.331250 0.017188 0.008500
0 0.479427 0.330375 0.022396 0.009750
0 0.462760 0.344000 0.019271 0.010000
0 0.507552 0.354250 0.025521 0.011500
0 0.512500 0.368875 0.018750 0.009750
0 0.535677 0.375625 0.014063 0.008250
0 0.539323 0.367000 0.023438 0.007500
0 0.482292 0.443250 0.014583 0.008500
0 0.471354 0.423250 0.020833 0.007500
0 0.487500 0.421250 0.027083 0.011000
0 0.452604 0.461625 0.012500 0.007750
0 0.546875 0.490125 0.013542 0.009250
0 0.531510 0.500000 0.018229 0.008500
0 0.512760 0.501125 0.018229 0.007250
0 0.492708 0.499625 0.021875 0.008250
0 0.607552 0.500875 0.015104 0.008250
0 0.607031 0.488375 0.014063 0.007750
0 0.634896 0.490250 0.016667 0.012000
0 0.648177 0.493250 0.011979 0.010500
0 0.655469 0.486000 0.008854 0.006500
0 0.664844 0.486125 0.014063 0.008250
0 0.662500 0.490375 0.015625 0.010750
0 0.685156 0.489500 0.016146 0.010000
0 0.703125 0.511125 0.013542 0.010250
0 0.664062 0.540750 0.013542 0.009500
0 0.672917 0.533250 0.015625 0.008500
0 0.727083 0.525000 0.017708 0.008500
0 0.742448 0.518750 0.020313 0.010500
0 0.739583 0.533000 0.016667 0.010500
0 0.730729 0.534875 0.016667 0.006250
0 0.769010 0.543750 0.009896 0.005000
0 0.764583 0.526750 0.011458 0.006000
0 0.788281 0.537875 0.016146 0.006750
0 0.790104 0.531125 0.015625 0.006750
0 0.788021 0.554125 0.015625 0.008250
0 0.780469 0.547750 0.018229 0.008500
0 0.828125 0.556250 0.016667 0.008500
0 0.842448 0.560500 0.015104 0.009500
0 0.854687 0.560125 0.016667 0.008750
0 0.840365 0.570000 0.015104 0.009000
0 0.854687 0.578875 0.013542 0.008250
0 0.898177 0.588000 0.013021 0.007500
0 0.909896 0.580500 0.014583 0.007500
0 0.911458 0.569875 0.015625 0.006250
0 0.895833 0.579125 0.013542 0.006250
0 0.893490 0.616625 0.017188 0.008250
0 0.844531 0.615125 0.016146 0.007250
0 0.756510 0.581625 0.018229 0.009250
0 0.698177 0.578750 0.017188 0.008000
0 0.671354 0.568500 0.019792 0.011000
0 0.684375 0.564375 0.018750 0.009750
0 0.706771 0.563750 0.022917 0.010000
0 0.710156 0.556125 0.015104 0.006250
0 0.560937 0.546375 0.017708 0.007250
0 0.577344 0.560250 0.017188 0.008500
0 0.486979 0.567000 0.018750 0.011000
0 0.463281 0.579500 0.023438 0.009000
0 0.456771 0.586000 0.017708 0.006000
0 0.489063 0.611750 0.019792 0.012000
0 0.543229 0.606250 0.019792 0.008500
0 0.360938 0.616000 0.015625 0.009000
0 0.348958 0.611500 0.013542 0.005000
0 0.346354 0.622875 0.013542 0.010250
0 0.392188 0.623125 0.016667 0.007750
0 0.396354 0.617250 0.017708 0.009500
0 0.401562 0.611375 0.014583 0.008250
0 0.416406 0.609125 0.017188 0.010250
0 0.432812 0.640250 0.018750 0.008500
0 0.422917 0.628000 0.025000 0.010500
0 0.390104 0.645250 0.013542 0.009000
0 0.363542 0.660125 0.019792 0.008250
0 0.547135 0.648000 0.020313 0.010500
0 0.569010 0.670750 0.020313 0.008500
0 0.572135 0.679125 0.014063 0.009250
0 0.580729 0.684875 0.017708 0.009250
0 0.580990 0.702500 0.016146 0.007000
0 0.594010 0.719125 0.022396 0.013750
0 0.679948 0.728500 0.018229 0.011000
0 0.732552 0.727875 0.019271 0.012250
0 0.709375 0.739625 0.016667 0.007250
0 0.672135 0.752250 0.022396 0.009000
0 0.305729 0.690500 0.012500 0.008000
0 0.339583 0.713875 0.019792 0.009750
0 0.314583 0.708625 0.019792 0.009250
0 0.371094 0.705375 0.017188 0.007750
0 0.394271 0.691500 0.014583 0.007000
0 0.391146 0.707375 0.014583 0.009750
0 0.402604 0.706625 0.012500 0.009750
0 0.422656 0.725625 0.013021 0.008250
0 0.445052 0.732750 0.015104 0.007500
0 0.445833 0.750125 0.019792 0.009250
0 0.368490 0.721125 0.021354 0.006750
0 0.302344 0.731125 0.015104 0.008250
0 0.319531 0.731625 0.020313 0.011250
0 0.332292 0.732250 0.023958 0.013500
0 0.347135 0.729750 0.022396 0.010500
0 0.355729 0.741875 0.016667 0.007250
0 0.369531 0.742750 0.011979 0.007500
0 0.381510 0.747375 0.018229 0.011750
0 0.365625 0.751875 0.015625 0.009750
0 0.348438 0.752125 0.016667 0.011750
0 0.335417 0.761125 0.017708 0.008250
0 0.300781 0.771125 0.010937 0.011250
0 0.322917 0.784125 0.013542 0.007750
0 0.337240 0.785875 0.015104 0.011250
0 0.348958 0.778875 0.013542 0.008750
0 0.357031 0.774375 0.017188 0.007250
0 0.362500 0.771250 0.014583 0.011000
0 0.369792 0.779500 0.014583 0.007000
0 0.394010 0.760125 0.015104 0.007750
0 0.409635 0.762250 0.014063 0.008500
0 0.421615 0.770625 0.011979 0.007750
0 0.442448 0.773625 0.011979 0.007750
0 0.455729 0.764625 0.013542 0.008250
0 0.474740 0.761375 0.013021 0.008750
0 0.473698 0.772625 0.016146 0.010750
0 0.472396 0.779875 0.016667 0.007750
0 0.422656 0.785000 0.018229 0.010500
0 0.377083 0.778625 0.020833 0.005250
0 0.372396 0.784000 0.021875 0.008500
0 0.379688 0.787375 0.023958 0.006750
0 0.357552 0.798375 0.026562 0.019750
0 0.367188 0.793000 0.019792 0.011000
0 0.380729 0.794375 0.026042 0.012750
0 0.391406 0.798000 0.035937 0.013500
0 0.390104 0.791500 0.020833 0.011000
0 0.413542 0.811875 0.023958 0.006250
0 0.409375 0.816875 0.021875 0.008750
0 0.412760 0.825250 0.020313 0.009500
0 0.430990 0.833625 0.015104 0.007750
0 0.435417 0.805125 0.017708 0.010250
0 0.442188 0.799125 0.016667 0.005750
0 0.462240 0.797500 0.017188 0.010500
0 0.454948 0.810500 0.026562 0.009000
0 0.466146 0.808625 0.027083 0.010750
0 0.767448 0.892125 0.022396 0.013250
0 0.800260 0.891875 0.014063 0.011750
0 0.755729 0.863875 0.020833 0.009750
0 0.724219 0.845500 0.021354 0.006500
0 0.716667 0.791625 0.022917 0.005250
0 0.771875 0.802625 0.021875 0.010250
0 0.684115 0.788750 0.023438 0.011000
0 0.823698 0.751125 0.022396 0.009750
0 0.825781 0.739250 0.025521 0.010000
0 0.775781 0.707000 0.015104 0.008500
0 0.198958 0.647250 0.022917 0.013000
0 0.170313 0.662625 0.021875 0.009250
0 0.216667 0.652250 0.016667 0.009000
0 0.258594 0.647250 0.016146 0.009500
0 0.248698 0.639250 0.026562 0.011000
0 0.250000 0.639125 0.028125 0.008250
0 0.238802 0.626250 0.013021 0.007500
0 0.230208 0.619250 0.014583 0.005500
0 0.267448 0.612375 0.028646 0.012250
0 0.260417 0.609750 0.026042 0.007500
