0 0.427083 0.410375 0.016667 0.010750
0 0.488281 0.501500 0.015104 0.009500
0 0.556510 0.513250 0.026562 0.011500
0 0.560937 0.492000 0.014583 0.012000
0 0.576302 0.512000 0.015104 0.010500
0 0.589844 0.508000 0.014063 0.009000
0 0.484115 0.533625 0.011979 0.008250
0 0.504948 0.539000 0.015104 0.010000
0 0.530469 0.550125 0.015104 0.010250
0 0.543490 0.546625 0.015104 0.007750
0 0.496354 0.560625 0.018750 0.009750
0 0.477083 0.565750 0.016667 0.012000
0 0.458594 0.575125 0.022396 0.005750
0 0.582031 0.574375 0.026562 0.011250
0 0.579948 0.574125 0.017188 0.011750
0 0.629167 0.569500 0.010417 0.008000
0 0.571875 0.595625 0.011458 0.009250
0 0.538802 0.602750 0.014063 0.008500
0 0.524740 0.613500 0.016146 0.006000
0 0.524219 0.614375 0.016146 0.011250
0 0.538021 0.628750 0.019792 0.008500
0 0.496615 0.617250 0.020313 0.006500
0 0.471875 0.605000 0.027083 0.011500
0 0.471094 0.607125 0.026562 0.008750
0 0.439844 0.616125 0.020313 0.006750
0 0.455729 0.623750 0.016667 0.008000
0 0.321615 0.564250 0.016146 0.008000
0 0.310156 0.579500 0.016146 0.007000
0 0.315365 0.594125 0.015104 0.007250
0 0.277083 0.570250 0.011458 0.008000
0 0.324479 0.620500 0.025000 0.012500
