0 0.461458 0.551625 0.011458 0.004250
0 0.319271 0.511750 0.011458 0.004000
0 0.180729 0.431375 0.014583 0.008250
0 0.090885 0.438500 0.007812 0.006500
0 0.100781 0.440500 0.008854 0.005500
0 0.106250 0.439500 0.011458 0.006000
0 0.293750 0.429500 0.012500 0.006500
0 0.287760 0.325875 0.010937 0.009250
0 0.278906 0.320375 0.014063 0.006750
0 0.263281 0.285750 0.010937 0.007000
0 0.169271 0.219500 0.012500 0.007500
0 0.124740 0.201250 0.015104 0.007500
0 0.611979 0.198000 0.010417 0.008000
0 0.629948 0.247500 0.011979 0.004000
0 0.627344 0.297875 0.006771 0.005250
0 0.633594 0.300750 0.005729 0.003500
0 0.637500 0.302250 0.008333 0.005500
0 0.630208 0.369875 0.007292 0.006250
0 0.770833 0.422375 0.009375 0.006750
0 0.926042 0.321125 0.008333 0.007250
0 0.930729 0.307750 0.007292 0.006500
0 0.914062 0.346500 0.009375 0.005000
