0 0.467969 0.486125 0.021354 0.012250
0 0.442448 0.538000 0.021354 0.015000
0 0.384896 0.589375 0.022917 0.012250
0 0.718490 0.573625 0.021354 0.012750
0 0.725000 0.594875 0.032292 0.011750
0 0.473438 0.633500 0.018750 0.010000
0 0.392188 0.641750 0.033333 0.016000
0 0.340885 0.646375 0.024479 0.011250
0 0.279948 0.662625 0.026562 0.012750
0 0.205990 0.551625 0.024479 0.013250
0 0.550521 0.728500 0.021875 0.009500
0 0.694531 0.743625 0.024479 0.012250
0 0.731771 0.732750 0.020833 0.014000
0 0.746094 0.728625 0.023438 0.012250
0 0.708333 0.792125 0.016667 0.013250
0 0.220833 0.738375 0.018750 0.011250
0 0.317708 0.745875 0.019792 0.012250
0 0.477865 0.811250 0.029687 0.015500
0 0.436719 0.826625 0.025521 0.010250
0 0.470052 0.838875 0.021354 0.011250
0 0.512760 0.848500 0.026562 0.015500
0 0.566146 0.864875 0.017708 0.011250
0 0.171615 0.824375 0.024479 0.012250
0 0.080208 0.855875 0.020833 0.010250
0 0.205729 0.883250 0.015625 0.010500
0 0.168229 0.856625 0.039583 0.020250
0 0.174740 0.862250 0.026562 0.009000
0 0.181250 0.850125 0.023958 0.012250
