0 0.443229 0.306000 0.007292 0.006000
0 0.537240 0.345375 0.015104 0.003250
0 0.549219 0.352375 0.013021 0.003250
0 0.548438 0.363625 0.006250 0.004750
0 0.551562 0.362500 0.007292 0.005000
0 0.555729 0.368500 0.012500 0.003000
0 0.563802 0.375000 0.007812 0.003000
0 0.586979 0.430125 0.012500 0.004250
0 0.572135 0.435625 0.011979 0.004250
0 0.517448 0.401875 0.009896 0.006250
0 0.521094 0.397750 0.011979 0.003000
0 0.516667 0.413250 0.006250 0.004000
0 0.520833 0.412750 0.008333 0.004500
0 0.544531 0.416875 0.015104 0.005250
0 0.540104 0.402625 0.011458 0.002750
0 0.540104 0.400625 0.013542 0.002750
0 0.511979 0.391875 0.012500 0.004250
0 0.518490 0.390000 0.007812 0.006000
0 0.521875 0.389500 0.006250 0.005000
0 0.487500 0.388625 0.009375 0.005750
0 0.468229 0.388750 0.021875 0.005500
0 0.457031 0.401250 0.010937 0.008500
0 0.472656 0.413875 0.007812 0.003250
0 0.481250 0.399500 0.009375 0.005000
0 0.432812 0.384500 0.013542 0.005500
0 0.452344 0.376375 0.010937 0.005750
0 0.438281 0.376250 0.017188 0.004500
0 0.472135 0.375875 0.017188 0.006250
0 0.412500 0.377750 0.010417 0.006000
0 0.428385 0.370500 0.007812 0.007000
0 0.380469 0.381375 0.011979 0.004750
0 0.445573 0.399125 0.007812 0.004750
0 0.448437 0.403875 0.014583 0.005250
0 0.389323 0.353500 0.014063 0.005000
0 0.416667 0.345875 0.010417 0.006750
0 0.416406 0.357000 0.015104 0.005000
0 0.446094 0.356750 0.015104 0.004000
0 0.456510 0.360500 0.015104 0.004000
0 0.390625 0.360625 0.012500 0.004750
0 0.392448 0.358875 0.009896 0.003750
0 0.352083 0.349125 0.014583 0.004250
0 0.320052 0.352625 0.017188 0.006250
0 0.327865 0.316250 0.014063 0.004500
0 0.337760 0.315000 0.008854 0.006500
0 0.641927 0.455750 0.009896 0.004500
0 0.565365 0.471250 0.010937 0.003000
0 0.562500 0.468250 0.008333 0.005000
0 0.541406 0.471375 0.011979 0.002750
0 0.534896 0.475125 0.013542 0.003250
0 0.533333 0.472625 0.010417 0.002750
0 0.533073 0.468625 0.007812 0.005750
0 0.515885 0.468375 0.009896 0.006250
0 0.485937 0.470500 0.009375 0.005000
0 0.469271 0.459750 0.010417 0.005500
0 0.458854 0.456625 0.009375 0.003750
0 0.454427 0.466125 0.015104 0.005250
0 0.461979 0.479000 0.009375 0.004000
0 0.471354 0.479500 0.009375 0.005000
0 0.452344 0.474250 0.009896 0.003000
0 0.454427 0.472250 0.009896 0.003000
0 0.417969 0.470750 0.008854 0.003500
0 0.416667 0.476125 0.010417 0.004750
0 0.413021 0.480625 0.011458 0.003250
0 0.429427 0.483625 0.009896 0.003750
0 0.441406 0.484750 0.010937 0.004000
0 0.414844 0.485250 0.009896 0.005000
0 0.388281 0.489250 0.010937 0.004000
0 0.377083 0.472375 0.013542 0.004750
0 0.335417 0.461875 0.011458 0.004250
0 0.338802 0.474000 0.011979 0.005000
0 0.348438 0.489875 0.008333 0.002750
0 0.371094 0.488375 0.010937 0.002750
0 0.370833 0.490875 0.009375 0.002250
0 0.327344 0.485875 0.009896 0.003750
0 0.307812 0.498250 0.009375 0.003500
0 0.297917 0.491625 0.009375 0.003250
0 0.295312 0.495125 0.008333 0.001750
0 0.294271 0.497000 0.009375 0.002500
0 0.281771 0.488500 0.010417 0.003000
0 0.276302 0.485000 0.010937 0.005000
0 0.281250 0.479125 0.010417 0.004750
0 0.251042 0.485500 0.009375 0.003500
0 0.245833 0.490250 0.006250 0.003500
0 0.244010 0.492750 0.007812 0.003000
0 0.220573 0.500375 0.007812 0.004750
0 0.232552 0.508250 0.009896 0.003500
0 0.232552 0.496250 0.011979 0.004500
0 0.205990 0.565250 0.010937 0.004500
0 0.270573 0.530250 0.010937 0.003500
0 0.283073 0.521000 0.008854 0.004000
0 0.281510 0.519125 0.009896 0.002750
0 0.333073 0.541000 0.013021 0.004500
0 0.337240 0.564375 0.010937 0.003250
0 0.366406 0.566250 0.009896 0.003500
0 0.424479 0.532875 0.011458 0.002250
0 0.420573 0.531000 0.009896 0.003500
0 0.622135 0.526875 0.010937 0.005250
0 0.602083 0.535125 0.012500 0.005750
0 0.605469 0.540500 0.014063 0.004000
0 0.574479 0.524875 0.011458 0.003750
0 0.573177 0.521875 0.011979 0.002750
0 0.598698 0.547875 0.010937 0.005750
0 0.595833 0.556875 0.015625 0.005750
0 0.570573 0.559375 0.014063 0.005250
0 0.566927 0.568500 0.015104 0.007000
0 0.543229 0.558500 0.011458 0.005000
0 0.533594 0.558250 0.010937 0.005500
0 0.511719 0.546250 0.009896 0.004500
0 0.520833 0.553500 0.007292 0.003000
0 0.509375 0.553500 0.011458 0.004000
0 0.536719 0.533250 0.010937 0.003000
0 0.538542 0.538375 0.008333 0.002750
0 0.534896 0.536625 0.009375 0.004750
0 0.494531 0.536250 0.013021 0.004000
0 0.479948 0.538750 0.009896 0.003000
0 0.491667 0.541000 0.008333 0.003500
0 0.499479 0.541125 0.009375 0.003750
0 0.498177 0.545375 0.009896 0.005250
0 0.496615 0.555625 0.008854 0.003250
0 0.476823 0.552625 0.008854 0.006250
0 0.478906 0.559000 0.010937 0.004500
0 0.447135 0.555125 0.006771 0.001750
0 0.446875 0.552625 0.009375 0.003250
0 0.417969 0.558500 0.008854 0.003500
0 0.445833 0.565750 0.010417 0.003500
0 0.435156 0.566625 0.008854 0.003750
0 0.451823 0.569375 0.008854 0.003250
0 0.430469 0.573625 0.008854 0.004250
0 0.432552 0.575875 0.008854 0.002250
0 0.432552 0.577875 0.007812 0.002250
0 0.421615 0.577500 0.007812 0.003500
0 0.399219 0.583000 0.006771 0.006000
0 0.582031 0.543625 0.011979 0.003750
0 0.581250 0.541125 0.012500 0.002750
0 0.555208 0.552250 0.009375 0.003500
0 0.553646 0.550875 0.011458 0.004250
0 0.507292 0.570500 0.011458 0.005000
0 0.515885 0.580875 0.008854 0.004750
0 0.528906 0.582375 0.011979 0.004750
0 0.529948 0.595625 0.015104 0.003750
0 0.495052 0.593250 0.009896 0.004000
0 0.477865 0.601875 0.009896 0.005250
0 0.473958 0.606875 0.012500 0.003750
0 0.459896 0.600750 0.007292 0.006000
0 0.458854 0.595250 0.010417 0.003000
0 0.452083 0.598500 0.007292 0.006500
0 0.429688 0.623625 0.010417 0.004750
0 0.509896 0.578750 0.008333 0.005000
0 0.529167 0.572875 0.010417 0.003750
0 0.528646 0.570875 0.010417 0.003750
0 0.582031 0.569250 0.009896 0.007000
0 0.579948 0.577000 0.017188 0.007500
0 0.433594 0.610875 0.010937 0.006250
0 0.397917 0.632875 0.010417 0.004250
0 0.379948 0.626875 0.010937 0.003250
0 0.381510 0.625250 0.010937 0.003500
0 0.483854 0.561125 0.011458 0.004250
0 0.490625 0.561500 0.009375 0.005000
0 0.501563 0.562250 0.010417 0.005000
0 0.416146 0.584875 0.009375 0.002750
0 0.413542 0.589250 0.009375 0.005000
0 0.404687 0.592875 0.010417 0.002750
0 0.394531 0.591500 0.009896 0.003000
0 0.397135 0.587750 0.008854 0.003500
0 0.376042 0.583625 0.009375 0.002750
0 0.410417 0.579500 0.008333 0.003500
0 0.408073 0.578375 0.007812 0.003250
0 0.406250 0.582625 0.008333 0.003250
0 0.405990 0.585125 0.008854 0.002250
0 0.404948 0.589250 0.009896 0.004000
0 0.361198 0.598750 0.011979 0.004500
0 0.337760 0.605000 0.010937 0.004500
0 0.341406 0.608375 0.009896 0.003250
0 0.346875 0.610875 0.007292 0.004250
0 0.336719 0.614625 0.008854 0.005250
0 0.360938 0.608000 0.008333 0.002500
0 0.363542 0.606500 0.008333 0.002000
0 0.331510 0.626500 0.006771 0.003000
0 0.304688 0.631875 0.009375 0.004750
0 0.314844 0.627750 0.010937 0.002000
0 0.315104 0.629250 0.010417 0.001000
0 0.313542 0.631250 0.007292 0.003000
0 0.294271 0.664375 0.010417 0.003750
0 0.702083 0.557500 0.011458 0.005500
0 0.744271 0.565750 0.010417 0.006000
0 0.758854 0.573625 0.010417 0.006250
0 0.773177 0.576250 0.006771 0.007500
0 0.765104 0.577250 0.009375 0.007000
0 0.759375 0.587125 0.010417 0.006750
0 0.748437 0.587000 0.010417 0.004000
0 0.764844 0.601875 0.010937 0.005750
0 0.788021 0.606375 0.009375 0.006750
0 0.804948 0.599000 0.013021 0.004000
0 0.811719 0.594500 0.007812 0.006000
0 0.786719 0.589500 0.008854 0.006000
0 0.784896 0.585750 0.009375 0.005500
0 0.793229 0.590375 0.009375 0.003750
0 0.795052 0.592500 0.011979 0.005000
0 0.759635 0.629375 0.010937 0.007250
0 0.744010 0.620375 0.006771 0.007250
0 0.739323 0.620000 0.005729 0.006000
0 0.742708 0.642875 0.008333 0.006250
0 0.734635 0.645625 0.007812 0.006750
0 0.741667 0.653250 0.008333 0.006500
0 0.725000 0.640500 0.007292 0.005500
0 0.721094 0.639125 0.005729 0.004750
0 0.724219 0.666625 0.008854 0.006250
0 0.689583 0.645125 0.008333 0.004750
0 0.691146 0.651000 0.009375 0.006000
0 0.670312 0.678250 0.006250 0.003000
0 0.674219 0.676250 0.007812 0.005500
0 0.677344 0.689000 0.007812 0.005500
0 0.668750 0.689375 0.006250 0.005750
0 0.726042 0.692625 0.006250 0.006750
0 0.670573 0.703500 0.008854 0.006500
0 0.671094 0.740000 0.009896 0.007000
0 0.681250 0.738625 0.007292 0.006750
0 0.676562 0.732125 0.005208 0.006750
0 0.681250 0.731500 0.007292 0.007000
0 0.715885 0.736625 0.008854 0.005750
0 0.694792 0.771250 0.013542 0.007000
0 0.721615 0.721750 0.005729 0.006500
0 0.717448 0.721750 0.005729 0.008000
0 0.735677 0.680625 0.009896 0.004750
0 0.737760 0.678875 0.009896 0.005750
0 0.707292 0.536875 0.008333 0.005750
