0 0.062240 0.480750 0.016146 0.007000
0 0.061979 0.549125 0.017708 0.006250
0 0.053385 0.581875 0.015104 0.004250
0 0.045312 0.579500 0.008333 0.005500
0 0.094792 0.599875 0.017708 0.005750
0 0.122656 0.571875 0.010937 0.006250
0 0.119271 0.571125 0.010417 0.005750
0 0.135937 0.551375 0.009375 0.006250
0 0.132292 0.550875 0.008333 0.006250
0 0.166146 0.638125 0.013542 0.004750
0 0.188021 0.608500 0.007292 0.004500
0 0.243490 0.608500 0.011979 0.006500
0 0.266927 0.603000 0.011979 0.004500
0 0.276823 0.599125 0.010937 0.004750
0 0.282552 0.595000 0.008854 0.004000
0 0.309896 0.558375 0.009375 0.006250
0 0.325521 0.551750 0.013542 0.005500
0 0.398177 0.515375 0.010937 0.006250
0 0.385677 0.526625 0.014063 0.004250
0 0.385937 0.524500 0.011458 0.003500
0 0.413281 0.493500 0.011979 0.006000
0 0.408854 0.491875 0.011458 0.004750
0 0.439844 0.454625 0.015104 0.006250
0 0.446615 0.428750 0.011979 0.005500
0 0.430469 0.428750 0.014063 0.006000
0 0.441406 0.424750 0.008854 0.005500
0 0.502604 0.367625 0.015625 0.006250
0 0.498958 0.363125 0.012500 0.004750
0 0.497135 0.360500 0.015104 0.006000
0 0.478125 0.324625 0.016667 0.007250
0 0.330208 0.335000 0.015625 0.006500
0 0.367448 0.375625 0.009896 0.004750
0 0.365625 0.373375 0.013542 0.005750
0 0.339062 0.393250 0.013542 0.007000
0 0.319792 0.398375 0.014583 0.004750
0 0.342708 0.442125 0.012500 0.006750
0 0.373698 0.436125 0.013021 0.006750
0 0.350260 0.459000 0.015104 0.006500
0 0.448958 0.440000 0.013542 0.005000
0 0.447396 0.438375 0.012500 0.003750
0 0.299219 0.614000 0.008854 0.005500
0 0.292708 0.614250 0.007292 0.006500
0 0.340625 0.606500 0.007292 0.005500
0 0.330729 0.597625 0.009375 0.006750
0 0.340625 0.588375 0.011458 0.006250
0 0.409635 0.527375 0.006771 0.006250
0 0.405990 0.526750 0.005729 0.005500
0 0.434896 0.529125 0.008333 0.005250
0 0.442708 0.529000 0.007292 0.006500
0 0.466146 0.519000 0.010417 0.007000
0 0.513802 0.480750 0.009896 0.006500
0 0.507812 0.473750 0.007292 0.005500
0 0.503646 0.473125 0.007292 0.006250
0 0.573438 0.452375 0.011458 0.004750
0 0.564844 0.451000 0.008854 0.005500
0 0.573438 0.447500 0.009375 0.004500
0 0.571615 0.443375 0.007812 0.005250
0 0.564323 0.441250 0.009896 0.005000
0 0.590885 0.442000 0.005729 0.005000
0 0.587500 0.441375 0.006250 0.005750
0 0.623177 0.422125 0.005729 0.005250
0 0.626563 0.420375 0.004167 0.004250
0 0.625260 0.417375 0.008854 0.003750
0 0.637760 0.411875 0.009896 0.003750
0 0.646875 0.403375 0.008333 0.003750
0 0.696615 0.407250 0.009896 0.004000
0 0.644271 0.424000 0.008333 0.004500
0 0.631510 0.441125 0.005729 0.006250
0 0.635938 0.440875 0.004167 0.005250
0 0.624479 0.453375 0.010417 0.004250
0 0.648958 0.444375 0.009375 0.002750
0 0.649740 0.442375 0.009896 0.002250
0 0.533594 0.504875 0.013021 0.004250
0 0.708073 0.457000 0.009896 0.003500
0 0.363802 0.641500 0.011979 0.007000
0 0.381771 0.654500 0.006250 0.005000
0 0.376042 0.654125 0.007292 0.006250
0 0.439844 0.622875 0.010937 0.006250
0 0.541146 0.601000 0.012500 0.006500
0 0.517708 0.615750 0.006250 0.005500
0 0.514323 0.615500 0.007812 0.006500
0 0.446875 0.593250 0.005208 0.005000
0 0.451823 0.593625 0.005729 0.007250
0 0.526302 0.569125 0.011979 0.007250
0 0.542448 0.568250 0.007812 0.005500
0 0.553646 0.569375 0.008333 0.006250
0 0.550000 0.564375 0.009375 0.005750
0 0.558594 0.562875 0.008854 0.006250
0 0.587500 0.546250 0.012500 0.006500
0 0.671875 0.542125 0.012500 0.006750
0 0.719792 0.545250 0.012500 0.007500
0 0.771615 0.526250 0.016146 0.006000
0 0.702865 0.599000 0.010937 0.004500
0 0.664844 0.585000 0.011979 0.005500
0 0.652344 0.587875 0.011979 0.005750
0 0.623437 0.590000 0.014583 0.005000
0 0.303646 0.704375 0.013542 0.007750
0 0.460417 0.696250 0.015625 0.007000
0 0.487760 0.695375 0.009896 0.007250
0 0.499740 0.689875 0.009896 0.006250
0 0.503125 0.709000 0.013542 0.004000
0 0.557031 0.676125 0.009896 0.005250
0 0.565104 0.681250 0.009375 0.005000
0 0.577604 0.653125 0.009375 0.007250
0 0.680729 0.681375 0.011458 0.005750
0 0.661979 0.695125 0.010417 0.006250
0 0.713281 0.692125 0.015104 0.004250
0 0.803646 0.706000 0.012500 0.006000
0 0.817969 0.726500 0.016146 0.006500
0 0.695573 0.715875 0.011979 0.004250
0 0.691146 0.713750 0.012500 0.005500
0 0.736979 0.266750 0.008333 0.005000
