0 0.205250 0.814063 0.010500 0.012500
0 0.270875 0.673958 0.007250 0.010417
0 0.343250 0.856510 0.007000 0.014063
0 0.364750 0.738542 0.006500 0.014583
0 0.421625 0.820833 0.008750 0.013542
0 0.405625 0.437760 0.006750 0.011979
0 0.313000 0.384115 0.008000 0.017188
0 0.304250 0.308073 0.008000 0.011979
0 0.546500 0.395833 0.008000 0.018750
0 0.572250 0.299740 0.006000 0.014063
0 0.569500 0.271354 0.006500 0.012500
0 0.558625 0.243490 0.006750 0.008854
0 0.569875 0.176563 0.006750 0.019792
0 0.773625 0.085156 0.004750 0.015104
0 0.758875 0.122396 0.009250 0.016667
0 0.695500 0.326302 0.004500 0.014063
0 0.712125 0.414583 0.004250 0.011458
0 0.643125 0.542188 0.007750 0.015625
0 0.640750 0.494010 0.008500 0.019271
0 0.609375 0.586979 0.003750 0.013542
0 0.612000 0.604427 0.008000 0.015104
0 0.659375 0.753906 0.003750 0.015104
0 0.662750 0.756771 0.005500 0.010417
0 0.686000 0.740104 0.007000 0.009375
0 0.688250 0.731510 0.007500 0.010937
0 0.972125 0.759375 0.007750 0.013542
0 0.936250 0.797396 0.006000 0.011458
0 0.946625 0.832552 0.007250 0.008854
0 0.920000 0.795312 0.004000 0.012500
0 0.923875 0.806250 0.007250 0.011458
0 0.925625 0.841927 0.005750 0.009896
0 0.932750 0.852604 0.008500 0.012500
0 0.932500 0.885417 0.004500 0.016667
0 0.933625 0.897656 0.005750 0.008854
0 0.929250 0.904948 0.008000 0.010937
0 0.947500 0.943750 0.007500 0.011458
0 0.920500 0.900521 0.006000 0.012500
0 0.919750 0.877083 0.006000 0.011458
0 0.903500 0.933854 0.004500 0.010417
0 0.759875 0.967448 0.007750 0.013021
0 0.770000 0.985156 0.007500 0.015104
0 0.734500 0.915885 0.008000 0.014063
0 0.741000 0.931510 0.007000 0.013021
