0 0.676875 0.114583 0.012750 0.035417
0 0.674375 0.220312 0.009250 0.020833
0 0.660750 0.169531 0.016500 0.029687
0 0.665875 0.165365 0.012250 0.029687
0 0.644000 0.276823 0.011500 0.029687
0 0.482250 0.086198 0.013500 0.026562
0 0.478750 0.120573 0.015000 0.023438
0 0.570500 0.301563 0.013000 0.031250
0 0.597500 0.370573 0.010000 0.032813
0 0.636875 0.410677 0.014250 0.032813
0 0.570750 0.448698 0.013500 0.028646
0 0.528625 0.447917 0.012250 0.027083
0 0.459750 0.418750 0.015500 0.028125
0 0.344000 0.882552 0.010000 0.032813
0 0.425500 0.805208 0.013000 0.023958
0 0.481250 0.718750 0.011500 0.030208
0 0.576875 0.778906 0.008750 0.019271
0 0.587000 0.737240 0.010000 0.025521
0 0.678250 0.582031 0.011500 0.029687
0 0.691125 0.601302 0.012750 0.035937
