0 0.157125 0.738281 0.006750 0.011979
0 0.157375 0.726562 0.005750 0.011458
0 0.166625 0.727344 0.004750 0.016146
0 0.170875 0.723177 0.004250 0.013021
0 0.167625 0.711198 0.004750 0.014063
0 0.172500 0.702604 0.005500 0.012500
0 0.153875 0.705729 0.004750 0.015625
0 0.146500 0.642708 0.005500 0.012500
0 0.120000 0.654167 0.008000 0.009375
0 0.132125 0.615625 0.005250 0.013542
0 0.242625 0.733073 0.006750 0.015104
0 0.215750 0.721615 0.005500 0.015104
0 0.234625 0.680208 0.006250 0.015625
0 0.209375 0.666146 0.008250 0.013542
0 0.210250 0.560156 0.005000 0.018229
0 0.201000 0.555208 0.007500 0.016667
0 0.229625 0.557292 0.005750 0.012500
0 0.192500 0.536198 0.003000 0.008854
0 0.191000 0.532813 0.004500 0.015625
0 0.189750 0.501042 0.008000 0.009375
0 0.208500 0.500000 0.006500 0.009375
0 0.229000 0.488542 0.008000 0.014583
0 0.202875 0.466406 0.004750 0.013021
0 0.210750 0.430729 0.005500 0.018750
0 0.177125 0.423437 0.004750 0.011458
0 0.175625 0.420052 0.003250 0.008854
0 0.234500 0.392969 0.007500 0.014063
0 0.208375 0.333073 0.005250 0.016146
0 0.191750 0.300781 0.008000 0.011979
0 0.220500 0.288802 0.006000 0.015104
0 0.225375 0.285677 0.004750 0.016146
0 0.261125 0.326042 0.008250 0.011458
0 0.199250 0.207812 0.005500 0.014583
0 0.191500 0.156250 0.006000 0.016667
0 0.267125 0.701042 0.004750 0.009375
0 0.272750 0.685937 0.004500 0.012500
0 0.279125 0.644792 0.005750 0.014583
0 0.336000 0.481510 0.006000 0.010937
0 0.337750 0.470312 0.004500 0.014583
0 0.305500 0.490625 0.004500 0.014583
0 0.300625 0.489583 0.004250 0.011458
0 0.300000 0.484115 0.004500 0.011979
0 0.321375 0.392969 0.004750 0.007812
0 0.329125 0.429948 0.003750 0.011979
0 0.331625 0.426823 0.004250 0.013021
0 0.336000 0.432292 0.006000 0.012500
0 0.335625 0.423437 0.004250 0.009375
0 0.313750 0.338542 0.004000 0.012500
0 0.315250 0.311198 0.005000 0.018229
0 0.321750 0.223437 0.004000 0.018750
0 0.355625 0.259896 0.006750 0.009375
0 0.352500 0.267188 0.006500 0.008333
0 0.351500 0.272135 0.006500 0.007812
0 0.348000 0.273177 0.005500 0.014063
0 0.342875 0.270052 0.005250 0.007812
0 0.389500 0.272917 0.008500 0.011458
0 0.369500 0.440365 0.007500 0.010937
0 0.320625 0.784896 0.008250 0.009375
0 0.314625 0.761198 0.006750 0.009896
0 0.318875 0.751563 0.006250 0.013542
0 0.306375 0.806250 0.006250 0.013542
0 0.305250 0.802083 0.005000 0.009375
0 0.335500 0.793490 0.005000 0.009896
0 0.363875 0.754167 0.006250 0.011458
0 0.342750 0.704427 0.008500 0.010937
0 0.331750 0.727083 0.003000 0.012500
0 0.330000 0.726562 0.004000 0.015625
0 0.341750 0.695573 0.006000 0.011979
0 0.341250 0.689583 0.005000 0.008333
0 0.340875 0.680469 0.004250 0.013021
0 0.336000 0.678906 0.004000 0.011979
0 0.344875 0.677604 0.003750 0.012500
0 0.363250 0.666667 0.006500 0.009375
0 0.362875 0.676823 0.007250 0.010937
0 0.372750 0.634896 0.005000 0.014583
0 0.380000 0.622656 0.005000 0.010937
0 0.372875 0.607031 0.005250 0.013021
0 0.384875 0.610677 0.004750 0.016146
0 0.397625 0.651042 0.007750 0.008333
0 0.399125 0.618490 0.005750 0.016146
0 0.416250 0.626302 0.005000 0.016146
0 0.401875 0.577865 0.007250 0.014063
0 0.411875 0.532813 0.005750 0.014583
0 0.429250 0.522396 0.006000 0.013542
0 0.432875 0.559115 0.005250 0.015104
0 0.445125 0.574479 0.007250 0.009375
0 0.444875 0.565885 0.006750 0.008854
0 0.446000 0.534115 0.005500 0.013021
0 0.448250 0.517188 0.006000 0.013542
0 0.433125 0.504687 0.006250 0.008333
0 0.428375 0.501823 0.002250 0.011979
0 0.426000 0.502865 0.003000 0.014063
0 0.436375 0.476302 0.008250 0.008854
0 0.460375 0.500000 0.006750 0.007292
0 0.459875 0.491667 0.006250 0.007292
0 0.478625 0.475260 0.006750 0.011979
0 0.467500 0.437240 0.005500 0.011979
0 0.465750 0.425781 0.004000 0.015104
0 0.552625 0.391146 0.005250 0.010417
0 0.493625 0.519010 0.004750 0.010937
0 0.498125 0.547135 0.006250 0.016146
0 0.520125 0.484375 0.005250 0.014583
0 0.901875 0.255990 0.006250 0.010937
0 0.949250 0.246354 0.006000 0.008333
0 0.846500 0.186198 0.005500 0.010937
0 0.952500 0.341667 0.004500 0.009375
