0 0.264583 0.758750 0.015625 0.005000
0 0.251563 0.753250 0.016667 0.008000
0 0.323437 0.730000 0.015625 0.004500
0 0.297396 0.706750 0.017708 0.006500
0 0.255990 0.669250 0.010937 0.006000
0 0.205469 0.649625 0.008854 0.005750
0 0.145313 0.658250 0.013542 0.006500
0 0.147396 0.636750 0.007292 0.008500
0 0.140625 0.633375 0.007292 0.007750
0 0.080729 0.639500 0.008333 0.009000
0 0.120573 0.626250 0.016146 0.004500
0 0.123958 0.621125 0.009375 0.005750
0 0.117969 0.616500 0.010937 0.005500
0 0.102344 0.619750 0.006771 0.007500
0 0.094271 0.619125 0.007292 0.006750
0 0.036198 0.626875 0.013021 0.003250
0 0.044271 0.623250 0.009375 0.006500
0 0.049219 0.614250 0.005729 0.007000
0 0.044010 0.614500 0.005729 0.006500
0 0.004167 0.614500 0.008333 0.005000
0 0.006250 0.613000 0.010417 0.004500
0 0.086458 0.589250 0.013542 0.004000
0 0.139323 0.591750 0.016146 0.004000
0 0.215625 0.603250 0.013542 0.003500
0 0.257292 0.615750 0.007292 0.005000
0 0.253646 0.615375 0.008333 0.005250
0 0.246094 0.615250 0.007812 0.006000
0 0.242448 0.612000 0.009896 0.004000
0 0.318490 0.629875 0.007812 0.005750
0 0.254167 0.621125 0.007292 0.003250
0 0.245052 0.619500 0.006771 0.003000
0 0.398958 0.625750 0.013542 0.005500
0 0.390625 0.620750 0.012500 0.004000
0 0.378385 0.613125 0.014063 0.006250
0 0.340625 0.610500 0.014583 0.007000
0 0.354167 0.594625 0.012500 0.007250
0 0.342187 0.589500 0.012500 0.004500
0 0.333854 0.584250 0.010417 0.006000
0 0.336719 0.583000 0.007812 0.005000
0 0.328125 0.560750 0.012500 0.007000
0 0.303385 0.564750 0.013021 0.006000
0 0.210677 0.542000 0.011979 0.007000
0 0.148438 0.538500 0.015625 0.008000
0 0.172396 0.521500 0.011458 0.009000
0 0.204167 0.510500 0.009375 0.008500
0 0.181771 0.507125 0.015625 0.003750
0 0.194792 0.511625 0.008333 0.007250
0 0.191146 0.510500 0.009375 0.005500
0 0.217188 0.491500 0.016667 0.006000
0 0.179427 0.471375 0.010937 0.005250
0 0.144531 0.473750 0.014063 0.009500
0 0.121875 0.453250 0.010417 0.006500
0 0.125521 0.452125 0.008333 0.005750
0 0.109896 0.444000 0.013542 0.005500
0 0.111979 0.442500 0.011458 0.004500
0 0.116667 0.416750 0.014583 0.008500
0 0.468229 0.579625 0.010417 0.007250
0 0.452344 0.577500 0.011979 0.006500
0 0.432812 0.572500 0.012500 0.005500
0 0.435417 0.571375 0.012500 0.004250
0 0.432031 0.560125 0.014063 0.004750
0 0.377604 0.555875 0.009375 0.007250
0 0.392969 0.548500 0.009896 0.007500
0 0.393490 0.539000 0.008854 0.006500
0 0.368490 0.549250 0.010937 0.005500
0 0.364063 0.545125 0.009375 0.003750
0 0.366146 0.543125 0.012500 0.004250
0 0.375781 0.540375 0.010937 0.003250
0 0.376823 0.538500 0.010937 0.003000
0 0.372135 0.527500 0.010937 0.005000
0 0.355208 0.514750 0.010417 0.007000
0 0.329688 0.526375 0.011458 0.006250
0 0.332813 0.503750 0.008333 0.004500
0 0.335938 0.502500 0.007292 0.005000
0 0.347396 0.503000 0.006250 0.005000
0 0.350521 0.502250 0.007292 0.005500
0 0.357552 0.504500 0.006771 0.006500
0 0.326302 0.492000 0.008854 0.005000
0 0.304427 0.492250 0.010937 0.004500
0 0.321094 0.485625 0.008854 0.006250
0 0.327865 0.487750 0.005729 0.006500
0 0.334896 0.484375 0.010417 0.004250
0 0.334115 0.480750 0.013021 0.004000
0 0.318490 0.471750 0.010937 0.004500
0 0.297135 0.446000 0.010937 0.004500
0 0.281250 0.444000 0.008333 0.004000
0 0.291406 0.440875 0.009896 0.003250
0 0.289323 0.442750 0.009896 0.003500
0 0.288281 0.444500 0.006771 0.004500
0 0.312500 0.436875 0.013542 0.005250
0 0.265625 0.407500 0.013542 0.006000
0 0.267969 0.378250 0.014063 0.006500
0 0.336458 0.422625 0.008333 0.005750
0 0.345052 0.419625 0.008854 0.006250
0 0.338802 0.431250 0.006771 0.006000
0 0.345313 0.432250 0.006250 0.004500
0 0.338281 0.439125 0.010937 0.005250
0 0.363281 0.444875 0.009896 0.005250
0 0.369531 0.448750 0.010937 0.005000
0 0.357812 0.458875 0.008333 0.006250
0 0.421354 0.461375 0.007292 0.006250
0 0.379688 0.466375 0.006250 0.005750
0 0.374740 0.465250 0.004687 0.007000
0 0.375521 0.490750 0.008333 0.005500
0 0.389323 0.499250 0.004687 0.005500
0 0.384896 0.499125 0.004167 0.005750
0 0.392708 0.497375 0.005208 0.006250
0 0.398958 0.496000 0.006250 0.006500
0 0.403646 0.501125 0.009375 0.005750
0 0.425000 0.492375 0.015625 0.004250
0 0.465885 0.507625 0.009896 0.006750
0 0.433594 0.518500 0.014063 0.005000
0 0.402865 0.516500 0.011979 0.003500
0 0.406250 0.519875 0.007292 0.005250
0 0.414323 0.509500 0.007812 0.007000
0 0.424740 0.512125 0.007812 0.005750
0 0.428646 0.511000 0.009375 0.005000
0 0.531250 0.593875 0.008333 0.007250
0 0.525521 0.589500 0.010417 0.004000
0 0.539323 0.570250 0.013021 0.003000
0 0.539583 0.568000 0.012500 0.003000
0 0.544792 0.561125 0.009375 0.006750
0 0.562240 0.549125 0.007812 0.007250
0 0.552083 0.546625 0.012500 0.006750
0 0.555990 0.540125 0.008854 0.006250
0 0.565885 0.540875 0.007812 0.006750
0 0.590104 0.547250 0.009375 0.007000
0 0.543490 0.521125 0.010937 0.004250
0 0.574479 0.528750 0.007292 0.004500
0 0.573177 0.528000 0.008854 0.006000
0 0.569792 0.527250 0.007292 0.006500
0 0.619792 0.516875 0.009375 0.007750
0 0.603906 0.514375 0.009896 0.007250
0 0.589323 0.504875 0.006771 0.007250
0 0.582812 0.505250 0.009375 0.006500
0 0.645312 0.500375 0.015625 0.005250
0 0.599479 0.489750 0.008333 0.009500
0 0.642969 0.475125 0.009896 0.006750
0 0.613542 0.462750 0.008333 0.007000
0 0.619531 0.453375 0.007812 0.007750
0 0.650521 0.472250 0.006250 0.007500
0 0.655469 0.472125 0.006771 0.006250
0 0.697135 0.459250 0.016146 0.004500
0 0.656250 0.457250 0.006250 0.007500
0 0.650781 0.457250 0.006771 0.006000
0 0.702344 0.446000 0.016146 0.004000
0 0.702344 0.442000 0.011979 0.005500
0 0.683594 0.417250 0.011979 0.005500
0 0.692448 0.413750 0.014063 0.005500
0 0.687500 0.328875 0.016667 0.004750
0 0.636979 0.611625 0.013542 0.007250
0 0.676823 0.612750 0.014063 0.008000
0 0.670573 0.597000 0.016146 0.006000
0 0.672656 0.591375 0.010937 0.003750
0 0.742969 0.601875 0.010937 0.008750
0 0.763542 0.590750 0.017708 0.004000
0 0.737760 0.580125 0.013021 0.006250
0 0.771354 0.569250 0.007292 0.008000
0 0.762760 0.570750 0.010937 0.006500
0 0.786719 0.547750 0.009896 0.006000
0 0.782813 0.545375 0.007292 0.003750
0 0.775260 0.548500 0.011979 0.006500
0 0.835938 0.494625 0.011458 0.006250
0 0.721094 0.663875 0.011979 0.006250
0 0.729167 0.663500 0.015625 0.005500
0 0.834115 0.654750 0.018229 0.004500
0 0.829948 0.651375 0.015104 0.004750
0 0.832292 0.645125 0.014583 0.004750
0 0.907813 0.647000 0.012500 0.004000
0 0.922656 0.633000 0.013021 0.008500
0 0.067187 0.235125 0.011458 0.006250
