0 0.149750 0.597135 0.008000 0.011979
0 0.157000 0.590625 0.006500 0.015625
0 0.208250 0.622135 0.007500 0.015104
0 0.210375 0.646875 0.004750 0.017708
0 0.212875 0.721094 0.007250 0.009896
0 0.204375 0.723698 0.007750 0.013021
0 0.231875 0.617969 0.005750 0.016146
0 0.276000 0.567187 0.006000 0.018750
0 0.294250 0.628385 0.006500 0.009896
0 0.298000 0.635156 0.005000 0.010937
0 0.307625 0.678125 0.007250 0.014583
0 0.335625 0.738542 0.004250 0.010417
0 0.339000 0.746875 0.004000 0.009375
0 0.356125 0.865625 0.007250 0.014583
0 0.367625 0.934635 0.006750 0.005729
0 0.366875 0.939583 0.007750 0.005208
0 0.368500 0.944792 0.007500 0.006250
0 0.417750 0.984635 0.005000 0.006771
0 0.416750 0.978646 0.005500 0.005208
0 0.386750 0.893490 0.007000 0.015104
0 0.379125 0.877344 0.005750 0.009896
0 0.284625 0.495573 0.007750 0.013021
0 0.346000 0.594531 0.003500 0.011979
0 0.348500 0.603906 0.006500 0.007812
0 0.391375 0.656771 0.007250 0.006250
0 0.392125 0.661979 0.005750 0.006250
0 0.454875 0.744010 0.007250 0.006771
0 0.456000 0.749740 0.006000 0.005729
0 0.470000 0.764583 0.007000 0.015625
0 0.449250 0.759896 0.003500 0.009375
0 0.446875 0.763802 0.004250 0.011979
0 0.454500 0.814323 0.007500 0.013021
0 0.467000 0.824479 0.006500 0.013542
0 0.482125 0.789844 0.007250 0.008854
0 0.488125 0.794792 0.008250 0.010417
0 0.523000 0.852865 0.006000 0.015104
0 0.534250 0.874219 0.006000 0.016146
0 0.542125 0.883333 0.005750 0.016667
0 0.550750 0.899479 0.007000 0.014583
0 0.582125 0.961979 0.005250 0.016667
0 0.612625 0.993750 0.004250 0.011458
0 0.478500 0.738542 0.007000 0.010417
0 0.452375 0.710677 0.007750 0.009896
0 0.450000 0.694531 0.003500 0.017188
0 0.447250 0.695573 0.002500 0.013021
0 0.310625 0.425781 0.007250 0.013021
0 0.345875 0.471875 0.005250 0.011458
0 0.357750 0.430990 0.005500 0.013021
0 0.360500 0.426042 0.005000 0.012500
0 0.384750 0.432031 0.007000 0.006771
0 0.388125 0.426042 0.008750 0.010417
0 0.434000 0.422917 0.005500 0.010417
0 0.432500 0.419271 0.007000 0.010417
0 0.450625 0.422396 0.005250 0.015625
0 0.452875 0.419531 0.005750 0.011979
0 0.443875 0.442188 0.007250 0.009375
0 0.444500 0.436979 0.006500 0.006250
0 0.378875 0.477083 0.007750 0.009375
0 0.396500 0.463281 0.007500 0.014063
0 0.410000 0.466146 0.007000 0.007292
0 0.411250 0.471354 0.006000 0.005208
0 0.424875 0.460677 0.007750 0.013021
0 0.451500 0.468490 0.006500 0.015104
0 0.471250 0.472396 0.008000 0.010417
0 0.472875 0.481510 0.007750 0.006771
0 0.474500 0.488021 0.008000 0.007292
0 0.481375 0.499479 0.007250 0.008333
0 0.481750 0.504167 0.006000 0.006250
0 0.490500 0.486458 0.007500 0.005208
0 0.491125 0.490625 0.005750 0.006250
0 0.495375 0.482552 0.006750 0.007812
0 0.507375 0.491667 0.009750 0.012500
0 0.559125 0.495312 0.007750 0.009375
0 0.636375 0.511198 0.008250 0.014063
0 0.566125 0.472135 0.005750 0.010937
0 0.568500 0.467969 0.007500 0.011979
0 0.371875 0.251563 0.005250 0.014583
0 0.408875 0.190625 0.007250 0.005208
0 0.408625 0.185417 0.007250 0.007292
0 0.450875 0.164062 0.008750 0.010417
0 0.471375 0.163021 0.007250 0.007292
0 0.472375 0.157552 0.006750 0.005729
0 0.465125 0.150260 0.006750 0.006771
0 0.465000 0.145313 0.006500 0.006250
0 0.522375 0.182552 0.004750 0.015104
0 0.516625 0.162760 0.007250 0.009896
0 0.534625 0.148958 0.006750 0.006250
0 0.535000 0.142969 0.006500 0.006771
0 0.544250 0.131250 0.006500 0.008333
0 0.544875 0.134635 0.007250 0.005729
0 0.545125 0.139323 0.006250 0.005729
0 0.576625 0.132292 0.004250 0.014583
0 0.601875 0.116667 0.008250 0.009375
0 0.585250 0.114583 0.005000 0.011458
0 0.581875 0.116667 0.003250 0.011458
0 0.591125 0.118229 0.006750 0.006250
0 0.591875 0.122396 0.006750 0.006250
0 0.568625 0.094271 0.004250 0.015625
0 0.571000 0.087760 0.006500 0.008854
0 0.575500 0.093490 0.006000 0.008854
0 0.577625 0.065885 0.007250 0.006771
0 0.577625 0.061198 0.006750 0.005729
0 0.294875 0.285938 0.004750 0.013542
0 0.321875 0.230469 0.006750 0.016146
0 0.350375 0.156510 0.002750 0.015104
0 0.347875 0.156771 0.002750 0.016667
0 0.371250 0.134375 0.004500 0.016667
0 0.374125 0.095312 0.002250 0.014583
0 0.377375 0.096354 0.003750 0.015625
0 0.408625 0.025781 0.003750 0.016146
0 0.415500 0.026042 0.006000 0.012500
0 0.426875 0.021615 0.004750 0.015104
0 0.397625 0.043229 0.002750 0.014583
0 0.400250 0.044792 0.002500 0.012500
0 0.383375 0.047396 0.004750 0.011458
0 0.356375 0.100781 0.005250 0.011979
0 0.354125 0.097656 0.004750 0.013021
0 0.263500 0.232292 0.006500 0.008333
0 0.267250 0.223177 0.006500 0.008854
0 0.262875 0.241406 0.006750 0.009896
0 0.274375 0.237240 0.006750 0.011979
0 0.273750 0.225781 0.006500 0.007812
0 0.278875 0.218750 0.005750 0.009375
0 0.281500 0.209375 0.007000 0.010417
0 0.319000 0.076302 0.007000 0.009896
