0 0.064323 0.516375 0.010937 0.006250
0 0.003906 0.498000 0.007812 0.004000
0 0.003385 0.495750 0.006771 0.002000
0 0.057031 0.479250 0.017188 0.005500
0 0.127604 0.460000 0.009375 0.005500
0 0.160156 0.450375 0.008854 0.006250
0 0.152865 0.449000 0.011979 0.005500
0 0.205208 0.437625 0.012500 0.004750
0 0.197917 0.435625 0.008333 0.006750
0 0.194531 0.434500 0.008854 0.004500
0 0.250260 0.423000 0.011979 0.005500
0 0.241406 0.418625 0.013021 0.005250
0 0.265625 0.420500 0.010417 0.005500
0 0.264062 0.418625 0.008333 0.003250
0 0.276302 0.408250 0.013021 0.005500
0 0.257292 0.404375 0.015625 0.004250
0 0.220573 0.391875 0.011979 0.005250
0 0.333594 0.398375 0.013021 0.006250
0 0.373437 0.397000 0.009375 0.004500
0 0.385417 0.393250 0.011458 0.002000
0 0.383333 0.391875 0.010417 0.002250
0 0.406510 0.385750 0.011979 0.002500
0 0.407292 0.383625 0.007292 0.002250
0 0.307031 0.417375 0.010937 0.003250
0 0.312760 0.419375 0.007812 0.006250
0 0.293490 0.430250 0.010937 0.003000
0 0.296354 0.434000 0.009375 0.006000
0 0.275000 0.425500 0.009375 0.005000
0 0.279948 0.425000 0.006771 0.004500
0 0.257552 0.440625 0.008854 0.005750
0 0.244531 0.436375 0.011979 0.004250
0 0.253906 0.432500 0.010937 0.004000
0 0.256771 0.435375 0.009375 0.003750
0 0.251563 0.439500 0.013542 0.004500
0 0.259896 0.448375 0.010417 0.006250
0 0.255469 0.450250 0.010937 0.002500
0 0.254688 0.452000 0.013542 0.003000
0 0.227344 0.449125 0.008854 0.003250
0 0.228646 0.447375 0.012500 0.004250
0 0.195833 0.458500 0.012500 0.003500
0 0.194792 0.461375 0.015625 0.003750
0 0.197396 0.464375 0.013542 0.003250
0 0.185417 0.467000 0.012500 0.003000
0 0.185677 0.464750 0.013021 0.003500
0 0.436198 0.440625 0.007812 0.004750
0 0.424740 0.472125 0.009896 0.006750
0 0.400781 0.494500 0.008854 0.005500
0 0.387500 0.510625 0.009375 0.005250
0 0.351823 0.527750 0.009896 0.005500
0 0.284375 0.546375 0.009375 0.006250
0 0.392708 0.529875 0.006250 0.004750
0 0.388281 0.528250 0.006771 0.006500
0 0.359115 0.559250 0.006771 0.006000
0 0.351823 0.561250 0.007812 0.005000
0 0.351302 0.558500 0.010937 0.004000
0 0.358594 0.549250 0.006771 0.003500
0 0.356771 0.547750 0.010417 0.004000
0 0.348958 0.550375 0.006250 0.005250
0 0.353125 0.553750 0.004167 0.004500
0 0.344010 0.555250 0.008854 0.003500
0 0.341927 0.565625 0.011979 0.004250
0 0.342187 0.572375 0.006250 0.006750
0 0.351823 0.569625 0.006771 0.003750
0 0.346615 0.572875 0.003646 0.004750
0 0.359635 0.573750 0.010937 0.003500
0 0.372135 0.583250 0.005729 0.006000
0 0.350000 0.581375 0.010417 0.006250
0 0.363802 0.578125 0.005729 0.004750
0 0.361198 0.578000 0.007812 0.005000
0 0.357292 0.576750 0.006250 0.003500
0 0.351562 0.575250 0.004167 0.006000
0 0.347656 0.575375 0.004687 0.004250
0 0.308854 0.619500 0.009375 0.006500
0 0.311979 0.610375 0.008333 0.006750
0 0.316667 0.613625 0.004167 0.005250
0 0.322396 0.615000 0.007292 0.002500
0 0.334375 0.611875 0.008333 0.004750
0 0.328646 0.611875 0.005208 0.004750
0 0.319531 0.611375 0.005729 0.005250
0 0.324740 0.611125 0.003646 0.006250
0 0.283333 0.663500 0.010417 0.003000
0 0.279687 0.607500 0.004167 0.006500
0 0.284896 0.608000 0.006250 0.007500
0 0.257292 0.581500 0.013542 0.007000
0 0.307031 0.571750 0.006771 0.006500
0 0.317188 0.565750 0.009375 0.008000
0 0.517969 0.374875 0.010937 0.006250
0 0.560677 0.393750 0.013021 0.005500
0 0.563281 0.406000 0.013021 0.004000
0 0.540885 0.407750 0.008854 0.007500
0 0.531771 0.397000 0.009375 0.004500
0 0.529687 0.395000 0.005208 0.005000
0 0.550521 0.412750 0.008333 0.006000
0 0.547396 0.411625 0.007292 0.004750
0 0.538542 0.420875 0.006250 0.006750
0 0.541927 0.427125 0.003646 0.006250
0 0.546094 0.427375 0.004687 0.005750
0 0.546354 0.434375 0.006250 0.006250
0 0.552865 0.434625 0.007812 0.006250
0 0.600260 0.440125 0.010937 0.006750
0 0.564583 0.451375 0.008333 0.006750
0 0.585156 0.453375 0.006771 0.006750
0 0.591146 0.457375 0.007292 0.006750
0 0.595833 0.457125 0.005208 0.006250
0 0.600000 0.456750 0.005208 0.005500
0 0.596354 0.463125 0.009375 0.006250
0 0.576823 0.464125 0.005729 0.006250
0 0.567448 0.466375 0.013021 0.002750
0 0.561719 0.464500 0.009896 0.003500
0 0.568490 0.461500 0.006771 0.006500
0 0.583073 0.464625 0.006771 0.004250
0 0.588021 0.468250 0.007292 0.005500
0 0.597396 0.473500 0.007292 0.006000
0 0.590365 0.477375 0.007812 0.005750
0 0.576562 0.481250 0.009375 0.005500
0 0.554948 0.474750 0.006771 0.004500
0 0.569271 0.497750 0.006250 0.004000
0 0.585677 0.502000 0.007812 0.006500
0 0.595833 0.506875 0.005208 0.006250
0 0.591146 0.506500 0.005208 0.006000
0 0.618750 0.487625 0.008333 0.005750
0 0.621354 0.486750 0.008333 0.005500
0 0.595313 0.544375 0.008333 0.005750
0 0.617969 0.537125 0.011979 0.005750
0 0.626302 0.546875 0.005729 0.005250
0 0.629948 0.546625 0.007812 0.006250
0 0.633854 0.542750 0.007292 0.005500
0 0.658073 0.526750 0.008854 0.006000
0 0.703385 0.527375 0.006771 0.005750
0 0.709375 0.527000 0.008333 0.007000
0 0.642708 0.523125 0.007292 0.003750
0 0.640104 0.522500 0.008333 0.005500
0 0.688802 0.550125 0.010937 0.004750
0 0.701302 0.552250 0.008854 0.006000
0 0.692187 0.559125 0.007292 0.006250
0 0.703906 0.586125 0.011979 0.005750
0 0.692969 0.599125 0.010937 0.004250
0 0.689844 0.594125 0.009896 0.005750
0 0.683073 0.595000 0.008854 0.006000
0 0.678646 0.596875 0.008333 0.006750
0 0.612760 0.630625 0.008854 0.005250
0 0.976302 0.310375 0.009896 0.006250
0 0.159896 0.620500 0.012500 0.007000
