0 0.182031 0.415625 0.013021 0.006750
0 0.118229 0.370250 0.017708 0.005500
0 0.132812 0.341500 0.011458 0.007000
0 0.175521 0.337750 0.007292 0.008000
0 0.107292 0.331375 0.013542 0.006250
0 0.179948 0.320250 0.008854 0.007000
0 0.174740 0.314125 0.006771 0.006250
0 0.174740 0.306125 0.011979 0.007250
0 0.196354 0.281000 0.010417 0.007500
0 0.100260 0.298375 0.011979 0.006250
0 0.127865 0.303250 0.015104 0.008000
0 0.129167 0.289875 0.011458 0.007750
0 0.113542 0.284375 0.009375 0.006750
0 0.111458 0.274250 0.008333 0.007000
0 0.121354 0.273750 0.011458 0.007000
0 0.077604 0.211625 0.010417 0.007750
0 0.105729 0.226250 0.008333 0.007500
0 0.112500 0.217125 0.007292 0.007250
0 0.123958 0.225625 0.012500 0.004750
0 0.168750 0.194500 0.008333 0.008000
0 0.188281 0.186000 0.015104 0.006500
0 0.222917 0.197250 0.008333 0.007000
0 0.281510 0.188125 0.008854 0.009250
0 0.177344 0.219625 0.010937 0.005750
0 0.171354 0.223875 0.014583 0.007750
0 0.262760 0.134250 0.017188 0.005500
0 0.159115 0.096375 0.011979 0.004750
0 0.156771 0.014375 0.019792 0.006250
0 0.312500 0.414250 0.012500 0.007000
0 0.360417 0.388250 0.012500 0.007000
0 0.340625 0.384000 0.014583 0.006500
0 0.417969 0.339750 0.016146 0.004500
0 0.415104 0.334125 0.010417 0.007750
0 0.491667 0.331125 0.010417 0.006250
0 0.579167 0.298000 0.010417 0.005500
0 0.529427 0.291875 0.015104 0.005250
0 0.516146 0.282750 0.011458 0.004500
0 0.515104 0.256625 0.011458 0.008250
0 0.473958 0.221500 0.010417 0.005500
0 0.461458 0.217125 0.013542 0.004250
0 0.495833 0.193500 0.012500 0.007000
0 0.529687 0.174875 0.013542 0.005750
0 0.545573 0.169000 0.014063 0.005000
0 0.561979 0.163250 0.008333 0.007500
0 0.586458 0.154250 0.018750 0.007000
0 0.604948 0.172000 0.014063 0.006500
0 0.669271 0.116000 0.020833 0.006500
0 0.683333 0.086750 0.010417 0.007000
0 0.761719 0.161125 0.010937 0.007250
0 0.752344 0.177375 0.015104 0.007250
0 0.679688 0.213375 0.015625 0.006750
0 0.698698 0.241125 0.011979 0.005750
0 0.346615 0.443500 0.015104 0.003500
0 0.428385 0.421500 0.016146 0.004500
0 0.493750 0.416125 0.011458 0.006250
0 0.554688 0.403000 0.010417 0.008000
0 0.611198 0.384500 0.014063 0.003500
0 0.609896 0.370625 0.014583 0.003750
0 0.631250 0.377500 0.012500 0.006000
0 0.691667 0.378875 0.012500 0.005250
0 0.819792 0.353625 0.015625 0.005750
0 0.794531 0.344375 0.013021 0.008750
0 0.830729 0.310250 0.010417 0.008000
0 0.849479 0.342625 0.010417 0.007750
0 0.858333 0.339625 0.011458 0.007250
0 0.976823 0.324500 0.017188 0.007500
0 0.992969 0.306750 0.013021 0.006000
0 0.407031 0.509625 0.010937 0.007250
0 0.611458 0.551625 0.014583 0.005250
0 0.625000 0.527250 0.014583 0.005500
0 0.661198 0.539750 0.016146 0.004000
0 0.648698 0.549500 0.009896 0.005000
0 0.718750 0.529500 0.014583 0.005000
0 0.711979 0.545125 0.015625 0.004250
0 0.746615 0.535375 0.017188 0.005250
0 0.824740 0.521375 0.015104 0.004750
0 0.856250 0.513500 0.013542 0.004500
0 0.792708 0.573000 0.015625 0.006000
0 0.849479 0.560875 0.015625 0.004750
0 0.823437 0.550750 0.015625 0.003500
0 0.831250 0.547875 0.015625 0.003750
0 0.828125 0.590500 0.017708 0.008000
0 0.872396 0.580500 0.013542 0.006000
0 0.883854 0.576875 0.016667 0.006250
0 0.919792 0.567625 0.017708 0.004750
0 0.920312 0.529250 0.018750 0.007000
0 0.957031 0.549250 0.018229 0.004500
0 0.961198 0.556000 0.016146 0.006000
0 0.976823 0.561625 0.017188 0.004250
0 0.987500 0.570875 0.016667 0.004250
0 0.982552 0.574625 0.011979 0.005750
0 0.965104 0.740250 0.013542 0.004500
0 0.989583 0.718500 0.009375 0.007500
0 0.892969 0.713500 0.016146 0.006000
0 0.891927 0.703125 0.017188 0.004750
0 0.904687 0.742875 0.014583 0.005750
0 0.926042 0.743625 0.014583 0.005250
0 0.936719 0.766250 0.016146 0.006000
0 0.894271 0.767500 0.015625 0.007000
0 0.891667 0.781625 0.012500 0.007250
0 0.915365 0.778000 0.011979 0.005000
0 0.818750 0.761000 0.011458 0.005000
0 0.864062 0.701375 0.014583 0.006750
0 0.821094 0.697875 0.014063 0.004750
0 0.752865 0.726750 0.013021 0.005000
0 0.715104 0.704750 0.013542 0.004500
0 0.675000 0.693250 0.013542 0.005500
0 0.706771 0.681000 0.009375 0.008000
0 0.767708 0.682250 0.009375 0.006500
0 0.543750 0.632125 0.015625 0.007250
0 0.567187 0.658125 0.009375 0.005250
0 0.295312 0.612000 0.011458 0.007500
0 0.286458 0.620125 0.012500 0.006750
0 0.296094 0.635250 0.011979 0.007500
0 0.312500 0.710750 0.009375 0.006000
0 0.260417 0.788750 0.012500 0.008500
0 0.394531 0.749250 0.008854 0.008500
0 0.416927 0.730375 0.008854 0.008250
0 0.411979 0.718875 0.011458 0.006250
0 0.346875 0.730125 0.008333 0.008750
0 0.352604 0.726625 0.011458 0.008750
0 0.305990 0.805125 0.014063 0.005250
0 0.322396 0.820125 0.010417 0.008250
0 0.370312 0.812000 0.015625 0.007000
0 0.424479 0.827000 0.010417 0.008500
0 0.435677 0.799375 0.010937 0.009250
0 0.446875 0.800750 0.012500 0.009000
0 0.490104 0.828500 0.011458 0.008500
0 0.494010 0.814125 0.010937 0.008250
0 0.485156 0.812000 0.008854 0.008500
0 0.431250 0.845875 0.011458 0.007750
0 0.284115 0.870500 0.014063 0.008000
0 0.311719 0.868125 0.010937 0.008250
0 0.335677 0.856375 0.013021 0.007750
0 0.348698 0.855500 0.010937 0.009500
0 0.546875 0.872500 0.009375 0.008000
0 0.525521 0.880500 0.014583 0.008000
0 0.532031 0.906250 0.015104 0.007500
0 0.462240 0.903375 0.010937 0.005750
0 0.410677 0.899875 0.016146 0.008750
0 0.420312 0.891625 0.013542 0.007250
0 0.340625 0.941250 0.014583 0.006000
0 0.534896 0.944875 0.011458 0.008250
0 0.127604 0.718250 0.011458 0.006500
