0 0.727865 0.362250 0.030729 0.012000
0 0.769010 0.393250 0.018229 0.013000
0 0.766927 0.457625 0.020313 0.009250
0 0.635417 0.504875 0.022917 0.009250
0 0.630729 0.525375 0.025000 0.009750
0 0.554427 0.490500 0.019271 0.011000
0 0.379167 0.452750 0.012500 0.011500
0 0.415885 0.458750 0.022396 0.010500
0 0.458333 0.499250 0.014583 0.011000
0 0.378385 0.523875 0.027604 0.014750
0 0.318490 0.522000 0.016146 0.011000
0 0.150260 0.557750 0.021354 0.012500
0 0.433854 0.594125 0.022917 0.010250
0 0.395052 0.603000 0.019271 0.011000
0 0.333073 0.624250 0.016146 0.012000
0 0.433854 0.630125 0.017708 0.009750
0 0.460677 0.622000 0.019271 0.013000
0 0.502865 0.814125 0.016146 0.014750
0 0.334896 0.854125 0.016667 0.009750
0 0.682031 0.814375 0.018229 0.010750
0 0.689844 0.807875 0.010937 0.007750
0 0.645833 0.872125 0.013542 0.008750
