0 0.213000 0.043750 0.008000 0.017708
0 0.373000 0.374479 0.005500 0.015625
0 0.364750 0.362500 0.006500 0.014583
0 0.396750 0.369010 0.010000 0.017188
0 0.443125 0.209635 0.008250 0.015104
0 0.471125 0.195312 0.008250 0.017708
0 0.433000 0.216927 0.003000 0.011979
0 0.431250 0.216667 0.004500 0.014583
0 0.420500 0.560677 0.008500 0.013021
0 0.430625 0.494010 0.005250 0.006771
0 0.430625 0.489583 0.006750 0.008333
0 0.447000 0.463802 0.005500 0.008854
0 0.447125 0.458333 0.007250 0.007292
0 0.509000 0.409115 0.007000 0.013021
0 0.515625 0.405729 0.007250 0.010417
0 0.540625 0.431250 0.009250 0.010417
0 0.566500 0.436979 0.007500 0.011458
0 0.573625 0.432812 0.005750 0.009375
0 0.576125 0.392188 0.007750 0.011458
0 0.564125 0.380208 0.008750 0.012500
0 0.574625 0.354427 0.007750 0.010937
0 0.587875 0.358854 0.007250 0.010417
0 0.596500 0.339844 0.007000 0.013021
0 0.676000 0.385677 0.008000 0.015104
0 0.615875 0.455208 0.007750 0.014583
0 0.584625 0.464062 0.005750 0.014583
0 0.576875 0.462500 0.006750 0.014583
0 0.534750 0.522396 0.009000 0.015625
0 0.526375 0.529687 0.006750 0.015625
0 0.490125 0.518750 0.007750 0.011458
0 0.468375 0.550781 0.006750 0.014063
0 0.385500 0.723437 0.008000 0.012500
0 0.421625 0.740104 0.007250 0.010417
0 0.453625 0.755990 0.006250 0.007812
0 0.453875 0.749479 0.005750 0.006250
0 0.485500 0.753906 0.005000 0.008854
0 0.534500 0.711979 0.003000 0.009375
0 0.535000 0.702344 0.003500 0.008854
0 0.541250 0.837760 0.004500 0.008854
0 0.541000 0.869531 0.003500 0.008854
0 0.541000 0.894010 0.003500 0.008854
0 0.445125 0.940365 0.003750 0.008854
0 0.311375 0.820312 0.004250 0.011458
