0 0.378646 0.762125 0.014583 0.007250
0 0.328125 0.597875 0.010417 0.006750
0 0.337500 0.598500 0.008333 0.007500
0 0.345313 0.601375 0.007292 0.008750
0 0.375521 0.612250 0.012500 0.007000
0 0.391667 0.630500 0.012500 0.006500
0 0.400521 0.619125 0.012500 0.006250
0 0.403906 0.617375 0.009896 0.004750
0 0.472135 0.640500 0.017188 0.006500
0 0.492708 0.630125 0.016667 0.006250
0 0.511458 0.626875 0.011458 0.008750
0 0.519010 0.624875 0.007812 0.007250
0 0.533073 0.629750 0.016146 0.006000
0 0.564063 0.622375 0.012500 0.008250
0 0.559635 0.636875 0.014063 0.007250
0 0.534115 0.642875 0.014063 0.005250
0 0.546615 0.645125 0.013021 0.004250
0 0.552083 0.643750 0.014583 0.003500
0 0.544010 0.639750 0.010937 0.005000
0 0.532031 0.637500 0.014063 0.006500
0 0.590365 0.636250 0.017188 0.005000
0 0.582031 0.651125 0.016146 0.007750
0 0.592708 0.644625 0.015625 0.005250
0 0.623958 0.638875 0.015625 0.005250
0 0.611458 0.649125 0.014583 0.004750
0 0.615625 0.653625 0.015625 0.005750
0 0.629427 0.663500 0.014063 0.005000
0 0.612500 0.644125 0.012500 0.003750
0 0.614844 0.642000 0.014063 0.004500
0 0.538802 0.674875 0.018229 0.006250
0 0.570573 0.670750 0.016146 0.005500
0 0.593490 0.671625 0.014063 0.005750
0 0.679427 0.669875 0.016146 0.007750
0 0.716146 0.661125 0.016667 0.005750
0 0.712240 0.687750 0.016146 0.005500
0 0.624219 0.732125 0.016146 0.005250
0 0.648177 0.718000 0.016146 0.003500
0 0.600781 0.717000 0.014063 0.005000
0 0.614844 0.717625 0.011979 0.005750
0 0.647917 0.722625 0.015625 0.004750
0 0.781510 0.737875 0.015104 0.004750
0 0.834115 0.715250 0.017188 0.007000
0 0.804948 0.717250 0.015104 0.011500
0 0.785677 0.695750 0.014063 0.005000
0 0.786719 0.693625 0.015104 0.004750
0 0.756510 0.687250 0.017188 0.008000
0 0.735417 0.684875 0.015625 0.004750
0 0.742448 0.688500 0.015104 0.005000
0 0.753906 0.756750 0.029687 0.013500
0 0.310677 0.589875 0.011979 0.007750
0 0.242188 0.547000 0.015625 0.005000
0 0.332813 0.540375 0.014583 0.005250
0 0.385417 0.531875 0.011458 0.005750
0 0.411198 0.544375 0.009896 0.008250
0 0.433594 0.542500 0.013021 0.007000
0 0.436979 0.532125 0.012500 0.006750
0 0.454167 0.531750 0.016667 0.004000
0 0.446875 0.529500 0.015625 0.004500
0 0.478906 0.540875 0.008854 0.006750
0 0.492448 0.546125 0.013021 0.006250
0 0.502865 0.548000 0.013021 0.004000
0 0.523958 0.542125 0.008333 0.005250
0 0.522656 0.538875 0.011979 0.004250
0 0.517448 0.537000 0.007812 0.005000
0 0.529427 0.526875 0.016146 0.004750
0 0.545312 0.526000 0.013542 0.006000
0 0.552344 0.525250 0.010937 0.006000
0 0.563021 0.526500 0.014583 0.004000
0 0.557031 0.522125 0.011979 0.004750
0 0.654948 0.541125 0.011979 0.007750
0 0.644010 0.531375 0.011979 0.006250
0 0.641927 0.520500 0.017188 0.005500
0 0.637240 0.506125 0.016146 0.007750
0 0.685156 0.499625 0.015104 0.007750
0 0.712760 0.515750 0.016146 0.007500
0 0.680729 0.537500 0.015625 0.006500
0 0.763021 0.516125 0.017708 0.004750
0 0.739844 0.503625 0.017188 0.004250
0 0.809635 0.502125 0.010937 0.008750
0 0.772135 0.491000 0.009896 0.006500
0 0.747135 0.495125 0.015104 0.005750
0 0.758594 0.488000 0.011979 0.004500
0 0.760417 0.494875 0.011458 0.004750
0 0.761719 0.491875 0.013021 0.003250
0 0.861198 0.512750 0.016146 0.004000
0 0.884115 0.511875 0.017188 0.004250
0 0.887760 0.506500 0.014063 0.007000
0 0.240625 0.537000 0.016667 0.005000
0 0.244271 0.533125 0.014583 0.003750
0 0.256510 0.530000 0.009896 0.009000
0 0.268229 0.522375 0.013542 0.007750
0 0.219531 0.499625 0.010937 0.005250
0 0.254688 0.511625 0.012500 0.006250
0 0.267188 0.509125 0.014583 0.005250
0 0.262500 0.502125 0.012500 0.007250
0 0.285677 0.499500 0.017188 0.004500
0 0.312760 0.483000 0.009896 0.008500
0 0.325000 0.478000 0.012500 0.008000
0 0.344531 0.480375 0.016146 0.005750
0 0.327083 0.496000 0.013542 0.006000
0 0.336979 0.491625 0.007292 0.005250
0 0.348438 0.490125 0.012500 0.006750
0 0.375781 0.467500 0.016146 0.006000
0 0.384635 0.475125 0.016146 0.006750
0 0.408333 0.469125 0.014583 0.004750
0 0.427865 0.459375 0.010937 0.005250
0 0.438021 0.457000 0.009375 0.006500
0 0.421094 0.448250 0.014063 0.005500
0 0.435677 0.441375 0.014063 0.004750
0 0.447135 0.445250 0.011979 0.004000
0 0.468490 0.446625 0.014063 0.007250
0 0.485677 0.428250 0.017188 0.006000
0 0.490625 0.412000 0.017708 0.006500
0 0.511979 0.425000 0.014583 0.005000
0 0.511458 0.422125 0.013542 0.004250
0 0.537500 0.423875 0.014583 0.004750
0 0.538281 0.415375 0.019271 0.005250
0 0.564583 0.405000 0.013542 0.006000
0 0.586719 0.407250 0.009896 0.007000
0 0.612240 0.399000 0.009896 0.005500
0 0.609896 0.405500 0.007292 0.006500
0 0.603385 0.405875 0.006771 0.005750
0 0.596354 0.406750 0.009375 0.005500
0 0.634896 0.401875 0.016667 0.007750
0 0.664062 0.348500 0.018750 0.007500
0 0.703646 0.345500 0.015625 0.009000
0 0.676042 0.344625 0.008333 0.005250
0 0.672135 0.342875 0.015104 0.006750
0 0.215365 0.467750 0.016146 0.007000
0 0.241406 0.469750 0.019271 0.007500
