0 0.092188 0.801500 0.009375 0.004000
0 0.030469 0.614625 0.011979 0.004250
0 0.176823 0.625000 0.006771 0.005000
0 0.246615 0.657125 0.008854 0.005750
0 0.247135 0.711750 0.007812 0.005500
0 0.138542 0.702500 0.009375 0.004500
0 0.265365 0.735375 0.010937 0.005250
0 0.203385 0.804875 0.008854 0.003750
0 0.366146 0.767000 0.011458 0.004000
0 0.364844 0.759625 0.008854 0.004750
0 0.340104 0.768875 0.008333 0.005250
0 0.301042 0.725375 0.006250 0.005250
0 0.471094 0.805125 0.007812 0.006750
0 0.462240 0.802625 0.011979 0.004250
0 0.541146 0.752250 0.011458 0.003500
0 0.586979 0.776125 0.011458 0.006250
0 0.497396 0.684250 0.011458 0.006000
0 0.422396 0.667750 0.009375 0.005500
0 0.387240 0.656500 0.016146 0.004500
0 0.432031 0.656750 0.011979 0.003000
0 0.432812 0.654500 0.011458 0.003000
0 0.426563 0.622625 0.011458 0.008250
0 0.348438 0.645750 0.013542 0.005500
0 0.337500 0.639375 0.008333 0.005750
0 0.300000 0.634875 0.007292 0.005250
0 0.291667 0.632375 0.011458 0.003750
0 0.288542 0.621250 0.014583 0.005500
0 0.259896 0.612875 0.011458 0.002250
0 0.259115 0.610625 0.011979 0.001750
0 0.210938 0.600250 0.009375 0.005500
0 0.220312 0.602000 0.012500 0.005000
0 0.301563 0.595750 0.015625 0.006000
0 0.015625 0.516000 0.010417 0.004000
0 0.073958 0.529500 0.012500 0.006500
0 0.119531 0.521125 0.013021 0.005250
0 0.054167 0.493500 0.012500 0.005000
0 0.120313 0.476500 0.011458 0.004500
0 0.160938 0.496750 0.008333 0.006500
0 0.253125 0.485500 0.010417 0.004500
0 0.135677 0.586250 0.009896 0.004500
0 0.622656 0.664625 0.014063 0.006750
0 0.578906 0.657000 0.009896 0.007000
0 0.606771 0.638125 0.013542 0.008250
0 0.615885 0.626500 0.013021 0.004000
0 0.612500 0.622875 0.011458 0.005750
0 0.577344 0.619750 0.015104 0.007000
0 0.585156 0.608125 0.010937 0.005250
0 0.573958 0.605625 0.012500 0.004250
0 0.547656 0.600750 0.013021 0.005500
0 0.546615 0.585875 0.017188 0.004250
0 0.568229 0.573625 0.009375 0.006750
0 0.569531 0.568500 0.009896 0.005000
0 0.550781 0.558750 0.008854 0.005500
0 0.523958 0.579375 0.007292 0.007250
0 0.530729 0.579000 0.010417 0.005500
0 0.533594 0.558875 0.010937 0.003250
0 0.533854 0.555500 0.012500 0.004000
0 0.476823 0.540875 0.010937 0.006250
0 0.472135 0.527375 0.011979 0.007250
0 0.450521 0.518625 0.013542 0.004750
0 0.426823 0.504500 0.011979 0.005500
0 0.427604 0.501125 0.009375 0.004750
0 0.363021 0.419500 0.012500 0.007000
0 0.346615 0.419375 0.014063 0.006250
0 0.371615 0.434750 0.007812 0.004500
0 0.374740 0.433125 0.010937 0.005250
0 0.293490 0.408500 0.011979 0.007500
0 0.338281 0.441125 0.014063 0.006250
0 0.345052 0.456875 0.011979 0.006250
0 0.314583 0.448125 0.007292 0.006250
0 0.316927 0.453750 0.011979 0.005000
0 0.319010 0.452375 0.010937 0.003750
0 0.304167 0.446500 0.008333 0.004500
0 0.307031 0.445750 0.009896 0.005000
0 0.289844 0.470500 0.010937 0.007000
0 0.335156 0.482500 0.011979 0.006500
0 0.358594 0.482625 0.008854 0.006250
0 0.358333 0.479125 0.010417 0.004750
0 0.362760 0.477625 0.009896 0.004250
0 0.327344 0.494125 0.013021 0.005250
0 0.319271 0.485625 0.007292 0.004750
0 0.322656 0.485125 0.008854 0.005750
0 0.344792 0.501375 0.011458 0.004750
0 0.350260 0.498750 0.011979 0.004000
0 0.353385 0.503375 0.004687 0.005750
0 0.358854 0.503250 0.009375 0.006000
0 0.364323 0.509375 0.013021 0.005750
0 0.373437 0.502375 0.011458 0.006250
0 0.381510 0.501250 0.011979 0.006000
0 0.379948 0.495625 0.011979 0.005750
0 0.394792 0.500000 0.010417 0.007000
0 0.397656 0.507000 0.011979 0.005000
0 0.418229 0.511125 0.011458 0.006750
0 0.433073 0.524750 0.009896 0.006500
0 0.443750 0.532500 0.012500 0.005500
0 0.385156 0.538500 0.011979 0.005000
0 0.405469 0.536000 0.008854 0.007000
0 0.397917 0.536125 0.007292 0.005750
0 0.402344 0.549875 0.014063 0.006250
0 0.433333 0.549750 0.013542 0.007000
0 0.454948 0.552875 0.013021 0.006250
0 0.455729 0.546500 0.013542 0.006000
0 0.459896 0.566625 0.012500 0.003750
0 0.460677 0.564750 0.010937 0.003000
0 0.492969 0.588375 0.015104 0.004750
0 0.482031 0.593000 0.014063 0.004500
0 0.498437 0.598625 0.013542 0.005750
0 0.526042 0.597875 0.011458 0.006250
0 0.535417 0.606500 0.012500 0.006000
0 0.520312 0.609625 0.011458 0.005750
0 0.538802 0.633375 0.011979 0.004750
0 0.549740 0.633750 0.010937 0.004500
0 0.550000 0.636375 0.007292 0.004750
0 0.713021 0.677500 0.011458 0.004500
0 0.724479 0.647125 0.010417 0.007250
0 0.758854 0.608500 0.015625 0.005500
0 0.793229 0.598875 0.012500 0.007250
0 0.724740 0.605750 0.013021 0.005000
0 0.736979 0.587000 0.011458 0.009500
0 0.718750 0.562875 0.014583 0.008750
0 0.769792 0.548500 0.014583 0.007500
0 0.804948 0.530750 0.006771 0.006500
0 0.810677 0.531750 0.008854 0.006000
0 0.813542 0.515125 0.011458 0.005750
0 0.819792 0.512375 0.015625 0.003750
0 0.764844 0.446750 0.011979 0.007500
0 0.735677 0.456625 0.013021 0.007250
0 0.760156 0.466500 0.010937 0.006500
0 0.775781 0.475250 0.015104 0.006000
0 0.713281 0.480625 0.008854 0.006250
0 0.755208 0.484000 0.011458 0.005000
0 0.747656 0.489500 0.010937 0.006500
0 0.738802 0.487375 0.009896 0.006250
0 0.700521 0.502500 0.011458 0.006000
0 0.725781 0.502875 0.010937 0.007750
0 0.742708 0.505375 0.010417 0.007250
0 0.752865 0.514500 0.010937 0.006500
0 0.734896 0.493875 0.009375 0.005250
0 0.733073 0.492625 0.006771 0.003250
0 0.721875 0.533125 0.011458 0.006250
0 0.732031 0.530250 0.007812 0.006500
0 0.737240 0.529125 0.007812 0.006250
0 0.743750 0.524250 0.014583 0.005000
0 0.955208 0.467250 0.009375 0.007000
