0 0.467708 0.455375 0.010417 0.006250
0 0.756510 0.532875 0.010937 0.005750
0 0.444010 0.522375 0.014063 0.005750
0 0.577344 0.486125 0.014063 0.005250
0 0.480469 0.480000 0.014063 0.008000
0 0.547396 0.578375 0.010417 0.008750
0 0.591667 0.589750 0.013542 0.005500
0 0.615885 0.593625 0.018229 0.006750
0 0.320573 0.547750 0.015104 0.005500
0 0.475000 0.565250 0.011458 0.004000
0 0.511198 0.572125 0.014063 0.005250
0 0.532813 0.568000 0.015625 0.005500
0 0.506510 0.545500 0.013021 0.006000
0 0.492188 0.537750 0.009375 0.007500
0 0.478125 0.530000 0.017708 0.005500
0 0.440365 0.545250 0.016146 0.006000
0 0.333333 0.575750 0.015625 0.004500
0 0.321615 0.568000 0.014063 0.006500
0 0.494531 0.403500 0.008854 0.005000
0 0.609115 0.379250 0.009896 0.006000
0 0.573958 0.362875 0.015625 0.004750
0 0.553646 0.383625 0.016667 0.004250
0 0.428906 0.385375 0.013021 0.006750
0 0.335417 0.279500 0.014583 0.005500
0 0.354687 0.295375 0.012500 0.006250
0 0.344010 0.319375 0.014063 0.005750
0 0.274740 0.349500 0.017188 0.010000
0 0.330208 0.311750 0.012500 0.005500
0 0.455990 0.216250 0.026562 0.008500
0 0.408594 0.162125 0.008854 0.008750
0 0.362760 0.144875 0.018229 0.006750
0 0.127865 0.251500 0.013021 0.009000
0 0.089583 0.188000 0.012500 0.009000
0 0.099479 0.188625 0.010417 0.008750
0 0.654167 0.589000 0.010417 0.005500
0 0.635677 0.585500 0.018229 0.007000
0 0.638021 0.511750 0.013542 0.005500
0 0.795573 0.528750 0.010937 0.005500
0 0.811198 0.531750 0.022396 0.009000
0 0.728125 0.497750 0.019792 0.007000
0 0.684115 0.455750 0.009896 0.006500
0 0.299479 0.579375 0.010417 0.006750
0 0.715625 0.311875 0.008333 0.008250
0 0.726823 0.329500 0.017188 0.006500
0 0.496615 0.561750 0.015104 0.004500
0 0.496615 0.556500 0.016146 0.006500
0 0.215625 0.710625 0.012500 0.008250
