0 0.077083 0.455000 0.013542 0.003500
0 0.059635 0.472500 0.004687 0.006500
0 0.055208 0.473250 0.005208 0.005000
0 0.183594 0.507375 0.006771 0.004750
0 0.218490 0.493250 0.006771 0.006500
0 0.152344 0.452750 0.010937 0.007000
0 0.147396 0.431000 0.011458 0.003000
0 0.183854 0.423875 0.007292 0.005250
0 0.173958 0.413000 0.008333 0.007000
0 0.176302 0.407375 0.009896 0.005750
0 0.212760 0.385500 0.014063 0.004000
0 0.158594 0.381000 0.008854 0.006500
0 0.161979 0.380250 0.006250 0.005000
0 0.106510 0.374875 0.007812 0.007750
0 0.103906 0.323250 0.010937 0.005000
0 0.097656 0.321875 0.006771 0.005750
0 0.003125 0.283375 0.006250 0.004250
0 0.002604 0.289875 0.005208 0.003750
0 0.260417 0.524875 0.007292 0.005750
0 0.285156 0.483500 0.008854 0.005500
0 0.270833 0.468250 0.017708 0.005000
0 0.341406 0.484375 0.007812 0.004250
0 0.319792 0.496500 0.006250 0.004000
0 0.361979 0.453125 0.008333 0.005750
0 0.361719 0.446250 0.009896 0.006500
0 0.369010 0.441750 0.008854 0.003500
0 0.354948 0.433875 0.003646 0.004750
0 0.358854 0.434750 0.003125 0.006000
0 0.359635 0.429375 0.006771 0.002750
0 0.358594 0.426375 0.006771 0.005250
0 0.325521 0.412375 0.008333 0.005750
0 0.333333 0.398875 0.009375 0.005250
0 0.384115 0.390000 0.010937 0.007000
0 0.383333 0.365250 0.010417 0.007500
0 0.367448 0.351625 0.007812 0.007250
0 0.373958 0.350125 0.009375 0.005750
0 0.319792 0.347125 0.012500 0.005250
0 0.339583 0.356375 0.006250 0.006750
0 0.344792 0.356125 0.004167 0.005250
0 0.361979 0.337500 0.007292 0.007000
0 0.396094 0.347250 0.008854 0.003000
0 0.394531 0.340625 0.008854 0.004750
0 0.400260 0.337250 0.004687 0.007000
0 0.403125 0.342500 0.008333 0.006000
0 0.420573 0.340875 0.009896 0.006250
0 0.428646 0.337625 0.009375 0.006250
0 0.436198 0.330375 0.008854 0.005250
0 0.450000 0.303750 0.015625 0.006000
0 0.368750 0.309625 0.008333 0.005750
0 0.367188 0.303250 0.009375 0.006500
0 0.418750 0.528125 0.012500 0.004750
0 0.392708 0.489875 0.009375 0.006250
0 0.455990 0.496875 0.009896 0.002250
0 0.451042 0.495000 0.011458 0.005500
0 0.439844 0.478375 0.007812 0.006250
0 0.436198 0.471250 0.007812 0.005500
0 0.476823 0.492875 0.015104 0.003750
0 0.495833 0.481000 0.008333 0.003500
0 0.498958 0.477375 0.010417 0.004750
0 0.424479 0.397500 0.009375 0.006000
0 0.526042 0.412750 0.011458 0.005000
0 0.546094 0.404875 0.006771 0.005750
0 0.547917 0.401500 0.006250 0.006500
0 0.527083 0.388625 0.006250 0.006250
0 0.522917 0.387875 0.005208 0.005250
0 0.596354 0.388500 0.008333 0.008000
0 0.614062 0.382250 0.007292 0.006000
0 0.614323 0.374125 0.009896 0.006750
0 0.644010 0.365875 0.010937 0.006250
0 0.641927 0.362125 0.009896 0.004750
0 0.678646 0.328750 0.006250 0.007000
0 0.673958 0.328750 0.006250 0.006000
0 0.743750 0.344875 0.009375 0.006250
0 0.748958 0.355375 0.004167 0.004750
0 0.754427 0.355375 0.005729 0.006250
0 0.754687 0.369250 0.009375 0.005500
0 0.750781 0.367375 0.009896 0.006750
0 0.735677 0.365250 0.008854 0.007000
0 0.731771 0.377000 0.012500 0.005500
0 0.737240 0.385875 0.006771 0.007250
0 0.716146 0.380500 0.007292 0.006000
0 0.709375 0.386000 0.014583 0.003000
0 0.706771 0.389125 0.012500 0.003250
0 0.658594 0.380750 0.009896 0.006000
0 0.654687 0.387625 0.006250 0.006750
0 0.651302 0.391875 0.008854 0.006250
0 0.664062 0.392750 0.006250 0.004000
0 0.661198 0.391375 0.007812 0.005750
0 0.637760 0.386125 0.007812 0.006750
0 0.629427 0.388875 0.010937 0.004750
0 0.626823 0.392500 0.009896 0.005000
0 0.582812 0.417375 0.008333 0.006250
0 0.723698 0.368875 0.006771 0.006750
0 0.719792 0.368250 0.007292 0.005000
0 0.679427 0.372750 0.007812 0.003000
0 0.677344 0.370875 0.011979 0.004250
0 0.672396 0.428375 0.004167 0.004250
0 0.668229 0.427250 0.005208 0.006000
0 0.618490 0.429875 0.008854 0.005250
0 0.611458 0.432250 0.007292 0.005500
0 0.576302 0.433875 0.005729 0.006750
0 0.581771 0.432375 0.004167 0.006250
0 0.586719 0.433000 0.004687 0.004500
0 0.586198 0.439875 0.009896 0.005250
0 0.585417 0.446125 0.010417 0.005750
0 0.572917 0.443375 0.012500 0.004250
0 0.563281 0.445125 0.007812 0.005250
0 0.548698 0.444250 0.010937 0.005500
0 0.530990 0.448875 0.004687 0.002750
0 0.527344 0.448500 0.006771 0.005000
0 0.741667 0.410250 0.008333 0.005500
0 0.745052 0.408750 0.010937 0.005500
0 0.526042 0.428000 0.005208 0.005500
0 0.521875 0.428125 0.005208 0.006750
0 0.567187 0.457875 0.011458 0.004250
0 0.569010 0.454625 0.008854 0.004750
0 0.564844 0.453750 0.006771 0.004000
0 0.601042 0.456375 0.011458 0.002750
0 0.600000 0.462500 0.007292 0.004000
0 0.597396 0.461000 0.009375 0.005000
0 0.556510 0.468500 0.007812 0.005000
0 0.542708 0.465750 0.006250 0.005000
0 0.537500 0.466375 0.005208 0.006250
0 0.571615 0.491125 0.013021 0.004250
0 0.544531 0.487500 0.013021 0.005500
0 0.528125 0.479000 0.010417 0.003000
0 0.530208 0.481000 0.011458 0.004000
0 0.553385 0.476875 0.008854 0.004250
0 0.549740 0.476000 0.005729 0.003500
0 0.493750 0.505000 0.011458 0.002500
0 0.492188 0.502750 0.010417 0.002000
0 0.480469 0.547375 0.008854 0.005250
0 0.486979 0.543750 0.008333 0.003500
0 0.504687 0.546000 0.008333 0.004500
0 0.507552 0.544625 0.006771 0.002750
0 0.517188 0.544000 0.008333 0.006500
0 0.527604 0.543375 0.007292 0.004750
0 0.534115 0.542875 0.005729 0.005250
0 0.565104 0.538250 0.008333 0.006000
0 0.577344 0.539875 0.011979 0.003250
0 0.576562 0.529625 0.008333 0.005250
0 0.580729 0.527875 0.008333 0.004250
0 0.563802 0.532000 0.010937 0.004500
0 0.552604 0.539375 0.006250 0.005250
0 0.555729 0.538500 0.005208 0.003500
0 0.659115 0.516250 0.016146 0.004500
0 0.638542 0.526125 0.013542 0.002750
0 0.639583 0.524125 0.010417 0.002250
0 0.708854 0.532000 0.006250 0.006000
0 0.717187 0.530625 0.008333 0.005250
0 0.730729 0.544125 0.013542 0.003250
0 0.748437 0.548125 0.011458 0.003750
0 0.728385 0.553375 0.013021 0.003750
0 0.778125 0.541750 0.013542 0.005000
0 0.801823 0.538000 0.008854 0.006000
0 0.821094 0.539750 0.009896 0.006500
0 0.858073 0.530750 0.011979 0.005500
0 0.838021 0.522125 0.007292 0.006250
0 0.900521 0.521375 0.015625 0.004250
0 0.916406 0.524375 0.014063 0.004250
0 0.951823 0.511125 0.010937 0.005250
0 0.963281 0.511750 0.011979 0.002000
0 0.963802 0.509250 0.011979 0.002500
0 0.979167 0.495250 0.012500 0.005500
0 0.949740 0.488125 0.013021 0.005250
0 0.930729 0.485750 0.016667 0.004000
0 0.936198 0.474750 0.013021 0.004000
0 0.977083 0.466875 0.008333 0.006750
0 0.924219 0.481250 0.014063 0.002000
0 0.923958 0.479250 0.013542 0.002000
0 0.873177 0.470750 0.013021 0.004500
0 0.842187 0.500875 0.014583 0.004750
0 0.832031 0.502125 0.011979 0.005250
0 0.777604 0.489500 0.011458 0.004500
0 0.801042 0.509750 0.012500 0.005000
0 0.803906 0.506125 0.013021 0.004250
0 0.814063 0.506500 0.009375 0.003500
0 0.815625 0.504875 0.012500 0.003750
0 0.772135 0.469625 0.015104 0.004250
0 0.697135 0.480750 0.013021 0.002500
0 0.696875 0.482625 0.010417 0.002750
0 0.720573 0.512000 0.007812 0.003500
0 0.722396 0.510125 0.009375 0.004250
0 0.428906 0.648250 0.011979 0.003500
0 0.487500 0.659000 0.006250 0.005500
0 0.781771 0.562750 0.009375 0.005000
0 0.804948 0.564750 0.013021 0.006000
0 0.505469 0.604000 0.007812 0.007000
0 0.598437 0.633875 0.007292 0.003250
0 0.592969 0.631250 0.006771 0.003000
0 0.589063 0.628750 0.008333 0.005000
0 0.675781 0.762500 0.011979 0.005000
0 0.728125 0.754000 0.008333 0.004500
0 0.792708 0.766750 0.009375 0.005000
0 0.700521 0.706750 0.008333 0.005000
0 0.530208 0.982375 0.008333 0.005750
0 0.536719 0.990000 0.005729 0.004500
0 0.542448 0.991625 0.005729 0.003250
0 0.552604 0.987750 0.006250 0.003500
0 0.551562 0.984250 0.007292 0.002500
0 0.638542 0.995375 0.006250 0.006250
0 0.646094 0.989500 0.006771 0.004000
0 0.602865 0.988625 0.006771 0.003250
0 0.599219 0.985250 0.006771 0.003000
0 0.588802 0.989500 0.005729 0.004000
0 0.589583 0.993375 0.005208 0.004250
0 0.608333 0.994500 0.005208 0.006000
0 0.613542 0.994625 0.006250 0.007250
0 0.728125 0.995625 0.009375 0.003250
0 0.383073 0.810875 0.011979 0.006750
0 0.967969 0.866500 0.010937 0.006000
