0 0.386750 0.596354 0.006000 0.014583
0 0.460125 0.596354 0.004250 0.017708
0 0.469375 0.567708 0.005250 0.010417
0 0.468750 0.601302 0.004000 0.010937
0 0.475375 0.599219 0.003750 0.009896
0 0.471250 0.594271 0.005500 0.006250
0 0.469250 0.624479 0.006000 0.008333
0 0.478000 0.649479 0.005500 0.016667
0 0.491250 0.679167 0.005000 0.013542
0 0.487000 0.671094 0.005000 0.008854
0 0.487500 0.681510 0.004000 0.013021
0 0.490500 0.702083 0.004000 0.010417
0 0.488500 0.700000 0.004500 0.012500
0 0.483375 0.745313 0.007250 0.009375
0 0.755625 0.761458 0.004750 0.011458
0 0.754250 0.763802 0.006000 0.013021
0 0.685250 0.698698 0.005000 0.011979
0 0.686875 0.695312 0.005250 0.013542
0 0.681375 0.684115 0.005750 0.010937
0 0.682750 0.682031 0.005000 0.007812
0 0.679375 0.647135 0.006750 0.009896
0 0.652250 0.685156 0.008000 0.008854
0 0.662000 0.673958 0.004000 0.015625
0 0.662500 0.661719 0.005000 0.014063
0 0.658375 0.658854 0.004250 0.015625
0 0.665750 0.657813 0.005500 0.011458
0 0.662250 0.647396 0.005000 0.011458
0 0.664375 0.638281 0.006750 0.010937
0 0.646875 0.636198 0.005250 0.010937
0 0.642750 0.634896 0.003000 0.012500
0 0.645625 0.627083 0.006250 0.009375
0 0.646875 0.622135 0.006250 0.010937
0 0.641125 0.618750 0.006250 0.009375
0 0.638625 0.627083 0.003750 0.013542
0 0.635125 0.627604 0.005750 0.010417
0 0.609375 0.655990 0.007750 0.008854
0 0.628875 0.607292 0.007250 0.013542
0 0.622625 0.588021 0.006750 0.011458
0 0.614250 0.596354 0.007000 0.007292
0 0.613250 0.587500 0.003500 0.013542
0 0.609125 0.588281 0.005250 0.009896
0 0.609875 0.580469 0.004750 0.013021
0 0.583875 0.551302 0.006750 0.007812
0 0.581250 0.561719 0.004000 0.011979
0 0.583375 0.561458 0.004250 0.013542
0 0.572125 0.520833 0.005250 0.013542
0 0.543500 0.532292 0.005000 0.015625
0 0.536625 0.534375 0.007750 0.009375
0 0.526875 0.525521 0.005250 0.011458
0 0.523750 0.515885 0.004000 0.015104
0 0.516500 0.494271 0.004500 0.016667
0 0.510750 0.504687 0.005500 0.013542
0 0.500125 0.501042 0.006750 0.010417
0 0.490250 0.489583 0.005000 0.012500
0 0.501875 0.436719 0.003750 0.011979
0 0.505375 0.436198 0.003250 0.011979
0 0.521500 0.430729 0.005500 0.006250
0 0.544250 0.433073 0.004000 0.006771
0 0.542000 0.428125 0.006500 0.004167
0 0.553125 0.427344 0.006750 0.004687
0 0.572750 0.432031 0.004000 0.007812
0 0.570500 0.430729 0.003500 0.007292
0 0.587375 0.423958 0.007250 0.006250
0 0.589625 0.429427 0.005750 0.008854
0 0.602875 0.425521 0.005250 0.009375
0 0.605625 0.446875 0.005750 0.009375
0 0.637125 0.429167 0.004250 0.008333
0 0.648000 0.464062 0.004000 0.012500
0 0.635750 0.422656 0.004500 0.004687
0 0.637125 0.419531 0.006250 0.007812
0 0.671625 0.418490 0.005750 0.015104
0 0.692375 0.440365 0.004250 0.014063
0 0.700500 0.429948 0.007000 0.015104
0 0.690500 0.424740 0.003500 0.011979
0 0.689125 0.417448 0.004750 0.011979
0 0.686750 0.425781 0.004000 0.008854
0 0.711375 0.414062 0.005250 0.010417
0 0.718875 0.469271 0.006250 0.013542
0 0.719500 0.407031 0.008000 0.006771
0 0.835750 0.347396 0.007000 0.011458
0 0.820625 0.380469 0.004750 0.015104
0 0.791250 0.372917 0.005000 0.016667
0 0.735750 0.336198 0.007500 0.010937
0 0.737750 0.392708 0.007000 0.008333
0 0.746750 0.375260 0.004000 0.015104
0 0.749250 0.369531 0.005500 0.011979
0 0.720500 0.394271 0.008000 0.011458
0 0.693750 0.396615 0.006500 0.010937
0 0.690750 0.391406 0.007000 0.006771
0 0.690500 0.381250 0.003500 0.013542
0 0.680250 0.388021 0.006500 0.013542
0 0.676750 0.401302 0.007000 0.009896
0 0.667875 0.401823 0.003250 0.013021
0 0.664500 0.402083 0.004000 0.012500
0 0.639375 0.403385 0.005750 0.011979
0 0.646000 0.405208 0.005000 0.008333
0 0.649375 0.404167 0.004250 0.010417
0 0.652250 0.346094 0.006500 0.015104
0 0.685000 0.316667 0.008000 0.012500
0 0.580375 0.407812 0.005750 0.013542
0 0.568125 0.395573 0.005750 0.010937
0 0.567500 0.368750 0.007000 0.010417
0 0.561000 0.409115 0.007000 0.014063
0 0.550250 0.410156 0.006500 0.011979
0 0.526750 0.275000 0.003500 0.013542
0 0.535375 0.265104 0.006250 0.010417
0 0.546000 0.263802 0.006500 0.008854
0 0.546000 0.255729 0.005500 0.010417
0 0.544875 0.248958 0.004250 0.015625
0 0.558125 0.234115 0.004750 0.016146
0 0.569875 0.204687 0.006750 0.012500
0 0.582250 0.210417 0.008000 0.010417
0 0.606625 0.204687 0.005750 0.012500
0 0.589375 0.169271 0.006250 0.010417
0 0.627375 0.183073 0.007750 0.009896
0 0.647125 0.134115 0.007750 0.007812
0 0.660125 0.121875 0.007250 0.009375
0 0.654125 0.090365 0.005750 0.013021
0 0.650875 0.078385 0.006750 0.013021
0 0.662375 0.065104 0.006250 0.015625
0 0.680000 0.088542 0.009500 0.009375
0 0.588000 0.152083 0.007500 0.011458
0 0.575875 0.178906 0.007250 0.008854
0 0.553000 0.177083 0.006500 0.015625
0 0.443375 0.151562 0.005250 0.014583
0 0.450375 0.110677 0.007250 0.010937
0 0.451125 0.092969 0.003750 0.015104
0 0.446000 0.087760 0.004000 0.018229
0 0.436375 0.041146 0.004750 0.014583
0 0.546375 0.304167 0.005750 0.008333
