0 0.546250 0.384375 0.009000 0.017708
0 0.647375 0.342448 0.006750 0.011979
0 0.609250 0.335417 0.007000 0.012500
0 0.589250 0.344792 0.005000 0.011458
0 0.558875 0.472396 0.005250 0.015625
0 0.640875 0.544531 0.006750 0.016146
0 0.637875 0.562240 0.007250 0.010937
0 0.667625 0.571354 0.006750 0.011458
0 0.676875 0.603906 0.005250 0.010937
0 0.692500 0.616146 0.006000 0.010417
0 0.665875 0.561198 0.004750 0.008854
0 0.665625 0.557031 0.005750 0.008854
0 0.605125 0.875521 0.008750 0.013542
0 0.584500 0.840104 0.005000 0.012500
0 0.592250 0.833073 0.006000 0.014063
0 0.614750 0.740885 0.003500 0.013021
0 0.611625 0.742448 0.004750 0.014063
0 0.527875 0.155469 0.007250 0.013021
0 0.538500 0.124479 0.007000 0.014583
0 0.522750 0.226042 0.005500 0.018750
0 0.644000 0.352083 0.003500 0.012500
0 0.641625 0.350260 0.004750 0.013021
