0 0.381625 0.296354 0.009250 0.028125
0 0.400500 0.315625 0.018500 0.034375
0 0.396500 0.403385 0.016500 0.040104
0 0.450125 0.562760 0.016250 0.046354
0 0.509000 0.527604 0.018500 0.041667
0 0.509750 0.532292 0.013000 0.038542
0 0.630875 0.549219 0.019250 0.046354
0 0.630875 0.539844 0.012250 0.050521
0 0.660750 0.500260 0.013500 0.033854
0 0.714750 0.569531 0.014500 0.035937
0 0.662250 0.663021 0.013500 0.038542
0 0.754375 0.680208 0.012250 0.048958
0 0.534125 0.335677 0.015750 0.047396
0 0.541500 0.326302 0.018000 0.040104
0 0.550750 0.302344 0.016500 0.033854
0 0.722000 0.306771 0.010000 0.037500
0 0.742250 0.273438 0.012000 0.038542
0 0.695500 0.344792 0.017000 0.038542
0 0.699125 0.332292 0.014250 0.031250
0 0.692250 0.405729 0.015000 0.030208
0 0.598000 0.140104 0.013500 0.025000
0 0.537875 0.195312 0.010750 0.031250
0 0.594375 0.283073 0.007750 0.025521
