0 0.642188 0.553875 0.006250 0.004250
0 0.668229 0.556125 0.010417 0.003750
0 0.588281 0.515250 0.008854 0.005500
0 0.593750 0.510875 0.006250 0.004750
0 0.671615 0.515750 0.011979 0.005000
0 0.719271 0.508000 0.007292 0.004500
0 0.824740 0.531625 0.009896 0.003750
0 0.870573 0.542625 0.008854 0.006250
0 0.835677 0.542000 0.008854 0.005500
0 0.826562 0.541375 0.010417 0.005750
0 0.836979 0.502750 0.007292 0.005000
0 0.890625 0.509125 0.010417 0.005250
0 0.903385 0.532000 0.014063 0.006500
0 0.889062 0.553500 0.011458 0.006500
0 0.909115 0.566125 0.007812 0.006250
0 0.941667 0.569500 0.013542 0.004500
0 0.953385 0.567000 0.011979 0.006500
0 0.931510 0.594500 0.008854 0.004500
0 0.959635 0.599875 0.010937 0.004750
0 0.988542 0.637125 0.008333 0.003750
0 0.995573 0.630625 0.007812 0.002750
0 0.787760 0.574750 0.005729 0.005000
0 0.812240 0.575250 0.009896 0.004000
0 0.833073 0.566500 0.010937 0.005500
0 0.600260 0.526500 0.005729 0.004000
0 0.485156 0.492000 0.006771 0.005500
0 0.445052 0.507125 0.008854 0.004750
0 0.440625 0.489125 0.006250 0.005750
0 0.458594 0.493375 0.009896 0.005250
0 0.446094 0.492500 0.010937 0.003000
0 0.481771 0.508750 0.010417 0.004000
0 0.506250 0.511750 0.009375 0.004000
0 0.352083 0.455500 0.008333 0.004000
0 0.486979 0.432375 0.006250 0.005250
0 0.494010 0.431375 0.009896 0.005250
0 0.567708 0.413625 0.009375 0.004750
0 0.654687 0.410500 0.009375 0.005500
0 0.687500 0.420250 0.009375 0.004500
0 0.702865 0.418500 0.004687 0.005000
0 0.711979 0.416250 0.012500 0.002500
0 0.707812 0.420125 0.005208 0.005250
0 0.629948 0.406750 0.005729 0.007000
0 0.635156 0.402750 0.006771 0.006000
0 0.662240 0.385875 0.007812 0.004250
0 0.761458 0.355625 0.011458 0.003750
0 0.778906 0.354500 0.008854 0.005500
0 0.834115 0.340625 0.008854 0.004750
0 0.866927 0.343250 0.011979 0.003500
0 0.906771 0.362375 0.013542 0.005250
0 0.946094 0.377875 0.013021 0.005250
0 0.977604 0.387000 0.009375 0.006000
0 0.995052 0.391375 0.008854 0.002750
0 0.965625 0.360125 0.012500 0.005750
0 0.974479 0.352250 0.014583 0.004000
0 0.989844 0.357000 0.009896 0.006500
0 0.990625 0.336000 0.010417 0.006000
0 0.955990 0.297875 0.008854 0.004750
0 0.676042 0.239875 0.014583 0.003750
0 0.680729 0.219250 0.011458 0.006500
0 0.633594 0.208375 0.013021 0.006750
0 0.602083 0.244000 0.011458 0.006500
0 0.579167 0.263250 0.010417 0.007000
0 0.591927 0.263625 0.010937 0.004750
0 0.594792 0.206875 0.010417 0.004750
0 0.550781 0.203125 0.013021 0.003750
0 0.546094 0.217250 0.010937 0.006000
0 0.464062 0.272125 0.007292 0.003250
0 0.528125 0.265125 0.007292 0.004750
0 0.521354 0.268125 0.007292 0.004250
0 0.541927 0.301500 0.010937 0.005500
0 0.521615 0.296125 0.007812 0.005750
0 0.488802 0.307000 0.008854 0.005500
0 0.498177 0.305375 0.008854 0.004750
0 0.504687 0.301375 0.009375 0.005250
0 0.497917 0.300000 0.007292 0.006500
0 0.447656 0.340625 0.014063 0.003750
0 0.412240 0.330375 0.009896 0.003750
0 0.327344 0.421750 0.010937 0.007000
0 0.257292 0.306125 0.011458 0.004750
0 0.267448 0.324875 0.008854 0.004250
0 0.274740 0.274500 0.007812 0.007500
0 0.239583 0.273875 0.012500 0.003250
0 0.250781 0.275750 0.008854 0.003500
0 0.403906 0.568875 0.011979 0.005750
0 0.456771 0.597250 0.011458 0.006000
0 0.448958 0.615625 0.010417 0.006250
0 0.483854 0.600875 0.013542 0.007250
0 0.460938 0.622500 0.011458 0.005000
0 0.463542 0.631500 0.011458 0.006000
0 0.500000 0.635875 0.012500 0.007750
0 0.548438 0.615125 0.011458 0.006750
0 0.560937 0.658375 0.012500 0.006750
0 0.603385 0.675375 0.016146 0.005250
0 0.538021 0.685125 0.011458 0.006750
0 0.521354 0.676375 0.011458 0.004750
0 0.510938 0.689750 0.011458 0.004000
0 0.535677 0.669875 0.013021 0.005250
0 0.494792 0.658625 0.007292 0.004250
0 0.648177 0.701875 0.009896 0.007250
0 0.712760 0.687750 0.011979 0.007000
0 0.763542 0.703375 0.008333 0.006750
0 0.719531 0.727875 0.014063 0.006750
0 0.673698 0.727375 0.011979 0.004750
0 0.644792 0.747375 0.013542 0.004250
0 0.621615 0.764250 0.015104 0.005000
0 0.631771 0.734625 0.011458 0.004750
0 0.644531 0.726750 0.007812 0.006500
0 0.635417 0.721375 0.010417 0.007250
0 0.784115 0.742875 0.008854 0.007750
0 0.753646 0.796375 0.016667 0.007250
0 0.751823 0.768875 0.008854 0.005750
0 0.751563 0.762375 0.014583 0.006750
0 0.809896 0.762375 0.015625 0.008750
0 0.778906 0.795750 0.010937 0.005000
0 0.790365 0.795375 0.011979 0.004750
0 0.789323 0.799375 0.011979 0.005750
0 0.793750 0.729000 0.013542 0.008000
0 0.222656 0.830000 0.009896 0.005000
0 0.266406 0.822500 0.016146 0.005000
0 0.217969 0.759000 0.011979 0.006500
0 0.251042 0.734750 0.010417 0.006500
0 0.226823 0.730500 0.009896 0.005500
0 0.302083 0.746125 0.011458 0.004250
0 0.320833 0.763500 0.010417 0.006500
0 0.326302 0.768375 0.009896 0.005750
0 0.257292 0.604625 0.012500 0.005750
0 0.213021 0.625125 0.013542 0.003750
0 0.087500 0.626750 0.009375 0.006000
0 0.198958 0.522375 0.008333 0.005250
0 0.603646 0.292500 0.014583 0.007500
0 0.696354 0.210875 0.014583 0.006250
0 0.708333 0.173000 0.009375 0.007000
0 0.745833 0.203875 0.007292 0.006750
0 0.748437 0.199500 0.012500 0.004000
0 0.636979 0.147250 0.009375 0.004500
0 0.747396 0.145375 0.014583 0.004250
0 0.734115 0.136625 0.011979 0.005250
0 0.736979 0.123250 0.010417 0.007500
0 0.842969 0.126250 0.010937 0.007500
0 0.806771 0.090250 0.008333 0.004500
0 0.725000 0.587000 0.010417 0.003500
0 0.727344 0.546125 0.008854 0.005250
0 0.740625 0.547250 0.010417 0.004500
