0 0.609750 0.776302 0.006500 0.016146
0 0.580375 0.721615 0.005250 0.011979
0 0.556250 0.699740 0.004000 0.006771
0 0.558375 0.701562 0.004750 0.008333
0 0.550500 0.623177 0.004000 0.007812
0 0.551000 0.628125 0.005000 0.006250
0 0.605500 0.546875 0.005000 0.015625
0 0.583250 0.532031 0.006000 0.016146
0 0.569875 0.530469 0.003250 0.008854
0 0.568250 0.526823 0.003500 0.013021
0 0.565625 0.529167 0.004250 0.014583
0 0.559500 0.520052 0.005000 0.010937
0 0.563500 0.459115 0.004500 0.015104
0 0.567875 0.450521 0.003750 0.010417
0 0.566625 0.434896 0.004750 0.012500
0 0.566875 0.393229 0.004250 0.013542
0 0.566125 0.378646 0.004250 0.014583
0 0.566500 0.325000 0.003500 0.014583
0 0.570625 0.270833 0.005250 0.013542
0 0.575250 0.319010 0.008000 0.009896
0 0.577500 0.327604 0.008000 0.011458
0 0.587125 0.370573 0.005250 0.017188
0 0.576250 0.397917 0.005000 0.016667
0 0.588375 0.410156 0.006250 0.014063
0 0.602250 0.360417 0.004500 0.014583
0 0.600500 0.357812 0.006000 0.014583
0 0.607750 0.347917 0.006500 0.012500
0 0.608125 0.358333 0.003750 0.011458
0 0.618375 0.353906 0.005750 0.008854
0 0.613875 0.364844 0.004250 0.011979
0 0.612125 0.363021 0.005750 0.012500
0 0.606500 0.438542 0.007500 0.009375
0 0.611125 0.428646 0.006250 0.012500
0 0.603375 0.477344 0.005750 0.013021
0 0.589250 0.489844 0.006500 0.010937
0 0.579125 0.494531 0.005250 0.014063
0 0.577500 0.480729 0.004000 0.012500
0 0.576000 0.478125 0.005500 0.013542
0 0.644500 0.573438 0.004500 0.012500
0 0.625625 0.556510 0.006750 0.009896
0 0.524750 0.332813 0.009000 0.011458
0 0.504500 0.333594 0.005500 0.011979
0 0.502875 0.329167 0.003750 0.006250
0 0.490000 0.380208 0.005000 0.013542
0 0.490125 0.366667 0.006750 0.014583
0 0.472500 0.415885 0.004000 0.011979
0 0.470250 0.439323 0.005500 0.010937
0 0.457500 0.510156 0.007000 0.017188
0 0.492500 0.512240 0.004500 0.017188
0 0.429750 0.566667 0.004500 0.010417
0 0.421375 0.583333 0.005750 0.014583
0 0.403500 0.680990 0.007000 0.010937
0 0.490500 0.244271 0.008000 0.008333
0 0.482000 0.261979 0.006000 0.015625
0 0.476250 0.269010 0.006000 0.011979
0 0.467125 0.289844 0.007750 0.009896
0 0.465125 0.282292 0.006750 0.012500
0 0.463375 0.279167 0.006750 0.011458
0 0.445375 0.307292 0.008250 0.010417
0 0.443625 0.316146 0.006250 0.012500
0 0.453375 0.353385 0.006250 0.017188
0 0.422875 0.340885 0.005750 0.016146
0 0.414375 0.359115 0.007250 0.010937
0 0.416125 0.383333 0.007250 0.012500
0 0.413500 0.394010 0.006000 0.009896
0 0.417500 0.414062 0.005000 0.015625
0 0.401750 0.370573 0.007500 0.009896
0 0.392625 0.380469 0.007250 0.013021
0 0.385125 0.397656 0.006250 0.010937
0 0.380125 0.396615 0.006250 0.016146
0 0.370750 0.409375 0.006500 0.013542
0 0.360625 0.428125 0.008250 0.012500
0 0.370250 0.464583 0.005500 0.013542
0 0.405375 0.441146 0.005250 0.011458
0 0.404375 0.437760 0.006750 0.013021
0 0.328000 0.488281 0.008000 0.009896
0 0.326625 0.482292 0.006250 0.009375
0 0.325250 0.476562 0.008000 0.011458
0 0.313875 0.492708 0.007750 0.010417
0 0.350125 0.547396 0.007750 0.012500
0 0.326750 0.562760 0.006500 0.014063
0 0.287500 0.535937 0.006000 0.013542
0 0.286000 0.532292 0.006000 0.011458
0 0.256250 0.572396 0.006000 0.014583
0 0.254625 0.568229 0.005750 0.009375
0 0.317375 0.451042 0.006750 0.013542
0 0.309125 0.432812 0.004250 0.011458
0 0.325125 0.417969 0.003250 0.009896
0 0.323250 0.419271 0.004000 0.012500
0 0.420875 0.309375 0.003750 0.009375
0 0.418750 0.311458 0.006000 0.015625
0 0.426500 0.299219 0.006500 0.013021
0 0.446625 0.274740 0.005750 0.015104
0 0.426125 0.298177 0.007750 0.016146
0 0.439000 0.253385 0.005000 0.009896
0 0.458250 0.261458 0.008500 0.009375
0 0.437500 0.153646 0.005500 0.018750
0 0.414875 0.158073 0.005250 0.017188
0 0.405625 0.156250 0.009750 0.011458
0 0.390625 0.166146 0.007250 0.013542
0 0.380500 0.158333 0.009000 0.009375
0 0.379875 0.149219 0.005750 0.010937
0 0.373375 0.155990 0.005250 0.015104
0 0.358750 0.171615 0.006000 0.010937
0 0.357625 0.167708 0.006750 0.010417
0 0.355875 0.163802 0.005250 0.014063
0 0.342125 0.174479 0.004750 0.012500
0 0.342125 0.166667 0.007250 0.012500
0 0.335250 0.166927 0.003500 0.016146
0 0.330250 0.167187 0.005500 0.013542
0 0.322375 0.170833 0.008750 0.010417
0 0.332500 0.183073 0.008000 0.008854
0 0.331750 0.191927 0.009000 0.007812
0 0.329500 0.197917 0.008500 0.008333
0 0.332125 0.203385 0.007750 0.005729
0 0.356750 0.214583 0.008500 0.008333
0 0.331875 0.210677 0.007250 0.009896
0 0.326875 0.217708 0.004250 0.014583
0 0.322250 0.221615 0.004000 0.015104
0 0.334625 0.255729 0.005250 0.016667
0 0.321250 0.261719 0.004500 0.013021
0 0.319750 0.258594 0.004500 0.014063
0 0.316250 0.255469 0.003500 0.014063
0 0.311250 0.253906 0.007500 0.011979
0 0.305000 0.258854 0.006000 0.012500
0 0.307500 0.196354 0.006500 0.010417
0 0.302125 0.207552 0.005750 0.015104
0 0.299250 0.205729 0.004000 0.011458
0 0.285750 0.146875 0.008000 0.010417
0 0.320375 0.148958 0.006250 0.013542
0 0.334875 0.139063 0.003750 0.012500
0 0.339625 0.140625 0.005750 0.013542
0 0.444375 0.115365 0.005750 0.010937
0 0.442625 0.109635 0.008250 0.011979
0 0.194000 0.430469 0.005000 0.016146
0 0.679125 0.554167 0.007750 0.016667
0 0.706000 0.251302 0.008000 0.014063
0 0.780375 0.185677 0.008750 0.008854
0 0.377250 0.496875 0.004500 0.012500
0 0.375750 0.494271 0.006000 0.013542
