0 0.213021 0.536375 0.010417 0.007250
0 0.246354 0.611625 0.009375 0.003750
0 0.252865 0.607000 0.007812 0.007000
0 0.310677 0.612750 0.007812 0.006500
0 0.321615 0.609000 0.010937 0.006500
0 0.330469 0.605500 0.013021 0.005000
0 0.359896 0.623000 0.013542 0.006500
0 0.422396 0.685875 0.011458 0.005750
0 0.410938 0.682750 0.013542 0.005500
0 0.420833 0.714250 0.016667 0.005500
0 0.286979 0.502125 0.011458 0.007250
0 0.476562 0.554750 0.012500 0.006500
0 0.500260 0.553125 0.011979 0.006250
0 0.445052 0.561125 0.008854 0.006250
0 0.428646 0.561625 0.009375 0.006750
0 0.433854 0.567875 0.011458 0.003750
0 0.439323 0.566375 0.011979 0.005750
0 0.507031 0.583375 0.008854 0.006750
0 0.503906 0.574625 0.015104 0.004750
0 0.477604 0.580500 0.010417 0.003500
0 0.479948 0.578625 0.013021 0.004750
0 0.540625 0.592250 0.009375 0.007500
0 0.557813 0.601375 0.010417 0.006750
0 0.556771 0.606250 0.013542 0.004500
0 0.651302 0.646375 0.008854 0.006750
0 0.660937 0.642750 0.013542 0.006000
0 0.614844 0.608375 0.010937 0.007250
0 0.637240 0.607500 0.010937 0.006000
0 0.636719 0.603625 0.014063 0.002750
0 0.604167 0.576500 0.010417 0.006000
0 0.530990 0.576000 0.011979 0.006000
0 0.532813 0.570875 0.014583 0.004750
0 0.309375 0.467250 0.015625 0.004500
0 0.336198 0.481000 0.008854 0.006000
0 0.425521 0.468625 0.015625 0.005750
0 0.386458 0.455875 0.013542 0.003250
0 0.387240 0.454000 0.013021 0.002500
0 0.435677 0.515250 0.008854 0.006000
0 0.470573 0.520000 0.014063 0.005500
0 0.539062 0.537375 0.008333 0.006250
0 0.542708 0.536250 0.010417 0.006000
0 0.563802 0.523750 0.011979 0.006500
0 0.590625 0.537000 0.008333 0.007000
0 0.605990 0.527000 0.016146 0.004500
0 0.549219 0.515875 0.014063 0.003750
0 0.541667 0.512000 0.008333 0.006000
0 0.625521 0.540375 0.016667 0.004250
0 0.634115 0.543875 0.015104 0.004250
0 0.674740 0.533875 0.014063 0.006250
0 0.710156 0.548125 0.016146 0.003750
0 0.726562 0.543625 0.012500 0.005250
0 0.738802 0.538875 0.015104 0.005250
0 0.746615 0.530125 0.010937 0.008250
0 0.668229 0.508875 0.017708 0.005750
0 0.629167 0.505750 0.014583 0.004000
0 0.622656 0.501875 0.014063 0.004250
0 0.634635 0.500750 0.011979 0.006500
0 0.643490 0.496500 0.009896 0.007000
0 0.589063 0.488250 0.010417 0.007500
0 0.571875 0.495500 0.011458 0.004500
0 0.550000 0.493500 0.012500 0.005500
0 0.560417 0.492625 0.015625 0.002750
0 0.558594 0.489125 0.015104 0.004250
0 0.290625 0.431875 0.015625 0.003750
0 0.351562 0.434375 0.013542 0.003750
0 0.410156 0.418750 0.014063 0.004000
0 0.412240 0.416000 0.013021 0.003000
0 0.406510 0.413250 0.011979 0.004500
0 0.502344 0.411375 0.008854 0.006750
0 0.482031 0.437750 0.016146 0.004500
0 0.454167 0.390750 0.010417 0.007000
0 0.526823 0.400500 0.009896 0.006000
0 0.564063 0.419750 0.012500 0.007000
0 0.577865 0.433125 0.016146 0.003750
0 0.591927 0.437750 0.014063 0.004000
0 0.653125 0.406375 0.009375 0.007250
0 0.008073 0.528250 0.007812 0.004500
