0 0.911458 0.534000 0.008333 0.005500
0 0.928906 0.529250 0.010937 0.006000
0 0.945833 0.543125 0.008333 0.006750
0 0.903646 0.532125 0.011458 0.003250
0 0.951042 0.577250 0.011458 0.004000
0 0.805208 0.540000 0.011458 0.004000
0 0.797396 0.536000 0.008333 0.005500
0 0.801562 0.550625 0.013542 0.005250
0 0.777865 0.560875 0.013021 0.003750
0 0.813542 0.568375 0.012500 0.005750
0 0.814583 0.584375 0.012500 0.005250
0 0.816927 0.594250 0.005729 0.006000
0 0.813281 0.591375 0.004687 0.005750
0 0.808854 0.591000 0.006250 0.007000
0 0.785937 0.608375 0.011458 0.004250
0 0.783073 0.615500 0.009896 0.006000
0 0.792188 0.618250 0.011458 0.003500
0 0.791927 0.627125 0.009896 0.004250
0 0.792708 0.631500 0.011458 0.005500
0 0.778906 0.636375 0.008854 0.006750
0 0.822135 0.641875 0.008854 0.006250
0 0.833073 0.630500 0.007812 0.007500
0 0.824479 0.635125 0.011458 0.005250
0 0.823437 0.630125 0.010417 0.005750
0 0.871615 0.625375 0.010937 0.005250
0 0.848437 0.613250 0.011458 0.004000
0 0.848698 0.617500 0.008854 0.004500
0 0.795833 0.638625 0.005208 0.006250
0 0.802865 0.640250 0.009896 0.003500
0 0.806250 0.645375 0.013542 0.006750
0 0.835417 0.657875 0.013542 0.007250
0 0.894531 0.668125 0.014063 0.005250
0 0.866927 0.672875 0.010937 0.006250
0 0.882292 0.674500 0.009375 0.007500
0 0.881510 0.680375 0.008854 0.005250
0 0.888802 0.681000 0.009896 0.006500
0 0.896094 0.678125 0.014063 0.003750
0 0.906510 0.710500 0.013021 0.006000
0 0.816667 0.713250 0.010417 0.006500
0 0.819792 0.710375 0.010417 0.004750
0 0.851823 0.746750 0.011979 0.007000
0 0.873437 0.725000 0.009375 0.004500
0 0.875781 0.723625 0.013021 0.005250
0 0.877083 0.721125 0.010417 0.003250
0 0.844010 0.671500 0.008854 0.005000
0 0.846354 0.670000 0.011458 0.006000
0 0.701823 0.544875 0.014063 0.004750
0 0.688021 0.537500 0.010417 0.006500
0 0.675521 0.527750 0.008333 0.004500
0 0.673698 0.531750 0.006771 0.004500
0 0.666146 0.531875 0.008333 0.004250
0 0.645052 0.551625 0.010937 0.005750
0 0.677865 0.554750 0.013021 0.003500
0 0.685417 0.556375 0.008333 0.004750
0 0.650521 0.569500 0.010417 0.005500
0 0.630729 0.565375 0.014583 0.005250
0 0.612240 0.570125 0.007812 0.004250
0 0.645573 0.577500 0.015104 0.004000
0 0.658073 0.576125 0.004687 0.007250
0 0.663802 0.576750 0.006771 0.006000
0 0.615104 0.597250 0.015625 0.005500
0 0.553385 0.611875 0.006771 0.006250
0 0.573698 0.595750 0.009896 0.004000
0 0.581250 0.591500 0.006250 0.004500
0 0.587240 0.591000 0.007812 0.005000
0 0.597917 0.586750 0.005208 0.004000
0 0.592187 0.587375 0.007292 0.005750
0 0.676562 0.612125 0.014583 0.006250
0 0.564323 0.616125 0.013021 0.004250
0 0.547396 0.620875 0.016667 0.004250
0 0.572135 0.634000 0.009896 0.008500
0 0.580729 0.627750 0.010417 0.006500
0 0.612240 0.634750 0.009896 0.003500
0 0.609635 0.633125 0.013021 0.004750
0 0.589323 0.620625 0.006771 0.003750
0 0.585156 0.619750 0.011979 0.005500
0 0.522396 0.630000 0.010417 0.004500
0 0.523438 0.633625 0.011458 0.003250
0 0.516667 0.638125 0.012500 0.006250
0 0.526042 0.640750 0.013542 0.006500
0 0.476823 0.665125 0.007812 0.006250
0 0.470573 0.665375 0.005729 0.004250
0 0.482292 0.679625 0.009375 0.005750
0 0.493490 0.662375 0.004687 0.004250
0 0.497917 0.663000 0.006250 0.007500
0 0.520573 0.665625 0.009896 0.006750
0 0.533594 0.670500 0.013021 0.006000
0 0.534375 0.675625 0.011458 0.006750
0 0.518229 0.676875 0.011458 0.006750
0 0.512500 0.675125 0.011458 0.006250
0 0.516146 0.698125 0.012500 0.006750
0 0.432812 0.706250 0.013542 0.004500
0 0.436979 0.700125 0.006250 0.005750
0 0.432292 0.700500 0.005208 0.006500
0 0.427344 0.700750 0.005729 0.005000
0 0.447135 0.705500 0.007812 0.003500
0 0.446354 0.701750 0.005208 0.004000
0 0.452083 0.702125 0.005208 0.003750
0 0.461458 0.732500 0.013542 0.007000
0 0.444010 0.732500 0.006771 0.006000
0 0.450260 0.732625 0.008854 0.008250
0 0.405208 0.740250 0.010417 0.008500
0 0.366667 0.750125 0.010417 0.007750
0 0.412500 0.757125 0.011458 0.009250
0 0.387500 0.756875 0.006250 0.007250
0 0.381771 0.757250 0.005208 0.006000
0 0.565885 0.710875 0.014063 0.007750
0 0.532031 0.716375 0.019271 0.007250
0 0.507552 0.664375 0.013021 0.007250
0 0.607552 0.658500 0.018229 0.007000
0 0.646875 0.671750 0.014583 0.007500
0 0.655208 0.680750 0.011458 0.006000
0 0.720573 0.628250 0.010937 0.006000
0 0.538281 0.490750 0.011979 0.006000
0 0.594271 0.499875 0.010417 0.002750
0 0.593750 0.502250 0.009375 0.002000
0 0.513281 0.492875 0.011979 0.005250
0 0.509115 0.508375 0.015104 0.004250
0 0.497917 0.530125 0.014583 0.005750
0 0.491667 0.511000 0.013542 0.003500
0 0.477865 0.514500 0.013021 0.004000
0 0.479687 0.512375 0.011458 0.004250
0 0.483854 0.502375 0.015625 0.003750
0 0.471094 0.500500 0.014063 0.003000
0 0.470052 0.497000 0.014063 0.004000
0 0.453385 0.500625 0.009896 0.005750
0 0.466406 0.504250 0.014063 0.004000
0 0.449479 0.508750 0.013542 0.003500
0 0.436458 0.510000 0.012500 0.005000
0 0.416927 0.496500 0.016146 0.004000
0 0.389583 0.490250 0.011458 0.004000
0 0.394271 0.505375 0.012500 0.003250
0 0.394531 0.508625 0.013021 0.002750
0 0.413021 0.515125 0.015625 0.003750
0 0.409115 0.509125 0.007812 0.005750
0 0.414583 0.504875 0.012500 0.003750
0 0.377344 0.541750 0.013021 0.005500
0 0.351042 0.552000 0.013542 0.005500
0 0.344010 0.539250 0.014063 0.005000
0 0.268229 0.524875 0.016667 0.004750
0 0.245573 0.539000 0.016146 0.003500
0 0.246354 0.536125 0.013542 0.002750
0 0.216667 0.567250 0.016667 0.004500
0 0.176823 0.548625 0.014063 0.003250
0 0.172917 0.553125 0.014583 0.005750
0 0.137240 0.554625 0.019271 0.006250
0 0.350260 0.573125 0.009896 0.004750
0 0.372656 0.568000 0.013021 0.006500
0 0.289323 0.532125 0.007812 0.006250
0 0.286458 0.531375 0.006250 0.004750
0 0.309375 0.526500 0.011458 0.004500
0 0.306771 0.524625 0.010417 0.002750
0 0.436979 0.453625 0.010417 0.004750
0 0.413542 0.406750 0.012500 0.004500
0 0.262500 0.409250 0.012500 0.004000
0 0.181250 0.436375 0.011458 0.004750
0 0.304688 0.682500 0.011458 0.008500
0 0.376563 0.603375 0.010417 0.004250
0 0.093229 0.343000 0.008333 0.004500
0 0.103906 0.333625 0.009896 0.004750
0 0.234635 0.317375 0.013021 0.005250
0 0.125000 0.071500 0.012500 0.005000
0 0.647135 0.849125 0.010937 0.007250
0 0.667708 0.856875 0.016667 0.007250
0 0.692708 0.898875 0.013542 0.007750
0 0.073438 0.925250 0.016667 0.008000
0 0.954688 0.662125 0.011458 0.006750
