0 0.441125 0.492969 0.006750 0.014063
0 0.428625 0.501823 0.005750 0.010937
0 0.427625 0.495573 0.006750 0.006771
0 0.418625 0.517448 0.005250 0.013021
0 0.417250 0.514844 0.005500 0.011979
0 0.427375 0.532813 0.007250 0.010417
0 0.406500 0.572135 0.007500 0.008854
0 0.416875 0.563281 0.006250 0.009896
0 0.419250 0.569531 0.005000 0.016146
0 0.429375 0.582292 0.006250 0.011458
0 0.437125 0.568750 0.007250 0.015625
0 0.450750 0.562240 0.006500 0.011979
0 0.431250 0.614844 0.009500 0.009896
0 0.418625 0.600781 0.007750 0.009896
0 0.450750 0.604167 0.006500 0.008333
0 0.452875 0.608333 0.006750 0.011458
0 0.453125 0.605729 0.006250 0.009375
0 0.456500 0.658333 0.003500 0.017708
0 0.454000 0.663802 0.004000 0.016146
0 0.451000 0.664062 0.005000 0.015625
0 0.448000 0.657552 0.006500 0.008854
0 0.441750 0.662240 0.004500 0.014063
0 0.440000 0.653385 0.005000 0.009896
0 0.436625 0.650260 0.005250 0.016146
0 0.442125 0.682552 0.003750 0.011979
0 0.438625 0.689844 0.004250 0.013021
0 0.466125 0.699740 0.003750 0.014063
0 0.513500 0.752083 0.006500 0.012500
0 0.530250 0.732812 0.004000 0.010417
0 0.528250 0.730990 0.004000 0.010937
0 0.528375 0.728906 0.003250 0.006771
0 0.530250 0.718490 0.006500 0.015104
0 0.512750 0.673698 0.004000 0.007812
0 0.511750 0.671094 0.006000 0.009896
0 0.534875 0.658073 0.005750 0.011979
0 0.527875 0.634896 0.004750 0.015625
0 0.516000 0.633854 0.006500 0.013542
0 0.524375 0.621354 0.005250 0.013542
0 0.526750 0.619010 0.006000 0.009896
0 0.526500 0.611458 0.007000 0.008333
0 0.542000 0.624219 0.006500 0.005729
0 0.541750 0.619010 0.005500 0.007812
0 0.542250 0.587500 0.004000 0.014583
0 0.541750 0.577865 0.006000 0.011979
0 0.536375 0.554427 0.005250 0.016146
0 0.535875 0.538802 0.005250 0.017188
0 0.552625 0.557031 0.005750 0.014063
0 0.561000 0.534115 0.004500 0.016146
0 0.556625 0.536979 0.005250 0.018750
0 0.552875 0.527344 0.003250 0.016146
0 0.550625 0.500781 0.005750 0.011979
0 0.556250 0.520052 0.006000 0.013021
0 0.557125 0.508073 0.004250 0.010937
0 0.556125 0.504427 0.004250 0.008854
0 0.552500 0.511458 0.004500 0.011458
0 0.556625 0.521354 0.004250 0.011458
0 0.525500 0.494010 0.005000 0.011979
0 0.538750 0.478646 0.007500 0.010417
0 0.534000 0.496875 0.005000 0.011458
0 0.533000 0.492969 0.004000 0.011979
0 0.551625 0.464583 0.004750 0.012500
0 0.549500 0.464583 0.003500 0.017708
0 0.546500 0.466667 0.004500 0.015625
0 0.568500 0.286979 0.005500 0.009375
0 0.592500 0.471875 0.005500 0.015625
0 0.583750 0.496875 0.004500 0.012500
0 0.578750 0.513542 0.007500 0.005208
0 0.571250 0.516146 0.004500 0.016667
0 0.578000 0.504427 0.005500 0.010937
0 0.579750 0.495312 0.006000 0.018750
0 0.579625 0.496615 0.005750 0.015104
0 0.564125 0.557031 0.004250 0.011979
0 0.565750 0.555469 0.003000 0.008854
0 0.567250 0.564323 0.006500 0.011979
0 0.569500 0.571615 0.005000 0.008854
0 0.559000 0.584896 0.003500 0.011458
0 0.560750 0.579688 0.005000 0.013542
0 0.554750 0.599219 0.004000 0.011979
0 0.574125 0.563281 0.003250 0.013021
0 0.572375 0.564063 0.002750 0.011458
0 0.569875 0.586979 0.003750 0.008333
0 0.569500 0.591667 0.005000 0.010417
0 0.566125 0.605469 0.004750 0.009896
0 0.561875 0.618229 0.003250 0.011458
0 0.558875 0.627083 0.005250 0.008333
0 0.556375 0.633854 0.004250 0.011458
0 0.554625 0.644792 0.004250 0.011458
0 0.551625 0.646094 0.003250 0.014063
0 0.549375 0.632031 0.005250 0.007812
0 0.544250 0.650000 0.003500 0.012500
0 0.546000 0.647917 0.003000 0.009375
0 0.543750 0.666406 0.007500 0.011979
0 0.557750 0.748698 0.005000 0.014063
0 0.563750 0.771354 0.004500 0.013542
0 0.582125 0.785677 0.004250 0.010937
0 0.577375 0.787760 0.006750 0.010937
0 0.577500 0.768490 0.005000 0.014063
0 0.569500 0.765625 0.005000 0.009375
0 0.570750 0.769792 0.003500 0.013542
0 0.597000 0.751563 0.005500 0.008333
0 0.592250 0.743229 0.006500 0.008333
0 0.588000 0.756510 0.006000 0.009896
0 0.577625 0.752865 0.004750 0.013021
0 0.583875 0.748698 0.003250 0.015104
0 0.581250 0.748177 0.004000 0.013021
0 0.578625 0.741927 0.005250 0.014063
0 0.582875 0.733073 0.005750 0.009896
0 0.587000 0.734375 0.004000 0.008333
0 0.584125 0.720833 0.003250 0.012500
0 0.580875 0.720833 0.003750 0.011458
0 0.584875 0.709375 0.005750 0.009375
0 0.583625 0.698698 0.003250 0.015104
0 0.586125 0.699740 0.003250 0.014063
0 0.589750 0.701562 0.003500 0.016667
0 0.610375 0.723437 0.004250 0.014583
0 0.617750 0.715885 0.006500 0.010937
0 0.614875 0.709635 0.005750 0.010937
0 0.613500 0.705729 0.005500 0.007292
0 0.609250 0.705469 0.005000 0.015104
0 0.605875 0.704688 0.005250 0.013542
0 0.603500 0.699219 0.006500 0.009896
0 0.608500 0.683333 0.007000 0.010417
0 0.610125 0.675000 0.004250 0.015625
0 0.605125 0.668229 0.005250 0.013542
0 0.609500 0.657292 0.007000 0.009375
0 0.614500 0.660937 0.005000 0.014583
0 0.617500 0.671615 0.004000 0.008854
0 0.616750 0.667969 0.006000 0.011979
0 0.626875 0.666146 0.006750 0.013542
0 0.627125 0.691927 0.005750 0.014063
0 0.638000 0.678646 0.006000 0.009375
0 0.638500 0.673958 0.006000 0.007292
0 0.654750 0.602865 0.005500 0.015104
0 0.639250 0.699219 0.003500 0.008854
0 0.638500 0.710938 0.004500 0.008333
0 0.636500 0.704167 0.006000 0.010417
0 0.631250 0.717969 0.003500 0.009896
0 0.627750 0.723437 0.006000 0.007292
0 0.632875 0.721354 0.005250 0.012500
0 0.632625 0.723437 0.004250 0.006250
0 0.606625 0.771615 0.004250 0.008854
0 0.599500 0.777083 0.007000 0.012500
0 0.582250 0.808073 0.006000 0.008854
0 0.562750 0.840104 0.004000 0.007292
0 0.658875 0.730729 0.004750 0.009375
0 0.663125 0.711979 0.004250 0.011458
0 0.668250 0.680729 0.005000 0.011458
0 0.675500 0.671094 0.004500 0.011979
0 0.708625 0.811979 0.006250 0.010417
0 0.671750 0.650781 0.004000 0.008854
0 0.676500 0.645573 0.004000 0.007812
