0 0.054948 0.683625 0.013021 0.005250
0 0.195052 0.669750 0.013021 0.005500
0 0.194271 0.664750 0.012500 0.005000
0 0.245052 0.685750 0.007812 0.006500
0 0.183333 0.689250 0.013542 0.008000
0 0.301823 0.682875 0.014063 0.005750
0 0.343750 0.687250 0.011458 0.007000
0 0.224740 0.553500 0.015104 0.007500
0 0.102604 0.498250 0.008333 0.006500
0 0.114062 0.496250 0.015625 0.005000
0 0.030208 0.406875 0.011458 0.006250
0 0.199740 0.453625 0.017188 0.008750
0 0.519271 0.348250 0.012500 0.006500
0 0.528646 0.358875 0.012500 0.007250
0 0.516146 0.360750 0.012500 0.008000
0 0.858333 0.494125 0.014583 0.005250
0 0.945573 0.505500 0.010937 0.007000
0 0.968750 0.713125 0.009375 0.006750
0 0.945312 0.672875 0.019792 0.004750
0 0.857552 0.674375 0.015104 0.004750
0 0.864583 0.683375 0.009375 0.007750
0 0.882552 0.681625 0.008854 0.004250
0 0.880469 0.679500 0.013021 0.004000
