0 0.041927 0.145375 0.018229 0.008250
0 0.233594 0.113250 0.009896 0.008500
0 0.383073 0.110125 0.010937 0.008750
0 0.408073 0.138375 0.013021 0.006250
0 0.181250 0.227125 0.015625 0.007750
0 0.195052 0.258625 0.011979 0.007750
0 0.182031 0.274250 0.016146 0.007000
0 0.155729 0.361125 0.013542 0.006250
0 0.158073 0.332875 0.014063 0.008250
0 0.146094 0.412125 0.013021 0.009750
0 0.260417 0.438375 0.009375 0.005750
0 0.328385 0.412250 0.015104 0.006000
0 0.435417 0.360250 0.014583 0.008000
0 0.501823 0.338125 0.013021 0.007250
0 0.459896 0.306125 0.010417 0.005750
0 0.570312 0.331250 0.010417 0.007500
0 0.636979 0.305500 0.014583 0.007500
0 0.587760 0.274875 0.008854 0.006750
0 0.700000 0.307500 0.009375 0.007000
0 0.715885 0.323375 0.009896 0.006750
0 0.781250 0.325875 0.008333 0.006750
0 0.706510 0.291000 0.009896 0.007000
0 0.698698 0.292375 0.008854 0.008250
0 0.747135 0.229875 0.008854 0.007250
0 0.732552 0.227125 0.008854 0.007750
0 0.641927 0.167125 0.011979 0.006750
0 0.202604 0.487000 0.016667 0.004500
0 0.376563 0.503375 0.012500 0.006250
0 0.512760 0.499375 0.018229 0.007250
0 0.645312 0.446000 0.017708 0.007000
0 0.863542 0.470625 0.012500 0.007250
0 0.815104 0.465250 0.013542 0.007000
0 0.800521 0.466000 0.010417 0.008000
0 0.172396 0.549000 0.011458 0.008500
0 0.173958 0.516875 0.014583 0.005750
0 0.512760 0.646750 0.011979 0.008000
0 0.540885 0.654750 0.017188 0.005500
0 0.539844 0.645125 0.011979 0.004250
0 0.557031 0.697125 0.009896 0.004750
0 0.667708 0.755500 0.012500 0.006000
0 0.800781 0.730125 0.015104 0.006750
0 0.879687 0.864625 0.011458 0.006250
0 0.908073 0.751125 0.011979 0.008750
0 0.647917 0.846375 0.010417 0.006250
0 0.215885 0.625500 0.016146 0.005500
0 0.190104 0.695000 0.013542 0.008500
