0 0.040375 0.402604 0.007750 0.016667
0 0.100625 0.399479 0.005250 0.015625
0 0.193125 0.907552 0.005750 0.011979
0 0.242750 0.622917 0.005500 0.017708
0 0.244625 0.596354 0.007250 0.010417
0 0.269750 0.615625 0.006500 0.014583
0 0.269625 0.600000 0.005750 0.012500
0 0.276625 0.626042 0.005250 0.013542
0 0.293625 0.633594 0.007250 0.009896
0 0.172500 0.479948 0.007500 0.009896
0 0.179000 0.465365 0.005000 0.007812
0 0.183250 0.449219 0.007500 0.015104
0 0.286375 0.309896 0.007750 0.020833
0 0.200375 0.230990 0.006250 0.015104
0 0.329750 0.668750 0.005000 0.013542
0 0.338750 0.663021 0.007000 0.013542
0 0.342500 0.679167 0.008000 0.011458
0 0.345500 0.683854 0.007000 0.010417
0 0.381125 0.633333 0.005250 0.012500
0 0.392250 0.651042 0.004500 0.011458
0 0.376375 0.599479 0.004750 0.011458
0 0.350125 0.568490 0.007250 0.011979
0 0.336875 0.538802 0.006750 0.011979
0 0.370375 0.542708 0.007750 0.015625
0 0.383250 0.536719 0.006500 0.010937
0 0.410250 0.599219 0.004500 0.014063
0 0.430000 0.647135 0.003000 0.008854
0 0.339125 0.490885 0.005250 0.014063
0 0.328500 0.476562 0.007500 0.012500
0 0.332625 0.337500 0.006250 0.013542
0 0.413750 0.276302 0.004500 0.016146
0 0.428625 0.346615 0.006750 0.018229
0 0.454125 0.295573 0.006250 0.010937
0 0.466250 0.300000 0.010500 0.014583
0 0.448375 0.220573 0.004250 0.013021
0 0.455875 0.227604 0.005250 0.015625
0 0.467125 0.225000 0.005750 0.012500
0 0.446250 0.193750 0.005000 0.012500
0 0.409250 0.204948 0.005500 0.010937
0 0.455375 0.195052 0.005250 0.015104
0 0.456500 0.166406 0.005500 0.010937
0 0.482750 0.167708 0.006000 0.010417
0 0.448875 0.146094 0.007250 0.016146
0 0.549125 0.468750 0.003750 0.011458
0 0.465875 0.445312 0.004750 0.017708
0 0.464250 0.508333 0.003500 0.016667
0 0.455000 0.527344 0.004500 0.013021
0 0.443250 0.496094 0.004000 0.015104
0 0.461500 0.550000 0.004500 0.012500
0 0.445250 0.542969 0.006500 0.017188
0 0.440500 0.586719 0.005500 0.015104
0 0.441125 0.602083 0.005250 0.013542
0 0.440375 0.608073 0.007250 0.014063
0 0.443500 0.616406 0.004500 0.015104
0 0.484250 0.658594 0.007500 0.013021
0 0.498125 0.655729 0.005250 0.018750
0 0.508750 0.643229 0.005500 0.014583
0 0.508875 0.615104 0.008250 0.014583
0 0.511625 0.604167 0.007250 0.012500
0 0.522000 0.622917 0.006000 0.015625
0 0.526500 0.614062 0.007000 0.013542
0 0.531250 0.605990 0.006500 0.014063
0 0.530125 0.599479 0.006250 0.013542
0 0.475250 0.718490 0.007000 0.011979
0 0.475875 0.744792 0.008250 0.012500
0 0.514625 0.736719 0.009250 0.011979
0 0.513000 0.744010 0.008000 0.013021
0 0.525500 0.761198 0.005000 0.010937
0 0.519125 0.776823 0.004750 0.011979
0 0.523250 0.775521 0.004000 0.011458
0 0.495250 0.798177 0.005500 0.015104
0 0.535250 0.751302 0.007500 0.010937
0 0.535500 0.744271 0.009000 0.011458
0 0.539500 0.739583 0.006500 0.015625
0 0.544000 0.768490 0.005000 0.011979
0 0.549000 0.762760 0.006000 0.014063
0 0.509375 0.825521 0.005750 0.013542
0 0.525000 0.841927 0.008000 0.015104
0 0.539000 0.852344 0.007500 0.016146
0 0.550125 0.857812 0.006750 0.010417
0 0.546500 0.872656 0.004000 0.011979
0 0.551500 0.904687 0.004500 0.014583
0 0.556750 0.865104 0.005000 0.011458
0 0.565875 0.857031 0.004750 0.016146
0 0.591500 0.888802 0.005500 0.015104
0 0.581875 0.895833 0.006750 0.014583
0 0.574375 0.913281 0.005250 0.010937
0 0.618000 0.876823 0.007000 0.011979
0 0.626000 0.883854 0.008000 0.017708
0 0.564625 0.773698 0.005750 0.015104
0 0.573000 0.780208 0.009000 0.013542
0 0.610000 0.791667 0.005500 0.011458
0 0.644250 0.766406 0.007000 0.011979
0 0.654500 0.769531 0.007000 0.010937
0 0.561000 0.739323 0.008500 0.013021
0 0.555875 0.730469 0.008250 0.017188
0 0.593000 0.745833 0.010000 0.012500
0 0.593250 0.737500 0.007500 0.018750
0 0.592500 0.718490 0.006000 0.013021
0 0.582500 0.725781 0.009500 0.021354
0 0.648000 0.714583 0.007000 0.015625
0 0.562625 0.543229 0.007250 0.011458
0 0.563250 0.575000 0.005500 0.012500
0 0.591375 0.501823 0.006250 0.015104
0 0.615250 0.406250 0.007000 0.017708
0 0.657500 0.366927 0.010500 0.018229
0 0.577000 0.394271 0.005500 0.012500
0 0.592250 0.331510 0.005000 0.017188
0 0.595500 0.329688 0.005000 0.014583
0 0.596250 0.339844 0.005500 0.017188
0 0.599750 0.343750 0.005500 0.015625
0 0.593750 0.351042 0.006000 0.011458
0 0.596250 0.358333 0.008000 0.012500
0 0.583000 0.388281 0.006000 0.011979
0 0.581875 0.398958 0.005750 0.011458
0 0.572625 0.413802 0.006250 0.014063
0 0.588375 0.422396 0.006750 0.018750
0 0.569875 0.435677 0.006250 0.011979
0 0.573875 0.433333 0.008250 0.015625
0 0.577125 0.432552 0.004750 0.011979
0 0.577500 0.442969 0.006000 0.015104
0 0.573000 0.451302 0.008000 0.016146
0 0.575625 0.444271 0.008750 0.014583
0 0.577625 0.416146 0.004750 0.014583
0 0.580250 0.423698 0.006000 0.014063
0 0.583125 0.412500 0.007250 0.015625
