0 0.293750 0.537250 0.010417 0.005500
0 0.336719 0.532000 0.014063 0.003000
0 0.119531 0.479000 0.008854 0.005000
0 0.129948 0.477375 0.014063 0.004250
0 0.088802 0.470750 0.007812 0.005500
0 0.075781 0.471750 0.010937 0.003500
0 0.015104 0.454250 0.012500 0.004000
0 0.015885 0.445500 0.009896 0.004000
0 0.014844 0.442000 0.009896 0.005000
0 0.013021 0.433250 0.013542 0.005500
0 0.127083 0.414750 0.009375 0.005500
0 0.190625 0.429875 0.011458 0.005750
0 0.157292 0.438750 0.009375 0.005000
0 0.231250 0.445875 0.009375 0.004250
0 0.229167 0.439375 0.007292 0.006250
0 0.269792 0.464250 0.007292 0.006000
0 0.120052 0.337875 0.017188 0.005250
0 0.101562 0.347250 0.012500 0.005000
0 0.118490 0.359625 0.014063 0.004750
0 0.121615 0.391125 0.006771 0.004250
0 0.125781 0.389875 0.009896 0.006250
0 0.160417 0.413375 0.014583 0.005750
0 0.179167 0.419000 0.008333 0.005000
0 0.187760 0.420125 0.010937 0.005750
0 0.233073 0.420250 0.013021 0.005500
0 0.219792 0.407000 0.011458 0.005500
0 0.291927 0.433375 0.008854 0.005250
0 0.301823 0.435750 0.006771 0.007500
0 0.302865 0.443375 0.014063 0.006750
0 0.317188 0.470750 0.009375 0.005500
0 0.356771 0.472750 0.010417 0.004500
0 0.346354 0.469125 0.010417 0.006250
0 0.332031 0.476250 0.011979 0.002500
0 0.335938 0.480000 0.008333 0.005500
0 0.352604 0.498625 0.008333 0.005250
0 0.396094 0.493125 0.011979 0.004250
0 0.396875 0.491125 0.009375 0.003250
0 0.544792 0.443625 0.006250 0.005750
0 0.517708 0.406750 0.012500 0.005500
0 0.532552 0.361000 0.005729 0.005500
0 0.534115 0.356750 0.008854 0.005000
0 0.570312 0.321500 0.008333 0.005500
0 0.532292 0.282625 0.010417 0.004250
0 0.497396 0.267125 0.009375 0.005750
0 0.491146 0.264625 0.008333 0.008250
0 0.489583 0.225625 0.010417 0.006250
0 0.492188 0.204000 0.011458 0.006000
0 0.499479 0.199250 0.010417 0.004500
0 0.494792 0.194125 0.006250 0.007250
0 0.537500 0.196625 0.011458 0.003750
0 0.543750 0.202500 0.011458 0.005500
0 0.530990 0.183875 0.014063 0.006250
0 0.538021 0.213250 0.010417 0.005500
0 0.530208 0.210500 0.009375 0.008000
0 0.573958 0.231750 0.009375 0.004500
0 0.505729 0.282625 0.014583 0.007250
0 0.462760 0.134125 0.007812 0.005750
0 0.629427 0.260750 0.013021 0.004500
0 0.639583 0.503625 0.010417 0.004750
0 0.668229 0.468750 0.011458 0.005000
0 0.677865 0.462250 0.010937 0.005500
0 0.687240 0.454750 0.009896 0.005500
0 0.695833 0.442500 0.008333 0.007000
0 0.743490 0.424500 0.009896 0.007000
0 0.751563 0.415375 0.009375 0.007250
0 0.728125 0.413750 0.013542 0.003500
0 0.735938 0.406750 0.007292 0.007500
0 0.700000 0.405625 0.009375 0.006750
0 0.740885 0.400375 0.015104 0.003250
0 0.722656 0.395000 0.010937 0.007500
0 0.714583 0.388500 0.010417 0.006500
0 0.713281 0.365000 0.010937 0.006500
0 0.748177 0.360125 0.010937 0.004750
0 0.787500 0.395125 0.012500 0.005250
0 0.760938 0.380125 0.013542 0.006750
0 0.763542 0.372125 0.010417 0.006750
0 0.804948 0.319500 0.013021 0.008500
0 0.834896 0.302125 0.006250 0.007250
0 0.841667 0.301875 0.009375 0.007750
0 0.881250 0.338500 0.008333 0.006000
0 0.838281 0.337875 0.008854 0.006750
0 0.846615 0.336875 0.010937 0.006250
0 0.837240 0.277000 0.011979 0.009000
0 0.863542 0.268500 0.011458 0.006500
0 0.747656 0.183125 0.008854 0.006750
0 0.937500 0.195125 0.011458 0.009250
0 0.909635 0.216000 0.014063 0.005500
0 0.903906 0.218750 0.007812 0.007000
0 0.890365 0.224250 0.013021 0.004500
0 0.897135 0.227125 0.013021 0.006750
0 0.898698 0.238125 0.009896 0.008250
0 0.892708 0.235375 0.014583 0.003750
0 0.892448 0.232125 0.017188 0.003250
0 0.950521 0.298875 0.011458 0.006750
0 0.970573 0.308250 0.010937 0.007500
0 0.751563 0.535000 0.011458 0.004500
0 0.754687 0.531500 0.013542 0.003500
0 0.805990 0.515000 0.011979 0.005000
0 0.851562 0.511000 0.008333 0.005000
0 0.843750 0.510000 0.007292 0.007000
0 0.921875 0.490375 0.007292 0.006750
0 0.931250 0.491375 0.011458 0.003750
0 0.930469 0.494375 0.009896 0.002750
0 0.955729 0.478500 0.009375 0.006500
0 0.952344 0.471750 0.013021 0.004000
0 0.948698 0.476750 0.010937 0.006500
0 0.936979 0.449750 0.011458 0.006000
0 0.986198 0.448625 0.014063 0.006750
