0 0.339625 0.530729 0.005250 0.016667
0 0.426625 0.625781 0.007750 0.014063
0 0.455250 0.601823 0.005500 0.013021
0 0.446000 0.506771 0.004000 0.014583
0 0.443125 0.515625 0.005250 0.009375
0 0.435875 0.480990 0.004250 0.015104
0 0.436875 0.467448 0.003750 0.014063
0 0.395750 0.420312 0.006500 0.013542
0 0.386250 0.363542 0.005500 0.015625
0 0.415875 0.367708 0.003750 0.014583
0 0.424125 0.389323 0.003250 0.016146
0 0.426875 0.367448 0.003750 0.010937
0 0.425625 0.359115 0.003250 0.014063
0 0.394750 0.260677 0.005000 0.016146
0 0.377625 0.263281 0.005250 0.015104
0 0.380250 0.189062 0.005000 0.017708
0 0.380625 0.189583 0.005250 0.015625
0 0.471875 0.116667 0.004250 0.016667
0 0.461875 0.119271 0.005250 0.015625
0 0.491750 0.108854 0.002500 0.011458
0 0.493875 0.108854 0.003250 0.014583
0 0.488375 0.181771 0.005750 0.017708
0 0.476000 0.178385 0.006500 0.016146
0 0.467875 0.232292 0.006250 0.005208
0 0.467250 0.227344 0.006500 0.006771
0 0.441875 0.252865 0.007250 0.005729
0 0.442000 0.248438 0.007000 0.005208
0 0.482000 0.269271 0.005500 0.017708
0 0.486000 0.300781 0.005000 0.011979
0 0.461625 0.385677 0.004250 0.016146
0 0.510500 0.309375 0.005000 0.014583
0 0.535250 0.321094 0.005000 0.014063
0 0.517625 0.257552 0.005750 0.015104
0 0.540500 0.187500 0.004500 0.016667
0 0.567750 0.671875 0.003000 0.011458
0 0.566125 0.670052 0.003750 0.009896
0 0.396375 0.663802 0.006250 0.015104
