0 0.688125 0.378385 0.010250 0.023438
0 0.880125 0.465104 0.011750 0.023958
0 0.821750 0.540625 0.013000 0.013542
0 0.797125 0.551302 0.007750 0.029687
0 0.782125 0.610417 0.007750 0.026042
0 0.841750 0.611458 0.010000 0.013542
0 0.630125 0.515365 0.010750 0.020313
0 0.442875 0.476302 0.008750 0.014063
0 0.472000 0.633594 0.009000 0.023438
0 0.492375 0.665365 0.007750 0.029687
0 0.491125 0.409896 0.007750 0.019792
0 0.379750 0.439844 0.006500 0.017188
0 0.400125 0.448437 0.007750 0.019792
0 0.393250 0.452865 0.013000 0.016146
0 0.407000 0.532552 0.009500 0.022396
0 0.436875 0.545052 0.007750 0.027604
0 0.453375 0.648438 0.007250 0.026042
0 0.554875 0.312760 0.007750 0.023438
0 0.548875 0.498698 0.007750 0.023438
0 0.543500 0.588021 0.010000 0.013542
0 0.446500 0.579167 0.011500 0.011458
0 0.420875 0.610677 0.006750 0.017188
0 0.673000 0.465104 0.012000 0.020833
0 0.550375 0.468750 0.008250 0.026042
0 0.559500 0.339323 0.009000 0.022396
0 0.416375 0.473698 0.007250 0.023438
0 0.417875 0.508594 0.010250 0.023438
0 0.462500 0.439844 0.010000 0.022396
0 0.430125 0.512240 0.010750 0.021354
0 0.775375 0.821094 0.010750 0.023438
0 0.957750 0.474479 0.018500 0.034375
0 0.354250 0.946875 0.010000 0.017708
0 0.485375 0.858854 0.008250 0.021875
0 0.456000 0.597656 0.005500 0.016146
0 0.459375 0.594792 0.006750 0.020833
0 0.424000 0.609115 0.007500 0.023438
0 0.615375 0.705469 0.008750 0.025521
0 0.637500 0.927344 0.011500 0.023438
0 0.723250 0.712760 0.008000 0.013021
