0 0.442708 0.559125 0.013542 0.005250
0 0.440885 0.573500 0.011979 0.007500
0 0.395833 0.605500 0.009375 0.004000
0 0.394010 0.604250 0.010937 0.004000
0 0.390625 0.610750 0.007292 0.006000
0 0.388802 0.609875 0.009896 0.004250
0 0.347396 0.624500 0.008333 0.007000
0 0.368750 0.626250 0.011458 0.005500
0 0.367188 0.632000 0.011458 0.004500
0 0.331250 0.638875 0.012500 0.005250
0 0.371615 0.640000 0.007812 0.005500
0 0.355208 0.644500 0.009375 0.004000
0 0.366927 0.648500 0.007812 0.005500
0 0.362500 0.656875 0.012500 0.005750
0 0.359375 0.652875 0.009375 0.005250
0 0.361198 0.639375 0.004687 0.004750
0 0.359115 0.638000 0.009896 0.005500
0 0.350260 0.654125 0.011979 0.005750
0 0.289583 0.664500 0.010417 0.004000
0 0.325000 0.660875 0.011458 0.007250
0 0.345833 0.664125 0.012500 0.004750
0 0.292969 0.675250 0.010937 0.004500
0 0.289062 0.672750 0.010417 0.005500
0 0.340625 0.679750 0.010417 0.004500
0 0.335938 0.678125 0.010417 0.006750
0 0.373177 0.692500 0.009896 0.006500
0 0.340365 0.690875 0.005729 0.006750
0 0.333854 0.693000 0.008333 0.006500
0 0.326042 0.693000 0.010417 0.005500
0 0.322917 0.691000 0.011458 0.005000
0 0.339844 0.700625 0.008854 0.006750
0 0.332552 0.706375 0.008854 0.005750
0 0.319531 0.701875 0.013021 0.004750
0 0.315885 0.699000 0.013021 0.003500
0 0.303385 0.745250 0.009896 0.004500
0 0.302083 0.743250 0.010417 0.005000
0 0.480990 0.541500 0.006771 0.006500
0 0.505729 0.551750 0.012500 0.005500
0 0.496875 0.562500 0.011458 0.004500
0 0.507812 0.563500 0.009375 0.003000
0 0.547917 0.575750 0.011458 0.006000
0 0.539583 0.572875 0.008333 0.005250
0 0.545573 0.604875 0.009896 0.004750
0 0.539844 0.598000 0.010937 0.003000
0 0.534896 0.595125 0.010417 0.004250
0 0.525781 0.594875 0.010937 0.005750
0 0.589844 0.641125 0.015104 0.004750
0 0.568229 0.635875 0.011458 0.005750
0 0.570312 0.631875 0.011458 0.005750
0 0.621094 0.631875 0.010937 0.006250
0 0.611198 0.648750 0.010937 0.005500
0 0.608594 0.666625 0.011979 0.007250
0 0.595313 0.670250 0.012500 0.004500
0 0.624479 0.663625 0.012500 0.006750
0 0.599219 0.681250 0.008854 0.003500
0 0.606771 0.684750 0.010417 0.005500
0 0.607292 0.690375 0.009375 0.004250
0 0.615104 0.699250 0.010417 0.004500
0 0.633594 0.720750 0.014063 0.007500
0 0.634635 0.736250 0.008854 0.007000
0 0.630729 0.744875 0.010417 0.004250
0 0.647656 0.747625 0.011979 0.007250
0 0.670052 0.750750 0.014063 0.006500
0 0.667448 0.777125 0.004687 0.005750
0 0.672135 0.777250 0.005729 0.006000
0 0.632292 0.788250 0.005208 0.005000
0 0.627344 0.787875 0.004687 0.005250
0 0.709115 0.809750 0.008854 0.006500
0 0.714063 0.834125 0.008333 0.004750
0 0.693490 0.765875 0.009896 0.006750
0 0.697396 0.777250 0.009375 0.004000
0 0.699740 0.781000 0.008854 0.004500
0 0.702865 0.785125 0.008854 0.005250
0 0.634375 0.775125 0.004167 0.006750
0 0.638281 0.775250 0.004687 0.007500
0 0.631510 0.769625 0.009896 0.002250
0 0.633073 0.772000 0.008854 0.002500
0 0.678906 0.770750 0.007812 0.006000
0 0.676562 0.766500 0.007292 0.004500
0 0.676823 0.731750 0.010937 0.008000
0 0.703125 0.766750 0.010417 0.008500
0 0.766667 0.764000 0.010417 0.007000
0 0.767708 0.752750 0.008333 0.006000
0 0.763281 0.754250 0.003646 0.006500
0 0.759115 0.753875 0.004687 0.007250
0 0.717187 0.747875 0.011458 0.007250
0 0.699219 0.746750 0.016146 0.005000
0 0.695573 0.740000 0.015104 0.005500
0 0.733594 0.737000 0.009896 0.007500
0 0.743229 0.729000 0.012500 0.007000
0 0.723958 0.732375 0.013542 0.005250
0 0.696094 0.727750 0.013021 0.006000
0 0.785417 0.751250 0.008333 0.004000
0 0.783594 0.748750 0.010937 0.005500
0 0.670052 0.686375 0.013021 0.005250
0 0.621615 0.681125 0.008854 0.005750
0 0.619792 0.677250 0.006250 0.006000
0 0.594531 0.559750 0.006771 0.005500
0 0.597917 0.559250 0.007292 0.006000
0 0.615885 0.563000 0.009896 0.004000
0 0.615104 0.561000 0.011458 0.004000
0 0.639062 0.620625 0.014583 0.004250
0 0.639062 0.652250 0.010417 0.005000
0 0.654687 0.657250 0.009375 0.005500
0 0.665365 0.667125 0.010937 0.004750
0 0.662760 0.664625 0.011979 0.005250
0 0.931771 0.826750 0.014583 0.005000
0 0.785937 0.694250 0.010417 0.004500
0 0.805990 0.689375 0.011979 0.004750
0 0.937240 0.659500 0.016146 0.004000
0 0.689844 0.490500 0.015104 0.004000
0 0.700781 0.481250 0.007812 0.008000
0 0.714583 0.476000 0.009375 0.008000
0 0.730208 0.479250 0.011458 0.006500
0 0.774740 0.500250 0.016146 0.003500
0 0.774740 0.504375 0.013021 0.003750
0 0.781250 0.509375 0.012500 0.003750
0 0.793490 0.508625 0.014063 0.004250
0 0.819792 0.506875 0.012500 0.005250
0 0.864062 0.496000 0.011458 0.007500
0 0.910156 0.523000 0.014063 0.005500
0 0.908854 0.537750 0.012500 0.003500
0 0.921875 0.536750 0.012500 0.004000
0 0.934896 0.535750 0.013542 0.004000
0 0.939844 0.540125 0.009896 0.005250
0 0.926042 0.525750 0.014583 0.004000
0 0.927344 0.523750 0.013021 0.002500
0 0.964583 0.532250 0.015625 0.005500
0 0.990365 0.540125 0.010937 0.005750
0 0.840104 0.774125 0.017708 0.010750
0 0.945833 0.500875 0.015625 0.005750
