0 0.162750 0.236979 0.014000 0.037500
0 0.204750 0.313021 0.020000 0.047917
0 0.256750 0.334896 0.020000 0.037500
0 0.288750 0.427604 0.018000 0.043750
0 0.317750 0.441146 0.016000 0.037500
0 0.302250 0.499479 0.019000 0.033333
0 0.327750 0.561979 0.024000 0.025000
0 0.392250 0.656771 0.019000 0.039583
0 0.395250 0.700521 0.027000 0.043750
0 0.448750 0.754687 0.016000 0.035417
0 0.441250 0.772396 0.023000 0.041667
0 0.147250 0.979687 0.019000 0.039583
0 0.747250 0.794010 0.013000 0.020313
0 0.719500 0.877604 0.011500 0.020833
0 0.714625 0.832031 0.007250 0.018229
0 0.718125 0.819531 0.006250 0.014063
0 0.720250 0.802344 0.009000 0.013021
0 0.648375 0.781771 0.010250 0.022917
0 0.642250 0.800260 0.009000 0.019271
0 0.595125 0.487240 0.008750 0.019271
0 0.617750 0.487500 0.006500 0.016667
0 0.507500 0.433073 0.006500 0.013021
0 0.496125 0.221615 0.009250 0.016146
0 0.520750 0.275000 0.008000 0.017708
0 0.450375 0.234375 0.009250 0.020833
