0 0.014844 0.448500 0.011979 0.007000
0 0.203125 0.421750 0.008333 0.008000
0 0.193229 0.347000 0.016667 0.006000
0 0.182292 0.338750 0.012500 0.006000
0 0.171094 0.342250 0.016146 0.004000
0 0.159635 0.336750 0.013021 0.006500
0 0.188021 0.333000 0.010417 0.006500
0 0.164844 0.325875 0.013021 0.005250
0 0.144531 0.317625 0.010937 0.005250
0 0.146875 0.316375 0.011458 0.006750
0 0.168229 0.306500 0.015625 0.004000
0 0.163281 0.279500 0.016146 0.005500
0 0.154688 0.266125 0.015625 0.005750
0 0.141927 0.212000 0.011979 0.008000
0 0.171875 0.262250 0.010417 0.005500
0 0.188542 0.308500 0.007292 0.006000
0 0.189583 0.312750 0.007292 0.003000
0 0.190625 0.315875 0.008333 0.004250
0 0.192969 0.323125 0.008854 0.004250
0 0.271875 0.400875 0.012500 0.003750
0 0.278385 0.393625 0.013021 0.007250
0 0.239844 0.356750 0.017188 0.005000
0 0.258073 0.352000 0.015104 0.005000
0 0.302083 0.321375 0.008333 0.008250
0 0.288281 0.315625 0.008854 0.007750
0 0.317708 0.283500 0.009375 0.009000
0 0.310156 0.277500 0.008854 0.008500
0 0.324219 0.273875 0.015104 0.007750
0 0.293750 0.251625 0.006250 0.008750
0 0.287240 0.251250 0.006771 0.009000
0 0.391927 0.201625 0.014063 0.006750
0 0.344531 0.289500 0.015104 0.009000
0 0.353646 0.301875 0.008333 0.007250
0 0.344010 0.303375 0.013021 0.006250
0 0.340625 0.300125 0.013542 0.005250
0 0.350781 0.297750 0.010937 0.005500
0 0.331510 0.310875 0.007812 0.006250
0 0.335938 0.312250 0.007292 0.008500
0 0.350781 0.315625 0.009896 0.007750
0 0.361458 0.315875 0.010417 0.009250
0 0.325260 0.348875 0.016146 0.004250
0 0.314844 0.352250 0.006771 0.006500
0 0.319271 0.354000 0.006250 0.005500
0 0.308854 0.371000 0.009375 0.005500
0 0.305990 0.375500 0.009896 0.007500
0 0.312500 0.382125 0.007292 0.007750
0 0.307552 0.382625 0.005729 0.006250
0 0.379688 0.459000 0.013542 0.003500
0 0.380729 0.456625 0.011458 0.002250
0 0.516667 0.401000 0.014583 0.006000
0 0.514062 0.395750 0.013542 0.005500
0 0.497135 0.398750 0.015104 0.004000
0 0.640885 0.342500 0.016146 0.005000
0 0.625260 0.334250 0.009896 0.007500
0 0.585156 0.336875 0.009896 0.007250
0 0.641927 0.337375 0.015104 0.006250
0 0.643229 0.334875 0.010417 0.003750
0 0.700260 0.313875 0.017188 0.006250
0 0.668750 0.315125 0.017708 0.004250
0 0.657813 0.309625 0.018750 0.004250
0 0.677604 0.299625 0.016667 0.004750
0 0.672656 0.292250 0.017188 0.004500
0 0.678125 0.287500 0.013542 0.005000
0 0.752344 0.284125 0.019271 0.005750
0 0.785677 0.270125 0.018229 0.004750
0 0.784375 0.267375 0.016667 0.003750
0 0.798438 0.301375 0.017708 0.006250
0 0.771354 0.304500 0.011458 0.007500
0 0.782552 0.313625 0.018229 0.006250
0 0.795312 0.324250 0.012500 0.007500
0 0.774219 0.324250 0.017188 0.006500
0 0.741927 0.320125 0.017188 0.005750
0 0.739583 0.326125 0.011458 0.007250
0 0.733333 0.325750 0.011458 0.005500
0 0.749219 0.331375 0.014063 0.008250
0 0.724219 0.344375 0.013021 0.006750
0 0.721094 0.340625 0.014063 0.003750
0 0.673698 0.346125 0.014063 0.004250
0 0.674219 0.349375 0.017188 0.005250
0 0.639323 0.360625 0.010937 0.007750
0 0.632552 0.364000 0.006771 0.005500
0 0.626823 0.363750 0.007812 0.007000
0 0.624219 0.382125 0.016146 0.005250
0 0.607292 0.380000 0.015625 0.003500
0 0.592448 0.379625 0.009896 0.008250
0 0.610156 0.376750 0.006771 0.006000
0 0.604688 0.376500 0.009375 0.007000
0 0.568229 0.383750 0.014583 0.004000
0 0.597917 0.395125 0.008333 0.006250
0 0.593490 0.395125 0.008854 0.004750
0 0.559896 0.404250 0.012500 0.007000
0 0.468490 0.433000 0.011979 0.003500
0 0.464583 0.436500 0.009375 0.004500
0 0.429167 0.493000 0.011458 0.006500
0 0.458594 0.476625 0.007812 0.005750
0 0.483854 0.482750 0.011458 0.004000
0 0.467708 0.485000 0.012500 0.005000
0 0.475000 0.479875 0.011458 0.005750
0 0.468229 0.480125 0.009375 0.007250
0 0.526302 0.453750 0.010937 0.005500
0 0.606771 0.443125 0.019792 0.008250
0 0.620573 0.451125 0.015104 0.004750
0 0.622396 0.448375 0.013542 0.003750
0 0.658073 0.435250 0.014063 0.007000
0 0.673698 0.433125 0.016146 0.006750
0 0.692969 0.440250 0.016146 0.005000
0 0.719010 0.428750 0.008854 0.005000
0 0.713542 0.426500 0.015625 0.003000
0 0.714323 0.422750 0.017188 0.005500
0 0.770052 0.415750 0.014063 0.005000
0 0.771354 0.413500 0.011458 0.003000
0 0.763542 0.409750 0.013542 0.008000
0 0.839323 0.406750 0.016146 0.004000
0 0.854167 0.403250 0.017708 0.005000
0 0.828646 0.402875 0.015625 0.004750
0 0.815885 0.414250 0.015104 0.004500
0 0.811198 0.413000 0.014063 0.005500
0 0.809896 0.412250 0.011458 0.007000
0 0.848177 0.423875 0.019271 0.005250
0 0.836458 0.420875 0.015625 0.004250
0 0.854948 0.451250 0.013021 0.006000
0 0.835938 0.450250 0.009375 0.007000
0 0.826302 0.442500 0.010937 0.009000
0 0.750000 0.455000 0.017708 0.004000
0 0.757292 0.442125 0.009375 0.004750
0 0.750781 0.440250 0.007812 0.008500
0 0.739583 0.441375 0.016667 0.005250
0 0.698698 0.455500 0.009896 0.008000
0 0.708854 0.478750 0.014583 0.005500
0 0.660677 0.456000 0.017188 0.004000
0 0.495573 0.543375 0.009896 0.005250
0 0.614062 0.549750 0.016667 0.004500
0 0.628125 0.556125 0.013542 0.005250
0 0.643750 0.556250 0.014583 0.005000
0 0.702083 0.556000 0.015625 0.005500
0 0.711458 0.564875 0.009375 0.006250
0 0.703906 0.549375 0.014063 0.003750
0 0.704948 0.547375 0.014063 0.002750
0 0.715885 0.561250 0.003646 0.005500
0 0.721354 0.561500 0.007292 0.006000
0 0.741667 0.563875 0.014583 0.004250
0 0.748698 0.559750 0.015104 0.004000
0 0.767448 0.565250 0.011979 0.005500
0 0.777344 0.572375 0.015104 0.004250
0 0.776823 0.567875 0.014063 0.004250
0 0.794792 0.563750 0.014583 0.005000
0 0.778125 0.564750 0.010417 0.004000
0 0.723437 0.583500 0.016667 0.006000
0 0.715885 0.576625 0.013021 0.008250
0 0.676302 0.584125 0.010937 0.008250
0 0.514844 0.630875 0.013021 0.004750
0 0.544531 0.644750 0.014063 0.005500
0 0.551042 0.640375 0.013542 0.004750
0 0.564063 0.638375 0.013542 0.006250
