0 0.110156 0.469500 0.009896 0.003000
0 0.149740 0.421875 0.008854 0.005750
0 0.166146 0.387250 0.007292 0.005000
0 0.186458 0.374625 0.009375 0.005250
0 0.177604 0.369750 0.007292 0.006000
0 0.181250 0.365500 0.008333 0.005000
0 0.066406 0.357625 0.006771 0.006250
0 0.118490 0.346500 0.010937 0.005500
0 0.164323 0.348625 0.007812 0.005750
0 0.158854 0.343000 0.008333 0.005500
0 0.202865 0.340250 0.009896 0.006500
0 0.070312 0.319000 0.011458 0.004500
0 0.109375 0.312875 0.005208 0.004750
0 0.115365 0.311500 0.006771 0.005500
0 0.140885 0.312125 0.008854 0.005750
0 0.042188 0.283625 0.007292 0.005250
0 0.088542 0.278500 0.008333 0.005500
0 0.091667 0.277750 0.007292 0.005500
0 0.063281 0.252750 0.007812 0.005500
0 0.061198 0.248125 0.009896 0.004250
0 0.139844 0.252250 0.010937 0.002500
0 0.161458 0.256125 0.010417 0.004750
0 0.176042 0.256875 0.006250 0.004250
0 0.180729 0.254000 0.006250 0.004000
0 0.148438 0.269000 0.006250 0.005500
0 0.166667 0.274125 0.008333 0.005750
0 0.201042 0.281500 0.012500 0.003500
0 0.193229 0.286750 0.006250 0.004500
0 0.183333 0.289250 0.006250 0.004500
0 0.207812 0.295375 0.007292 0.005250
0 0.205729 0.302375 0.008333 0.005750
0 0.189323 0.306500 0.011979 0.003000
0 0.196875 0.310375 0.006250 0.005250
0 0.189323 0.325625 0.008854 0.005750
0 0.242969 0.323250 0.008854 0.004000
0 0.251302 0.319125 0.006771 0.005750
0 0.251563 0.312125 0.007292 0.005250
0 0.252083 0.349125 0.009375 0.004250
0 0.159115 0.364250 0.008854 0.005500
0 0.156771 0.362625 0.007292 0.003750
0 0.223698 0.338000 0.009896 0.004500
0 0.184375 0.294625 0.009375 0.004750
0 0.211458 0.306250 0.009375 0.006500
0 0.250521 0.508250 0.009375 0.004500
0 0.221875 0.496125 0.010417 0.004750
0 0.235677 0.497000 0.015104 0.004000
0 0.306250 0.470000 0.009375 0.005500
0 0.355990 0.401000 0.010937 0.006000
0 0.481510 0.384250 0.008854 0.005500
0 0.475000 0.389375 0.009375 0.003750
0 0.472135 0.387875 0.009896 0.004750
0 0.497396 0.371125 0.006250 0.004750
0 0.494531 0.370125 0.007812 0.005750
0 0.366667 0.348875 0.010417 0.004750
0 0.370052 0.345625 0.014063 0.003250
0 0.406510 0.339750 0.014063 0.006000
0 0.407031 0.328125 0.013021 0.006250
0 0.380208 0.334500 0.006250 0.006000
0 0.384115 0.334125 0.004687 0.005750
0 0.463281 0.317875 0.011979 0.005250
0 0.480990 0.336500 0.014063 0.006500
0 0.416667 0.316375 0.009375 0.005250
0 0.401562 0.315375 0.010417 0.004750
0 0.401562 0.312375 0.010417 0.004250
0 0.386719 0.297875 0.006771 0.006250
0 0.425260 0.295000 0.008854 0.007000
0 0.446094 0.296125 0.007812 0.004750
0 0.439323 0.294875 0.007812 0.005750
0 0.420833 0.307750 0.007292 0.005500
0 0.416927 0.306125 0.008854 0.003750
0 0.415104 0.304375 0.008333 0.003750
0 0.839583 0.148375 0.007292 0.005750
0 0.754687 0.168500 0.010417 0.006500
0 0.753125 0.174000 0.010417 0.004000
0 0.755469 0.175875 0.009896 0.004250
0 0.790365 0.192250 0.006771 0.005000
0 0.787240 0.192000 0.008854 0.005500
0 0.719271 0.201375 0.008333 0.005750
0 0.713802 0.201250 0.007812 0.004500
0 0.719531 0.249000 0.009896 0.006000
0 0.684896 0.221375 0.010417 0.005750
0 0.664583 0.212875 0.010417 0.006250
0 0.653125 0.217125 0.013542 0.004250
0 0.636719 0.212250 0.005729 0.007000
0 0.653385 0.222375 0.008854 0.005250
0 0.663281 0.221625 0.005729 0.006250
0 0.668750 0.221500 0.005208 0.007000
0 0.674479 0.222750 0.006250 0.005500
0 0.588281 0.235875 0.013021 0.006250
0 0.625260 0.262750 0.007812 0.006000
0 0.700000 0.273000 0.010417 0.003000
0 0.698438 0.270125 0.010417 0.005250
0 0.652083 0.298625 0.014583 0.005750
0 0.630729 0.309000 0.009375 0.006500
0 0.611458 0.300875 0.008333 0.007250
0 0.611719 0.273750 0.005729 0.006500
0 0.615104 0.272250 0.007292 0.006500
0 0.537240 0.282125 0.008854 0.005250
0 0.532292 0.282125 0.006250 0.004750
0 0.225781 0.564125 0.011979 0.003750
0 0.342708 0.547750 0.010417 0.002500
0 0.349479 0.540000 0.012500 0.004000
0 0.387240 0.524000 0.014063 0.004500
0 0.404687 0.523125 0.012500 0.003250
0 0.414323 0.525875 0.010937 0.003250
0 0.414323 0.529500 0.011979 0.004500
0 0.469010 0.514625 0.013021 0.004250
0 0.536458 0.495625 0.010417 0.003750
0 0.557552 0.491875 0.013021 0.004250
0 0.966146 0.463750 0.013542 0.003500
0 0.981771 0.497625 0.013542 0.002750
0 0.977865 0.501375 0.010937 0.003250
0 0.841667 0.527625 0.007292 0.005250
0 0.845052 0.518250 0.008854 0.004500
0 0.891146 0.509000 0.012500 0.003500
0 0.909375 0.501000 0.011458 0.003500
0 0.970573 0.482500 0.008854 0.004000
0 0.888021 0.469500 0.014583 0.004500
0 0.855990 0.464000 0.010937 0.004500
0 0.828125 0.462875 0.013542 0.004250
0 0.820833 0.475625 0.007292 0.006250
0 0.786198 0.504125 0.013021 0.003750
0 0.714063 0.472875 0.013542 0.004250
0 0.731250 0.500625 0.009375 0.005750
0 0.710677 0.501250 0.014063 0.004000
0 0.682552 0.526000 0.015104 0.004000
0 0.729688 0.555375 0.009375 0.004750
0 0.675260 0.544500 0.010937 0.003500
0 0.683854 0.544250 0.007292 0.004000
0 0.627083 0.537375 0.014583 0.004250
0 0.622656 0.525875 0.006771 0.004750
0 0.630208 0.523250 0.011458 0.003000
0 0.596875 0.545375 0.010417 0.004750
0 0.542969 0.546375 0.006771 0.003750
0 0.538542 0.541125 0.010417 0.005250
0 0.504427 0.542000 0.013021 0.004500
0 0.483854 0.541000 0.008333 0.004500
0 0.519792 0.518375 0.014583 0.003750
0 0.575521 0.508750 0.008333 0.004500
0 0.578906 0.507625 0.009896 0.004750
0 0.620573 0.514875 0.013021 0.005250
0 0.847917 0.497250 0.014583 0.004000
0 0.316146 0.590000 0.010417 0.005500
0 0.336979 0.610375 0.007292 0.005250
0 0.348698 0.610125 0.011979 0.003250
0 0.366667 0.603500 0.008333 0.005500
0 0.373177 0.601750 0.008854 0.003500
0 0.378646 0.601000 0.010417 0.004000
0 0.377083 0.620500 0.009375 0.005500
0 0.446875 0.632875 0.013542 0.004250
0 0.463542 0.621875 0.010417 0.006750
0 0.460417 0.595750 0.006250 0.005000
0 0.500781 0.620000 0.013021 0.005500
0 0.521094 0.628750 0.008854 0.006000
0 0.483854 0.659875 0.010417 0.006250
0 0.528125 0.665500 0.010417 0.004000
0 0.570312 0.659875 0.015625 0.009250
0 0.596615 0.662000 0.010937 0.003000
0 0.619271 0.652375 0.011458 0.002750
0 0.614062 0.649000 0.010417 0.004000
0 0.629167 0.647250 0.012500 0.004000
0 0.643490 0.644250 0.010937 0.004500
0 0.632292 0.642500 0.010417 0.004000
0 0.641406 0.676125 0.009896 0.003750
0 0.673958 0.654875 0.012500 0.005750
0 0.707812 0.639500 0.010417 0.006500
0 0.702604 0.630250 0.010417 0.004000
0 0.739583 0.649375 0.010417 0.004750
0 0.749740 0.653125 0.011979 0.003250
0 0.776302 0.644250 0.006771 0.005500
0 0.813542 0.656250 0.008333 0.004500
0 0.795573 0.673625 0.011979 0.004750
0 0.747135 0.674875 0.011979 0.004750
0 0.729688 0.690500 0.009375 0.005500
0 0.766927 0.692500 0.005729 0.003000
0 0.800521 0.684750 0.008333 0.005000
0 0.817448 0.685500 0.008854 0.004000
0 0.826823 0.689875 0.006771 0.003750
0 0.852865 0.709625 0.008854 0.004250
0 0.844010 0.708250 0.008854 0.004500
0 0.830729 0.716875 0.011458 0.005750
0 0.892448 0.721375 0.009896 0.006750
0 0.785937 0.749875 0.013542 0.004250
0 0.222917 0.614625 0.006250 0.004750
0 0.234896 0.624875 0.007292 0.005250
0 0.244531 0.634875 0.006771 0.005250
0 0.258333 0.636500 0.007292 0.005500
0 0.274219 0.644750 0.011979 0.005000
0 0.292187 0.655375 0.010417 0.005750
0 0.290625 0.665000 0.008333 0.004000
0 0.292448 0.668375 0.007812 0.003250
0 0.317969 0.664500 0.006771 0.004500
0 0.326823 0.667250 0.007812 0.005000
0 0.339323 0.675750 0.007812 0.004500
0 0.328385 0.690625 0.008854 0.003750
0 0.335677 0.688625 0.006771 0.004250
0 0.259635 0.690000 0.009896 0.004000
0 0.339583 0.703875 0.010417 0.004750
0 0.352344 0.702000 0.005729 0.004000
0 0.353385 0.709250 0.009896 0.004500
0 0.347917 0.710750 0.007292 0.003500
0 0.383854 0.702125 0.010417 0.003250
0 0.382552 0.699000 0.009896 0.004000
0 0.393750 0.696250 0.008333 0.004000
0 0.402865 0.701750 0.008854 0.004000
0 0.402083 0.707750 0.008333 0.004500
0 0.304427 0.726250 0.009896 0.004500
0 0.359115 0.730125 0.010937 0.003250
0 0.355208 0.748625 0.008333 0.004750
0 0.391146 0.772375 0.008333 0.003750
0 0.427083 0.746125 0.006250 0.002750
0 0.432031 0.744750 0.006771 0.004000
0 0.355990 0.694250 0.006771 0.003500
0 0.363281 0.694875 0.005729 0.002750
0 0.343229 0.695625 0.005208 0.002750
0 0.341667 0.692125 0.007292 0.002750
0 0.345833 0.691750 0.007292 0.003500
0 0.345573 0.686375 0.004687 0.003250
0 0.341667 0.687250 0.005208 0.004000
0 0.360938 0.689500 0.009375 0.004000
0 0.484635 0.158250 0.009896 0.004500
0 0.586979 0.377000 0.009375 0.006000
0 0.552865 0.533500 0.008854 0.002000
0 0.554167 0.536250 0.007292 0.004000
0 0.412760 0.541500 0.007812 0.003000
0 0.399740 0.542750 0.006771 0.002500
0 0.395052 0.542750 0.005729 0.002500
0 0.626302 0.623500 0.008854 0.006000
0 0.598177 0.650750 0.007812 0.003500
0 0.599740 0.649750 0.008854 0.003000
0 0.939063 0.983875 0.008333 0.005250
