0 0.195833 0.561500 0.008333 0.005500
0 0.240885 0.558750 0.006771 0.006500
0 0.232813 0.557625 0.007292 0.004750
0 0.242969 0.455250 0.007812 0.003500
0 0.372135 0.552625 0.007812 0.004250
0 0.386458 0.541000 0.008333 0.005000
0 0.440625 0.501250 0.007292 0.005000
0 0.433594 0.512375 0.004687 0.003250
0 0.436198 0.511750 0.005729 0.003500
0 0.439062 0.459000 0.010417 0.003500
0 0.449219 0.477625 0.009896 0.003250
0 0.440365 0.476125 0.008854 0.002750
0 0.445573 0.474000 0.007812 0.002500
0 0.449740 0.475000 0.008854 0.003000
0 0.415625 0.488125 0.008333 0.003750
0 0.416406 0.487375 0.006771 0.002750
0 0.429948 0.466750 0.009896 0.002500
0 0.428125 0.464375 0.007292 0.002750
0 0.388542 0.469750 0.006250 0.004000
0 0.480990 0.593625 0.011979 0.002750
0 0.489583 0.589250 0.010417 0.003000
0 0.498437 0.588750 0.007292 0.003500
0 0.498437 0.585000 0.008333 0.004000
0 0.523438 0.586000 0.008333 0.003000
0 0.526563 0.587250 0.005208 0.002000
0 0.565365 0.586375 0.008854 0.003750
0 0.526042 0.565625 0.009375 0.005250
0 0.497656 0.558375 0.011979 0.005750
0 0.613542 0.551875 0.007292 0.006250
0 0.632292 0.565625 0.008333 0.005750
0 0.335417 0.643000 0.012500 0.003000
0 0.464323 0.643250 0.005729 0.003000
0 0.484635 0.631625 0.005729 0.003750
0 0.527344 0.633750 0.008854 0.006000
0 0.521354 0.638250 0.008333 0.005500
0 0.511979 0.638375 0.008333 0.003250
0 0.512760 0.641625 0.009896 0.004250
0 0.501302 0.645625 0.006771 0.003250
0 0.504167 0.644500 0.008333 0.004000
0 0.503125 0.657875 0.009375 0.003250
0 0.567187 0.672250 0.007292 0.006500
0 0.584115 0.666250 0.007812 0.005000
0 0.590885 0.657500 0.009896 0.006000
0 0.664844 0.732125 0.007812 0.003750
0 0.636198 0.771125 0.013021 0.005750
0 0.754948 0.773500 0.007812 0.006000
0 0.452865 0.729375 0.006771 0.004750
0 0.482292 0.716250 0.004167 0.005500
0 0.486198 0.716125 0.003646 0.003750
0 0.442969 0.700625 0.009896 0.005750
0 0.402865 0.695375 0.007812 0.004750
0 0.364583 0.766375 0.008333 0.004250
0 0.369010 0.770625 0.007812 0.004250
0 0.319792 0.888750 0.010417 0.004000
0 0.366406 0.940875 0.006771 0.004250
0 0.048438 0.922750 0.008333 0.004500
0 0.044792 0.910875 0.008333 0.003750
0 0.049219 0.906125 0.005729 0.003250
0 0.055990 0.912875 0.008854 0.005250
0 0.375260 0.965000 0.007812 0.004000
0 0.071354 0.419250 0.007292 0.004000
