0 0.675500 0.615625 0.009000 0.013542
0 0.663625 0.600260 0.003750 0.018229
0 0.672750 0.584375 0.008500 0.011458
0 0.641375 0.576302 0.004750 0.014063
0 0.595625 0.623437 0.007250 0.007292
0 0.608375 0.580208 0.007750 0.011458
0 0.623875 0.563802 0.006250 0.007812
0 0.656000 0.541406 0.006000 0.009896
0 0.709375 0.555469 0.004750 0.013021
0 0.680000 0.570833 0.004500 0.012500
0 0.681375 0.545052 0.004250 0.014063
0 0.674750 0.539323 0.005500 0.011979
0 0.699375 0.502865 0.005750 0.011979
0 0.725125 0.502604 0.008750 0.014583
0 0.617875 0.604948 0.003250 0.016146
0 0.620125 0.591406 0.005250 0.014063
0 0.564625 0.501563 0.005750 0.015625
0 0.637750 0.363802 0.007000 0.015104
0 0.637875 0.348958 0.005250 0.018750
0 0.673125 0.189583 0.006250 0.019792
0 0.659875 0.241927 0.009750 0.018229
0 0.657375 0.288021 0.007250 0.009375
0 0.658250 0.299219 0.005500 0.014063
0 0.680750 0.332813 0.005000 0.014583
0 0.677125 0.229948 0.006750 0.013021
0 0.664875 0.276302 0.007250 0.010937
0 0.667250 0.260156 0.006500 0.013021
0 0.502750 0.450521 0.007000 0.014583
0 0.524375 0.412500 0.007250 0.016667
0 0.519375 0.349479 0.004750 0.019792
0 0.492750 0.242188 0.005500 0.019792
0 0.506000 0.251563 0.008000 0.010417
0 0.537250 0.187240 0.005500 0.018229
0 0.512875 0.122396 0.006750 0.013542
0 0.518750 0.122135 0.006000 0.019271
0 0.443750 0.125781 0.004500 0.021354
0 0.392250 0.347656 0.004000 0.018229
0 0.421000 0.304427 0.007000 0.015104
0 0.425625 0.348698 0.007250 0.011979
0 0.415125 0.435417 0.007750 0.009375
0 0.427000 0.446615 0.005500 0.013021
0 0.399875 0.401042 0.004750 0.016667
0 0.397000 0.421875 0.005500 0.015625
0 0.374000 0.275781 0.007500 0.016146
0 0.381375 0.252344 0.007750 0.010937
0 0.366000 0.253646 0.005500 0.017708
0 0.348000 0.260156 0.005500 0.015104
0 0.330375 0.279427 0.007750 0.011979
0 0.320750 0.113802 0.009000 0.018229
0 0.319250 0.139323 0.005000 0.009896
0 0.319500 0.152865 0.004000 0.015104
0 0.323125 0.184635 0.008750 0.013021
0 0.320500 0.165625 0.008000 0.010417
0 0.324000 0.325521 0.009000 0.011458
0 0.364375 0.353125 0.008750 0.007292
0 0.367625 0.361198 0.008750 0.010937
0 0.272125 0.113281 0.009750 0.010937
0 0.214500 0.125781 0.009500 0.013021
0 0.212250 0.026562 0.009500 0.016667
0 0.191500 0.336719 0.010500 0.011979
0 0.169000 0.375260 0.009500 0.009896
0 0.208375 0.425781 0.009250 0.009896
0 0.216000 0.495312 0.007000 0.017708
0 0.303875 0.466927 0.006250 0.019271
0 0.298875 0.490104 0.008750 0.010417
0 0.308375 0.548438 0.007750 0.018750
0 0.307875 0.608594 0.005750 0.019271
0 0.339500 0.596875 0.005500 0.016667
0 0.334500 0.533594 0.011000 0.011979
0 0.331625 0.548438 0.004750 0.016667
0 0.302625 0.502344 0.008250 0.010937
0 0.314750 0.497396 0.010500 0.015625
0 0.255625 0.543750 0.010250 0.014583
0 0.235625 0.544010 0.006250 0.018229
0 0.225250 0.533854 0.007500 0.012500
0 0.174625 0.542708 0.009750 0.014583
0 0.383000 0.597656 0.006000 0.017188
0 0.407625 0.581250 0.006750 0.015625
0 0.394375 0.618750 0.007750 0.010417
0 0.424125 0.668750 0.007750 0.011458
0 0.404750 0.728385 0.007500 0.009896
0 0.400625 0.746875 0.004250 0.012500
0 0.325500 0.679167 0.008000 0.009375
0 0.256500 0.692448 0.006500 0.010937
0 0.291000 0.588021 0.005500 0.016667
0 0.292625 0.603906 0.008750 0.011979
0 0.321625 0.618490 0.007250 0.010937
0 0.351000 0.607292 0.007000 0.012500
0 0.345750 0.627865 0.006000 0.015104
0 0.334000 0.620052 0.008000 0.011979
0 0.328000 0.620313 0.005000 0.016667
0 0.387625 0.638281 0.005750 0.015104
0 0.393500 0.637760 0.005500 0.018229
0 0.366500 0.632552 0.007000 0.017188
0 0.413750 0.662760 0.006000 0.015104
0 0.418000 0.518229 0.006000 0.016667
0 0.463875 0.541667 0.006250 0.013542
0 0.446375 0.525000 0.008250 0.017708
0 0.481500 0.584896 0.005000 0.018750
0 0.505875 0.628646 0.006250 0.010417
0 0.484875 0.623437 0.006750 0.012500
0 0.529750 0.518750 0.003500 0.015625
0 0.452375 0.673698 0.007750 0.013021
0 0.446750 0.681510 0.008000 0.011979
0 0.382250 0.452083 0.008000 0.015625
0 0.143625 0.445573 0.010250 0.009896
0 0.065375 0.404687 0.008250 0.018750
0 0.131750 0.497135 0.011000 0.015104
0 0.116625 0.454687 0.008250 0.012500
0 0.121875 0.445833 0.009250 0.017708
0 0.023375 0.409115 0.010250 0.019271
0 0.012250 0.463802 0.010500 0.013021
0 0.250000 0.228906 0.004500 0.017188
0 0.280625 0.284896 0.006250 0.020833
0 0.331750 0.368229 0.007000 0.016667
0 0.202875 0.153385 0.010250 0.024479
0 0.813625 0.738021 0.011250 0.014583
0 0.782000 0.740625 0.009000 0.013542
0 0.759500 0.772917 0.007500 0.011458
0 0.737500 0.770312 0.009000 0.012500
0 0.717125 0.770833 0.009750 0.012500
0 0.699375 0.786458 0.006250 0.015625
0 0.826875 0.764062 0.009750 0.014583
0 0.816250 0.758594 0.007500 0.018229
0 0.790875 0.359375 0.006750 0.013542
0 0.791000 0.465625 0.008000 0.013542
0 0.800625 0.454948 0.007250 0.011979
0 0.797000 0.430729 0.007500 0.010417
0 0.793500 0.437500 0.009500 0.012500
0 0.756500 0.410938 0.009500 0.011458
0 0.458125 0.861979 0.009250 0.021875
0 0.391750 0.982292 0.006500 0.021875
0 0.349750 0.986198 0.007500 0.016146
0 0.437500 0.901562 0.008500 0.013542
0 0.441875 0.892188 0.010750 0.020833
