0 0.198250 0.631510 0.007000 0.009896
0 0.234875 0.696094 0.007250 0.011979
0 0.253750 0.718490 0.005000 0.013021
0 0.261375 0.665885 0.006750 0.011979
0 0.276500 0.685417 0.005500 0.012500
0 0.279375 0.694531 0.005750 0.008854
0 0.277250 0.723698 0.004500 0.013021
0 0.282125 0.719792 0.005250 0.007292
0 0.287500 0.725781 0.006000 0.011979
0 0.290500 0.753385 0.005000 0.015104
0 0.307000 0.768750 0.007500 0.011458
0 0.322750 0.745573 0.005000 0.015104
0 0.300250 0.718229 0.005500 0.008333
0 0.303000 0.716667 0.006500 0.011458
0 0.314500 0.722917 0.003500 0.008333
0 0.316625 0.720573 0.006250 0.013021
0 0.360375 0.636458 0.006250 0.006250
0 0.359500 0.631250 0.005000 0.005208
0 0.310125 0.609115 0.006250 0.019271
0 0.323875 0.584635 0.008750 0.009896
0 0.346750 0.543229 0.007000 0.017708
0 0.349625 0.514844 0.008250 0.014063
0 0.297500 0.562240 0.006500 0.019271
0 0.298875 0.529687 0.008250 0.016667
0 0.273875 0.540104 0.003750 0.016667
0 0.269500 0.539323 0.005000 0.011979
0 0.263125 0.530729 0.006750 0.013542
0 0.273250 0.506510 0.004500 0.015104
0 0.277500 0.501563 0.006000 0.015625
0 0.255000 0.483594 0.009000 0.010937
0 0.267125 0.458073 0.006750 0.016146
0 0.262875 0.433594 0.005750 0.016146
0 0.275625 0.405729 0.009250 0.012500
0 0.289375 0.408073 0.010250 0.010937
0 0.297250 0.384115 0.008500 0.011979
0 0.307250 0.375260 0.008000 0.014063
0 0.246500 0.407031 0.007500 0.009896
0 0.213125 0.407812 0.008250 0.015625
0 0.290875 0.341406 0.005250 0.014063
0 0.286125 0.337240 0.005250 0.006771
0 0.286125 0.331771 0.008250 0.007292
0 0.241375 0.327083 0.006250 0.012500
0 0.242875 0.323958 0.004750 0.010417
0 0.209250 0.345313 0.008500 0.007292
0 0.209250 0.339844 0.007500 0.005729
0 0.203500 0.306250 0.007500 0.006250
0 0.203250 0.300521 0.007500 0.006250
0 0.193000 0.253125 0.009500 0.016667
0 0.428500 0.677865 0.006500 0.013021
0 0.395250 0.475000 0.005000 0.018750
0 0.402875 0.467708 0.007750 0.017708
0 0.395250 0.442448 0.007500 0.013021
0 0.398750 0.434635 0.007500 0.017188
0 0.407250 0.408333 0.008500 0.014583
0 0.405625 0.360938 0.007750 0.014583
0 0.386500 0.379948 0.003500 0.013021
0 0.388500 0.379427 0.004500 0.013021
0 0.375375 0.330208 0.005250 0.015625
0 0.364625 0.323698 0.005750 0.017188
0 0.351250 0.301302 0.008000 0.010937
0 0.330000 0.317188 0.006500 0.014583
0 0.360875 0.367969 0.004250 0.014063
0 0.357875 0.367448 0.004250 0.010937
0 0.294750 0.282813 0.009500 0.012500
0 0.316500 0.267708 0.006000 0.014583
0 0.323000 0.270833 0.004500 0.017708
0 0.314250 0.242708 0.005500 0.016667
0 0.292375 0.236719 0.006250 0.015104
0 0.293500 0.227865 0.007000 0.009896
0 0.260000 0.196615 0.006000 0.013021
0 0.265750 0.194271 0.006500 0.014583
0 0.284250 0.158333 0.007500 0.010417
0 0.290125 0.162240 0.006250 0.014063
0 0.304875 0.055208 0.005250 0.018750
0 0.325250 0.083854 0.005000 0.016667
0 0.334125 0.104427 0.006750 0.014063
0 0.326750 0.109635 0.008500 0.015104
0 0.334250 0.125521 0.005000 0.016667
0 0.327750 0.126042 0.005500 0.017708
0 0.323375 0.186719 0.006750 0.014063
0 0.321375 0.172396 0.004750 0.013542
0 0.323125 0.169531 0.004750 0.013021
0 0.324000 0.230729 0.005500 0.014583
0 0.330750 0.220573 0.006000 0.014063
0 0.339000 0.233854 0.004000 0.016667
0 0.350375 0.255469 0.004250 0.017188
0 0.365500 0.268229 0.004500 0.016667
0 0.354625 0.199740 0.005250 0.017188
0 0.355250 0.214062 0.005500 0.012500
0 0.352625 0.219531 0.005750 0.017188
0 0.344125 0.235937 0.003250 0.014583
0 0.346750 0.236198 0.003000 0.011979
0 0.326000 0.203125 0.004500 0.013542
0 0.324375 0.201563 0.003750 0.011458
0 0.389750 0.252344 0.005500 0.016146
0 0.390000 0.280208 0.005000 0.017708
0 0.467000 0.739844 0.005500 0.011979
0 0.469750 0.726823 0.006000 0.013021
0 0.469250 0.636979 0.007500 0.013542
0 0.477250 0.581771 0.005000 0.015625
0 0.511375 0.589583 0.007750 0.013542
0 0.487125 0.458073 0.005750 0.015104
0 0.491500 0.433073 0.004500 0.016146
0 0.493875 0.426563 0.006750 0.009375
0 0.527500 0.445312 0.005500 0.016667
0 0.524125 0.421615 0.004750 0.016146
0 0.544000 0.428646 0.007000 0.008333
0 0.538375 0.368750 0.006750 0.015625
0 0.480000 0.372656 0.006000 0.017188
0 0.557125 0.321354 0.008250 0.013542
0 0.543250 0.294792 0.007500 0.011458
0 0.551875 0.264583 0.006250 0.019792
0 0.565250 0.262760 0.007500 0.014063
0 0.577250 0.299479 0.008000 0.010417
0 0.579750 0.311198 0.007000 0.015104
0 0.590750 0.298698 0.007500 0.010937
0 0.596125 0.266667 0.004250 0.017708
0 0.592125 0.263021 0.004250 0.010417
0 0.590625 0.260417 0.004750 0.015625
0 0.568875 0.235937 0.005250 0.016667
0 0.549000 0.222917 0.005000 0.018750
0 0.522875 0.222396 0.004250 0.016667
0 0.519750 0.207812 0.007500 0.013542
0 0.492750 0.203125 0.005000 0.015625
0 0.488500 0.209635 0.004000 0.015104
0 0.527750 0.186979 0.005500 0.014583
0 0.511250 0.185938 0.007000 0.010417
0 0.510875 0.176302 0.007250 0.009896
0 0.508500 0.155469 0.004500 0.019271
0 0.533250 0.138021 0.003500 0.016667
0 0.530000 0.166927 0.002500 0.015104
0 0.527500 0.164062 0.002500 0.016667
0 0.563125 0.149219 0.006750 0.019271
0 0.529875 0.116146 0.005250 0.015625
0 0.528250 0.099219 0.005000 0.017188
0 0.540125 0.072656 0.007750 0.015104
0 0.525625 0.080990 0.005250 0.011979
0 0.524625 0.077344 0.003750 0.010937
0 0.547750 0.014323 0.005500 0.016146
0 0.595000 0.091927 0.008000 0.013021
0 0.601625 0.170052 0.005750 0.019271
0 0.504125 0.740365 0.007750 0.008854
0 0.524750 0.689323 0.005500 0.013021
0 0.528500 0.656250 0.007000 0.006250
0 0.528875 0.650000 0.007750 0.006250
0 0.550250 0.586458 0.005000 0.015625
0 0.570625 0.565365 0.006250 0.011979
0 0.569500 0.546615 0.006000 0.014063
0 0.582250 0.497917 0.005000 0.016667
0 0.575750 0.457031 0.006500 0.006771
0 0.575625 0.451302 0.005750 0.005729
0 0.608750 0.452604 0.007000 0.012500
0 0.603875 0.442969 0.005750 0.011979
0 0.598750 0.410938 0.004000 0.010417
0 0.600625 0.413542 0.004250 0.014583
0 0.638500 0.406771 0.008000 0.012500
0 0.646125 0.380729 0.004250 0.015625
0 0.616625 0.354948 0.004750 0.015104
0 0.610750 0.320833 0.004500 0.014583
0 0.622250 0.285677 0.006000 0.017188
0 0.629250 0.302083 0.007500 0.006250
0 0.628375 0.296615 0.005750 0.006771
0 0.650000 0.294271 0.005500 0.017708
0 0.602000 0.302344 0.004000 0.014063
0 0.615875 0.241406 0.005750 0.013021
0 0.616375 0.231510 0.006750 0.008854
0 0.636375 0.229948 0.004250 0.013021
0 0.642250 0.223698 0.004500 0.015104
0 0.637500 0.219531 0.004500 0.009896
0 0.669750 0.230469 0.003500 0.015104
0 0.674500 0.235677 0.005500 0.008854
0 0.660625 0.186719 0.003750 0.017188
0 0.674750 0.167448 0.005000 0.016146
0 0.662625 0.151302 0.006250 0.014063
0 0.653000 0.159115 0.007000 0.009896
0 0.650375 0.172396 0.004250 0.012500
0 0.645750 0.171094 0.005000 0.014063
0 0.619125 0.174740 0.006250 0.011979
0 0.615750 0.161979 0.005000 0.013542
0 0.621125 0.128906 0.006250 0.013021
0 0.613750 0.135677 0.003500 0.015104
0 0.610875 0.134635 0.002250 0.013021
0 0.633750 0.099219 0.004500 0.017188
0 0.646250 0.097917 0.004000 0.015625
0 0.653000 0.086979 0.006000 0.009375
0 0.651625 0.075521 0.006750 0.012500
0 0.673000 0.056510 0.007000 0.016146
0 0.660750 0.048177 0.003500 0.014063
0 0.657125 0.048177 0.004250 0.015104
0 0.505375 0.808594 0.006250 0.015104
0 0.571125 0.804948 0.004250 0.015104
0 0.571500 0.792188 0.003500 0.014583
0 0.571625 0.750260 0.004250 0.013021
0 0.338625 0.418229 0.005250 0.012500
0 0.871125 0.634896 0.007250 0.012500
