0 0.129427 0.333375 0.016146 0.011250
0 0.147396 0.270000 0.013542 0.010500
0 0.101562 0.262500 0.019792 0.009000
0 0.077604 0.266750 0.012500 0.009500
0 0.070312 0.275750 0.022917 0.008500
0 0.015625 0.225875 0.022917 0.009750
0 0.138802 0.214750 0.009896 0.011500
0 0.147135 0.215500 0.009896 0.010000
0 0.142448 0.137625 0.026562 0.008750
0 0.220573 0.138875 0.023438 0.010750
0 0.202083 0.392750 0.014583 0.009000
0 0.242969 0.399250 0.017188 0.009500
0 0.250781 0.387875 0.016146 0.008250
0 0.251823 0.383500 0.018229 0.005500
0 0.270833 0.333125 0.023958 0.009250
0 0.278646 0.319250 0.014583 0.011500
0 0.321354 0.321625 0.011458 0.009250
0 0.327083 0.310750 0.014583 0.011000
0 0.309375 0.322375 0.013542 0.009750
0 0.305208 0.295125 0.018750 0.011750
0 0.337500 0.283250 0.020833 0.010500
0 0.368229 0.276000 0.012500 0.011000
0 0.353125 0.269125 0.017708 0.009250
0 0.344010 0.271875 0.011979 0.009750
0 0.282292 0.271250 0.015625 0.011500
0 0.265625 0.266125 0.015625 0.010250
0 0.237500 0.244000 0.028125 0.009000
0 0.365365 0.247750 0.018229 0.010500
0 0.185938 0.213125 0.028125 0.008750
0 0.398177 0.195750 0.011979 0.010500
0 0.408333 0.195250 0.011458 0.013000
0 0.430729 0.184000 0.031250 0.007500
0 0.425521 0.171875 0.027083 0.009750
0 0.438542 0.147125 0.022917 0.012750
0 0.406510 0.135250 0.019271 0.013000
0 0.423698 0.130750 0.027604 0.012000
0 0.377083 0.116125 0.030208 0.010250
0 0.285938 0.457875 0.022917 0.009750
0 0.526823 0.359000 0.020313 0.006500
0 0.510677 0.352250 0.019271 0.006000
0 0.540885 0.350500 0.019271 0.011500
0 0.566146 0.334500 0.021875 0.011500
0 0.475781 0.310125 0.017188 0.012250
0 0.631250 0.276375 0.015625 0.007250
0 0.620573 0.274125 0.016146 0.011750
0 0.716667 0.216125 0.023958 0.011250
0 0.861458 0.183875 0.027083 0.015250
0 0.935677 0.162625 0.031771 0.008750
0 0.956250 0.136750 0.036458 0.015000
0 0.891146 0.239875 0.018750 0.009250
0 0.810677 0.269500 0.016146 0.010500
0 0.713281 0.299375 0.025521 0.007750
0 0.667448 0.332375 0.018229 0.010250
0 0.547917 0.369125 0.020833 0.005250
0 0.413281 0.446250 0.018229 0.008000
0 0.532552 0.464000 0.021354 0.007000
0 0.594792 0.446875 0.020833 0.005250
0 0.600521 0.464375 0.009375 0.008750
0 0.608333 0.463500 0.013542 0.009000
0 0.616146 0.461000 0.016667 0.005000
0 0.611979 0.456500 0.020833 0.005500
0 0.625781 0.465500 0.019271 0.006500
0 0.495833 0.481375 0.011458 0.005750
0 0.628906 0.501250 0.016146 0.008000
0 0.642708 0.505625 0.016667 0.005250
0 0.656250 0.503250 0.013542 0.007500
0 0.663021 0.502750 0.012500 0.009000
0 0.772917 0.510500 0.013542 0.010500
0 0.811719 0.498375 0.016146 0.007750
0 0.860417 0.507000 0.020833 0.009500
0 0.854948 0.468250 0.020313 0.004000
0 0.855208 0.464500 0.028125 0.004500
0 0.803906 0.445875 0.019271 0.007250
0 0.807031 0.459500 0.021354 0.005000
0 0.806510 0.463375 0.016146 0.004250
0 0.834375 0.448625 0.017708 0.005250
0 0.832292 0.446000 0.020833 0.007000
0 0.939583 0.449250 0.022917 0.006500
0 0.952604 0.457750 0.016667 0.013000
0 0.897396 0.373375 0.017708 0.010750
0 0.988281 0.511250 0.020313 0.009500
0 0.901562 0.691750 0.027083 0.011500
0 0.845313 0.665375 0.022917 0.008750
0 0.788281 0.639375 0.021354 0.009750
0 0.708854 0.621125 0.023958 0.007250
0 0.684375 0.647750 0.019792 0.010500
0 0.722396 0.678000 0.010417 0.009500
0 0.731771 0.684375 0.022917 0.005750
0 0.715625 0.685375 0.011458 0.010250
0 0.749479 0.678125 0.014583 0.006250
0 0.750260 0.674750 0.017188 0.006500
0 0.762760 0.675250 0.017188 0.011000
0 0.604167 0.619750 0.021875 0.007000
0 0.638802 0.594000 0.013021 0.010500
0 0.611719 0.586125 0.020313 0.007250
0 0.583073 0.586500 0.019271 0.006000
0 0.576302 0.596125 0.016146 0.007250
0 0.559375 0.603875 0.013542 0.006250
0 0.561719 0.601250 0.017188 0.007000
0 0.538021 0.569000 0.015625 0.010000
0 0.523958 0.565000 0.016667 0.005000
0 0.517188 0.533000 0.014583 0.008500
0 0.427604 0.551500 0.022917 0.007500
0 0.343750 0.652375 0.012500 0.012750
