0 0.004427 0.438875 0.008854 0.005250
0 0.025260 0.454000 0.010937 0.008000
0 0.034375 0.451750 0.008333 0.008000
0 0.047656 0.404000 0.014063 0.004500
0 0.070833 0.400750 0.015625 0.005000
0 0.156250 0.377875 0.010417 0.004250
0 0.200260 0.365500 0.009896 0.006500
0 0.209896 0.365250 0.009375 0.006500
0 0.226042 0.359125 0.009375 0.006750
0 0.331771 0.354875 0.011458 0.004750
0 0.321354 0.358750 0.015625 0.005500
0 0.317448 0.364625 0.013021 0.007750
0 0.304948 0.358500 0.017188 0.004000
0 0.249740 0.365750 0.014063 0.006000
0 0.261458 0.374500 0.014583 0.003000
0 0.261719 0.376750 0.015104 0.003000
0 0.262500 0.381250 0.015625 0.006000
0 0.245833 0.376875 0.014583 0.004750
0 0.208594 0.379250 0.015104 0.004000
0 0.198698 0.380750 0.016146 0.003000
0 0.211458 0.413250 0.015625 0.004000
0 0.189062 0.410000 0.009375 0.007500
0 0.151302 0.400875 0.013021 0.004250
0 0.144531 0.402125 0.014063 0.002750
0 0.144010 0.404375 0.014063 0.003250
0 0.149219 0.409250 0.010937 0.007000
0 0.142187 0.415750 0.008333 0.008000
0 0.108073 0.413750 0.015104 0.003000
0 0.107292 0.411375 0.013542 0.002250
0 0.059115 0.413125 0.017188 0.003750
0 0.062760 0.416250 0.018229 0.003500
0 0.044531 0.423625 0.013021 0.007250
0 0.061719 0.598375 0.011979 0.006250
0 0.112500 0.560875 0.007292 0.004750
0 0.117188 0.559625 0.010417 0.005250
0 0.132552 0.549750 0.006771 0.007000
0 0.130990 0.544375 0.006771 0.004750
0 0.126042 0.545250 0.005208 0.005500
0 0.147396 0.532750 0.011458 0.003500
0 0.155990 0.534250 0.009896 0.006500
0 0.153385 0.520000 0.008854 0.006000
0 0.149479 0.514500 0.009375 0.005500
0 0.132812 0.500875 0.009375 0.007250
0 0.184635 0.494125 0.008854 0.007750
0 0.194271 0.497875 0.006250 0.006250
0 0.198437 0.497625 0.006250 0.006750
0 0.204948 0.497125 0.009896 0.004750
0 0.220573 0.481125 0.011979 0.006250
0 0.221875 0.474125 0.007292 0.005750
0 0.225000 0.470500 0.011458 0.004500
0 0.217708 0.469500 0.009375 0.007000
0 0.321094 0.417750 0.014063 0.006000
0 0.471354 0.358625 0.010417 0.008250
0 0.382812 0.401875 0.009375 0.007250
0 0.370833 0.420375 0.013542 0.006750
0 0.340625 0.428375 0.011458 0.006250
0 0.339062 0.426750 0.009375 0.004000
0 0.303385 0.449750 0.009896 0.007000
0 0.286458 0.462125 0.006250 0.006250
0 0.294531 0.462500 0.011979 0.003500
0 0.296875 0.461000 0.009375 0.003000
0 0.302865 0.464625 0.015104 0.004250
0 0.299219 0.467750 0.013021 0.003500
0 0.280469 0.473375 0.009896 0.006250
0 0.285938 0.476750 0.009375 0.005000
0 0.232813 0.497750 0.016667 0.003500
0 0.207812 0.516875 0.011458 0.007250
0 0.200781 0.524125 0.011979 0.006250
0 0.207292 0.535500 0.010417 0.006500
0 0.194792 0.577125 0.017708 0.004750
0 0.125781 0.579375 0.014063 0.003750
0 0.125521 0.587875 0.012500 0.006250
0 0.145833 0.570500 0.014583 0.002500
0 0.145052 0.568250 0.016146 0.002500
0 0.114844 0.651625 0.009896 0.007750
0 0.461979 0.501750 0.010417 0.007500
0 0.499479 0.534000 0.015625 0.005500
0 0.614844 0.777875 0.005729 0.005750
0 0.608333 0.778250 0.007292 0.006000
0 0.590885 0.762625 0.013021 0.004250
0 0.578125 0.718750 0.009375 0.004500
0 0.585156 0.714750 0.013021 0.004500
0 0.575000 0.684375 0.013542 0.002750
0 0.576302 0.679875 0.008854 0.007250
0 0.605990 0.555000 0.016146 0.005000
0 0.563802 0.535500 0.008854 0.007000
0 0.533073 0.524375 0.008854 0.005250
0 0.539583 0.519125 0.012500 0.005250
0 0.517188 0.492375 0.007292 0.004750
0 0.517188 0.488000 0.009375 0.005000
0 0.508854 0.431000 0.006250 0.006000
0 0.508333 0.424125 0.010417 0.007250
0 0.508854 0.409000 0.016667 0.004500
0 0.593229 0.393125 0.013542 0.004250
0 0.606510 0.402875 0.014063 0.006250
0 0.612500 0.438375 0.011458 0.006250
0 0.616146 0.448750 0.011458 0.004500
0 0.626823 0.447250 0.013021 0.004500
0 0.632552 0.451500 0.010937 0.004500
0 0.628646 0.455625 0.010417 0.005250
0 0.648698 0.468000 0.008854 0.006500
0 0.661458 0.478375 0.011458 0.006250
0 0.657552 0.482500 0.009896 0.004000
0 0.670833 0.485250 0.009375 0.005000
0 0.685677 0.498250 0.010937 0.005500
0 0.702604 0.517125 0.007292 0.005750
0 0.692708 0.517625 0.009375 0.005750
0 0.841146 0.640500 0.009375 0.005500
0 0.796875 0.591500 0.013542 0.006000
0 0.790885 0.538250 0.008854 0.004500
0 0.793229 0.536625 0.008333 0.004250
0 0.725781 0.503875 0.007812 0.007250
0 0.718229 0.503250 0.010417 0.006000
0 0.669010 0.456875 0.004687 0.006750
0 0.664062 0.456875 0.008333 0.007250
0 0.575000 0.333000 0.014583 0.004500
0 0.595573 0.359125 0.011979 0.003250
0 0.595313 0.357125 0.013542 0.003250
0 0.650521 0.369125 0.014583 0.004250
0 0.710677 0.387250 0.016146 0.004000
0 0.710156 0.394000 0.015104 0.006000
0 0.625000 0.392500 0.007292 0.004000
0 0.845313 0.411750 0.012500 0.005000
0 0.847135 0.419375 0.015104 0.003750
0 0.858594 0.423875 0.014063 0.004750
0 0.864323 0.430000 0.010937 0.007000
0 0.888021 0.432250 0.013542 0.005000
0 0.899740 0.435125 0.013021 0.005250
0 0.888281 0.460125 0.013021 0.005250
0 0.900000 0.452375 0.017708 0.009250
0 0.929427 0.448125 0.014063 0.006750
0 0.928385 0.460375 0.010937 0.005750
0 0.917448 0.425625 0.007812 0.005750
0 0.921354 0.423250 0.010417 0.006500
0 0.939844 0.379750 0.007812 0.006000
0 0.771354 0.379250 0.013542 0.004500
0 0.778385 0.388875 0.010937 0.003250
0 0.779687 0.387500 0.013542 0.004000
0 0.748698 0.377250 0.008854 0.007500
0 0.740885 0.374875 0.005729 0.006250
0 0.735677 0.375500 0.005729 0.007000
0 0.591927 0.335500 0.011979 0.002500
0 0.593750 0.338250 0.014583 0.003000
0 0.625260 0.329000 0.015104 0.007000
0 0.732812 0.320750 0.014583 0.005000
0 0.783333 0.305750 0.010417 0.006000
0 0.795052 0.301750 0.010937 0.003000
0 0.748958 0.307250 0.014583 0.005000
0 0.696615 0.315250 0.009896 0.003000
0 0.565625 0.293875 0.014583 0.005750
0 0.588021 0.283875 0.012500 0.005750
0 0.744792 0.226875 0.010417 0.007750
0 0.923958 0.251250 0.015625 0.005500
0 0.897917 0.245625 0.010417 0.008750
0 0.883073 0.246000 0.010937 0.007000
0 0.864323 0.241000 0.013021 0.007500
0 0.883594 0.266500 0.015104 0.004500
0 0.873958 0.272250 0.013542 0.004000
0 0.845573 0.268625 0.015104 0.005250
0 0.801562 0.272000 0.017708 0.005000
0 0.778385 0.270125 0.011979 0.006250
0 0.861458 0.275625 0.007292 0.003250
