0 0.156250 0.372125 0.014583 0.007250
0 0.245833 0.410750 0.011458 0.007000
0 0.305469 0.369750 0.017188 0.008000
0 0.324740 0.357375 0.013021 0.007250
0 0.371354 0.310000 0.019792 0.008000
0 0.407552 0.308375 0.011979 0.008250
0 0.396615 0.296750 0.014063 0.009000
0 0.417448 0.289875 0.016146 0.005750
0 0.433854 0.296875 0.012500 0.009250
0 0.429948 0.284250 0.015104 0.006000
0 0.390625 0.274250 0.019792 0.006000
0 0.438281 0.274125 0.018229 0.008250
0 0.347396 0.436250 0.014583 0.005000
0 0.379167 0.426000 0.016667 0.007000
0 0.410938 0.429625 0.014583 0.004750
0 0.415365 0.420000 0.010937 0.008000
0 0.429948 0.401125 0.008854 0.007750
0 0.438542 0.393750 0.018750 0.005000
0 0.464583 0.401500 0.015625 0.004000
0 0.485156 0.410875 0.017188 0.006250
0 0.497917 0.400250 0.018750 0.006000
0 0.475781 0.393875 0.019271 0.006250
0 0.494010 0.392500 0.014063 0.006000
0 0.497656 0.386500 0.018229 0.006000
0 0.499479 0.377875 0.016667 0.005750
0 0.547396 0.363500 0.016667 0.008000
0 0.568750 0.360625 0.018750 0.008750
0 0.527604 0.387750 0.017708 0.005000
0 0.533333 0.394500 0.017708 0.005000
0 0.529167 0.399500 0.013542 0.008000
0 0.609896 0.385375 0.008333 0.008250
0 0.614062 0.320250 0.010417 0.009500
0 0.633854 0.325875 0.010417 0.009250
0 0.644531 0.326750 0.008854 0.009000
0 0.658854 0.322000 0.015625 0.008000
0 0.682813 0.331375 0.016667 0.009250
0 0.715365 0.315000 0.015104 0.007500
0 0.712760 0.337750 0.013021 0.009500
0 0.741667 0.326500 0.014583 0.007500
0 0.754167 0.324500 0.017708 0.008000
0 0.772917 0.321500 0.017708 0.005500
0 0.764583 0.300125 0.011458 0.008750
0 0.802344 0.281625 0.013021 0.008750
0 0.756771 0.311500 0.021875 0.008500
0 0.807031 0.323000 0.017188 0.009000
0 0.822135 0.324625 0.014063 0.008750
0 0.849740 0.304750 0.014063 0.009500
0 0.873698 0.279000 0.018229 0.007500
0 0.900521 0.281000 0.012500 0.009000
0 0.948177 0.286750 0.013021 0.006500
0 0.935677 0.304375 0.013021 0.007750
0 0.912500 0.304750 0.013542 0.009500
0 0.877865 0.312625 0.019271 0.006250
0 0.894271 0.311875 0.013542 0.008750
0 0.958333 0.307625 0.011458 0.009250
0 0.927865 0.339125 0.011979 0.007250
0 0.916146 0.338250 0.013542 0.006000
0 0.911198 0.341500 0.010937 0.005500
0 0.853125 0.353250 0.011458 0.008500
0 0.773958 0.373375 0.010417 0.007250
0 0.814583 0.364375 0.013542 0.006750
0 0.827344 0.354500 0.017188 0.004500
0 0.800521 0.358750 0.012500 0.005500
0 0.791927 0.354750 0.011979 0.007500
0 0.838021 0.337375 0.015625 0.005750
0 0.851562 0.341875 0.014583 0.005750
0 0.867448 0.341000 0.013021 0.006000
0 0.879948 0.341750 0.009896 0.008000
0 0.863542 0.347250 0.012500 0.007000
0 0.867708 0.333250 0.011458 0.006000
0 0.462240 0.471125 0.019271 0.005750
0 0.504427 0.485500 0.015104 0.006000
0 0.525521 0.489375 0.019792 0.007750
0 0.561719 0.491125 0.010937 0.007750
0 0.573698 0.494000 0.011979 0.007500
0 0.646094 0.480000 0.014063 0.007500
0 0.657813 0.494875 0.012500 0.006750
0 0.674219 0.495500 0.019271 0.008000
0 0.673698 0.501500 0.017188 0.004000
0 0.711198 0.503625 0.014063 0.005250
0 0.717448 0.494750 0.005729 0.008000
0 0.722656 0.494625 0.008854 0.007250
0 0.732031 0.498625 0.016146 0.005750
0 0.732292 0.506625 0.016667 0.005250
0 0.731510 0.480625 0.010937 0.006750
0 0.732292 0.488750 0.012500 0.004500
0 0.753906 0.479625 0.014063 0.006250
0 0.758333 0.475625 0.014583 0.007250
0 0.789323 0.499750 0.014063 0.006000
0 0.802865 0.497750 0.011979 0.005500
0 0.828906 0.504125 0.015104 0.004750
0 0.879687 0.494125 0.015625 0.007250
0 0.835677 0.491125 0.017188 0.004750
0 0.822656 0.496375 0.015104 0.005750
0 0.821875 0.492625 0.015625 0.003250
0 0.823958 0.499875 0.014583 0.003750
0 0.833333 0.496750 0.011458 0.007000
0 0.976823 0.475875 0.017188 0.004750
0 0.842187 0.519625 0.015625 0.006250
0 0.813021 0.524750 0.019792 0.005000
0 0.781510 0.549750 0.016146 0.005500
0 0.700521 0.541875 0.012500 0.007750
0 0.679167 0.553500 0.015625 0.005500
0 0.577604 0.530125 0.015625 0.004750
0 0.875000 0.542875 0.014583 0.005250
0 0.901302 0.548000 0.018229 0.007000
0 0.907031 0.537375 0.014063 0.007250
0 0.741406 0.548500 0.023438 0.008500
0 0.946615 0.550500 0.014063 0.006500
0 0.936458 0.546375 0.014583 0.004750
0 0.928385 0.541125 0.019271 0.006750
0 0.511198 0.533875 0.015104 0.008750
0 0.473438 0.512500 0.008333 0.004000
0 0.464323 0.514375 0.009896 0.004750
0 0.308594 0.502500 0.011979 0.005000
0 0.325000 0.531125 0.011458 0.005250
0 0.362500 0.604375 0.015625 0.006750
0 0.536979 0.625375 0.011458 0.006250
0 0.508854 0.683500 0.012500 0.008500
0 0.559375 0.693500 0.013542 0.008500
0 0.594792 0.656875 0.015625 0.005250
0 0.659896 0.673250 0.013542 0.008500
0 0.607031 0.673375 0.015104 0.004750
0 0.619271 0.670500 0.017708 0.006500
0 0.656250 0.722750 0.018750 0.005500
0 0.665104 0.728500 0.014583 0.005000
0 0.605208 0.744375 0.019792 0.006750
0 0.570052 0.741625 0.016146 0.004750
0 0.571875 0.738125 0.017708 0.005750
0 0.809375 0.771250 0.020833 0.006500
0 0.726042 0.809125 0.016667 0.006250
0 0.259115 0.618625 0.017188 0.006750
0 0.229167 0.336375 0.011458 0.004250
0 0.463281 0.222125 0.011979 0.008750
0 0.422135 0.245625 0.010937 0.008750
0 0.434896 0.246125 0.011458 0.008750
0 0.519531 0.237500 0.013021 0.007000
0 0.512500 0.247875 0.013542 0.008750
0 0.514844 0.279125 0.011979 0.007250
0 0.505469 0.282000 0.010937 0.005000
0 0.490625 0.251625 0.015625 0.005750
0 0.482552 0.255250 0.010937 0.005000
0 0.491667 0.266000 0.016667 0.004000
0 0.485156 0.271250 0.007812 0.008500
0 0.493490 0.269750 0.011979 0.004500
0 0.491927 0.265375 0.016146 0.004750
0 0.496875 0.259000 0.021875 0.006500
0 0.386198 0.635875 0.008854 0.004250
