0 0.328125 0.651750 0.013542 0.006000
0 0.290365 0.652750 0.009896 0.003500
0 0.295833 0.650625 0.008333 0.006250
0 0.254688 0.659000 0.007292 0.006500
0 0.245312 0.654500 0.009375 0.004500
0 0.250521 0.653500 0.009375 0.005500
0 0.200260 0.653500 0.010937 0.004000
0 0.233073 0.644375 0.009896 0.005750
0 0.235937 0.643250 0.008333 0.004500
0 0.269010 0.645500 0.013021 0.003000
0 0.271354 0.642500 0.007292 0.004500
0 0.238281 0.630375 0.011979 0.005750
0 0.227344 0.630750 0.006771 0.006500
0 0.224479 0.634250 0.007292 0.005000
0 0.219531 0.634750 0.009896 0.005500
0 0.215885 0.635875 0.007812 0.004250
0 0.014583 0.587750 0.013542 0.004000
0 0.083073 0.587000 0.006771 0.005500
0 0.088021 0.591750 0.012500 0.002500
0 0.089583 0.588625 0.012500 0.003750
0 0.220052 0.605875 0.011979 0.004750
0 0.216667 0.603875 0.012500 0.004250
0 0.205990 0.606125 0.010937 0.004250
0 0.203646 0.608375 0.014583 0.003750
0 0.301563 0.615875 0.011458 0.005750
0 0.304167 0.623375 0.012500 0.007750
0 0.350781 0.601000 0.009896 0.009000
0 0.335938 0.568250 0.008333 0.007000
0 0.350260 0.544250 0.016146 0.007000
0 0.269792 0.522625 0.009375 0.004750
0 0.263281 0.517375 0.010937 0.005750
0 0.232813 0.498000 0.008333 0.005500
0 0.099219 0.387125 0.006771 0.006750
0 0.038802 0.358875 0.005729 0.004250
0 0.088021 0.352125 0.006250 0.006750
0 0.091406 0.349000 0.005729 0.006000
0 0.151562 0.391250 0.012500 0.004000
0 0.248177 0.394625 0.013021 0.004750
0 0.305208 0.404375 0.009375 0.006250
0 0.209115 0.397125 0.011979 0.004750
0 0.195052 0.428000 0.016146 0.006000
0 0.261979 0.467875 0.012500 0.005250
0 0.231250 0.463500 0.010417 0.005000
0 0.229427 0.458750 0.009896 0.005000
0 0.269792 0.481500 0.007292 0.006500
0 0.273958 0.481000 0.006250 0.006000
0 0.434375 0.596500 0.010417 0.006000
0 0.433073 0.565875 0.013021 0.005250
0 0.423177 0.572875 0.011979 0.005750
0 0.428125 0.552000 0.011458 0.004500
0 0.427604 0.549875 0.010417 0.003750
0 0.425000 0.546250 0.009375 0.006000
0 0.445833 0.519000 0.008333 0.006500
0 0.339583 0.455000 0.006250 0.005500
0 0.341927 0.461125 0.007812 0.005250
0 0.413281 0.428500 0.014063 0.002500
0 0.412240 0.426125 0.010937 0.002250
0 0.463542 0.427250 0.012500 0.005000
0 0.477083 0.380375 0.012500 0.004750
0 0.473438 0.378625 0.009375 0.005250
0 0.488802 0.268875 0.008854 0.006250
0 0.484635 0.268000 0.008854 0.007000
0 0.480208 0.267500 0.006250 0.006000
0 0.568490 0.301000 0.006771 0.007000
0 0.579948 0.311375 0.009896 0.008250
0 0.576302 0.326000 0.011979 0.007000
0 0.546615 0.309625 0.005729 0.007250
0 0.540625 0.309625 0.006250 0.007750
0 0.522917 0.306375 0.007292 0.006250
0 0.516667 0.307000 0.006250 0.008000
0 0.527865 0.341125 0.014063 0.004250
0 0.567187 0.342875 0.010417 0.007250
0 0.550781 0.375375 0.009896 0.007750
0 0.544792 0.388875 0.008333 0.007750
0 0.535156 0.390125 0.007812 0.006750
0 0.528385 0.382625 0.007812 0.007250
0 0.526302 0.391250 0.004687 0.006500
0 0.530990 0.391250 0.004687 0.007500
0 0.511979 0.405125 0.009375 0.007250
0 0.506250 0.410125 0.006250 0.006250
0 0.488542 0.426000 0.006250 0.006500
0 0.494271 0.425125 0.005208 0.004250
0 0.494792 0.428750 0.006250 0.006000
0 0.533073 0.429125 0.007812 0.005750
0 0.533854 0.422250 0.008333 0.006500
0 0.518490 0.431000 0.005729 0.006000
0 0.516927 0.428750 0.006771 0.006500
0 0.513542 0.428250 0.004167 0.005500
0 0.489844 0.485750 0.005729 0.005000
0 0.486458 0.488875 0.007292 0.007250
0 0.467708 0.502750 0.010417 0.004000
0 0.464062 0.500000 0.007292 0.005500
0 0.464323 0.549625 0.008854 0.005250
0 0.466406 0.548000 0.006771 0.004500
0 0.497917 0.612500 0.011458 0.005000
0 0.499219 0.611000 0.010937 0.004000
0 0.511198 0.599625 0.010937 0.002750
0 0.510677 0.602750 0.013021 0.004000
0 0.514323 0.593125 0.011979 0.003750
0 0.508854 0.574500 0.013542 0.003500
0 0.553646 0.548875 0.011458 0.003750
0 0.535417 0.542250 0.014583 0.005000
0 0.600000 0.530000 0.011458 0.006000
0 0.596875 0.525375 0.007292 0.006250
0 0.589844 0.528875 0.007812 0.004750
0 0.586979 0.527875 0.010417 0.006250
0 0.578646 0.520375 0.011458 0.002750
0 0.578385 0.518375 0.013021 0.001750
0 0.576562 0.516500 0.010417 0.002500
0 0.616927 0.515375 0.011979 0.005750
0 0.614062 0.514000 0.009375 0.004500
0 0.601302 0.479750 0.010937 0.003500
0 0.588281 0.481000 0.010937 0.005000
0 0.592969 0.476375 0.013021 0.004750
0 0.577083 0.457625 0.012500 0.003750
0 0.692448 0.459750 0.011979 0.005500
0 0.686719 0.457500 0.010937 0.006500
0 0.731771 0.431125 0.009375 0.007750
0 0.704427 0.425750 0.009896 0.006000
0 0.700781 0.424750 0.008854 0.005000
0 0.660677 0.420125 0.011979 0.006250
0 0.654687 0.402500 0.008333 0.008000
0 0.675000 0.409875 0.008333 0.006750
0 0.682813 0.404875 0.010417 0.005250
0 0.692448 0.408375 0.007812 0.006750
0 0.695833 0.408875 0.006250 0.006250
0 0.729427 0.414250 0.010937 0.006500
0 0.729688 0.408625 0.006250 0.006750
0 0.724479 0.408625 0.005208 0.006750
0 0.711198 0.398250 0.009896 0.006000
0 0.714063 0.396875 0.008333 0.005250
0 0.705990 0.391000 0.014063 0.006000
0 0.771354 0.395500 0.011458 0.007000
0 0.754948 0.386125 0.011979 0.005750
0 0.799219 0.366625 0.014063 0.005250
0 0.758594 0.364250 0.009896 0.006500
0 0.755208 0.363375 0.009375 0.005250
0 0.723177 0.350875 0.014063 0.007250
0 0.778646 0.342375 0.013542 0.005750
0 0.798958 0.350625 0.010417 0.004750
0 0.801823 0.352000 0.009896 0.007000
0 0.811198 0.353000 0.006771 0.005500
0 0.806771 0.353000 0.007292 0.006500
0 0.869010 0.327750 0.014063 0.008500
0 0.922135 0.257375 0.010937 0.007750
0 0.917448 0.256375 0.009896 0.006250
0 0.950000 0.350000 0.010417 0.007000
0 0.945833 0.346250 0.010417 0.007500
0 0.897917 0.360875 0.012500 0.007750
0 0.841146 0.384625 0.011458 0.003750
0 0.836979 0.388000 0.009375 0.006500
0 0.829427 0.388000 0.006771 0.006500
0 0.759635 0.426750 0.010937 0.007000
0 0.828646 0.450000 0.008333 0.006000
0 0.747656 0.436500 0.008854 0.007000
0 0.754167 0.437000 0.005208 0.005000
0 0.757812 0.436125 0.006250 0.006250
0 0.783594 0.468500 0.013021 0.006000
0 0.762500 0.473125 0.007292 0.006750
0 0.694531 0.471250 0.008854 0.007000
0 0.647135 0.505000 0.011979 0.004500
0 0.639062 0.515375 0.010417 0.004250
0 0.636458 0.518750 0.009375 0.004000
0 0.595052 0.549750 0.011979 0.005500
0 0.627604 0.625500 0.011458 0.003500
0 0.740365 0.597250 0.013021 0.004500
0 0.742188 0.595500 0.009375 0.003000
0 0.834115 0.563625 0.015104 0.004250
0 0.866927 0.565875 0.013021 0.005750
0 0.807812 0.572625 0.012500 0.002250
0 0.807552 0.570500 0.015104 0.002500
0 0.954948 0.557750 0.010937 0.003000
0 0.955729 0.556625 0.013542 0.003250
0 0.956250 0.554500 0.011458 0.002500
0 0.988802 0.573125 0.007812 0.004250
0 0.983594 0.572250 0.007812 0.006500
0 0.938021 0.583500 0.011458 0.007000
0 0.832292 0.641125 0.011458 0.005250
0 0.735677 0.626000 0.011979 0.004000
0 0.712760 0.624625 0.008854 0.005250
0 0.530990 0.650000 0.011979 0.004500
0 0.746615 0.631875 0.013021 0.004750
