0 0.368750 0.534250 0.008333 0.007000
0 0.384115 0.533500 0.008854 0.006500
0 0.392969 0.545000 0.014063 0.004000
0 0.412500 0.544500 0.008333 0.006500
0 0.382292 0.587250 0.013542 0.004500
0 0.397396 0.567250 0.008333 0.006000
0 0.433854 0.572000 0.011458 0.006500
0 0.444792 0.582625 0.008333 0.007250
0 0.425000 0.619375 0.011458 0.005750
0 0.443490 0.612750 0.011979 0.006500
0 0.438021 0.606500 0.014583 0.006000
0 0.444531 0.599375 0.010937 0.004750
0 0.439062 0.595500 0.014583 0.003500
0 0.485417 0.605250 0.007292 0.005500
0 0.486979 0.600500 0.007292 0.007000
0 0.475260 0.597375 0.011979 0.005750
0 0.446615 0.630125 0.010937 0.006250
0 0.471094 0.630250 0.011979 0.007000
0 0.440104 0.655500 0.016667 0.006000
0 0.516406 0.666375 0.009896 0.006250
0 0.527344 0.654750 0.009896 0.005000
0 0.533073 0.651250 0.009896 0.006500
0 0.539323 0.660625 0.009896 0.005750
0 0.543490 0.684875 0.013021 0.007750
0 0.539323 0.690375 0.014063 0.005250
0 0.497917 0.667625 0.012500 0.007250
0 0.567448 0.719750 0.009896 0.007500
0 0.409115 0.476875 0.011979 0.005250
0 0.414323 0.485750 0.013021 0.004000
0 0.434635 0.477750 0.013021 0.005500
0 0.451823 0.493250 0.013021 0.004500
0 0.482812 0.491375 0.009375 0.007750
0 0.491146 0.490125 0.010417 0.007250
0 0.501302 0.490125 0.011979 0.006750
0 0.498698 0.508000 0.010937 0.004500
0 0.528906 0.487375 0.013021 0.004250
0 0.535677 0.485250 0.011979 0.004500
0 0.537500 0.475500 0.012500 0.006000
0 0.538281 0.514625 0.014063 0.003750
0 0.553646 0.526875 0.013542 0.004750
0 0.592187 0.527875 0.015625 0.004250
0 0.581250 0.512625 0.011458 0.004250
0 0.591146 0.502375 0.010417 0.006250
0 0.579688 0.501000 0.011458 0.006500
0 0.631510 0.490625 0.009896 0.005750
0 0.636458 0.511375 0.012500 0.006750
0 0.657292 0.507125 0.014583 0.004750
0 0.607552 0.538625 0.011979 0.005250
0 0.645312 0.544875 0.013542 0.005250
0 0.632552 0.556625 0.011979 0.004250
0 0.681771 0.558250 0.013542 0.004000
0 0.670833 0.553750 0.009375 0.004500
0 0.691406 0.553250 0.008854 0.005500
0 0.712500 0.559875 0.006250 0.005750
0 0.721615 0.561750 0.013021 0.004500
0 0.720573 0.566125 0.014063 0.004250
0 0.730208 0.578125 0.007292 0.005750
0 0.723958 0.527500 0.014583 0.005000
0 0.682552 0.524000 0.015104 0.005500
0 0.667188 0.523625 0.010417 0.007250
0 0.685156 0.513000 0.010937 0.005000
0 0.672917 0.501125 0.011458 0.004750
0 0.682292 0.504500 0.005208 0.007500
0 0.688281 0.503625 0.013021 0.006750
0 0.723698 0.503500 0.013021 0.005500
0 0.751042 0.509500 0.014583 0.005500
0 0.779687 0.530000 0.015625 0.005500
0 0.836719 0.557500 0.011979 0.004500
0 0.844792 0.565875 0.014583 0.007750
0 0.890104 0.563500 0.010417 0.006000
0 0.886198 0.588375 0.011979 0.005750
0 0.822135 0.596750 0.011979 0.005500
0 0.832812 0.594625 0.011458 0.004250
0 0.831771 0.591375 0.014583 0.004250
0 0.825781 0.582750 0.011979 0.004000
0 0.802344 0.583250 0.011979 0.005500
0 0.809896 0.582750 0.009375 0.005500
0 0.812240 0.556500 0.008854 0.007000
0 0.802865 0.555000 0.011979 0.006000
0 0.813542 0.548625 0.010417 0.004750
0 0.815625 0.546750 0.010417 0.004500
0 0.926562 0.582250 0.012500 0.005000
0 0.798177 0.506000 0.008854 0.005500
0 0.420573 0.452125 0.014063 0.004250
0 0.457292 0.429875 0.010417 0.007250
0 0.464844 0.449625 0.007812 0.003750
0 0.482812 0.448125 0.013542 0.005750
0 0.510156 0.452500 0.014063 0.005000
0 0.582292 0.443375 0.012500 0.004750
0 0.583854 0.448750 0.010417 0.005000
0 0.572656 0.449125 0.009896 0.004750
0 0.595313 0.427625 0.010417 0.005750
0 0.573438 0.423375 0.007292 0.004750
0 0.579948 0.423000 0.005729 0.007000
0 0.588542 0.408375 0.014583 0.005750
0 0.604167 0.402250 0.014583 0.005500
0 0.611458 0.413750 0.013542 0.006500
0 0.636458 0.427500 0.012500 0.003500
0 0.644010 0.416625 0.013021 0.004750
0 0.665365 0.445125 0.010937 0.005750
0 0.664583 0.424000 0.011458 0.003500
0 0.675781 0.426000 0.011979 0.005000
0 0.678385 0.422875 0.010937 0.004250
0 0.682292 0.419000 0.010417 0.004500
0 0.679948 0.414250 0.014063 0.005500
0 0.698698 0.425125 0.010937 0.004750
0 0.702083 0.437000 0.011458 0.005000
0 0.681771 0.441625 0.010417 0.003250
0 0.669792 0.435000 0.011458 0.004000
0 0.670833 0.437875 0.007292 0.004750
0 0.677604 0.439375 0.008333 0.004750
0 0.716667 0.435750 0.010417 0.004500
0 0.737760 0.433250 0.010937 0.004500
0 0.787500 0.442875 0.012500 0.004750
0 0.773438 0.441250 0.010417 0.004000
0 0.772656 0.438875 0.009896 0.002750
0 0.798958 0.428750 0.009375 0.005000
0 0.853125 0.431625 0.011458 0.005250
0 0.866146 0.446250 0.011458 0.004500
0 0.858073 0.452000 0.010937 0.004500
0 0.855469 0.462875 0.011979 0.006750
0 0.851562 0.448625 0.009375 0.004750
0 0.809375 0.417875 0.012500 0.004250
0 0.760417 0.419875 0.014583 0.003750
0 0.772396 0.414000 0.008333 0.004500
0 0.781771 0.410375 0.012500 0.004250
0 0.758073 0.405500 0.009896 0.005000
0 0.740625 0.408375 0.010417 0.005750
0 0.726823 0.410500 0.013021 0.004500
0 0.715104 0.413875 0.013542 0.004250
0 0.717708 0.418875 0.012500 0.004750
0 0.681250 0.403750 0.008333 0.003500
0 0.687240 0.407375 0.013021 0.002250
0 0.686979 0.409500 0.010417 0.004500
0 0.692448 0.396875 0.014063 0.004250
0 0.873177 0.409250 0.010937 0.004000
0 0.947396 0.435500 0.012500 0.004500
0 0.978385 0.415875 0.008854 0.004750
0 0.421094 0.402250 0.013021 0.006500
0 0.479948 0.391250 0.015104 0.005500
0 0.458594 0.411750 0.013021 0.004500
0 0.491927 0.401500 0.011979 0.003500
0 0.491667 0.398000 0.010417 0.004000
0 0.483073 0.385500 0.013021 0.005000
0 0.482552 0.376250 0.014063 0.006500
0 0.516927 0.388625 0.009896 0.006250
0 0.555729 0.383375 0.014583 0.007250
0 0.559375 0.358875 0.016667 0.006250
0 0.558073 0.354875 0.017188 0.005750
0 0.578385 0.348500 0.016146 0.006000
0 0.573958 0.357250 0.011458 0.004500
0 0.576562 0.359750 0.011458 0.004000
0 0.616146 0.349250 0.016667 0.005500
0 0.646094 0.351750 0.014063 0.006500
0 0.635156 0.334000 0.018229 0.007000
0 0.603906 0.343000 0.009896 0.006000
0 0.601562 0.340500 0.013542 0.005500
0 0.701302 0.337625 0.019271 0.006250
0 0.735938 0.348875 0.012500 0.008250
0 0.717969 0.334125 0.014063 0.006750
0 0.732812 0.332125 0.015625 0.006250
0 0.744010 0.330125 0.010937 0.005750
0 0.751563 0.324500 0.013542 0.007000
0 0.728646 0.315875 0.015625 0.006250
0 0.713542 0.312125 0.014583 0.008750
0 0.733594 0.295125 0.016146 0.006750
0 0.742708 0.291750 0.011458 0.007500
0 0.795833 0.320750 0.013542 0.007000
0 0.873958 0.318250 0.015625 0.008000
0 0.825000 0.290000 0.013542 0.007500
0 0.859635 0.273500 0.018229 0.004500
0 0.865365 0.279500 0.019271 0.007000
0 0.310417 0.347750 0.010417 0.008000
0 0.270573 0.355250 0.015104 0.006500
0 0.266406 0.311125 0.006771 0.005250
0 0.266667 0.314625 0.013542 0.004250
0 0.275000 0.318750 0.013542 0.004000
0 0.319010 0.271125 0.016146 0.005750
0 0.300000 0.255750 0.011458 0.008000
0 0.280469 0.257750 0.018229 0.004500
0 0.251042 0.250750 0.010417 0.006000
0 0.245573 0.248125 0.009896 0.003750
0 0.276562 0.211000 0.012500 0.007500
0 0.342708 0.164375 0.015625 0.009250
0 0.610677 0.206875 0.009896 0.005250
0 0.766667 0.179625 0.016667 0.006750
0 0.112240 0.112375 0.026562 0.010750
0 0.827604 0.444250 0.009375 0.002500
0 0.826302 0.442375 0.008854 0.002250
