0 0.284375 0.637125 0.008333 0.003250
0 0.404427 0.579750 0.009896 0.004000
0 0.251823 0.547500 0.007812 0.004500
0 0.197396 0.515125 0.012500 0.003750
0 0.401823 0.532500 0.011979 0.003500
0 0.380208 0.520625 0.010417 0.003750
0 0.491667 0.456625 0.012500 0.005750
0 0.496615 0.390500 0.006771 0.007000
0 0.507552 0.391375 0.008854 0.005250
0 0.533594 0.495750 0.007812 0.003500
0 0.535417 0.494375 0.009375 0.003750
0 0.537760 0.492375 0.007812 0.003750
0 0.663542 0.488625 0.012500 0.003750
0 0.712240 0.456625 0.008854 0.004250
0 0.709635 0.452125 0.006771 0.006750
0 0.805469 0.385375 0.007812 0.005250
0 0.814063 0.389625 0.011458 0.005750
0 0.779427 0.410750 0.007812 0.005500
0 0.662500 0.567125 0.009375 0.004250
0 0.672135 0.566875 0.009896 0.003250
0 0.672917 0.565500 0.008333 0.002500
0 0.748177 0.566000 0.007812 0.005500
0 0.783854 0.552875 0.010417 0.004750
0 0.797917 0.516000 0.008333 0.004000
0 0.853646 0.513000 0.012500 0.003500
0 0.926302 0.520375 0.011979 0.005250
0 0.888021 0.540500 0.013542 0.003500
0 0.844531 0.538500 0.007812 0.004000
0 0.841667 0.537500 0.009375 0.004500
0 0.836458 0.554125 0.005208 0.003750
0 0.832812 0.553500 0.007292 0.005000
0 0.900000 0.593250 0.012500 0.004500
0 0.985938 0.574875 0.015625 0.003750
