0 0.066146 0.167750 0.014583 0.012500
0 0.098177 0.251500 0.031771 0.010500
0 0.139323 0.261125 0.027604 0.013250
0 0.138542 0.274125 0.026042 0.009750
0 0.121875 0.311500 0.025000 0.014000
0 0.383073 0.190000 0.020313 0.011000
0 0.389583 0.184125 0.021875 0.011750
0 0.449219 0.184500 0.016146 0.009500
0 0.546615 0.193500 0.031771 0.012500
0 0.550781 0.188375 0.031771 0.013250
0 0.359896 0.280750 0.022917 0.009000
0 0.375000 0.275375 0.025000 0.008250
0 0.308333 0.289375 0.018750 0.011250
0 0.284635 0.299125 0.020313 0.008250
0 0.412760 0.308875 0.016146 0.009750
0 0.381510 0.337500 0.020313 0.009000
0 0.390104 0.330625 0.037500 0.013250
0 0.337240 0.351125 0.013021 0.008250
0 0.360417 0.352875 0.018750 0.009250
0 0.325781 0.361250 0.021354 0.009000
0 0.286198 0.365375 0.031771 0.010250
0 0.320833 0.377500 0.017708 0.014000
0 0.303385 0.379875 0.020313 0.013250
0 0.150000 0.391125 0.022917 0.013250
0 0.123958 0.448625 0.026042 0.011750
0 0.246354 0.423000 0.021875 0.012000
0 0.271615 0.417500 0.020313 0.007500
0 0.281771 0.433750 0.026042 0.011000
0 0.534375 0.416500 0.018750 0.012500
0 0.604167 0.367375 0.026042 0.013750
0 0.600521 0.370625 0.027083 0.010250
0 0.652344 0.390500 0.020313 0.012000
0 0.663021 0.361750 0.014583 0.011000
0 0.752604 0.279125 0.014583 0.010750
0 0.901562 0.258375 0.027083 0.008750
0 0.968229 0.277750 0.015625 0.007000
0 0.951302 0.294625 0.027604 0.010250
0 0.944010 0.304875 0.017188 0.009250
0 0.984635 0.307375 0.017188 0.009750
0 0.894792 0.309750 0.013542 0.011500
0 0.853906 0.331875 0.018229 0.008750
0 0.828906 0.340500 0.020313 0.011000
0 0.904687 0.331250 0.013542 0.007500
0 0.749740 0.477000 0.022396 0.013000
0 0.760156 0.472000 0.018229 0.011000
0 0.964583 0.475875 0.026042 0.014250
0 0.981771 0.542625 0.025000 0.009750
0 0.784375 0.540500 0.021875 0.010000
0 0.392969 0.600375 0.018229 0.009750
0 0.331510 0.578000 0.017188 0.010000
0 0.514323 0.608375 0.024479 0.009750
0 0.560677 0.603000 0.020313 0.010000
0 0.566406 0.608375 0.020313 0.009750
0 0.573177 0.615250 0.018229 0.008000
0 0.635417 0.625000 0.025000 0.010500
0 0.742969 0.670125 0.027604 0.013750
0 0.696615 0.686125 0.018229 0.009750
0 0.575000 0.655125 0.039583 0.014250
0 0.752083 0.704250 0.029167 0.012500
0 0.727083 0.715750 0.038542 0.012500
0 0.873177 0.722500 0.027604 0.013000
0 0.954167 0.739250 0.028125 0.012500
0 0.953125 0.759875 0.028125 0.010250
0 0.873177 0.790750 0.024479 0.014500
0 0.451823 0.719375 0.020313 0.010750
0 0.529427 0.761625 0.017188 0.009750
0 0.496354 0.766500 0.025000 0.013000
0 0.513542 0.810625 0.026042 0.011750
0 0.517188 0.806750 0.023958 0.013000
0 0.665885 0.826125 0.018229 0.010250
0 0.647917 0.847875 0.022917 0.013750
0 0.650000 0.850625 0.027083 0.009250
0 0.643229 0.897375 0.025000 0.010250
0 0.634375 0.900375 0.025000 0.009750
0 0.112240 0.683750 0.016146 0.008000
0 0.129948 0.654125 0.017188 0.010750
0 0.110677 0.712500 0.023438 0.012500
