0 0.154125 0.360156 0.006250 0.008854
0 0.296500 0.931250 0.005500 0.017708
0 0.407750 0.869271 0.004000 0.014583
0 0.359500 0.850260 0.007500 0.010937
0 0.352250 0.844531 0.004000 0.010937
0 0.323250 0.833073 0.008500 0.009896
0 0.298750 0.815104 0.005500 0.013542
0 0.290500 0.809115 0.006000 0.015104
0 0.272125 0.823437 0.009250 0.010417
0 0.275000 0.800260 0.006000 0.010937
0 0.262125 0.826042 0.006250 0.012500
0 0.278000 0.857812 0.007500 0.009375
0 0.258000 0.869531 0.008000 0.010937
0 0.252625 0.835156 0.007250 0.006771
0 0.255875 0.828646 0.007250 0.007292
0 0.240625 0.829948 0.007750 0.007812
0 0.236125 0.824219 0.006750 0.010937
0 0.208625 0.839062 0.006750 0.015625
0 0.203000 0.765365 0.008000 0.010937
0 0.216125 0.744271 0.007250 0.008333
0 0.217875 0.729167 0.007750 0.011458
0 0.222250 0.738802 0.007000 0.009896
0 0.196500 0.717708 0.008500 0.009375
0 0.204000 0.712240 0.006500 0.011979
0 0.246375 0.709635 0.006250 0.010937
0 0.209500 0.714583 0.005000 0.007292
0 0.210625 0.709115 0.005750 0.005729
0 0.253250 0.765365 0.006000 0.010937
0 0.260500 0.787240 0.005500 0.011979
0 0.230500 0.790365 0.007500 0.005729
0 0.229750 0.785937 0.007500 0.005208
0 0.233875 0.752344 0.007750 0.014063
0 0.136500 0.708594 0.009000 0.014063
0 0.281625 0.784635 0.008250 0.007812
0 0.278875 0.778125 0.005250 0.006250
0 0.284250 0.777344 0.005500 0.009896
0 0.282625 0.770052 0.005750 0.009896
0 0.279000 0.764844 0.006500 0.008854
0 0.271125 0.776302 0.006250 0.008854
0 0.270125 0.781771 0.007250 0.007292
0 0.269875 0.789583 0.006250 0.008333
0 0.304750 0.764583 0.005000 0.011458
0 0.315500 0.772656 0.006500 0.009896
0 0.313375 0.760938 0.006250 0.009375
0 0.402750 0.746615 0.006500 0.010937
0 0.390500 0.699219 0.006500 0.009896
0 0.387750 0.691667 0.005500 0.007292
0 0.366250 0.670052 0.005500 0.015104
0 0.383500 0.670052 0.005500 0.007812
0 0.374000 0.644010 0.006000 0.009896
0 0.352625 0.565625 0.003750 0.012500
0 0.348000 0.561979 0.005500 0.008333
0 0.346000 0.552865 0.006000 0.013021
0 0.300500 0.543490 0.008500 0.010937
0 0.288625 0.423958 0.004750 0.014583
0 0.309625 0.446875 0.007750 0.012500
0 0.317875 0.440104 0.005250 0.013542
0 0.326875 0.413281 0.005250 0.014063
0 0.334750 0.419531 0.004500 0.016146
0 0.318750 0.377865 0.006000 0.015104
0 0.323750 0.361979 0.005500 0.008333
0 0.292750 0.304688 0.007500 0.011458
0 0.278000 0.329167 0.005500 0.012500
0 0.280625 0.324219 0.006750 0.006771
0 0.300875 0.334635 0.008250 0.016146
0 0.319875 0.355990 0.004750 0.011979
0 0.216500 0.207292 0.006500 0.015625
0 0.233000 0.165625 0.006000 0.012500
0 0.212625 0.104688 0.006750 0.014583
0 0.446625 0.767969 0.006750 0.010937
0 0.445250 0.755990 0.004000 0.016146
0 0.459000 0.714583 0.008000 0.011458
0 0.440875 0.707812 0.007750 0.013542
0 0.459750 0.689844 0.005500 0.013021
0 0.470250 0.666406 0.006500 0.010937
0 0.444375 0.673177 0.006750 0.016146
0 0.435625 0.643229 0.007250 0.008333
0 0.435750 0.636979 0.007000 0.007292
0 0.454500 0.576042 0.005500 0.018750
0 0.442250 0.590625 0.007500 0.011458
0 0.436375 0.591667 0.003750 0.015625
0 0.435875 0.550000 0.007750 0.010417
0 0.429875 0.553646 0.007750 0.010417
0 0.425500 0.542188 0.008000 0.009375
0 0.449125 0.533854 0.006750 0.015625
0 0.479000 0.505990 0.006000 0.013021
0 0.462500 0.473698 0.006500 0.015104
0 0.446750 0.466406 0.007500 0.018229
0 0.431375 0.454948 0.006250 0.015104
0 0.430500 0.444792 0.006500 0.013542
0 0.480375 0.406250 0.005250 0.014583
0 0.454250 0.387240 0.006500 0.013021
0 0.449250 0.385677 0.004000 0.016146
0 0.424000 0.365625 0.005500 0.019792
0 0.420500 0.325521 0.009500 0.016667
0 0.469125 0.329167 0.005750 0.014583
0 0.472250 0.321615 0.006500 0.017188
0 0.481500 0.307552 0.006000 0.011979
0 0.473750 0.290365 0.007000 0.015104
0 0.399625 0.204167 0.005750 0.016667
0 0.404500 0.140625 0.007000 0.018750
0 0.386375 0.089063 0.006250 0.019792
0 0.431750 0.089063 0.008500 0.012500
0 0.417875 0.060677 0.008750 0.015104
0 0.398500 0.039844 0.006000 0.011979
0 0.423250 0.017448 0.006000 0.013021
0 0.449750 0.003906 0.006000 0.007812
0 0.422250 0.167448 0.005000 0.006771
0 0.422250 0.162760 0.007500 0.009896
0 0.457000 0.169531 0.004500 0.018229
0 0.467250 0.159896 0.005000 0.009375
0 0.473375 0.185938 0.004750 0.012500
0 0.466625 0.251302 0.006250 0.017188
0 0.488750 0.229687 0.007000 0.017708
0 0.485375 0.813021 0.005750 0.013542
0 0.506500 0.821094 0.007000 0.015104
0 0.513875 0.777344 0.008750 0.011979
0 0.509625 0.747917 0.004750 0.013542
0 0.507875 0.745573 0.004750 0.011979
0 0.521625 0.675781 0.005750 0.014063
0 0.542750 0.686458 0.005500 0.012500
0 0.547250 0.683594 0.005500 0.013021
0 0.566625 0.672917 0.008750 0.012500
0 0.574875 0.638802 0.008250 0.009896
0 0.571875 0.625781 0.004250 0.014063
0 0.561875 0.630469 0.006250 0.015104
0 0.528875 0.641406 0.008250 0.007812
0 0.522750 0.639323 0.003500 0.015104
0 0.513125 0.609896 0.007250 0.013542
0 0.536500 0.597135 0.005500 0.013021
0 0.554750 0.593229 0.002500 0.015625
0 0.558000 0.594010 0.003500 0.016146
0 0.562250 0.611719 0.005000 0.014063
0 0.569750 0.594271 0.005000 0.017708
0 0.578125 0.608073 0.007750 0.013021
0 0.575750 0.577344 0.006500 0.008854
0 0.544000 0.628646 0.006000 0.010417
0 0.544875 0.625000 0.005750 0.009375
0 0.590375 0.547656 0.008750 0.010937
0 0.570750 0.552083 0.008500 0.013542
0 0.554375 0.528646 0.008250 0.013542
0 0.568375 0.503125 0.007250 0.019792
0 0.575750 0.495312 0.005000 0.014583
0 0.574000 0.534896 0.005500 0.012500
0 0.571500 0.531771 0.007000 0.010417
0 0.601875 0.544271 0.004250 0.012500
0 0.601000 0.539323 0.006500 0.008854
0 0.584625 0.476302 0.006750 0.016146
0 0.558000 0.450260 0.005000 0.013021
0 0.601500 0.428646 0.004500 0.017708
0 0.610375 0.416406 0.009750 0.013021
0 0.613750 0.455729 0.006000 0.014583
0 0.635875 0.465625 0.006750 0.013542
0 0.620875 0.443229 0.005250 0.009375
0 0.617000 0.442448 0.004000 0.014063
0 0.613500 0.366667 0.008500 0.011458
0 0.650375 0.301563 0.006250 0.017708
0 0.654375 0.289323 0.005250 0.014063
0 0.670875 0.288021 0.006750 0.010417
0 0.671125 0.303385 0.004750 0.011979
0 0.674375 0.266927 0.006750 0.019271
0 0.668000 0.238021 0.006500 0.015625
0 0.626125 0.216927 0.006750 0.014063
0 0.523250 0.848698 0.004000 0.011979
0 0.520750 0.845833 0.004500 0.009375
0 0.543000 0.799479 0.005000 0.008333
0 0.553125 0.822135 0.005250 0.013021
0 0.546000 0.846615 0.004000 0.007812
0 0.552750 0.858073 0.004500 0.010937
0 0.552750 0.846875 0.006500 0.012500
0 0.532250 0.985677 0.006500 0.009896
0 0.575125 0.914844 0.005750 0.009896
0 0.339000 0.197135 0.007000 0.014063
0 0.574000 0.077865 0.007500 0.015104
0 0.880250 0.381771 0.006000 0.013542
0 0.980875 0.501563 0.006250 0.015625
