0 0.573875 0.669531 0.004250 0.011979
0 0.609500 0.760156 0.005000 0.014063
0 0.536000 0.827083 0.005500 0.015625
0 0.548750 0.834635 0.005500 0.013021
0 0.552125 0.836198 0.002750 0.014063
0 0.560750 0.841667 0.006000 0.012500
0 0.560875 0.830208 0.004750 0.013542
0 0.564375 0.824219 0.005250 0.014063
0 0.584250 0.818750 0.007500 0.017708
0 0.591625 0.872656 0.010250 0.021354
0 0.549375 0.864844 0.004250 0.017188
0 0.535000 0.910417 0.005500 0.015625
0 0.544875 0.902865 0.002750 0.016146
0 0.547375 0.902865 0.002750 0.016146
0 0.542750 0.945312 0.007500 0.012500
0 0.574250 0.905729 0.006000 0.010417
0 0.573000 0.902083 0.004500 0.009375
0 0.598250 0.977344 0.008000 0.016146
0 0.566875 0.568229 0.004750 0.013542
0 0.533375 0.596615 0.006750 0.009896
0 0.544375 0.620833 0.008250 0.019792
0 0.515250 0.621094 0.008000 0.009896
0 0.505125 0.618750 0.005250 0.008333
0 0.497250 0.619271 0.004000 0.015625
0 0.492500 0.616667 0.003500 0.009375
0 0.490625 0.608073 0.005750 0.008854
0 0.490125 0.614844 0.002750 0.007812
0 0.467375 0.659375 0.006750 0.008333
0 0.451625 0.669531 0.008750 0.009896
0 0.458750 0.679948 0.006500 0.010937
0 0.462000 0.674219 0.006500 0.008854
0 0.462625 0.670312 0.005250 0.007292
0 0.407125 0.631250 0.005750 0.014583
0 0.400875 0.652344 0.007250 0.006771
0 0.404250 0.657813 0.005000 0.011458
0 0.403250 0.666406 0.007500 0.008854
0 0.406500 0.688802 0.008000 0.007812
0 0.401375 0.692969 0.005750 0.011979
0 0.395875 0.694010 0.003250 0.009896
0 0.391875 0.698177 0.007750 0.009896
0 0.375000 0.741406 0.008000 0.010937
0 0.339750 0.770052 0.007500 0.010937
0 0.346875 0.735417 0.007250 0.009375
0 0.340125 0.730990 0.007750 0.010937
0 0.342250 0.697396 0.007000 0.015625
0 0.291000 0.679688 0.007500 0.013542
0 0.299625 0.707292 0.007250 0.007292
0 0.298375 0.700781 0.009250 0.004687
0 0.309750 0.749740 0.007500 0.009896
0 0.285875 0.763542 0.006250 0.005208
0 0.285500 0.768750 0.008000 0.007292
0 0.279250 0.783854 0.005500 0.008333
0 0.278750 0.789583 0.007000 0.006250
0 0.237750 0.752604 0.007000 0.008333
0 0.233125 0.765365 0.007250 0.011979
0 0.234875 0.799219 0.008250 0.005729
0 0.234625 0.805729 0.007750 0.006250
0 0.218500 0.814323 0.008000 0.005729
0 0.219000 0.808594 0.007000 0.006771
0 0.194375 0.815104 0.010250 0.012500
0 0.232625 0.714844 0.007250 0.006771
0 0.232750 0.720313 0.007000 0.010417
0 0.325750 0.686719 0.005000 0.015104
0 0.324375 0.684115 0.004250 0.010937
0 0.393750 0.659635 0.005000 0.008854
0 0.392625 0.656510 0.006250 0.009896
0 0.441750 0.642708 0.008500 0.016667
0 0.434625 0.530729 0.007250 0.008333
0 0.447375 0.484896 0.006750 0.011458
0 0.453375 0.477344 0.007250 0.008854
0 0.436750 0.450521 0.005500 0.014583
0 0.386750 0.441146 0.006000 0.014583
0 0.325125 0.450521 0.006250 0.013542
0 0.364875 0.441927 0.008250 0.023438
0 0.368875 0.366927 0.004250 0.015104
0 0.463125 0.440625 0.005750 0.006250
0 0.460875 0.434896 0.005750 0.006250
0 0.273125 0.311979 0.006750 0.011458
0 0.288625 0.330208 0.007750 0.013542
0 0.224625 0.237500 0.009250 0.017708
0 0.606250 0.389062 0.007500 0.011458
0 0.609250 0.348958 0.003500 0.013542
0 0.604250 0.345573 0.007500 0.007812
0 0.604875 0.338021 0.005750 0.009375
0 0.618125 0.314583 0.003250 0.013542
0 0.615375 0.313802 0.002750 0.014063
0 0.613000 0.312760 0.002500 0.013021
0 0.615250 0.297656 0.006000 0.010937
0 0.606375 0.255990 0.007750 0.011979
0 0.615625 0.233073 0.005750 0.015104
0 0.624500 0.209635 0.004000 0.015104
0 0.611625 0.222135 0.005250 0.009896
0 0.606875 0.222656 0.006750 0.017188
0 0.592625 0.078906 0.004750 0.015104
0 0.616250 0.079687 0.004000 0.013542
0 0.627625 0.087240 0.003750 0.010937
0 0.628750 0.097396 0.003500 0.010417
0 0.353500 0.027865 0.004000 0.016146
0 0.359000 0.026302 0.005000 0.017188
0 0.408125 0.005469 0.007750 0.008854
0 0.429625 0.006510 0.007250 0.011979
0 0.375750 0.097396 0.007500 0.012500
0 0.392375 0.109375 0.004250 0.017708
0 0.427625 0.118490 0.005250 0.014063
0 0.425500 0.145833 0.007500 0.009375
0 0.446000 0.180729 0.004500 0.013542
0 0.447250 0.170313 0.004500 0.015625
0 0.449500 0.168490 0.004000 0.014063
0 0.465625 0.175000 0.003750 0.012500
0 0.467750 0.173437 0.004500 0.014583
0 0.471875 0.190365 0.007750 0.007812
0 0.475125 0.199219 0.003750 0.013021
0 0.468250 0.233854 0.007000 0.013542
0 0.469250 0.248698 0.005500 0.013021
0 0.465250 0.242708 0.005000 0.012500
0 0.475750 0.260156 0.004000 0.014063
0 0.479500 0.258854 0.004000 0.008333
0 0.480250 0.234115 0.008000 0.015104
0 0.484000 0.226823 0.006000 0.010937
0 0.497625 0.309115 0.003250 0.013021
0 0.492750 0.310677 0.006000 0.008854
0 0.494375 0.302604 0.005750 0.008333
0 0.511000 0.326042 0.002000 0.014583
0 0.513500 0.329427 0.003000 0.015104
0 0.523500 0.306250 0.006500 0.007292
0 0.524375 0.301302 0.005750 0.006771
0 0.661625 0.311458 0.004250 0.016667
0 0.661625 0.403906 0.007250 0.023438
0 0.645125 0.389583 0.005250 0.012500
0 0.632875 0.453906 0.004250 0.009896
