0 0.660500 0.520312 0.005000 0.012500
0 0.674625 0.551302 0.003750 0.008854
0 0.723625 0.484635 0.004250 0.006771
0 0.705750 0.481771 0.004000 0.014583
0 0.698750 0.503385 0.002500 0.008854
0 0.696375 0.513281 0.005250 0.008854
0 0.663000 0.562500 0.005500 0.008333
0 0.596250 0.615625 0.005000 0.008333
0 0.585125 0.622396 0.005750 0.010417
0 0.532250 0.631510 0.004500 0.010937
0 0.548500 0.714583 0.006000 0.008333
0 0.548250 0.679688 0.005500 0.009375
0 0.531625 0.571875 0.005750 0.006250
0 0.523750 0.595833 0.006000 0.008333
0 0.493875 0.578385 0.004250 0.005729
0 0.494250 0.572396 0.005000 0.007292
0 0.480875 0.537500 0.003250 0.011458
0 0.477375 0.535937 0.004250 0.008333
0 0.498250 0.479427 0.005000 0.007812
0 0.498500 0.474219 0.005000 0.004687
0 0.460375 0.388542 0.004750 0.006250
0 0.462250 0.369010 0.005000 0.005729
0 0.470500 0.333854 0.004500 0.008333
0 0.459500 0.215365 0.002500 0.009896
0 0.461875 0.213281 0.002250 0.009896
0 0.488500 0.177865 0.003500 0.013021
0 0.436500 0.132552 0.004000 0.011979
0 0.471750 0.141406 0.005000 0.011979
0 0.487000 0.156771 0.002500 0.010417
0 0.491125 0.155990 0.003250 0.009896
0 0.492125 0.111719 0.003250 0.007812
0 0.454500 0.088021 0.004000 0.011458
0 0.460250 0.096875 0.005500 0.006250
0 0.416500 0.098177 0.002500 0.006771
0 0.414500 0.094792 0.002500 0.006250
0 0.415625 0.090885 0.003250 0.005729
0 0.440625 0.094531 0.003750 0.005729
0 0.421375 0.025000 0.002750 0.010417
0 0.471500 0.069010 0.006000 0.011979
0 0.445375 0.172396 0.002750 0.009375
0 0.448125 0.174740 0.002750 0.008854
0 0.315000 0.621094 0.004500 0.013021
0 0.334250 0.632292 0.005000 0.013542
0 0.378125 0.661198 0.006250 0.009896
0 0.392250 0.653646 0.003500 0.013542
0 0.397625 0.651823 0.003250 0.009896
0 0.432625 0.686458 0.005750 0.009375
0 0.462375 0.686198 0.004250 0.009896
0 0.400500 0.480469 0.005500 0.011979
0 0.417250 0.506771 0.006500 0.012500
0 0.384375 0.408333 0.007250 0.010417
0 0.340875 0.261719 0.004750 0.014063
0 0.304625 0.150521 0.005750 0.011458
0 0.324000 0.157552 0.007000 0.010937
0 0.332875 0.172656 0.007250 0.014063
0 0.329500 0.192969 0.005500 0.007812
0 0.307625 0.125000 0.005250 0.011458
0 0.280375 0.113281 0.003750 0.009896
0 0.279500 0.139844 0.006000 0.006771
0 0.228375 0.011719 0.003750 0.011979
0 0.329000 0.327865 0.003500 0.008854
0 0.313125 0.287760 0.003250 0.009896
0 0.318125 0.297917 0.003250 0.008333
0 0.387750 0.445573 0.003000 0.007812
0 0.281250 0.565885 0.004500 0.014063
0 0.294375 0.568750 0.005750 0.010417
0 0.305375 0.565104 0.005750 0.011458
0 0.292000 0.882031 0.005500 0.007812
0 0.303500 0.915104 0.006000 0.014583
0 0.206875 0.532031 0.004750 0.008854
0 0.178250 0.486979 0.004000 0.010417
0 0.183375 0.518750 0.006750 0.014583
0 0.254500 0.524740 0.006000 0.007812
0 0.226750 0.541927 0.004500 0.008854
0 0.222625 0.535156 0.005750 0.006771
0 0.228875 0.482031 0.006250 0.006771
0 0.231125 0.488021 0.004250 0.008333
0 0.233250 0.510156 0.005500 0.006771
0 0.235750 0.515885 0.004500 0.007812
0 0.104125 0.508333 0.005750 0.011458
0 0.125250 0.470052 0.003000 0.011979
0 0.129625 0.393490 0.003250 0.013021
0 0.139875 0.520833 0.003250 0.011458
0 0.146000 0.537500 0.004000 0.007292
0 0.131125 0.483854 0.005750 0.007292
0 0.132875 0.490365 0.004250 0.007812
0 0.226250 0.205469 0.005000 0.009896
0 0.235750 0.212240 0.004000 0.014063
0 0.132375 0.260417 0.004250 0.012500
0 0.090250 0.229948 0.006500 0.011979
0 0.172250 0.048438 0.005500 0.014583
0 0.172125 0.080990 0.007250 0.011979
0 0.567750 0.362240 0.009500 0.011979
0 0.613875 0.322656 0.004750 0.013021
0 0.602375 0.258333 0.004750 0.009375
0 0.625750 0.223437 0.005000 0.011458
0 0.630000 0.195052 0.005000 0.013021
0 0.641250 0.136458 0.005000 0.009375
0 0.640625 0.157552 0.005250 0.014063
0 0.707375 0.415104 0.005750 0.009375
0 0.735625 0.425260 0.005750 0.007812
0 0.748875 0.424740 0.003750 0.009896
0 0.773500 0.387760 0.006000 0.013021
0 0.747000 0.451562 0.005500 0.007292
0 0.777000 0.456771 0.005500 0.009375
0 0.803000 0.414323 0.003000 0.009896
0 0.811750 0.354948 0.003500 0.013021
0 0.826625 0.383073 0.003750 0.008854
0 0.876125 0.272917 0.003750 0.011458
0 0.753500 0.418750 0.005500 0.013542
0 0.581625 0.774219 0.005250 0.009896
0 0.660000 0.880469 0.005000 0.010937
