0 0.767125 0.291146 0.008750 0.013542
0 0.797000 0.333333 0.006500 0.015625
0 0.838375 0.280469 0.005250 0.014063
0 0.687625 0.478646 0.007250 0.012500
0 0.576125 0.708073 0.007750 0.016146
0 0.808375 0.879948 0.007750 0.022396
0 0.167375 0.458333 0.007750 0.021875
0 0.268000 0.553906 0.006500 0.017188
0 0.320000 0.532813 0.008500 0.019792
0 0.349375 0.545833 0.007750 0.018750
0 0.359250 0.570052 0.007000 0.017188
0 0.349750 0.588021 0.006000 0.018750
0 0.415750 0.339323 0.009500 0.017188
0 0.397750 0.329427 0.006500 0.017188
0 0.665750 0.116667 0.010000 0.016667
