0 0.678250 0.776563 0.009000 0.014583
0 0.658625 0.377344 0.008750 0.018229
0 0.744875 0.326302 0.006250 0.013021
0 0.631500 0.422917 0.006500 0.019792
0 0.626375 0.492708 0.008750 0.011458
0 0.618625 0.519792 0.005250 0.016667
0 0.581500 0.502344 0.006000 0.016146
0 0.593875 0.548438 0.008250 0.015625
0 0.545000 0.550260 0.004500 0.015104
0 0.555875 0.590885 0.007250 0.014063
0 0.529625 0.448958 0.006250 0.013542
0 0.490875 0.620052 0.007250 0.009896
0 0.513750 0.591927 0.006000 0.014063
0 0.522250 0.581510 0.004500 0.011979
0 0.531500 0.588021 0.008000 0.008333
0 0.506125 0.611198 0.008750 0.011979
0 0.558750 0.286719 0.007000 0.017188
0 0.507375 0.441146 0.007750 0.013542
0 0.496125 0.472917 0.008750 0.012500
0 0.491750 0.490625 0.008500 0.008333
0 0.493875 0.483854 0.008250 0.006250
0 0.524625 0.429948 0.006750 0.011979
0 0.520750 0.439323 0.004000 0.011979
0 0.648000 0.043750 0.007500 0.014583
0 0.635375 0.086719 0.007250 0.015104
0 0.592625 0.240625 0.007250 0.012500
0 0.582875 0.235156 0.007250 0.017188
0 0.209000 0.403646 0.008500 0.014583
0 0.212125 0.444792 0.010250 0.011458
0 0.298875 0.475781 0.008250 0.013021
0 0.275625 0.486458 0.008250 0.013542
0 0.292125 0.551823 0.006750 0.018229
0 0.303500 0.570573 0.006500 0.017188
0 0.309625 0.610677 0.006250 0.020313
0 0.320750 0.490104 0.005500 0.014583
0 0.317625 0.550521 0.007750 0.008333
0 0.316500 0.561198 0.005500 0.013021
0 0.294250 0.752083 0.008000 0.012500
0 0.318750 0.766927 0.007000 0.011979
0 0.270375 0.767969 0.007750 0.009896
0 0.273375 0.777865 0.008250 0.011979
0 0.234375 0.774479 0.005750 0.012500
0 0.238125 0.827604 0.007250 0.011458
0 0.177500 0.799479 0.008000 0.014583
0 0.166625 0.762240 0.005750 0.014063
0 0.262625 0.794792 0.007250 0.014583
0 0.348625 0.633073 0.007750 0.016146
0 0.362750 0.694531 0.006500 0.015104
0 0.343125 0.742969 0.005750 0.007812
0 0.340500 0.751823 0.008500 0.011979
0 0.377375 0.774740 0.006250 0.013021
0 0.285625 0.336458 0.005750 0.015625
0 0.327250 0.237500 0.008000 0.013542
0 0.351250 0.329427 0.006000 0.013021
0 0.349000 0.386198 0.007000 0.015104
0 0.354375 0.417708 0.004750 0.014583
0 0.372500 0.470833 0.007000 0.011458
0 0.366875 0.466406 0.004750 0.009896
0 0.370750 0.489323 0.005000 0.010937
0 0.367125 0.503646 0.004750 0.011458
0 0.455250 0.319531 0.009000 0.021354
