0 0.243229 0.414250 0.014583 0.004500
0 0.309896 0.418125 0.018750 0.005250
0 0.208594 0.443125 0.007812 0.006250
0 0.201823 0.443375 0.005729 0.006250
0 0.205990 0.412625 0.005729 0.005750
0 0.200781 0.412875 0.004687 0.006750
0 0.436719 0.433375 0.010937 0.005750
0 0.266927 0.617375 0.008854 0.006750
0 0.270833 0.613125 0.008333 0.005750
0 0.550521 0.576375 0.008333 0.006750
0 0.549219 0.549500 0.010937 0.007000
0 0.505729 0.443250 0.015625 0.006500
0 0.691406 0.511750 0.008854 0.005500
0 0.719271 0.526875 0.011458 0.007250
