0 0.747125 0.945833 0.004250 0.011458
0 0.709000 0.869010 0.005000 0.010937
0 0.615625 0.817708 0.005750 0.012500
0 0.604375 0.920833 0.005750 0.010417
0 0.427125 0.930469 0.005250 0.009896
0 0.426125 0.918229 0.006750 0.009375
0 0.436000 0.908333 0.006000 0.008333
0 0.448375 0.924219 0.004750 0.010937
0 0.437625 0.883073 0.007250 0.009896
0 0.482000 0.857552 0.004500 0.007812
0 0.473125 0.854167 0.006250 0.009375
0 0.479500 0.808333 0.004500 0.012500
0 0.508250 0.821354 0.004500 0.012500
0 0.536000 0.819531 0.007000 0.007812
0 0.529125 0.776823 0.004750 0.013021
0 0.556125 0.771354 0.006750 0.008333
0 0.558125 0.761458 0.004750 0.008333
0 0.536125 0.742188 0.005250 0.012500
0 0.547375 0.747396 0.003750 0.010417
0 0.545750 0.744531 0.004000 0.011979
0 0.575000 0.738802 0.004000 0.013021
0 0.579750 0.723698 0.005000 0.011979
0 0.530125 0.656510 0.004250 0.011979
0 0.525875 0.658333 0.004250 0.010417
0 0.499500 0.679427 0.005500 0.005729
0 0.501000 0.673698 0.006500 0.007812
0 0.487625 0.681250 0.004750 0.015625
0 0.480500 0.632292 0.007500 0.009375
0 0.463500 0.694271 0.007500 0.007292
0 0.458875 0.674740 0.005250 0.010937
0 0.450500 0.642448 0.006000 0.010937
0 0.443625 0.639583 0.004250 0.010417
0 0.437375 0.664844 0.005750 0.009896
0 0.451000 0.725260 0.006500 0.007812
0 0.444000 0.722917 0.006000 0.012500
0 0.435500 0.706771 0.006500 0.011458
0 0.424375 0.684896 0.005750 0.009375
0 0.421250 0.723437 0.006000 0.009375
0 0.340375 0.599219 0.008250 0.010937
0 0.332750 0.654427 0.003000 0.013021
0 0.303750 0.613802 0.007000 0.009896
0 0.325000 0.686198 0.004500 0.013021
0 0.243500 0.721094 0.007500 0.015104
0 0.273000 0.752083 0.007000 0.011458
0 0.308500 0.771354 0.004500 0.006250
0 0.309000 0.775000 0.006000 0.008333
0 0.568250 0.487760 0.007000 0.015104
0 0.521625 0.467448 0.003750 0.011979
0 0.525500 0.465365 0.005000 0.011979
0 0.499500 0.430469 0.006000 0.014063
0 0.464125 0.375521 0.005250 0.012500
0 0.459625 0.375521 0.004250 0.010417
0 0.444500 0.344271 0.007500 0.009375
0 0.431500 0.233333 0.007500 0.013542
0 0.416125 0.173437 0.006750 0.010417
0 0.622500 0.496875 0.004500 0.010417
0 0.604500 0.472656 0.006000 0.011979
0 0.610500 0.441667 0.005500 0.015625
0 0.596625 0.347135 0.007250 0.010937
0 0.562750 0.288021 0.005000 0.012500
0 0.565375 0.259635 0.005250 0.015104
0 0.537375 0.219792 0.006250 0.013542
0 0.550875 0.174479 0.005750 0.010417
0 0.546125 0.170052 0.005250 0.011979
0 0.554125 0.160677 0.007250 0.017188
0 0.541000 0.150521 0.006500 0.014583
0 0.525500 0.163281 0.002500 0.011979
0 0.527875 0.162240 0.003250 0.016146
0 0.635500 0.507552 0.005000 0.010937
0 0.646500 0.466406 0.006500 0.008854
