0 0.276875 0.193750 0.008750 0.028125
0 0.315125 0.211458 0.010750 0.025000
0 0.336500 0.323958 0.015000 0.023958
0 0.439375 0.121354 0.007750 0.017708
0 0.477625 0.360417 0.007250 0.028125
0 0.477625 0.475781 0.015750 0.035937
0 0.423750 0.526823 0.009500 0.036979
0 0.350500 0.748698 0.010000 0.022396
0 0.416250 0.694531 0.011500 0.026562
0 0.527250 0.578385 0.010500 0.029687
0 0.640500 0.437760 0.013000 0.049479
0 0.660875 0.414583 0.009250 0.027083
0 0.575125 0.300260 0.012250 0.029687
0 0.739375 0.356510 0.016250 0.029687
0 0.737625 0.404948 0.012750 0.025521
0 0.764375 0.322396 0.010750 0.027083
0 0.776875 0.311979 0.008750 0.027083
0 0.783000 0.296354 0.012000 0.025000
0 0.817500 0.279948 0.010000 0.028646
0 0.838000 0.282292 0.013500 0.035417
0 0.670125 0.555990 0.013750 0.032813
0 0.778750 0.479427 0.015000 0.033854
0 0.678000 0.819531 0.013500 0.029687
0 0.701625 0.858854 0.020750 0.031250
