0 0.015104 0.548625 0.013542 0.004750
0 0.131250 0.535250 0.014583 0.007000
0 0.092448 0.524500 0.018229 0.007500
0 0.376302 0.602875 0.013021 0.005250
0 0.191667 0.625750 0.011458 0.005000
0 0.562500 0.613750 0.012500 0.007000
0 0.350521 0.470750 0.014583 0.006500
0 0.326302 0.453500 0.009896 0.007500
0 0.337760 0.422875 0.017188 0.005250
0 0.298177 0.411750 0.017188 0.005000
0 0.250781 0.405000 0.014063 0.005500
0 0.280990 0.434000 0.016146 0.003500
0 0.281250 0.431625 0.015625 0.002750
0 0.190885 0.353250 0.022396 0.006000
0 0.136719 0.348875 0.016146 0.007750
0 0.144010 0.298125 0.014063 0.007750
0 0.163021 0.266625 0.013542 0.007750
0 0.156250 0.258000 0.018750 0.008000
0 0.230729 0.252750 0.016667 0.007500
0 0.133594 0.222500 0.013021 0.007500
0 0.544792 0.501750 0.015625 0.007000
0 0.533333 0.349000 0.017708 0.007500
0 0.506250 0.213125 0.020833 0.007750
0 0.559896 0.194250 0.011458 0.009500
0 0.595573 0.180375 0.022396 0.007250
0 0.535677 0.180250 0.019271 0.009000
0 0.507292 0.060000 0.016667 0.008500
0 0.600521 0.145375 0.017708 0.008250
0 0.572656 0.163250 0.011979 0.007500
0 0.769010 0.485500 0.010937 0.006500
0 0.754948 0.437125 0.022396 0.007750
0 0.932292 0.305250 0.011458 0.008500
0 0.822656 0.557000 0.017188 0.008000
0 0.964844 0.654625 0.021354 0.005250
0 0.969792 0.124625 0.015625 0.007250
