0 0.056510 0.457500 0.013021 0.005500
0 0.095833 0.466625 0.012500 0.003750
0 0.171615 0.470125 0.010937 0.006750
0 0.188021 0.454500 0.007292 0.006000
0 0.224479 0.442750 0.011458 0.005500
0 0.228125 0.435750 0.007292 0.006500
0 0.238802 0.428625 0.006771 0.007250
0 0.214062 0.421250 0.007292 0.006000
0 0.210417 0.417375 0.015625 0.004750
0 0.242188 0.406000 0.011458 0.005500
0 0.211719 0.398500 0.009896 0.006000
0 0.195833 0.385250 0.008333 0.006000
0 0.176302 0.391375 0.006771 0.007250
0 0.182031 0.401500 0.009896 0.006500
0 0.182812 0.406625 0.009375 0.003250
0 0.186979 0.375625 0.007292 0.003250
0 0.222917 0.351000 0.008333 0.007000
0 0.188281 0.344750 0.006771 0.006500
0 0.231250 0.325500 0.008333 0.007000
0 0.185938 0.309375 0.008333 0.006750
0 0.280469 0.367250 0.009896 0.006500
0 0.251823 0.379250 0.005729 0.006000
0 0.246875 0.378750 0.008333 0.007000
0 0.237500 0.338875 0.007292 0.006250
0 0.234115 0.338500 0.007812 0.006000
0 0.297917 0.512500 0.010417 0.006500
0 0.292708 0.510625 0.008333 0.005250
0 0.322135 0.502125 0.008854 0.005750
0 0.311979 0.506500 0.007292 0.004000
0 0.306771 0.505875 0.007292 0.005750
0 0.351562 0.487875 0.005208 0.004750
0 0.358073 0.487750 0.006771 0.003500
0 0.360417 0.480625 0.013542 0.006750
0 0.330469 0.474125 0.014063 0.004250
0 0.379948 0.480000 0.009896 0.004500
0 0.379167 0.475750 0.008333 0.004500
0 0.377604 0.473500 0.009375 0.005500
0 0.403385 0.465750 0.013021 0.006500
0 0.408594 0.456875 0.010937 0.006250
0 0.381771 0.443750 0.011458 0.006000
0 0.389583 0.437125 0.014583 0.005750
0 0.373698 0.434750 0.011979 0.005500
0 0.367188 0.432625 0.013542 0.003250
0 0.397917 0.421000 0.012500 0.006500
0 0.421875 0.462500 0.008333 0.003500
0 0.419271 0.461375 0.010417 0.005250
0 0.456250 0.443125 0.011458 0.007250
0 0.492708 0.439500 0.008333 0.003500
0 0.488281 0.438250 0.008854 0.006000
0 0.468490 0.432250 0.008854 0.006500
0 0.433073 0.428125 0.009896 0.006750
0 0.445312 0.425000 0.007292 0.007000
0 0.453385 0.424500 0.008854 0.005500
0 0.464323 0.423625 0.010937 0.005750
0 0.504687 0.420125 0.013542 0.005750
0 0.516146 0.425250 0.008333 0.006000
0 0.525781 0.423875 0.009896 0.005750
0 0.512500 0.430250 0.012500 0.005000
0 0.468229 0.411375 0.010417 0.006750
0 0.479687 0.411125 0.009375 0.006750
0 0.424219 0.398000 0.015104 0.005000
0 0.402083 0.399750 0.010417 0.003500
0 0.401823 0.402750 0.013021 0.006000
0 0.457292 0.369625 0.014583 0.004250
0 0.446094 0.384625 0.014063 0.006750
0 0.490104 0.397625 0.012500 0.005750
0 0.487760 0.392750 0.009896 0.007000
0 0.508073 0.388250 0.014063 0.006000
0 0.515104 0.330625 0.013542 0.006750
0 0.520052 0.315000 0.011979 0.006000
0 0.620833 0.303750 0.015625 0.007000
0 0.667708 0.298875 0.012500 0.005250
0 0.670052 0.300375 0.008854 0.004250
0 0.636458 0.324500 0.011458 0.007000
0 0.633333 0.322875 0.010417 0.004250
0 0.643229 0.349625 0.011458 0.006250
0 0.629167 0.366625 0.010417 0.005750
0 0.629167 0.360750 0.007292 0.006500
0 0.620313 0.365375 0.008333 0.006750
0 0.600000 0.378500 0.013542 0.005500
0 0.564844 0.373875 0.009896 0.007750
0 0.595052 0.373125 0.006771 0.005250
0 0.591146 0.372750 0.008333 0.007000
0 0.490365 0.353000 0.009896 0.003000
0 0.492708 0.356000 0.013542 0.004000
0 0.505990 0.344500 0.005729 0.007000
0 0.501302 0.343250 0.006771 0.005000
0 0.536198 0.398375 0.010937 0.004750
0 0.535937 0.403250 0.007292 0.005500
0 0.512760 0.404750 0.006771 0.006500
0 0.522396 0.401500 0.006250 0.005500
0 0.519271 0.399625 0.008333 0.005250
0 0.551562 0.412125 0.010417 0.005750
0 0.539323 0.415875 0.006771 0.003750
0 0.534635 0.415000 0.007812 0.006000
0 0.436979 0.499750 0.011458 0.006500
0 0.543750 0.486875 0.015625 0.003750
0 0.543229 0.471125 0.013542 0.004250
0 0.560156 0.476250 0.008854 0.007000
0 0.568750 0.474875 0.011458 0.004750
0 0.583333 0.472625 0.013542 0.002750
0 0.576042 0.470375 0.009375 0.006250
0 0.598958 0.458250 0.010417 0.004000
0 0.610677 0.457625 0.014063 0.003750
0 0.601302 0.434875 0.015104 0.004250
0 0.650000 0.440625 0.012500 0.003750
0 0.714844 0.446875 0.009896 0.007250
0 0.696094 0.445500 0.014063 0.004500
0 0.704688 0.442625 0.011458 0.007250
0 0.679948 0.454125 0.010937 0.003750
0 0.678125 0.456125 0.011458 0.004750
0 0.959635 0.409875 0.009896 0.003250
0 0.949479 0.411500 0.012500 0.005000
0 0.917448 0.428375 0.010937 0.005750
0 0.856250 0.418500 0.008333 0.007500
0 0.842969 0.424750 0.013021 0.004000
0 0.850781 0.438750 0.015104 0.004500
0 0.823177 0.434250 0.015104 0.004500
0 0.813542 0.426875 0.013542 0.004250
0 0.814063 0.424625 0.013542 0.003250
0 0.786979 0.455375 0.008333 0.005250
0 0.794010 0.450750 0.006771 0.003500
0 0.789323 0.450250 0.008854 0.005500
0 0.766146 0.486250 0.010417 0.006000
0 0.726042 0.487250 0.011458 0.006000
0 0.701823 0.472250 0.007812 0.006000
0 0.712240 0.476375 0.006771 0.004750
0 0.719531 0.472875 0.013021 0.002750
0 0.669792 0.476125 0.011458 0.006750
0 0.652083 0.482125 0.009375 0.006750
0 0.600000 0.483250 0.009375 0.004500
0 0.454687 0.516125 0.007292 0.004750
0 0.371094 0.545125 0.014063 0.003750
0 0.407812 0.591500 0.014583 0.004500
0 0.426042 0.579875 0.011458 0.005250
0 0.384896 0.576750 0.012500 0.003000
0 0.385677 0.574875 0.011979 0.001750
0 0.468750 0.594500 0.012500 0.006000
0 0.516146 0.583125 0.012500 0.003750
0 0.512500 0.575875 0.010417 0.004250
0 0.515365 0.574500 0.009896 0.003000
0 0.499740 0.578750 0.010937 0.002500
0 0.501302 0.576750 0.014063 0.002500
0 0.583073 0.582000 0.013021 0.005500
0 0.550781 0.591000 0.009896 0.004000
0 0.537500 0.599750 0.015625 0.004000
0 0.601823 0.592375 0.015104 0.005250
0 0.607031 0.607625 0.011979 0.005750
0 0.607552 0.613375 0.015104 0.003250
0 0.607812 0.616250 0.011458 0.002500
0 0.667448 0.612250 0.015104 0.005000
0 0.659635 0.600125 0.016146 0.004250
0 0.646094 0.598250 0.014063 0.003500
0 0.630208 0.591875 0.013542 0.005750
0 0.640625 0.591000 0.011458 0.004500
0 0.642969 0.589125 0.009896 0.002750
0 0.712760 0.590250 0.016146 0.004500
0 0.692448 0.573375 0.010937 0.004750
0 0.794010 0.587125 0.018229 0.004250
0 0.814323 0.577000 0.016146 0.005500
0 0.828646 0.583000 0.014583 0.004000
0 0.829948 0.581125 0.011979 0.002250
0 0.848698 0.592000 0.013021 0.005000
0 0.857552 0.588625 0.015104 0.003250
0 0.856250 0.585125 0.015625 0.004250
0 0.889062 0.615250 0.016667 0.005000
0 0.918750 0.610500 0.009375 0.007000
0 0.942448 0.634625 0.016146 0.004750
0 0.724479 0.641250 0.016667 0.004500
0 0.717708 0.628250 0.018750 0.004000
0 0.363542 0.622875 0.009375 0.006250
0 0.343229 0.634000 0.009375 0.005000
0 0.374740 0.650125 0.005729 0.005750
0 0.380469 0.649875 0.006771 0.004250
0 0.384896 0.661000 0.010417 0.004000
0 0.424219 0.671375 0.005729 0.005250
0 0.431771 0.674375 0.010417 0.004250
0 0.430208 0.682125 0.012500 0.004750
0 0.495052 0.701625 0.009896 0.003250
0 0.493750 0.703250 0.009375 0.003000
0 0.503646 0.669375 0.008333 0.005250
0 0.528385 0.666625 0.009896 0.004750
0 0.528646 0.662250 0.009375 0.005000
0 0.547135 0.657625 0.008854 0.005750
0 0.481250 0.638000 0.007292 0.006500
0 0.479167 0.642125 0.008333 0.005750
0 0.472656 0.644500 0.007812 0.005500
0 0.450000 0.647000 0.009375 0.003500
0 0.438542 0.645000 0.007292 0.005500
0 0.429427 0.650625 0.008854 0.004750
0 0.420052 0.647750 0.007812 0.007000
0 0.404687 0.636750 0.008333 0.006000
0 0.419010 0.639500 0.008854 0.004500
0 0.419792 0.637250 0.009375 0.003000
0 0.440885 0.649875 0.005729 0.004750
0 0.444531 0.648250 0.005729 0.004500
0 0.596615 0.717250 0.014063 0.005000
0 0.236979 0.630125 0.010417 0.006250
0 0.255208 0.651875 0.012500 0.003750
0 0.236458 0.677250 0.008333 0.005500
0 0.191667 0.686750 0.012500 0.004000
0 0.221354 0.701250 0.010417 0.003500
0 0.260677 0.695625 0.006771 0.004750
0 0.245312 0.697000 0.008333 0.003000
0 0.239062 0.694125 0.009375 0.002750
0 0.240625 0.691625 0.009375 0.003250
0 0.241927 0.688750 0.015104 0.003000
0 0.273177 0.670750 0.005729 0.006000
0 0.268229 0.670750 0.005208 0.006500
0 0.286719 0.678000 0.007812 0.005000
0 0.276562 0.680000 0.007292 0.004000
0 0.277344 0.688875 0.010937 0.008250
0 0.294271 0.683250 0.006250 0.002000
0 0.293750 0.685500 0.007292 0.002000
0 0.293490 0.687625 0.008854 0.002750
0 0.404167 0.663625 0.008333 0.003750
0 0.405729 0.662125 0.008333 0.003750
0 0.308073 0.797750 0.009896 0.004000
0 0.413542 0.796250 0.012500 0.004000
0 0.530990 0.808875 0.009896 0.005250
0 0.529948 0.803625 0.010937 0.005250
0 0.393750 0.740125 0.013542 0.005250
0 0.730729 0.795125 0.012500 0.005750
