0 0.366375 0.872396 0.004250 0.012500
0 0.442625 0.753125 0.003750 0.011458
0 0.444375 0.750781 0.004250 0.014063
0 0.405875 0.779427 0.004750 0.017188
0 0.418375 0.738021 0.005250 0.011458
0 0.420375 0.732031 0.006250 0.015104
0 0.438875 0.707812 0.007250 0.009375
0 0.458125 0.733073 0.004750 0.011979
0 0.382250 0.724219 0.005500 0.016146
0 0.392375 0.683073 0.002750 0.014063
0 0.389625 0.681510 0.003750 0.015104
0 0.387500 0.679688 0.003000 0.016667
0 0.380750 0.685677 0.005000 0.014063
0 0.373000 0.664062 0.005000 0.016667
0 0.367500 0.661719 0.006500 0.007812
0 0.361750 0.663542 0.004000 0.015625
0 0.364000 0.661979 0.003500 0.012500
0 0.358625 0.630990 0.003250 0.013021
0 0.361875 0.630990 0.004750 0.014063
0 0.372500 0.626302 0.006500 0.013021
0 0.340500 0.682031 0.005000 0.008854
0 0.353500 0.589844 0.003000 0.015104
0 0.350875 0.590885 0.002250 0.016146
0 0.345500 0.591146 0.005500 0.016667
0 0.347625 0.580729 0.006250 0.010417
0 0.321875 0.605208 0.009750 0.015625
0 0.314000 0.568229 0.006500 0.009375
0 0.332375 0.501042 0.004750 0.014583
0 0.335875 0.498177 0.003250 0.014063
0 0.335250 0.534115 0.004000 0.014063
0 0.336875 0.531510 0.004750 0.011979
0 0.350375 0.522656 0.004250 0.013021
0 0.352500 0.519792 0.003500 0.012500
0 0.358750 0.541406 0.006500 0.011979
0 0.361375 0.558854 0.006250 0.010417
0 0.358500 0.564323 0.007000 0.008854
0 0.355000 0.570312 0.007500 0.010417
0 0.368375 0.590104 0.007250 0.010417
0 0.371250 0.599740 0.005500 0.014063
0 0.372625 0.563802 0.004750 0.018229
0 0.369375 0.540365 0.004750 0.015104
0 0.372500 0.535417 0.004500 0.015625
0 0.375125 0.534375 0.004750 0.013542
0 0.375500 0.577604 0.008000 0.007292
0 0.381375 0.583854 0.006250 0.009375
0 0.385375 0.592448 0.004750 0.011979
0 0.384875 0.601042 0.004250 0.012500
0 0.388250 0.611979 0.008000 0.007292
0 0.394375 0.622396 0.005250 0.013542
0 0.392750 0.570052 0.004500 0.015104
0 0.399500 0.563281 0.005000 0.014063
0 0.400500 0.558333 0.004000 0.010417
0 0.403250 0.559115 0.005000 0.015104
0 0.421500 0.631250 0.007500 0.008333
0 0.408750 0.640625 0.008000 0.008333
0 0.404125 0.646354 0.007250 0.009375
0 0.401625 0.651823 0.006750 0.004687
0 0.402500 0.657552 0.008000 0.005729
0 0.484500 0.713802 0.007500 0.015104
0 0.482375 0.680729 0.007750 0.007292
0 0.481500 0.671615 0.008000 0.011979
0 0.467750 0.662500 0.004500 0.014583
0 0.474125 0.663542 0.005250 0.010417
0 0.472625 0.660937 0.005250 0.015625
0 0.470750 0.636719 0.007000 0.013021
0 0.474375 0.627865 0.006750 0.010937
0 0.475125 0.606771 0.006750 0.011458
0 0.468750 0.605729 0.006500 0.011458
0 0.445125 0.599740 0.005750 0.018229
0 0.429750 0.585938 0.009500 0.013542
0 0.441750 0.564844 0.007000 0.009896
0 0.455625 0.547917 0.004250 0.016667
0 0.456625 0.525521 0.006750 0.009375
0 0.456375 0.518750 0.005250 0.007292
0 0.429500 0.521875 0.007500 0.010417
0 0.436000 0.508333 0.005500 0.009375
0 0.440875 0.503385 0.006750 0.011979
0 0.410000 0.507812 0.008000 0.014583
0 0.419250 0.488542 0.006000 0.015625
0 0.423750 0.488802 0.004000 0.017188
0 0.433125 0.491406 0.007250 0.010937
0 0.433750 0.488021 0.005000 0.008333
0 0.439125 0.481771 0.007750 0.008333
0 0.436250 0.455990 0.006000 0.008854
0 0.426000 0.456510 0.006500 0.013021
0 0.423250 0.445833 0.006000 0.010417
0 0.419750 0.436198 0.006000 0.008854
0 0.420000 0.421875 0.007500 0.010417
0 0.390125 0.426823 0.005750 0.017188
0 0.400250 0.406250 0.006500 0.008333
0 0.400750 0.400781 0.004500 0.006771
0 0.409250 0.395573 0.006000 0.008854
0 0.406875 0.387240 0.003250 0.009896
0 0.402250 0.383073 0.005500 0.009896
0 0.406625 0.379427 0.005250 0.006771
0 0.404000 0.373437 0.005000 0.007292
0 0.399125 0.371094 0.005750 0.007812
0 0.403750 0.366406 0.005500 0.007812
0 0.376625 0.315104 0.003750 0.009375
0 0.380875 0.319010 0.004250 0.011979
0 0.536500 0.710677 0.003000 0.014063
0 0.534375 0.710677 0.003250 0.014063
0 0.520375 0.610417 0.008250 0.012500
0 0.516750 0.592187 0.007000 0.012500
0 0.531125 0.581771 0.005250 0.012500
0 0.535250 0.560417 0.005000 0.014583
0 0.531875 0.556250 0.002750 0.013542
0 0.522000 0.560677 0.007000 0.008854
0 0.508375 0.457552 0.007250 0.007812
0 0.539750 0.434635 0.004000 0.015104
0 0.519125 0.420833 0.006750 0.010417
0 0.524875 0.398438 0.002750 0.013542
0 0.522375 0.399219 0.002250 0.015104
0 0.508875 0.373698 0.003750 0.015104
0 0.513250 0.373437 0.003500 0.014583
0 0.517125 0.375000 0.003750 0.013542
0 0.519250 0.374219 0.003000 0.011979
0 0.522500 0.360938 0.004000 0.014583
0 0.517375 0.354167 0.004250 0.013542
0 0.541000 0.363542 0.004000 0.016667
0 0.525125 0.323437 0.004250 0.013542
0 0.519375 0.314583 0.005250 0.011458
0 0.500875 0.328646 0.007750 0.010417
0 0.507000 0.308854 0.005000 0.012500
0 0.505750 0.292187 0.005000 0.015625
0 0.524000 0.284896 0.005500 0.013542
0 0.531250 0.296354 0.005000 0.014583
0 0.541125 0.311198 0.005750 0.008854
0 0.540000 0.307552 0.005000 0.009896
0 0.514375 0.271094 0.001750 0.013021
0 0.516375 0.271094 0.002250 0.016146
0 0.518625 0.270313 0.002250 0.012500
0 0.539375 0.257031 0.003750 0.014063
0 0.546375 0.263542 0.005750 0.010417
0 0.544875 0.256771 0.004250 0.012500
0 0.554500 0.270052 0.007000 0.016146
0 0.553875 0.307552 0.004750 0.016146
0 0.552750 0.326562 0.006500 0.009375
0 0.564500 0.352604 0.004500 0.010417
0 0.576750 0.336458 0.004000 0.012500
0 0.548750 0.406510 0.002000 0.015104
0 0.550625 0.408073 0.001750 0.013021
0 0.553375 0.409375 0.004250 0.010417
0 0.556875 0.423177 0.004750 0.016146
0 0.561750 0.433073 0.004500 0.015104
0 0.569750 0.405469 0.003500 0.013021
0 0.568125 0.431771 0.004250 0.014583
0 0.552125 0.473438 0.003750 0.012500
0 0.548875 0.478385 0.003250 0.011979
0 0.548375 0.475260 0.003250 0.010937
0 0.556500 0.486979 0.004000 0.010417
0 0.558750 0.497656 0.005000 0.010937
0 0.555375 0.513802 0.004750 0.008854
0 0.549500 0.511458 0.004000 0.009375
0 0.546500 0.509635 0.003000 0.011979
0 0.550375 0.523177 0.003250 0.010937
0 0.547500 0.525000 0.003500 0.008333
0 0.546625 0.522396 0.004250 0.007292
0 0.567000 0.483073 0.003000 0.009896
0 0.568125 0.457552 0.003250 0.007812
0 0.567500 0.417448 0.002000 0.009896
0 0.548625 0.563281 0.004750 0.011979
0 0.549375 0.547656 0.005250 0.008854
0 0.549125 0.537760 0.003250 0.010937
0 0.545375 0.554688 0.003750 0.015625
0 0.545000 0.581510 0.003000 0.016146
0 0.548250 0.591406 0.004000 0.010937
0 0.545375 0.598958 0.003750 0.014583
0 0.547125 0.606510 0.003750 0.006771
0 0.547375 0.614323 0.003250 0.014063
0 0.543875 0.622135 0.003250 0.011979
0 0.546625 0.626563 0.002750 0.009375
0 0.551125 0.611198 0.003750 0.009896
0 0.544625 0.648438 0.003750 0.017708
0 0.656625 0.788542 0.007750 0.012500
0 0.665750 0.776823 0.009000 0.008854
0 0.668250 0.795833 0.006000 0.016667
0 0.672750 0.798177 0.007500 0.014063
0 0.683125 0.799740 0.007250 0.015104
0 0.712625 0.753906 0.005250 0.015104
0 0.708750 0.751302 0.003000 0.015104
0 0.710250 0.708854 0.008500 0.011458
0 0.732000 0.729948 0.008500 0.009896
0 0.749625 0.735677 0.005250 0.019271
0 0.762500 0.742448 0.007500 0.014063
0 0.761875 0.690104 0.007750 0.014583
0 0.762500 0.769531 0.005000 0.017188
0 0.742875 0.798177 0.006750 0.019271
0 0.713000 0.803385 0.008000 0.010937
0 0.713625 0.798438 0.006250 0.007292
0 0.749625 0.834375 0.004750 0.010417
0 0.747750 0.831250 0.006000 0.012500
0 0.738125 0.865104 0.007250 0.010417
0 0.731750 0.832031 0.010000 0.011979
0 0.685875 0.837500 0.005750 0.013542
0 0.675250 0.830990 0.008000 0.013021
