0 0.617375 0.434896 0.017250 0.020833
0 0.549750 0.566667 0.013500 0.030208
0 0.592625 0.729948 0.006750 0.016146
0 0.608625 0.737500 0.005750 0.019792
0 0.674750 0.825260 0.012000 0.026562
0 0.596875 0.822396 0.013250 0.020833
0 0.544750 0.847396 0.010000 0.023958
0 0.478250 0.752865 0.009500 0.023438
0 0.473000 0.644271 0.009000 0.020833
0 0.495875 0.694010 0.007750 0.016146
0 0.323125 0.401302 0.011250 0.016146
0 0.342250 0.559635 0.012500 0.021354
0 0.362250 0.544531 0.007500 0.011979
0 0.406500 0.715885 0.010000 0.020313
0 0.332500 0.829948 0.008000 0.019271
0 0.300500 0.804688 0.009500 0.019792
0 0.286500 0.761458 0.005500 0.012500
0 0.328125 0.257552 0.004250 0.011979
0 0.343125 0.295052 0.011250 0.028646
0 0.342750 0.292448 0.008500 0.025521
0 0.343625 0.320052 0.006750 0.016146
0 0.339250 0.350781 0.010000 0.017188
0 0.239750 0.714323 0.013000 0.019271
0 0.186500 0.715365 0.015000 0.032813
