0 0.221875 0.540125 0.009375 0.007250
0 0.220573 0.518875 0.014063 0.005750
0 0.214844 0.506750 0.007812 0.007500
0 0.207292 0.505875 0.008333 0.005750
0 0.239323 0.502125 0.010937 0.005750
0 0.277604 0.391500 0.008333 0.007000
0 0.339844 0.408500 0.010937 0.006500
0 0.285938 0.478000 0.012500 0.005500
0 0.275521 0.496500 0.013542 0.004000
0 0.276823 0.523750 0.014063 0.004500
0 0.465625 0.632500 0.007292 0.005500
0 0.470052 0.631375 0.009896 0.005750
0 0.460938 0.606125 0.012500 0.003750
0 0.435677 0.590750 0.006771 0.006000
0 0.439323 0.590250 0.008854 0.006500
0 0.445312 0.588750 0.008333 0.006000
0 0.449219 0.587750 0.007812 0.005000
0 0.429167 0.558750 0.012500 0.006000
0 0.411719 0.561625 0.008854 0.004750
0 0.414583 0.560125 0.012500 0.005250
0 0.415365 0.555250 0.006771 0.005500
0 0.419531 0.554125 0.008854 0.005750
0 0.422917 0.553375 0.008333 0.004750
0 0.412760 0.546250 0.008854 0.007000
0 0.420833 0.542125 0.009375 0.006750
0 0.384375 0.546500 0.008333 0.007500
0 0.393750 0.545125 0.007292 0.006750
0 0.389062 0.539125 0.008333 0.006250
0 0.390625 0.535125 0.010417 0.004750
0 0.382031 0.535125 0.008854 0.005750
0 0.408073 0.519625 0.013021 0.006250
0 0.390625 0.480875 0.013542 0.005250
0 0.383333 0.472250 0.010417 0.006000
0 0.377344 0.468750 0.015104 0.005500
0 0.372396 0.457375 0.009375 0.006750
0 0.377865 0.451625 0.015104 0.005750
0 0.364323 0.429625 0.008854 0.008750
0 0.383854 0.429500 0.009375 0.007000
0 0.372656 0.399875 0.015104 0.006250
0 0.383854 0.435625 0.007292 0.004750
0 0.385156 0.440000 0.006771 0.004000
0 0.448698 0.509750 0.010937 0.007000
0 0.444271 0.552000 0.008333 0.007500
0 0.459896 0.567125 0.011458 0.005750
0 0.463542 0.577625 0.007292 0.006750
0 0.473698 0.581750 0.009896 0.007000
0 0.489323 0.579125 0.010937 0.006250
0 0.509635 0.580625 0.008854 0.003750
0 0.510156 0.578750 0.009896 0.003500
0 0.466927 0.590250 0.007812 0.005000
0 0.475260 0.595750 0.007812 0.005500
0 0.472396 0.600500 0.013542 0.003500
0 0.486198 0.602125 0.007812 0.005750
0 0.486458 0.599000 0.008333 0.005500
0 0.478906 0.593375 0.008854 0.006250
0 0.483854 0.591250 0.009375 0.006000
0 0.494271 0.593000 0.004167 0.005000
0 0.498437 0.592250 0.006250 0.006500
0 0.390104 0.381000 0.012500 0.007500
0 0.441927 0.406625 0.010937 0.004250
0 0.436458 0.410000 0.011458 0.004500
0 0.449479 0.417250 0.009375 0.006500
0 0.455208 0.416875 0.008333 0.006750
0 0.462760 0.421500 0.009896 0.005500
0 0.465625 0.420000 0.011458 0.005000
0 0.505729 0.437250 0.012500 0.005000
0 0.514844 0.444500 0.013021 0.004000
0 0.512760 0.446750 0.010937 0.004500
0 0.529167 0.447125 0.014583 0.003250
0 0.565104 0.461875 0.012500 0.005250
0 0.589583 0.477750 0.012500 0.006000
0 0.627344 0.492250 0.010937 0.005500
0 0.632292 0.492250 0.008333 0.005500
0 0.626563 0.498250 0.013542 0.004000
0 0.628385 0.500250 0.010937 0.003000
0 0.661979 0.530250 0.009375 0.007500
0 0.738021 0.551250 0.009375 0.005500
0 0.738021 0.546250 0.008333 0.005000
0 0.740365 0.544625 0.008854 0.005250
0 0.745313 0.542125 0.007292 0.006250
0 0.744271 0.563375 0.011458 0.005750
0 0.749219 0.560875 0.010937 0.004750
0 0.736458 0.575125 0.011458 0.005250
0 0.811458 0.566375 0.005208 0.005250
0 0.752604 0.529500 0.011458 0.006000
0 0.797656 0.557375 0.006771 0.004250
0 0.734115 0.527500 0.008854 0.005500
0 0.748437 0.513250 0.007292 0.005000
0 0.697917 0.507875 0.016667 0.008250
0 0.700781 0.508125 0.013021 0.006750
0 0.699740 0.491375 0.008854 0.008250
0 0.697917 0.490375 0.004167 0.005250
0 0.691927 0.488500 0.007812 0.008500
0 0.663542 0.492500 0.011458 0.006000
0 0.657813 0.486875 0.010417 0.004750
0 0.564844 0.454250 0.009896 0.005000
0 0.478646 0.413000 0.017708 0.006500
0 0.549219 0.390750 0.010937 0.002500
0 0.711198 0.429000 0.010937 0.005000
0 0.728906 0.434625 0.004687 0.004250
0 0.734375 0.434625 0.006250 0.004250
0 0.871615 0.462500 0.014063 0.004000
0 0.715104 0.272625 0.010417 0.006750
0 0.730729 0.295000 0.015625 0.006000
0 0.342187 0.333875 0.008333 0.007250
0 0.373177 0.353250 0.013021 0.006000
0 0.953125 0.413250 0.017708 0.005000
0 0.696094 0.646125 0.011979 0.004750
0 0.825521 0.690375 0.012500 0.006250
0 0.847135 0.573625 0.011979 0.004750
