0 0.316406 0.266375 0.028646 0.020750
0 0.536979 0.345500 0.047917 0.019500
0 0.527604 0.347000 0.048958 0.023500
0 0.436458 0.374000 0.037500 0.014000
0 0.725000 0.306625 0.018750 0.016750
0 0.841667 0.249000 0.048958 0.019500
0 0.867708 0.268875 0.022917 0.011750
0 0.567448 0.446000 0.024479 0.014500
0 0.564583 0.448125 0.030208 0.018750
0 0.478385 0.444500 0.034896 0.014500
0 0.478385 0.443875 0.031771 0.011750
0 0.453125 0.434500 0.025000 0.012500
0 0.707031 0.443875 0.020313 0.013250
0 0.444531 0.479250 0.030729 0.014500
0 0.432031 0.480000 0.034896 0.014500
0 0.247656 0.486500 0.030729 0.011000
0 0.378646 0.552875 0.022917 0.013250
0 0.392448 0.550875 0.021354 0.013250
0 0.503646 0.516375 0.030208 0.013750
0 0.587500 0.565375 0.044792 0.015750
0 0.464844 0.654625 0.042188 0.018250
0 0.272917 0.626500 0.026042 0.016000
