0 0.391750 0.338542 0.009000 0.019792
0 0.416875 0.296094 0.008250 0.015104
0 0.538625 0.641406 0.011250 0.018229
0 0.588250 0.692448 0.005500 0.010937
0 0.596625 0.614062 0.004750 0.010417
0 0.598625 0.534115 0.004750 0.017188
0 0.604125 0.502083 0.006250 0.014583
0 0.446000 0.472917 0.006500 0.018750
0 0.424875 0.444271 0.005750 0.016667
0 0.456500 0.397917 0.008500 0.012500
0 0.455875 0.406510 0.008750 0.013021
0 0.454500 0.373698 0.007000 0.013021
0 0.517500 0.419792 0.010000 0.020833
0 0.535250 0.452344 0.006000 0.019271
0 0.540250 0.348177 0.004500 0.010937
0 0.604000 0.459896 0.007000 0.014583
0 0.631625 0.407552 0.008750 0.025521
0 0.546625 0.256250 0.006250 0.013542
0 0.531125 0.167969 0.006750 0.018229
0 0.534000 0.135417 0.007000 0.018750
0 0.549000 0.127604 0.009500 0.017708
0 0.639625 0.733333 0.007250 0.014583
0 0.638500 0.715885 0.007500 0.016146
0 0.637500 0.642448 0.006000 0.014063
0 0.694250 0.470833 0.011500 0.017708
0 0.638625 0.496615 0.006750 0.013021
0 0.726125 0.443229 0.007750 0.017708
0 0.718125 0.412760 0.009250 0.018229
0 0.719625 0.409635 0.010250 0.019271
0 0.745875 0.391146 0.008750 0.022917
0 0.757625 0.382812 0.006250 0.014583
0 0.663500 0.342969 0.010000 0.017188
0 0.685875 0.331250 0.007750 0.018750
0 0.678750 0.263802 0.011000 0.015104
0 0.674375 0.194792 0.005750 0.015625
0 0.682375 0.206250 0.009250 0.023958
0 0.624000 0.856510 0.010000 0.019271
