0 0.249125 0.682552 0.010750 0.013021
0 0.231250 0.483854 0.015000 0.019792
0 0.474375 0.473958 0.006750 0.013542
0 0.469125 0.470312 0.004250 0.015625
0 0.428250 0.497396 0.006500 0.008333
0 0.432625 0.495312 0.003250 0.010417
0 0.430250 0.508333 0.006500 0.009375
0 0.417500 0.525260 0.004500 0.011979
0 0.420625 0.550260 0.006250 0.010937
0 0.426875 0.560417 0.005250 0.010417
0 0.424500 0.576042 0.006500 0.010417
0 0.406000 0.578385 0.003500 0.011979
0 0.410750 0.585938 0.006000 0.012500
0 0.418500 0.604688 0.003000 0.012500
0 0.421125 0.601823 0.004250 0.014063
0 0.423625 0.590625 0.003750 0.006250
0 0.410875 0.681250 0.005750 0.012500
0 0.532375 0.905729 0.004750 0.020833
0 0.489625 0.897396 0.004250 0.017708
0 0.494125 0.881510 0.005750 0.017188
0 0.481000 0.899740 0.007500 0.010937
0 0.481875 0.888802 0.003750 0.015104
0 0.477875 0.885417 0.004250 0.015625
0 0.473250 0.881771 0.006500 0.012500
0 0.479625 0.867188 0.007250 0.014583
0 0.471250 0.846354 0.003500 0.019792
0 0.468125 0.836458 0.003750 0.017708
0 0.463125 0.832552 0.005250 0.013021
0 0.535125 0.806771 0.005750 0.015625
0 0.528625 0.805990 0.005750 0.017188
0 0.525000 0.792448 0.003500 0.017188
0 0.522125 0.790104 0.002750 0.013542
0 0.489875 0.780990 0.006750 0.009896
0 0.487750 0.803385 0.005500 0.015104
0 0.492500 0.799219 0.005500 0.013021
0 0.482375 0.801823 0.004750 0.016146
0 0.479750 0.805208 0.004500 0.014583
0 0.441375 0.796615 0.006750 0.013021
0 0.465000 0.790885 0.007500 0.014063
0 0.451375 0.756250 0.004250 0.015625
0 0.469875 0.741927 0.004750 0.014063
0 0.470500 0.752604 0.007500 0.012500
0 0.478625 0.759896 0.004250 0.014583
0 0.475250 0.759115 0.003500 0.014063
0 0.537000 0.709375 0.005000 0.018750
0 0.501000 0.710677 0.008000 0.010937
0 0.486750 0.717969 0.006500 0.014063
0 0.481500 0.714583 0.004000 0.016667
0 0.472375 0.703906 0.003750 0.015104
0 0.476750 0.696354 0.005000 0.016667
0 0.481250 0.696615 0.005000 0.013021
0 0.485375 0.691406 0.005250 0.015104
0 0.468125 0.694531 0.005750 0.017188
0 0.510250 0.685417 0.005000 0.015625
0 0.490500 0.670312 0.005000 0.014583
0 0.497125 0.686198 0.007250 0.005729
0 0.497500 0.691406 0.008500 0.008854
0 0.484375 0.648177 0.005250 0.010937
0 0.503500 0.627344 0.005000 0.016146
0 0.460250 0.664844 0.003000 0.013021
0 0.462625 0.665104 0.004250 0.015625
0 0.435625 0.628385 0.003750 0.016146
0 0.438500 0.631510 0.004000 0.008854
0 0.450000 0.635417 0.006000 0.016667
0 0.439750 0.608594 0.005000 0.013021
0 0.441875 0.582552 0.006750 0.009896
0 0.449500 0.566667 0.005500 0.015625
0 0.446875 0.553385 0.004250 0.009896
0 0.446500 0.542708 0.004500 0.012500
0 0.463875 0.557552 0.006750 0.016146
0 0.477000 0.591146 0.004500 0.017708
0 0.479875 0.610677 0.006250 0.013021
0 0.479500 0.620573 0.007000 0.008854
0 0.483375 0.542188 0.004250 0.011458
0 0.478000 0.539583 0.007000 0.010417
0 0.498375 0.345052 0.004750 0.011979
0 0.516875 0.341146 0.005750 0.010417
0 0.530375 0.344792 0.006250 0.011458
0 0.496750 0.412240 0.005500 0.009896
0 0.506250 0.400260 0.007000 0.010937
0 0.510500 0.410677 0.004500 0.010937
0 0.519875 0.424219 0.004750 0.018229
0 0.516000 0.468229 0.004500 0.014583
0 0.516375 0.452083 0.005250 0.010417
0 0.526250 0.467969 0.007000 0.008854
0 0.538500 0.460677 0.003500 0.017188
0 0.534625 0.449740 0.006750 0.009896
0 0.539750 0.445833 0.006500 0.010417
0 0.542000 0.453646 0.006500 0.007292
0 0.543000 0.459635 0.006000 0.006771
0 0.542750 0.464323 0.006000 0.008854
0 0.567750 0.467969 0.007500 0.014063
0 0.541125 0.513802 0.006250 0.013021
0 0.542000 0.501302 0.005000 0.005729
0 0.542375 0.506771 0.006250 0.006250
0 0.555750 0.537240 0.003000 0.014063
0 0.558125 0.535156 0.004250 0.016146
0 0.558875 0.510417 0.005250 0.010417
0 0.559625 0.506771 0.005750 0.009375
0 0.581125 0.554948 0.005750 0.008854
0 0.581625 0.548177 0.006750 0.011979
0 0.597875 0.554948 0.007250 0.013021
0 0.596500 0.547135 0.006500 0.009896
0 0.614375 0.536719 0.005250 0.015104
0 0.614875 0.550781 0.005750 0.015104
0 0.612625 0.554948 0.004250 0.011979
0 0.581500 0.582031 0.007000 0.009896
0 0.581250 0.592187 0.007000 0.008333
0 0.578000 0.597135 0.006000 0.005729
0 0.578125 0.602604 0.003750 0.006250
0 0.588000 0.625260 0.005500 0.006771
0 0.591000 0.618229 0.006000 0.015625
0 0.594250 0.614844 0.004500 0.015104
0 0.588875 0.608073 0.005250 0.009896
0 0.623500 0.581510 0.007000 0.014063
0 0.632500 0.591406 0.007500 0.008854
0 0.636250 0.598437 0.006500 0.009375
0 0.636000 0.606771 0.006500 0.012500
0 0.622875 0.639844 0.005250 0.014063
0 0.623500 0.630208 0.003000 0.013542
0 0.626875 0.629167 0.003250 0.016667
0 0.630625 0.661979 0.005750 0.007292
0 0.631125 0.667969 0.006750 0.008854
0 0.633250 0.670833 0.006500 0.011458
0 0.601875 0.718750 0.006250 0.012500
0 0.602250 0.752344 0.006500 0.016146
0 0.584625 0.724740 0.004750 0.018229
0 0.579750 0.727344 0.007500 0.011979
0 0.635875 0.776563 0.007250 0.008333
0 0.634000 0.794271 0.005500 0.009375
0 0.643500 0.731250 0.007500 0.010417
0 0.629875 0.732552 0.006750 0.010937
0 0.625625 0.723958 0.007250 0.010417
0 0.626625 0.718750 0.006750 0.012500
0 0.630000 0.719792 0.004000 0.011458
0 0.631000 0.715365 0.006000 0.014063
0 0.629375 0.702344 0.005250 0.010937
0 0.677375 0.836458 0.007250 0.011458
0 0.675875 0.841146 0.005250 0.009375
0 0.687125 0.866406 0.004250 0.007812
0 0.687625 0.861719 0.007250 0.015104
0 0.685875 0.901302 0.007250 0.008854
0 0.688750 0.909375 0.008000 0.008333
0 0.673500 0.944531 0.008000 0.023438
0 0.739000 0.973437 0.005500 0.012500
0 0.748000 0.922135 0.008500 0.017188
0 0.746750 0.894792 0.009000 0.012500
0 0.782375 0.915104 0.011750 0.019792
0 0.661125 0.725000 0.007250 0.011458
0 0.658750 0.713021 0.007500 0.014583
0 0.498875 0.310677 0.007750 0.010937
0 0.513375 0.312240 0.005250 0.011979
0 0.529000 0.318750 0.007500 0.014583
0 0.550750 0.320833 0.006000 0.007292
0 0.551375 0.314583 0.006750 0.007292
0 0.551375 0.364063 0.006750 0.009375
0 0.544625 0.379167 0.007250 0.012500
0 0.554875 0.380729 0.005250 0.010417
0 0.558250 0.376042 0.006000 0.010417
0 0.565125 0.390625 0.004750 0.012500
0 0.578750 0.407292 0.003500 0.013542
0 0.583000 0.408333 0.003500 0.012500
0 0.587625 0.419010 0.006250 0.015104
0 0.566375 0.331771 0.004250 0.008333
0 0.568125 0.328385 0.006250 0.009896
0 0.569375 0.322917 0.006750 0.011458
0 0.593125 0.311979 0.006750 0.015625
0 0.595000 0.283073 0.007500 0.016146
0 0.583625 0.255729 0.008750 0.010417
0 0.595000 0.270052 0.007500 0.009896
0 0.600125 0.266667 0.006750 0.010417
0 0.600750 0.257812 0.004500 0.012500
0 0.609500 0.278906 0.005000 0.016146
0 0.605500 0.296354 0.005500 0.014583
0 0.602375 0.282813 0.007750 0.014583
0 0.618750 0.283854 0.006000 0.017708
0 0.636500 0.255990 0.007500 0.017188
0 0.653625 0.277604 0.007250 0.016667
0 0.631125 0.302865 0.006250 0.018229
0 0.630000 0.314323 0.005000 0.014063
0 0.610500 0.351042 0.007500 0.014583
0 0.670750 0.346094 0.008500 0.013021
0 0.667125 0.379167 0.005750 0.017708
0 0.694875 0.386719 0.006250 0.017188
0 0.685000 0.400000 0.011000 0.010417
0 0.614000 0.393229 0.007000 0.019792
0 0.637000 0.401042 0.006000 0.016667
0 0.634750 0.418490 0.008500 0.010937
0 0.627875 0.438281 0.006750 0.009896
0 0.630375 0.432812 0.007250 0.009375
0 0.655250 0.425000 0.007500 0.010417
0 0.645250 0.432812 0.007000 0.011458
0 0.655375 0.441406 0.006750 0.013021
0 0.648250 0.429948 0.000000 0.000521
0 0.650625 0.438021 0.003750 0.015625
0 0.647625 0.444271 0.007250 0.009375
0 0.647375 0.452865 0.006250 0.008854
0 0.653000 0.456510 0.005000 0.016146
0 0.661375 0.456771 0.006250 0.014583
0 0.637875 0.450521 0.003750 0.012500
0 0.637000 0.461719 0.005000 0.008854
0 0.638125 0.470052 0.007250 0.009896
0 0.660000 0.476042 0.005500 0.015625
0 0.641250 0.488021 0.007000 0.010417
0 0.645875 0.500521 0.007250 0.012500
0 0.666250 0.462760 0.004000 0.014063
0 0.676625 0.446354 0.006250 0.016667
0 0.672000 0.473438 0.007000 0.008333
0 0.671000 0.478646 0.005500 0.009375
0 0.684125 0.459115 0.006750 0.013021
0 0.694000 0.449740 0.008000 0.011979
0 0.691625 0.438281 0.006750 0.008854
0 0.689250 0.429427 0.006000 0.010937
0 0.698625 0.468490 0.007750 0.011979
0 0.692125 0.478646 0.007750 0.009375
0 0.685500 0.491927 0.005500 0.007812
0 0.688500 0.498177 0.007000 0.007812
0 0.678750 0.495833 0.007000 0.010417
0 0.679000 0.488802 0.005000 0.013021
0 0.692875 0.539844 0.006750 0.016146
0 0.730625 0.545833 0.005750 0.011458
0 0.754875 0.552344 0.007250 0.008854
0 0.766625 0.550521 0.010250 0.013542
0 0.760375 0.530729 0.005250 0.019792
0 0.754250 0.472656 0.004000 0.018229
0 0.759625 0.475000 0.005750 0.017708
0 0.787750 0.483594 0.005500 0.022396
0 0.794625 0.491927 0.005750 0.015104
0 0.801000 0.515365 0.005500 0.016146
0 0.799000 0.524479 0.008500 0.013542
0 0.833625 0.552083 0.006750 0.020833
0 0.818250 0.440365 0.009500 0.011979
0 0.805750 0.423958 0.008500 0.020833
0 0.763250 0.432552 0.009500 0.008854
0 0.738750 0.416406 0.009000 0.010937
0 0.729000 0.415885 0.009000 0.011979
0 0.731375 0.371354 0.009750 0.014583
0 0.741875 0.366406 0.005250 0.015104
0 0.747625 0.349740 0.007750 0.016146
0 0.749250 0.344271 0.006000 0.011458
0 0.723875 0.281510 0.005750 0.019271
0 0.712125 0.311719 0.008250 0.014063
0 0.705625 0.313021 0.005750 0.016667
0 0.743375 0.208333 0.004750 0.010417
0 0.910875 0.581771 0.008750 0.020833
0 0.803375 0.598177 0.008750 0.022396
0 0.499750 0.219531 0.004000 0.013021
0 0.503750 0.214062 0.007500 0.011458
0 0.544750 0.150521 0.007000 0.022917
0 0.510375 0.134115 0.007250 0.009896
0 0.528000 0.109115 0.004500 0.015104
0 0.507875 0.113281 0.006250 0.014063
0 0.520500 0.083854 0.007000 0.015625
0 0.523250 0.070833 0.007000 0.011458
0 0.534750 0.070833 0.007500 0.010417
0 0.532250 0.054688 0.005500 0.017708
0 0.553125 0.063021 0.008250 0.009375
0 0.541875 0.040885 0.005750 0.013021
0 0.547625 0.040885 0.005750 0.017188
0 0.566625 0.067448 0.007750 0.008854
0 0.567750 0.075521 0.007000 0.008333
0 0.554250 0.016667 0.005000 0.011458
0 0.569750 0.014583 0.008500 0.010417
0 0.638125 0.052083 0.005250 0.010417
0 0.643375 0.047656 0.008750 0.013021
0 0.625000 0.045052 0.007000 0.013021
0 0.627125 0.036719 0.005250 0.010937
0 0.618250 0.048438 0.005500 0.008333
0 0.617500 0.040365 0.007500 0.008854
0 0.644125 0.020052 0.004750 0.017188
0 0.652750 0.013021 0.007500 0.012500
0 0.644250 0.007552 0.008000 0.008854
0 0.721250 0.355729 0.008500 0.015625
