0 0.285677 0.507375 0.010937 0.003750
0 0.397917 0.504000 0.012500 0.005000
0 0.401823 0.502375 0.007812 0.004750
0 0.462240 0.519375 0.011979 0.005250
0 0.569792 0.544125 0.014583 0.003750
0 0.580208 0.461375 0.011458 0.005750
0 0.573438 0.604250 0.011458 0.004500
0 0.521615 0.597000 0.014063 0.005500
0 0.372917 0.597625 0.010417 0.006250
0 0.321094 0.614375 0.016146 0.004750
0 0.350781 0.633500 0.011979 0.005500
0 0.350521 0.628750 0.012500 0.006000
0 0.269792 0.633875 0.013542 0.008750
0 0.255469 0.617875 0.010937 0.005750
0 0.261198 0.615375 0.010937 0.005750
0 0.313802 0.656625 0.013021 0.009750
0 0.290365 0.675875 0.010937 0.006250
0 0.278125 0.654125 0.015625 0.008750
0 0.235677 0.675625 0.016146 0.007750
0 0.200781 0.662875 0.014063 0.006750
0 0.209635 0.655750 0.011979 0.007000
0 0.178125 0.627250 0.020833 0.006000
0 0.177604 0.618000 0.015625 0.006500
0 0.121354 0.625125 0.013542 0.003250
0 0.121615 0.623125 0.017188 0.003750
0 0.097917 0.653500 0.021875 0.006000
0 0.048698 0.678500 0.011979 0.003500
0 0.048177 0.675375 0.014063 0.003250
0 0.632552 0.672375 0.010937 0.007750
0 0.635156 0.645125 0.008854 0.007250
0 0.598698 0.719125 0.016146 0.007250
0 0.615104 0.721250 0.011458 0.006000
0 0.615625 0.718875 0.008333 0.004250
0 0.449219 0.744625 0.013021 0.005750
0 0.501563 0.750250 0.009375 0.007000
0 0.516927 0.750500 0.009896 0.007500
0 0.587760 0.771625 0.010937 0.007750
0 0.499740 0.767625 0.014063 0.004250
0 0.485677 0.775625 0.008854 0.008750
0 0.477083 0.776625 0.011458 0.008250
0 0.466146 0.789625 0.014583 0.005750
0 0.412760 0.799000 0.014063 0.005500
0 0.396094 0.808500 0.011979 0.005000
0 0.394531 0.802500 0.010937 0.006000
0 0.371875 0.822250 0.008333 0.008500
0 0.377344 0.815125 0.011979 0.005250
0 0.392188 0.842750 0.009375 0.007000
0 0.473177 0.850750 0.009896 0.006500
0 0.466406 0.844750 0.008854 0.006500
0 0.439062 0.818625 0.005208 0.007250
0 0.433854 0.818375 0.007292 0.009250
0 0.437240 0.801125 0.008854 0.008250
0 0.442708 0.799250 0.009375 0.005500
0 0.748177 0.703875 0.016146 0.005750
0 0.707292 0.725875 0.012500 0.006750
0 0.710938 0.736375 0.011458 0.004250
0 0.707292 0.748125 0.011458 0.008250
0 0.670312 0.762875 0.007292 0.005750
0 0.678125 0.761750 0.009375 0.006000
0 0.701562 0.773750 0.009375 0.008500
0 0.730729 0.765375 0.013542 0.004750
0 0.719531 0.761250 0.014063 0.006500
0 0.681250 0.809125 0.009375 0.003750
0 0.685417 0.804875 0.009375 0.007750
0 0.678646 0.826375 0.010417 0.008250
0 0.599479 0.828125 0.008333 0.007250
0 0.650260 0.850875 0.015104 0.004750
0 0.618490 0.893875 0.015104 0.007750
0 0.845313 0.820625 0.013542 0.007750
0 0.120573 0.283000 0.010937 0.008000
0 0.189583 0.220250 0.012500 0.004500
0 0.223177 0.215875 0.014063 0.005250
