0 0.032813 0.425375 0.009375 0.005750
0 0.026302 0.429500 0.013021 0.005500
0 0.058073 0.419750 0.013021 0.006000
0 0.101823 0.422500 0.011979 0.004000
0 0.111458 0.421250 0.008333 0.006000
0 0.154948 0.398500 0.015104 0.004000
0 0.169792 0.401625 0.012500 0.004750
0 0.154167 0.403500 0.012500 0.005500
0 0.148958 0.407625 0.007292 0.005750
0 0.106771 0.414750 0.010417 0.003500
0 0.106510 0.412000 0.014063 0.003500
0 0.335417 0.429500 0.014583 0.004500
0 0.321875 0.441625 0.009375 0.005250
0 0.309896 0.463375 0.009375 0.007250
0 0.277083 0.483000 0.015625 0.004500
0 0.272396 0.476625 0.011458 0.003750
0 0.270573 0.474000 0.011979 0.004500
0 0.263281 0.482125 0.010937 0.005250
0 0.254948 0.480500 0.008854 0.005000
0 0.241927 0.487125 0.013021 0.005750
0 0.290625 0.477375 0.011458 0.006750
0 0.222917 0.509000 0.014583 0.005500
0 0.227604 0.501625 0.010417 0.005750
0 0.218490 0.504250 0.009896 0.006000
0 0.254427 0.507500 0.009896 0.005000
0 0.242708 0.512500 0.010417 0.005500
0 0.245312 0.505375 0.006250 0.005250
0 0.241927 0.504875 0.008854 0.005250
0 0.255208 0.522375 0.009375 0.005250
0 0.253125 0.519125 0.007292 0.006250
0 0.200521 0.519500 0.011458 0.006000
0 0.217188 0.536375 0.007292 0.004750
0 0.218490 0.539000 0.008854 0.005000
0 0.209896 0.539750 0.007292 0.005500
0 0.229167 0.547125 0.007292 0.005750
0 0.227083 0.555875 0.006250 0.004750
0 0.223698 0.553750 0.008854 0.004500
0 0.222917 0.551125 0.006250 0.005250
0 0.216667 0.553625 0.006250 0.005750
0 0.241927 0.569000 0.009896 0.006500
0 0.151562 0.577250 0.009375 0.006500
0 0.149479 0.583375 0.013542 0.003750
0 0.147396 0.590750 0.005208 0.005500
0 0.142708 0.590625 0.005208 0.005750
0 0.170052 0.530125 0.006771 0.002750
0 0.411979 0.424750 0.007292 0.004000
0 0.410938 0.422750 0.008333 0.004000
0 0.402865 0.449125 0.007812 0.005750
0 0.397135 0.453250 0.009896 0.003500
0 0.372135 0.471125 0.007812 0.005250
0 0.368490 0.471500 0.003646 0.005000
0 0.362240 0.495750 0.007812 0.006500
0 0.358333 0.506750 0.007292 0.005500
0 0.350781 0.521125 0.006771 0.006250
0 0.346875 0.529125 0.009375 0.004250
0 0.272396 0.676750 0.007292 0.005500
0 0.339323 0.681375 0.007812 0.006250
0 0.346354 0.635375 0.010417 0.003250
0 0.325260 0.641625 0.007812 0.005250
0 0.334115 0.639375 0.006771 0.005250
0 0.331510 0.638375 0.005729 0.004250
0 0.369792 0.622375 0.007292 0.006750
0 0.374740 0.598875 0.009896 0.004750
0 0.345052 0.579750 0.007812 0.004500
0 0.365885 0.554875 0.010937 0.003250
0 0.371354 0.551750 0.010417 0.003500
0 0.380729 0.518375 0.011458 0.004250
0 0.400781 0.499125 0.006771 0.004750
0 0.394531 0.498875 0.004687 0.005750
0 0.391146 0.499000 0.004167 0.005000
0 0.392708 0.489125 0.012500 0.002750
0 0.391667 0.493875 0.005208 0.005250
0 0.388542 0.494500 0.004167 0.005000
0 0.385937 0.494125 0.005208 0.004750
0 0.491406 0.478250 0.005729 0.005500
0 0.502344 0.503375 0.006771 0.006250
0 0.507031 0.518875 0.006771 0.004250
0 0.516927 0.532125 0.008854 0.005750
0 0.512760 0.534125 0.006771 0.003250
0 0.515625 0.539500 0.008333 0.006500
0 0.504427 0.654500 0.007812 0.005500
0 0.551823 0.704375 0.010937 0.004750
0 0.575000 0.750875 0.009375 0.005750
0 0.552865 0.737750 0.010937 0.006000
0 0.590885 0.635625 0.009896 0.004250
0 0.588802 0.634125 0.008854 0.003250
0 0.563281 0.626875 0.006771 0.006250
0 0.605729 0.619750 0.011458 0.005000
0 0.517448 0.497625 0.011979 0.004250
0 0.518490 0.493500 0.013021 0.004000
0 0.508594 0.481500 0.009896 0.004500
0 0.584375 0.447250 0.009375 0.006500
0 0.603385 0.456875 0.011979 0.005250
0 0.600260 0.464500 0.008854 0.006500
0 0.669271 0.505000 0.014583 0.005000
0 0.730729 0.549500 0.011458 0.006000
0 0.711198 0.542000 0.007812 0.006500
0 0.722917 0.543500 0.011458 0.002000
0 0.722396 0.541125 0.013542 0.002250
0 0.710677 0.564250 0.007812 0.005000
0 0.716146 0.564500 0.007292 0.004000
0 0.740365 0.586625 0.008854 0.005250
0 0.772396 0.608125 0.009375 0.004250
0 0.769271 0.604625 0.011458 0.004250
0 0.776563 0.631250 0.007292 0.005000
0 0.788281 0.635875 0.007812 0.005250
0 0.800781 0.646500 0.007812 0.006500
0 0.832812 0.672625 0.008333 0.003750
0 0.832031 0.670875 0.007812 0.003250
0 0.862760 0.690500 0.007812 0.005500
0 0.875781 0.694000 0.008854 0.005000
0 0.907552 0.725000 0.009896 0.004000
0 0.938281 0.680500 0.009896 0.006500
0 0.871875 0.656250 0.014583 0.005000
0 0.904167 0.648750 0.008333 0.005500
0 0.901042 0.648250 0.007292 0.004500
0 0.852083 0.640000 0.008333 0.005000
0 0.856510 0.639000 0.007812 0.005000
0 0.873958 0.619625 0.007292 0.006750
0 0.867708 0.622125 0.008333 0.005750
0 0.815365 0.626250 0.005729 0.005000
0 0.812240 0.625875 0.005729 0.005250
0 0.812760 0.621500 0.013021 0.005000
0 0.787240 0.574125 0.015104 0.003750
0 0.746875 0.572875 0.008333 0.006750
0 0.600000 0.384250 0.009375 0.005500
0 0.610677 0.387000 0.011979 0.005000
0 0.606771 0.382125 0.005208 0.006250
0 0.610677 0.381750 0.005729 0.005500
0 0.640885 0.392500 0.007812 0.005000
0 0.658333 0.395000 0.013542 0.004500
0 0.669010 0.397250 0.008854 0.005000
0 0.702083 0.412750 0.009375 0.004000
0 0.700000 0.415875 0.006250 0.003250
0 0.705990 0.418125 0.007812 0.005250
0 0.712240 0.418625 0.008854 0.003250
0 0.716927 0.417750 0.014063 0.006500
0 0.746615 0.435375 0.007812 0.004750
0 0.772396 0.433500 0.010417 0.004500
0 0.773177 0.431500 0.010937 0.003500
0 0.794531 0.433375 0.007812 0.005250
0 0.769271 0.443125 0.007292 0.004750
0 0.776302 0.443375 0.006771 0.005750
0 0.801042 0.444000 0.008333 0.004000
0 0.835677 0.443000 0.007812 0.005000
0 0.850521 0.446500 0.014583 0.003500
0 0.848437 0.449625 0.016667 0.004750
0 0.843750 0.466875 0.007292 0.005750
0 0.873177 0.461000 0.013021 0.005000
0 0.882031 0.467000 0.014063 0.005000
0 0.872135 0.467000 0.010937 0.003500
0 0.929688 0.485625 0.007292 0.004750
0 0.923698 0.485125 0.005729 0.005750
0 0.938021 0.487625 0.012500 0.002750
0 0.934896 0.482625 0.005208 0.004750
0 0.940104 0.482750 0.008333 0.004500
0 0.970573 0.502750 0.015104 0.005500
0 0.992969 0.500375 0.007812 0.005250
0 0.986198 0.487625 0.011979 0.003250
0 0.989062 0.491125 0.013542 0.003250
0 0.976823 0.492250 0.008854 0.004000
0 0.978385 0.490750 0.010937 0.004000
0 0.792708 0.421750 0.010417 0.006500
0 0.757292 0.413375 0.008333 0.003750
0 0.749740 0.413875 0.006771 0.006250
0 0.761198 0.384625 0.014063 0.005250
0 0.717969 0.281875 0.009896 0.007250
0 0.734115 0.276250 0.008854 0.007500
0 0.750781 0.275125 0.013021 0.004750
0 0.782813 0.257500 0.013542 0.003500
0 0.768750 0.254625 0.013542 0.006250
0 0.982812 0.246625 0.011458 0.006750
0 0.820312 0.272875 0.008333 0.006250
0 0.810417 0.274000 0.011458 0.004000
0 0.692448 0.298125 0.009896 0.003250
