0 0.586719 0.563750 0.015104 0.004500
0 0.677344 0.550750 0.008854 0.007000
0 0.727604 0.555000 0.014583 0.004500
0 0.700260 0.570875 0.011979 0.006750
0 0.711458 0.593875 0.013542 0.005250
0 0.639844 0.582250 0.013021 0.003500
0 0.648438 0.586625 0.013542 0.004250
0 0.611198 0.571250 0.013021 0.006500
0 0.604167 0.571875 0.009375 0.005250
0 0.776042 0.526500 0.011458 0.006000
0 0.889844 0.527250 0.010937 0.007500
0 0.771094 0.563625 0.009896 0.006750
0 0.757292 0.569625 0.010417 0.006750
0 0.750260 0.573875 0.011979 0.005750
0 0.743229 0.587000 0.011458 0.004500
0 0.736979 0.590500 0.009375 0.005500
0 0.786458 0.573125 0.012500 0.006250
0 0.803906 0.576250 0.014063 0.007500
0 0.830469 0.574750 0.013021 0.007000
0 0.836458 0.569000 0.011458 0.007000
0 0.831250 0.551625 0.009375 0.007750
0 0.791667 0.536000 0.008333 0.006000
0 0.794531 0.532875 0.009896 0.005250
0 0.913802 0.539875 0.008854 0.006750
0 0.872917 0.550750 0.010417 0.005500
0 0.889583 0.564750 0.010417 0.006000
0 0.890365 0.571625 0.006771 0.006250
0 0.898698 0.577250 0.007812 0.006500
0 0.863542 0.575500 0.013542 0.004000
0 0.876302 0.571625 0.013021 0.003750
0 0.874740 0.564500 0.013021 0.003000
0 0.875000 0.560500 0.007292 0.005000
0 0.829688 0.598750 0.013542 0.004500
0 0.825781 0.592000 0.008854 0.004500
0 0.825781 0.587000 0.014063 0.005500
0 0.944531 0.607625 0.006771 0.004750
0 0.857812 0.585375 0.019792 0.004250
0 0.944010 0.580125 0.009896 0.004750
0 0.960938 0.566000 0.012500 0.004000
0 0.958333 0.570500 0.013542 0.004500
0 0.974479 0.581000 0.010417 0.005500
0 0.964323 0.579250 0.010937 0.005000
0 0.904687 0.555750 0.011458 0.004500
0 0.915885 0.561375 0.008854 0.005750
0 0.916667 0.557625 0.012500 0.004250
0 0.980990 0.551875 0.009896 0.004250
0 0.986198 0.545875 0.011979 0.002250
0 0.984896 0.547875 0.013542 0.003250
0 0.994792 0.558750 0.009375 0.004000
0 0.996615 0.552500 0.005729 0.004000
0 0.988021 0.551125 0.010417 0.004250
0 0.714583 0.693750 0.016667 0.005000
0 0.813281 0.694500 0.015104 0.005500
0 0.623698 0.726500 0.010937 0.007000
0 0.637240 0.696000 0.014063 0.006500
0 0.559115 0.690500 0.015104 0.005500
0 0.492448 0.667500 0.014063 0.005000
0 0.520052 0.697125 0.011979 0.007250
0 0.643750 0.680125 0.012500 0.007250
0 0.647135 0.731250 0.018229 0.008500
0 0.701562 0.750125 0.011458 0.006750
0 0.719010 0.737375 0.010937 0.007750
0 0.743490 0.735250 0.009896 0.006500
0 0.751563 0.732875 0.010417 0.006750
0 0.763281 0.730875 0.013021 0.005250
0 0.762500 0.734750 0.012500 0.007000
0 0.806771 0.741000 0.021875 0.007500
0 0.890625 0.739875 0.010417 0.006250
0 0.936458 0.724125 0.012500 0.005750
0 0.973958 0.738875 0.011458 0.010250
0 0.956250 0.753375 0.016667 0.006250
0 0.943229 0.770250 0.012500 0.007500
0 0.906510 0.812125 0.009896 0.008250
0 0.936198 0.860000 0.015104 0.007000
0 0.875000 0.844000 0.016667 0.008000
0 0.825521 0.841875 0.016667 0.004750
0 0.835677 0.846750 0.017188 0.006000
0 0.875521 0.872750 0.010417 0.006000
0 0.909115 0.877375 0.010937 0.005250
0 0.929167 0.878375 0.010417 0.006250
0 0.934896 0.872375 0.018750 0.008250
0 0.979687 0.888750 0.013542 0.005500
0 0.783073 0.805500 0.018229 0.006500
0 0.767188 0.826625 0.013542 0.005750
0 0.789062 0.819750 0.011458 0.005500
0 0.790365 0.814875 0.011979 0.005250
0 0.722396 0.810125 0.015625 0.004750
0 0.731250 0.801625 0.016667 0.005750
0 0.714844 0.788000 0.016146 0.008500
0 0.736458 0.788000 0.012500 0.005500
0 0.813802 0.782750 0.014063 0.007000
0 0.823177 0.774250 0.014063 0.007000
0 0.741927 0.762375 0.014063 0.007750
0 0.975781 0.790375 0.014063 0.008250
0 0.857031 0.731250 0.014063 0.010000
0 0.634635 0.708875 0.015104 0.007250
0 0.618490 0.911750 0.015104 0.006000
0 0.609896 0.914625 0.011458 0.007250
0 0.550521 0.933375 0.013542 0.006750
0 0.508594 0.886875 0.009896 0.006750
0 0.514583 0.851500 0.010417 0.007500
0 0.546354 0.841500 0.014583 0.006500
0 0.459896 0.922375 0.008333 0.005250
0 0.431250 0.891250 0.011458 0.006000
0 0.422917 0.869875 0.010417 0.006250
0 0.429688 0.850000 0.008333 0.005500
0 0.421354 0.862625 0.011458 0.006750
0 0.362500 0.846375 0.013542 0.008750
0 0.424219 0.800500 0.008854 0.007000
0 0.478646 0.787125 0.009375 0.008250
0 0.385417 0.785250 0.010417 0.007500
0 0.326302 0.797000 0.010937 0.006500
0 0.346875 0.771375 0.012500 0.006250
0 0.393229 0.745125 0.009375 0.005750
0 0.374219 0.764625 0.008854 0.007750
0 0.321615 0.764875 0.010937 0.007250
0 0.316927 0.742875 0.008854 0.007250
0 0.352344 0.722375 0.010937 0.006750
0 0.313281 0.713125 0.018229 0.005750
0 0.280729 0.715375 0.012500 0.004750
0 0.285938 0.712250 0.010417 0.006500
0 0.254167 0.688500 0.010417 0.006500
0 0.275000 0.676125 0.010417 0.006750
0 0.258854 0.657000 0.011458 0.007500
0 0.375781 0.644875 0.011979 0.005250
0 0.387500 0.649625 0.011458 0.005750
0 0.469531 0.663125 0.009896 0.005750
0 0.369010 0.570625 0.008854 0.006750
0 0.375521 0.569125 0.009375 0.006250
0 0.843490 0.549125 0.009896 0.006750
0 0.849740 0.546875 0.007812 0.007750
0 0.856510 0.543000 0.011979 0.005500
0 0.290885 0.742000 0.019271 0.008500
0 0.120833 0.828500 0.012500 0.007000
0 0.143750 0.806875 0.010417 0.006750
0 0.141406 0.801750 0.011979 0.006500
0 0.267708 0.596125 0.012500 0.006250
0 0.284375 0.614750 0.012500 0.005500
0 0.301042 0.509625 0.016667 0.003750
0 0.297917 0.497000 0.014583 0.007500
0 0.312500 0.493125 0.013542 0.006250
0 0.333854 0.496875 0.010417 0.004250
0 0.369010 0.496750 0.011979 0.005500
0 0.382031 0.476875 0.011979 0.004250
0 0.428125 0.486125 0.009375 0.005250
0 0.452083 0.476875 0.011458 0.006250
0 0.434375 0.473250 0.013542 0.006000
0 0.546354 0.449875 0.010417 0.006250
0 0.515625 0.447750 0.011458 0.007000
0 0.463542 0.444250 0.014583 0.005000
0 0.548698 0.426875 0.013021 0.006250
0 0.581510 0.419625 0.008854 0.007250
0 0.624479 0.435875 0.013542 0.008750
0 0.596875 0.407500 0.013542 0.006000
0 0.501563 0.416250 0.009375 0.004500
0 0.486458 0.435375 0.011458 0.003250
0 0.497396 0.435125 0.010417 0.003250
0 0.486979 0.413750 0.010417 0.004500
0 0.480729 0.411250 0.011458 0.005000
0 0.626042 0.377250 0.007292 0.007000
0 0.638802 0.407500 0.010937 0.005500
0 0.658073 0.410500 0.006771 0.006000
0 0.662500 0.391750 0.008333 0.006000
0 0.673177 0.393875 0.011979 0.005750
0 0.684635 0.377250 0.011979 0.005500
0 0.699479 0.379750 0.011458 0.005000
0 0.713542 0.380250 0.006250 0.006500
0 0.713021 0.371125 0.009375 0.005750
0 0.665625 0.355625 0.011458 0.005250
0 0.710677 0.355750 0.010937 0.003500
0 0.715885 0.347875 0.008854 0.006750
0 0.659375 0.323000 0.011458 0.004000
0 0.696875 0.327125 0.012500 0.003750
0 0.694010 0.322500 0.009896 0.004500
0 0.753385 0.311750 0.013021 0.004000
0 0.772396 0.307625 0.012500 0.004750
0 0.763281 0.283625 0.009896 0.005750
0 0.869010 0.290500 0.013021 0.005000
0 0.850521 0.312875 0.013542 0.004750
0 0.820833 0.323625 0.011458 0.006250
0 0.832031 0.335625 0.006771 0.007250
0 0.846875 0.335375 0.006250 0.007250
0 0.866927 0.328500 0.011979 0.007500
0 0.901302 0.334625 0.009896 0.006750
0 0.878906 0.362500 0.008854 0.006000
0 0.917448 0.339250 0.006771 0.005500
0 0.928125 0.337625 0.010417 0.006750
0 0.890885 0.311250 0.009896 0.006000
0 0.876823 0.306750 0.010937 0.006000
0 0.940885 0.312250 0.015104 0.004000
0 0.924219 0.312875 0.008854 0.005750
0 0.932552 0.316250 0.013021 0.004000
0 0.917708 0.273875 0.010417 0.005750
0 0.910417 0.267250 0.013542 0.005000
0 0.995052 0.303125 0.008854 0.006750
0 0.835677 0.370625 0.014063 0.004250
0 0.828125 0.391875 0.008333 0.005750
0 0.755469 0.377000 0.009896 0.006500
0 0.757031 0.363750 0.008854 0.007500
0 0.749219 0.364125 0.007812 0.006250
0 0.742188 0.363625 0.007292 0.005750
0 0.741406 0.372750 0.010937 0.004500
0 0.725521 0.372625 0.011458 0.006250
0 0.733073 0.409875 0.009896 0.005750
0 0.037500 0.418500 0.011458 0.006000
0 0.004687 0.380875 0.008333 0.006250
0 0.032292 0.383875 0.009375 0.005750
0 0.071615 0.400625 0.011979 0.005250
0 0.019792 0.301000 0.014583 0.006000
0 0.314063 0.313625 0.011458 0.004750
0 0.357292 0.304875 0.008333 0.005250
0 0.380469 0.319125 0.008854 0.004250
0 0.394271 0.333250 0.007292 0.005500
0 0.435937 0.309750 0.005208 0.006500
0 0.462760 0.309250 0.013021 0.006000
0 0.422917 0.279500 0.006250 0.006500
0 0.415625 0.283125 0.013542 0.003250
0 0.415365 0.292125 0.010937 0.004250
0 0.408854 0.293625 0.008333 0.005750
0 0.454948 0.240500 0.007812 0.006500
0 0.400521 0.230125 0.008333 0.007750
0 0.362500 0.201625 0.011458 0.006750
0 0.415104 0.169625 0.010417 0.005750
0 0.409635 0.152375 0.009896 0.005250
0 0.340885 0.228375 0.011979 0.006750
0 0.299740 0.263125 0.011979 0.005750
0 0.216667 0.415000 0.011458 0.004500
0 0.233333 0.421875 0.012500 0.003750
0 0.261458 0.435875 0.011458 0.003750
0 0.241146 0.441625 0.007292 0.005750
0 0.229948 0.462375 0.008854 0.003750
0 0.257812 0.427375 0.010417 0.005750
0 0.311719 0.405250 0.007812 0.005000
0 0.317188 0.397125 0.009375 0.006250
0 0.291406 0.403500 0.006771 0.005500
0 0.297917 0.399750 0.008333 0.006000
0 0.280729 0.385000 0.008333 0.005500
0 0.293229 0.394250 0.013542 0.005000
0 0.307031 0.365500 0.008854 0.006500
0 0.385417 0.370250 0.009375 0.005500
0 0.333073 0.355625 0.009896 0.006250
0 0.405729 0.350625 0.006250 0.005750
0 0.340625 0.369875 0.011458 0.005750
0 0.147135 0.889250 0.013021 0.005500
0 0.190365 0.903125 0.018229 0.008250
0 0.214323 0.542500 0.010937 0.006000
0 0.236979 0.582000 0.007292 0.003000
0 0.364844 0.538750 0.007812 0.004000
0 0.383594 0.536625 0.006771 0.004250
0 0.404948 0.535625 0.009896 0.004750
0 0.410938 0.545250 0.007292 0.004500
0 0.971354 0.189500 0.014583 0.004500
0 0.389062 0.820125 0.009375 0.004750
0 0.375260 0.816250 0.006771 0.004000
0 0.380990 0.819500 0.008854 0.005000
0 0.691667 0.554375 0.006250 0.007250
0 0.698438 0.553250 0.009375 0.006000
0 0.870833 0.769250 0.015625 0.007000
0 0.934635 0.792000 0.013021 0.007000
0 0.944010 0.798750 0.014063 0.007500
0 0.835677 0.800875 0.014063 0.005750
0 0.885417 0.795250 0.010417 0.005500
0 0.489323 0.886375 0.013021 0.006250
0 0.471094 0.886000 0.009896 0.006500
0 0.482812 0.456375 0.007292 0.005750
0 0.500781 0.453375 0.010937 0.005750
