0 0.398958 0.522625 0.014583 0.006250
0 0.342448 0.521125 0.013021 0.007250
0 0.464323 0.572500 0.010937 0.008000
0 0.380729 0.574875 0.008333 0.006250
0 0.396615 0.562750 0.011979 0.008000
0 0.403385 0.584375 0.016146 0.007750
0 0.476562 0.626500 0.016667 0.005500
0 0.562240 0.664125 0.011979 0.009250
0 0.553646 0.685250 0.011458 0.008500
0 0.494531 0.669625 0.010937 0.008250
0 0.499740 0.664750 0.013021 0.007000
0 0.520833 0.669500 0.013542 0.004500
0 0.518490 0.663875 0.016146 0.007750
0 0.570573 0.601000 0.010937 0.006500
0 0.582292 0.597875 0.016667 0.007750
0 0.643229 0.507250 0.012500 0.006000
0 0.710417 0.468750 0.012500 0.006500
0 0.761979 0.490250 0.013542 0.008500
0 0.804948 0.477125 0.017188 0.006750
0 0.836458 0.486625 0.012500 0.009250
0 0.769792 0.516375 0.013542 0.005750
0 0.753906 0.530875 0.016146 0.006250
0 0.729427 0.535375 0.013021 0.005250
0 0.767448 0.550250 0.013021 0.006500
0 0.790365 0.546375 0.009896 0.007750
0 0.823958 0.564125 0.016667 0.005250
0 0.819010 0.556250 0.019271 0.007500
0 0.565625 0.452375 0.013542 0.008250
0 0.565365 0.479625 0.017188 0.007250
0 0.723698 0.508375 0.009896 0.008250
0 0.816146 0.514000 0.008333 0.008000
0 0.833333 0.523125 0.014583 0.006750
0 0.827344 0.530500 0.017188 0.009500
0 0.872396 0.535875 0.012500 0.008750
0 0.885156 0.569750 0.015104 0.006000
0 0.964062 0.580750 0.014583 0.007000
0 0.907031 0.548250 0.017188 0.007500
0 0.936979 0.538625 0.013542 0.008250
0 0.955990 0.537375 0.017188 0.004750
0 0.986979 0.543375 0.015625 0.006750
0 0.979167 0.555500 0.012500 0.004500
0 0.970313 0.559000 0.016667 0.007500
0 0.918490 0.517625 0.015104 0.005250
0 0.937240 0.508625 0.016146 0.005750
0 0.908594 0.499875 0.017188 0.005750
0 0.885937 0.514000 0.013542 0.005500
0 0.897656 0.511875 0.014063 0.006250
0 0.962240 0.506375 0.018229 0.004750
0 0.905469 0.481625 0.016146 0.005750
0 0.929167 0.485250 0.018750 0.005500
0 0.887760 0.474375 0.018229 0.006250
0 0.967708 0.513125 0.016667 0.007250
0 0.979948 0.529375 0.016146 0.004750
0 0.982292 0.522375 0.009375 0.007750
0 0.991667 0.517875 0.015625 0.003750
0 0.914323 0.528375 0.016146 0.005250
0 0.894010 0.529375 0.015104 0.004750
0 0.896094 0.525000 0.014063 0.005000
0 0.577865 0.419625 0.008854 0.008250
0 0.468229 0.362000 0.012500 0.008000
0 0.627865 0.348750 0.015104 0.005500
0 0.666406 0.328875 0.013021 0.007250
0 0.616406 0.326000 0.011979 0.007500
0 0.635156 0.329250 0.011979 0.007500
0 0.630208 0.325750 0.012500 0.006500
0 0.510156 0.338875 0.014063 0.003250
0 0.498177 0.340625 0.009896 0.005750
0 0.509375 0.335750 0.017708 0.004000
0 0.342969 0.328125 0.006771 0.005750
0 0.397396 0.300000 0.007292 0.007500
0 0.354687 0.293375 0.016667 0.006750
0 0.318490 0.284750 0.011979 0.006000
0 0.197396 0.594375 0.011458 0.008750
0 0.504687 0.198875 0.010417 0.010250
0 0.493490 0.225250 0.009896 0.009000
0 0.491146 0.217125 0.008333 0.009250
0 0.503125 0.216875 0.016667 0.007250
0 0.546354 0.171625 0.010417 0.008250
0 0.580729 0.161000 0.020833 0.006000
0 0.577865 0.170000 0.014063 0.010000
0 0.564844 0.174250 0.018229 0.007500
0 0.837500 0.070000 0.012500 0.007500
0 0.722656 0.284250 0.011979 0.008000
0 0.720052 0.269375 0.013021 0.007750
0 0.729948 0.311250 0.016146 0.005000
0 0.801302 0.316625 0.017188 0.006750
0 0.798177 0.296750 0.017188 0.006000
0 0.837500 0.291250 0.014583 0.005500
0 0.822135 0.296375 0.013021 0.008250
0 0.769792 0.254375 0.015625 0.006750
0 0.816927 0.246250 0.017188 0.006000
0 0.786719 0.245000 0.007812 0.007000
0 0.787500 0.240250 0.018750 0.005000
0 0.950781 0.230750 0.017188 0.009000
0 0.903125 0.251500 0.018750 0.008500
0 0.901823 0.276000 0.011979 0.007000
0 0.962500 0.269250 0.013542 0.008500
0 0.865365 0.274625 0.018229 0.005250
0 0.867188 0.282500 0.011458 0.005500
0 0.873958 0.279500 0.012500 0.006500
0 0.660417 0.647500 0.012500 0.008500
0 0.651042 0.674875 0.013542 0.005750
0 0.598958 0.737250 0.015625 0.005000
0 0.896615 0.830875 0.010937 0.006250
0 0.884115 0.622625 0.013021 0.006250
