0 0.138021 0.361250 0.028125 0.011000
0 0.091667 0.561250 0.025000 0.016000
0 0.116406 0.562625 0.018229 0.016250
0 0.310677 0.535500 0.018229 0.013500
0 0.254948 0.556500 0.022396 0.015000
0 0.113542 0.654500 0.018750 0.008000
0 0.117188 0.667000 0.019792 0.010000
0 0.060677 0.682125 0.036979 0.012250
0 0.333594 0.651750 0.022396 0.013500
0 0.384375 0.718250 0.025000 0.011500
0 0.383073 0.737250 0.025521 0.014000
0 0.448437 0.374500 0.029167 0.011500
0 0.443490 0.552125 0.025521 0.015750
0 0.497135 0.548750 0.025521 0.011500
0 0.550521 0.503875 0.028125 0.012250
0 0.510417 0.630125 0.027083 0.014750
0 0.531510 0.628125 0.015104 0.016250
0 0.797656 0.577750 0.029687 0.017000
0 0.916406 0.450750 0.025521 0.017000
0 0.804688 0.646375 0.023958 0.016250
0 0.860156 0.646000 0.033854 0.019500
0 0.446354 0.732125 0.019792 0.010750
0 0.388802 0.800750 0.022396 0.013000
