0 0.301125 0.503125 0.004750 0.011458
0 0.330375 0.347656 0.003250 0.009896
0 0.331875 0.311979 0.003750 0.012500
0 0.339375 0.314323 0.005250 0.008854
0 0.350625 0.311979 0.005750 0.014583
0 0.357500 0.302344 0.002500 0.014063
0 0.360750 0.303906 0.002500 0.014063
0 0.365000 0.304167 0.005000 0.011458
0 0.365125 0.286979 0.005250 0.012500
0 0.384750 0.273177 0.004500 0.014063
0 0.383375 0.320833 0.002250 0.015625
0 0.385875 0.321354 0.002750 0.013542
0 0.484375 0.378125 0.003750 0.013542
0 0.479875 0.372917 0.006250 0.007292
0 0.471500 0.526302 0.006000 0.011979
0 0.460500 0.475000 0.004000 0.008333
0 0.458375 0.460677 0.002750 0.010937
0 0.484875 0.454427 0.006750 0.016146
0 0.449750 0.561979 0.004500 0.016667
0 0.462250 0.548958 0.002500 0.010417
0 0.459625 0.547917 0.003250 0.012500
0 0.473000 0.544792 0.006500 0.012500
0 0.459250 0.597656 0.006500 0.010937
0 0.443125 0.603385 0.006250 0.014063
0 0.435375 0.589063 0.004250 0.012500
0 0.466000 0.648958 0.003000 0.015625
0 0.469000 0.648177 0.003000 0.011979
0 0.430750 0.714063 0.005500 0.014583
0 0.444250 0.751042 0.007000 0.015625
0 0.459375 0.793229 0.006250 0.013542
0 0.434625 0.784375 0.006750 0.014583
0 0.436000 0.761458 0.006500 0.009375
0 0.489250 0.707031 0.006000 0.014063
0 0.487625 0.758594 0.011250 0.014063
0 0.435625 0.833073 0.005750 0.016146
0 0.400625 0.852865 0.002750 0.009896
0 0.403375 0.850781 0.004750 0.011979
0 0.410625 0.894792 0.004250 0.015625
0 0.385125 0.898177 0.003750 0.007812
0 0.391125 0.919792 0.003750 0.012500
0 0.398375 0.934896 0.005250 0.014583
0 0.375125 0.981771 0.005250 0.008333
0 0.434375 0.945833 0.008250 0.011458
0 0.463000 0.858594 0.006000 0.014063
0 0.482750 0.588802 0.007000 0.017188
0 0.560625 0.402083 0.005250 0.010417
0 0.605250 0.519271 0.007500 0.010417
0 0.616750 0.494531 0.005000 0.015104
0 0.617875 0.698698 0.005750 0.008854
0 0.644125 0.636458 0.005250 0.010417
0 0.653375 0.644792 0.006750 0.010417
0 0.655125 0.637500 0.006750 0.008333
0 0.663000 0.652604 0.008500 0.009375
0 0.681875 0.690104 0.006750 0.008333
0 0.663500 0.719531 0.007000 0.014063
0 0.650750 0.779687 0.006000 0.016667
0 0.705375 0.810417 0.004750 0.014583
0 0.733750 0.826042 0.005500 0.012500
0 0.683375 0.797396 0.008250 0.011458
0 0.669625 0.907813 0.007250 0.015625
0 0.644500 0.922396 0.005000 0.010417
0 0.657250 0.923698 0.008000 0.008854
0 0.657250 0.938281 0.008500 0.016146
0 0.659250 0.959115 0.007000 0.014063
0 0.658875 0.971354 0.006750 0.008333
0 0.661125 0.981510 0.007750 0.010937
0 0.669250 0.937500 0.006500 0.013542
0 0.676000 0.936458 0.006500 0.011458
0 0.693750 0.938281 0.007500 0.013021
0 0.673750 0.989323 0.006500 0.011979
0 0.735625 0.947917 0.007250 0.009375
0 0.783000 0.964062 0.006500 0.016667
0 0.789125 0.974479 0.005750 0.015625
0 0.573000 0.163281 0.006000 0.014063
0 0.636875 0.230208 0.007750 0.012500
0 0.668875 0.254167 0.007250 0.013542
0 0.715125 0.277344 0.006250 0.011979
0 0.705500 0.301823 0.007500 0.014063
0 0.750375 0.254167 0.008250 0.011458
0 0.766750 0.324479 0.005000 0.012500
0 0.782750 0.376042 0.007500 0.008333
0 0.800000 0.360938 0.009000 0.010417
0 0.807750 0.427604 0.006500 0.014583
0 0.807125 0.328646 0.004250 0.016667
0 0.813875 0.307552 0.006250 0.014063
0 0.825125 0.311979 0.006750 0.009375
0 0.856500 0.407292 0.008000 0.010417
0 0.897500 0.359635 0.007000 0.009896
0 0.892875 0.348177 0.006250 0.008854
0 0.945500 0.483594 0.007000 0.009896
0 0.636750 0.002865 0.005000 0.005729
