0 0.019531 0.570625 0.018229 0.006250
0 0.072917 0.631375 0.013542 0.009250
0 0.060677 0.651000 0.009896 0.006500
0 0.005469 0.623500 0.010937 0.004000
0 0.003646 0.617625 0.007292 0.006750
0 0.326823 0.570750 0.009896 0.005500
0 0.247656 0.521125 0.013021 0.007750
0 0.206510 0.516500 0.007812 0.008500
0 0.222656 0.503500 0.009896 0.006000
0 0.232552 0.496375 0.010937 0.003750
0 0.211979 0.497875 0.012500 0.006750
0 0.219531 0.495625 0.010937 0.004250
0 0.201302 0.491375 0.010937 0.007750
0 0.115365 0.483250 0.013021 0.007500
0 0.125000 0.473625 0.015625 0.004250
0 0.145833 0.471375 0.012500 0.008250
0 0.140365 0.484500 0.018229 0.003500
0 0.142969 0.488000 0.013021 0.003000
0 0.097656 0.462125 0.016146 0.005750
0 0.115625 0.471000 0.012500 0.007500
0 0.012760 0.466125 0.013021 0.007750
0 0.039062 0.450125 0.018750 0.004250
0 0.063281 0.444000 0.014063 0.007000
0 0.050521 0.428875 0.010417 0.008250
0 0.073177 0.426375 0.013021 0.007250
0 0.077865 0.445750 0.015104 0.003500
0 0.095573 0.445000 0.006771 0.006500
0 0.090104 0.451250 0.006250 0.008500
0 0.098958 0.452625 0.008333 0.008250
0 0.072917 0.453875 0.016667 0.003250
0 0.077865 0.450250 0.015104 0.004000
0 0.014583 0.438000 0.016667 0.003500
0 0.028906 0.444250 0.011979 0.004500
0 0.030729 0.439875 0.017708 0.004750
0 0.004948 0.421750 0.009896 0.006500
0 0.135156 0.436500 0.015104 0.004000
0 0.168229 0.457000 0.015625 0.005500
0 0.179948 0.466375 0.013021 0.003750
0 0.198958 0.469875 0.011458 0.005250
0 0.094010 0.378250 0.017188 0.004000
0 0.412760 0.534375 0.007812 0.007750
0 0.415365 0.520500 0.011979 0.003500
0 0.414062 0.517125 0.012500 0.003750
0 0.415104 0.509625 0.011458 0.004250
0 0.403646 0.508750 0.009375 0.004000
0 0.404687 0.493625 0.011458 0.008250
0 0.380208 0.501500 0.010417 0.005500
0 0.382292 0.503250 0.010417 0.006000
0 0.352083 0.480375 0.009375 0.008250
0 0.363281 0.482250 0.009896 0.007000
0 0.400260 0.481375 0.008854 0.007250
0 0.402083 0.468125 0.008333 0.007750
0 0.394531 0.469125 0.008854 0.007750
0 0.362500 0.469875 0.012500 0.003250
0 0.342969 0.469125 0.013021 0.004250
0 0.363802 0.462875 0.006771 0.007750
0 0.372396 0.465125 0.009375 0.007750
0 0.349219 0.459125 0.009896 0.005250
0 0.341406 0.459500 0.006771 0.007000
0 0.347917 0.445500 0.012500 0.006000
0 0.366927 0.450625 0.006771 0.008250
0 0.360677 0.448125 0.010937 0.006250
0 0.363021 0.442875 0.015625 0.003250
0 0.366146 0.437375 0.005208 0.006250
0 0.354427 0.439625 0.010937 0.006250
0 0.350521 0.438250 0.007292 0.003500
0 0.392708 0.425000 0.015625 0.005000
0 0.361979 0.424125 0.007292 0.009250
0 0.352083 0.426375 0.012500 0.008250
0 0.334896 0.430750 0.012500 0.004500
0 0.339583 0.421500 0.007292 0.008000
0 0.347396 0.418750 0.008333 0.008000
0 0.310937 0.418625 0.010417 0.004250
0 0.286719 0.410250 0.011979 0.005500
0 0.344792 0.406250 0.014583 0.006000
0 0.349479 0.398750 0.010417 0.008000
0 0.359896 0.390125 0.009375 0.008250
0 0.349740 0.388625 0.007812 0.007750
0 0.338542 0.380750 0.010417 0.003000
0 0.348177 0.383875 0.011979 0.005250
0 0.413281 0.384500 0.009896 0.006500
0 0.408854 0.378000 0.011458 0.006500
0 0.392188 0.383000 0.012500 0.004000
0 0.381771 0.385750 0.006250 0.007500
0 0.385156 0.390625 0.008854 0.007250
0 0.387240 0.374625 0.008854 0.006250
0 0.354687 0.367500 0.012500 0.004500
0 0.346094 0.365750 0.005729 0.007000
0 0.340625 0.366000 0.004167 0.006500
0 0.304688 0.364875 0.008333 0.005750
0 0.378385 0.367500 0.004687 0.008000
0 0.383333 0.368000 0.004167 0.008000
0 0.388281 0.368000 0.005729 0.007000
0 0.354948 0.352375 0.017188 0.004250
0 0.347135 0.342250 0.004687 0.006500
0 0.342187 0.342000 0.005208 0.008500
0 0.344792 0.330875 0.013542 0.004750
0 0.383854 0.310625 0.012500 0.004750
0 0.381250 0.304750 0.016667 0.004000
0 0.388281 0.296625 0.015104 0.006250
0 0.309635 0.293250 0.008854 0.008000
0 0.303646 0.294500 0.005208 0.005000
0 0.306250 0.270875 0.011458 0.005750
0 0.342187 0.259250 0.011458 0.005500
0 0.442969 0.245000 0.011979 0.009000
0 0.378906 0.227625 0.016146 0.005250
0 0.397656 0.187000 0.017188 0.007500
0 0.433073 0.404625 0.008854 0.004750
0 0.479427 0.568375 0.009896 0.005750
0 0.500260 0.571875 0.007812 0.005750
0 0.500260 0.530625 0.011979 0.007250
0 0.495573 0.523750 0.008854 0.007500
0 0.506510 0.524125 0.008854 0.007750
0 0.457552 0.498500 0.010937 0.004500
0 0.485417 0.500375 0.009375 0.007250
0 0.469010 0.508375 0.005729 0.003750
0 0.524740 0.486750 0.009896 0.007000
0 0.529948 0.488250 0.010937 0.008000
0 0.503125 0.447750 0.012500 0.006000
0 0.505469 0.449500 0.010937 0.005500
0 0.567187 0.438500 0.009375 0.007000
0 0.578906 0.442375 0.013021 0.005750
0 0.567969 0.432000 0.008854 0.006000
0 0.584115 0.432625 0.007812 0.006750
0 0.588021 0.435750 0.008333 0.007500
0 0.603125 0.418625 0.016667 0.004750
0 0.591667 0.412000 0.015625 0.005000
0 0.576562 0.409875 0.011458 0.006750
0 0.574219 0.404125 0.010937 0.007750
0 0.604427 0.411000 0.007812 0.007000
0 0.638802 0.386625 0.009896 0.008250
0 0.657813 0.368000 0.010417 0.007500
0 0.663281 0.359875 0.011979 0.002750
0 0.665104 0.362500 0.015625 0.004500
0 0.681510 0.329875 0.015104 0.005250
0 0.701562 0.318750 0.014583 0.005000
0 0.706510 0.316750 0.009896 0.003500
0 0.710677 0.312875 0.016146 0.004250
0 0.745052 0.283500 0.009896 0.006000
0 0.744531 0.267625 0.007812 0.007250
0 0.749479 0.260750 0.009375 0.009000
0 0.674479 0.274875 0.013542 0.006250
0 0.677865 0.273375 0.010937 0.004750
0 0.765104 0.262375 0.007292 0.009250
0 0.773698 0.259500 0.008854 0.007500
0 0.741406 0.226875 0.020313 0.006250
0 0.897917 0.273375 0.014583 0.005250
0 0.889062 0.255500 0.011458 0.003500
0 0.906510 0.263125 0.005729 0.006250
0 0.905729 0.260750 0.013542 0.008000
0 0.983594 0.273625 0.009896 0.007250
0 0.973698 0.270500 0.010937 0.009000
0 0.930469 0.296750 0.013021 0.009500
0 0.925781 0.283625 0.009896 0.007750
0 0.922396 0.283500 0.013542 0.006000
0 0.913802 0.317625 0.010937 0.009250
0 0.931250 0.309375 0.008333 0.008250
0 0.937240 0.308375 0.008854 0.007250
0 0.962240 0.306125 0.011979 0.008750
0 0.954427 0.303750 0.011979 0.009000
0 0.989844 0.324750 0.009896 0.006500
0 0.995312 0.318375 0.008333 0.005250
0 0.989844 0.342125 0.014063 0.007750
0 0.951302 0.347375 0.010937 0.007250
0 0.940625 0.352250 0.010417 0.007000
0 0.947656 0.357375 0.009896 0.005250
0 0.841927 0.371500 0.011979 0.008000
0 0.886458 0.396750 0.008333 0.008000
0 0.911719 0.384625 0.008854 0.005750
0 0.938542 0.380250 0.009375 0.004500
0 0.825521 0.454750 0.008333 0.004500
0 0.678646 0.472875 0.013542 0.005750
0 0.777344 0.584875 0.009896 0.007750
0 0.928646 0.556500 0.017708 0.005500
0 0.981771 0.610500 0.015625 0.004000
0 0.715365 0.667750 0.013021 0.004500
0 0.809115 0.657750 0.016146 0.004000
0 0.794792 0.659375 0.014583 0.003250
0 0.789062 0.663500 0.011458 0.006000
0 0.785677 0.677125 0.014063 0.004250
0 0.842448 0.682375 0.016146 0.004750
0 0.886979 0.689750 0.015625 0.005000
0 0.900000 0.690625 0.009375 0.003750
0 0.994792 0.637875 0.009375 0.003250
0 0.667708 0.884125 0.013542 0.007250
0 0.754167 0.863250 0.017708 0.006500
0 0.690625 0.809625 0.013542 0.008250
0 0.556771 0.780375 0.013542 0.007250
0 0.822135 0.969125 0.016146 0.007750
0 0.649479 0.825625 0.014583 0.008750
0 0.614062 0.798000 0.008333 0.007000
0 0.623958 0.800250 0.007292 0.004500
0 0.570833 0.787000 0.009375 0.006000
0 0.584375 0.756375 0.009375 0.007250
0 0.579167 0.787625 0.008333 0.005750
0 0.597656 0.794125 0.008854 0.005750
