0 0.046354 0.756125 0.013542 0.005750
0 0.265365 0.721125 0.008854 0.006750
0 0.408333 0.687375 0.010417 0.003750
0 0.410156 0.684750 0.015104 0.004000
0 0.210417 0.671500 0.013542 0.005500
0 0.179948 0.667250 0.008854 0.006500
0 0.079948 0.647500 0.008854 0.006500
0 0.045312 0.640875 0.018750 0.005250
0 0.016406 0.635500 0.010937 0.004500
0 0.159896 0.618750 0.010417 0.004500
0 0.119271 0.640375 0.013542 0.004250
0 0.118750 0.638000 0.012500 0.002500
0 0.363281 0.631125 0.010937 0.003250
0 0.363281 0.629125 0.014063 0.003250
0 0.335417 0.617000 0.015625 0.004500
0 0.223698 0.548000 0.010937 0.006000
0 0.227604 0.547125 0.008333 0.005250
0 0.185677 0.527500 0.010937 0.005500
0 0.189062 0.526375 0.009375 0.005250
0 0.143229 0.527250 0.011458 0.006000
0 0.084635 0.466625 0.013021 0.006250
0 0.019792 0.438000 0.014583 0.007500
0 0.422396 0.466500 0.012500 0.006000
0 0.429948 0.426625 0.011979 0.004750
0 0.427083 0.424500 0.008333 0.004500
0 0.420573 0.413000 0.009896 0.007500
0 0.469271 0.399375 0.012500 0.005250
0 0.448698 0.395125 0.010937 0.005250
0 0.478646 0.364375 0.009375 0.006250
0 0.472396 0.364250 0.005208 0.006500
0 0.454687 0.292000 0.013542 0.007500
0 0.467708 0.210500 0.007292 0.006500
0 0.384375 0.167375 0.010417 0.007250
0 0.465365 0.063125 0.010937 0.006750
0 0.494531 0.038750 0.013021 0.004500
0 0.615885 0.047375 0.013021 0.005250
0 0.597396 0.145000 0.014583 0.006500
0 0.639583 0.257750 0.010417 0.006500
0 0.501823 0.460375 0.007812 0.007250
0 0.497135 0.533250 0.008854 0.007500
0 0.620052 0.601250 0.008854 0.003500
0 0.622396 0.599500 0.011458 0.004000
0 0.653385 0.579125 0.009896 0.005750
0 0.661979 0.576750 0.009375 0.004000
0 0.671615 0.565875 0.010937 0.006250
0 0.697396 0.545750 0.014583 0.004500
0 0.735938 0.517000 0.014583 0.003500
0 0.736198 0.515000 0.013021 0.002500
0 0.869271 0.425625 0.011458 0.004250
0 0.867188 0.424000 0.010417 0.003500
0 0.866667 0.312750 0.011458 0.004500
0 0.953646 0.309375 0.015625 0.004250
0 0.889323 0.351125 0.011979 0.004250
0 0.887760 0.349500 0.010937 0.004000
0 0.900781 0.425375 0.008854 0.006750
0 0.744531 0.532500 0.007812 0.005500
0 0.736979 0.536250 0.009375 0.005500
0 0.734115 0.540750 0.010937 0.003500
0 0.568229 0.684625 0.010417 0.005750
0 0.565625 0.683500 0.009375 0.004500
0 0.746615 0.645000 0.010937 0.004500
0 0.766146 0.642625 0.011458 0.003250
0 0.900260 0.629750 0.010937 0.006500
0 0.665365 0.676750 0.013021 0.006500
0 0.685677 0.649625 0.018229 0.006250
0 0.648698 0.707500 0.011979 0.003000
0 0.649219 0.704750 0.011979 0.003000
0 0.662500 0.705250 0.008333 0.008000
0 0.794792 0.708875 0.007292 0.007250
0 0.809896 0.702875 0.010417 0.005250
0 0.811979 0.701625 0.009375 0.004250
0 0.868490 0.705750 0.013021 0.004000
0 0.969531 0.710500 0.013021 0.004000
0 0.934375 0.722875 0.007292 0.005750
0 0.929688 0.722625 0.006250 0.004250
0 0.832812 0.721000 0.008333 0.004000
0 0.821615 0.721500 0.011979 0.004500
0 0.809896 0.726625 0.013542 0.004250
0 0.782813 0.725125 0.011458 0.004250
0 0.769271 0.721250 0.008333 0.005000
0 0.779427 0.732875 0.010937 0.003750
0 0.781771 0.731500 0.010417 0.003000
