0 0.368250 0.906250 0.003500 0.013542
0 0.362375 0.880469 0.002250 0.010937
0 0.364875 0.880729 0.002750 0.012500
0 0.402125 0.851823 0.003750 0.013021
0 0.414125 0.865104 0.005250 0.009375
0 0.435125 0.822396 0.003750 0.014583
0 0.466625 0.747135 0.004250 0.014063
0 0.485125 0.775781 0.004750 0.006771
0 0.535250 0.708854 0.004500 0.011458
0 0.541875 0.703125 0.004250 0.009375
0 0.546875 0.724740 0.003250 0.011979
0 0.543625 0.726823 0.003250 0.008854
0 0.541875 0.740885 0.005750 0.007812
0 0.528375 0.744010 0.004750 0.007812
0 0.527125 0.752865 0.005250 0.006771
0 0.525875 0.759896 0.005750 0.009375
0 0.520000 0.757552 0.005000 0.007812
0 0.515250 0.767448 0.007000 0.008854
0 0.533875 0.797396 0.004250 0.005208
0 0.533750 0.793229 0.005500 0.005208
0 0.493250 0.807292 0.005000 0.007292
0 0.492250 0.800781 0.005500 0.006771
0 0.484250 0.837240 0.006000 0.004687
0 0.483875 0.842448 0.005750 0.004687
0 0.473000 0.825260 0.003500 0.010937
0 0.465875 0.816927 0.005250 0.009896
0 0.462000 0.819792 0.005000 0.006250
0 0.463250 0.839844 0.006000 0.007812
0 0.452375 0.853385 0.004750 0.010937
0 0.451375 0.850000 0.004750 0.009375
0 0.415875 0.884896 0.005250 0.008333
0 0.415500 0.881250 0.004000 0.006250
0 0.518625 0.623958 0.005250 0.010417
0 0.516125 0.627083 0.003750 0.012500
0 0.514625 0.629948 0.002750 0.009896
0 0.512500 0.622656 0.003000 0.013021
0 0.485625 0.620833 0.002250 0.009375
0 0.487375 0.619531 0.003250 0.010937
0 0.499000 0.611979 0.005000 0.008333
0 0.453875 0.579948 0.005250 0.015104
0 0.436000 0.569271 0.002000 0.009375
0 0.438125 0.567708 0.002750 0.013542
0 0.334250 0.491406 0.003500 0.013021
0 0.305875 0.453385 0.004250 0.009896
0 0.302000 0.462500 0.003000 0.010417
0 0.304375 0.462240 0.004250 0.010937
0 0.292625 0.372917 0.005250 0.007292
0 0.293375 0.369531 0.004250 0.006771
0 0.314500 0.435937 0.004500 0.009375
0 0.315125 0.432812 0.003750 0.008333
0 0.322125 0.428646 0.006250 0.009375
0 0.339875 0.414323 0.002750 0.009896
0 0.341625 0.415104 0.003250 0.012500
0 0.352000 0.423958 0.006500 0.010417
0 0.345125 0.472135 0.004250 0.013021
0 0.350750 0.458073 0.004500 0.011979
0 0.355375 0.455469 0.004250 0.007812
0 0.359375 0.458333 0.005250 0.008333
0 0.360000 0.454948 0.004500 0.005729
0 0.377625 0.476823 0.004750 0.007812
0 0.375625 0.468229 0.002250 0.010417
0 0.377375 0.468229 0.002750 0.010417
0 0.381500 0.461198 0.003500 0.008854
0 0.378750 0.462240 0.003500 0.004687
0 0.376375 0.458594 0.005750 0.005729
0 0.400000 0.491406 0.005000 0.008854
0 0.401750 0.504427 0.003500 0.008854
0 0.403375 0.502344 0.004750 0.009896
0 0.411625 0.528385 0.005750 0.005729
0 0.416250 0.528646 0.003500 0.008333
0 0.412750 0.522656 0.006000 0.007812
0 0.416000 0.486719 0.006000 0.007812
0 0.421500 0.498177 0.003500 0.006771
0 0.422250 0.495052 0.004500 0.007812
0 0.444625 0.524740 0.004250 0.010937
0 0.447875 0.522917 0.004750 0.010417
0 0.444500 0.549479 0.004500 0.005208
0 0.444750 0.544792 0.005000 0.006250
0 0.453500 0.540625 0.004500 0.008333
0 0.458750 0.536458 0.003500 0.009375
0 0.474750 0.580469 0.005500 0.005729
0 0.471500 0.567187 0.005000 0.006250
0 0.473875 0.563802 0.003750 0.009896
0 0.469125 0.571875 0.004750 0.007292
0 0.467875 0.566406 0.003750 0.004687
0 0.512000 0.596875 0.003000 0.007292
0 0.511250 0.605469 0.002500 0.005729
0 0.515875 0.609115 0.002750 0.005729
0 0.516250 0.605729 0.004500 0.004167
0 0.550375 0.578646 0.003250 0.013542
0 0.538625 0.550521 0.006250 0.009375
0 0.510250 0.493229 0.004000 0.010417
0 0.512000 0.479948 0.004000 0.013021
0 0.479375 0.409896 0.006250 0.009375
0 0.458625 0.345313 0.004250 0.014583
0 0.454125 0.347656 0.005750 0.004687
0 0.453750 0.343490 0.005000 0.004687
0 0.440875 0.289323 0.003250 0.013021
0 0.426875 0.291406 0.002750 0.011979
0 0.424750 0.291667 0.002000 0.013542
0 0.409000 0.217969 0.005000 0.011979
0 0.409500 0.197917 0.004500 0.011458
0 0.405750 0.197917 0.003000 0.011458
0 0.384875 0.214844 0.002750 0.015104
0 0.382625 0.215104 0.002250 0.012500
0 0.388500 0.177344 0.003000 0.009896
0 0.390375 0.175781 0.003750 0.011979
0 0.387000 0.139844 0.004000 0.013021
0 0.369875 0.163542 0.002250 0.011458
0 0.367875 0.163542 0.002250 0.011458
0 0.355875 0.126042 0.006750 0.008333
0 0.364375 0.057292 0.005250 0.012500
0 0.371375 0.037500 0.005250 0.010417
0 0.374750 0.069531 0.005500 0.010937
0 0.398375 0.103646 0.004250 0.004167
0 0.398125 0.099740 0.005250 0.004687
0 0.407000 0.145052 0.005500 0.006771
0 0.423750 0.157812 0.004500 0.007292
0 0.430000 0.163281 0.004500 0.006771
0 0.428125 0.217188 0.004750 0.006250
0 0.428625 0.234635 0.004250 0.011979
0 0.445625 0.253906 0.004250 0.006771
0 0.446250 0.258073 0.003500 0.004687
0 0.458500 0.295052 0.004500 0.007812
0 0.463250 0.291667 0.004500 0.005208
0 0.462625 0.288021 0.003750 0.004167
0 0.498875 0.415365 0.005750 0.008854
0 0.555625 0.447396 0.002750 0.008333
0 0.554125 0.445833 0.003750 0.010417
0 0.551875 0.402083 0.003250 0.009375
0 0.548375 0.401042 0.005250 0.006250
0 0.548875 0.406250 0.003750 0.007292
0 0.506375 0.165104 0.006250 0.010417
0 0.510375 0.131771 0.004250 0.009375
0 0.506875 0.136979 0.004250 0.007292
0 0.506375 0.024219 0.005250 0.009896
0 0.539000 0.145573 0.005000 0.008854
0 0.550000 0.324740 0.004000 0.005729
0 0.550125 0.320052 0.004750 0.005729
0 0.550375 0.334115 0.004250 0.010937
0 0.556000 0.357031 0.004000 0.007812
0 0.558250 0.388802 0.004000 0.014063
0 0.569000 0.478906 0.004500 0.010937
0 0.600875 0.535937 0.003750 0.011458
0 0.604625 0.488542 0.003750 0.011458
0 0.606000 0.479167 0.004000 0.006250
0 0.610875 0.396615 0.002750 0.011979
0 0.608500 0.397135 0.002000 0.011979
0 0.608750 0.385156 0.004500 0.014063
0 0.612750 0.346094 0.004500 0.010937
0 0.611875 0.341406 0.003750 0.006771
0 0.617125 0.278385 0.004250 0.006771
0 0.618875 0.271354 0.006250 0.007292
0 0.628250 0.218750 0.004000 0.010417
0 0.615375 0.179167 0.006250 0.012500
0 0.626250 0.099479 0.005500 0.014583
0 0.631375 0.092188 0.004750 0.013542
0 0.635000 0.083854 0.003500 0.010417
0 0.635000 0.009635 0.003500 0.011979
0 0.632875 0.009115 0.003250 0.013021
0 0.637625 0.008854 0.003750 0.010417
0 0.660125 0.002344 0.004750 0.004687
0 0.648375 0.117969 0.003250 0.010937
0 0.654125 0.108854 0.005250 0.007292
0 0.658250 0.175521 0.005000 0.013542
0 0.635250 0.220052 0.003500 0.011979
0 0.635250 0.232031 0.005500 0.011979
0 0.626625 0.323177 0.004250 0.011979
0 0.626875 0.340625 0.003750 0.012500
0 0.622250 0.371094 0.002000 0.011979
0 0.624000 0.370312 0.002500 0.009375
0 0.617875 0.442448 0.003750 0.010937
0 0.619500 0.440625 0.002500 0.007292
0 0.609500 0.591406 0.004500 0.010937
0 0.634000 0.524219 0.005500 0.005729
0 0.634375 0.516927 0.003750 0.007812
0 0.650500 0.449479 0.005000 0.010417
0 0.659500 0.432812 0.005000 0.010417
0 0.659250 0.428906 0.004000 0.007812
0 0.657500 0.419531 0.004500 0.011979
0 0.652750 0.425781 0.005000 0.013021
0 0.667000 0.417187 0.004000 0.010417
0 0.670875 0.404167 0.005750 0.011458
0 0.677125 0.374740 0.004750 0.010937
0 0.670750 0.369271 0.004500 0.011458
0 0.672375 0.350000 0.004250 0.011458
0 0.667875 0.351823 0.005250 0.008854
0 0.676125 0.333854 0.002750 0.012500
0 0.666625 0.336719 0.003750 0.013021
0 0.688875 0.336198 0.004250 0.008854
0 0.687500 0.334115 0.005500 0.010937
0 0.681250 0.298958 0.003000 0.010417
0 0.680000 0.295052 0.004500 0.011979
0 0.671125 0.283594 0.004750 0.013021
0 0.666125 0.281510 0.004250 0.013021
0 0.680750 0.270573 0.004000 0.006771
0 0.678625 0.269531 0.003750 0.010937
0 0.678250 0.263542 0.004000 0.008333
0 0.681250 0.261198 0.004500 0.010937
0 0.672875 0.228906 0.004250 0.013021
0 0.698750 0.235417 0.004500 0.010417
0 0.706625 0.228906 0.004250 0.014063
0 0.713500 0.216146 0.005000 0.014583
0 0.690875 0.210156 0.005750 0.010937
0 0.701625 0.179427 0.004750 0.013021
0 0.709625 0.179167 0.002750 0.012500
0 0.707500 0.178906 0.002500 0.011979
0 0.694750 0.133594 0.004500 0.014063
0 0.729500 0.104688 0.006000 0.012500
0 0.693875 0.354687 0.002750 0.009375
0 0.691000 0.356771 0.003000 0.010417
0 0.714875 0.663802 0.003750 0.013021
0 0.699500 0.624479 0.004000 0.006250
0 0.701500 0.618750 0.004000 0.006250
0 0.712000 0.622396 0.004000 0.005208
0 0.712250 0.619010 0.004500 0.004687
0 0.731625 0.617448 0.004750 0.006771
0 0.741625 0.621875 0.003750 0.006250
0 0.740750 0.618750 0.003500 0.006250
