0 0.304750 0.204687 0.010000 0.023958
0 0.327625 0.252344 0.012750 0.032813
0 0.342625 0.239062 0.012750 0.038542
0 0.397250 0.246615 0.008000 0.035937
0 0.379750 0.273958 0.011500 0.031250
0 0.389125 0.357292 0.014250 0.037500
0 0.362250 0.363281 0.016500 0.033854
0 0.540750 0.128385 0.013500 0.022396
0 0.583625 0.049479 0.012250 0.031250
0 0.515875 0.158594 0.012250 0.026562
0 0.501875 0.311198 0.014250 0.025521
0 0.532250 0.281510 0.010500 0.022396
0 0.533000 0.388542 0.013500 0.025000
0 0.499375 0.421354 0.010750 0.019792
0 0.510875 0.448698 0.010750 0.029687
0 0.521500 0.464583 0.015000 0.028125
0 0.522250 0.486198 0.016500 0.029687
0 0.499000 0.506250 0.010000 0.028125
0 0.480375 0.510417 0.014250 0.031250
0 0.492500 0.569531 0.010000 0.035937
0 0.498250 0.585156 0.010000 0.025521
0 0.509375 0.594010 0.012250 0.022396
0 0.510500 0.620052 0.010000 0.029687
0 0.510125 0.561979 0.010750 0.023958
0 0.428750 0.500260 0.013500 0.022396
0 0.429750 0.517448 0.011500 0.026562
0 0.424000 0.564844 0.013000 0.029687
0 0.414375 0.616927 0.016250 0.029687
0 0.439375 0.640104 0.016250 0.034375
0 0.441875 0.658594 0.011250 0.032813
0 0.432500 0.691406 0.010000 0.032813
0 0.454500 0.751563 0.015000 0.028125
0 0.545875 0.646094 0.009250 0.025521
0 0.551875 0.661719 0.011250 0.029687
0 0.556125 0.629687 0.014250 0.025000
0 0.576875 0.622396 0.014250 0.028125
0 0.591625 0.635677 0.010750 0.022396
0 0.613625 0.577604 0.007750 0.028125
0 0.622875 0.513021 0.010750 0.041667
0 0.635500 0.527865 0.010000 0.035937
0 0.658625 0.521615 0.019250 0.029687
0 0.626500 0.387240 0.013500 0.022396
0 0.643750 0.444271 0.013500 0.023958
0 0.683000 0.454167 0.015000 0.028125
0 0.703250 0.393229 0.011500 0.028125
0 0.715125 0.394010 0.019250 0.032813
0 0.716250 0.363281 0.010000 0.028646
0 0.724375 0.361719 0.012250 0.025521
0 0.721125 0.339583 0.017250 0.031250
0 0.669375 0.334115 0.012250 0.029687
0 0.694125 0.247917 0.014250 0.017708
0 0.695125 0.299219 0.009250 0.025521
0 0.701500 0.311198 0.008000 0.019271
0 0.705500 0.299219 0.008500 0.019271
0 0.700250 0.270313 0.006500 0.012500
0 0.707750 0.278906 0.007500 0.013021
0 0.728000 0.275781 0.005500 0.013021
0 0.361250 0.682813 0.009500 0.017708
0 0.403000 0.750521 0.010000 0.018750
0 0.408625 0.760677 0.010250 0.017188
0 0.414250 0.803906 0.013500 0.020313
0 0.366875 0.780208 0.012250 0.029167
0 0.340875 0.767448 0.008750 0.019271
0 0.349500 0.780208 0.009500 0.023958
0 0.333000 0.777865 0.009000 0.015104
0 0.331750 0.798698 0.008500 0.022396
0 0.564875 0.862500 0.007750 0.019792
0 0.599500 0.861719 0.008500 0.018229
0 0.629750 0.839844 0.008000 0.018229
0 0.635375 0.880729 0.012250 0.017708
