0 0.183854 0.573625 0.008333 0.004250
0 0.163281 0.500875 0.010937 0.006750
0 0.108073 0.438125 0.011979 0.005250
0 0.262240 0.378500 0.008854 0.006500
0 0.330729 0.443625 0.014583 0.004250
0 0.341927 0.449000 0.009896 0.006500
0 0.333333 0.450875 0.006250 0.006750
0 0.341667 0.455875 0.008333 0.006250
0 0.369010 0.487875 0.008854 0.004750
0 0.351042 0.554375 0.012500 0.004250
0 0.522396 0.524000 0.009375 0.007000
0 0.599740 0.550375 0.009896 0.006750
0 0.751823 0.540125 0.009896 0.005750
0 0.759115 0.542750 0.010937 0.003500
0 0.888542 0.482625 0.009375 0.007250
0 0.877604 0.470875 0.010417 0.006750
