0 0.460625 0.822656 0.003250 0.010937
0 0.479250 0.840365 0.006000 0.007812
0 0.484250 0.805729 0.004000 0.005208
0 0.484125 0.802344 0.004750 0.005729
0 0.486875 0.763021 0.004250 0.007292
0 0.486750 0.756510 0.004500 0.004687
0 0.476750 0.752083 0.004500 0.007292
0 0.475250 0.744531 0.003500 0.010937
0 0.467750 0.749740 0.005000 0.004687
0 0.467500 0.745573 0.005500 0.004687
0 0.498500 0.738021 0.003500 0.006250
0 0.500750 0.732292 0.003500 0.009375
0 0.496750 0.736198 0.003000 0.003646
0 0.496875 0.733073 0.003750 0.004687
0 0.482125 0.701823 0.003750 0.009896
0 0.478625 0.694792 0.003750 0.012500
0 0.502250 0.676042 0.004000 0.009375
0 0.510000 0.665625 0.006500 0.009375
0 0.496000 0.654948 0.005000 0.010937
0 0.498125 0.645312 0.003750 0.009375
0 0.498000 0.571094 0.005500 0.007812
0 0.482750 0.586198 0.005000 0.009896
0 0.484750 0.600521 0.007000 0.010417
0 0.475375 0.633594 0.005750 0.009896
0 0.467750 0.630469 0.005000 0.005729
0 0.468000 0.626823 0.006000 0.005729
0 0.466625 0.620833 0.005250 0.006250
0 0.470375 0.617188 0.004250 0.007292
0 0.469750 0.612760 0.005000 0.004687
0 0.447625 0.632292 0.005750 0.007292
0 0.452750 0.625000 0.002500 0.009375
0 0.455500 0.624479 0.002500 0.009375
0 0.457375 0.626042 0.003750 0.010417
0 0.453500 0.617188 0.005500 0.007292
0 0.457125 0.634896 0.004750 0.008333
0 0.453875 0.634896 0.004250 0.009375
0 0.448125 0.665365 0.005250 0.010937
0 0.446500 0.684375 0.005000 0.008333
0 0.446500 0.680469 0.004500 0.006771
0 0.427375 0.647917 0.004250 0.010417
0 0.425500 0.655990 0.006000 0.004687
0 0.426125 0.659375 0.004750 0.004167
0 0.427625 0.665104 0.005250 0.009375
0 0.416500 0.696094 0.003500 0.010937
0 0.431250 0.689844 0.005500 0.007812
0 0.428125 0.685417 0.005750 0.007292
0 0.425375 0.696875 0.004250 0.010417
0 0.426500 0.695312 0.003500 0.008333
0 0.416750 0.677865 0.005500 0.007812
0 0.418500 0.663021 0.005000 0.009375
0 0.415750 0.657552 0.006000 0.005729
0 0.412375 0.672135 0.005750 0.007812
0 0.409875 0.681250 0.003250 0.010417
0 0.405750 0.682031 0.003500 0.009896
0 0.404000 0.679948 0.004000 0.007812
0 0.404125 0.689844 0.005250 0.007812
0 0.395125 0.672135 0.005750 0.007812
0 0.398625 0.690625 0.005750 0.007292
0 0.401375 0.698958 0.003750 0.007292
0 0.401875 0.696354 0.002750 0.007292
0 0.394750 0.700521 0.006000 0.008333
0 0.386000 0.702604 0.004500 0.009375
0 0.379250 0.702344 0.007000 0.007812
0 0.393125 0.707552 0.006250 0.006771
0 0.397625 0.711979 0.004250 0.007292
0 0.393125 0.714583 0.004750 0.008333
0 0.395250 0.718490 0.005500 0.007812
0 0.389125 0.728906 0.002750 0.011979
0 0.387375 0.722396 0.005750 0.008333
0 0.380000 0.726823 0.007000 0.007812
0 0.356375 0.741406 0.005250 0.007812
0 0.360750 0.720313 0.005500 0.006250
0 0.358000 0.723958 0.006000 0.006250
0 0.350625 0.721615 0.005750 0.006771
0 0.350750 0.727865 0.005500 0.006771
0 0.348750 0.734115 0.005500 0.007812
0 0.335375 0.732552 0.005750 0.007812
0 0.323000 0.748177 0.006000 0.006771
0 0.334750 0.757031 0.006000 0.006771
0 0.335000 0.753125 0.005000 0.004167
0 0.354875 0.753906 0.006250 0.004687
0 0.355375 0.750000 0.005250 0.004167
0 0.275250 0.806771 0.005500 0.007292
0 0.287875 0.797135 0.006250 0.010937
0 0.304500 0.792708 0.005500 0.005208
0 0.305000 0.786979 0.005500 0.007292
0 0.307625 0.775521 0.004750 0.009375
0 0.304000 0.771354 0.006000 0.008333
0 0.328625 0.726562 0.004750 0.007292
0 0.327250 0.724740 0.005000 0.006771
0 0.332000 0.720052 0.003500 0.005729
0 0.361500 0.770052 0.007500 0.008854
0 0.384375 0.670052 0.005250 0.005729
0 0.386750 0.667448 0.002500 0.005729
0 0.408750 0.648438 0.005000 0.007292
0 0.411250 0.638542 0.003000 0.009375
0 0.485375 0.538281 0.004750 0.013021
0 0.473125 0.558594 0.005250 0.005729
0 0.473375 0.554948 0.004250 0.004687
0 0.465125 0.532552 0.005750 0.006771
0 0.444000 0.549740 0.004500 0.010937
0 0.441750 0.538281 0.002500 0.013021
0 0.445875 0.537240 0.005250 0.004687
0 0.445125 0.540104 0.005250 0.004167
0 0.444875 0.543490 0.004250 0.003646
0 0.430375 0.546094 0.006250 0.005729
0 0.430000 0.551042 0.006000 0.005208
0 0.431125 0.555469 0.003750 0.006771
0 0.433750 0.586719 0.003500 0.010937
0 0.422125 0.534896 0.004250 0.005208
0 0.422250 0.530990 0.005000 0.005729
0 0.417375 0.554427 0.005250 0.009896
0 0.409125 0.574740 0.005750 0.007812
0 0.408500 0.570052 0.005000 0.007812
0 0.410000 0.564063 0.005500 0.007292
0 0.403875 0.570052 0.002750 0.009896
0 0.402625 0.567969 0.003750 0.009896
0 0.378750 0.548438 0.006500 0.006250
0 0.378125 0.543229 0.005750 0.006250
0 0.379250 0.538021 0.006000 0.005208
0 0.385500 0.530990 0.006000 0.005729
0 0.379500 0.532292 0.006000 0.006250
0 0.383375 0.526042 0.005750 0.005208
0 0.373500 0.569010 0.006500 0.007812
0 0.371250 0.575000 0.006000 0.006250
0 0.373250 0.583854 0.004500 0.011458
0 0.356875 0.575000 0.006750 0.009375
0 0.353750 0.546875 0.004500 0.007292
0 0.352625 0.543490 0.005750 0.006771
0 0.353250 0.540104 0.005000 0.004167
0 0.352000 0.535937 0.006500 0.007292
0 0.352875 0.519531 0.006750 0.008854
0 0.337750 0.525781 0.006000 0.007812
0 0.339375 0.521615 0.004250 0.008854
0 0.318750 0.513542 0.006000 0.006250
0 0.312625 0.540365 0.004750 0.005729
0 0.312625 0.536198 0.006750 0.005729
0 0.300875 0.504687 0.006250 0.009375
0 0.275875 0.513021 0.007250 0.008333
0 0.335875 0.578125 0.005750 0.010417
0 0.463125 0.517188 0.005250 0.008333
0 0.457500 0.518229 0.005000 0.006250
0 0.453375 0.520052 0.003750 0.005729
0 0.440750 0.520052 0.005000 0.004687
0 0.438625 0.516406 0.004750 0.007812
0 0.430375 0.516406 0.004750 0.005729
0 0.428250 0.512500 0.006000 0.006250
0 0.422750 0.508854 0.002500 0.005208
0 0.422125 0.499740 0.005250 0.006771
0 0.418750 0.501823 0.003500 0.003646
0 0.415750 0.504167 0.005000 0.006250
0 0.419125 0.507552 0.002750 0.007812
0 0.405125 0.503385 0.005250 0.006771
0 0.398250 0.487760 0.004000 0.008854
0 0.369500 0.493490 0.006000 0.006771
0 0.370875 0.499740 0.003250 0.009896
0 0.365375 0.488281 0.005750 0.004687
0 0.365875 0.484896 0.004750 0.004167
0 0.365125 0.504427 0.005250 0.005729
0 0.361500 0.500521 0.004000 0.006250
0 0.359500 0.474219 0.005000 0.008854
0 0.352125 0.468750 0.005750 0.008333
0 0.356500 0.481250 0.004000 0.007292
0 0.355875 0.476562 0.004250 0.006250
0 0.345750 0.458594 0.005000 0.008854
0 0.352375 0.484896 0.005750 0.007292
0 0.355875 0.493229 0.005750 0.009375
0 0.351250 0.499219 0.004000 0.006771
0 0.346375 0.499479 0.005750 0.008333
0 0.343750 0.479167 0.003500 0.008333
0 0.346125 0.479687 0.002750 0.007292
0 0.335000 0.486198 0.005000 0.010937
0 0.325250 0.493229 0.004500 0.006250
0 0.325625 0.486198 0.004250 0.008854
0 0.328000 0.484635 0.006000 0.008854
0 0.317125 0.498177 0.004750 0.006771
0 0.320125 0.496615 0.005250 0.009896
0 0.319625 0.479427 0.005750 0.005729
0 0.318375 0.474479 0.005750 0.006250
0 0.319750 0.473438 0.005500 0.007292
0 0.308875 0.483073 0.005750 0.007812
0 0.310875 0.480469 0.004750 0.004687
0 0.312250 0.478906 0.004000 0.008854
0 0.303875 0.477604 0.004750 0.010417
0 0.295125 0.487500 0.006250 0.009375
0 0.298875 0.474740 0.003250 0.008854
0 0.298750 0.468750 0.006500 0.006250
0 0.299250 0.453906 0.003500 0.007812
0 0.299500 0.446615 0.006000 0.007812
0 0.293375 0.458594 0.002750 0.007812
0 0.290625 0.466406 0.004250 0.009896
0 0.285000 0.468750 0.005000 0.008333
0 0.276500 0.468750 0.006000 0.009375
0 0.283750 0.482292 0.006500 0.008333
0 0.282125 0.445052 0.006750 0.009896
0 0.274750 0.457813 0.005500 0.005208
0 0.275000 0.454427 0.004500 0.004687
0 0.252625 0.443229 0.005250 0.010417
0 0.484625 0.442188 0.003750 0.010417
0 0.477750 0.437760 0.003500 0.009896
0 0.469125 0.433854 0.005750 0.006250
0 0.470750 0.422917 0.002500 0.010417
0 0.466750 0.422656 0.005000 0.008854
0 0.456875 0.415625 0.003750 0.007292
0 0.455750 0.413802 0.003500 0.007812
0 0.438875 0.403646 0.005250 0.008333
0 0.435500 0.386979 0.005000 0.008333
0 0.436250 0.365104 0.003500 0.010417
0 0.433875 0.364063 0.003250 0.010417
0 0.432125 0.369010 0.002750 0.006771
0 0.432250 0.376823 0.002500 0.009896
0 0.429875 0.376823 0.002750 0.009896
0 0.427125 0.388542 0.003750 0.008333
0 0.423125 0.383073 0.004250 0.009896
0 0.428625 0.347135 0.004750 0.009896
0 0.414500 0.358073 0.004000 0.008854
0 0.416250 0.355208 0.004500 0.008333
0 0.405250 0.365625 0.005000 0.010417
0 0.408500 0.360417 0.004500 0.010417
0 0.404750 0.353906 0.005000 0.008854
0 0.414375 0.375260 0.002750 0.007812
0 0.416625 0.372396 0.005750 0.010417
0 0.396750 0.351302 0.003000 0.010937
0 0.399125 0.353906 0.003250 0.006771
0 0.399375 0.350000 0.003250 0.008333
0 0.386125 0.344792 0.004250 0.007292
0 0.381750 0.341146 0.004500 0.006250
0 0.382500 0.339323 0.005000 0.007812
0 0.384000 0.337760 0.004500 0.008854
0 0.378875 0.311458 0.002750 0.010417
0 0.375750 0.322656 0.005000 0.007812
0 0.370625 0.326823 0.004250 0.010937
0 0.377000 0.336198 0.002500 0.004687
0 0.375375 0.335938 0.003750 0.008333
0 0.373625 0.313542 0.004750 0.006250
0 0.373875 0.309635 0.003250 0.005729
0 0.355250 0.284115 0.004500 0.007812
0 0.356125 0.301302 0.005750 0.010937
0 0.327500 0.229687 0.005000 0.011458
0 0.328875 0.243229 0.005750 0.008333
0 0.328875 0.255469 0.005250 0.009896
0 0.320750 0.252865 0.006000 0.008854
0 0.311875 0.242188 0.004750 0.009375
0 0.296625 0.247917 0.005250 0.012500
0 0.307125 0.223177 0.003750 0.004687
0 0.308375 0.230729 0.004750 0.009375
0 0.296875 0.211719 0.005250 0.011979
0 0.283500 0.225260 0.005500 0.011979
0 0.260625 0.212500 0.004250 0.013542
0 0.273500 0.199219 0.005000 0.006771
0 0.274625 0.197396 0.004750 0.007292
0 0.283750 0.171875 0.005500 0.008333
0 0.259125 0.175000 0.005750 0.010417
0 0.252500 0.196875 0.004000 0.009375
0 0.250000 0.185417 0.003000 0.007292
0 0.249875 0.192188 0.004750 0.009375
0 0.229375 0.176823 0.006250 0.011979
0 0.269000 0.272656 0.004000 0.011979
0 0.275375 0.317188 0.007750 0.008333
0 0.297125 0.351562 0.004750 0.010417
0 0.315000 0.341146 0.005500 0.010417
0 0.311250 0.315625 0.003500 0.010417
0 0.321500 0.320052 0.006000 0.007812
0 0.320875 0.311719 0.005250 0.007812
0 0.312875 0.312500 0.003250 0.006250
0 0.314750 0.310417 0.003000 0.006250
0 0.316250 0.308594 0.003500 0.010937
0 0.323750 0.308333 0.004000 0.010417
0 0.325875 0.308073 0.002750 0.007812
0 0.333875 0.333073 0.005250 0.008854
0 0.328625 0.347396 0.004750 0.008333
0 0.335125 0.364323 0.006250 0.009896
0 0.357000 0.378125 0.006000 0.006250
0 0.356750 0.372656 0.005500 0.005729
0 0.350625 0.374740 0.003750 0.005729
0 0.351250 0.371875 0.005000 0.007292
0 0.353250 0.367448 0.003500 0.007812
0 0.354375 0.363281 0.004250 0.009896
0 0.357875 0.365365 0.005250 0.009896
0 0.358250 0.363021 0.004500 0.006250
0 0.385500 0.375260 0.004500 0.004687
0 0.386375 0.371875 0.004750 0.008333
0 0.369500 0.351302 0.005000 0.009896
0 0.358375 0.346094 0.004750 0.005729
0 0.359375 0.344010 0.005250 0.006771
0 0.354250 0.332813 0.004500 0.008333
0 0.352375 0.336979 0.003250 0.008333
0 0.351000 0.341667 0.005000 0.007292
0 0.345625 0.334635 0.002250 0.007812
0 0.347125 0.341927 0.004250 0.006771
0 0.347000 0.346615 0.005500 0.004687
0 0.346750 0.349219 0.004000 0.003646
0 0.350375 0.353646 0.004250 0.007292
0 0.331875 0.320312 0.002250 0.011458
0 0.333750 0.325000 0.003500 0.009375
0 0.430000 0.427344 0.003000 0.009896
0 0.421625 0.435417 0.005750 0.006250
0 0.431000 0.415365 0.003500 0.007812
0 0.432125 0.413021 0.004250 0.009375
0 0.455750 0.479167 0.006000 0.007292
0 0.474000 0.459375 0.003500 0.011458
0 0.478125 0.462500 0.002250 0.007292
0 0.479000 0.461198 0.004000 0.006771
0 0.410875 0.348438 0.002250 0.009375
0 0.407375 0.346354 0.004750 0.006250
0 0.522000 0.453906 0.004000 0.010937
0 0.511750 0.436979 0.003000 0.012500
0 0.514375 0.432812 0.002750 0.010417
0 0.506875 0.422917 0.005750 0.005208
0 0.505750 0.416927 0.003000 0.008854
0 0.502125 0.414583 0.004750 0.008333
0 0.493000 0.396094 0.004000 0.011979
0 0.483875 0.396354 0.002750 0.008333
0 0.481125 0.393750 0.002750 0.006250
0 0.474500 0.351823 0.006000 0.006771
0 0.477500 0.345573 0.004000 0.007812
0 0.467125 0.345833 0.004750 0.006250
0 0.467875 0.342448 0.004750 0.005729
0 0.449625 0.347917 0.003250 0.008333
0 0.447125 0.332292 0.002750 0.007292
0 0.445750 0.325260 0.004500 0.006771
0 0.439000 0.321615 0.004500 0.008854
0 0.436500 0.311979 0.003500 0.007292
0 0.420250 0.291667 0.005000 0.011458
0 0.390125 0.235677 0.004750 0.004687
0 0.390000 0.232292 0.005000 0.005208
0 0.376250 0.213021 0.005500 0.007292
0 0.358375 0.206250 0.003750 0.006250
0 0.352000 0.199479 0.005000 0.008333
0 0.361000 0.196615 0.002500 0.011979
0 0.355250 0.184896 0.003500 0.009375
0 0.363750 0.194792 0.002500 0.007292
0 0.366250 0.195573 0.003500 0.007812
0 0.329375 0.146875 0.002250 0.009375
0 0.332125 0.150781 0.002250 0.008854
0 0.325375 0.133333 0.006250 0.011458
0 0.331000 0.128385 0.006000 0.013021
0 0.297625 0.092708 0.006250 0.011458
0 0.299125 0.084896 0.004750 0.009375
0 0.295750 0.076563 0.002500 0.010417
0 0.294125 0.076302 0.002250 0.008854
0 0.280125 0.065625 0.002250 0.008333
0 0.278375 0.064323 0.003250 0.010937
0 0.277125 0.039583 0.005750 0.010417
0 0.274000 0.041667 0.004500 0.011458
0 0.289000 0.038802 0.004500 0.007812
0 0.285750 0.037500 0.003500 0.008333
0 0.293125 0.053385 0.004250 0.008854
0 0.302250 0.064844 0.007000 0.010937
0 0.312875 0.082292 0.006250 0.011458
0 0.324750 0.088542 0.006000 0.010417
0 0.329375 0.086979 0.003750 0.007292
0 0.330375 0.083854 0.005250 0.010417
0 0.347875 0.121875 0.005250 0.009375
0 0.350375 0.129427 0.005250 0.006771
0 0.354000 0.129427 0.004500 0.009896
0 0.351000 0.134635 0.006000 0.008854
0 0.348375 0.139844 0.004750 0.008854
0 0.347500 0.133854 0.005000 0.010417
0 0.350125 0.151302 0.005750 0.009896
0 0.352750 0.146354 0.004500 0.010417
0 0.357750 0.151562 0.005000 0.008333
0 0.357875 0.147396 0.005250 0.006250
0 0.361375 0.162500 0.004750 0.011458
0 0.375125 0.157031 0.004750 0.005729
0 0.360125 0.175521 0.005750 0.006250
0 0.360375 0.173177 0.005250 0.006771
0 0.373875 0.189844 0.005750 0.010937
0 0.382875 0.188802 0.004250 0.010937
0 0.387000 0.180729 0.004000 0.010417
0 0.392625 0.193229 0.006750 0.007292
0 0.372625 0.202344 0.004750 0.010937
0 0.393375 0.208073 0.005750 0.009896
0 0.411500 0.229948 0.006000 0.010937
0 0.412250 0.242188 0.005500 0.009375
0 0.419375 0.241927 0.006750 0.008854
0 0.420875 0.249219 0.005250 0.008854
0 0.400500 0.236979 0.004500 0.005208
0 0.395250 0.230469 0.004000 0.005729
0 0.425875 0.260156 0.003750 0.007812
0 0.426125 0.255208 0.005750 0.006250
0 0.427875 0.272135 0.003750 0.006771
0 0.499125 0.373177 0.004750 0.010937
0 0.500625 0.360677 0.002750 0.010937
0 0.496875 0.356771 0.004250 0.008333
0 0.474625 0.321354 0.003750 0.011458
0 0.474125 0.310156 0.003250 0.010937
0 0.470000 0.315365 0.005000 0.013021
0 0.468125 0.286458 0.005750 0.005208
0 0.468125 0.282813 0.005250 0.005208
0 0.453375 0.282031 0.005250 0.010937
0 0.466375 0.272656 0.005250 0.005729
0 0.466000 0.269010 0.005500 0.004687
0 0.462625 0.245312 0.006750 0.007292
0 0.467375 0.327865 0.004250 0.007812
0 0.459500 0.326562 0.003500 0.009375
0 0.456500 0.321615 0.005000 0.007812
0 0.461000 0.318490 0.004000 0.006771
0 0.460625 0.312760 0.003250 0.006771
0 0.456125 0.304948 0.004250 0.007812
0 0.454500 0.310417 0.004500 0.007292
0 0.444875 0.296875 0.002750 0.007292
0 0.448375 0.300521 0.004750 0.009375
0 0.441500 0.292448 0.004500 0.009896
0 0.437250 0.287240 0.004500 0.009896
0 0.432500 0.279948 0.005500 0.008854
0 0.431750 0.272917 0.004000 0.007292
0 0.434375 0.272135 0.004250 0.008854
0 0.436125 0.280208 0.002250 0.007292
0 0.438875 0.281250 0.003750 0.009375
0 0.415750 0.272917 0.003500 0.006250
0 0.423500 0.272135 0.005500 0.005729
0 0.423500 0.267188 0.005000 0.004167
0 0.420000 0.265104 0.003000 0.004167
0 0.417750 0.260937 0.005000 0.008333
0 0.414750 0.259635 0.005000 0.007812
0 0.415875 0.253906 0.004250 0.007812
0 0.412375 0.253125 0.003750 0.006250
0 0.409125 0.248438 0.002750 0.007292
0 0.387000 0.218490 0.004500 0.008854
0 0.389125 0.226302 0.003250 0.007812
0 0.380250 0.144271 0.005000 0.013542
0 0.382625 0.138542 0.005250 0.011458
0 0.385125 0.130208 0.005750 0.012500
0 0.395125 0.107031 0.005750 0.009896
0 0.396750 0.100521 0.005500 0.007292
0 0.391375 0.167448 0.006250 0.010937
0 0.394750 0.157292 0.006000 0.008333
0 0.402500 0.188281 0.005000 0.006771
0 0.403000 0.182292 0.006500 0.007292
0 0.409375 0.168229 0.007250 0.009375
0 0.414250 0.154167 0.005000 0.009375
0 0.428125 0.146094 0.005750 0.013021
0 0.423625 0.178385 0.006250 0.009896
0 0.411500 0.201823 0.004000 0.006771
0 0.412375 0.198698 0.005250 0.007812
0 0.426375 0.193490 0.004750 0.008854
0 0.427750 0.191927 0.003500 0.006771
0 0.427250 0.213542 0.005500 0.012500
0 0.421750 0.225000 0.002500 0.011458
0 0.425250 0.228646 0.004500 0.006250
0 0.425375 0.224740 0.004750 0.005729
0 0.433750 0.229948 0.003500 0.014063
0 0.442125 0.203125 0.006750 0.009375
0 0.552750 0.407812 0.006000 0.010417
0 0.557750 0.366927 0.004500 0.009896
0 0.559625 0.365104 0.003750 0.008333
0 0.548750 0.347396 0.004000 0.008333
0 0.553125 0.364063 0.003250 0.009375
0 0.552750 0.357031 0.005000 0.008854
0 0.548125 0.369792 0.003750 0.004167
0 0.548625 0.373177 0.003750 0.003646
0 0.553750 0.372135 0.003000 0.005729
0 0.546500 0.364844 0.003500 0.008854
0 0.548875 0.358854 0.002750 0.007292
0 0.550250 0.364063 0.003000 0.004167
0 0.544250 0.312240 0.004000 0.008854
0 0.543250 0.305729 0.004000 0.004167
0 0.667375 0.229427 0.003750 0.008854
0 0.642125 0.279687 0.003250 0.011458
0 0.665625 0.067187 0.004250 0.009375
0 0.092750 0.076563 0.010000 0.018750
