0 0.105375 0.006510 0.004250 0.013021
0 0.115000 0.009375 0.005500 0.016667
0 0.065750 0.152083 0.006000 0.013542
0 0.064875 0.203906 0.004750 0.013021
0 0.038875 0.273958 0.006750 0.015625
0 0.161625 0.241667 0.008750 0.015625
0 0.131875 0.403646 0.007250 0.012500
0 0.218875 0.466667 0.007250 0.008333
0 0.229000 0.519531 0.008000 0.007812
0 0.239250 0.486979 0.007500 0.010417
0 0.243625 0.506771 0.006250 0.011458
0 0.247125 0.517448 0.005250 0.010937
0 0.251500 0.557813 0.006500 0.011458
0 0.271875 0.616927 0.006750 0.015104
0 0.323875 0.587240 0.005750 0.014063
0 0.316750 0.529687 0.004500 0.014583
0 0.321875 0.516406 0.006750 0.007812
0 0.322500 0.509375 0.007000 0.007292
0 0.321750 0.468490 0.004000 0.009896
0 0.323500 0.467187 0.004500 0.013542
0 0.322250 0.412240 0.004500 0.008854
0 0.323500 0.410417 0.005000 0.011458
0 0.325250 0.405208 0.006500 0.006250
0 0.324125 0.397917 0.006750 0.009375
0 0.318875 0.391927 0.005250 0.010937
0 0.327125 0.364583 0.005750 0.010417
0 0.320500 0.332552 0.004000 0.016146
0 0.326125 0.302083 0.005750 0.012500
0 0.306625 0.292187 0.007750 0.013542
0 0.304875 0.278646 0.005750 0.009375
0 0.299500 0.271094 0.005000 0.013021
0 0.307000 0.270052 0.007000 0.007812
0 0.299250 0.259635 0.006000 0.011979
0 0.315125 0.250000 0.006250 0.009375
0 0.313000 0.241406 0.007500 0.007812
0 0.322250 0.233854 0.005000 0.009375
0 0.307875 0.221875 0.003750 0.014583
0 0.302250 0.212240 0.004000 0.015104
0 0.320125 0.214323 0.003750 0.014063
0 0.323250 0.216667 0.003000 0.015625
0 0.326125 0.218229 0.004750 0.009375
0 0.327625 0.188542 0.004750 0.011458
0 0.315000 0.180208 0.004500 0.012500
0 0.311750 0.178646 0.003000 0.013542
0 0.309500 0.172396 0.003500 0.013542
0 0.332875 0.084115 0.005750 0.010937
0 0.364000 0.059896 0.006000 0.014583
0 0.381125 0.031510 0.004250 0.016146
0 0.382500 0.086458 0.004500 0.016667
0 0.336625 0.119792 0.003750 0.013542
0 0.335500 0.146354 0.003500 0.014583
0 0.333000 0.209115 0.002500 0.011979
0 0.332375 0.237500 0.003250 0.011458
0 0.332375 0.322656 0.003750 0.006771
0 0.332250 0.329167 0.003500 0.006250
0 0.332000 0.338021 0.003000 0.011458
0 0.332625 0.385417 0.003250 0.012500
0 0.333500 0.522135 0.003500 0.007812
0 0.442375 0.419010 0.005750 0.013021
0 0.443750 0.397135 0.007000 0.006771
0 0.431750 0.395573 0.006500 0.008854
0 0.428875 0.388802 0.007250 0.008854
0 0.439250 0.382552 0.006000 0.010937
0 0.441875 0.384115 0.002250 0.010937
0 0.443750 0.388802 0.006000 0.009896
0 0.447625 0.372656 0.006750 0.006771
0 0.441250 0.367448 0.004500 0.011979
0 0.455125 0.392708 0.006750 0.009375
0 0.456000 0.379948 0.007000 0.007812
0 0.464625 0.368229 0.006250 0.010417
0 0.459125 0.349740 0.003750 0.014063
0 0.549625 0.108333 0.004250 0.014583
0 0.518500 0.128385 0.004000 0.014063
0 0.523000 0.141927 0.005000 0.011979
0 0.523500 0.153385 0.003500 0.011979
0 0.525500 0.170313 0.005000 0.008333
0 0.521625 0.166146 0.003250 0.014583
0 0.518500 0.171094 0.004000 0.015104
0 0.513125 0.176563 0.004250 0.013542
0 0.511375 0.186979 0.005250 0.007292
0 0.513625 0.203646 0.003750 0.013542
0 0.510125 0.218490 0.006750 0.009896
0 0.513625 0.232813 0.004250 0.014583
0 0.502875 0.242448 0.004250 0.007812
0 0.499125 0.248177 0.005750 0.009896
0 0.499125 0.235677 0.005750 0.010937
0 0.488000 0.274479 0.006000 0.010417
0 0.494750 0.276042 0.005000 0.011458
0 0.495750 0.288542 0.006500 0.009375
0 0.484125 0.299219 0.006250 0.009896
0 0.479000 0.288542 0.006500 0.009375
0 0.481125 0.276823 0.003250 0.011979
0 0.482000 0.266406 0.002500 0.007812
0 0.480375 0.259896 0.005750 0.006250
0 0.477000 0.255469 0.004000 0.011979
0 0.464625 0.299479 0.005750 0.008333
0 0.469875 0.297396 0.004250 0.010417
0 0.464500 0.311979 0.007500 0.008333
0 0.480375 0.326042 0.003250 0.014583
0 0.476625 0.320312 0.004750 0.011458
0 0.474125 0.325781 0.007250 0.006771
0 0.468125 0.329948 0.005750 0.010937
0 0.469250 0.339062 0.006000 0.009375
0 0.475000 0.334635 0.005000 0.011979
0 0.466000 0.344792 0.005000 0.009375
0 0.464000 0.343490 0.005500 0.006771
0 0.454250 0.420833 0.004000 0.007292
0 0.482875 0.344792 0.003750 0.011458
0 0.479750 0.362760 0.003000 0.011979
0 0.461875 0.403906 0.004250 0.007812
0 0.489250 0.332552 0.003500 0.010937
0 0.491375 0.322135 0.003250 0.009896
0 0.501875 0.288802 0.004250 0.010937
0 0.510250 0.268229 0.005500 0.011458
0 0.506125 0.288542 0.004250 0.009375
0 0.508250 0.280469 0.003500 0.009896
0 0.515500 0.255208 0.005000 0.012500
0 0.520125 0.237760 0.004250 0.013021
0 0.526375 0.218490 0.005750 0.013021
0 0.532500 0.198958 0.005000 0.012500
0 0.546000 0.152083 0.005000 0.013542
0 0.410250 0.677344 0.008500 0.011979
0 0.415000 0.647917 0.004000 0.012500
0 0.421500 0.652604 0.004000 0.015625
0 0.431000 0.647135 0.007000 0.014063
0 0.518875 0.602865 0.007250 0.009896
0 0.527000 0.584115 0.004500 0.008854
0 0.538500 0.571615 0.006000 0.010937
0 0.543000 0.567708 0.003500 0.011458
0 0.550000 0.557292 0.005500 0.009375
0 0.554375 0.539844 0.006750 0.007812
0 0.550250 0.532552 0.004500 0.013021
0 0.538125 0.535156 0.006250 0.013021
0 0.535125 0.519010 0.007750 0.009896
0 0.571000 0.540104 0.007000 0.011458
0 0.590125 0.525521 0.006750 0.009375
0 0.597000 0.513281 0.006000 0.011979
0 0.613375 0.496615 0.006750 0.008854
0 0.677250 0.444010 0.006500 0.009896
0 0.672125 0.459375 0.006750 0.007292
0 0.682750 0.435417 0.006500 0.008333
0 0.652375 0.360938 0.006250 0.014583
0 0.653375 0.372396 0.006250 0.011458
0 0.652375 0.383073 0.004250 0.011979
0 0.653875 0.392448 0.005750 0.008854
0 0.649375 0.396094 0.003250 0.014063
0 0.646125 0.446875 0.007250 0.011458
0 0.608750 0.433854 0.007000 0.011458
0 0.603000 0.442708 0.006000 0.012500
0 0.597000 0.446875 0.007500 0.009375
0 0.600375 0.478646 0.003750 0.015625
0 0.591250 0.465365 0.005500 0.010937
0 0.586500 0.475521 0.005000 0.013542
0 0.589625 0.485417 0.005250 0.012500
0 0.573125 0.466146 0.005750 0.009375
0 0.570875 0.469531 0.004250 0.011979
0 0.574625 0.481250 0.005250 0.010417
0 0.573625 0.477083 0.004750 0.011458
0 0.569375 0.479948 0.004750 0.006771
0 0.569125 0.484375 0.006750 0.007292
0 0.566375 0.487240 0.006750 0.005729
0 0.556625 0.465625 0.005750 0.009375
0 0.481750 0.750000 0.005500 0.010417
0 0.483125 0.747135 0.004750 0.008854
0 0.485000 0.715365 0.007000 0.007812
0 0.501125 0.716406 0.005750 0.008854
0 0.485500 0.724219 0.005500 0.005729
0 0.483500 0.727604 0.006000 0.005208
0 0.488625 0.721094 0.005250 0.005729
0 0.525125 0.700521 0.007250 0.008333
0 0.514500 0.740885 0.007000 0.008854
0 0.515375 0.754687 0.005250 0.011458
0 0.537500 0.723698 0.006500 0.009896
0 0.547875 0.684635 0.006250 0.010937
0 0.540375 0.675521 0.004250 0.009375
0 0.540750 0.666927 0.006000 0.009896
0 0.555625 0.675260 0.003750 0.011979
0 0.562000 0.676562 0.007500 0.009375
0 0.563500 0.632552 0.007500 0.007812
0 0.588875 0.652083 0.006750 0.009375
0 0.617125 0.690885 0.006750 0.008854
0 0.612750 0.671615 0.005500 0.008854
0 0.612750 0.665885 0.005500 0.006771
0 0.627125 0.663021 0.004750 0.006250
0 0.623375 0.658854 0.004250 0.013542
0 0.629875 0.653646 0.004750 0.007292
0 0.632375 0.645312 0.005250 0.003125
0 0.638875 0.637240 0.003250 0.010937
0 0.631750 0.628385 0.005500 0.008854
0 0.638125 0.619271 0.004750 0.008333
0 0.639500 0.617448 0.003500 0.006771
0 0.640250 0.627344 0.006500 0.007812
0 0.635500 0.647396 0.004000 0.008333
0 0.416875 0.872396 0.006250 0.010417
0 0.625750 0.894010 0.008000 0.011979
0 0.787625 0.890625 0.006750 0.009375
0 0.743875 0.725000 0.003750 0.008333
0 0.930250 0.621354 0.005500 0.009375
