0 0.481125 0.358333 0.010250 0.020833
0 0.468875 0.379688 0.005750 0.016667
0 0.457875 0.390104 0.007750 0.018750
0 0.468125 0.425260 0.010750 0.023438
0 0.450625 0.434635 0.010750 0.019271
0 0.441500 0.455208 0.009000 0.013542
0 0.436500 0.469010 0.007500 0.014063
0 0.580125 0.486979 0.011750 0.019792
0 0.553750 0.550781 0.009500 0.017188
0 0.520750 0.562760 0.009000 0.013021
0 0.511500 0.602865 0.015000 0.017188
0 0.421000 0.585938 0.010000 0.017708
0 0.412750 0.497135 0.008500 0.016146
0 0.381250 0.459896 0.007000 0.010417
0 0.387875 0.438802 0.010750 0.022396
0 0.396375 0.343750 0.009250 0.019792
0 0.383375 0.265885 0.011750 0.027604
