0 0.431875 0.798177 0.008250 0.010937
0 0.348500 0.784896 0.009000 0.018750
0 0.350875 0.556250 0.004750 0.012500
0 0.350250 0.555990 0.006000 0.015104
0 0.332875 0.409375 0.004750 0.007292
0 0.313250 0.413802 0.004500 0.010937
0 0.331625 0.340625 0.004750 0.011458
0 0.303875 0.406510 0.005250 0.006771
0 0.424500 0.482812 0.007500 0.007292
0 0.424250 0.476823 0.007000 0.006771
0 0.402625 0.362240 0.006750 0.008854
0 0.403750 0.357812 0.005500 0.009375
0 0.393250 0.320833 0.005500 0.010417
0 0.391500 0.312760 0.005500 0.007812
0 0.366500 0.317969 0.005000 0.013021
0 0.374375 0.308854 0.005250 0.012500
0 0.374000 0.309375 0.005500 0.013542
0 0.373000 0.301563 0.005500 0.012500
0 0.373125 0.302083 0.007250 0.011458
0 0.360375 0.275521 0.005250 0.013542
0 0.364000 0.219792 0.007000 0.009375
0 0.366625 0.189844 0.005750 0.007812
0 0.316375 0.047656 0.004250 0.014063
0 0.312875 0.031771 0.003750 0.011458
0 0.316500 0.025521 0.004500 0.012500
0 0.356375 0.108594 0.007250 0.017188
0 0.356250 0.107812 0.008000 0.013542
0 0.518375 0.418229 0.003750 0.010417
0 0.516375 0.421875 0.003250 0.008333
0 0.511625 0.359375 0.003750 0.012500
0 0.493250 0.352083 0.004000 0.009375
0 0.495750 0.344792 0.003000 0.013542
0 0.501875 0.314844 0.006750 0.017188
0 0.496875 0.297135 0.003250 0.013021
0 0.549250 0.285417 0.007000 0.013542
0 0.546625 0.148698 0.006750 0.013021
0 0.544625 0.679167 0.003250 0.015625
0 0.541875 0.680469 0.003250 0.016146
0 0.535375 0.670052 0.005250 0.010937
0 0.537750 0.658854 0.006000 0.010417
0 0.574375 0.571354 0.006250 0.012500
0 0.579750 0.556510 0.006000 0.013021
0 0.579875 0.543750 0.005750 0.014583
0 0.601125 0.554427 0.005750 0.007812
0 0.601500 0.546354 0.006500 0.009375
0 0.614375 0.584115 0.006250 0.010937
0 0.589750 0.546615 0.005500 0.006771
0 0.587125 0.549219 0.004250 0.017188
0 0.595250 0.532031 0.006500 0.006771
0 0.595875 0.527604 0.004750 0.006250
0 0.587375 0.497917 0.005250 0.011458
0 0.588375 0.489583 0.004250 0.008333
0 0.584875 0.505990 0.003250 0.008854
0 0.624500 0.419271 0.005500 0.012500
0 0.620500 0.387500 0.008000 0.016667
0 0.620500 0.387240 0.007500 0.011979
0 0.618625 0.382292 0.005250 0.008333
0 0.624750 0.339323 0.006000 0.010937
0 0.634125 0.374479 0.004750 0.009375
0 0.648625 0.362500 0.004750 0.015625
0 0.661375 0.326302 0.005250 0.011979
0 0.645625 0.301042 0.007750 0.009375
0 0.690500 0.326823 0.005000 0.013021
0 0.656750 0.460417 0.005000 0.012500
0 0.650750 0.456771 0.005500 0.012500
0 0.638875 0.514062 0.005250 0.015625
0 0.631875 0.515104 0.007250 0.011458
0 0.620125 0.496094 0.003250 0.015104
0 0.622500 0.494271 0.002500 0.013542
0 0.572500 0.297917 0.004000 0.009375
0 0.584000 0.754167 0.004500 0.015625
0 0.597375 0.715885 0.005250 0.015104
0 0.646250 0.690625 0.006500 0.010417
0 0.603375 0.470573 0.006250 0.008854
0 0.094625 0.768229 0.006250 0.014583
0 0.139625 0.852083 0.006250 0.011458
0 0.131875 0.533594 0.007750 0.008854
