0 0.094875 0.154948 0.003750 0.009896
0 0.116750 0.126562 0.003500 0.008333
0 0.130625 0.136979 0.004750 0.008333
0 0.140125 0.119531 0.003750 0.013021
0 0.163000 0.049740 0.005500 0.008854
0 0.155375 0.087500 0.004250 0.007292
0 0.397750 0.095833 0.005500 0.009375
0 0.410250 0.022656 0.003000 0.006771
0 0.563250 0.077604 0.004000 0.011458
0 0.538125 0.215365 0.003250 0.006771
0 0.522750 0.220833 0.003500 0.007292
0 0.597125 0.253906 0.006250 0.006771
0 0.591250 0.260156 0.006000 0.008854
0 0.593000 0.267969 0.006500 0.009896
0 0.587125 0.272656 0.004750 0.013021
0 0.593125 0.290625 0.004250 0.015625
0 0.589500 0.280469 0.004500 0.015104
0 0.574000 0.296354 0.009000 0.017708
0 0.527000 0.281250 0.004000 0.008333
0 0.532625 0.312240 0.004250 0.008854
0 0.551000 0.313802 0.007000 0.009896
0 0.562000 0.327344 0.005000 0.016146
0 0.555500 0.341667 0.005500 0.015625
0 0.544000 0.334635 0.005500 0.011979
0 0.561875 0.362240 0.003750 0.014063
0 0.568750 0.364323 0.006000 0.009896
0 0.549375 0.380990 0.006750 0.010937
0 0.546125 0.403906 0.005250 0.016146
0 0.538375 0.430208 0.005250 0.015625
0 0.512500 0.412760 0.007000 0.013021
0 0.513875 0.483594 0.005250 0.015104
0 0.509875 0.493750 0.004750 0.012500
0 0.498125 0.486458 0.007250 0.010417
0 0.368125 0.501563 0.007250 0.011458
0 0.395500 0.503906 0.006500 0.009896
0 0.409250 0.587240 0.007500 0.009896
0 0.429500 0.560417 0.006000 0.009375
0 0.429375 0.555990 0.005250 0.005729
0 0.433500 0.426042 0.004000 0.012500
0 0.460125 0.462760 0.006250 0.014063
0 0.472375 0.470573 0.005250 0.010937
0 0.470500 0.466406 0.005500 0.007812
0 0.490250 0.368490 0.003500 0.009896
0 0.492875 0.355469 0.003750 0.010937
0 0.548500 0.344010 0.003500 0.008854
0 0.547500 0.340365 0.006000 0.007812
0 0.573375 0.346354 0.004250 0.010417
0 0.570750 0.344531 0.005000 0.009896
0 0.569875 0.339844 0.004750 0.010937
0 0.651500 0.402604 0.005500 0.008333
0 0.641750 0.396615 0.004000 0.014063
0 0.630875 0.392969 0.006750 0.009896
0 0.617375 0.386198 0.005250 0.011979
0 0.614875 0.452865 0.003250 0.011979
0 0.588000 0.488281 0.004500 0.009896
0 0.605750 0.498437 0.005500 0.009375
0 0.607625 0.534896 0.005750 0.010417
0 0.616500 0.629427 0.005500 0.014063
0 0.583625 0.762500 0.006750 0.010417
0 0.611625 0.725260 0.006250 0.010937
0 0.564750 0.722656 0.002500 0.015104
0 0.562125 0.722135 0.002750 0.014063
0 0.515875 0.688542 0.004250 0.012500
0 0.500750 0.833333 0.005500 0.009375
0 0.507625 0.801562 0.004250 0.010417
0 0.483125 0.995573 0.005250 0.007812
0 0.543750 0.971875 0.004500 0.013542
0 0.625000 0.412760 0.004000 0.011979
0 0.623625 0.410417 0.003250 0.009375
0 0.661125 0.334896 0.002750 0.012500
0 0.658375 0.357031 0.004250 0.008854
0 0.669250 0.373437 0.005500 0.010417
0 0.682625 0.432292 0.006250 0.015625
0 0.669750 0.393490 0.003000 0.008854
0 0.667750 0.392188 0.004500 0.011458
0 0.670875 0.471875 0.007750 0.012500
0 0.664000 0.482812 0.004500 0.013542
0 0.653625 0.488542 0.003750 0.011458
0 0.651750 0.505469 0.004000 0.013021
0 0.648875 0.506250 0.002750 0.014583
0 0.664375 0.504687 0.006250 0.012500
0 0.671250 0.499740 0.006000 0.011979
0 0.678750 0.497396 0.005000 0.013542
0 0.641000 0.561458 0.003500 0.012500
0 0.641750 0.575260 0.004000 0.015104
0 0.642125 0.552344 0.002750 0.005729
0 0.643125 0.545312 0.002750 0.008333
0 0.666000 0.570573 0.008000 0.009896
0 0.662750 0.590104 0.006000 0.009375
0 0.668750 0.601823 0.004500 0.015104
0 0.626250 0.673177 0.004000 0.011979
0 0.625625 0.685677 0.003250 0.010937
0 0.624500 0.700260 0.003500 0.007812
0 0.644500 0.672656 0.004000 0.013021
0 0.640000 0.662500 0.006000 0.011458
0 0.631750 0.661458 0.004000 0.013542
0 0.635125 0.669531 0.003750 0.007812
0 0.614750 0.956771 0.005000 0.012500
0 0.663500 0.883073 0.005500 0.014063
0 0.696250 0.720052 0.008500 0.014063
0 0.695000 0.689844 0.006000 0.011979
0 0.701625 0.297656 0.004250 0.007812
0 0.705750 0.296094 0.004000 0.006771
0 0.705875 0.309115 0.006750 0.007812
0 0.716125 0.329948 0.007750 0.008854
0 0.718250 0.343229 0.007000 0.009375
0 0.732000 0.326562 0.004000 0.011458
0 0.736750 0.347135 0.003500 0.009896
0 0.738625 0.345052 0.003750 0.008854
0 0.725000 0.361458 0.005000 0.009375
0 0.723875 0.368229 0.002250 0.010417
0 0.727000 0.370052 0.003500 0.009896
0 0.732875 0.378906 0.005250 0.006771
0 0.732250 0.371875 0.005500 0.007292
0 0.747125 0.390625 0.004250 0.012500
0 0.725875 0.317708 0.002250 0.011458
0 0.727875 0.316406 0.002750 0.009896
0 0.767000 0.407292 0.004000 0.009375
0 0.762500 0.406250 0.003500 0.010417
0 0.741750 0.429427 0.006000 0.008854
0 0.744250 0.422656 0.003500 0.009896
0 0.763375 0.444010 0.004250 0.010937
0 0.791375 0.442708 0.004750 0.012500
0 0.784875 0.489323 0.004750 0.011979
0 0.778250 0.478125 0.004500 0.011458
0 0.762250 0.465885 0.005000 0.005729
0 0.762375 0.460938 0.006250 0.006250
0 0.767875 0.511198 0.007250 0.008854
0 0.780125 0.534115 0.006750 0.008854
0 0.742875 0.218490 0.005250 0.011979
0 0.761625 0.204948 0.003750 0.011979
0 0.753625 0.231510 0.003250 0.008854
0 0.759250 0.229687 0.004000 0.009375
0 0.758250 0.236458 0.004000 0.006250
0 0.760250 0.241146 0.006000 0.006250
0 0.775125 0.241146 0.004750 0.012500
0 0.787125 0.252083 0.002750 0.010417
0 0.792375 0.249479 0.005250 0.011458
0 0.779375 0.273177 0.005250 0.010937
0 0.786375 0.269271 0.004250 0.011458
0 0.790250 0.267969 0.003500 0.009896
0 0.801000 0.277604 0.003500 0.012500
0 0.816375 0.304427 0.004250 0.008854
0 0.817500 0.295573 0.004000 0.013021
