0 0.363542 0.598250 0.012500 0.004000
0 0.235156 0.551625 0.008854 0.005250
0 0.174740 0.529500 0.011979 0.004500
0 0.069271 0.514625 0.011458 0.005250
0 0.440365 0.571750 0.006771 0.004000
0 0.449219 0.572250 0.010937 0.005500
0 0.417969 0.529750 0.008854 0.007000
0 0.377344 0.497250 0.009896 0.004000
0 0.377083 0.501750 0.009375 0.005500
0 0.370573 0.500000 0.006771 0.007000
0 0.342187 0.469750 0.006250 0.006000
0 0.348438 0.469625 0.007292 0.005750
0 0.298958 0.347250 0.011458 0.004500
0 0.590625 0.515500 0.007292 0.007000
0 0.586719 0.485875 0.013021 0.004250
0 0.611198 0.483375 0.009896 0.004250
0 0.617448 0.481250 0.010937 0.007500
0 0.616406 0.440625 0.010937 0.005750
0 0.636458 0.417125 0.008333 0.005250
0 0.604167 0.411875 0.012500 0.006750
0 0.738021 0.584125 0.014583 0.003750
0 0.802083 0.574250 0.015625 0.003500
0 0.753385 0.662250 0.010937 0.004000
0 0.743229 0.662000 0.009375 0.006000
0 0.728125 0.660500 0.009375 0.004500
0 0.729948 0.658750 0.011979 0.005000
0 0.894010 0.697875 0.009896 0.003750
0 0.916667 0.691500 0.012500 0.005000
0 0.366146 0.512750 0.006250 0.005000
0 0.315625 0.582875 0.006250 0.003750
