0 0.318875 0.222917 0.006250 0.022917
0 0.317625 0.248958 0.012250 0.023958
0 0.316500 0.251823 0.010000 0.025521
0 0.382750 0.242708 0.014000 0.030208
0 0.383625 0.237500 0.008750 0.031250
0 0.435250 0.112240 0.009000 0.026562
0 0.556500 0.211979 0.014500 0.019792
0 0.562000 0.233333 0.010000 0.018750
0 0.548625 0.248958 0.008750 0.021875
0 0.500000 0.297396 0.015000 0.029167
0 0.498125 0.300521 0.013250 0.020833
0 0.534250 0.408854 0.010000 0.017708
0 0.544000 0.456250 0.009000 0.016667
0 0.542500 0.456250 0.007500 0.015625
0 0.542875 0.480990 0.010250 0.020313
0 0.541625 0.480729 0.009250 0.016667
0 0.542750 0.481771 0.010000 0.015625
0 0.589000 0.516406 0.009500 0.011979
0 0.509000 0.454687 0.007500 0.014583
0 0.520625 0.499479 0.008250 0.017708
0 0.525125 0.492188 0.006250 0.013542
0 0.523875 0.491406 0.005250 0.016146
0 0.510625 0.535937 0.003750 0.014583
0 0.530625 0.521615 0.008250 0.014063
0 0.481000 0.476302 0.010000 0.020313
0 0.486125 0.500521 0.004750 0.009375
0 0.481250 0.479948 0.007500 0.016146
0 0.457125 0.460417 0.006250 0.014583
0 0.456250 0.458594 0.007000 0.016146
0 0.378625 0.526563 0.006250 0.017708
0 0.378500 0.529948 0.008000 0.019271
0 0.442125 0.598698 0.007750 0.016146
0 0.434625 0.313281 0.004250 0.017188
0 0.433250 0.312240 0.007500 0.017188
0 0.438125 0.308594 0.007250 0.019271
0 0.438125 0.313802 0.006250 0.017188
0 0.449250 0.322396 0.008500 0.015625
0 0.449000 0.321875 0.005500 0.015625
0 0.358250 0.413281 0.010000 0.015104
0 0.353250 0.398438 0.005500 0.014583
0 0.343750 0.373437 0.010500 0.021875
0 0.343750 0.373958 0.008000 0.015625
0 0.319625 0.318750 0.009750 0.013542
0 0.319750 0.330469 0.011000 0.013021
