0 0.169271 0.586125 0.010417 0.003750
0 0.275781 0.583125 0.010937 0.002750
0 0.276562 0.585500 0.010417 0.003500
0 0.410938 0.518875 0.013542 0.005250
0 0.346354 0.494125 0.011458 0.004250
0 0.330990 0.473625 0.016146 0.005750
0 0.299479 0.448875 0.010417 0.005750
0 0.347917 0.490750 0.007292 0.003500
0 0.355990 0.487875 0.008854 0.006250
0 0.264583 0.389250 0.009375 0.006500
0 0.266146 0.382125 0.012500 0.006250
0 0.241927 0.370125 0.010937 0.005250
0 0.331510 0.376500 0.015104 0.005500
0 0.569792 0.360000 0.012500 0.005000
0 0.511458 0.341500 0.009375 0.006000
0 0.540365 0.335500 0.011979 0.006000
0 0.514844 0.529250 0.009896 0.006000
0 0.547917 0.566000 0.011458 0.004000
0 0.675000 0.501875 0.010417 0.004750
0 0.630469 0.503750 0.009896 0.004500
0 0.634115 0.506875 0.011979 0.004250
0 0.644010 0.509875 0.013021 0.006250
0 0.714323 0.486750 0.011979 0.004000
0 0.710677 0.483625 0.013021 0.004250
0 0.845052 0.450875 0.011979 0.006250
0 0.688021 0.300625 0.014583 0.007750
