0 0.659250 0.316406 0.011000 0.016146
0 0.655875 0.378646 0.010750 0.013542
0 0.666875 0.434375 0.003750 0.013542
0 0.638500 0.465625 0.005000 0.012500
0 0.660500 0.439323 0.003500 0.014063
0 0.669250 0.408854 0.005500 0.010417
0 0.698000 0.362240 0.007000 0.014063
0 0.699500 0.377083 0.009500 0.014583
0 0.706125 0.341146 0.006250 0.009375
0 0.709000 0.271094 0.003500 0.015104
0 0.702250 0.291146 0.004500 0.009375
0 0.652000 0.254688 0.007500 0.007292
0 0.674250 0.259115 0.003000 0.008854
0 0.715500 0.297396 0.004500 0.016667
0 0.705375 0.309115 0.007750 0.011979
0 0.689250 0.303125 0.009000 0.021875
0 0.697375 0.305729 0.004250 0.012500
0 0.604625 0.588542 0.003250 0.014583
0 0.600500 0.576042 0.007500 0.014583
0 0.633125 0.534375 0.006750 0.012500
0 0.489250 0.545052 0.004000 0.014063
0 0.510625 0.557813 0.003250 0.016667
0 0.500125 0.596615 0.006250 0.009896
0 0.530875 0.589844 0.005250 0.019271
0 0.461875 0.318490 0.009750 0.014063
0 0.435125 0.288542 0.007250 0.010417
0 0.431250 0.257292 0.010000 0.019792
0 0.476625 0.263542 0.011250 0.015625
0 0.470375 0.202865 0.004750 0.015104
0 0.458375 0.196094 0.003750 0.018229
0 0.454875 0.197396 0.003250 0.015625
0 0.466625 0.093490 0.004250 0.016146
0 0.473125 0.098698 0.006250 0.017188
0 0.497625 0.036979 0.004750 0.011458
0 0.454625 0.031250 0.009750 0.017708
0 0.406625 0.569271 0.006250 0.010417
0 0.379125 0.637240 0.005250 0.013021
0 0.369625 0.592708 0.006750 0.011458
0 0.378500 0.594792 0.007500 0.017708
0 0.351125 0.597396 0.009250 0.007292
0 0.334250 0.612760 0.004000 0.018229
0 0.322500 0.584635 0.006500 0.010937
0 0.340250 0.572135 0.007500 0.016146
0 0.352125 0.507812 0.007750 0.010417
0 0.346625 0.429948 0.005750 0.007812
0 0.280125 0.432292 0.008750 0.010417
0 0.296500 0.395833 0.008000 0.009375
0 0.300625 0.364063 0.008250 0.021875
0 0.235875 0.459115 0.006750 0.016146
0 0.248250 0.516927 0.009500 0.017188
0 0.278125 0.552083 0.008250 0.010417
0 0.269875 0.553385 0.004250 0.016146
0 0.264500 0.551042 0.006500 0.010417
0 0.216000 0.381771 0.006000 0.012500
0 0.249500 0.400000 0.010500 0.022917
0 0.182750 0.295833 0.005500 0.010417
0 0.236250 0.275521 0.007500 0.010417
0 0.267500 0.577604 0.008000 0.007292
0 0.290125 0.617188 0.010250 0.017708
0 0.448375 0.732292 0.010750 0.009375
0 0.478750 0.701042 0.005500 0.012500
0 0.398250 0.545573 0.006000 0.011979
0 0.470125 0.364583 0.008750 0.025000
0 0.635500 0.224479 0.006500 0.009375
0 0.647500 0.219010 0.007000 0.016146
0 0.658125 0.180469 0.008750 0.017188
0 0.663250 0.144792 0.009500 0.014583
0 0.655125 0.098698 0.006750 0.007812
0 0.700625 0.055729 0.005750 0.018750
0 0.703125 0.127604 0.004750 0.020833
0 0.729500 0.135417 0.006500 0.013542
0 0.722750 0.095312 0.008500 0.016667
0 0.764500 0.158333 0.005500 0.011458
0 0.738750 0.176042 0.006000 0.011458
0 0.698625 0.222396 0.006750 0.018750
0 0.670000 0.786458 0.009000 0.008333
0 0.601000 0.788281 0.009000 0.011979
0 0.665000 0.719271 0.008000 0.010417
0 0.716625 0.799479 0.007250 0.009375
0 0.755250 0.773438 0.006000 0.012500
0 0.721250 0.728906 0.010500 0.017188
0 0.806000 0.761719 0.009500 0.009896
0 0.801000 0.750000 0.006500 0.010417
0 0.813250 0.645052 0.008000 0.007812
0 0.804875 0.651563 0.008250 0.006250
0 0.835375 0.600781 0.005250 0.009896
0 0.860250 0.594792 0.008500 0.009375
0 0.902250 0.642708 0.004500 0.013542
0 0.897375 0.649219 0.008750 0.010937
0 0.971875 0.567448 0.010250 0.015104
0 0.925750 0.553646 0.004500 0.008333
0 0.296875 0.941927 0.006250 0.016146
0 0.279000 0.970313 0.008000 0.012500
0 0.266125 0.954167 0.010250 0.014583
0 0.305500 0.982031 0.008000 0.014063
0 0.341750 0.680469 0.005000 0.014063
0 0.409250 0.715885 0.007500 0.010937
0 0.354250 0.693750 0.010500 0.015625
0 0.156250 0.413281 0.005000 0.014063
0 0.219875 0.427604 0.009750 0.012500
0 0.844000 0.777604 0.008500 0.011458
0 0.862750 0.773698 0.008000 0.011979
0 0.814000 0.693490 0.006500 0.011979
0 0.843750 0.677604 0.007000 0.017708
0 0.526375 0.522917 0.009250 0.016667
0 0.791250 0.131771 0.006500 0.016667
0 0.794625 0.031250 0.005250 0.014583
