0 0.585156 0.493500 0.010937 0.005000
0 0.578385 0.493500 0.010937 0.004500
0 0.563802 0.488750 0.007812 0.007000
0 0.550781 0.472875 0.008854 0.002750
0 0.529948 0.467750 0.009896 0.003500
0 0.519010 0.462500 0.007812 0.005000
0 0.514583 0.456250 0.011458 0.003000
0 0.486458 0.459000 0.012500 0.003000
0 0.511719 0.475000 0.011979 0.004500
0 0.476042 0.470125 0.009375 0.005750
0 0.458854 0.472000 0.013542 0.005500
0 0.408073 0.461375 0.014063 0.003750
0 0.409896 0.471125 0.008333 0.005250
0 0.404427 0.472000 0.006771 0.004500
0 0.389062 0.466000 0.007292 0.006000
0 0.373177 0.464625 0.013021 0.004750
0 0.376823 0.469750 0.013021 0.004500
0 0.357031 0.470625 0.009896 0.005250
0 0.359896 0.469750 0.007292 0.003500
0 0.459375 0.452375 0.013542 0.006250
0 0.422656 0.447375 0.013021 0.003250
0 0.418490 0.444000 0.014063 0.003000
0 0.362240 0.440250 0.008854 0.004500
0 0.385156 0.440875 0.008854 0.003250
0 0.387500 0.438875 0.013542 0.002250
0 0.388542 0.437000 0.011458 0.002500
0 0.356510 0.429125 0.010937 0.003250
0 0.338802 0.429875 0.009896 0.004250
0 0.336458 0.436000 0.011458 0.002000
0 0.336458 0.438000 0.011458 0.002500
0 0.315625 0.431250 0.013542 0.003500
0 0.290104 0.429125 0.012500 0.003250
0 0.284896 0.424375 0.012500 0.003750
0 0.289844 0.421000 0.013021 0.003500
0 0.247917 0.420500 0.011458 0.004000
0 0.239062 0.424625 0.010417 0.002750
0 0.215625 0.428625 0.012500 0.005750
0 0.273177 0.442625 0.009896 0.006250
0 0.287500 0.459000 0.015625 0.004500
0 0.300000 0.454250 0.006250 0.005000
0 0.296615 0.454625 0.007812 0.006750
0 0.273698 0.472375 0.013021 0.005750
0 0.312760 0.472375 0.007812 0.004250
0 0.316667 0.471125 0.009375 0.005250
0 0.198958 0.458375 0.010417 0.005750
0 0.203385 0.456875 0.007812 0.005250
0 0.151302 0.485125 0.010937 0.008250
0 0.115625 0.458125 0.015625 0.005250
0 0.025521 0.462875 0.013542 0.006250
0 0.007552 0.486625 0.014063 0.004250
0 0.073438 0.429250 0.013542 0.006500
0 0.078385 0.412875 0.016146 0.006250
0 0.126302 0.429375 0.007812 0.008750
0 0.132552 0.420000 0.008854 0.007500
0 0.142969 0.417750 0.014063 0.006000
0 0.140885 0.424375 0.006771 0.006250
0 0.146094 0.424375 0.007812 0.006250
0 0.017708 0.404125 0.010417 0.003750
0 0.019531 0.402250 0.011979 0.005000
0 0.004948 0.389250 0.009896 0.003000
0 0.043490 0.396000 0.008854 0.002000
0 0.141927 0.405625 0.010937 0.003750
0 0.178385 0.410125 0.009896 0.003250
0 0.213281 0.415125 0.010937 0.003750
0 0.213802 0.412625 0.010937 0.002250
0 0.176302 0.415375 0.010937 0.002250
0 0.200000 0.418000 0.019792 0.005500
0 0.625521 0.494375 0.008333 0.005750
0 0.625521 0.475625 0.009375 0.005250
0 0.652865 0.477250 0.007812 0.006000
0 0.662760 0.473750 0.006771 0.006000
0 0.628646 0.455250 0.010417 0.003500
0 0.573958 0.440000 0.007292 0.006000
0 0.564844 0.437625 0.007812 0.006250
0 0.563281 0.431125 0.009896 0.005250
0 0.603385 0.432250 0.009896 0.003500
0 0.585417 0.422625 0.010417 0.003750
0 0.586198 0.427125 0.006771 0.004750
0 0.589844 0.431875 0.007812 0.002750
0 0.594792 0.435000 0.009375 0.004000
0 0.540885 0.416500 0.009896 0.005500
0 0.561198 0.409875 0.009896 0.005250
0 0.550521 0.407125 0.010417 0.005250
0 0.513281 0.414750 0.005729 0.006500
0 0.509896 0.415375 0.004167 0.005250
0 0.525781 0.396125 0.008854 0.004750
0 0.531510 0.396375 0.007812 0.004750
0 0.374219 0.375125 0.014063 0.006250
0 0.421354 0.370125 0.004167 0.005250
0 0.425260 0.370000 0.005729 0.006500
0 0.475000 0.380625 0.005208 0.005750
0 0.470573 0.380500 0.003646 0.006000
0 0.405729 0.353250 0.007292 0.006000
0 0.415885 0.343625 0.013021 0.004250
0 0.403646 0.345875 0.008333 0.005250
0 0.392188 0.340500 0.009375 0.004500
0 0.383333 0.340125 0.007292 0.006750
0 0.342708 0.352375 0.012500 0.004750
0 0.386198 0.353500 0.013021 0.004500
0 0.327604 0.336000 0.008333 0.007500
0 0.373698 0.320750 0.009896 0.006000
0 0.271354 0.300500 0.011458 0.006000
0 0.225521 0.295125 0.010417 0.005750
0 0.296354 0.297375 0.012500 0.004250
0 0.298958 0.294125 0.008333 0.004750
0 0.298177 0.288625 0.009896 0.005750
0 0.188281 0.247375 0.010937 0.006750
0 0.167969 0.203000 0.010937 0.004500
0 0.693490 0.483375 0.007812 0.006250
0 0.707552 0.485000 0.009896 0.006000
0 0.722135 0.488625 0.013021 0.003250
0 0.709375 0.490875 0.011458 0.004250
0 0.722135 0.478000 0.010937 0.005500
0 0.682552 0.458000 0.014063 0.005500
0 0.686458 0.450125 0.011458 0.005250
0 0.716927 0.452750 0.009896 0.006500
0 0.725260 0.441625 0.009896 0.005750
0 0.705729 0.433000 0.013542 0.005000
0 0.697917 0.428250 0.012500 0.003500
0 0.744010 0.428375 0.008854 0.005250
0 0.695312 0.421000 0.009375 0.005500
0 0.716927 0.420125 0.010937 0.005250
0 0.717969 0.415625 0.009896 0.004750
0 0.709115 0.403750 0.004687 0.005500
0 0.715104 0.404375 0.006250 0.005250
0 0.737760 0.397875 0.009896 0.005750
0 0.715104 0.385625 0.008333 0.006250
0 0.701042 0.371375 0.009375 0.006250
0 0.736198 0.363375 0.011979 0.005250
0 0.769792 0.374250 0.007292 0.005000
0 0.736458 0.370375 0.006250 0.005250
0 0.733594 0.370250 0.004687 0.005500
0 0.728385 0.353375 0.006771 0.007250
0 0.722917 0.354375 0.006250 0.005750
0 0.749219 0.330125 0.009896 0.004750
0 0.760156 0.328500 0.008854 0.006000
0 0.700521 0.310500 0.010417 0.005000
0 0.715625 0.306750 0.010417 0.005000
0 0.804167 0.328125 0.007292 0.005250
0 0.802344 0.322750 0.008854 0.005500
0 0.826042 0.341250 0.009375 0.007000
0 0.719271 0.280250 0.011458 0.005500
0 0.748437 0.256000 0.011458 0.003500
0 0.878646 0.304625 0.008333 0.004750
0 0.793490 0.472750 0.010937 0.004000
0 0.863021 0.450250 0.008333 0.005000
0 0.852083 0.449875 0.006250 0.005250
0 0.832292 0.455750 0.012500 0.006000
0 0.832552 0.461250 0.010937 0.003000
0 0.831510 0.459875 0.010937 0.003750
0 0.841667 0.456875 0.008333 0.003750
0 0.960677 0.843250 0.026562 0.012000
0 0.975521 0.808750 0.022917 0.010500
0 0.954688 0.805000 0.022917 0.010500
0 0.937500 0.797375 0.031250 0.010250
0 0.952344 0.774625 0.023438 0.010250
0 0.767969 0.775000 0.027604 0.010500
0 0.864583 0.737750 0.014583 0.011500
0 0.845573 0.717750 0.016146 0.009500
0 0.887240 0.677375 0.017188 0.009250
0 0.867448 0.672250 0.014063 0.010500
0 0.913802 0.663000 0.018229 0.008500
0 0.842448 0.657875 0.017188 0.008250
0 0.741927 0.681125 0.010937 0.010750
0 0.757292 0.679375 0.015625 0.007750
0 0.724479 0.676500 0.015625 0.008000
0 0.820312 0.697000 0.014583 0.008000
0 0.824479 0.688875 0.015625 0.007250
0 0.813021 0.662500 0.015625 0.007500
0 0.679688 0.651875 0.014583 0.007750
0 0.660937 0.625750 0.012500 0.007500
0 0.752604 0.618000 0.013542 0.007500
0 0.778906 0.617875 0.013021 0.006750
0 0.794010 0.618875 0.013021 0.008250
0 0.838802 0.594750 0.010937 0.006500
0 0.686979 0.578125 0.016667 0.004250
0 0.645573 0.582125 0.011979 0.002750
0 0.644271 0.584875 0.011458 0.003250
0 0.705990 0.561750 0.005729 0.004000
0 0.710417 0.561625 0.008333 0.005250
0 0.675781 0.539125 0.010937 0.005750
0 0.639323 0.533750 0.008854 0.004500
0 0.638542 0.530375 0.013542 0.002250
0 0.298698 0.811125 0.009896 0.006250
0 0.355729 0.803125 0.009375 0.005250
0 0.401302 0.798000 0.008854 0.007000
0 0.323958 0.765625 0.010417 0.006250
0 0.421615 0.771000 0.010937 0.006500
0 0.426302 0.765000 0.009896 0.004500
0 0.384375 0.744750 0.013542 0.004000
0 0.352344 0.729500 0.009896 0.006500
0 0.414844 0.737375 0.008854 0.006750
0 0.349740 0.694500 0.013021 0.004000
0 0.390625 0.687125 0.010417 0.005250
0 0.385156 0.701000 0.005729 0.006000
0 0.389062 0.700625 0.007292 0.005750
0 0.308594 0.680625 0.010937 0.007750
0 0.409375 0.677000 0.015625 0.004000
0 0.459896 0.675625 0.010417 0.006750
0 0.445573 0.663375 0.009896 0.006250
0 0.450781 0.656625 0.007812 0.005750
0 0.438542 0.657250 0.008333 0.006000
0 0.413281 0.664500 0.005729 0.005500
0 0.417187 0.663875 0.006250 0.006250
0 0.443490 0.649750 0.007812 0.004500
0 0.479167 0.637500 0.009375 0.007000
0 0.451302 0.635250 0.013021 0.006500
0 0.426302 0.626625 0.006771 0.006750
0 0.413021 0.626125 0.007292 0.006750
0 0.366667 0.622250 0.012500 0.005500
0 0.371875 0.615875 0.010417 0.006750
0 0.407812 0.636875 0.005208 0.006750
0 0.402604 0.635750 0.005208 0.006500
0 0.384115 0.628500 0.009896 0.007500
0 0.423177 0.610375 0.009896 0.006250
0 0.433854 0.615750 0.009375 0.006500
0 0.454948 0.621375 0.008854 0.006750
0 0.483073 0.616500 0.008854 0.007000
0 0.452344 0.614250 0.006771 0.004500
0 0.455208 0.609625 0.010417 0.005250
0 0.438802 0.588875 0.008854 0.007250
0 0.438021 0.580000 0.007292 0.007500
0 0.445833 0.574500 0.006250 0.005500
0 0.457292 0.576750 0.008333 0.005500
0 0.462500 0.573000 0.007292 0.007000
0 0.455729 0.571000 0.007292 0.006500
0 0.444010 0.562125 0.008854 0.006750
0 0.465625 0.553625 0.007292 0.005750
0 0.453646 0.549875 0.013542 0.003750
0 0.494531 0.552250 0.006771 0.006500
0 0.488281 0.558375 0.008854 0.006250
0 0.491146 0.570125 0.011458 0.005750
0 0.503906 0.562125 0.011979 0.005750
0 0.522917 0.559875 0.009375 0.006250
0 0.521354 0.554625 0.012500 0.003750
0 0.539062 0.547625 0.011458 0.005750
0 0.310677 0.611000 0.015104 0.006500
0 0.034115 0.807125 0.011979 0.005250
0 0.944271 0.719000 0.021875 0.010000
0 0.957292 0.647000 0.022917 0.009000
0 0.769792 0.567750 0.012500 0.003500
0 0.776823 0.566125 0.006771 0.004750
0 0.782292 0.566000 0.010417 0.006000
0 0.700260 0.551250 0.010937 0.005000
0 0.623437 0.009875 0.010417 0.004250
