0 0.126823 0.515875 0.011979 0.006750
0 0.263021 0.473125 0.016667 0.004750
0 0.295312 0.443875 0.012500 0.007750
0 0.342969 0.474000 0.018229 0.006000
0 0.392969 0.409625 0.017188 0.006750
0 0.541146 0.454125 0.012500 0.005750
0 0.635417 0.436875 0.013542 0.004250
0 0.660156 0.486750 0.013021 0.009000
0 0.227344 0.576500 0.010937 0.008500
0 0.184635 0.587500 0.011979 0.009500
0 0.720052 0.579500 0.013021 0.007500
0 0.738021 0.568500 0.009375 0.008000
0 0.666146 0.593500 0.015625 0.005500
0 0.616667 0.610625 0.013542 0.007250
0 0.508594 0.656000 0.024479 0.006500
0 0.938542 0.569875 0.012500 0.005250
0 0.976562 0.601750 0.018750 0.006000
0 0.275000 0.405500 0.020833 0.006500
0 0.785417 0.923250 0.026042 0.013500
