0 0.603750 0.805469 0.007500 0.017188
0 0.587625 0.873698 0.006250 0.010937
0 0.564625 0.888542 0.003250 0.013542
0 0.561875 0.886719 0.002250 0.008854
0 0.558500 0.993490 0.007500 0.011979
0 0.508750 0.916927 0.006000 0.008854
0 0.504625 0.926302 0.006750 0.009896
0 0.508750 0.934635 0.006500 0.008854
0 0.504500 0.948698 0.007000 0.011979
0 0.507125 0.965365 0.004750 0.017188
0 0.518500 0.959375 0.008000 0.015625
0 0.517375 0.803125 0.006250 0.014583
0 0.506875 0.789844 0.008250 0.007812
0 0.512625 0.760938 0.006750 0.008333
0 0.540875 0.755208 0.007250 0.008333
0 0.494125 0.782552 0.007750 0.009896
0 0.475375 0.782813 0.007750 0.007292
0 0.473250 0.767969 0.007000 0.009896
0 0.463375 0.814583 0.007250 0.009375
0 0.453000 0.785417 0.007500 0.008333
0 0.459250 0.794531 0.007000 0.015104
0 0.487000 0.785417 0.006500 0.012500
0 0.427500 0.868750 0.006500 0.012500
0 0.405250 0.865365 0.007500 0.010937
0 0.428500 0.840625 0.008500 0.009375
0 0.421125 0.844792 0.004250 0.012500
0 0.419750 0.837240 0.008000 0.007812
0 0.414875 0.820573 0.007250 0.009896
0 0.435750 0.830208 0.007000 0.009375
0 0.433875 0.823958 0.006750 0.008333
0 0.428125 0.820312 0.006250 0.008333
0 0.430875 0.812500 0.004750 0.012500
0 0.431500 0.801302 0.006500 0.009896
0 0.434000 0.797135 0.006500 0.008854
0 0.424375 0.778906 0.007750 0.007812
0 0.420500 0.767969 0.006000 0.010937
0 0.411625 0.781250 0.006750 0.009375
0 0.404500 0.783333 0.007000 0.007292
0 0.409750 0.800521 0.006000 0.006250
0 0.410375 0.795573 0.007750 0.006771
0 0.392125 0.808333 0.007750 0.010417
0 0.394750 0.746094 0.003500 0.013021
0 0.393750 0.738021 0.006000 0.007292
0 0.386375 0.745313 0.003750 0.015625
0 0.391375 0.786719 0.006750 0.010937
0 0.383375 0.787240 0.006750 0.013021
0 0.376875 0.779687 0.007750 0.008333
0 0.371125 0.730990 0.005750 0.010937
0 0.366750 0.733594 0.004500 0.013021
0 0.356250 0.771615 0.006500 0.014063
0 0.354750 0.783854 0.004500 0.011458
0 0.355375 0.807812 0.005250 0.013542
0 0.368625 0.807292 0.006250 0.012500
0 0.377375 0.807812 0.007250 0.011458
0 0.367625 0.792448 0.006750 0.008854
0 0.364750 0.778385 0.006500 0.005729
0 0.362375 0.782552 0.006750 0.006771
0 0.362500 0.788802 0.006500 0.006771
0 0.369750 0.784896 0.005000 0.011458
0 0.368250 0.793229 0.005500 0.007292
0 0.345500 0.774740 0.006000 0.013021
0 0.316375 0.773177 0.006250 0.009896
0 0.315375 0.769271 0.005250 0.008333
0 0.550500 0.643229 0.006500 0.009375
0 0.547375 0.632812 0.006750 0.011458
0 0.524875 0.613802 0.006750 0.010937
0 0.497875 0.625260 0.006250 0.013021
0 0.484375 0.616146 0.006250 0.011458
0 0.474875 0.602865 0.006250 0.009896
0 0.478875 0.598177 0.006250 0.010937
0 0.491625 0.600521 0.007250 0.008333
0 0.504625 0.584896 0.006750 0.012500
0 0.512500 0.576042 0.006000 0.012500
0 0.502125 0.569271 0.008250 0.008333
0 0.498500 0.553125 0.005500 0.013542
0 0.474250 0.571615 0.005000 0.013021
0 0.466000 0.568490 0.004500 0.008854
0 0.467875 0.563281 0.005250 0.013021
0 0.451625 0.572917 0.005750 0.012500
0 0.454250 0.560937 0.007000 0.012500
0 0.449375 0.538281 0.007250 0.009896
0 0.452750 0.548438 0.005500 0.008333
0 0.454875 0.546094 0.005250 0.010937
0 0.465250 0.536198 0.006500 0.007812
0 0.466625 0.532813 0.005250 0.006250
0 0.395750 0.591667 0.006500 0.012500
0 0.422375 0.563281 0.007750 0.008854
0 0.421375 0.548958 0.004750 0.013542
0 0.420875 0.585156 0.007250 0.008854
0 0.421125 0.577865 0.004250 0.010937
0 0.429250 0.512760 0.005500 0.011979
0 0.424750 0.534896 0.005000 0.010417
0 0.419625 0.518750 0.006750 0.009375
0 0.422125 0.505208 0.007250 0.008333
0 0.418125 0.500781 0.004250 0.010937
0 0.444500 0.456771 0.005500 0.015625
0 0.413250 0.535937 0.007500 0.009375
0 0.412625 0.521354 0.005750 0.012500
0 0.405875 0.535156 0.006250 0.008854
0 0.409875 0.506250 0.006750 0.008333
0 0.412250 0.498698 0.005500 0.011979
0 0.413750 0.493229 0.005500 0.011458
0 0.392750 0.517969 0.006000 0.014063
0 0.384750 0.558854 0.005500 0.008333
0 0.379500 0.558333 0.006000 0.008333
0 0.376000 0.557813 0.004500 0.010417
0 0.383000 0.536979 0.006000 0.012500
0 0.387625 0.538021 0.006250 0.012500
0 0.388125 0.533594 0.007250 0.008854
0 0.388125 0.527604 0.006750 0.006250
0 0.380875 0.524219 0.005750 0.006771
0 0.383125 0.521354 0.006750 0.006250
0 0.386125 0.516667 0.007250 0.010417
0 0.372750 0.525260 0.005000 0.011979
0 0.373750 0.514323 0.005500 0.007812
0 0.367250 0.533594 0.003500 0.013021
0 0.362875 0.535417 0.003750 0.012500
0 0.358875 0.537500 0.005250 0.005208
0 0.354250 0.529427 0.003500 0.015104
0 0.359875 0.528646 0.004750 0.010417
0 0.358625 0.497396 0.006250 0.010417
0 0.364250 0.494010 0.004000 0.011979
0 0.368625 0.492188 0.003750 0.014583
0 0.373875 0.495052 0.005750 0.010937
0 0.392000 0.490365 0.006500 0.013021
0 0.399000 0.474479 0.003500 0.011458
0 0.393875 0.467969 0.006250 0.010937
0 0.402875 0.526042 0.005750 0.008333
0 0.403875 0.520573 0.006250 0.010937
0 0.405750 0.462500 0.006500 0.010417
0 0.396750 0.452865 0.006500 0.010937
0 0.396125 0.441406 0.005750 0.007812
0 0.400125 0.451823 0.003750 0.011979
0 0.401000 0.448177 0.006000 0.008854
0 0.368125 0.459115 0.006750 0.009896
0 0.362125 0.450260 0.005250 0.014063
0 0.358000 0.431771 0.005000 0.013542
0 0.354125 0.452604 0.004250 0.014583
0 0.348375 0.429167 0.006250 0.012500
0 0.336250 0.472135 0.007000 0.009896
0 0.351500 0.485156 0.004000 0.013021
0 0.358625 0.469010 0.004250 0.013021
0 0.355125 0.468750 0.004750 0.012500
0 0.352000 0.469271 0.004500 0.012500
0 0.367375 0.477083 0.006250 0.009375
0 0.368625 0.471354 0.007750 0.008333
0 0.365750 0.438542 0.003500 0.010417
0 0.367750 0.437240 0.004000 0.013021
0 0.432625 0.439062 0.005250 0.008333
0 0.425125 0.424479 0.006750 0.010417
0 0.427625 0.437240 0.004750 0.010937
0 0.425000 0.443490 0.002500 0.009896
0 0.420875 0.439583 0.002750 0.013542
0 0.423375 0.439323 0.002250 0.013021
0 0.418500 0.432812 0.004000 0.012500
0 0.404875 0.421875 0.006250 0.011458
0 0.408250 0.416927 0.005000 0.014063
0 0.414500 0.406250 0.006500 0.008333
0 0.415250 0.414062 0.005000 0.007292
0 0.416125 0.420312 0.004250 0.011458
0 0.420625 0.412240 0.004750 0.007812
0 0.403875 0.396094 0.006250 0.013021
0 0.410625 0.398177 0.006250 0.007812
0 0.414875 0.391667 0.006750 0.010417
0 0.416375 0.400260 0.005750 0.006771
0 0.411250 0.383333 0.007000 0.007292
0 0.411875 0.378906 0.006250 0.006771
0 0.387250 0.401562 0.007000 0.007292
0 0.384125 0.392448 0.006250 0.011979
0 0.391625 0.397135 0.007250 0.007812
0 0.387625 0.388281 0.005750 0.008854
0 0.386375 0.381510 0.007250 0.007812
0 0.393625 0.369271 0.006750 0.010417
0 0.384250 0.370833 0.006500 0.011458
0 0.390375 0.353646 0.006750 0.013542
0 0.380125 0.357552 0.007250 0.009896
0 0.378375 0.349479 0.007750 0.009375
0 0.367625 0.352865 0.007750 0.010937
0 0.333500 0.352604 0.008500 0.011458
0 0.338875 0.342969 0.006250 0.008854
0 0.356875 0.310937 0.007750 0.009375
0 0.323875 0.310156 0.008250 0.009896
0 0.345625 0.358073 0.006250 0.009896
0 0.346750 0.354427 0.005500 0.008854
0 0.321375 0.451562 0.006750 0.012500
0 0.462875 0.626823 0.006250 0.007812
0 0.463625 0.623958 0.005250 0.007292
0 0.545750 0.653385 0.006500 0.009896
0 0.572000 0.549479 0.005000 0.014583
0 0.586000 0.550000 0.006000 0.011458
0 0.564750 0.551562 0.005500 0.014583
0 0.583625 0.485417 0.007250 0.014583
0 0.559000 0.466406 0.006500 0.010937
0 0.573750 0.435677 0.003000 0.009896
0 0.577000 0.434896 0.004000 0.015625
0 0.539750 0.391146 0.007500 0.014583
0 0.517250 0.424740 0.006000 0.013021
0 0.512250 0.426042 0.006500 0.013542
0 0.520625 0.408073 0.005250 0.015104
0 0.533125 0.432031 0.007250 0.014063
0 0.511750 0.441406 0.004000 0.013021
0 0.515125 0.442188 0.004250 0.010417
0 0.523000 0.434375 0.003000 0.011458
0 0.526000 0.445052 0.005000 0.009896
0 0.526250 0.435156 0.004000 0.009896
0 0.484500 0.377604 0.005000 0.012500
0 0.495125 0.381510 0.004250 0.015104
0 0.503875 0.394271 0.005250 0.014583
0 0.503125 0.380990 0.005250 0.013021
0 0.509500 0.387760 0.004000 0.014063
0 0.520875 0.303646 0.006750 0.010417
0 0.535875 0.313021 0.005250 0.014583
0 0.532250 0.329688 0.006000 0.007292
0 0.533375 0.320052 0.005750 0.013021
0 0.528250 0.316927 0.005500 0.013021
0 0.525250 0.318490 0.005500 0.009896
0 0.526625 0.327604 0.004750 0.009375
0 0.522625 0.324219 0.004750 0.013021
0 0.518000 0.327083 0.006000 0.012500
0 0.517875 0.316146 0.006250 0.011458
0 0.508125 0.301042 0.006250 0.012500
0 0.488625 0.347656 0.005250 0.009896
0 0.480500 0.349219 0.004000 0.008854
0 0.489875 0.341146 0.006250 0.010417
0 0.495750 0.334635 0.002000 0.014063
0 0.498000 0.333854 0.004000 0.010417
0 0.502750 0.322135 0.005000 0.010937
0 0.506250 0.343229 0.003500 0.011458
0 0.502500 0.342187 0.005000 0.014583
0 0.508625 0.329948 0.004250 0.014063
0 0.485875 0.320312 0.003750 0.011458
0 0.481000 0.319792 0.006000 0.015625
0 0.473375 0.308594 0.006250 0.011979
0 0.483125 0.301302 0.005750 0.014063
0 0.488125 0.303646 0.006250 0.011458
0 0.473000 0.293490 0.005500 0.014063
0 0.462625 0.296615 0.006250 0.015104
0 0.474125 0.283854 0.004750 0.013542
0 0.480625 0.259375 0.005250 0.017708
0 0.461500 0.264062 0.008000 0.012500
0 0.454250 0.282552 0.005000 0.010937
0 0.458375 0.280469 0.005250 0.013021
0 0.453875 0.271615 0.005750 0.013021
0 0.468375 0.248698 0.004250 0.011979
0 0.458000 0.241406 0.005000 0.009896
0 0.475500 0.223437 0.003500 0.014583
0 0.472125 0.227604 0.005250 0.015625
0 0.467625 0.226823 0.005250 0.009896
0 0.464000 0.247917 0.005000 0.009375
0 0.463750 0.238281 0.005000 0.013021
0 0.443750 0.230990 0.004500 0.010937
0 0.448625 0.233594 0.005250 0.009896
0 0.454125 0.245833 0.005250 0.011458
0 0.452750 0.219271 0.004000 0.011458
0 0.457625 0.219271 0.004750 0.010417
0 0.460125 0.072396 0.009250 0.010417
0 0.484500 0.101823 0.005500 0.013021
0 0.496875 0.126823 0.005750 0.015104
0 0.482625 0.168229 0.006250 0.018750
0 0.439000 0.212240 0.006000 0.011979
0 0.442250 0.208333 0.006000 0.012500
0 0.448875 0.200521 0.006750 0.010417
0 0.448000 0.190885 0.005000 0.013021
0 0.452000 0.194531 0.004500 0.014063
0 0.462250 0.203906 0.007500 0.011979
0 0.464625 0.217969 0.003250 0.016146
0 0.467750 0.215104 0.003500 0.015625
0 0.484500 0.202865 0.007000 0.009896
0 0.492500 0.202083 0.004500 0.017708
0 0.480500 0.191146 0.006500 0.012500
0 0.504000 0.224740 0.009500 0.016146
0 0.511750 0.242448 0.005000 0.015104
0 0.508000 0.254948 0.007500 0.013021
0 0.497375 0.261979 0.005750 0.012500
0 0.499375 0.258594 0.004750 0.011979
0 0.536500 0.243750 0.006500 0.013542
0 0.525250 0.242448 0.004500 0.015104
0 0.521875 0.236458 0.003750 0.016667
0 0.523625 0.255729 0.006750 0.014583
0 0.522625 0.265365 0.005250 0.014063
0 0.610125 0.275521 0.007250 0.015625
0 0.610500 0.313542 0.006000 0.015625
0 0.616000 0.323958 0.006000 0.013542
0 0.624250 0.460938 0.005000 0.009375
0 0.624250 0.471615 0.004000 0.009896
0 0.676250 0.627865 0.010000 0.025521
0 0.704000 0.408854 0.013500 0.020833
0 0.725500 0.453385 0.005000 0.011979
0 0.260750 0.029948 0.008000 0.019271
