0 0.418490 0.748375 0.014063 0.004750
0 0.583073 0.663125 0.016146 0.006750
0 0.489844 0.637375 0.010937 0.005750
0 0.348958 0.656250 0.010417 0.004500
0 0.325260 0.582000 0.014063 0.005500
0 0.295312 0.558250 0.011458 0.006500
0 0.406771 0.552750 0.014583 0.006500
0 0.398177 0.570750 0.013021 0.005000
0 0.425521 0.569125 0.011458 0.002750
0 0.425260 0.567125 0.013021 0.002750
0 0.514583 0.567875 0.016667 0.006750
0 0.587500 0.568500 0.017708 0.004500
0 0.589323 0.560500 0.009896 0.004500
0 0.438542 0.610250 0.012500 0.006500
0 0.643750 0.507000 0.009375 0.007500
0 0.522917 0.456250 0.016667 0.005000
0 0.457031 0.440375 0.015104 0.005750
0 0.185677 0.360750 0.011979 0.003500
0 0.186458 0.359250 0.010417 0.003000
0 0.746354 0.404250 0.011458 0.006000
0 0.772135 0.433125 0.016146 0.004750
0 0.776302 0.455500 0.013021 0.007000
0 0.917448 0.487000 0.015104 0.005500
