0 0.120573 0.103625 0.014063 0.008250
0 0.107552 0.132875 0.014063 0.008750
0 0.081510 0.154625 0.010937 0.005750
0 0.141667 0.162875 0.009375 0.004750
0 0.142969 0.158250 0.010937 0.004500
0 0.258594 0.164500 0.014063 0.007000
0 0.426042 0.193500 0.021875 0.007500
0 0.507552 0.387125 0.020313 0.007250
0 0.558594 0.399500 0.018229 0.006000
0 0.427604 0.367625 0.013542 0.008250
0 0.488281 0.395875 0.008854 0.008250
0 0.461979 0.410750 0.017708 0.006500
0 0.433073 0.417375 0.015104 0.005750
0 0.394531 0.387625 0.011979 0.005250
0 0.392708 0.412875 0.013542 0.005750
0 0.382552 0.410375 0.014063 0.005750
0 0.379688 0.407125 0.013542 0.004250
0 0.334115 0.427500 0.017188 0.008500
0 0.314844 0.402000 0.010937 0.006000
0 0.335938 0.400250 0.012500 0.007500
0 0.247396 0.392875 0.013542 0.005250
0 0.224740 0.598000 0.009896 0.006500
0 0.234896 0.594500 0.010417 0.007500
0 0.238542 0.599250 0.009375 0.006500
0 0.318229 0.578750 0.014583 0.005500
0 0.310677 0.577875 0.015104 0.005750
0 0.321094 0.571375 0.016146 0.007250
0 0.338021 0.554875 0.017708 0.006750
0 0.163281 0.530250 0.013021 0.006000
0 0.219271 0.534625 0.016667 0.008750
0 0.308854 0.529125 0.018750 0.007250
0 0.384115 0.544625 0.008854 0.006750
0 0.388802 0.548250 0.015104 0.006000
0 0.426823 0.511375 0.017188 0.005250
0 0.398698 0.516625 0.013021 0.007750
0 0.369271 0.529375 0.014583 0.006250
0 0.391406 0.528500 0.021354 0.008000
0 0.432292 0.530375 0.018750 0.003750
0 0.429948 0.536000 0.018229 0.007000
0 0.463281 0.523500 0.015104 0.005000
0 0.463802 0.519250 0.015104 0.005500
0 0.442708 0.523625 0.010417 0.007250
0 0.447135 0.526125 0.008854 0.007250
0 0.455469 0.528375 0.011979 0.005750
0 0.538281 0.496000 0.016146 0.003500
0 0.120052 0.788750 0.014063 0.007500
0 0.231250 0.703500 0.012500 0.007000
0 0.257031 0.748000 0.013021 0.008500
0 0.492188 0.680750 0.012500 0.006000
0 0.486979 0.629125 0.013542 0.008250
0 0.471094 0.615000 0.008854 0.009000
0 0.444010 0.606875 0.017188 0.008250
0 0.495052 0.600625 0.009896 0.010250
0 0.536458 0.607375 0.009375 0.009750
0 0.529427 0.601375 0.018229 0.005250
0 0.459896 0.597750 0.012500 0.004500
0 0.462500 0.595500 0.017708 0.005500
0 0.546615 0.583375 0.013021 0.007750
0 0.524479 0.582750 0.008333 0.008000
0 0.530469 0.579500 0.007812 0.008500
0 0.536719 0.574750 0.019271 0.005000
0 0.531771 0.569500 0.015625 0.008000
0 0.590625 0.553750 0.014583 0.007500
0 0.579688 0.548750 0.012500 0.006500
0 0.591927 0.545750 0.011979 0.006500
0 0.575000 0.544000 0.014583 0.007000
0 0.564583 0.542875 0.013542 0.007750
0 0.585938 0.538500 0.013542 0.005000
0 0.620052 0.517125 0.011979 0.007250
0 0.635938 0.518750 0.010417 0.006500
0 0.724219 0.550875 0.013021 0.005250
0 0.734635 0.562500 0.019271 0.005500
0 0.729948 0.575250 0.020313 0.006000
0 0.710677 0.584250 0.009896 0.009500
0 0.715365 0.595625 0.017188 0.008250
0 0.680729 0.601375 0.017708 0.004250
0 0.638802 0.607125 0.017188 0.007250
0 0.702604 0.609625 0.015625 0.009750
0 0.724219 0.585875 0.018229 0.003750
0 0.724219 0.590750 0.011979 0.007000
0 0.678646 0.605750 0.015625 0.004500
0 0.706250 0.619875 0.008333 0.009750
0 0.697396 0.624625 0.012500 0.008750
0 0.680729 0.624875 0.020833 0.005750
0 0.658333 0.630750 0.021875 0.005500
0 0.653646 0.640750 0.015625 0.006000
0 0.619792 0.641125 0.009375 0.008750
0 0.677865 0.655000 0.022396 0.005000
0 0.680208 0.661875 0.014583 0.007250
0 0.698698 0.674250 0.021354 0.005000
0 0.655729 0.663625 0.012500 0.010250
0 0.702865 0.686750 0.015104 0.008500
0 0.617969 0.699125 0.010937 0.009750
0 0.604688 0.708750 0.010417 0.010500
0 0.573177 0.704750 0.015104 0.010000
0 0.609635 0.744250 0.013021 0.008000
0 0.632031 0.665625 0.019271 0.008250
0 0.582292 0.660250 0.011458 0.005000
0 0.572656 0.662625 0.010937 0.008750
0 0.858854 0.551250 0.008333 0.007000
0 0.866406 0.558000 0.015104 0.008000
0 0.878385 0.572625 0.011979 0.008250
0 0.880729 0.594875 0.013542 0.008250
0 0.903385 0.625875 0.018229 0.008750
0 0.918229 0.640625 0.012500 0.009750
0 0.921354 0.670250 0.015625 0.012000
0 0.930208 0.691125 0.013542 0.010750
0 0.993750 0.703625 0.011458 0.010750
0 0.965625 0.619000 0.011458 0.010000
0 0.981250 0.608125 0.015625 0.006750
0 0.978125 0.600750 0.014583 0.008000
0 0.940365 0.577750 0.018229 0.006000
0 0.985417 0.565125 0.019792 0.006750
0 0.933594 0.574125 0.011979 0.006250
0 0.897656 0.487750 0.017188 0.007000
