0 0.575260 0.419500 0.009896 0.005000
0 0.579948 0.466375 0.006771 0.006750
0 0.646094 0.464250 0.005729 0.004500
0 0.715885 0.462500 0.013021 0.006000
0 0.668490 0.456875 0.005729 0.005250
0 0.675000 0.453125 0.012500 0.005750
0 0.734375 0.480625 0.014583 0.003250
0 0.676042 0.473750 0.011458 0.003000
0 0.705469 0.473125 0.011979 0.002250
0 0.695052 0.473250 0.010937 0.002500
0 0.762760 0.458125 0.011979 0.004750
0 0.773177 0.452500 0.011979 0.005000
0 0.787760 0.464000 0.014063 0.004500
0 0.802344 0.473875 0.013021 0.003750
0 0.825521 0.483125 0.006250 0.004750
0 0.901042 0.436750 0.011458 0.004500
0 0.944010 0.460125 0.011979 0.004250
0 0.941667 0.480125 0.013542 0.004250
0 0.922917 0.467500 0.015625 0.003500
0 0.873958 0.466000 0.006250 0.007000
0 0.889844 0.464750 0.014063 0.003500
0 0.910156 0.458000 0.015104 0.004000
0 0.917187 0.454500 0.013542 0.004500
0 0.871875 0.446750 0.011458 0.005500
0 0.873698 0.440500 0.010937 0.004000
0 0.994531 0.481375 0.009896 0.004250
0 0.518750 0.480500 0.011458 0.004500
0 0.510938 0.480125 0.006250 0.004250
0 0.392969 0.386625 0.011979 0.003750
0 0.432552 0.398875 0.010937 0.003750
0 0.462760 0.377375 0.008854 0.005750
0 0.498177 0.372625 0.014063 0.004750
0 0.524219 0.366375 0.011979 0.004250
0 0.589844 0.270875 0.014063 0.004250
0 0.599740 0.285750 0.013021 0.004000
0 0.677604 0.289375 0.010417 0.006750
0 0.615885 0.298125 0.013021 0.006750
0 0.644531 0.269000 0.011979 0.005000
0 0.685937 0.246125 0.014583 0.008750
0 0.712240 0.262000 0.013021 0.004500
0 0.729427 0.259500 0.014063 0.006500
0 0.717448 0.252625 0.013021 0.006250
0 0.716927 0.257750 0.011979 0.004000
0 0.784115 0.257250 0.014063 0.004500
0 0.767969 0.250625 0.008854 0.006750
0 0.764062 0.245125 0.008333 0.006250
0 0.780990 0.252375 0.015104 0.005750
0 0.752865 0.199000 0.009896 0.007500
0 0.680469 0.214125 0.014063 0.004750
0 0.805469 0.219875 0.011979 0.007250
0 0.858333 0.239000 0.010417 0.007500
0 0.874219 0.237750 0.009896 0.006500
0 0.921615 0.216625 0.006771 0.006750
0 0.949479 0.158375 0.011458 0.007750
0 0.151823 0.388625 0.011979 0.003750
0 0.162760 0.365000 0.009896 0.007000
0 0.194531 0.364125 0.008854 0.007250
0 0.189583 0.357750 0.014583 0.004000
0 0.197135 0.351500 0.010937 0.006500
0 0.188021 0.310375 0.012500 0.005750
0 0.183333 0.343000 0.009375 0.006500
0 0.177083 0.338250 0.006250 0.007000
0 0.231771 0.345500 0.008333 0.004000
0 0.162500 0.296375 0.012500 0.006750
0 0.140885 0.284375 0.010937 0.008250
0 0.208073 0.286375 0.008854 0.007250
0 0.193750 0.283750 0.010417 0.006500
0 0.229167 0.272000 0.009375 0.006500
0 0.189062 0.274250 0.007292 0.007500
0 0.198698 0.268750 0.008854 0.006500
0 0.188021 0.266625 0.012500 0.004250
0 0.189583 0.243375 0.009375 0.007750
0 0.153906 0.251250 0.013021 0.006500
0 0.120573 0.243500 0.007812 0.007500
0 0.113021 0.241875 0.006250 0.006250
0 0.260417 0.225875 0.010417 0.007750
0 0.261458 0.200125 0.007292 0.007250
0 0.224219 0.196250 0.008854 0.008000
0 0.202344 0.197500 0.008854 0.008000
0 0.183073 0.197250 0.009896 0.006000
0 0.174479 0.199375 0.012500 0.005250
0 0.142969 0.192125 0.008854 0.007250
0 0.135677 0.192375 0.008854 0.006750
0 0.153385 0.214625 0.014063 0.007250
0 0.146354 0.219250 0.012500 0.007500
0 0.258854 0.153750 0.007292 0.007000
0 0.553385 0.742750 0.011979 0.006500
0 0.520573 0.755750 0.014063 0.007500
0 0.576823 0.760875 0.011979 0.007250
0 0.451823 0.759375 0.013021 0.003750
0 0.421615 0.729625 0.009896 0.003250
0 0.526042 0.708125 0.014583 0.004250
0 0.487760 0.709875 0.011979 0.005750
0 0.490885 0.705250 0.014063 0.006000
0 0.433073 0.671500 0.013021 0.005000
0 0.363802 0.658125 0.009896 0.005750
0 0.387760 0.618125 0.011979 0.004750
0 0.371094 0.613875 0.011979 0.005250
0 0.391667 0.641500 0.014583 0.007500
0 0.329167 0.574000 0.011458 0.005000
0 0.401302 0.518250 0.007812 0.005500
0 0.419010 0.538000 0.011979 0.007000
0 0.326042 0.519000 0.007292 0.004000
0 0.535156 0.530250 0.006771 0.005000
0 0.520052 0.563750 0.011979 0.003000
0 0.567708 0.564500 0.013542 0.005500
0 0.598177 0.559500 0.014063 0.003000
0 0.597917 0.556750 0.012500 0.003000
0 0.643490 0.592875 0.013021 0.006250
0 0.676823 0.595750 0.011979 0.004000
0 0.674219 0.591625 0.010937 0.006250
0 0.690365 0.641250 0.011979 0.005000
0 0.749740 0.623375 0.014063 0.004250
0 0.723437 0.622875 0.012500 0.005750
0 0.727344 0.614750 0.011979 0.006000
0 0.707552 0.616500 0.006771 0.007000
0 0.716146 0.616625 0.010417 0.006250
0 0.741406 0.590625 0.013021 0.006250
0 0.776302 0.607375 0.015104 0.003750
0 0.812240 0.628750 0.008854 0.006500
0 0.820833 0.622250 0.012500 0.004000
0 0.807812 0.616750 0.009375 0.004500
0 0.823698 0.616500 0.011979 0.005000
0 0.798958 0.607625 0.011458 0.005250
0 0.806771 0.606250 0.009375 0.006500
0 0.813021 0.611125 0.013542 0.004250
0 0.873437 0.662875 0.014583 0.004250
0 0.870312 0.677500 0.013542 0.005500
0 0.845833 0.669625 0.013542 0.004750
0 0.874479 0.703875 0.013542 0.004750
0 0.914844 0.668000 0.013021 0.003500
0 0.902344 0.665500 0.014063 0.004500
0 0.978646 0.647375 0.013542 0.005250
0 0.852083 0.641250 0.015625 0.004500
0 0.848177 0.645875 0.010937 0.004250
0 0.814583 0.643500 0.010417 0.006500
0 0.823437 0.643250 0.011458 0.006500
0 0.812760 0.558500 0.010937 0.005000
0 0.726042 0.664000 0.012500 0.004000
0 0.930729 0.710625 0.011458 0.003750
0 0.958073 0.676000 0.006771 0.004000
0 0.986979 0.659375 0.006250 0.004750
0 0.178906 0.630000 0.013021 0.003500
0 0.172396 0.607000 0.006250 0.006000
0 0.158073 0.607625 0.011979 0.005750
0 0.144531 0.659000 0.009896 0.007000
0 0.153385 0.657875 0.008854 0.005250
0 0.506771 0.858625 0.010417 0.006750
