0 0.004687 0.583750 0.007292 0.005000
0 0.202865 0.613125 0.010937 0.005250
0 0.225000 0.587625 0.014583 0.005750
0 0.201042 0.602250 0.011458 0.005500
0 0.252344 0.616625 0.007812 0.003750
0 0.266406 0.516750 0.009896 0.008000
0 0.215885 0.528750 0.015104 0.006000
0 0.216667 0.503250 0.007292 0.007000
0 0.017969 0.426625 0.016146 0.003250
0 0.017448 0.429750 0.018229 0.003500
0 0.145833 0.502875 0.010417 0.004250
0 0.507031 0.522125 0.007812 0.007750
0 0.444010 0.418250 0.009896 0.007500
0 0.406771 0.364250 0.011458 0.005000
0 0.409115 0.362250 0.014063 0.007000
0 0.445833 0.240250 0.009375 0.007000
0 0.590625 0.540375 0.009375 0.006250
0 0.701302 0.437375 0.013021 0.007750
0 0.698698 0.378750 0.009896 0.006500
0 0.700521 0.374500 0.014583 0.004500
0 0.869271 0.273625 0.006250 0.004250
0 0.927083 0.348000 0.008333 0.004000
0 0.591146 0.558750 0.012500 0.005500
0 0.714323 0.555625 0.011979 0.004750
0 0.840365 0.555375 0.009896 0.006250
