0 0.469125 0.941927 0.006750 0.010937
0 0.476625 0.887240 0.003750 0.004687
0 0.477750 0.881771 0.003500 0.007292
0 0.481000 0.879687 0.003500 0.011458
0 0.470875 0.736979 0.003250 0.008333
0 0.486750 0.759375 0.004500 0.006250
0 0.493500 0.756250 0.002500 0.005208
0 0.492500 0.754167 0.003500 0.006250
0 0.487000 0.776823 0.005000 0.009896
0 0.480375 0.776042 0.005250 0.006250
0 0.475500 0.792188 0.003500 0.008333
0 0.472000 0.791146 0.004000 0.004167
0 0.469000 0.783333 0.004500 0.007292
0 0.471750 0.785937 0.003000 0.007292
0 0.473000 0.780990 0.005000 0.007812
0 0.445750 0.825781 0.003500 0.007812
0 0.434875 0.793490 0.005250 0.005729
0 0.436875 0.789844 0.004750 0.006771
0 0.439625 0.786198 0.004750 0.005729
0 0.428875 0.800781 0.004250 0.007812
0 0.429125 0.808333 0.005250 0.006250
0 0.417750 0.792969 0.004000 0.006771
0 0.421000 0.738281 0.006000 0.008854
0 0.390125 0.771094 0.005250 0.010937
0 0.395250 0.828906 0.003500 0.007812
0 0.389750 0.709635 0.003500 0.008854
0 0.459375 0.758854 0.004750 0.006250
0 0.459125 0.769531 0.005250 0.005729
0 0.462375 0.765365 0.003250 0.005729
0 0.465750 0.767969 0.004000 0.004687
0 0.465875 0.765365 0.003250 0.003646
0 0.476375 0.764844 0.004750 0.004687
0 0.476750 0.761198 0.005000 0.003646
0 0.477125 0.758594 0.003750 0.003646
0 0.514125 0.716406 0.002750 0.009896
0 0.516250 0.716406 0.003500 0.005729
0 0.525500 0.697135 0.002500 0.004687
0 0.510125 0.680208 0.004250 0.006250
0 0.495750 0.694271 0.003500 0.009375
0 0.492250 0.690885 0.004000 0.008854
0 0.496625 0.674219 0.003750 0.009896
0 0.487750 0.671354 0.004500 0.007292
0 0.488500 0.668229 0.004000 0.005208
0 0.477750 0.676823 0.003500 0.007812
0 0.478750 0.675000 0.004000 0.008333
0 0.471875 0.675000 0.004250 0.007292
0 0.473875 0.669792 0.004250 0.010417
0 0.462500 0.664323 0.003500 0.010937
0 0.418250 0.603646 0.004500 0.010417
0 0.411625 0.595313 0.004250 0.010417
0 0.379500 0.575000 0.006000 0.009375
0 0.357000 0.526823 0.004500 0.010937
0 0.354375 0.535417 0.002250 0.009375
0 0.356000 0.535677 0.003000 0.009896
0 0.340250 0.491927 0.006000 0.007812
0 0.363875 0.419010 0.003250 0.008854
0 0.368000 0.466927 0.003500 0.008854
0 0.367750 0.458333 0.004500 0.009375
0 0.382250 0.475781 0.004500 0.013021
0 0.390125 0.494271 0.005250 0.007292
0 0.396750 0.478125 0.005000 0.007292
0 0.397625 0.483594 0.004250 0.004687
0 0.396375 0.490104 0.001750 0.008333
0 0.397625 0.489844 0.001750 0.007812
0 0.400000 0.496354 0.003500 0.008333
0 0.402250 0.490104 0.002000 0.009375
0 0.400750 0.489323 0.001500 0.006771
0 0.396625 0.501302 0.003250 0.005729
0 0.398250 0.507031 0.002500 0.006771
0 0.399125 0.503385 0.002250 0.007812
0 0.401375 0.503125 0.003250 0.008333
0 0.403000 0.510156 0.002000 0.007812
0 0.405625 0.511198 0.003250 0.010937
0 0.402500 0.518229 0.003500 0.007292
0 0.403750 0.517188 0.002500 0.005208
0 0.405750 0.522656 0.003000 0.007812
0 0.403375 0.524740 0.003750 0.006771
0 0.399750 0.523177 0.003000 0.008854
0 0.401750 0.536979 0.004000 0.006250
0 0.406250 0.537500 0.003000 0.007292
0 0.406500 0.532292 0.003000 0.008333
0 0.410500 0.541927 0.003000 0.009896
0 0.407000 0.543229 0.003000 0.007292
0 0.404125 0.543229 0.002750 0.008333
0 0.404125 0.554167 0.002750 0.009375
0 0.405750 0.552604 0.002000 0.007292
0 0.407125 0.551823 0.002250 0.007812
0 0.529750 0.647396 0.004500 0.008333
0 0.519000 0.641146 0.004500 0.011458
0 0.523750 0.621875 0.004500 0.009375
0 0.526250 0.617708 0.003000 0.010417
0 0.512250 0.613281 0.005000 0.009896
0 0.518000 0.591406 0.003500 0.007812
0 0.518375 0.587760 0.002750 0.007812
0 0.521375 0.591146 0.003250 0.011458
0 0.509125 0.575781 0.004250 0.007812
0 0.503500 0.587760 0.002500 0.008854
0 0.505000 0.586198 0.002500 0.009896
0 0.506125 0.586198 0.002750 0.008854
0 0.516500 0.532552 0.004000 0.009896
0 0.516375 0.542708 0.002750 0.007292
0 0.518250 0.542188 0.002500 0.007292
0 0.503625 0.503125 0.004750 0.007292
0 0.510375 0.487760 0.003750 0.009896
0 0.506500 0.489063 0.003500 0.013542
0 0.500125 0.435417 0.003750 0.010417
0 0.520500 0.407812 0.005500 0.007292
0 0.498875 0.399219 0.002750 0.010937
0 0.499875 0.390104 0.005750 0.007292
0 0.497500 0.309375 0.005000 0.010417
0 0.547125 0.663021 0.002750 0.009375
0 0.545375 0.546354 0.004250 0.010417
0 0.566625 0.567969 0.002250 0.009896
0 0.568500 0.567708 0.002500 0.008333
0 0.546375 0.472917 0.003750 0.007292
0 0.542625 0.467969 0.003250 0.007812
0 0.548625 0.465104 0.003250 0.010417
0 0.256500 0.492188 0.003500 0.008333
0 0.603875 0.230208 0.004250 0.007292
0 0.635125 0.551562 0.004250 0.006250
0 0.853750 0.044271 0.005500 0.010417
