0 0.183073 0.650625 0.008854 0.004750
0 0.196094 0.568000 0.014063 0.008000
0 0.220052 0.411375 0.013021 0.004250
0 0.306771 0.437250 0.012500 0.004000
0 0.310677 0.184000 0.008854 0.007000
0 0.700260 0.407625 0.008854 0.006750
0 0.790885 0.335250 0.009896 0.003500
0 0.803125 0.307000 0.010417 0.004500
0 0.756771 0.266875 0.008333 0.005250
0 0.754948 0.498750 0.008854 0.005500
0 0.765104 0.505000 0.009375 0.005000
0 0.934115 0.499000 0.014063 0.005500
0 0.983073 0.059125 0.009896 0.004250
0 0.978385 0.069375 0.007812 0.002750
0 0.455990 0.123000 0.007812 0.005500
0 0.044010 0.145250 0.013021 0.006000
