0 0.402875 0.196354 0.004250 0.012500
0 0.411500 0.199479 0.006500 0.008333
0 0.427250 0.196615 0.006500 0.007812
0 0.438875 0.189323 0.004750 0.013021
0 0.448500 0.213542 0.004000 0.014583
0 0.433000 0.216406 0.005000 0.014063
0 0.422875 0.209375 0.006750 0.010417
0 0.415625 0.212240 0.005250 0.014063
0 0.408750 0.208854 0.006000 0.011458
0 0.400250 0.216667 0.003500 0.015625
0 0.403375 0.226823 0.002250 0.011979
0 0.405000 0.225000 0.003500 0.015625
0 0.436500 0.236198 0.006500 0.007812
0 0.480250 0.206250 0.004500 0.014583
0 0.469000 0.228125 0.003500 0.006250
0 0.482750 0.224219 0.005000 0.006771
0 0.517500 0.272396 0.007000 0.013542
0 0.428125 0.361979 0.006250 0.016667
0 0.432875 0.409115 0.006250 0.013021
0 0.421625 0.436458 0.005750 0.014583
0 0.397625 0.490104 0.007250 0.010417
0 0.391375 0.504687 0.006750 0.010417
0 0.382250 0.509375 0.006000 0.012500
0 0.258500 0.980469 0.006500 0.009896
0 0.490250 0.542188 0.004500 0.013542
0 0.497875 0.518490 0.006750 0.015104
0 0.457750 0.486979 0.004500 0.013542
0 0.455750 0.485677 0.004000 0.010937
0 0.462000 0.475781 0.004500 0.011979
0 0.464750 0.476042 0.004000 0.010417
0 0.464875 0.480990 0.004750 0.009896
0 0.504750 0.448698 0.008000 0.007812
0 0.519500 0.448437 0.005500 0.009375
0 0.515375 0.418229 0.003250 0.017708
0 0.519750 0.408073 0.004500 0.013021
0 0.521000 0.392969 0.004000 0.015104
0 0.528375 0.377344 0.004750 0.015104
0 0.527625 0.334375 0.006750 0.009375
0 0.544875 0.314323 0.005750 0.014063
0 0.561000 0.308073 0.005000 0.019271
0 0.515000 0.810937 0.007000 0.014583
0 0.585000 0.701562 0.004500 0.010417
0 0.581750 0.605729 0.006500 0.013542
0 0.592500 0.585677 0.004000 0.011979
0 0.578000 0.618490 0.004000 0.015104
0 0.583125 0.626302 0.005250 0.010937
0 0.581625 0.633594 0.003250 0.015104
0 0.572750 0.558073 0.005500 0.015104
0 0.574000 0.501563 0.007500 0.012500
0 0.576875 0.492969 0.004750 0.014063
0 0.577875 0.482292 0.004250 0.016667
0 0.557375 0.470833 0.004750 0.017708
0 0.587000 0.447656 0.003500 0.017188
0 0.587750 0.423437 0.005500 0.014583
0 0.587000 0.404948 0.006500 0.016146
0 0.674750 0.416406 0.007500 0.016146
0 0.645875 0.372135 0.008250 0.016146
0 0.681875 0.233073 0.004750 0.013021
0 0.683500 0.229687 0.006000 0.014583
