0 0.332292 0.400750 0.016667 0.009500
0 0.317448 0.408625 0.014063 0.007250
0 0.422656 0.379625 0.015104 0.008250
0 0.421615 0.381750 0.019271 0.008000
0 0.405990 0.392875 0.020313 0.011250
0 0.495833 0.379500 0.020833 0.009500
0 0.519792 0.394750 0.013542 0.007500
0 0.468490 0.402750 0.018229 0.011500
0 0.497396 0.403375 0.018750 0.008750
0 0.495052 0.411125 0.019271 0.010750
0 0.514323 0.406000 0.009896 0.010000
0 0.495573 0.425500 0.021354 0.011500
0 0.491927 0.426125 0.019271 0.008750
0 0.442188 0.420875 0.020833 0.008750
0 0.442188 0.435625 0.020833 0.011750
0 0.444792 0.428125 0.013542 0.008250
0 0.461979 0.430750 0.020833 0.009000
0 0.461979 0.443250 0.017708 0.010500
0 0.357812 0.432500 0.021875 0.009500
0 0.393229 0.455625 0.015625 0.007750
0 0.421615 0.445750 0.017188 0.009500
0 0.481510 0.458625 0.020313 0.008750
0 0.272135 0.492000 0.019271 0.007000
0 0.237760 0.509625 0.019271 0.008250
0 0.296354 0.531125 0.015625 0.008250
0 0.308854 0.555500 0.018750 0.009000
0 0.360938 0.487750 0.017708 0.009500
0 0.375260 0.502750 0.014063 0.007000
0 0.394792 0.496375 0.014583 0.007750
0 0.376563 0.491250 0.015625 0.009500
0 0.353125 0.496250 0.012500 0.007500
0 0.362500 0.497625 0.010417 0.006250
0 0.399740 0.481750 0.015104 0.005500
0 0.375260 0.473125 0.021354 0.008250
0 0.378125 0.472375 0.014583 0.007750
0 0.376563 0.466625 0.011458 0.006250
0 0.384896 0.468500 0.011458 0.007500
0 0.411979 0.476750 0.013542 0.006500
0 0.412240 0.474125 0.014063 0.005750
0 0.428906 0.473875 0.010937 0.007250
0 0.436979 0.472000 0.011458 0.007500
0 0.444531 0.475500 0.009896 0.006500
0 0.397396 0.469375 0.011458 0.007250
0 0.405208 0.470125 0.009375 0.006750
0 0.411458 0.467625 0.014583 0.008250
0 0.424740 0.463625 0.010937 0.006750
0 0.429688 0.456125 0.013542 0.005750
0 0.433333 0.459375 0.012500 0.008750
0 0.438542 0.458875 0.013542 0.007250
0 0.443490 0.461875 0.007812 0.006250
0 0.372656 0.576875 0.013021 0.005750
0 0.438802 0.548250 0.015104 0.007500
0 0.471615 0.546000 0.013021 0.006500
0 0.492969 0.560250 0.015104 0.009000
0 0.495573 0.560750 0.007812 0.007000
0 0.509375 0.558875 0.008333 0.005750
0 0.507031 0.566625 0.014063 0.005750
0 0.388542 0.589750 0.014583 0.005500
0 0.393750 0.584250 0.013542 0.005000
0 0.422917 0.584625 0.015625 0.005250
0 0.407552 0.589375 0.009896 0.005750
0 0.422135 0.588875 0.014063 0.007250
0 0.450000 0.583250 0.009375 0.006500
0 0.464844 0.579750 0.010937 0.008000
0 0.471615 0.591250 0.014063 0.007000
0 0.530990 0.577500 0.011979 0.008000
0 0.544792 0.573500 0.013542 0.008000
0 0.532813 0.564625 0.013542 0.008750
0 0.521875 0.545125 0.013542 0.007250
0 0.561458 0.575000 0.008333 0.006000
0 0.582552 0.581125 0.009896 0.005250
0 0.594792 0.582375 0.009375 0.005250
0 0.592448 0.574500 0.018229 0.008000
0 0.584635 0.563625 0.022396 0.006750
0 0.612500 0.557375 0.013542 0.007750
0 0.611458 0.566125 0.018750 0.006750
0 0.614323 0.571000 0.011979 0.006500
0 0.623958 0.571250 0.013542 0.007000
0 0.629167 0.566875 0.009375 0.007750
0 0.645573 0.563875 0.008854 0.006250
0 0.564063 0.544000 0.017708 0.007500
0 0.569792 0.542375 0.012500 0.006250
0 0.533333 0.528375 0.016667 0.007250
0 0.568490 0.535625 0.009896 0.008250
0 0.577344 0.537875 0.013021 0.007250
0 0.578646 0.531750 0.017708 0.005500
0 0.600260 0.534500 0.014063 0.008500
0 0.607031 0.527875 0.011979 0.008250
0 0.594010 0.528125 0.015104 0.005750
0 0.620313 0.522750 0.017708 0.009000
0 0.624479 0.516750 0.013542 0.009500
0 0.646615 0.539125 0.014063 0.007250
0 0.663021 0.533125 0.011458 0.006250
0 0.668750 0.560500 0.009375 0.006500
0 0.322656 0.617625 0.009896 0.006250
0 0.314844 0.618500 0.010937 0.004000
0 0.352865 0.610500 0.011979 0.007000
0 0.373698 0.626750 0.014063 0.006000
0 0.370573 0.637125 0.013021 0.005250
0 0.501042 0.615125 0.010417 0.005250
0 0.526042 0.617125 0.010417 0.006250
0 0.477083 0.647250 0.016667 0.007500
0 0.493490 0.651875 0.013021 0.007750
0 0.533333 0.651000 0.012500 0.006000
0 0.541667 0.653500 0.010417 0.006500
0 0.534896 0.657000 0.015625 0.006000
0 0.533333 0.662125 0.015625 0.005250
0 0.542188 0.667375 0.013542 0.009250
0 0.554427 0.665375 0.013021 0.009250
0 0.548698 0.643000 0.017188 0.008500
0 0.559115 0.639375 0.014063 0.007750
0 0.552344 0.650750 0.014063 0.006000
0 0.560417 0.654125 0.010417 0.005750
0 0.586979 0.647125 0.015625 0.006250
0 0.588281 0.651750 0.018229 0.005500
0 0.579167 0.657000 0.018750 0.007500
0 0.578646 0.670375 0.018750 0.006250
0 0.602865 0.632500 0.013021 0.007000
0 0.635677 0.654000 0.017188 0.006000
0 0.661719 0.649750 0.011979 0.009500
0 0.645052 0.586875 0.016146 0.005750
0 0.576302 0.591875 0.009896 0.003750
0 0.550521 0.590125 0.010417 0.004750
0 0.561458 0.590750 0.008333 0.005500
0 0.668229 0.657375 0.013542 0.008250
0 0.678385 0.657625 0.009896 0.007250
0 0.640625 0.665500 0.015625 0.009500
0 0.651823 0.665625 0.015104 0.008750
0 0.664583 0.665000 0.010417 0.007500
0 0.642188 0.676250 0.014583 0.007000
0 0.652865 0.685625 0.016146 0.008250
0 0.657813 0.692625 0.026042 0.008750
0 0.636198 0.694875 0.015104 0.008750
0 0.654948 0.709875 0.017188 0.005750
0 0.630208 0.719625 0.015625 0.010250
0 0.616927 0.685625 0.011979 0.009250
0 0.584115 0.681875 0.017188 0.007750
0 0.555990 0.685125 0.015104 0.009250
0 0.530469 0.688750 0.009896 0.005500
0 0.511719 0.675625 0.014063 0.008250
0 0.499479 0.686375 0.014583 0.007250
0 0.540365 0.703750 0.014063 0.010500
0 0.516927 0.702250 0.013021 0.008000
0 0.588542 0.743750 0.013542 0.009000
0 0.618750 0.737875 0.014583 0.007750
0 0.627083 0.740125 0.008333 0.008750
0 0.635677 0.740125 0.010937 0.006750
0 0.636979 0.744750 0.011458 0.006500
0 0.646615 0.738250 0.014063 0.007000
0 0.650000 0.743750 0.013542 0.007000
0 0.656771 0.747250 0.012500 0.008000
0 0.659635 0.748750 0.013021 0.009000
0 0.664844 0.754125 0.016146 0.009750
0 0.530990 0.753500 0.017188 0.008000
0 0.488281 0.769125 0.017188 0.007750
0 0.496615 0.780875 0.014063 0.007250
0 0.447656 0.773250 0.021354 0.008000
0 0.444271 0.767875 0.017708 0.007750
0 0.427604 0.758250 0.015625 0.007000
0 0.421094 0.776000 0.019271 0.004500
0 0.510156 0.861875 0.016146 0.005750
0 0.535156 0.875875 0.011979 0.010750
0 0.548438 0.879500 0.012500 0.008000
0 0.441667 0.811875 0.014583 0.007250
0 0.444271 0.805000 0.010417 0.008500
0 0.373698 0.743625 0.007812 0.007250
0 0.378125 0.759125 0.010417 0.006750
0 0.386458 0.752000 0.014583 0.009500
0 0.387500 0.761250 0.010417 0.006500
0 0.379688 0.768625 0.008333 0.007750
0 0.388802 0.765750 0.007812 0.006500
0 0.408854 0.769000 0.012500 0.007500
0 0.398438 0.767625 0.011458 0.007750
0 0.395313 0.770625 0.009375 0.006250
0 0.388021 0.775125 0.012500 0.008250
0 0.399740 0.778750 0.010937 0.008500
0 0.414323 0.790750 0.011979 0.008000
0 0.417448 0.786000 0.010937 0.007000
0 0.433073 0.788750 0.011979 0.008500
0 0.390104 0.796875 0.012500 0.004750
0 0.404427 0.739000 0.015104 0.010500
0 0.403385 0.741250 0.015104 0.006000
0 0.359375 0.726500 0.014583 0.007500
0 0.364844 0.730750 0.014063 0.006500
0 0.411979 0.715750 0.015625 0.007000
0 0.423437 0.706500 0.010417 0.005500
0 0.405729 0.699625 0.011458 0.006250
0 0.380990 0.713250 0.016146 0.005500
0 0.367969 0.710875 0.011979 0.006750
0 0.377865 0.708250 0.014063 0.005500
0 0.334896 0.700375 0.011458 0.007750
0 0.353906 0.691500 0.011979 0.007500
0 0.366146 0.692125 0.014583 0.005250
0 0.336198 0.681750 0.016146 0.007500
0 0.322135 0.698375 0.009896 0.005750
0 0.323958 0.718500 0.009375 0.006000
0 0.334896 0.734125 0.008333 0.004250
0 0.474479 0.666125 0.013542 0.008250
0 0.446094 0.663500 0.008854 0.005000
0 0.457813 0.658375 0.014583 0.008750
0 0.453385 0.653000 0.009896 0.003500
0 0.437500 0.655000 0.010417 0.006000
0 0.342969 0.655375 0.013021 0.005250
0 0.346354 0.646125 0.008333 0.005250
0 0.305729 0.680125 0.011458 0.005750
0 0.310677 0.665625 0.015104 0.006250
0 0.296875 0.653500 0.011458 0.008000
0 0.247396 0.680875 0.016667 0.006750
0 0.214844 0.681500 0.013021 0.007000
0 0.222396 0.687375 0.012500 0.004750
0 0.238021 0.704000 0.011458 0.004500
0 0.226823 0.711500 0.010937 0.003500
0 0.685677 0.654625 0.008854 0.007750
0 0.701302 0.658000 0.009896 0.007000
0 0.714323 0.654375 0.010937 0.007250
0 0.734635 0.656250 0.018229 0.007000
0 0.744531 0.666250 0.016146 0.007000
0 0.755729 0.666875 0.009375 0.006250
0 0.757812 0.662750 0.014583 0.006000
0 0.754167 0.659000 0.015625 0.005000
0 0.766146 0.680375 0.012500 0.008250
0 0.775000 0.680375 0.009375 0.006250
0 0.705990 0.683250 0.015104 0.010000
0 0.700260 0.689000 0.018229 0.010500
0 0.748437 0.685000 0.010417 0.005000
0 0.722656 0.701125 0.019271 0.006250
0 0.732552 0.695875 0.014063 0.008750
0 0.758854 0.694250 0.013542 0.008000
0 0.807552 0.695250 0.014063 0.008500
0 0.724219 0.715750 0.013021 0.008500
0 0.738281 0.712625 0.015104 0.009750
0 0.746875 0.710375 0.012500 0.008750
0 0.764062 0.720000 0.015625 0.007500
0 0.794531 0.726875 0.013021 0.006250
0 0.727865 0.741000 0.021354 0.007000
0 0.745573 0.749875 0.015104 0.006250
0 0.752604 0.756250 0.016667 0.005500
0 0.763021 0.746750 0.012500 0.009500
0 0.795833 0.754875 0.018750 0.009750
0 0.817708 0.759250 0.015625 0.009500
0 0.547396 0.844875 0.010417 0.005750
0 0.836458 0.560250 0.017708 0.007500
0 0.798177 0.559750 0.013021 0.006500
0 0.746094 0.581875 0.011979 0.007750
0 0.756771 0.576875 0.015625 0.008750
0 0.767448 0.578875 0.013021 0.006750
0 0.681250 0.585750 0.017708 0.007500
0 0.688542 0.583000 0.017708 0.007000
0 0.659896 0.574000 0.010417 0.005500
0 0.680990 0.558875 0.014063 0.005750
0 0.697917 0.558000 0.015625 0.006500
0 0.703646 0.562250 0.013542 0.006500
0 0.674740 0.568750 0.011979 0.008000
0 0.685937 0.571750 0.015625 0.008000
0 0.737760 0.545250 0.014063 0.007500
0 0.735677 0.540375 0.016146 0.004250
0 0.749479 0.539375 0.015625 0.006250
0 0.806510 0.531875 0.018229 0.009250
0 0.809896 0.533125 0.016667 0.006250
0 0.730990 0.528500 0.015104 0.006500
0 0.740104 0.522250 0.018750 0.009500
0 0.717969 0.535125 0.015104 0.006750
0 0.696354 0.517125 0.014583 0.009250
0 0.113281 0.695250 0.014063 0.009000
0 0.066406 0.713750 0.027604 0.013000
