0 0.279750 0.211979 0.012000 0.037500
0 0.299750 0.240104 0.010000 0.039583
0 0.400250 0.414062 0.017000 0.033333
0 0.402750 0.500521 0.014000 0.027083
0 0.441250 0.701562 0.023000 0.033333
0 0.403250 0.745313 0.017000 0.037500
0 0.538750 0.685937 0.012000 0.027083
0 0.550250 0.711979 0.011000 0.029167
0 0.569750 0.742188 0.012000 0.043750
0 0.555750 0.781771 0.014000 0.031250
0 0.417250 0.116146 0.021000 0.041667
0 0.685750 0.101562 0.016000 0.033333
0 0.541250 0.191146 0.013000 0.033333
0 0.540750 0.246354 0.010000 0.039583
0 0.552250 0.253646 0.015000 0.029167
0 0.484250 0.369271 0.011000 0.035417
0 0.484750 0.335938 0.012000 0.035417
0 0.493250 0.324479 0.011000 0.033333
