0 0.438802 0.709250 0.006771 0.005500
0 0.601302 0.682250 0.007812 0.006000
0 0.589323 0.672000 0.009896 0.006000
0 0.518750 0.660375 0.011458 0.005250
0 0.518490 0.650750 0.008854 0.005000
0 0.494010 0.650375 0.008854 0.004750
0 0.518490 0.622000 0.015104 0.008000
0 0.557031 0.604750 0.005729 0.004500
0 0.604427 0.585875 0.008854 0.005750
0 0.646094 0.540000 0.007812 0.004500
0 0.650260 0.551375 0.008854 0.003750
0 0.664323 0.546875 0.007812 0.003750
0 0.660937 0.545875 0.008333 0.003250
0 0.464583 0.561875 0.008333 0.002750
0 0.464062 0.564875 0.008333 0.003750
0 0.419271 0.576500 0.007292 0.004000
0 0.429688 0.564625 0.007292 0.003750
0 0.486198 0.556875 0.008854 0.004250
0 0.307292 0.588500 0.008333 0.004000
0 0.299479 0.591250 0.009375 0.003500
0 0.276042 0.591125 0.006250 0.003250
0 0.274219 0.590125 0.007812 0.003750
0 0.458073 0.506250 0.011979 0.005000
0 0.424219 0.504250 0.009896 0.003000
0 0.361979 0.499000 0.005208 0.003500
0 0.226302 0.503375 0.010937 0.003750
0 0.194531 0.511500 0.011979 0.003000
0 0.198958 0.504375 0.011458 0.002250
0 0.197656 0.502500 0.009896 0.002000
0 0.246094 0.491500 0.013021 0.004000
0 0.154167 0.504625 0.011458 0.002250
0 0.154167 0.502625 0.009375 0.001750
0 0.520573 0.439875 0.009896 0.004750
0 0.560156 0.456000 0.005729 0.004000
0 0.564323 0.456125 0.007812 0.003750
0 0.356510 0.464500 0.011979 0.003500
0 0.434115 0.434000 0.009896 0.002500
0 0.433333 0.432250 0.009375 0.002000
0 0.367188 0.417500 0.010417 0.005000
0 0.320833 0.421000 0.009375 0.004000
0 0.201823 0.433500 0.006771 0.004000
0 0.250521 0.453125 0.009375 0.005250
0 0.228646 0.433375 0.010417 0.002250
0 0.227344 0.431875 0.009896 0.001750
0 0.238281 0.424500 0.007812 0.002000
0 0.237760 0.423125 0.009896 0.001750
