0 0.661979 0.629625 0.017708 0.006750
0 0.794531 0.566500 0.017188 0.004000
0 0.746354 0.546750 0.010417 0.006000
0 0.696875 0.534375 0.012500 0.003750
0 0.825260 0.525250 0.015104 0.004500
0 0.732812 0.502125 0.008333 0.006250
0 0.752865 0.498750 0.014063 0.005000
0 0.768750 0.500000 0.007292 0.006000
0 0.851562 0.513250 0.010417 0.003500
0 0.852865 0.464375 0.013021 0.005250
0 0.754687 0.408875 0.012500 0.004250
0 0.772396 0.384750 0.011458 0.004500
0 0.807812 0.400250 0.011458 0.006000
0 0.798958 0.417250 0.012500 0.005500
0 0.800781 0.413750 0.009896 0.004500
0 0.803385 0.406875 0.010937 0.004250
0 0.775000 0.413125 0.006250 0.004250
0 0.771354 0.410125 0.011458 0.004750
0 0.726823 0.410500 0.010937 0.006000
0 0.716927 0.410625 0.009896 0.005750
0 0.684375 0.382250 0.010417 0.005000
0 0.740365 0.371500 0.013021 0.003500
0 0.770573 0.358000 0.009896 0.006000
0 0.767188 0.353125 0.007292 0.002750
0 0.735938 0.335125 0.010417 0.004750
0 0.694271 0.343500 0.010417 0.005000
0 0.673698 0.334250 0.008854 0.003500
0 0.715104 0.338375 0.009375 0.003250
0 0.717969 0.342625 0.014063 0.004750
0 0.750521 0.309125 0.008333 0.004750
0 0.652083 0.276625 0.011458 0.003250
0 0.707031 0.261875 0.007812 0.004750
0 0.754687 0.294500 0.007292 0.003500
0 0.631771 0.342750 0.012500 0.003500
0 0.619792 0.487000 0.006250 0.006000
0 0.605469 0.466625 0.011979 0.005250
0 0.579688 0.469750 0.006250 0.006500
0 0.685417 0.458125 0.012500 0.004750
0 0.683333 0.476750 0.010417 0.004000
0 0.680469 0.471000 0.011979 0.005500
0 0.553906 0.420000 0.011979 0.004500
0 0.524479 0.424500 0.011458 0.004500
0 0.576042 0.406750 0.008333 0.004500
0 0.583854 0.431000 0.012500 0.003500
0 0.584635 0.427750 0.013021 0.003500
0 0.438021 0.382875 0.007292 0.005250
0 0.425000 0.373000 0.012500 0.003500
0 0.420573 0.368000 0.011979 0.003500
0 0.418750 0.362875 0.012500 0.003250
0 0.421875 0.359250 0.011458 0.003000
0 0.339844 0.373125 0.008854 0.005750
0 0.346615 0.368125 0.011979 0.005250
0 0.395052 0.370375 0.010937 0.003750
0 0.429427 0.421750 0.010937 0.006000
0 0.237500 0.361875 0.007292 0.006250
0 0.253385 0.344750 0.011979 0.006000
0 0.172396 0.327250 0.008333 0.005500
0 0.140365 0.335250 0.013021 0.004000
0 0.123177 0.330000 0.008854 0.003000
0 0.144792 0.313625 0.010417 0.005750
0 0.282813 0.304375 0.011458 0.004250
0 0.230990 0.311625 0.009896 0.002750
0 0.227083 0.294750 0.006250 0.004000
0 0.260937 0.287750 0.008333 0.003500
0 0.324740 0.301500 0.010937 0.004500
0 0.940365 0.419750 0.011979 0.003500
0 0.980990 0.369250 0.010937 0.003500
0 0.830469 0.667125 0.011979 0.006750
0 0.830729 0.658250 0.013542 0.006500
0 0.927344 0.670375 0.008854 0.006750
0 0.952344 0.663625 0.011979 0.007250
0 0.800781 0.751625 0.014063 0.005750
0 0.767448 0.751750 0.014063 0.005000
0 0.745052 0.801250 0.014063 0.007500
0 0.739062 0.810250 0.015625 0.004000
0 0.727083 0.810500 0.011458 0.006000
0 0.676562 0.858875 0.012500 0.006750
0 0.658073 0.883750 0.014063 0.005500
0 0.655208 0.895875 0.014583 0.006250
0 0.570573 0.895875 0.014063 0.007750
0 0.596875 0.917000 0.014583 0.005000
0 0.567448 0.919125 0.009896 0.007750
0 0.572396 0.924125 0.010417 0.006750
0 0.265625 0.770500 0.007292 0.006000
0 0.286198 0.756750 0.014063 0.004000
0 0.297917 0.755875 0.008333 0.005750
0 0.305469 0.756875 0.008854 0.006750
0 0.315104 0.796500 0.010417 0.004000
0 0.327344 0.796375 0.016146 0.004750
0 0.429167 0.735500 0.010417 0.005500
0 0.425260 0.729625 0.013021 0.006250
0 0.476562 0.691500 0.015625 0.006500
0 0.543490 0.680375 0.017188 0.004750
0 0.580208 0.552000 0.007292 0.006000
0 0.305729 0.556125 0.012500 0.003250
0 0.359896 0.534000 0.008333 0.003500
0 0.397917 0.552625 0.010417 0.003250
0 0.138542 0.771625 0.009375 0.007250
0 0.055990 0.788250 0.008854 0.005000
0 0.094531 0.806500 0.011979 0.006500
0 0.061719 0.815375 0.011979 0.007250
0 0.086719 0.826500 0.015104 0.004000
0 0.062240 0.828125 0.015104 0.007250
0 0.105729 0.858125 0.012500 0.005250
0 0.074219 0.610750 0.006771 0.003000
0 0.079687 0.614250 0.009375 0.006000
0 0.116667 0.548625 0.011458 0.005250
0 0.069010 0.541875 0.011979 0.004250
0 0.028125 0.540750 0.012500 0.004000
0 0.174219 0.524625 0.009896 0.004250
0 0.097135 0.256750 0.013021 0.004500
0 0.150000 0.272750 0.014583 0.005500
0 0.234896 0.400375 0.011458 0.004750
0 0.259375 0.820250 0.016667 0.008000
0 0.873177 0.613750 0.011979 0.007500
0 0.916667 0.613500 0.013542 0.006000
