0 0.274740 0.648500 0.008854 0.005000
0 0.300260 0.622500 0.010937 0.008000
0 0.309375 0.597750 0.009375 0.006500
0 0.312500 0.595500 0.007292 0.007500
0 0.293490 0.594500 0.007812 0.007000
0 0.288021 0.592500 0.010417 0.006000
0 0.279948 0.559750 0.011979 0.005000
0 0.401042 0.562375 0.014583 0.006250
0 0.470312 0.549625 0.015625 0.004250
0 0.480208 0.553500 0.012500 0.007000
0 0.508594 0.562000 0.016146 0.005000
0 0.479948 0.569125 0.014063 0.007250
0 0.472396 0.579250 0.012500 0.007500
0 0.492969 0.594750 0.011979 0.008000
0 0.516667 0.590000 0.013542 0.004000
0 0.529948 0.590250 0.013021 0.007000
0 0.541667 0.599250 0.012500 0.005000
0 0.544531 0.597625 0.014063 0.005750
0 0.564844 0.591000 0.017188 0.005500
0 0.567969 0.602250 0.016146 0.004500
0 0.566146 0.604500 0.013542 0.002500
0 0.559375 0.606875 0.013542 0.006250
0 0.552604 0.612125 0.014583 0.007750
0 0.577083 0.637125 0.013542 0.006750
0 0.560417 0.632000 0.007292 0.007500
0 0.613021 0.635250 0.011458 0.005500
0 0.615625 0.633875 0.012500 0.006250
0 0.646875 0.642125 0.014583 0.005250
0 0.652604 0.640875 0.012500 0.006250
0 0.649479 0.635375 0.016667 0.006250
0 0.675260 0.646000 0.014063 0.005000
0 0.676302 0.643250 0.015104 0.004500
0 0.678125 0.641375 0.014583 0.004250
0 0.757812 0.701875 0.006250 0.006750
0 0.753385 0.701750 0.008854 0.006500
0 0.690104 0.618000 0.013542 0.006500
0 0.686458 0.612250 0.016667 0.006500
0 0.668750 0.608000 0.009375 0.006500
0 0.672396 0.607125 0.008333 0.004750
0 0.650000 0.607375 0.013542 0.006250
0 0.653125 0.601875 0.014583 0.006750
0 0.652865 0.598375 0.013021 0.006750
0 0.638281 0.592750 0.010937 0.005000
0 0.632031 0.593500 0.011979 0.006500
0 0.623698 0.592000 0.010937 0.006000
0 0.610156 0.588000 0.010937 0.006500
0 0.588542 0.582375 0.011458 0.006750
0 0.591146 0.577125 0.008333 0.004250
0 0.525000 0.558500 0.011458 0.005500
0 0.515104 0.552750 0.015625 0.006500
0 0.459115 0.502750 0.011979 0.007500
0 0.531771 0.521000 0.009375 0.009000
0 0.521094 0.519250 0.008854 0.007000
0 0.524740 0.509000 0.014063 0.007500
0 0.539323 0.539875 0.008854 0.006750
0 0.547656 0.542125 0.011979 0.005750
0 0.572917 0.550750 0.009375 0.005000
0 0.577344 0.548000 0.014063 0.005000
0 0.576562 0.550000 0.009375 0.003500
0 0.589063 0.548250 0.013542 0.004000
0 0.593750 0.552375 0.013542 0.004750
0 0.595573 0.555500 0.013021 0.003500
0 0.590104 0.556000 0.012500 0.006500
0 0.598177 0.572000 0.010937 0.005500
0 0.617448 0.572750 0.014063 0.004000
0 0.618229 0.574875 0.010417 0.003250
0 0.626042 0.584625 0.014583 0.004750
0 0.681771 0.592125 0.010417 0.005250
0 0.744792 0.622000 0.014583 0.007500
0 0.696354 0.605250 0.008333 0.005000
0 0.797396 0.618625 0.011458 0.003750
0 0.795573 0.616750 0.009896 0.003500
0 0.792969 0.605625 0.014063 0.005750
0 0.706771 0.582625 0.015625 0.004250
0 0.668229 0.577750 0.016667 0.003000
0 0.668490 0.575125 0.013021 0.002750
0 0.645312 0.570500 0.011458 0.007000
0 0.802083 0.597750 0.011458 0.004000
0 0.785937 0.595125 0.010417 0.004750
0 0.788021 0.581500 0.009375 0.005500
0 0.770833 0.589875 0.010417 0.007250
0 0.743490 0.572500 0.015104 0.005500
0 0.705990 0.563375 0.013021 0.004750
0 0.690104 0.564625 0.015625 0.003750
0 0.701042 0.559000 0.011458 0.004000
0 0.690104 0.560375 0.010417 0.005250
0 0.712760 0.546375 0.013021 0.007750
0 0.669010 0.549625 0.013021 0.006750
0 0.681510 0.535000 0.009896 0.006500
0 0.637500 0.554500 0.010417 0.006000
0 0.639844 0.553000 0.009896 0.005000
0 0.613281 0.546000 0.013021 0.006000
0 0.691667 0.521750 0.013542 0.005500
0 0.817708 0.534250 0.017708 0.006000
0 0.833333 0.528500 0.015625 0.007500
0 0.780990 0.530000 0.014063 0.004000
0 0.769531 0.531000 0.013021 0.002500
0 0.763542 0.527750 0.021875 0.005000
0 0.747917 0.520875 0.017708 0.004250
0 0.731771 0.518625 0.005208 0.005250
0 0.729427 0.513250 0.017188 0.004000
0 0.718750 0.513250 0.006250 0.007000
0 0.716406 0.518250 0.014063 0.005500
0 0.697917 0.513750 0.012500 0.005500
0 0.699479 0.516750 0.014583 0.003000
0 0.677344 0.511250 0.015104 0.005500
0 0.668490 0.512125 0.017188 0.003750
0 0.652083 0.510000 0.015625 0.005000
0 0.663542 0.508000 0.015625 0.005000
0 0.636719 0.507375 0.011979 0.004750
0 0.509635 0.476125 0.015104 0.007750
0 0.528646 0.480375 0.014583 0.006250
0 0.544531 0.479875 0.013021 0.008250
0 0.554167 0.478250 0.014583 0.007000
0 0.561458 0.473875 0.012500 0.006250
0 0.405729 0.421375 0.010417 0.008250
0 0.428646 0.399375 0.011458 0.008750
0 0.468750 0.393750 0.009375 0.005500
0 0.465104 0.392250 0.010417 0.008000
0 0.463281 0.380875 0.013021 0.006750
0 0.474219 0.378750 0.009896 0.007000
0 0.477865 0.377000 0.008854 0.004500
0 0.492188 0.383875 0.014583 0.005250
0 0.492448 0.387625 0.013021 0.005750
0 0.519531 0.378250 0.016146 0.005000
0 0.517188 0.375875 0.010417 0.005250
0 0.478385 0.371125 0.014063 0.005750
0 0.500521 0.364750 0.013542 0.007000
0 0.492708 0.358625 0.011458 0.008750
0 0.503646 0.358250 0.011458 0.005500
0 0.533594 0.342500 0.014063 0.004500
0 0.548958 0.343875 0.014583 0.006750
0 0.552865 0.339375 0.015104 0.004250
0 0.563802 0.334000 0.015104 0.006500
0 0.573177 0.348625 0.013021 0.006750
0 0.530469 0.402000 0.017188 0.005500
0 0.598958 0.390875 0.011458 0.008250
0 0.595833 0.376750 0.011458 0.008500
0 0.629427 0.330000 0.017188 0.005000
0 0.648177 0.319625 0.015104 0.005750
0 0.617448 0.312750 0.009896 0.007500
0 0.601562 0.316000 0.017708 0.004500
0 0.590104 0.321500 0.008333 0.008500
0 0.579688 0.323750 0.013542 0.006500
0 0.736979 0.289250 0.017708 0.005000
0 0.832812 0.255125 0.018750 0.005250
0 0.880208 0.484250 0.021875 0.006500
0 0.900781 0.482500 0.020313 0.007500
