0 0.187250 0.254688 0.019000 0.039583
0 0.247750 0.432812 0.018000 0.041667
0 0.504250 0.949479 0.015000 0.033333
0 0.608250 0.953646 0.013000 0.050000
0 0.703750 0.718229 0.018000 0.033333
0 0.694750 0.670312 0.012000 0.029167
0 0.746750 0.800521 0.012000 0.027083
0 0.565250 0.446354 0.011000 0.035417
0 0.631750 0.370312 0.016000 0.045833
0 0.462250 0.375521 0.019000 0.031250
0 0.503750 0.300521 0.018000 0.035417
0 0.545750 0.141146 0.014000 0.050000
0 0.576250 0.099479 0.013000 0.045833
0 0.482750 0.117188 0.022000 0.018750
