0 0.079948 0.459500 0.018229 0.008500
0 0.136198 0.394500 0.010937 0.007500
0 0.206771 0.477000 0.014583 0.007500
0 0.219271 0.489500 0.014583 0.009000
0 0.252344 0.491500 0.011979 0.007000
0 0.248958 0.517250 0.013542 0.009500
0 0.212760 0.537625 0.017188 0.007250
0 0.211719 0.556125 0.017188 0.006250
0 0.199219 0.553375 0.015104 0.006250
0 0.261198 0.554250 0.018229 0.009000
0 0.264844 0.576625 0.010937 0.009750
0 0.287500 0.570500 0.013542 0.008000
0 0.302604 0.563625 0.013542 0.006750
0 0.290625 0.553125 0.008333 0.006750
0 0.300000 0.553750 0.013542 0.005500
0 0.296354 0.557875 0.015625 0.003750
0 0.326302 0.571000 0.015104 0.009500
0 0.338281 0.591250 0.016146 0.006500
0 0.371094 0.595625 0.020313 0.006750
0 0.345052 0.600875 0.011979 0.009750
0 0.299479 0.613500 0.011458 0.009000
0 0.301823 0.622125 0.022396 0.006750
0 0.274479 0.628625 0.018750 0.005250
0 0.338542 0.622375 0.016667 0.008750
0 0.372917 0.624375 0.008333 0.008750
0 0.380990 0.626875 0.008854 0.006750
0 0.380208 0.615875 0.013542 0.008250
0 0.370573 0.615250 0.005729 0.009000
0 0.360417 0.616250 0.013542 0.007000
0 0.354427 0.608750 0.007812 0.008500
0 0.362760 0.608500 0.011979 0.009000
0 0.370052 0.606750 0.011979 0.007500
0 0.357552 0.637125 0.011979 0.008750
0 0.384115 0.639000 0.011979 0.009000
0 0.392969 0.639375 0.009896 0.008750
0 0.397656 0.638375 0.010937 0.006750
0 0.421354 0.654875 0.014583 0.007750
0 0.359896 0.647375 0.009375 0.008250
0 0.367708 0.650875 0.007292 0.009250
0 0.377083 0.656250 0.008333 0.009000
0 0.387760 0.663000 0.017188 0.006000
0 0.386198 0.667125 0.017188 0.004750
0 0.381771 0.669875 0.015625 0.005750
0 0.405990 0.712625 0.017188 0.008750
0 0.504687 0.682875 0.013542 0.009250
0 0.512240 0.692125 0.014063 0.009750
0 0.522656 0.715250 0.013021 0.006500
0 0.546094 0.721375 0.011979 0.009250
0 0.491927 0.730250 0.011979 0.007000
0 0.538542 0.733625 0.012500 0.007750
0 0.543229 0.740375 0.014583 0.007250
0 0.495573 0.766125 0.018229 0.004250
0 0.494010 0.770125 0.016146 0.005250
0 0.476302 0.758125 0.014063 0.004250
0 0.474219 0.754375 0.019271 0.002750
0 0.476562 0.751250 0.015625 0.004000
0 0.303646 0.448125 0.019792 0.006250
0 0.279948 0.437125 0.015104 0.005750
0 0.282552 0.434500 0.019271 0.005500
0 0.357812 0.467875 0.018750 0.006250
0 0.349740 0.488000 0.013021 0.008500
0 0.448177 0.520625 0.019271 0.004250
0 0.461458 0.518500 0.012500 0.007500
0 0.466146 0.517750 0.013542 0.007000
0 0.492188 0.540375 0.013542 0.005250
0 0.505469 0.539500 0.015104 0.006000
0 0.490104 0.585500 0.012500 0.008500
0 0.610156 0.586500 0.006771 0.008500
0 0.616927 0.586750 0.006771 0.008500
0 0.684896 0.619375 0.018750 0.007750
0 0.693750 0.640375 0.015625 0.009750
0 0.640625 0.643250 0.007292 0.008500
0 0.631250 0.643750 0.013542 0.006500
0 0.648958 0.644500 0.008333 0.009000
0 0.653646 0.644000 0.010417 0.007000
0 0.857552 0.700250 0.011979 0.008000
0 0.902604 0.668750 0.013542 0.006500
0 0.905469 0.664500 0.018229 0.005500
0 0.908854 0.624625 0.022917 0.008250
0 0.807812 0.641750 0.016667 0.005500
0 0.771354 0.591125 0.010417 0.007750
0 0.782813 0.604250 0.016667 0.005500
0 0.803125 0.624875 0.015625 0.004250
0 0.810417 0.630375 0.013542 0.005750
0 0.809375 0.635375 0.014583 0.006750
0 0.711979 0.564125 0.011458 0.006750
0 0.661458 0.550000 0.015625 0.007500
0 0.605729 0.537000 0.011458 0.006500
0 0.684896 0.528500 0.012500 0.007500
0 0.696615 0.520750 0.009896 0.008000
0 0.711198 0.519250 0.015104 0.003500
0 0.710417 0.522250 0.017708 0.004500
0 0.633594 0.529250 0.006771 0.007000
0 0.639062 0.528625 0.007292 0.007250
0 0.666406 0.523750 0.007812 0.007500
0 0.671615 0.524375 0.006771 0.006250
0 0.678125 0.521125 0.009375 0.006750
0 0.671615 0.516250 0.008854 0.006500
0 0.663542 0.506000 0.013542 0.006500
0 0.662500 0.513250 0.011458 0.005000
0 0.659375 0.511625 0.015625 0.004750
0 0.641927 0.506375 0.006771 0.007750
0 0.647656 0.505500 0.007812 0.008000
0 0.535156 0.512625 0.014063 0.008250
0 0.546094 0.492375 0.014063 0.006750
0 0.568490 0.494375 0.008854 0.006750
0 0.585938 0.494125 0.008333 0.005750
0 0.597917 0.494375 0.007292 0.005250
0 0.592969 0.498125 0.011979 0.004250
0 0.589583 0.485125 0.011458 0.006750
0 0.582552 0.488125 0.008854 0.006250
0 0.576302 0.484750 0.009896 0.006000
0 0.569531 0.486125 0.013021 0.005250
0 0.568750 0.489250 0.011458 0.005500
0 0.548177 0.484500 0.017188 0.005000
0 0.563021 0.477625 0.010417 0.006750
0 0.574740 0.479000 0.014063 0.006500
0 0.545833 0.475875 0.012500 0.006250
0 0.533854 0.475250 0.011458 0.006500
0 0.542969 0.466125 0.008854 0.006750
0 0.515885 0.470375 0.009896 0.005750
0 0.520573 0.462875 0.011979 0.005750
0 0.506510 0.463375 0.018229 0.004750
0 0.480729 0.456250 0.016667 0.007000
0 0.501302 0.454125 0.013021 0.005250
0 0.457813 0.451750 0.011458 0.007500
0 0.500000 0.449125 0.010417 0.005250
0 0.510156 0.448375 0.013021 0.005750
0 0.481250 0.444375 0.015625 0.006250
0 0.488542 0.442125 0.016667 0.005750
0 0.506250 0.431625 0.016667 0.006250
0 0.412760 0.436125 0.014063 0.005250
0 0.403646 0.432250 0.011458 0.006000
0 0.427083 0.426625 0.010417 0.005750
0 0.415365 0.424625 0.014063 0.004750
0 0.409115 0.419875 0.019271 0.005250
0 0.553125 0.399625 0.012500 0.007250
0 0.620573 0.407125 0.015104 0.010750
0 0.631510 0.383000 0.011979 0.008000
0 0.645052 0.399750 0.014063 0.006500
0 0.652344 0.397750 0.010937 0.007000
0 0.665104 0.396625 0.013542 0.005250
0 0.702083 0.406250 0.014583 0.008000
0 0.692187 0.416125 0.012500 0.005250
0 0.698958 0.413625 0.012500 0.006750
0 0.685937 0.409500 0.014583 0.003500
0 0.688542 0.407250 0.015625 0.003500
0 0.724479 0.377250 0.016667 0.008500
0 0.677083 0.433000 0.015625 0.007000
0 0.696615 0.438000 0.017188 0.008500
0 0.686979 0.430250 0.016667 0.005000
0 0.819271 0.454375 0.013542 0.004750
0 0.819531 0.468750 0.010937 0.009000
0 0.847135 0.466000 0.009896 0.003500
0 0.845833 0.463125 0.012500 0.003250
0 0.884375 0.565625 0.009375 0.005250
0 0.906771 0.557625 0.009375 0.005250
0 0.909375 0.577125 0.013542 0.003750
0 0.572396 0.319750 0.018750 0.007000
0 0.541927 0.317250 0.016146 0.006000
0 0.456510 0.326250 0.015104 0.005500
0 0.454948 0.329000 0.019271 0.006000
0 0.425521 0.338000 0.018750 0.004500
0 0.405208 0.340000 0.012500 0.006000
0 0.406771 0.336750 0.018750 0.006500
0 0.382292 0.333375 0.018750 0.005750
0 0.355208 0.316375 0.013542 0.009250
0 0.383594 0.271500 0.013021 0.011500
0 0.419792 0.259000 0.019792 0.007000
0 0.473698 0.253000 0.009896 0.009500
0 0.466667 0.255250 0.011458 0.005000
0 0.472135 0.244625 0.021354 0.010750
0 0.483594 0.238375 0.020313 0.006250
0 0.508073 0.244375 0.017188 0.007250
0 0.513021 0.234375 0.016667 0.007750
0 0.471875 0.227500 0.017708 0.007000
0 0.562240 0.239125 0.014063 0.004250
0 0.565365 0.243375 0.016146 0.004750
0 0.576042 0.228500 0.017708 0.006500
0 0.584115 0.229875 0.014063 0.006250
0 0.591667 0.224375 0.012500 0.011250
0 0.558594 0.179875 0.022396 0.005750
0 0.424219 0.185375 0.021354 0.006250
0 0.390104 0.186125 0.019792 0.005250
0 0.514844 0.167375 0.025521 0.009250
0 0.504948 0.157625 0.020313 0.006250
0 0.507812 0.152125 0.017708 0.004750
0 0.528906 0.149500 0.023438 0.008500
0 0.193229 0.086250 0.013542 0.005500
0 0.776823 0.068375 0.031771 0.017250
0 0.762760 0.045750 0.032813 0.022000
