0 0.362500 0.550500 0.027083 0.008500
0 0.285677 0.517625 0.009896 0.007250
0 0.222135 0.519625 0.018229 0.004750
0 0.255729 0.543500 0.025000 0.007000
0 0.112240 0.533625 0.010937 0.008750
0 0.504167 0.393375 0.015625 0.007250
0 0.325260 0.384875 0.015104 0.009250
0 0.171875 0.336625 0.010417 0.008750
0 0.192448 0.292375 0.018229 0.005250
0 0.252083 0.294750 0.013542 0.009500
0 0.293490 0.304625 0.010937 0.006750
0 0.372656 0.306625 0.007812 0.008250
0 0.269531 0.310500 0.022396 0.007500
0 0.446875 0.301000 0.019792 0.010500
0 0.595573 0.320750 0.008854 0.008500
0 0.625000 0.344750 0.016667 0.004000
0 0.632812 0.350125 0.021875 0.007250
0 0.757292 0.502750 0.015625 0.004500
0 0.896094 0.540250 0.011979 0.006000
0 0.603906 0.172125 0.010937 0.008250
0 0.559375 0.182750 0.009375 0.005500
0 0.559896 0.174750 0.010417 0.007000
0 0.544792 0.166250 0.008333 0.008500
0 0.547135 0.152250 0.008854 0.006000
0 0.010417 0.406375 0.019792 0.006250
