0 0.337875 0.408594 0.004250 0.014063
0 0.332375 0.383073 0.007750 0.009896
0 0.345500 0.398958 0.005000 0.011458
0 0.346875 0.396615 0.005250 0.010937
0 0.341875 0.357292 0.003750 0.012500
0 0.337875 0.355469 0.005250 0.010937
0 0.448500 0.009375 0.006000 0.012500
0 0.651250 0.011979 0.006500 0.011458
0 0.545250 0.265365 0.003500 0.015104
0 0.548250 0.226302 0.003000 0.009896
0 0.545375 0.229687 0.002250 0.010417
0 0.543125 0.232031 0.002250 0.009896
0 0.507625 0.327083 0.005750 0.014583
0 0.502625 0.368229 0.003750 0.015625
0 0.490625 0.367708 0.005750 0.009375
0 0.491000 0.400521 0.005500 0.014583
0 0.477250 0.433073 0.004000 0.016146
0 0.470875 0.413542 0.004750 0.011458
0 0.522875 0.360677 0.007250 0.007812
0 0.521000 0.351302 0.005500 0.011979
0 0.599250 0.349479 0.007500 0.010417
0 0.609875 0.382812 0.006250 0.012500
0 0.603375 0.383594 0.005250 0.017188
0 0.547125 0.645312 0.006750 0.011458
0 0.556625 0.644531 0.007250 0.009896
0 0.561250 0.658854 0.007500 0.009375
0 0.570875 0.671094 0.007250 0.010937
0 0.569250 0.627865 0.005000 0.013021
0 0.581000 0.639844 0.004000 0.013021
0 0.584250 0.638021 0.006000 0.012500
0 0.606875 0.704427 0.006750 0.005729
0 0.606750 0.698438 0.007000 0.006250
0 0.649500 0.766146 0.007000 0.010417
