0 0.195750 0.099740 0.004500 0.009896
0 0.451750 0.483854 0.006500 0.008333
0 0.458500 0.493490 0.006000 0.007812
0 0.457875 0.499219 0.005250 0.006771
0 0.453625 0.491927 0.005250 0.008854
0 0.500375 0.498958 0.005750 0.007292
0 0.497125 0.566927 0.004750 0.013021
0 0.496375 0.596354 0.007750 0.008333
0 0.479375 0.640365 0.005750 0.007812
0 0.456500 0.635938 0.006500 0.007292
0 0.465125 0.636198 0.006250 0.008854
0 0.471750 0.629948 0.005500 0.010937
0 0.482000 0.615885 0.005500 0.005729
0 0.483250 0.621354 0.006000 0.010417
