0 0.090625 0.421875 0.010417 0.002750
0 0.090365 0.420125 0.013021 0.003250
0 0.105990 0.456125 0.011979 0.003750
0 0.121615 0.470500 0.006771 0.006000
0 0.113802 0.473250 0.006771 0.006500
0 0.248177 0.482000 0.007812 0.007000
0 0.251563 0.475250 0.007292 0.005500
0 0.252865 0.464500 0.008854 0.005500
0 0.249740 0.459250 0.008854 0.005000
0 0.264323 0.458125 0.006771 0.005750
0 0.229948 0.455875 0.007812 0.006750
0 0.251823 0.442375 0.009896 0.006250
0 0.263802 0.437750 0.008854 0.005500
0 0.266927 0.435625 0.006771 0.006250
0 0.237760 0.421750 0.008854 0.006500
0 0.190104 0.420625 0.007292 0.006250
0 0.208333 0.436875 0.006250 0.007250
0 0.203125 0.436875 0.004167 0.006250
0 0.216667 0.472500 0.008333 0.006000
0 0.213281 0.471750 0.006771 0.005000
0 0.274479 0.465500 0.007292 0.007000
0 0.275521 0.530125 0.011458 0.003750
0 0.279167 0.534000 0.008333 0.006500
0 0.300260 0.531625 0.005729 0.005250
0 0.303906 0.530875 0.004687 0.004750
0 0.313021 0.497625 0.007292 0.007250
0 0.306771 0.492250 0.011458 0.004500
0 0.320052 0.488625 0.008854 0.005250
0 0.311198 0.472250 0.014063 0.002500
0 0.310156 0.469625 0.015104 0.003250
0 0.343490 0.445625 0.010937 0.005250
0 0.347135 0.440375 0.008854 0.005250
0 0.349740 0.434500 0.009896 0.007000
0 0.337500 0.431125 0.007292 0.005250
0 0.344010 0.427250 0.007812 0.007500
0 0.359896 0.421000 0.007292 0.007000
0 0.345833 0.409625 0.005208 0.005250
0 0.341667 0.409500 0.006250 0.006500
0 0.361979 0.409250 0.011458 0.006500
0 0.348177 0.402000 0.010937 0.004000
0 0.343750 0.391750 0.011458 0.008000
0 0.372917 0.400375 0.008333 0.006750
0 0.369531 0.396875 0.006771 0.005750
0 0.365885 0.396000 0.007812 0.005000
0 0.379688 0.378375 0.013542 0.005750
0 0.369531 0.372250 0.014063 0.003500
0 0.436458 0.325125 0.009375 0.005250
0 0.402865 0.375125 0.005729 0.006250
0 0.391667 0.400125 0.010417 0.004750
0 0.378906 0.417250 0.006771 0.005500
0 0.372917 0.428625 0.007292 0.004750
0 0.374479 0.427000 0.005208 0.003500
0 0.368490 0.447250 0.006771 0.006000
0 0.371875 0.446500 0.006250 0.005000
0 0.358333 0.452750 0.006250 0.006000
0 0.365885 0.455875 0.009896 0.006750
0 0.352865 0.461625 0.005729 0.006250
0 0.351302 0.475125 0.009896 0.004250
0 0.349740 0.470500 0.003646 0.005500
0 0.346875 0.470625 0.004167 0.005750
0 0.287760 0.544500 0.008854 0.006000
0 0.311458 0.552625 0.015625 0.003750
0 0.325000 0.547250 0.009375 0.006500
0 0.521875 0.515875 0.010417 0.003750
0 0.523438 0.514500 0.010417 0.004000
0 0.539323 0.507750 0.010937 0.003500
0 0.582552 0.504500 0.008854 0.005500
0 0.619010 0.498875 0.013021 0.003750
0 0.601562 0.486250 0.010417 0.004500
0 0.668750 0.466875 0.010417 0.004250
0 0.647917 0.504625 0.009375 0.003250
0 0.644531 0.500750 0.011979 0.005500
0 0.616667 0.514875 0.009375 0.002250
0 0.617188 0.513125 0.009375 0.002250
0 0.492448 0.536750 0.011979 0.004500
0 0.492448 0.530375 0.009896 0.002750
0 0.492188 0.528000 0.010417 0.003000
0 0.477344 0.536750 0.009896 0.002000
0 0.477344 0.534750 0.009896 0.003000
0 0.335417 0.556750 0.012500 0.004500
0 0.311458 0.563125 0.012500 0.004250
0 0.303646 0.568250 0.010417 0.004000
0 0.305729 0.573250 0.012500 0.004000
0 0.309375 0.571000 0.012500 0.002500
0 0.320833 0.573250 0.012500 0.004000
0 0.452865 0.589375 0.009896 0.005750
0 0.445833 0.606500 0.007292 0.006000
0 0.454687 0.604750 0.011458 0.004000
0 0.449740 0.601125 0.009896 0.003250
0 0.448437 0.599625 0.011458 0.003750
0 0.515365 0.593125 0.009896 0.003750
0 0.525781 0.599625 0.008854 0.005750
0 0.535156 0.602750 0.010937 0.002500
0 0.535417 0.601250 0.009375 0.002500
0 0.559375 0.601250 0.009375 0.004500
0 0.565885 0.600250 0.006771 0.003500
0 0.566406 0.598625 0.009896 0.003250
0 0.588021 0.610750 0.011458 0.004500
0 0.574219 0.634625 0.008854 0.002250
0 0.573438 0.632750 0.009375 0.002500
0 0.585156 0.627500 0.005729 0.004000
0 0.581771 0.626000 0.004167 0.003000
0 0.584115 0.624875 0.007812 0.002750
0 0.574219 0.615625 0.008854 0.003250
0 0.570573 0.617625 0.008854 0.002250
0 0.571354 0.619750 0.010417 0.002500
0 0.563542 0.614875 0.005208 0.004750
0 0.558333 0.615250 0.006250 0.005500
0 0.542969 0.615500 0.010937 0.002500
0 0.540625 0.612375 0.007292 0.003750
0 0.533073 0.613500 0.007812 0.002500
0 0.532813 0.611250 0.008333 0.002500
0 0.503125 0.614625 0.011458 0.003250
0 0.245052 0.650875 0.007812 0.005250
0 0.247917 0.670875 0.010417 0.002750
0 0.246354 0.667875 0.007292 0.003250
0 0.287240 0.666625 0.005729 0.004250
0 0.281250 0.666875 0.006250 0.003750
