0 0.098437 0.447250 0.018750 0.004500
0 0.174479 0.457625 0.016667 0.006750
0 0.177344 0.477875 0.017188 0.004750
0 0.181250 0.474250 0.009375 0.006500
0 0.233333 0.509125 0.010417 0.007750
0 0.247656 0.512750 0.006771 0.008500
0 0.254688 0.513125 0.007292 0.007750
0 0.278906 0.522625 0.009896 0.007750
0 0.286979 0.501375 0.014583 0.005250
0 0.291406 0.514875 0.015104 0.004750
0 0.306510 0.518750 0.013021 0.007000
0 0.334896 0.556625 0.014583 0.007750
0 0.367708 0.568250 0.014583 0.005500
0 0.480729 0.534875 0.011458 0.006250
0 0.475000 0.530625 0.008333 0.005250
0 0.474740 0.522125 0.007812 0.006250
0 0.448177 0.507625 0.017188 0.006750
0 0.428646 0.503750 0.011458 0.008500
0 0.473438 0.496625 0.012500 0.008750
0 0.412760 0.489875 0.016146 0.007250
0 0.441146 0.484375 0.013542 0.006250
0 0.436719 0.481000 0.013021 0.007000
0 0.424740 0.479125 0.006771 0.009250
0 0.432292 0.477500 0.008333 0.007500
0 0.429688 0.469125 0.006250 0.007750
0 0.436719 0.469750 0.008854 0.008000
0 0.459115 0.476000 0.009896 0.005500
0 0.453646 0.470625 0.006250 0.008250
0 0.460677 0.470625 0.007812 0.005750
0 0.463802 0.462000 0.016146 0.006000
0 0.485937 0.459250 0.011458 0.008500
0 0.448698 0.446125 0.010937 0.008750
0 0.432812 0.453250 0.018750 0.006000
0 0.420312 0.445125 0.012500 0.008250
0 0.392969 0.435000 0.010937 0.006500
0 0.402083 0.437250 0.009375 0.008500
0 0.412760 0.434750 0.014063 0.006000
0 0.421875 0.429750 0.009375 0.007500
0 0.407552 0.425375 0.008854 0.007750
0 0.399219 0.424875 0.011979 0.008250
0 0.364323 0.419375 0.006771 0.006750
0 0.370833 0.420375 0.009375 0.007750
0 0.378646 0.415500 0.010417 0.006000
0 0.368490 0.410375 0.010937 0.007250
0 0.409635 0.405625 0.009896 0.007750
0 0.391406 0.404250 0.015104 0.008500
0 0.461979 0.423000 0.013542 0.010000
0 0.447917 0.412625 0.010417 0.008250
0 0.477083 0.411625 0.011458 0.008250
0 0.469531 0.406000 0.014063 0.009000
0 0.449479 0.404125 0.008333 0.007750
0 0.440885 0.403125 0.011979 0.007250
0 0.438802 0.395000 0.010937 0.007000
0 0.485937 0.399375 0.009375 0.008250
0 0.373958 0.387625 0.007292 0.006750
0 0.369010 0.381750 0.006771 0.009500
0 0.376563 0.382250 0.007292 0.007500
0 0.393750 0.378250 0.005208 0.009500
0 0.399479 0.379250 0.007292 0.006500
0 0.346094 0.371875 0.007812 0.009750
0 0.351042 0.368250 0.010417 0.007500
0 0.384375 0.372125 0.015625 0.006250
0 0.399479 0.369125 0.016667 0.005250
0 0.387240 0.367125 0.007812 0.007250
0 0.400781 0.358375 0.007812 0.008250
0 0.377083 0.340500 0.015625 0.005000
0 0.392188 0.360625 0.007292 0.008250
0 0.377604 0.363625 0.012500 0.006750
0 0.375260 0.356500 0.015104 0.005500
0 0.383854 0.359250 0.009375 0.008500
0 0.364583 0.310125 0.011458 0.009750
0 0.397917 0.302625 0.017708 0.006750
0 0.376042 0.296875 0.013542 0.009750
0 0.427083 0.294625 0.011458 0.007750
0 0.427083 0.302625 0.011458 0.004750
0 0.435156 0.306375 0.009896 0.005750
0 0.442708 0.300875 0.011458 0.008250
0 0.402865 0.329750 0.006771 0.007500
0 0.408333 0.328750 0.009375 0.008500
0 0.445573 0.345000 0.011979 0.008500
0 0.424219 0.354625 0.013021 0.007750
0 0.435937 0.360375 0.009375 0.007750
0 0.457552 0.353375 0.007812 0.007750
0 0.461198 0.359500 0.008854 0.008500
0 0.503125 0.358000 0.009375 0.010500
0 0.478125 0.365125 0.011458 0.008750
0 0.445312 0.355750 0.010417 0.008000
0 0.441667 0.371875 0.014583 0.006750
0 0.458333 0.380500 0.012500 0.007500
0 0.447656 0.377750 0.011979 0.006500
0 0.467969 0.387625 0.011979 0.006250
0 0.468229 0.391000 0.008333 0.006500
0 0.435417 0.384000 0.015625 0.007500
0 0.450000 0.389375 0.007292 0.006750
0 0.443490 0.388375 0.010937 0.006250
0 0.453906 0.398250 0.007812 0.007000
0 0.460938 0.397875 0.007292 0.007750
0 0.469271 0.397375 0.004167 0.007250
0 0.474479 0.397125 0.008333 0.007250
0 0.614323 0.522375 0.008854 0.006250
0 0.602083 0.480375 0.014583 0.006250
0 0.613281 0.479500 0.006771 0.007500
0 0.621875 0.479250 0.010417 0.005000
0 0.625521 0.475875 0.011458 0.005250
0 0.633333 0.471000 0.015625 0.005000
0 0.609896 0.485625 0.010417 0.005750
0 0.615104 0.487500 0.010417 0.007500
0 0.633854 0.487875 0.007292 0.006750
0 0.640625 0.487125 0.009375 0.007750
0 0.634375 0.494875 0.014583 0.007250
0 0.685937 0.476750 0.010417 0.008500
0 0.754948 0.453500 0.010937 0.008500
0 0.703385 0.465375 0.017188 0.005750
0 0.692708 0.461500 0.015625 0.006500
0 0.618490 0.452750 0.017188 0.005000
0 0.626563 0.428375 0.011458 0.008750
0 0.684375 0.431500 0.016667 0.004500
0 0.638281 0.458250 0.015104 0.004500
0 0.646615 0.461250 0.008854 0.008500
0 0.689063 0.445125 0.008333 0.007250
0 0.697656 0.443625 0.011979 0.004750
0 0.703646 0.440250 0.014583 0.006500
0 0.710417 0.447000 0.010417 0.006500
0 0.708594 0.437125 0.006771 0.006250
0 0.705729 0.433125 0.009375 0.006250
0 0.715365 0.427375 0.014063 0.005750
0 0.701823 0.417250 0.011979 0.006000
0 0.697917 0.416125 0.007292 0.005750
0 0.691667 0.416625 0.011458 0.008750
0 0.722656 0.403375 0.017188 0.007750
0 0.775000 0.427125 0.011458 0.006750
0 0.788281 0.428750 0.015104 0.005000
0 0.777604 0.417250 0.018750 0.005000
0 0.778906 0.407500 0.008854 0.007000
0 0.788802 0.405750 0.014063 0.005500
0 0.816667 0.401375 0.013542 0.005750
0 0.850260 0.380125 0.017188 0.006750
0 0.778906 0.383000 0.014063 0.007500
0 0.790104 0.389875 0.007292 0.007250
0 0.784375 0.390375 0.007292 0.007750
0 0.776563 0.390125 0.007292 0.006750
0 0.794792 0.397375 0.015625 0.007750
0 0.707292 0.360625 0.013542 0.003250
0 0.707031 0.357375 0.014063 0.002750
0 0.702344 0.331000 0.016146 0.006500
0 0.790625 0.355500 0.016667 0.008000
0 0.791667 0.372375 0.011458 0.008250
0 0.804948 0.371625 0.014063 0.009750
0 0.813021 0.363125 0.010417 0.007750
0 0.825000 0.351000 0.013542 0.012500
0 0.859375 0.348875 0.013542 0.010750
0 0.859115 0.365500 0.017188 0.008500
0 0.833073 0.337250 0.016146 0.009000
0 0.900000 0.315375 0.016667 0.010250
0 0.866667 0.282500 0.021875 0.011500
0 0.601042 0.562250 0.013542 0.008500
0 0.637500 0.557000 0.015625 0.006500
0 0.645833 0.551625 0.013542 0.009750
0 0.662760 0.548000 0.014063 0.007500
0 0.673698 0.541875 0.014063 0.008750
0 0.698958 0.539875 0.018750 0.007750
0 0.724479 0.546375 0.014583 0.007750
0 0.756510 0.548750 0.014063 0.009000
0 0.743229 0.538000 0.015625 0.006000
0 0.755729 0.539500 0.010417 0.007500
0 0.841406 0.531750 0.019271 0.006500
0 0.721094 0.519250 0.014063 0.005500
0 0.679167 0.510000 0.014583 0.005500
0 0.691406 0.509000 0.009896 0.008500
0 0.690625 0.502250 0.011458 0.007500
0 0.695312 0.505875 0.011458 0.004750
0 0.709896 0.512250 0.013542 0.007500
0 0.719531 0.508500 0.010937 0.008500
0 0.736198 0.501875 0.017188 0.006750
0 0.770573 0.501750 0.016146 0.008500
0 0.743490 0.491250 0.007812 0.006500
0 0.737240 0.491500 0.007812 0.006000
0 0.721094 0.480875 0.015104 0.003750
0 0.748177 0.485750 0.009896 0.006500
0 0.769010 0.487750 0.013021 0.008000
0 0.754427 0.482250 0.008854 0.004500
0 0.762500 0.481875 0.010417 0.006750
0 0.736198 0.480625 0.009896 0.009250
0 0.743750 0.477000 0.010417 0.005500
0 0.746094 0.481750 0.011979 0.003500
0 0.753646 0.477625 0.014583 0.005250
0 0.760938 0.474125 0.012500 0.006750
0 0.773958 0.475000 0.015625 0.006500
0 0.776042 0.458250 0.009375 0.008000
0 0.766146 0.459375 0.014583 0.005750
0 0.778906 0.465125 0.008854 0.008250
0 0.791927 0.469625 0.014063 0.011250
0 0.831510 0.485875 0.008854 0.009750
0 0.842448 0.485125 0.009896 0.008250
0 0.842969 0.479000 0.016146 0.005500
0 0.831250 0.475625 0.013542 0.009250
0 0.819271 0.476250 0.012500 0.008000
0 0.830469 0.458000 0.009896 0.008500
0 0.851042 0.459000 0.013542 0.007500
0 0.835677 0.464000 0.013021 0.007500
0 0.846354 0.456125 0.011458 0.006750
0 0.890365 0.445250 0.018229 0.006000
0 0.869531 0.441750 0.008854 0.006500
0 0.858854 0.439875 0.012500 0.005250
0 0.991667 0.426125 0.015625 0.007250
0 0.957552 0.483000 0.021354 0.010000
0 0.929688 0.488875 0.016667 0.006750
0 0.920052 0.493750 0.016146 0.005500
0 0.948177 0.499250 0.014063 0.009000
0 0.961719 0.498250 0.016146 0.007500
0 0.945833 0.510375 0.015625 0.008750
0 0.908594 0.520500 0.021354 0.007500
0 0.887240 0.530250 0.021354 0.006500
0 0.862760 0.517500 0.013021 0.006500
0 0.849479 0.518625 0.017708 0.006250
0 0.863802 0.507250 0.015104 0.008500
0 0.847656 0.509875 0.007812 0.006250
0 0.853906 0.509500 0.008854 0.007000
0 0.748958 0.577000 0.021875 0.005000
0 0.741406 0.584625 0.018229 0.007250
0 0.764844 0.583250 0.013021 0.006000
0 0.805729 0.576250 0.012500 0.007000
0 0.805729 0.566875 0.013542 0.004750
0 0.824479 0.591125 0.013542 0.006750
0 0.821875 0.600125 0.017708 0.006750
0 0.795573 0.587250 0.009896 0.006000
0 0.806510 0.586375 0.013021 0.004250
0 0.798438 0.582750 0.020833 0.005000
0 0.859635 0.583750 0.014063 0.005000
0 0.846615 0.591875 0.013021 0.005250
0 0.879948 0.589375 0.013021 0.005250
0 0.895312 0.589125 0.013542 0.008250
0 0.929167 0.599250 0.013542 0.006500
