0 0.363281 0.591250 0.015104 0.007500
0 0.317188 0.576750 0.010417 0.007500
0 0.281771 0.561250 0.011458 0.005000
0 0.195833 0.534375 0.008333 0.007750
0 0.069792 0.499125 0.014583 0.005250
0 0.047135 0.500000 0.004687 0.006500
0 0.051042 0.500125 0.005208 0.006750
0 0.056250 0.499875 0.006250 0.006750
0 0.041667 0.473125 0.012500 0.005750
0 0.042708 0.475375 0.013542 0.003750
0 0.424740 0.562000 0.011979 0.007500
0 0.314844 0.449375 0.014063 0.004750
0 0.339062 0.473250 0.011458 0.006500
0 0.335156 0.474250 0.009896 0.005000
0 0.223437 0.426500 0.012500 0.007500
0 0.258073 0.418625 0.011979 0.005250
0 0.288542 0.391750 0.014583 0.004500
0 0.275260 0.391000 0.007812 0.007000
0 0.208073 0.385875 0.006771 0.005750
0 0.202604 0.385250 0.007292 0.007500
0 0.098958 0.283625 0.013542 0.005250
0 0.129688 0.290125 0.015625 0.005250
0 0.071094 0.294250 0.009896 0.006500
0 0.045052 0.313875 0.017188 0.007250
0 0.185677 0.242625 0.015104 0.006750
0 0.061719 0.209250 0.017188 0.005500
0 0.027604 0.210750 0.009375 0.008000
0 0.062500 0.174750 0.017708 0.005000
0 0.019010 0.174500 0.017188 0.005500
0 0.015885 0.167625 0.009896 0.006750
0 0.528646 0.549125 0.014583 0.004250
0 0.480729 0.421250 0.009375 0.007500
0 0.513542 0.349250 0.012500 0.005500
0 0.591667 0.353875 0.013542 0.005250
0 0.533854 0.308000 0.011458 0.006000
0 0.561979 0.261250 0.012500 0.005000
0 0.596875 0.254000 0.012500 0.008000
0 0.470833 0.197000 0.008333 0.006000
0 0.467708 0.196000 0.010417 0.008000
0 0.426563 0.150875 0.015625 0.004750
0 0.443490 0.138250 0.008854 0.008500
0 0.536979 0.132875 0.009375 0.009250
0 0.489844 0.130375 0.013021 0.009750
0 0.500260 0.123125 0.013021 0.004750
0 0.503646 0.127750 0.010417 0.008500
0 0.573958 0.052750 0.012500 0.006500
0 0.455469 0.173000 0.008854 0.005500
0 0.461198 0.175750 0.010937 0.007000
0 0.553646 0.592500 0.012500 0.004500
0 0.552083 0.596375 0.013542 0.003750
0 0.703906 0.442375 0.015104 0.005250
0 0.739062 0.408125 0.015625 0.005250
0 0.769010 0.410875 0.009896 0.004250
0 0.793490 0.399125 0.014063 0.005750
0 0.743750 0.374750 0.012500 0.008000
0 0.817448 0.359125 0.010937 0.005750
0 0.813802 0.381625 0.006771 0.005250
0 0.819271 0.384250 0.006250 0.006500
0 0.886198 0.358250 0.008854 0.006500
0 0.871354 0.344125 0.012500 0.007250
0 0.805208 0.326500 0.014583 0.007500
0 0.920052 0.321625 0.008854 0.007250
0 0.846354 0.290750 0.013542 0.008500
0 0.804427 0.300875 0.011979 0.006750
0 0.745052 0.294250 0.008854 0.007000
0 0.736979 0.289500 0.012500 0.005000
0 0.769792 0.249375 0.009375 0.008750
0 0.861198 0.224500 0.017188 0.005500
0 0.955729 0.252375 0.010417 0.003750
0 0.961719 0.245250 0.006771 0.006000
0 0.866406 0.196000 0.009896 0.007500
0 0.881771 0.187875 0.008333 0.007250
0 0.875521 0.178500 0.008333 0.008500
0 0.867188 0.170625 0.009375 0.006750
0 0.886458 0.174875 0.012500 0.004750
0 0.649219 0.598250 0.007812 0.005500
0 0.653646 0.597000 0.010417 0.006000
0 0.664062 0.593125 0.011458 0.004250
0 0.666146 0.594875 0.012500 0.004750
0 0.848698 0.571250 0.014063 0.003500
0 0.927344 0.547000 0.015104 0.006000
0 0.989583 0.555375 0.012500 0.005750
0 0.768490 0.628250 0.013021 0.006500
0 0.352865 0.257125 0.013021 0.004750
0 0.764583 0.447750 0.009375 0.005500
