0 0.128875 0.768490 0.004750 0.008854
0 0.129250 0.758333 0.004000 0.010417
0 0.197125 0.800000 0.004250 0.009375
0 0.233250 0.799740 0.006000 0.006771
0 0.237375 0.889844 0.002250 0.009896
0 0.235875 0.890104 0.002250 0.009375
0 0.293125 0.881771 0.004750 0.009375
0 0.307750 0.854948 0.004500 0.010937
0 0.326875 0.898177 0.004750 0.007812
0 0.377875 0.940104 0.005250 0.010417
0 0.315000 0.816146 0.004500 0.011458
0 0.270375 0.766146 0.003750 0.009375
0 0.271750 0.760156 0.005500 0.006771
0 0.239125 0.730990 0.005750 0.006771
0 0.225250 0.752604 0.004000 0.010417
0 0.201750 0.734375 0.006500 0.007292
0 0.202125 0.719792 0.005750 0.008333
0 0.204125 0.757292 0.005250 0.009375
0 0.203500 0.753646 0.004500 0.006250
0 0.163000 0.612240 0.005000 0.010937
0 0.421375 0.833594 0.001750 0.008854
0 0.420000 0.833854 0.002000 0.010417
0 0.416500 0.795573 0.003000 0.010937
0 0.389625 0.624479 0.004250 0.009375
0 0.382875 0.630208 0.004750 0.007292
0 0.385875 0.558594 0.005750 0.007812
0 0.400375 0.537760 0.003750 0.011979
0 0.383125 0.540365 0.003750 0.010937
0 0.403375 0.465365 0.004750 0.007812
0 0.368500 0.215365 0.002500 0.008854
0 0.366500 0.215885 0.002500 0.010937
0 0.356625 0.376563 0.002750 0.008333
0 0.355125 0.373698 0.003750 0.009896
0 0.374500 0.423437 0.005000 0.007292
0 0.344250 0.418750 0.003000 0.009375
0 0.343250 0.417448 0.002500 0.006771
0 0.351750 0.457813 0.001500 0.007292
0 0.350875 0.457031 0.002750 0.008854
0 0.362375 0.478646 0.003750 0.008333
0 0.361500 0.476823 0.003000 0.006771
0 0.364500 0.491146 0.002500 0.010417
0 0.453750 0.906510 0.003000 0.010937
0 0.442250 0.787500 0.003000 0.010417
0 0.441000 0.772396 0.004000 0.009375
0 0.438875 0.690625 0.003750 0.006250
0 0.438375 0.688542 0.004750 0.008333
0 0.455750 0.549740 0.005500 0.009896
0 0.475125 0.256510 0.004250 0.013021
0 0.456250 0.248177 0.002500 0.008854
0 0.455500 0.242448 0.005500 0.003646
0 0.455625 0.239062 0.005250 0.004167
0 0.487625 0.193490 0.003750 0.007812
0 0.487000 0.187760 0.004500 0.004687
0 0.476250 0.158854 0.003500 0.010417
0 0.477000 0.151562 0.004500 0.005208
0 0.475875 0.087500 0.005250 0.011458
0 0.487000 0.031250 0.004500 0.011458
0 0.516625 0.136979 0.002750 0.010417
0 0.519000 0.136458 0.002000 0.012500
0 0.520875 0.137760 0.002250 0.008854
0 0.511000 0.187500 0.003000 0.012500
0 0.503625 0.205469 0.004750 0.006771
0 0.513625 0.221615 0.004750 0.009896
0 0.515000 0.234896 0.003500 0.012500
0 0.528375 0.252083 0.003250 0.010417
0 0.497250 0.303385 0.003000 0.009896
0 0.496125 0.301823 0.002750 0.008854
0 0.486250 0.401823 0.003500 0.007812
0 0.489625 0.403125 0.002750 0.008333
0 0.490500 0.416406 0.004000 0.009896
0 0.501500 0.413802 0.004000 0.009896
0 0.504250 0.399219 0.005000 0.008854
0 0.482375 0.528646 0.002750 0.010417
0 0.451625 0.717708 0.002750 0.011458
0 0.510750 0.727865 0.004000 0.007812
0 0.549625 0.601823 0.003750 0.008854
0 0.548625 0.595833 0.003250 0.008333
0 0.536875 0.554688 0.006250 0.007292
0 0.557000 0.542969 0.004500 0.010937
0 0.550000 0.403125 0.004500 0.011458
0 0.560875 0.407031 0.004250 0.008854
0 0.575875 0.391927 0.004250 0.010937
0 0.570875 0.356250 0.003750 0.013542
0 0.622000 0.255729 0.004500 0.010417
0 0.615125 0.278125 0.004250 0.006250
0 0.615000 0.274219 0.005000 0.006771
0 0.683375 0.153646 0.005250 0.008333
0 0.682750 0.195312 0.003500 0.011458
0 0.682125 0.185677 0.004250 0.008854
0 0.730625 0.172656 0.003750 0.008854
0 0.732000 0.175521 0.004000 0.008333
0 0.647375 0.381771 0.003250 0.009375
0 0.644125 0.358333 0.004250 0.010417
0 0.618750 0.402865 0.004500 0.010937
0 0.608250 0.432031 0.004000 0.010937
0 0.585750 0.489844 0.004000 0.010937
0 0.485250 0.915365 0.004500 0.008854
0 0.532625 0.867188 0.004750 0.008333
0 0.533500 0.864323 0.004000 0.006771
0 0.580125 0.839583 0.003250 0.008333
0 0.561250 0.789062 0.004000 0.006250
0 0.561500 0.785937 0.004500 0.006250
0 0.584625 0.780990 0.005250 0.008854
0 0.595375 0.805469 0.002750 0.006771
0 0.596500 0.803906 0.003500 0.008854
0 0.601875 0.799740 0.003250 0.008854
0 0.606500 0.796615 0.005500 0.007812
0 0.633000 0.797396 0.004000 0.008333
0 0.633875 0.795312 0.003250 0.007292
0 0.644750 0.714583 0.005000 0.007292
0 0.674250 0.777604 0.005500 0.007292
0 0.671500 0.772396 0.005000 0.006250
0 0.695500 0.771094 0.005000 0.004687
0 0.695375 0.767188 0.005250 0.004167
0 0.738250 0.743490 0.005000 0.010937
0 0.729625 0.762760 0.004750 0.005729
0 0.729750 0.759115 0.004500 0.004687
0 0.739000 0.644531 0.006000 0.007812
0 0.803000 0.674740 0.005000 0.013021
0 0.806000 0.777604 0.003500 0.007292
0 0.807000 0.774479 0.005000 0.007292
0 0.725250 0.783594 0.004500 0.010937
0 0.724500 0.790365 0.005500 0.004687
0 0.724875 0.793750 0.004750 0.004167
0 0.690500 0.824740 0.005000 0.006771
0 0.685125 0.825260 0.003250 0.010937
0 0.683625 0.856250 0.005250 0.009375
0 0.661000 0.835156 0.003500 0.013021
0 0.638500 0.821354 0.003000 0.009375
0 0.615000 0.847656 0.005500 0.009896
0 0.615875 0.904687 0.003750 0.008333
0 0.625250 0.922135 0.005000 0.008854
0 0.586625 0.871354 0.002750 0.010417
0 0.588500 0.872396 0.002500 0.008333
