0 0.336375 0.423437 0.007750 0.010417
0 0.371875 0.472396 0.005250 0.009375
0 0.387875 0.498698 0.005750 0.010937
0 0.405875 0.519271 0.006250 0.012500
0 0.441000 0.540625 0.007000 0.009375
0 0.462125 0.513542 0.007250 0.012500
0 0.434875 0.443490 0.007750 0.017188
0 0.422500 0.363281 0.006000 0.013021
0 0.400000 0.350000 0.005000 0.015625
0 0.373625 0.359896 0.004750 0.014583
0 0.383625 0.293229 0.004250 0.013542
0 0.384125 0.284375 0.005250 0.009375
0 0.373500 0.271615 0.004000 0.013021
0 0.368250 0.260417 0.004500 0.011458
0 0.369875 0.258594 0.003750 0.010937
0 0.364500 0.224740 0.005000 0.011979
0 0.368000 0.222135 0.004000 0.014063
0 0.514000 0.486458 0.004500 0.013542
0 0.494125 0.450000 0.004750 0.014583
0 0.471375 0.280469 0.006750 0.017188
0 0.442125 0.195833 0.006250 0.013542
0 0.439750 0.177604 0.005500 0.014583
0 0.474125 0.109115 0.006250 0.011979
0 0.451625 0.105469 0.002750 0.015104
0 0.453875 0.105990 0.003250 0.011979
0 0.535875 0.320052 0.007250 0.010937
0 0.547875 0.420312 0.005750 0.014583
0 0.534375 0.212760 0.005750 0.016146
0 0.601500 0.298177 0.005500 0.014063
