0 0.345125 0.862240 0.004250 0.006771
0 0.348500 0.859115 0.003000 0.013021
0 0.350375 0.858333 0.002250 0.011458
0 0.378000 0.880469 0.005500 0.004687
0 0.377875 0.875781 0.005250 0.006771
0 0.382625 0.871875 0.003750 0.008333
0 0.382375 0.819271 0.005750 0.007292
0 0.382875 0.814844 0.004750 0.004687
0 0.345750 0.819531 0.003000 0.013021
0 0.343500 0.820052 0.002000 0.009896
0 0.387500 0.796615 0.003500 0.006771
0 0.387750 0.793229 0.005000 0.007292
0 0.388625 0.790104 0.003750 0.006250
0 0.381250 0.742969 0.004000 0.009896
0 0.377625 0.728906 0.002750 0.013021
0 0.382875 0.725521 0.003750 0.012500
0 0.370000 0.743229 0.003000 0.009375
0 0.371750 0.741927 0.003500 0.011979
0 0.398375 0.740104 0.005250 0.005208
0 0.398875 0.735938 0.003750 0.004167
0 0.400625 0.703125 0.002750 0.009375
0 0.399375 0.696875 0.003750 0.007292
0 0.383125 0.674479 0.005750 0.006250
0 0.424250 0.632552 0.005000 0.010937
0 0.450000 0.546615 0.003500 0.013021
0 0.472125 0.564844 0.003750 0.014063
0 0.462625 0.560937 0.002750 0.009375
0 0.461500 0.558854 0.003000 0.011458
0 0.479250 0.637500 0.004000 0.013542
0 0.482000 0.660156 0.005500 0.006771
0 0.467125 0.665104 0.004250 0.006250
0 0.468875 0.671354 0.002750 0.010417
0 0.469375 0.682292 0.004250 0.008333
0 0.472750 0.678906 0.002500 0.006771
0 0.471875 0.676823 0.003250 0.008854
0 0.470250 0.695833 0.003500 0.010417
0 0.502750 0.710156 0.004000 0.011979
0 0.476000 0.717448 0.002500 0.009896
0 0.474000 0.725521 0.003000 0.009375
0 0.472625 0.720573 0.002750 0.013021
0 0.479625 0.785937 0.003750 0.007292
0 0.488125 0.805469 0.005250 0.010937
0 0.488375 0.827865 0.004750 0.010937
0 0.479500 0.830208 0.005500 0.008333
0 0.474375 0.866667 0.004750 0.012500
0 0.502000 0.929427 0.005000 0.011979
0 0.505000 0.966146 0.003000 0.011458
0 0.500875 0.970833 0.004250 0.012500
0 0.524375 0.986198 0.004750 0.013021
0 0.458500 0.980469 0.004500 0.009896
0 0.490500 0.527865 0.004500 0.009896
0 0.502750 0.583594 0.006000 0.006771
0 0.502750 0.579427 0.005000 0.006771
0 0.521750 0.592448 0.002000 0.008854
0 0.520125 0.591146 0.002750 0.011458
0 0.530250 0.606771 0.004500 0.010417
0 0.531500 0.604427 0.003500 0.008854
0 0.544375 0.627865 0.006250 0.010937
0 0.530250 0.656771 0.006000 0.010417
0 0.536875 0.649219 0.003750 0.007812
0 0.519750 0.642708 0.003500 0.004167
0 0.518625 0.638281 0.004250 0.005729
0 0.556625 0.659635 0.004250 0.014063
0 0.577750 0.674479 0.004000 0.009375
0 0.579000 0.672396 0.005000 0.010417
0 0.580125 0.665885 0.005250 0.006771
0 0.562250 0.714063 0.005500 0.008333
0 0.562750 0.736979 0.004000 0.007292
0 0.580875 0.746354 0.005750 0.011458
0 0.628750 0.818750 0.005000 0.012500
0 0.628000 0.873698 0.004000 0.009896
0 0.629875 0.870052 0.005250 0.010937
0 0.667000 0.881250 0.006000 0.008333
0 0.668375 0.815625 0.005750 0.015625
0 0.672375 0.926823 0.003250 0.008854
0 0.673875 0.921615 0.004750 0.011979
0 0.670250 0.948698 0.003500 0.010937
0 0.673375 0.946615 0.004750 0.007812
0 0.530375 0.444792 0.006750 0.008333
0 0.576625 0.473698 0.004250 0.008854
0 0.588500 0.488021 0.005500 0.007292
0 0.583750 0.537500 0.003000 0.012500
0 0.589125 0.522917 0.006250 0.011458
0 0.595875 0.564323 0.004250 0.005729
0 0.596125 0.561198 0.005750 0.005729
0 0.596375 0.557031 0.005250 0.004687
0 0.608500 0.533594 0.004500 0.013021
0 0.610125 0.510417 0.003250 0.010417
0 0.607625 0.510156 0.005250 0.008854
0 0.607625 0.599479 0.005250 0.011458
0 0.618750 0.587760 0.003500 0.011979
0 0.617250 0.578385 0.005500 0.008854
0 0.624375 0.579688 0.005250 0.009375
0 0.633250 0.602083 0.005500 0.012500
0 0.640250 0.586458 0.005500 0.009375
0 0.625500 0.636719 0.003500 0.010937
0 0.705375 0.565365 0.002250 0.014063
0 0.708000 0.565104 0.003000 0.010417
0 0.756375 0.662240 0.006750 0.007812
0 0.772750 0.535677 0.002500 0.006771
0 0.775000 0.536198 0.003500 0.008854
0 0.496250 0.423958 0.004000 0.012500
0 0.518875 0.416927 0.005750 0.006771
0 0.529000 0.416927 0.003500 0.008854
0 0.525250 0.409635 0.006000 0.008854
0 0.529000 0.394531 0.003500 0.008854
0 0.527250 0.392708 0.004500 0.009375
0 0.542250 0.379167 0.006000 0.008333
0 0.555750 0.386719 0.003500 0.011979
0 0.554250 0.367448 0.002500 0.008854
0 0.552750 0.366667 0.003000 0.011458
0 0.609750 0.404427 0.006000 0.009896
0 0.634125 0.326823 0.002750 0.013021
0 0.637125 0.327083 0.002750 0.016667
0 0.629000 0.272656 0.006500 0.011979
0 0.651500 0.284115 0.006500 0.008854
0 0.665125 0.211458 0.007750 0.010417
0 0.733375 0.223698 0.007750 0.013021
0 0.495000 0.314063 0.004000 0.007292
0 0.501750 0.294531 0.004500 0.009896
0 0.551875 0.226562 0.005250 0.007292
0 0.562375 0.225000 0.005250 0.011458
0 0.545875 0.223698 0.002750 0.010937
0 0.548000 0.222917 0.003500 0.013542
0 0.569875 0.211719 0.004250 0.009896
0 0.569000 0.209115 0.004000 0.009896
0 0.586875 0.195833 0.005250 0.009375
0 0.591500 0.191667 0.003500 0.012500
0 0.586875 0.184635 0.004750 0.010937
0 0.602250 0.184375 0.005000 0.010417
0 0.605750 0.158333 0.004000 0.014583
0 0.585500 0.111458 0.004500 0.011458
0 0.587250 0.162760 0.004500 0.005729
0 0.586875 0.159115 0.005750 0.005729
0 0.615625 0.150781 0.005750 0.004687
0 0.616125 0.146615 0.005750 0.005729
0 0.618000 0.103646 0.005500 0.005208
0 0.617625 0.099219 0.006250 0.004687
0 0.620125 0.086198 0.005750 0.006771
0 0.619750 0.081510 0.005000 0.005729
0 0.641250 0.069271 0.004500 0.008333
0 0.640000 0.066667 0.005000 0.009375
0 0.549500 0.130729 0.005000 0.009375
0 0.554750 0.129427 0.004500 0.009896
0 0.470875 0.250000 0.005250 0.008333
0 0.488625 0.207031 0.005250 0.007812
0 0.482000 0.204687 0.005500 0.007292
0 0.473375 0.233073 0.002750 0.007812
0 0.471125 0.238021 0.001750 0.008333
0 0.470000 0.240625 0.002000 0.008333
0 0.473375 0.206510 0.003250 0.004687
0 0.473375 0.202344 0.003750 0.004687
0 0.477500 0.170573 0.003500 0.008854
0 0.480250 0.171615 0.002500 0.009896
0 0.483000 0.166146 0.004500 0.007292
0 0.487000 0.152865 0.004000 0.003646
0 0.487000 0.158073 0.005000 0.007812
0 0.818125 0.533594 0.004750 0.006771
