0 0.413875 0.763021 0.005750 0.016667
0 0.430000 0.747656 0.009000 0.013021
0 0.429125 0.687760 0.006250 0.017188
0 0.381125 0.642969 0.004250 0.019271
0 0.385750 0.655469 0.008500 0.011979
0 0.391375 0.643750 0.007750 0.015625
0 0.403750 0.650260 0.004000 0.020313
0 0.407625 0.649740 0.003750 0.022396
0 0.397875 0.586458 0.007750 0.019792
0 0.375875 0.493750 0.004250 0.016667
0 0.369000 0.436719 0.006500 0.015104
0 0.360625 0.391146 0.006250 0.015625
0 0.344750 0.340104 0.007500 0.010417
0 0.348375 0.316406 0.006250 0.015104
0 0.350250 0.282813 0.005000 0.017708
0 0.331500 0.194271 0.004500 0.014583
0 0.326125 0.107031 0.006250 0.018229
0 0.300000 0.081510 0.008000 0.017188
0 0.326000 0.077865 0.005500 0.015104
0 0.460000 0.071354 0.007000 0.018750
0 0.465250 0.201042 0.006000 0.018750
0 0.421500 0.276302 0.005000 0.018229
0 0.441250 0.323437 0.005000 0.019792
0 0.432750 0.442448 0.004500 0.019271
0 0.439625 0.442969 0.004750 0.019271
0 0.467250 0.415625 0.010000 0.010417
0 0.461875 0.501302 0.005250 0.017188
0 0.458750 0.561979 0.005000 0.019792
0 0.477500 0.563802 0.006500 0.024479
0 0.480125 0.604427 0.006250 0.019271
0 0.509750 0.663542 0.007000 0.011458
0 0.511875 0.651302 0.006250 0.010937
0 0.507125 0.648177 0.005750 0.014063
0 0.497750 0.576042 0.005500 0.018750
0 0.504875 0.534375 0.008250 0.020833
0 0.496250 0.529427 0.005000 0.016146
0 0.495875 0.515104 0.006750 0.013542
0 0.493625 0.500000 0.008250 0.014583
0 0.491750 0.480469 0.004500 0.018229
0 0.496500 0.480469 0.006000 0.009896
0 0.496125 0.470833 0.005750 0.012500
0 0.497875 0.451302 0.004750 0.019271
0 0.489750 0.417448 0.007000 0.018229
0 0.486125 0.380469 0.004750 0.018229
0 0.495250 0.390625 0.006500 0.018750
0 0.502250 0.395313 0.006000 0.013542
0 0.457000 0.312240 0.007500 0.015104
0 0.463000 0.317969 0.005000 0.021354
0 0.472375 0.318229 0.005250 0.016667
0 0.472875 0.330208 0.005250 0.013542
0 0.482500 0.324479 0.004000 0.017708
0 0.486625 0.316146 0.004750 0.011458
0 0.614500 0.646354 0.007000 0.019792
0 0.625250 0.638281 0.006500 0.020313
0 0.644625 0.588021 0.007750 0.017708
0 0.655750 0.591146 0.009000 0.013542
0 0.664750 0.547396 0.010500 0.023958
0 0.663750 0.633594 0.010000 0.016146
0 0.647000 0.647656 0.004000 0.019271
0 0.653000 0.647135 0.008000 0.013021
0 0.714500 0.523438 0.007000 0.023958
0 0.730000 0.542969 0.007500 0.018229
0 0.741500 0.480729 0.011500 0.022917
0 0.704125 0.482812 0.007750 0.018750
0 0.664500 0.464062 0.005500 0.020833
0 0.669500 0.453646 0.009000 0.009375
0 0.671250 0.435417 0.010000 0.015625
0 0.666875 0.381510 0.010250 0.015104
0 0.709375 0.456510 0.005250 0.020313
0 0.717250 0.455990 0.010000 0.018229
0 0.732250 0.422656 0.007000 0.018229
0 0.722875 0.416146 0.009250 0.014583
0 0.754750 0.359635 0.011000 0.021354
0 0.770125 0.420833 0.005250 0.019792
0 0.781250 0.404167 0.007000 0.023958
0 0.788250 0.398438 0.007500 0.020833
0 0.813375 0.296875 0.008750 0.016667
0 0.822875 0.293490 0.007750 0.023438
