0 0.007031 0.840625 0.014063 0.004750
0 0.276562 0.752500 0.013542 0.007500
0 0.116146 0.767750 0.009375 0.007000
0 0.111458 0.780750 0.017708 0.004500
0 0.019531 0.806375 0.013021 0.006250
0 0.037760 0.818625 0.009896 0.006250
0 0.039323 0.812750 0.008854 0.005500
0 0.019531 0.813500 0.010937 0.006000
0 0.021875 0.823875 0.016667 0.003750
0 0.030469 0.815375 0.008854 0.005750
0 0.345052 0.707625 0.013021 0.006750
0 0.148177 0.673625 0.010937 0.007750
0 0.092188 0.664625 0.007292 0.004750
0 0.096875 0.664125 0.010417 0.006750
0 0.033594 0.592500 0.007812 0.007500
0 0.123177 0.645000 0.008854 0.007000
0 0.147917 0.654500 0.017708 0.004000
0 0.168229 0.659250 0.009375 0.004500
0 0.175781 0.658125 0.006771 0.006750
0 0.342708 0.628375 0.011458 0.004250
0 0.350521 0.624250 0.009375 0.005000
0 0.318229 0.608375 0.010417 0.008250
0 0.298958 0.602625 0.010417 0.004250
0 0.299740 0.599750 0.011979 0.006500
0 0.285417 0.593625 0.011458 0.007750
0 0.266146 0.599875 0.012500 0.004750
0 0.236719 0.579000 0.017188 0.004500
0 0.148177 0.546125 0.019271 0.004250
0 0.191927 0.541500 0.011979 0.007000
0 0.132552 0.533375 0.009896 0.005750
0 0.137500 0.532125 0.010417 0.007750
0 0.163802 0.520125 0.008854 0.008750
0 0.069531 0.461500 0.013021 0.008500
0 0.032813 0.401375 0.010417 0.007750
0 0.097656 0.413250 0.014063 0.008000
0 0.105208 0.426125 0.009375 0.005250
0 0.082552 0.439750 0.013021 0.005500
0 0.112240 0.441500 0.009896 0.007000
0 0.158594 0.496375 0.006771 0.007250
0 0.153125 0.495375 0.005208 0.004750
0 0.214583 0.533375 0.009375 0.004750
0 0.216406 0.531875 0.011979 0.006250
0 0.223437 0.540375 0.009375 0.005750
0 0.242708 0.541500 0.013542 0.005500
0 0.233854 0.538000 0.008333 0.006500
0 0.225521 0.546250 0.015625 0.004500
0 0.227083 0.551375 0.011458 0.005750
0 0.239583 0.555875 0.013542 0.004750
0 0.459896 0.616875 0.008333 0.007250
0 0.452083 0.573750 0.008333 0.008000
0 0.454167 0.562000 0.009375 0.003500
0 0.453125 0.557500 0.008333 0.006500
0 0.471875 0.547250 0.010417 0.006500
0 0.453646 0.546500 0.007292 0.009000
0 0.462240 0.509250 0.008854 0.007500
0 0.493750 0.494125 0.009375 0.003750
0 0.494531 0.488625 0.013021 0.005250
0 0.475260 0.474375 0.011979 0.005250
0 0.491667 0.445375 0.012500 0.004750
0 0.499219 0.430625 0.015104 0.007250
0 0.615885 0.598000 0.010937 0.003500
0 0.622396 0.596125 0.011458 0.004750
0 0.670833 0.535625 0.007292 0.007250
0 0.696615 0.509875 0.010937 0.005250
0 0.752865 0.458625 0.010937 0.004750
0 0.746875 0.455125 0.008333 0.007250
0 0.766146 0.443000 0.007292 0.005000
0 0.766146 0.452375 0.007292 0.004750
0 0.772917 0.427625 0.010417 0.004750
0 0.813802 0.415750 0.011979 0.005500
0 0.806771 0.394125 0.010417 0.004250
0 0.748958 0.414125 0.008333 0.005750
0 0.775000 0.406250 0.009375 0.004500
0 0.772656 0.404500 0.008854 0.003000
0 0.697917 0.480000 0.009375 0.005000
0 0.693229 0.479250 0.007292 0.006000
0 0.624479 0.557125 0.011458 0.006750
0 0.613021 0.563250 0.008333 0.007500
0 0.608594 0.560875 0.010937 0.004250
0 0.600781 0.583500 0.010937 0.007000
0 0.594271 0.593875 0.012500 0.006750
0 0.583594 0.589500 0.015104 0.005000
0 0.563802 0.607875 0.010937 0.008250
0 0.665625 0.653000 0.011458 0.007500
0 0.745313 0.615625 0.010417 0.006750
0 0.750000 0.614875 0.006250 0.004750
0 0.766406 0.608125 0.013021 0.004250
0 0.795312 0.591875 0.012500 0.004750
0 0.857031 0.567500 0.010937 0.006500
0 0.877865 0.570125 0.010937 0.006250
0 0.829167 0.546375 0.013542 0.004250
0 0.918490 0.536500 0.007812 0.005000
0 0.909375 0.537250 0.010417 0.003000
0 0.902604 0.539625 0.007292 0.004750
0 0.709635 0.702500 0.009896 0.008000
0 0.951562 0.709500 0.013542 0.005500
