0 0.060417 0.606625 0.025000 0.010250
0 0.039323 0.593500 0.021354 0.007000
0 0.039323 0.585875 0.021354 0.011250
0 0.024479 0.570500 0.026042 0.012000
0 0.051042 0.577375 0.027083 0.015250
0 0.045052 0.563375 0.017188 0.007750
0 0.072135 0.564875 0.021354 0.008750
0 0.074479 0.581875 0.014583 0.008750
0 0.083073 0.594250 0.018229 0.006500
0 0.114062 0.601875 0.016667 0.009750
0 0.114583 0.588875 0.022917 0.013250
0 0.109375 0.574750 0.014583 0.011000
0 0.111198 0.565125 0.016146 0.009250
0 0.140104 0.565000 0.023958 0.012000
0 0.160417 0.570875 0.023958 0.009750
0 0.148438 0.575500 0.025000 0.012500
0 0.146354 0.579125 0.042708 0.009750
0 0.144531 0.592375 0.017188 0.015750
0 0.144010 0.591875 0.018229 0.015750
0 0.159375 0.589375 0.021875 0.010750
0 0.175781 0.594875 0.018229 0.008750
0 0.194010 0.593875 0.020313 0.009750
0 0.200781 0.588875 0.020313 0.010750
0 0.226042 0.606625 0.023958 0.009250
0 0.240885 0.583000 0.017188 0.013000
0 0.197135 0.561625 0.018229 0.009750
0 0.225781 0.557375 0.020313 0.011750
0 0.241406 0.565750 0.024479 0.011500
0 0.268490 0.573375 0.022396 0.011250
0 0.333854 0.580250 0.023958 0.013000
0 0.463281 0.551125 0.031771 0.011250
0 0.457813 0.553000 0.025000 0.011000
0 0.428125 0.534500 0.029167 0.011000
0 0.430990 0.535125 0.030729 0.010750
0 0.419792 0.512500 0.021875 0.008000
0 0.402083 0.510125 0.027083 0.009750
0 0.348958 0.509250 0.022917 0.008000
0 0.335417 0.494375 0.027083 0.008750
0 0.333333 0.494375 0.038542 0.009750
0 0.425260 0.481500 0.019271 0.008000
0 0.478906 0.513250 0.022396 0.011500
0 0.494010 0.536750 0.020313 0.012000
0 0.529948 0.514750 0.020313 0.011500
0 0.485417 0.500250 0.023958 0.013000
0 0.321094 0.457875 0.021354 0.009750
0 0.329167 0.451125 0.018750 0.009250
0 0.322396 0.437000 0.023958 0.010500
0 0.251042 0.454375 0.028125 0.009250
0 0.185417 0.445125 0.021875 0.010250
0 0.228385 0.421500 0.034896 0.008500
0 0.155469 0.407375 0.020313 0.007750
0 0.135156 0.395375 0.031771 0.009750
0 0.131510 0.394875 0.031771 0.009750
0 0.115104 0.385125 0.026042 0.007750
0 0.145833 0.377250 0.028125 0.012500
0 0.143490 0.377500 0.030729 0.007500
0 0.112760 0.376625 0.017188 0.008250
0 0.110677 0.368125 0.017188 0.009750
0 0.085156 0.359000 0.035937 0.012000
0 0.088542 0.359500 0.034375 0.012000
0 0.111719 0.356375 0.021354 0.009750
0 0.108594 0.349750 0.019271 0.007500
0 0.150781 0.358375 0.043229 0.015250
0 0.146094 0.359250 0.031771 0.011500
0 0.146875 0.337000 0.021875 0.010500
0 0.248698 0.377125 0.028646 0.009250
0 0.481250 0.276375 0.027083 0.014250
0 0.531250 0.279250 0.027083 0.012500
0 0.544271 0.276375 0.021875 0.013250
0 0.556771 0.273750 0.026042 0.013000
0 0.571094 0.281500 0.031771 0.013500
0 0.603646 0.285125 0.022917 0.015250
0 0.473438 0.334500 0.036458 0.018500
0 0.451823 0.340250 0.031771 0.012500
0 0.427083 0.334500 0.027083 0.014000
0 0.410156 0.349750 0.035937 0.019500
0 0.410156 0.352125 0.045312 0.014750
0 0.370312 0.362250 0.027083 0.013000
0 0.399219 0.371500 0.021354 0.012000
0 0.430469 0.367375 0.018229 0.011250
0 0.475781 0.369625 0.022396 0.010250
0 0.472917 0.383500 0.021875 0.012000
0 0.551042 0.374125 0.028125 0.016250
0 0.560156 0.377125 0.023438 0.010250
0 0.435156 0.392125 0.031771 0.010750
0 0.548438 0.432125 0.027083 0.013750
0 0.471875 0.453500 0.021875 0.011000
0 0.543750 0.429625 0.031250 0.016250
0 0.511458 0.468500 0.023958 0.012500
0 0.484896 0.481625 0.017708 0.009250
0 0.525000 0.487000 0.026042 0.013500
0 0.595833 0.485125 0.015625 0.009250
0 0.608594 0.483250 0.019271 0.011500
0 0.618490 0.478250 0.024479 0.012500
0 0.626823 0.489500 0.019271 0.012000
0 0.634375 0.507875 0.022917 0.015250
0 0.648958 0.515000 0.029167 0.011000
0 0.603385 0.531500 0.032813 0.013500
0 0.691927 0.486375 0.018229 0.010250
0 0.639844 0.460375 0.029687 0.016750
0 0.650781 0.450000 0.021354 0.012500
0 0.661979 0.443750 0.016667 0.012000
0 0.694792 0.439375 0.035417 0.015250
0 0.712760 0.446500 0.019271 0.010000
0 0.732292 0.461750 0.016667 0.012000
0 0.703385 0.457125 0.024479 0.011250
0 0.687500 0.456625 0.025000 0.010250
0 0.678646 0.460125 0.025000 0.009750
0 0.673958 0.468500 0.025000 0.013500
0 0.702865 0.468125 0.019271 0.015250
0 0.734375 0.399125 0.039583 0.015250
0 0.744271 0.393875 0.027083 0.015250
0 0.815365 0.379875 0.022396 0.009250
0 0.811719 0.364625 0.032813 0.014750
0 0.834115 0.360625 0.023438 0.015250
0 0.860417 0.360375 0.026042 0.014750
0 0.869271 0.346250 0.023958 0.010500
0 0.818750 0.341250 0.040625 0.011500
0 0.592969 0.259250 0.028646 0.011500
0 0.548698 0.240000 0.057812 0.019500
0 0.550000 0.239125 0.037500 0.015750
0 0.432812 0.250250 0.029167 0.013000
0 0.523958 0.239750 0.028125 0.011500
0 0.936979 0.221250 0.021875 0.011500
0 0.948437 0.213875 0.030208 0.013250
0 0.644531 0.578000 0.033854 0.014000
0 0.746354 0.564750 0.025000 0.011500
0 0.769531 0.570375 0.019271 0.010750
0 0.888021 0.543000 0.027083 0.011500
0 0.954688 0.511750 0.040625 0.013000
0 0.943750 0.504625 0.026042 0.010750
