0 0.486500 0.895573 0.005000 0.004687
0 0.487000 0.890625 0.006000 0.006250
0 0.500000 0.880208 0.005500 0.010417
0 0.498000 0.877344 0.004500 0.008854
0 0.517000 0.875781 0.005500 0.004687
0 0.518375 0.872656 0.004250 0.003646
0 0.544625 0.818229 0.006250 0.007292
0 0.587375 0.725000 0.004250 0.011458
0 0.562750 0.751042 0.006500 0.008333
0 0.490125 0.820052 0.006750 0.009896
0 0.502000 0.766406 0.006500 0.007812
0 0.483375 0.762500 0.003250 0.013542
0 0.479000 0.759635 0.005500 0.010937
0 0.475125 0.769010 0.006750 0.005729
0 0.475625 0.773958 0.004750 0.005208
0 0.452500 0.817448 0.006000 0.005729
0 0.452875 0.812500 0.005250 0.005208
0 0.439000 0.798177 0.007500 0.009896
0 0.413375 0.812760 0.006750 0.010937
0 0.411125 0.788802 0.004250 0.014063
0 0.408875 0.786198 0.003750 0.013021
0 0.331875 0.775521 0.006250 0.011458
0 0.358000 0.757552 0.004000 0.014063
0 0.362250 0.759115 0.004000 0.011979
0 0.380625 0.753385 0.004750 0.011979
0 0.392250 0.749479 0.003000 0.010417
0 0.390125 0.747135 0.002750 0.006771
0 0.444375 0.745313 0.004250 0.012500
0 0.524375 0.739583 0.006250 0.007292
0 0.542500 0.728125 0.004500 0.008333
0 0.542375 0.735417 0.002750 0.008333
0 0.540000 0.734115 0.003000 0.006771
0 0.592000 0.654948 0.005000 0.006771
0 0.592625 0.650521 0.003250 0.007292
0 0.570000 0.617708 0.005000 0.007292
0 0.562500 0.622656 0.003500 0.011979
0 0.554000 0.621094 0.003500 0.010937
0 0.556000 0.620833 0.002500 0.007292
0 0.553500 0.610677 0.003000 0.011979
0 0.551125 0.609896 0.002750 0.010417
0 0.533500 0.584115 0.003500 0.010937
0 0.536250 0.583073 0.002500 0.011979
0 0.538250 0.583333 0.003000 0.008333
0 0.531250 0.560417 0.004500 0.011458
0 0.527500 0.554427 0.006500 0.007812
0 0.527625 0.562240 0.003250 0.010937
0 0.524750 0.560677 0.003000 0.011979
0 0.478875 0.510417 0.005750 0.013542
0 0.484000 0.487500 0.004500 0.014583
0 0.470875 0.487500 0.004250 0.007292
0 0.472375 0.483333 0.005750 0.010417
0 0.433625 0.478125 0.003750 0.012500
0 0.437375 0.469792 0.005250 0.012500
0 0.406250 0.417969 0.004500 0.013021
0 0.403000 0.417969 0.003500 0.009896
0 0.379875 0.352604 0.003750 0.015625
0 0.382250 0.352604 0.003000 0.010417
0 0.442625 0.331250 0.005750 0.011458
0 0.496500 0.469271 0.005500 0.007292
0 0.497625 0.465104 0.004250 0.005208
0 0.523000 0.496094 0.004500 0.007812
0 0.523625 0.491146 0.004750 0.009375
0 0.529875 0.530729 0.005750 0.010417
0 0.532250 0.526042 0.005500 0.009375
0 0.536250 0.548438 0.005500 0.008333
0 0.539750 0.547396 0.005000 0.012500
0 0.553750 0.581771 0.006000 0.013542
0 0.554125 0.582292 0.005250 0.012500
0 0.596375 0.545573 0.005750 0.011979
0 0.596500 0.530729 0.004500 0.012500
0 0.591875 0.501042 0.003750 0.011458
0 0.596750 0.531250 0.004000 0.010417
0 0.605000 0.388021 0.004000 0.012500
0 0.605125 0.484375 0.004250 0.014583
0 0.609250 0.498177 0.004000 0.013021
0 0.613000 0.497396 0.004000 0.011458
0 0.608500 0.530729 0.004500 0.013542
0 0.609875 0.544531 0.002750 0.010937
0 0.612750 0.544010 0.004000 0.008854
0 0.611875 0.561458 0.004750 0.012500
0 0.644875 0.605729 0.004250 0.011458
0 0.666000 0.500000 0.005500 0.009375
0 0.664750 0.494010 0.006000 0.009896
0 0.671000 0.470052 0.004500 0.013021
0 0.684000 0.398177 0.006000 0.013021
0 0.698125 0.317188 0.007750 0.012500
0 0.698375 0.316927 0.006250 0.010937
0 0.698125 0.292187 0.005250 0.009375
0 0.697250 0.287760 0.006000 0.007812
0 0.690875 0.277083 0.006750 0.008333
0 0.713750 0.236198 0.006000 0.010937
0 0.723750 0.194792 0.005000 0.010417
0 0.720000 0.192708 0.007500 0.008333
0 0.741875 0.250781 0.005750 0.004687
0 0.741375 0.246354 0.005250 0.005208
0 0.715750 0.300000 0.005000 0.010417
0 0.716375 0.336719 0.005250 0.005729
0 0.717250 0.341927 0.005500 0.005729
0 0.716250 0.358333 0.005000 0.006250
0 0.748375 0.344792 0.005750 0.009375
0 0.701375 0.365104 0.004750 0.015625
0 0.679125 0.509115 0.004250 0.008854
0 0.678750 0.504948 0.004500 0.007812
0 0.699125 0.613802 0.003250 0.007812
0 0.697000 0.611979 0.003500 0.007292
0 0.691500 0.620573 0.004000 0.008854
0 0.689750 0.619792 0.004000 0.009375
0 0.707375 0.714844 0.004250 0.010937
0 0.706875 0.703906 0.004250 0.011979
0 0.705000 0.702865 0.004000 0.010937
0 0.754375 0.765885 0.005750 0.011979
0 0.898125 0.653906 0.008250 0.016146
