0 0.045052 0.363125 0.015104 0.006750
0 0.077604 0.360250 0.010417 0.008000
0 0.074479 0.342625 0.009375 0.005250
0 0.115625 0.311500 0.014583 0.007000
0 0.126823 0.307750 0.007812 0.006500
0 0.138802 0.301375 0.014063 0.003250
0 0.140625 0.299000 0.012500 0.003000
0 0.139583 0.295875 0.015625 0.003750
0 0.104427 0.276500 0.014063 0.008000
0 0.254427 0.253875 0.015104 0.007750
0 0.293750 0.268625 0.008333 0.007750
0 0.289062 0.266125 0.010417 0.008750
0 0.240625 0.333500 0.015625 0.005000
0 0.255469 0.378500 0.008854 0.005500
0 0.260417 0.374375 0.009375 0.008250
0 0.242448 0.493375 0.011979 0.008750
0 0.225521 0.513500 0.011458 0.007500
0 0.233594 0.630250 0.016146 0.007000
0 0.261719 0.602375 0.009896 0.006250
0 0.264844 0.601000 0.013021 0.006500
0 0.384375 0.725125 0.013542 0.006750
0 0.369010 0.712625 0.009896 0.006750
0 0.362240 0.709000 0.011979 0.006000
0 0.330469 0.708625 0.010937 0.006750
0 0.312240 0.671375 0.014063 0.008250
0 0.309635 0.614750 0.008854 0.007500
0 0.309896 0.607000 0.012500 0.008500
0 0.306250 0.577000 0.016667 0.007500
0 0.311198 0.512125 0.005729 0.007250
0 0.304688 0.512500 0.007292 0.008000
0 0.282813 0.468000 0.009375 0.009000
0 0.323437 0.465875 0.009375 0.007250
0 0.327865 0.465125 0.007812 0.006750
0 0.317708 0.457750 0.011458 0.007000
0 0.282292 0.448375 0.009375 0.007750
0 0.284635 0.441875 0.015104 0.005250
0 0.302865 0.427250 0.008854 0.007500
0 0.294531 0.426875 0.007812 0.009250
0 0.323958 0.398000 0.007292 0.008000
0 0.318490 0.397625 0.007812 0.006750
0 0.304948 0.389750 0.013021 0.005000
0 0.306250 0.387625 0.015625 0.005750
0 0.439583 0.276625 0.012500 0.006250
0 0.452604 0.319750 0.014583 0.004000
0 0.453646 0.316875 0.017708 0.004750
0 0.521615 0.401750 0.013021 0.006500
0 0.523698 0.398625 0.014063 0.003750
0 0.582812 0.450000 0.014583 0.005500
0 0.577344 0.478625 0.016146 0.004750
0 0.606771 0.471000 0.013542 0.007500
0 0.609115 0.466750 0.013021 0.004500
0 0.648958 0.483375 0.015625 0.004750
0 0.647656 0.476500 0.015104 0.008000
0 0.640104 0.500250 0.015625 0.006500
0 0.649219 0.506625 0.010937 0.008750
0 0.682813 0.527875 0.011458 0.007250
0 0.676823 0.523875 0.016146 0.005250
0 0.722656 0.566500 0.009896 0.007000
0 0.738281 0.582875 0.016146 0.003750
0 0.740885 0.586750 0.014063 0.005000
0 0.808854 0.620250 0.013542 0.004000
0 0.798958 0.620000 0.008333 0.005500
0 0.795573 0.625750 0.011979 0.007000
0 0.807552 0.641000 0.017188 0.006500
0 0.835938 0.627375 0.016667 0.004750
0 0.847656 0.635875 0.010937 0.006250
0 0.882812 0.642375 0.016667 0.004750
0 0.905990 0.663500 0.015104 0.007500
0 0.850781 0.686000 0.014063 0.005000
0 0.877865 0.677000 0.010937 0.004500
0 0.879948 0.675375 0.010937 0.004250
0 0.869271 0.674625 0.013542 0.004750
0 0.886198 0.710375 0.011979 0.005250
0 0.890104 0.709250 0.011458 0.005000
0 0.927344 0.683375 0.014063 0.003750
0 0.930208 0.686625 0.014583 0.003750
0 0.937500 0.702750 0.013542 0.005500
0 0.960938 0.690500 0.011458 0.003500
0 0.963021 0.688500 0.013542 0.004000
0 0.982812 0.651250 0.008333 0.005500
0 0.985677 0.649625 0.008854 0.005750
0 0.980729 0.682500 0.009375 0.005000
0 0.982812 0.622375 0.012500 0.007250
0 0.951562 0.617875 0.013542 0.004250
0 0.900000 0.602250 0.012500 0.005000
0 0.839062 0.600625 0.014583 0.009750
0 0.776563 0.523250 0.012500 0.007000
0 0.754687 0.533125 0.012500 0.008750
0 0.745573 0.511125 0.015104 0.005750
0 0.710938 0.505375 0.013542 0.004750
0 0.702083 0.492625 0.012500 0.006750
0 0.697656 0.479250 0.009896 0.007500
0 0.687240 0.474125 0.008854 0.003750
0 0.685677 0.477625 0.014063 0.003250
0 0.712760 0.465500 0.013021 0.005000
0 0.634375 0.443125 0.011458 0.007250
0 0.639583 0.441250 0.010417 0.006500
0 0.622917 0.407125 0.008333 0.007250
0 0.627083 0.405875 0.008333 0.006250
0 0.480729 0.311125 0.011458 0.008750
0 0.579427 0.269250 0.015104 0.006500
0 0.578125 0.266625 0.009375 0.006250
0 0.637240 0.298125 0.007812 0.006250
0 0.638281 0.293625 0.014063 0.005750
0 0.716146 0.336375 0.013542 0.004250
0 0.712240 0.338625 0.009896 0.005250
0 0.706510 0.339875 0.010937 0.004750
0 0.703125 0.336000 0.013542 0.003500
0 0.715365 0.382500 0.011979 0.003500
0 0.716146 0.380000 0.012500 0.003500
0 0.725521 0.380500 0.006250 0.006500
0 0.729948 0.379875 0.008854 0.006250
0 0.788281 0.465750 0.008854 0.006500
0 0.833073 0.469875 0.008854 0.007750
0 0.846615 0.468500 0.007812 0.006500
0 0.860417 0.395750 0.008333 0.008000
0 0.823698 0.403125 0.013021 0.007250
0 0.823698 0.402875 0.010937 0.007750
0 0.704427 0.157625 0.009896 0.007250
0 0.690625 0.156000 0.012500 0.007000
0 0.641667 0.158125 0.013542 0.004250
0 0.645312 0.153750 0.008333 0.005000
0 0.613281 0.152500 0.015104 0.007500
0 0.726042 0.130250 0.025000 0.008000
0 0.726823 0.131000 0.017188 0.009000
0 0.620052 0.040125 0.016146 0.006250
0 0.193490 0.032000 0.021354 0.007000
