0 0.011458 0.753375 0.014583 0.005250
0 0.162760 0.343875 0.013021 0.005750
0 0.159896 0.355000 0.016667 0.007500
0 0.259115 0.404375 0.014063 0.006250
0 0.484635 0.279125 0.016146 0.005750
0 0.584375 0.223625 0.016667 0.007750
0 0.472917 0.215625 0.016667 0.006750
0 0.513021 0.204750 0.017708 0.007500
0 0.487240 0.203375 0.014063 0.004750
0 0.513281 0.177500 0.015104 0.006000
0 0.471875 0.150875 0.012500 0.005250
0 0.676302 0.168250 0.011979 0.009500
0 0.689583 0.170000 0.013542 0.009500
0 0.450000 0.428875 0.015625 0.004750
0 0.678125 0.403625 0.016667 0.006750
0 0.702083 0.371125 0.018750 0.006250
0 0.808594 0.349250 0.013021 0.007500
0 0.992188 0.311000 0.013542 0.007500
0 0.679167 0.499500 0.012500 0.005500
0 0.664062 0.500125 0.012500 0.004750
0 0.796875 0.533000 0.012500 0.006000
0 0.892188 0.488125 0.011458 0.006750
0 0.961719 0.497875 0.014063 0.004750
0 0.955469 0.505500 0.015104 0.006500
0 0.522656 0.554000 0.011979 0.005000
0 0.785417 0.680375 0.009375 0.004750
0 0.741146 0.648875 0.006250 0.005250
0 0.734115 0.649125 0.008854 0.006750
0 0.923958 0.723875 0.008333 0.006250
0 0.404948 0.686750 0.007812 0.006500
0 0.504687 0.694000 0.008333 0.006500
0 0.538281 0.696500 0.010937 0.004500
0 0.577344 0.736500 0.011979 0.007000
0 0.517708 0.771875 0.009375 0.005750
0 0.506250 0.818500 0.011458 0.004000
0 0.235156 0.479875 0.014063 0.005250
