0 0.132250 0.415625 0.006500 0.019792
0 0.161500 0.350000 0.006500 0.011458
0 0.174000 0.447135 0.006500 0.020313
0 0.190375 0.416406 0.007750 0.014063
0 0.192000 0.406250 0.006000 0.010417
0 0.217375 0.446615 0.008250 0.010937
0 0.227875 0.482812 0.005250 0.016667
0 0.214375 0.513281 0.007250 0.016146
0 0.211375 0.533594 0.008250 0.010937
0 0.220375 0.553906 0.009250 0.009896
0 0.236125 0.548438 0.005750 0.015625
0 0.260000 0.574219 0.006500 0.015104
0 0.266250 0.616927 0.004500 0.016146
0 0.231875 0.605729 0.004750 0.013542
0 0.227625 0.619531 0.008250 0.007812
0 0.231125 0.631250 0.007750 0.008333
0 0.294250 0.610156 0.004500 0.017188
0 0.289125 0.608333 0.005250 0.013542
0 0.240250 0.589583 0.004500 0.009375
0 0.243000 0.583854 0.004000 0.014583
0 0.246625 0.578125 0.007250 0.011458
0 0.247125 0.587240 0.005750 0.010937
0 0.257125 0.517708 0.005250 0.013542
0 0.352250 0.502344 0.007000 0.015104
0 0.338250 0.510417 0.010000 0.013542
0 0.342625 0.481250 0.007750 0.011458
0 0.342000 0.470052 0.007500 0.008854
0 0.340750 0.439323 0.005500 0.014063
0 0.346625 0.433333 0.005250 0.016667
0 0.342250 0.425781 0.006000 0.013021
0 0.339125 0.417448 0.004750 0.016146
0 0.341000 0.384115 0.007000 0.011979
0 0.341875 0.398177 0.003250 0.016146
0 0.347000 0.396615 0.007500 0.010937
0 0.327375 0.336719 0.007250 0.008854
0 0.328500 0.344531 0.008000 0.010937
0 0.307625 0.329948 0.006750 0.011979
0 0.312625 0.322396 0.007250 0.017708
0 0.341750 0.311458 0.004500 0.013542
0 0.343250 0.273958 0.004500 0.017708
0 0.313750 0.275260 0.006500 0.016146
0 0.325125 0.254688 0.007250 0.013542
0 0.318875 0.210938 0.003750 0.015625
0 0.312875 0.210677 0.004750 0.016146
0 0.306750 0.205729 0.005000 0.015625
0 0.301875 0.207292 0.003750 0.015625
0 0.304625 0.188542 0.004250 0.016667
0 0.310875 0.192188 0.004750 0.014583
0 0.283750 0.179948 0.007000 0.017188
0 0.264250 0.198177 0.005500 0.009896
0 0.274375 0.029427 0.005750 0.017188
0 0.278125 0.028906 0.002750 0.018229
0 0.282125 0.014583 0.006750 0.014583
0 0.281875 0.031771 0.003750 0.014583
0 0.281875 0.045312 0.005750 0.012500
0 0.287625 0.046615 0.005750 0.007812
0 0.296500 0.034896 0.006000 0.016667
0 0.351250 0.207552 0.008000 0.019271
0 0.350000 0.150521 0.007000 0.013542
0 0.343500 0.139844 0.006000 0.014063
0 0.350125 0.129948 0.007250 0.015104
0 0.360500 0.116927 0.006000 0.010937
0 0.369625 0.123698 0.006750 0.015104
0 0.350250 0.110417 0.006000 0.015625
0 0.354375 0.097917 0.005750 0.010417
0 0.364125 0.096094 0.006250 0.013021
0 0.356500 0.086198 0.007500 0.017188
0 0.361000 0.063021 0.006000 0.013542
0 0.376125 0.085417 0.004750 0.009375
0 0.381375 0.077344 0.008250 0.016146
0 0.379500 0.033594 0.007500 0.018229
0 0.379500 0.012240 0.007500 0.016146
0 0.330625 0.009896 0.005250 0.019792
0 0.485625 0.038281 0.006250 0.013021
0 0.450500 0.066927 0.007500 0.011979
0 0.438750 0.078385 0.007000 0.013021
0 0.449500 0.127865 0.007000 0.015104
0 0.434250 0.170052 0.005000 0.017188
0 0.440750 0.175521 0.005500 0.017708
0 0.455250 0.170052 0.004500 0.019271
0 0.453125 0.182812 0.004250 0.010417
0 0.451375 0.192969 0.009250 0.010937
0 0.522875 0.056510 0.005750 0.020313
0 0.545125 0.054948 0.005250 0.016146
0 0.515375 0.074479 0.007750 0.012500
0 0.516125 0.088542 0.003750 0.019792
0 0.509625 0.128125 0.007250 0.017708
0 0.528000 0.116927 0.008000 0.023438
0 0.550750 0.080469 0.007500 0.017188
0 0.501125 0.089063 0.010250 0.031250
0 0.497750 0.056250 0.007500 0.015625
0 0.493875 0.167187 0.006750 0.016667
0 0.485250 0.174219 0.007500 0.013021
0 0.445875 0.219531 0.007750 0.014063
0 0.480500 0.205208 0.008500 0.012500
0 0.481250 0.216667 0.008000 0.008333
0 0.494375 0.222135 0.006250 0.017188
0 0.463500 0.232813 0.004500 0.016667
0 0.468000 0.235937 0.004500 0.014583
0 0.446750 0.249219 0.005500 0.018229
0 0.462500 0.263281 0.004000 0.016146
0 0.475250 0.243229 0.004500 0.015625
0 0.476250 0.252604 0.005000 0.009375
0 0.416625 0.304688 0.006750 0.015625
0 0.449875 0.317708 0.003750 0.016667
0 0.457625 0.282031 0.004250 0.016146
0 0.456000 0.289844 0.006000 0.014063
0 0.465875 0.292187 0.006750 0.012500
0 0.461000 0.292969 0.003500 0.010937
0 0.460000 0.301563 0.008000 0.009375
0 0.456375 0.308333 0.006750 0.007292
0 0.439375 0.332031 0.008250 0.011979
0 0.427000 0.341406 0.005000 0.015104
0 0.429375 0.352344 0.008750 0.008854
0 0.421750 0.380990 0.006000 0.013021
0 0.387750 0.397396 0.006000 0.017708
0 0.422125 0.410938 0.004250 0.013542
0 0.418375 0.443229 0.005250 0.011458
0 0.412250 0.447396 0.006500 0.015625
0 0.410500 0.483854 0.007500 0.014583
0 0.411125 0.472917 0.005750 0.009375
0 0.415125 0.465365 0.007750 0.014063
0 0.388000 0.536979 0.006500 0.015625
0 0.423500 0.625260 0.006000 0.013021
0 0.441500 0.606771 0.007000 0.011458
0 0.450500 0.577344 0.010500 0.015104
0 0.472375 0.494531 0.004750 0.011979
0 0.479625 0.496094 0.007250 0.016146
0 0.474375 0.501042 0.002750 0.013542
0 0.489500 0.405729 0.007000 0.012500
0 0.523875 0.428125 0.004750 0.014583
0 0.502625 0.375000 0.007250 0.021875
0 0.517000 0.355469 0.006000 0.015104
0 0.517875 0.376042 0.005750 0.016667
0 0.519500 0.394531 0.006500 0.009896
0 0.523500 0.399219 0.006500 0.013021
0 0.536125 0.291406 0.006750 0.013021
0 0.539250 0.360417 0.004500 0.013542
0 0.535000 0.367448 0.008000 0.008854
0 0.532125 0.354167 0.006750 0.013542
0 0.567000 0.332813 0.007500 0.008333
0 0.544750 0.400521 0.006500 0.008333
0 0.552750 0.381250 0.003500 0.013542
0 0.555875 0.377604 0.004750 0.011458
0 0.549000 0.415104 0.006500 0.014583
0 0.583625 0.284896 0.003750 0.017708
0 0.595750 0.286979 0.004500 0.017708
0 0.609875 0.275521 0.004250 0.015625
0 0.606500 0.255469 0.007000 0.016146
0 0.632250 0.208854 0.008500 0.011458
0 0.602250 0.154688 0.004500 0.012500
0 0.601875 0.166667 0.006750 0.012500
0 0.607375 0.176302 0.006750 0.013021
0 0.607875 0.188281 0.005750 0.016146
0 0.641000 0.153385 0.005000 0.017188
0 0.651250 0.131771 0.007000 0.017708
0 0.648125 0.116927 0.008250 0.011979
0 0.614875 0.098437 0.005750 0.013542
0 0.632250 0.122396 0.007000 0.015625
0 0.640750 0.080990 0.007500 0.015104
0 0.647875 0.047917 0.005750 0.013542
0 0.650625 0.063542 0.006250 0.009375
0 0.654000 0.070052 0.005000 0.015104
0 0.650625 0.010417 0.003750 0.015625
0 0.665875 0.016927 0.005250 0.015104
0 0.671500 0.012760 0.004500 0.014063
0 0.688375 0.046615 0.003750 0.016146
0 0.696000 0.070833 0.003500 0.017708
0 0.695125 0.094531 0.007250 0.014063
0 0.685250 0.123698 0.006000 0.018229
0 0.690125 0.161198 0.005250 0.008854
0 0.652125 0.201302 0.005250 0.018229
0 0.678250 0.184896 0.007500 0.015625
0 0.661000 0.265885 0.007500 0.015104
0 0.639625 0.275781 0.007750 0.013021
0 0.659875 0.192969 0.005250 0.018229
0 0.665500 0.192448 0.006000 0.016146
0 0.734750 0.015885 0.004500 0.015104
0 0.737375 0.004427 0.006250 0.008854
0 0.483500 0.622396 0.005500 0.015625
0 0.506625 0.587240 0.004250 0.016146
0 0.526375 0.602604 0.006250 0.013542
0 0.532625 0.586719 0.006750 0.009896
0 0.542000 0.595573 0.007500 0.010937
0 0.545250 0.564063 0.007000 0.008333
0 0.567250 0.580729 0.007000 0.009375
0 0.569375 0.565104 0.005750 0.009375
0 0.567875 0.555469 0.004750 0.011979
0 0.574000 0.557031 0.006500 0.008854
0 0.590500 0.541667 0.006000 0.012500
0 0.584625 0.558854 0.007250 0.012500
0 0.615500 0.583073 0.007000 0.008854
0 0.583250 0.601823 0.005000 0.008854
0 0.589250 0.592708 0.004500 0.007292
0 0.648500 0.454687 0.008000 0.012500
0 0.670875 0.482552 0.008250 0.015104
0 0.660375 0.496354 0.005750 0.017708
0 0.654875 0.538542 0.003750 0.014583
0 0.659000 0.526563 0.006000 0.011458
0 0.661875 0.548698 0.006750 0.014063
0 0.650625 0.572917 0.005750 0.009375
0 0.669625 0.555469 0.004750 0.010937
0 0.675750 0.552083 0.006500 0.016667
0 0.688125 0.536979 0.007750 0.010417
0 0.713125 0.510677 0.006750 0.008854
0 0.711500 0.518750 0.006500 0.008333
0 0.682000 0.436719 0.006500 0.016146
0 0.689500 0.435417 0.008000 0.016667
0 0.754750 0.490625 0.005500 0.010417
0 0.751750 0.460156 0.005000 0.014063
0 0.760750 0.456510 0.006500 0.015104
0 0.759000 0.441406 0.003500 0.016146
0 0.761125 0.432552 0.004250 0.007812
0 0.797875 0.469271 0.004750 0.016667
0 0.811500 0.455990 0.003500 0.013021
0 0.806625 0.442188 0.006750 0.006250
0 0.804375 0.453906 0.005750 0.007812
0 0.803750 0.447917 0.006000 0.008333
0 0.825875 0.447656 0.004250 0.010937
0 0.825750 0.479167 0.005500 0.013542
0 0.864750 0.436719 0.007500 0.010937
0 0.785250 0.792448 0.008000 0.010937
0 0.738375 0.799740 0.007250 0.008854
0 0.707625 0.750781 0.008750 0.016146
0 0.672625 0.758854 0.007750 0.014583
0 0.644375 0.670312 0.006250 0.012500
0 0.634625 0.787240 0.005250 0.011979
0 0.644125 0.795312 0.002750 0.008333
0 0.639750 0.795052 0.006000 0.013021
0 0.611500 0.794531 0.005000 0.015104
0 0.611875 0.761979 0.005750 0.011458
0 0.579375 0.749479 0.007750 0.009375
0 0.569875 0.725000 0.006250 0.016667
0 0.555250 0.731250 0.009000 0.019792
0 0.540125 0.786198 0.006750 0.014063
0 0.560625 0.772917 0.006750 0.016667
0 0.495375 0.720052 0.005250 0.014063
0 0.453625 0.707292 0.006250 0.012500
0 0.447750 0.706250 0.006500 0.014583
0 0.723500 0.550260 0.004500 0.007812
0 0.732875 0.549219 0.004250 0.007812
0 0.733000 0.537760 0.006500 0.008854
0 0.750750 0.551042 0.003000 0.008333
0 0.774375 0.833594 0.006750 0.014063
0 0.619750 0.320833 0.006500 0.013542
0 0.763500 0.041927 0.007500 0.010937
0 0.360375 0.441927 0.004750 0.008854
