0 0.306000 0.905208 0.007000 0.011458
0 0.311250 0.895312 0.004000 0.013542
0 0.338125 0.860677 0.003250 0.013021
0 0.335500 0.861458 0.002500 0.011458
0 0.292625 0.769271 0.004250 0.013542
0 0.310125 0.758594 0.005250 0.008854
0 0.276750 0.757812 0.006500 0.012500
0 0.236000 0.709635 0.006500 0.008854
0 0.200375 0.422135 0.006750 0.010937
0 0.182000 0.461979 0.004000 0.010417
0 0.282375 0.596354 0.004750 0.008333
0 0.283000 0.594010 0.004500 0.006771
0 0.320250 0.688021 0.004000 0.013542
0 0.344875 0.702865 0.006750 0.011979
0 0.335625 0.551562 0.006250 0.013542
0 0.276750 0.169531 0.005000 0.014063
0 0.390250 0.680469 0.005000 0.014063
0 0.398125 0.554427 0.005250 0.013021
0 0.401125 0.520833 0.004250 0.015625
0 0.362000 0.484635 0.003500 0.013021
0 0.381750 0.460417 0.003000 0.012500
0 0.379000 0.459635 0.004000 0.010937
0 0.384875 0.400781 0.005250 0.008854
0 0.386875 0.390885 0.007250 0.011979
0 0.522375 0.328646 0.006750 0.013542
0 0.467250 0.378646 0.004000 0.013542
0 0.458750 0.400781 0.004500 0.009896
0 0.495375 0.445052 0.005250 0.013021
0 0.507625 0.501302 0.004750 0.013021
0 0.446375 0.452344 0.003250 0.013021
0 0.452625 0.535677 0.006750 0.013021
0 0.446500 0.559115 0.004000 0.014063
0 0.445250 0.578646 0.005000 0.012500
0 0.441750 0.551823 0.004000 0.007812
0 0.442625 0.544792 0.004750 0.010417
0 0.484625 0.571094 0.003750 0.014063
0 0.487000 0.547917 0.007000 0.013542
0 0.433000 0.610938 0.003500 0.013542
0 0.431750 0.637500 0.004000 0.011458
0 0.450375 0.618490 0.003250 0.011979
0 0.448250 0.616667 0.004500 0.012500
0 0.447750 0.726302 0.006500 0.011979
0 0.509750 0.707292 0.006000 0.011458
0 0.576750 0.673438 0.004500 0.010417
0 0.573000 0.671354 0.004500 0.011458
0 0.627375 0.608073 0.006250 0.015104
