0 0.983594 0.778500 0.021354 0.014000
0 0.984115 0.748125 0.016146 0.013250
0 0.992969 0.733250 0.013021 0.008500
0 0.946875 0.744375 0.029167 0.015250
0 0.947917 0.725625 0.013542 0.008250
0 0.854427 0.752750 0.034896 0.012500
0 0.511458 0.825625 0.033333 0.010250
0 0.518750 0.828000 0.025000 0.011000
0 0.554427 0.822625 0.023438 0.010750
0 0.557813 0.790000 0.023958 0.013000
0 0.514844 0.773875 0.030729 0.010250
0 0.506250 0.764250 0.022917 0.012500
0 0.522396 0.771750 0.025000 0.008000
0 0.453125 0.779875 0.020833 0.008250
0 0.438281 0.789125 0.020313 0.009250
0 0.488802 0.793250 0.023438 0.013000
0 0.455469 0.825875 0.018229 0.010750
0 0.473177 0.831250 0.019271 0.011000
0 0.420312 0.735875 0.017708 0.011250
0 0.429167 0.727125 0.027083 0.016750
0 0.446354 0.720375 0.020833 0.017250
0 0.450781 0.711125 0.020313 0.010750
0 0.472917 0.707875 0.016667 0.007750
0 0.465625 0.725625 0.015625 0.008250
0 0.472396 0.730750 0.022917 0.011000
0 0.462240 0.738875 0.008854 0.007750
0 0.370573 0.694000 0.029687 0.012500
0 0.378906 0.696250 0.023438 0.013500
0 0.329688 0.691875 0.040625 0.013750
0 0.373958 0.668250 0.022917 0.014000
0 0.418750 0.687875 0.023958 0.008750
0 0.436719 0.677250 0.017188 0.007000
0 0.448698 0.681375 0.016146 0.009750
0 0.424219 0.667375 0.019271 0.009250
0 0.406771 0.647000 0.022917 0.007500
0 0.379427 0.640000 0.022396 0.011000
0 0.401562 0.636500 0.021875 0.007000
0 0.395313 0.623625 0.015625 0.008750
0 0.362760 0.619625 0.020313 0.008250
0 0.371094 0.601125 0.021354 0.014750
0 0.381771 0.600500 0.013542 0.007000
0 0.347656 0.606000 0.018229 0.009000
0 0.347917 0.595375 0.015625 0.008750
0 0.345052 0.585125 0.015104 0.007750
0 0.329688 0.579125 0.017708 0.009750
0 0.309896 0.583250 0.026042 0.013500
0 0.312760 0.578500 0.031771 0.013000
0 0.917448 0.733000 0.029687 0.012000
0 0.926562 0.689875 0.015625 0.009750
0 0.923958 0.700000 0.027083 0.014500
0 0.927083 0.707125 0.023958 0.015750
0 0.916406 0.713625 0.020313 0.008250
0 0.898698 0.710125 0.023438 0.009750
0 0.902604 0.720375 0.022917 0.008750
0 0.886198 0.723875 0.021354 0.010250
0 0.869792 0.721250 0.022917 0.010500
0 0.876563 0.728500 0.025000 0.013000
0 0.847135 0.709000 0.027604 0.011000
0 0.840365 0.709250 0.020313 0.010500
0 0.814323 0.707375 0.020313 0.010750
0 0.819531 0.699500 0.021354 0.008000
0 0.822396 0.717375 0.027083 0.010250
0 0.832812 0.680625 0.026042 0.009750
0 0.839062 0.687250 0.025000 0.013000
0 0.874219 0.684250 0.022396 0.011500
0 0.878906 0.671750 0.022396 0.010500
0 0.885156 0.659750 0.015104 0.011500
0 0.863021 0.651625 0.022917 0.011250
0 0.809896 0.674375 0.029167 0.009250
0 0.763281 0.680375 0.029687 0.014750
0 0.764062 0.681500 0.026042 0.013500
0 0.748698 0.648625 0.027604 0.009750
0 0.741927 0.637500 0.016146 0.011500
0 0.731250 0.634250 0.023958 0.012500
0 0.772396 0.639375 0.027083 0.015250
0 0.790104 0.638000 0.026042 0.013500
0 0.699479 0.624750 0.021875 0.013000
0 0.629687 0.579125 0.015625 0.009750
0 0.615104 0.570125 0.017708 0.014750
0 0.595052 0.568500 0.019271 0.009000
0 0.601562 0.577250 0.022917 0.012500
0 0.338802 0.568250 0.018229 0.017500
0 0.316146 0.560625 0.027083 0.014250
0 0.298698 0.559875 0.019271 0.008250
0 0.335417 0.551375 0.015625 0.007750
0 0.322396 0.540000 0.021875 0.011000
0 0.302083 0.519500 0.016667 0.007000
0 0.189844 0.524250 0.019271 0.013000
0 0.221094 0.523375 0.022396 0.013750
0 0.303125 0.485625 0.018750 0.009750
0 0.303125 0.486625 0.026042 0.009750
0 0.376823 0.478250 0.017188 0.007000
0 0.410677 0.463750 0.017188 0.012500
0 0.443490 0.463875 0.015104 0.010750
0 0.527344 0.505250 0.032813 0.013000
0 0.523958 0.504625 0.028125 0.010750
0 0.561719 0.496750 0.022396 0.012500
0 0.557292 0.499750 0.027083 0.011000
0 0.571875 0.481000 0.027083 0.010500
0 0.592969 0.476125 0.023438 0.014750
0 0.613281 0.484500 0.017188 0.012000
0 0.642969 0.485250 0.021354 0.012500
0 0.658073 0.499250 0.027604 0.012000
0 0.640625 0.504875 0.026042 0.010250
0 0.643750 0.511375 0.014583 0.010250
0 0.764583 0.489875 0.025000 0.009750
0 0.747396 0.479875 0.015625 0.014750
0 0.746354 0.476625 0.017708 0.010250
0 0.876042 0.488625 0.016667 0.010250
0 0.937240 0.500000 0.030729 0.013500
0 0.972917 0.521750 0.022917 0.010500
0 0.951823 0.531000 0.019271 0.010500
0 0.962760 0.281500 0.016146 0.008000
0 0.955729 0.321750 0.015625 0.010500
0 0.735156 0.355750 0.029687 0.013000
0 0.709635 0.340250 0.019271 0.010500
0 0.643490 0.329875 0.022396 0.008250
0 0.636979 0.340250 0.028125 0.014500
0 0.691927 0.366625 0.018229 0.009750
0 0.594792 0.398625 0.027083 0.009750
0 0.593490 0.399750 0.022396 0.010000
0 0.471354 0.412250 0.015625 0.011000
0 0.436198 0.412625 0.018229 0.009250
0 0.324740 0.434000 0.019271 0.011000
0 0.340885 0.436125 0.018229 0.009750
0 0.295833 0.421750 0.015625 0.007000
0 0.372656 0.360000 0.020313 0.012000
0 0.365365 0.366375 0.023438 0.010250
0 0.267448 0.395375 0.027604 0.009750
0 0.269792 0.380500 0.029167 0.008000
0 0.263281 0.366625 0.019271 0.008750
0 0.215365 0.353000 0.022396 0.006500
0 0.233073 0.359750 0.019271 0.012500
0 0.240885 0.337500 0.030729 0.008000
0 0.238542 0.329000 0.021875 0.012000
0 0.467708 0.304875 0.027083 0.015750
0 0.170573 0.300375 0.017188 0.008750
0 0.197656 0.272500 0.019271 0.006500
0 0.220052 0.271750 0.020313 0.010500
0 0.213802 0.268750 0.021354 0.008500
0 0.218750 0.260625 0.029167 0.011750
0 0.201823 0.221750 0.020313 0.007000
0 0.113281 0.223125 0.018229 0.011750
0 0.113281 0.231125 0.021354 0.009250
0 0.471094 0.237875 0.020313 0.009750
0 0.456510 0.238250 0.016146 0.006500
0 0.474740 0.267125 0.020313 0.007750
0 0.423698 0.266875 0.029687 0.007250
0 0.510938 0.265500 0.027083 0.008500
0 0.526302 0.236125 0.021354 0.007750
0 0.588802 0.224250 0.020313 0.011000
0 0.553906 0.219875 0.027604 0.014250
0 0.531250 0.212750 0.029167 0.012000
0 0.552865 0.203250 0.016146 0.011500
0 0.548438 0.187875 0.013542 0.008750
0 0.572656 0.202750 0.019271 0.013500
0 0.580469 0.194875 0.019271 0.008750
0 0.611198 0.180125 0.021354 0.010750
0 0.648958 0.050875 0.022917 0.009750
0 0.615104 0.081625 0.025000 0.010250
0 0.572396 0.093250 0.026042 0.008500
0 0.582812 0.108250 0.030208 0.012500
0 0.643490 0.113875 0.018229 0.011750
0 0.634896 0.126125 0.021875 0.008250
0 0.694531 0.109750 0.031771 0.011500
0 0.706771 0.134625 0.027083 0.009750
0 0.715625 0.145625 0.025000 0.010250
