0 0.507000 0.815625 0.006500 0.011458
0 0.499750 0.763281 0.006000 0.011979
0 0.493125 0.734115 0.005250 0.017188
0 0.498250 0.620313 0.005000 0.008333
0 0.513750 0.516406 0.004000 0.011979
0 0.512000 0.534635 0.004000 0.008854
0 0.536250 0.605469 0.005500 0.009896
0 0.532750 0.601823 0.004000 0.010937
0 0.548250 0.580990 0.006500 0.008854
0 0.553625 0.582552 0.003750 0.011979
0 0.534000 0.570833 0.005000 0.013542
0 0.557000 0.614583 0.005500 0.008333
0 0.556375 0.637500 0.006750 0.008333
0 0.558500 0.657552 0.005000 0.009896
0 0.571875 0.674219 0.006250 0.009896
0 0.596750 0.715365 0.004500 0.014063
0 0.558750 0.737500 0.003500 0.012500
0 0.576500 0.748698 0.003500 0.013021
0 0.607500 0.777865 0.007500 0.011979
0 0.558875 0.713542 0.004750 0.007292
0 0.568875 0.657292 0.006750 0.007292
0 0.569125 0.647135 0.005750 0.009896
0 0.562375 0.654948 0.004750 0.010937
0 0.576375 0.651563 0.007250 0.012500
0 0.590625 0.630469 0.005750 0.014063
0 0.605500 0.655208 0.006500 0.009375
0 0.542875 0.428125 0.003750 0.011458
0 0.544500 0.465625 0.005500 0.009375
0 0.552250 0.464062 0.005500 0.011458
0 0.566500 0.488021 0.004500 0.009375
0 0.561625 0.479687 0.005250 0.011458
0 0.521875 0.471094 0.003750 0.007812
0 0.526250 0.473177 0.005000 0.009896
0 0.533625 0.478646 0.006750 0.010417
0 0.529375 0.484635 0.004250 0.007812
0 0.543500 0.486979 0.006000 0.008333
0 0.552875 0.493229 0.005250 0.006250
0 0.548625 0.490365 0.004250 0.006771
0 0.566250 0.503906 0.004000 0.007812
0 0.573375 0.509375 0.003750 0.007292
0 0.578375 0.514583 0.004250 0.007292
0 0.595125 0.527083 0.004750 0.008333
0 0.616125 0.547396 0.004250 0.010417
0 0.620125 0.556510 0.006750 0.008854
0 0.626375 0.540104 0.003750 0.014583
0 0.631625 0.536719 0.006250 0.009896
0 0.635000 0.530729 0.006500 0.009375
0 0.622875 0.522917 0.003250 0.012500
0 0.619125 0.525000 0.004250 0.009375
0 0.618500 0.507031 0.005000 0.007812
0 0.616625 0.501042 0.005750 0.013542
0 0.597625 0.446354 0.007250 0.011458
0 0.586875 0.498437 0.005250 0.007292
0 0.585125 0.495312 0.005750 0.009375
0 0.650375 0.521615 0.004750 0.010937
0 0.657750 0.528385 0.005500 0.010937
0 0.670625 0.500260 0.007250 0.013021
0 0.684250 0.554427 0.007000 0.007812
0 0.685500 0.563281 0.006000 0.009896
0 0.710750 0.579427 0.007500 0.009896
0 0.643500 0.538021 0.002500 0.015625
0 0.646125 0.538281 0.003250 0.016146
0 0.703000 0.640365 0.006500 0.013021
0 0.707375 0.653125 0.006750 0.010417
0 0.781625 0.617708 0.004750 0.011458
0 0.544750 0.351823 0.004500 0.006771
0 0.558750 0.345313 0.004500 0.012500
0 0.549000 0.373958 0.003500 0.007292
0 0.599750 0.326823 0.005000 0.007812
0 0.612500 0.316667 0.004500 0.012500
0 0.621500 0.323437 0.006500 0.009375
0 0.613375 0.302865 0.004750 0.007812
0 0.608125 0.305208 0.005250 0.011458
0 0.591750 0.333854 0.005000 0.008333
0 0.591250 0.330469 0.004500 0.006771
0 0.640500 0.289062 0.005500 0.006250
0 0.636750 0.283073 0.004000 0.011979
0 0.626750 0.306771 0.005500 0.009375
0 0.624625 0.302604 0.005750 0.011458
0 0.685250 0.260156 0.006000 0.007812
0 0.690000 0.263802 0.003500 0.013021
0 0.643250 0.345833 0.004000 0.009375
0 0.647125 0.345052 0.003250 0.006771
0 0.487875 0.334115 0.003250 0.013021
0 0.507250 0.269792 0.004500 0.008333
0 0.520875 0.237760 0.002750 0.010937
0 0.528500 0.225000 0.006000 0.007292
0 0.539000 0.228906 0.003500 0.009896
0 0.512125 0.208854 0.004250 0.012500
0 0.522875 0.212760 0.004750 0.010937
0 0.526125 0.196615 0.005250 0.010937
0 0.544000 0.147396 0.003500 0.013542
0 0.541125 0.194792 0.004750 0.011458
0 0.542000 0.185938 0.004500 0.009375
0 0.546750 0.188021 0.004500 0.009375
0 0.548125 0.179688 0.005250 0.010417
0 0.557500 0.168750 0.004500 0.012500
0 0.554250 0.161979 0.004500 0.012500
0 0.561000 0.151562 0.004500 0.009375
0 0.580750 0.143229 0.006000 0.009375
0 0.575750 0.125781 0.006000 0.008854
0 0.586750 0.100260 0.004500 0.014063
0 0.620750 0.029687 0.005500 0.013542
