0 0.216146 0.447250 0.008333 0.006000
0 0.213021 0.512000 0.006250 0.005500
0 0.216406 0.509375 0.005729 0.005250
0 0.241667 0.504875 0.006250 0.005750
0 0.264062 0.504625 0.009375 0.004750
0 0.260937 0.512000 0.007292 0.004000
0 0.258594 0.510875 0.006771 0.003750
0 0.183333 0.507375 0.004167 0.005250
0 0.178906 0.507875 0.004687 0.004750
0 0.307552 0.570750 0.007812 0.004500
0 0.348698 0.530125 0.007812 0.006250
0 0.400781 0.513875 0.005729 0.004750
0 0.392969 0.513000 0.007812 0.005000
0 0.387240 0.512250 0.005729 0.006000
0 0.383073 0.512500 0.005729 0.005000
0 0.376042 0.514375 0.005208 0.005250
0 0.371094 0.514500 0.003646 0.005000
0 0.367188 0.514250 0.005208 0.006000
0 0.360156 0.508875 0.005729 0.005750
0 0.345052 0.506875 0.011979 0.003250
0 0.345833 0.503250 0.005208 0.004500
0 0.350260 0.502625 0.009896 0.004750
0 0.384115 0.501000 0.011979 0.004000
0 0.391406 0.493125 0.006771 0.006750
0 0.370833 0.491250 0.009375 0.006000
0 0.366146 0.469250 0.009375 0.005000
0 0.375781 0.464750 0.008854 0.002500
0 0.375000 0.462625 0.010417 0.002250
0 0.372396 0.461000 0.011458 0.002000
0 0.372656 0.459125 0.009896 0.002250
0 0.408333 0.437750 0.011458 0.003000
0 0.294531 0.424125 0.009896 0.005750
0 0.325781 0.424500 0.010937 0.005000
0 0.379688 0.424125 0.011458 0.003250
0 0.381250 0.421750 0.009375 0.002500
0 0.405469 0.413500 0.007812 0.005000
0 0.348438 0.412000 0.010417 0.003000
0 0.349740 0.410375 0.008854 0.002750
0 0.393229 0.590625 0.005208 0.004250
0 0.399479 0.589500 0.008333 0.003000
0 0.444531 0.550375 0.007812 0.004750
0 0.446615 0.549625 0.006771 0.003750
0 0.482812 0.552625 0.009375 0.003250
0 0.485677 0.548375 0.011979 0.004250
0 0.498958 0.545000 0.006250 0.005000
0 0.446875 0.526375 0.009375 0.002750
0 0.510677 0.533625 0.004687 0.004750
0 0.515104 0.533875 0.005208 0.004750
0 0.522135 0.527625 0.010937 0.004750
0 0.520052 0.518625 0.004687 0.003750
0 0.523438 0.518500 0.005208 0.004500
0 0.526563 0.517625 0.006250 0.004250
0 0.615365 0.515875 0.007812 0.004750
0 0.646875 0.448875 0.012500 0.004250
0 0.650260 0.446000 0.008854 0.004000
0 0.548177 0.558500 0.006771 0.004000
0 0.554688 0.563750 0.009375 0.004000
0 0.550260 0.589875 0.010937 0.004750
0 0.641146 0.576500 0.010417 0.005000
0 0.652344 0.584250 0.013021 0.003500
0 0.659375 0.596625 0.010417 0.004750
0 0.127344 0.783875 0.013021 0.005750
0 0.278385 0.806750 0.007812 0.004500
0 0.222917 0.863875 0.008333 0.005750
0 0.248438 0.877000 0.010417 0.006500
0 0.375260 0.893625 0.009896 0.007750
0 0.428125 0.739250 0.010417 0.007000
0 0.716667 0.875500 0.008333 0.005000
