0 0.421354 0.426875 0.013542 0.007750
0 0.498437 0.510625 0.011458 0.009750
0 0.511979 0.546375 0.013542 0.008250
0 0.428906 0.545750 0.013021 0.010500
0 0.416146 0.533125 0.013542 0.006250
0 0.389844 0.556000 0.013021 0.010000
0 0.363542 0.553250 0.017708 0.007000
0 0.363021 0.569875 0.018750 0.004750
0 0.344010 0.584625 0.013021 0.006250
0 0.335938 0.579000 0.008333 0.009000
0 0.329688 0.578875 0.005208 0.008750
0 0.385677 0.570000 0.013021 0.005500
0 0.390104 0.568250 0.014583 0.006500
0 0.426563 0.585000 0.008333 0.009500
0 0.402083 0.586875 0.008333 0.008250
0 0.392448 0.583750 0.007812 0.008000
0 0.386198 0.581500 0.007812 0.009500
0 0.405208 0.602875 0.013542 0.006750
0 0.378906 0.609000 0.013021 0.007500
0 0.364844 0.609500 0.014063 0.006000
0 0.352344 0.604625 0.010937 0.009250
0 0.306771 0.623875 0.010417 0.007250
0 0.352083 0.633250 0.011458 0.009000
0 0.336458 0.637250 0.015625 0.006500
0 0.307552 0.638375 0.009896 0.007750
0 0.311979 0.645875 0.009375 0.008750
0 0.304688 0.647375 0.006250 0.009750
0 0.295833 0.652125 0.013542 0.007250
0 0.300781 0.658625 0.017188 0.007250
0 0.295573 0.644125 0.006771 0.007750
0 0.301042 0.643125 0.006250 0.007250
0 0.500260 0.558125 0.008854 0.004250
0 0.494531 0.562625 0.011979 0.005750
0 0.763802 0.541625 0.007812 0.005250
0 0.753906 0.565625 0.007812 0.007750
0 0.750521 0.575875 0.008333 0.006250
0 0.750781 0.582125 0.007812 0.007250
0 0.755208 0.586125 0.008333 0.006250
0 0.742188 0.623125 0.009375 0.008250
0 0.737240 0.630250 0.011979 0.008500
0 0.745833 0.640250 0.011458 0.010000
0 0.720833 0.652750 0.013542 0.010000
0 0.673438 0.657750 0.013542 0.008500
0 0.624740 0.639375 0.008854 0.006750
0 0.630469 0.638625 0.009896 0.008250
0 0.640365 0.712125 0.011979 0.009750
0 0.628125 0.710000 0.010417 0.008500
0 0.604167 0.738375 0.009375 0.008250
0 0.593229 0.738250 0.010417 0.011000
0 0.616406 0.767500 0.018229 0.007500
0 0.758854 0.724250 0.028125 0.009000
0 0.906250 0.528375 0.015625 0.009250
0 0.941146 0.566625 0.010417 0.007250
0 0.908073 0.577875 0.013021 0.008250
0 0.841146 0.571750 0.013542 0.006500
0 0.859635 0.556750 0.015104 0.010000
0 0.874219 0.605500 0.013021 0.009500
0 0.830208 0.626125 0.011458 0.005250
0 0.836198 0.654500 0.013021 0.007000
0 0.857552 0.681250 0.014063 0.007000
0 0.856771 0.711500 0.013542 0.007500
0 0.937500 0.711125 0.014583 0.007250
0 0.931510 0.660250 0.014063 0.007500
0 0.901302 0.622250 0.013021 0.009000
0 0.857552 0.916875 0.010937 0.006750
