0 0.096615 0.401125 0.031771 0.018250
0 0.113281 0.392875 0.042188 0.015250
0 0.302604 0.393500 0.033333 0.012500
0 0.270313 0.404875 0.026042 0.011750
0 0.271875 0.416875 0.025000 0.013750
0 0.266406 0.440250 0.022396 0.012500
0 0.237240 0.460500 0.019271 0.013000
0 0.259635 0.463000 0.031771 0.011500
0 0.248698 0.473750 0.023438 0.012000
0 0.250000 0.472875 0.028125 0.014750
0 0.276042 0.495375 0.026042 0.015250
0 0.273438 0.505375 0.026042 0.010250
0 0.275521 0.510375 0.015625 0.015750
0 0.223177 0.511750 0.029687 0.013000
0 0.217708 0.542375 0.027083 0.010250
0 0.169010 0.515250 0.031771 0.011500
0 0.281510 0.543500 0.044271 0.014500
0 0.271354 0.541875 0.039583 0.011250
0 0.048438 0.607375 0.028125 0.015250
0 0.093750 0.583500 0.026042 0.012000
0 0.119531 0.581250 0.021354 0.012000
0 0.146875 0.605625 0.033333 0.015250
0 0.128646 0.614250 0.037500 0.012500
0 0.432031 0.676125 0.021354 0.013750
0 0.473958 0.685625 0.028125 0.009750
0 0.482031 0.656250 0.021354 0.013000
0 0.521615 0.646875 0.019271 0.009250
0 0.420833 0.628000 0.030208 0.008500
0 0.400000 0.608750 0.025000 0.008000
0 0.389323 0.585875 0.017188 0.008250
0 0.402865 0.570125 0.019271 0.008250
0 0.423698 0.548875 0.027604 0.009250
0 0.418490 0.538125 0.019271 0.010250
0 0.387500 0.518750 0.029167 0.011000
0 0.398698 0.505750 0.018229 0.007500
0 0.384896 0.498375 0.026042 0.016750
0 0.386979 0.470750 0.026042 0.013500
0 0.388021 0.469875 0.023958 0.014250
0 0.381771 0.423125 0.025000 0.016250
0 0.537500 0.471750 0.023958 0.014500
0 0.549219 0.467125 0.020313 0.013250
0 0.617188 0.510000 0.022917 0.012000
0 0.624740 0.495750 0.020313 0.010500
0 0.640625 0.496750 0.026042 0.011500
0 0.685937 0.495375 0.023958 0.009750
0 0.704948 0.590750 0.019271 0.012500
0 0.626042 0.605500 0.039583 0.012500
0 0.617188 0.604875 0.040625 0.010250
0 0.578385 0.544875 0.021354 0.008750
0 0.475781 0.390000 0.022396 0.014000
0 0.494010 0.377375 0.029687 0.016250
0 0.492708 0.377750 0.025000 0.013500
0 0.542969 0.416875 0.032813 0.014750
0 0.580990 0.347875 0.022396 0.014750
0 0.639323 0.332125 0.030729 0.010250
0 0.670052 0.355125 0.030729 0.020750
0 0.671615 0.356750 0.016146 0.018500
0 0.630469 0.361750 0.019271 0.013000
0 0.650781 0.366375 0.021354 0.015750
0 0.650781 0.366875 0.023438 0.013750
0 0.692448 0.375750 0.019271 0.012000
0 0.757812 0.366000 0.022917 0.012000
0 0.744792 0.353250 0.016667 0.011500
0 0.864062 0.318750 0.029167 0.013000
0 0.855729 0.300750 0.026042 0.013000
0 0.880729 0.284000 0.023958 0.015000
0 0.630990 0.212750 0.029687 0.014000
0 0.676042 0.224750 0.027083 0.015000
0 0.627344 0.207875 0.033854 0.015250
0 0.695312 0.209625 0.027083 0.009750
0 0.688542 0.194875 0.022917 0.010750
0 0.716406 0.172875 0.030729 0.014750
0 0.797396 0.183250 0.022917 0.013500
0 0.842708 0.156625 0.025000 0.009250
