0 0.558375 0.780729 0.004750 0.015625
0 0.549125 0.801042 0.006250 0.011458
0 0.535500 0.802344 0.007000 0.007812
0 0.535750 0.836979 0.005000 0.014583
0 0.531125 0.833854 0.006250 0.013542
0 0.522250 0.853906 0.005000 0.018229
0 0.525875 0.896615 0.004750 0.017188
0 0.518875 0.889062 0.004750 0.012500
0 0.491500 0.886198 0.007000 0.010937
0 0.522625 0.819792 0.004750 0.014583
0 0.526750 0.805469 0.005000 0.018229
0 0.530250 0.791406 0.004500 0.010937
0 0.533250 0.811719 0.002500 0.015104
0 0.535750 0.811458 0.003000 0.011458
0 0.448000 0.941406 0.003500 0.009896
0 0.539250 0.748958 0.004000 0.013542
0 0.561000 0.548438 0.004500 0.012500
0 0.522625 0.589583 0.004750 0.013542
0 0.454500 0.678646 0.007500 0.017708
0 0.371500 0.679427 0.008000 0.015104
0 0.326000 0.741406 0.007500 0.010937
0 0.293375 0.828906 0.006250 0.013021
0 0.311500 0.810417 0.008000 0.009375
0 0.324750 0.801042 0.007000 0.009375
0 0.336000 0.843490 0.006500 0.010937
0 0.286375 0.790104 0.006250 0.009375
0 0.293750 0.795573 0.004500 0.015104
0 0.292125 0.792969 0.004250 0.010937
0 0.203875 0.900260 0.004250 0.011979
0 0.349750 0.722135 0.007000 0.015104
0 0.517750 0.471094 0.007000 0.009896
0 0.475875 0.520312 0.005750 0.012500
0 0.450875 0.540365 0.008250 0.010937
0 0.444000 0.438281 0.007500 0.009896
0 0.433500 0.456250 0.007500 0.011458
0 0.432500 0.459375 0.006000 0.009375
0 0.434375 0.433854 0.007250 0.010417
0 0.434750 0.410156 0.006000 0.011979
0 0.480750 0.481771 0.005000 0.010417
0 0.482625 0.477344 0.004750 0.008854
0 0.363375 0.456771 0.005750 0.016667
0 0.343000 0.415104 0.009500 0.012500
0 0.322250 0.399740 0.010000 0.011979
0 0.310125 0.418750 0.008250 0.011458
0 0.315875 0.438281 0.007750 0.011979
0 0.313250 0.447135 0.006000 0.009896
0 0.304500 0.463021 0.008000 0.012500
0 0.313375 0.459115 0.008250 0.007812
0 0.318000 0.464323 0.008000 0.008854
0 0.294750 0.428646 0.007000 0.008333
0 0.294375 0.422396 0.008250 0.010417
0 0.260000 0.422135 0.009500 0.010937
0 0.250250 0.401042 0.008500 0.013542
0 0.238625 0.399219 0.007750 0.010937
0 0.268000 0.383073 0.006500 0.011979
0 0.264125 0.373958 0.009250 0.011458
0 0.192250 0.414062 0.006000 0.009375
0 0.199625 0.415104 0.007250 0.009375
0 0.202375 0.317708 0.007750 0.009375
0 0.107625 0.318750 0.007750 0.014583
0 0.561500 0.389062 0.006500 0.009375
0 0.531250 0.312760 0.005000 0.015104
0 0.441000 0.168750 0.004500 0.018750
0 0.466625 0.128646 0.005750 0.018750
0 0.456500 0.141667 0.008000 0.014583
0 0.459000 0.204427 0.006000 0.014063
0 0.454750 0.201563 0.003000 0.014583
0 0.452000 0.202604 0.003500 0.012500
0 0.382250 0.172656 0.004000 0.011979
0 0.417375 0.096094 0.006250 0.017188
0 0.440375 0.103385 0.005750 0.014063
0 0.430625 0.104688 0.006250 0.012500
0 0.438875 0.079948 0.004750 0.014063
0 0.461750 0.065365 0.004500 0.013021
0 0.421125 0.076042 0.005750 0.013542
0 0.425875 0.076042 0.003750 0.010417
0 0.411375 0.038542 0.005750 0.016667
0 0.407750 0.042708 0.005000 0.010417
0 0.395375 0.024479 0.007250 0.011458
0 0.343875 0.019010 0.005750 0.016146
0 0.594875 0.274219 0.004750 0.014063
0 0.582375 0.253385 0.004250 0.015104
0 0.639750 0.262500 0.005000 0.013542
0 0.591125 0.190885 0.004750 0.015104
0 0.626250 0.186719 0.008500 0.006771
0 0.605875 0.148438 0.005750 0.012500
0 0.566250 0.153906 0.005500 0.011979
0 0.548250 0.075521 0.004000 0.012500
0 0.561375 0.049479 0.005750 0.018750
0 0.598250 0.029948 0.007000 0.017188
0 0.536000 0.013281 0.004500 0.011979
0 0.540250 0.024219 0.004000 0.007812
0 0.540625 0.032031 0.004750 0.008854
