0 0.164250 0.557813 0.006000 0.008333
0 0.178250 0.525521 0.005000 0.009375
0 0.239500 0.622917 0.005000 0.013542
0 0.233500 0.599219 0.010000 0.010937
0 0.360000 0.524740 0.004500 0.010937
0 0.353500 0.476042 0.005500 0.011458
0 0.343875 0.468229 0.005750 0.011458
0 0.347500 0.441406 0.005500 0.007812
0 0.351750 0.447656 0.003000 0.013021
0 0.355250 0.444531 0.004500 0.009896
0 0.342875 0.390104 0.005750 0.012500
0 0.337000 0.355729 0.004500 0.014583
0 0.348500 0.383333 0.003500 0.011458
0 0.353625 0.391406 0.005750 0.013021
0 0.352250 0.279948 0.003500 0.009896
0 0.334625 0.313281 0.007750 0.016146
0 0.343875 0.322917 0.003250 0.011458
0 0.352875 0.330990 0.005750 0.007812
0 0.348000 0.325000 0.005000 0.008333
0 0.353000 0.318750 0.003500 0.007292
0 0.347250 0.316146 0.003500 0.007292
0 0.349125 0.301823 0.003750 0.005729
0 0.354500 0.302865 0.005000 0.007812
0 0.350875 0.308073 0.004250 0.006771
0 0.356750 0.316146 0.003500 0.008333
0 0.348125 0.217448 0.003750 0.010937
0 0.333500 0.228906 0.004500 0.014063
0 0.322500 0.235937 0.005500 0.007292
0 0.306250 0.219531 0.004000 0.008854
0 0.309375 0.223958 0.003250 0.013542
0 0.272875 0.249219 0.004750 0.009896
0 0.269125 0.160417 0.004750 0.013542
0 0.299125 0.183073 0.005250 0.013021
0 0.302000 0.170313 0.004000 0.012500
0 0.292625 0.164323 0.002750 0.009896
0 0.295500 0.160677 0.004000 0.014063
0 0.303000 0.152604 0.003500 0.011458
0 0.317000 0.140104 0.003500 0.011458
0 0.343375 0.161979 0.004250 0.010417
0 0.268750 0.072917 0.003500 0.011458
0 0.266125 0.074219 0.002750 0.011979
0 0.414125 0.407031 0.007250 0.014063
0 0.451750 0.413021 0.003500 0.008333
0 0.471375 0.364583 0.003750 0.010417
0 0.468250 0.336198 0.004000 0.007812
0 0.455000 0.267188 0.006500 0.013542
0 0.468625 0.194010 0.004750 0.014063
0 0.470625 0.210417 0.005250 0.006250
0 0.474375 0.215885 0.005750 0.011979
0 0.503250 0.171615 0.005000 0.013021
0 0.474375 0.030990 0.005250 0.008854
0 0.524625 0.048177 0.003750 0.014063
0 0.528625 0.058854 0.004750 0.010417
0 0.532250 0.033073 0.003000 0.014063
0 0.537625 0.047396 0.004750 0.014583
0 0.543625 0.045312 0.005750 0.009375
0 0.542125 0.032813 0.002750 0.013542
0 0.542500 0.008333 0.004500 0.011458
0 0.544250 0.026823 0.004000 0.006771
0 0.494750 0.551302 0.006500 0.011979
0 0.546375 0.508594 0.003250 0.011979
0 0.540625 0.467969 0.005750 0.008854
0 0.554250 0.414062 0.005500 0.012500
0 0.557125 0.456771 0.004250 0.015625
0 0.578875 0.434635 0.006250 0.006771
0 0.603125 0.436719 0.004250 0.013021
0 0.623500 0.390104 0.005500 0.013542
0 0.597000 0.305208 0.006500 0.013542
0 0.677375 0.202344 0.007750 0.008854
0 0.691250 0.232292 0.006500 0.013542
0 0.923500 0.292187 0.003500 0.011458
0 0.774750 0.596354 0.004500 0.011458
0 0.805500 0.636458 0.005000 0.009375
0 0.575625 0.111719 0.004250 0.013021
