0 0.186719 0.587500 0.007812 0.006000
0 0.208073 0.577750 0.005729 0.004500
0 0.204687 0.577375 0.007292 0.005250
0 0.239583 0.371500 0.009375 0.005500
0 0.264844 0.386125 0.008854 0.005750
0 0.282813 0.403375 0.008333 0.006250
0 0.578125 0.275875 0.009375 0.006250
0 0.669010 0.293125 0.008854 0.006750
0 0.639323 0.410625 0.006771 0.006250
0 0.635677 0.416875 0.007812 0.005250
0 0.689583 0.552375 0.009375 0.003750
0 0.693490 0.548625 0.006771 0.004750
0 0.683333 0.629125 0.011458 0.006750
0 0.906771 0.783375 0.012500 0.004750
