0 0.508750 0.329948 0.004000 0.007812
0 0.509625 0.328125 0.004750 0.009375
0 0.511375 0.324479 0.003750 0.009375
0 0.538500 0.435156 0.005500 0.007812
0 0.537000 0.428646 0.004500 0.009375
0 0.530250 0.420573 0.004000 0.006771
0 0.531375 0.458333 0.006250 0.009375
0 0.481875 0.407812 0.004250 0.009375
0 0.474250 0.404427 0.005500 0.006771
0 0.475875 0.400260 0.005250 0.008854
0 0.498000 0.398698 0.005000 0.005729
0 0.497625 0.403125 0.005750 0.007292
0 0.541250 0.482031 0.005000 0.007812
0 0.539250 0.490625 0.005000 0.009375
0 0.526000 0.491406 0.006500 0.006771
0 0.523625 0.472396 0.007250 0.007292
0 0.485500 0.493229 0.006500 0.006250
0 0.480375 0.512500 0.004750 0.006250
0 0.480625 0.508073 0.005250 0.005729
0 0.467750 0.496875 0.007000 0.005208
0 0.460875 0.491406 0.004250 0.007812
0 0.448125 0.519531 0.004250 0.006771
0 0.448625 0.517188 0.005250 0.008333
0 0.438875 0.485156 0.006250 0.007812
0 0.434625 0.496354 0.004750 0.005208
0 0.435750 0.493229 0.005000 0.006250
0 0.495875 0.587760 0.004250 0.008854
0 0.498000 0.590625 0.004500 0.007292
0 0.500375 0.587760 0.004750 0.008854
0 0.488250 0.613021 0.007000 0.008333
0 0.433500 0.689063 0.005500 0.013542
0 0.410500 0.716667 0.006000 0.016667
0 0.545500 0.530469 0.004000 0.006771
0 0.552500 0.537240 0.004000 0.013021
0 0.548125 0.542188 0.003750 0.011458
0 0.561500 0.547396 0.003000 0.007292
0 0.560500 0.544531 0.004500 0.007812
0 0.549750 0.624740 0.004500 0.011979
0 0.548125 0.634635 0.004250 0.009896
0 0.545875 0.644792 0.002750 0.011458
0 0.548750 0.646094 0.003500 0.013021
0 0.540000 0.677344 0.004000 0.013021
0 0.553125 0.685677 0.005250 0.014063
0 0.543000 0.719010 0.004000 0.013021
0 0.540750 0.711979 0.004500 0.011458
0 0.536875 0.788802 0.003250 0.010937
0 0.535625 0.786458 0.004250 0.011458
0 0.568500 0.869792 0.005500 0.016667
0 0.559750 0.521875 0.003000 0.008333
0 0.581000 0.588802 0.006500 0.006771
0 0.582250 0.592448 0.005500 0.005729
0 0.583000 0.596615 0.004500 0.005729
0 0.608250 0.655208 0.003500 0.011458
0 0.603625 0.667448 0.007250 0.006771
0 0.603875 0.672917 0.005250 0.005208
