0 0.303000 0.131510 0.005500 0.008854
0 0.315875 0.139063 0.003750 0.019792
0 0.312625 0.130990 0.003250 0.018229
0 0.311750 0.169010 0.006000 0.015104
0 0.309125 0.365365 0.005750 0.018229
0 0.308500 0.390365 0.004000 0.017188
0 0.308875 0.444531 0.003750 0.021354
0 0.340750 0.490885 0.004000 0.014063
0 0.365875 0.420312 0.005250 0.015625
0 0.370750 0.336719 0.003000 0.008854
0 0.376250 0.335417 0.004500 0.008333
0 0.362500 0.572135 0.008500 0.013021
0 0.418875 0.475000 0.004250 0.010417
0 0.405375 0.466406 0.004750 0.011979
0 0.429375 0.427344 0.005250 0.016146
0 0.458875 0.356250 0.002750 0.009375
0 0.457125 0.355469 0.003250 0.008854
0 0.497500 0.326042 0.004000 0.008333
0 0.496375 0.323958 0.004250 0.008333
0 0.499125 0.383854 0.004250 0.008333
0 0.497375 0.379427 0.003250 0.009896
0 0.493000 0.367448 0.002500 0.011979
0 0.491875 0.365365 0.002750 0.010937
0 0.463000 0.398698 0.002500 0.011979
0 0.465000 0.398177 0.003000 0.014063
0 0.489250 0.461198 0.006000 0.011979
0 0.474625 0.479687 0.004250 0.013542
0 0.393750 0.622396 0.005500 0.015625
0 0.413500 0.589844 0.006000 0.005729
0 0.428000 0.579167 0.003000 0.010417
0 0.431375 0.578906 0.004250 0.007812
0 0.436500 0.577083 0.006500 0.010417
0 0.470375 0.554167 0.004250 0.007292
0 0.474625 0.552604 0.004250 0.007292
0 0.530375 0.483333 0.004750 0.007292
0 0.524375 0.483333 0.005250 0.006250
0 0.522875 0.483333 0.004750 0.008333
0 0.555625 0.476042 0.004250 0.008333
0 0.559250 0.498437 0.004500 0.009375
0 0.553000 0.501823 0.005500 0.008854
0 0.581625 0.450260 0.007250 0.008854
0 0.591750 0.466667 0.005500 0.008333
0 0.572875 0.455208 0.004250 0.006250
0 0.570625 0.455469 0.003750 0.006771
0 0.654750 0.438021 0.007000 0.008333
0 0.667750 0.530208 0.005500 0.008333
0 0.536500 0.534896 0.006000 0.014583
0 0.526750 0.553125 0.004500 0.010417
0 0.382125 0.699479 0.004750 0.016667
0 0.387500 0.713542 0.008000 0.010417
0 0.392375 0.697135 0.008250 0.010937
0 0.411000 0.713281 0.007000 0.009896
0 0.418625 0.713281 0.006750 0.013021
0 0.452875 0.729427 0.006250 0.009896
0 0.455000 0.726562 0.003500 0.012500
0 0.456875 0.725260 0.004750 0.010937
0 0.475375 0.713802 0.003750 0.011979
0 0.450875 0.737240 0.002750 0.008854
0 0.454125 0.740625 0.004250 0.014583
0 0.498500 0.744792 0.004000 0.015625
0 0.504250 0.755990 0.006000 0.009896
0 0.493500 0.750781 0.006000 0.009896
0 0.494250 0.757552 0.006000 0.006771
0 0.485375 0.767448 0.006750 0.009896
0 0.487875 0.762500 0.006750 0.008333
0 0.495125 0.772396 0.006250 0.009375
0 0.496375 0.783854 0.006750 0.012500
0 0.519500 0.796354 0.006500 0.009375
0 0.525375 0.771875 0.006750 0.006250
0 0.524875 0.767188 0.006250 0.004167
0 0.525125 0.763542 0.006250 0.005208
0 0.523375 0.746615 0.007250 0.009896
0 0.536250 0.733073 0.004000 0.010937
0 0.543750 0.757812 0.006500 0.005208
0 0.544125 0.754167 0.006250 0.006250
0 0.530125 0.856250 0.003750 0.012500
0 0.523500 0.862240 0.007000 0.010937
0 0.508375 0.838021 0.004250 0.016667
0 0.503500 0.809115 0.006000 0.013021
0 0.495750 0.811198 0.007500 0.008854
0 0.493625 0.830990 0.008250 0.008854
0 0.491250 0.820312 0.006500 0.012500
0 0.475250 0.843490 0.005500 0.013021
0 0.486500 0.807031 0.007500 0.008854
0 0.491500 0.800000 0.008000 0.008333
0 0.474000 0.807812 0.006500 0.007292
0 0.475000 0.801562 0.006500 0.007292
0 0.465500 0.779167 0.009500 0.010417
0 0.437875 0.804167 0.006250 0.010417
0 0.440000 0.789323 0.007000 0.010937
0 0.443500 0.783073 0.007500 0.008854
0 0.451750 0.767448 0.007500 0.007812
0 0.449000 0.761458 0.007500 0.008333
0 0.441625 0.754687 0.007250 0.010417
0 0.438625 0.765885 0.007250 0.009896
0 0.435250 0.776042 0.007000 0.010417
0 0.444750 0.772396 0.007000 0.007292
0 0.411250 0.753646 0.003000 0.014583
0 0.414375 0.752083 0.005250 0.014583
0 0.409625 0.192448 0.005250 0.008854
0 0.429375 0.124740 0.004750 0.008854
