0 0.636458 0.349625 0.015625 0.004750
0 0.659635 0.357875 0.013021 0.006250
0 0.667708 0.368625 0.014583 0.005250
0 0.577604 0.367000 0.014583 0.005000
0 0.587500 0.383625 0.009375 0.007250
0 0.602865 0.385125 0.008854 0.004750
0 0.627344 0.382125 0.011979 0.005250
0 0.612760 0.387750 0.010937 0.005000
0 0.612500 0.382750 0.010417 0.005000
0 0.912760 0.242625 0.014063 0.009250
0 0.751042 0.198875 0.008333 0.007250
0 0.527344 0.360875 0.010937 0.005250
0 0.515625 0.373375 0.009375 0.007250
0 0.466406 0.380250 0.010937 0.006000
0 0.448437 0.406500 0.010417 0.006500
0 0.303385 0.258000 0.010937 0.007500
0 0.296615 0.273625 0.011979 0.006750
0 0.283854 0.279875 0.008333 0.006750
0 0.283854 0.287500 0.008333 0.006000
0 0.280990 0.293750 0.008854 0.005500
0 0.270573 0.306250 0.007812 0.007500
0 0.293750 0.312625 0.009375 0.007250
0 0.313802 0.305375 0.006771 0.007250
0 0.325260 0.304875 0.006771 0.007750
0 0.348958 0.309125 0.011458 0.007250
0 0.359375 0.289500 0.006250 0.007000
0 0.352604 0.288375 0.008333 0.004750
0 0.244792 0.346250 0.012500 0.007000
0 0.254167 0.327375 0.009375 0.007250
0 0.246354 0.330750 0.009375 0.007000
0 0.231771 0.379125 0.011458 0.006250
0 0.538802 0.464625 0.011979 0.007250
0 0.508073 0.482625 0.007812 0.004750
0 0.617708 0.490750 0.011458 0.005500
0 0.660417 0.487500 0.009375 0.005500
0 0.591406 0.491625 0.013021 0.006750
0 0.747135 0.490875 0.009896 0.006750
0 0.772135 0.492500 0.010937 0.007500
0 0.835938 0.514875 0.010417 0.008250
0 0.814844 0.513375 0.013021 0.006250
0 0.820833 0.507125 0.013542 0.006250
0 0.858073 0.495500 0.008854 0.008000
0 0.870573 0.494000 0.016146 0.005500
0 0.907031 0.493875 0.015104 0.005250
0 0.924219 0.551250 0.014063 0.006000
0 0.916406 0.532750 0.013021 0.004000
0 0.913281 0.529250 0.014063 0.005500
0 0.850260 0.803875 0.014063 0.005750
0 0.801823 0.688375 0.013021 0.007250
0 0.719271 0.649250 0.010417 0.007000
0 0.616667 0.663250 0.014583 0.008000
0 0.571875 0.648250 0.009375 0.008000
0 0.507552 0.619375 0.011979 0.006750
0 0.470573 0.613500 0.008854 0.007000
0 0.457813 0.590500 0.012500 0.007000
0 0.413281 0.600250 0.016146 0.004500
0 0.480208 0.645500 0.009375 0.006000
0 0.475260 0.631625 0.018229 0.006750
0 0.436198 0.596500 0.006771 0.007500
0 0.444792 0.595750 0.009375 0.007500
0 0.313542 0.545750 0.008333 0.007000
0 0.353385 0.544500 0.007812 0.006500
0 0.363021 0.544750 0.011458 0.006000
0 0.232292 0.767000 0.012500 0.009500
0 0.065365 0.163125 0.013021 0.009250
0 0.110937 0.128375 0.014583 0.007250
0 0.095833 0.107125 0.020833 0.006750
0 0.184635 0.123625 0.014063 0.006750
0 0.352344 0.062500 0.010937 0.009500
