0 0.410500 0.308854 0.014000 0.021875
0 0.407625 0.310937 0.006750 0.020833
0 0.391375 0.453646 0.011250 0.019792
0 0.440625 0.479687 0.010750 0.018750
0 0.464750 0.478125 0.009000 0.021875
0 0.487500 0.379167 0.014500 0.025000
0 0.490375 0.595573 0.012250 0.021354
0 0.460875 0.605208 0.009750 0.029167
0 0.437750 0.638542 0.008500 0.022917
0 0.446750 0.691667 0.014000 0.028125
0 0.476375 0.703906 0.011250 0.026562
0 0.474375 0.709115 0.011750 0.027604
0 0.493625 0.702604 0.013250 0.027083
0 0.493000 0.704948 0.010000 0.017188
0 0.494375 0.700781 0.008250 0.025521
0 0.419750 0.725260 0.008000 0.034896
0 0.429500 0.753385 0.007000 0.026562
0 0.439750 0.769271 0.010000 0.020833
0 0.257250 0.438021 0.013000 0.039583
