0 0.406771 0.448625 0.016667 0.013750
0 0.520052 0.438125 0.021354 0.016250
0 0.588281 0.439625 0.024479 0.010250
0 0.623437 0.440750 0.023958 0.012500
0 0.669792 0.435250 0.017708 0.011000
0 0.542969 0.454375 0.021354 0.009250
0 0.547656 0.460000 0.021354 0.008000
0 0.542188 0.468250 0.036458 0.013000
0 0.539323 0.467625 0.030729 0.010750
0 0.583594 0.497000 0.031771 0.011500
0 0.533333 0.500250 0.016667 0.012500
0 0.509635 0.489750 0.032813 0.012000
0 0.378646 0.490125 0.027083 0.012750
0 0.355990 0.491500 0.021354 0.008500
0 0.337240 0.508250 0.029687 0.011500
0 0.676562 0.517375 0.020833 0.013750
0 0.688281 0.510500 0.023438 0.017000
0 0.719271 0.519000 0.023958 0.013500
0 0.722396 0.512500 0.017708 0.011000
0 0.582031 0.530625 0.040104 0.015250
0 0.581250 0.531500 0.038542 0.017000
0 0.512500 0.559625 0.019792 0.013250
0 0.492448 0.559875 0.029687 0.010250
0 0.596615 0.573000 0.022396 0.011500
0 0.588802 0.572750 0.028646 0.010500
0 0.625521 0.583250 0.016667 0.010000
0 0.670573 0.589500 0.016146 0.009000
0 0.602604 0.590375 0.019792 0.009750
0 0.632812 0.603250 0.021875 0.016000
0 0.630469 0.603250 0.019271 0.011500
0 0.432292 0.574750 0.025000 0.009000
0 0.355208 0.535000 0.041667 0.012500
0 0.211458 0.607875 0.023958 0.010750
0 0.205469 0.628625 0.042188 0.014750
0 0.202604 0.628250 0.045833 0.012500
0 0.403646 0.626500 0.022917 0.009000
0 0.389583 0.631000 0.019792 0.011500
0 0.453906 0.611125 0.019271 0.011250
0 0.478385 0.607000 0.018229 0.012500
0 0.495573 0.604500 0.021354 0.012000
0 0.504427 0.614250 0.027604 0.014000
0 0.488021 0.624125 0.027083 0.011250
0 0.529167 0.637000 0.021875 0.012000
0 0.515365 0.650250 0.030729 0.011500
0 0.490104 0.651125 0.025000 0.011750
0 0.473438 0.639250 0.027083 0.012000
0 0.465625 0.646625 0.035417 0.009750
0 0.466927 0.658625 0.028646 0.010750
0 0.462760 0.648875 0.036979 0.013250
