0 0.222135 0.609500 0.017188 0.004000
0 0.146875 0.553500 0.021875 0.005500
0 0.372396 0.316375 0.012500 0.003750
0 0.369271 0.312875 0.016667 0.003750
0 0.315625 0.263500 0.011458 0.010500
0 0.249219 0.245500 0.017188 0.008500
0 0.139583 0.158250 0.013542 0.011000
0 0.126562 0.088875 0.019792 0.008750
0 0.270313 0.087250 0.012500 0.005000
0 0.268229 0.083750 0.010417 0.004000
0 0.539844 0.600625 0.016146 0.007250
0 0.537760 0.592625 0.009896 0.008750
0 0.692708 0.348875 0.011458 0.008250
0 0.689844 0.346625 0.008854 0.006250
0 0.723177 0.281250 0.016146 0.004000
0 0.722135 0.277625 0.015104 0.003750
0 0.817448 0.136500 0.013021 0.008500
0 0.867188 0.491000 0.014583 0.007000
0 0.863542 0.489375 0.012500 0.005750
0 0.915104 0.476000 0.016667 0.007000
0 0.580729 0.621500 0.017708 0.005000
0 0.831250 0.636000 0.017708 0.004000
0 0.899219 0.635750 0.015104 0.005500
0 0.910417 0.647875 0.011458 0.008250
0 0.932552 0.635250 0.016146 0.005500
0 0.946094 0.637000 0.011979 0.003500
