0 0.168750 0.298500 0.016667 0.009000
0 0.494792 0.263000 0.017708 0.011000
0 0.490625 0.300500 0.011458 0.008500
0 0.347656 0.325250 0.016146 0.009000
0 0.390625 0.325500 0.012500 0.007500
0 0.274479 0.349875 0.019792 0.009250
0 0.333594 0.355875 0.016146 0.005250
0 0.345833 0.357500 0.014583 0.007500
0 0.424740 0.357875 0.019271 0.006750
0 0.309375 0.383625 0.014583 0.009750
0 0.275260 0.463750 0.018229 0.009500
0 0.431771 0.475125 0.015625 0.004750
0 0.430469 0.478500 0.016146 0.003500
0 0.480208 0.465125 0.016667 0.006750
0 0.525781 0.474125 0.018229 0.006750
0 0.498698 0.476375 0.010937 0.005750
0 0.466146 0.477125 0.014583 0.005250
0 0.461458 0.480000 0.015625 0.005000
0 0.606250 0.476375 0.017708 0.005750
0 0.613802 0.468875 0.009896 0.005250
0 0.606250 0.453625 0.018750 0.006250
0 0.629427 0.430375 0.021354 0.009750
0 0.699219 0.468500 0.021354 0.006500
0 0.735938 0.455500 0.020833 0.007000
0 0.764323 0.453000 0.021354 0.006000
0 0.742448 0.449875 0.015104 0.006750
0 0.820833 0.471375 0.022917 0.009750
0 0.824479 0.450875 0.019792 0.009250
0 0.764062 0.442750 0.019792 0.007000
0 0.771354 0.438750 0.011458 0.008500
0 0.784635 0.437125 0.017188 0.006250
0 0.864323 0.432750 0.007812 0.007000
0 0.872135 0.437125 0.019271 0.005250
0 0.967969 0.380625 0.018229 0.010250
0 0.770833 0.393500 0.019792 0.008000
0 0.707031 0.376625 0.014063 0.008750
0 0.362500 0.485875 0.007292 0.003750
0 0.369010 0.485125 0.009896 0.004250
0 0.577344 0.498500 0.016146 0.006500
0 0.599219 0.495750 0.013021 0.005500
0 0.597656 0.503625 0.016146 0.005750
0 0.744010 0.507250 0.017188 0.005000
0 0.972396 0.520250 0.015625 0.008500
0 0.919792 0.548000 0.014583 0.007000
0 0.903906 0.554750 0.014063 0.008500
0 0.821354 0.575000 0.012500 0.007500
0 0.830208 0.551500 0.018750 0.004500
0 0.826823 0.540750 0.019271 0.008000
0 0.777865 0.559500 0.015104 0.008000
0 0.734115 0.551875 0.020313 0.005250
0 0.696094 0.557875 0.014063 0.008750
0 0.674479 0.563125 0.010417 0.004750
0 0.653646 0.534000 0.014583 0.009000
0 0.630729 0.526250 0.016667 0.005000
0 0.634896 0.520625 0.018750 0.005250
0 0.570833 0.523000 0.018750 0.005000
0 0.549740 0.522625 0.016146 0.006750
0 0.560677 0.514625 0.017188 0.006750
0 0.507292 0.511750 0.017708 0.005500
0 0.507812 0.516750 0.010417 0.006000
0 0.516146 0.519625 0.012500 0.005750
0 0.525521 0.518500 0.012500 0.006500
0 0.453385 0.523750 0.021354 0.006000
0 0.418750 0.510875 0.016667 0.006750
0 0.438281 0.546500 0.013021 0.008000
0 0.521094 0.542750 0.011979 0.010500
0 0.462240 0.562375 0.010937 0.008250
0 0.389583 0.559125 0.008333 0.007750
0 0.401302 0.560125 0.016146 0.005250
0 0.421615 0.565500 0.014063 0.004000
0 0.422917 0.567875 0.012500 0.003750
0 0.466146 0.583125 0.016667 0.010750
0 0.478125 0.588125 0.014583 0.007250
0 0.495312 0.586500 0.012500 0.008000
0 0.473958 0.601875 0.012500 0.007750
0 0.486979 0.614500 0.010417 0.009000
0 0.504427 0.610250 0.011979 0.009000
0 0.527083 0.626250 0.008333 0.009000
0 0.536979 0.627875 0.013542 0.009250
0 0.585156 0.640625 0.011979 0.007250
0 0.605729 0.624375 0.017708 0.005750
0 0.622396 0.623750 0.010417 0.010000
0 0.653385 0.628250 0.013021 0.008000
0 0.617708 0.647125 0.013542 0.007250
0 0.629167 0.651625 0.015625 0.006250
0 0.586979 0.652125 0.011458 0.008250
0 0.595573 0.654125 0.016146 0.008750
0 0.559375 0.641500 0.014583 0.006500
0 0.560156 0.637250 0.008854 0.006000
0 0.691146 0.663750 0.015625 0.009500
0 0.677344 0.664875 0.009896 0.008250
0 0.612500 0.670500 0.013542 0.010000
0 0.590365 0.676625 0.013021 0.007750
0 0.650781 0.677000 0.019271 0.007000
0 0.748437 0.685750 0.020833 0.006000
0 0.738542 0.706375 0.011458 0.009250
0 0.675521 0.705750 0.017708 0.010000
0 0.635938 0.688625 0.014583 0.007250
0 0.653385 0.692000 0.015104 0.007000
0 0.651042 0.687000 0.014583 0.006000
0 0.654687 0.683500 0.017708 0.005500
0 0.660677 0.688750 0.013021 0.006500
0 0.666406 0.694750 0.008854 0.008500
0 0.587240 0.692625 0.015104 0.009250
0 0.628125 0.695875 0.006250 0.008750
0 0.634896 0.697125 0.008333 0.009250
0 0.796354 0.736500 0.013542 0.006000
0 0.800781 0.734125 0.016146 0.007750
0 0.772135 0.720125 0.011979 0.009750
0 0.777344 0.711625 0.010937 0.007750
0 0.894010 0.737500 0.016146 0.008000
0 0.895052 0.732375 0.019271 0.005250
0 0.690625 0.638875 0.016667 0.009250
0 0.732292 0.622875 0.011458 0.009750
0 0.726042 0.544875 0.016667 0.003750
0 0.725000 0.541750 0.016667 0.004000
0 0.549219 0.584500 0.010937 0.006500
0 0.559115 0.594875 0.016146 0.007250
0 0.570833 0.590500 0.016667 0.007000
0 0.572917 0.584875 0.018750 0.005750
0 0.595573 0.583500 0.018229 0.006500
0 0.641146 0.591250 0.011458 0.007500
0 0.581771 0.601750 0.012500 0.008000
0 0.506771 0.686125 0.016667 0.005750
0 0.507552 0.677625 0.017188 0.005250
0 0.488021 0.671750 0.010417 0.006500
0 0.455208 0.661375 0.016667 0.003750
0 0.452344 0.652500 0.013021 0.006000
0 0.465885 0.642125 0.008854 0.007750
0 0.502083 0.659000 0.010417 0.005500
0 0.507292 0.664875 0.010417 0.006750
0 0.545052 0.686875 0.014063 0.007250
0 0.435677 0.626625 0.011979 0.007250
0 0.450260 0.627875 0.011979 0.005750
0 0.445052 0.624125 0.013021 0.003750
0 0.401302 0.622500 0.018229 0.007500
0 0.397135 0.603625 0.014063 0.007750
0 0.395833 0.687875 0.016667 0.008750
0 0.319792 0.598625 0.017708 0.008250
0 0.333073 0.575500 0.014063 0.009500
0 0.328125 0.563000 0.007292 0.007500
0 0.608333 0.312000 0.025000 0.013000
