0 0.091146 0.411625 0.011458 0.004750
0 0.094010 0.422625 0.014063 0.003250
0 0.101042 0.412875 0.006250 0.005250
0 0.104948 0.415625 0.005729 0.005250
0 0.109115 0.412625 0.009896 0.004750
0 0.111719 0.411750 0.007812 0.004000
0 0.098958 0.426500 0.009375 0.004500
0 0.100260 0.430500 0.011979 0.004000
0 0.124740 0.429875 0.008854 0.004750
0 0.120313 0.427000 0.012500 0.002500
0 0.124479 0.421000 0.006250 0.005500
0 0.131510 0.423375 0.005729 0.004750
0 0.134635 0.423125 0.004687 0.004750
0 0.144271 0.444875 0.010417 0.004250
0 0.117708 0.443750 0.011458 0.004500
0 0.140885 0.456000 0.013021 0.004500
0 0.119271 0.472250 0.008333 0.006000
0 0.156250 0.367500 0.006250 0.006500
0 0.145573 0.364875 0.011979 0.003250
0 0.153125 0.361750 0.012500 0.003500
0 0.140885 0.336750 0.010937 0.003000
0 0.141406 0.332375 0.007812 0.005750
0 0.119271 0.327750 0.007292 0.004500
0 0.152083 0.284625 0.010417 0.005250
0 0.143229 0.264625 0.008333 0.006250
0 0.295573 0.236875 0.009896 0.008250
0 0.248177 0.285250 0.008854 0.007500
0 0.234115 0.291875 0.004687 0.005250
0 0.229948 0.291375 0.005729 0.007250
0 0.279687 0.320250 0.012500 0.004000
0 0.262500 0.341500 0.007292 0.006000
0 0.206250 0.353250 0.008333 0.007000
0 0.261198 0.359875 0.003646 0.005750
0 0.257552 0.359250 0.006771 0.006000
0 0.244010 0.376875 0.007812 0.005250
0 0.245833 0.378250 0.008333 0.004500
0 0.250781 0.379375 0.007812 0.005750
0 0.266667 0.382125 0.005208 0.005250
0 0.235937 0.399375 0.009375 0.006250
0 0.246615 0.402875 0.010937 0.004250
0 0.240885 0.425000 0.009896 0.006000
0 0.232292 0.424000 0.007292 0.006500
0 0.224479 0.431000 0.008333 0.006000
0 0.235156 0.441750 0.009896 0.006000
0 0.231510 0.452625 0.010937 0.004750
0 0.230208 0.459500 0.009375 0.006000
0 0.251042 0.440750 0.007292 0.003000
0 0.250521 0.437500 0.005208 0.003000
0 0.251042 0.435625 0.005208 0.003250
0 0.258854 0.417000 0.005208 0.005500
0 0.255729 0.414625 0.004167 0.005750
0 0.324219 0.472875 0.010937 0.002750
0 0.324219 0.470875 0.008854 0.003750
0 0.338542 0.465375 0.008333 0.006250
0 0.374740 0.443875 0.014063 0.003750
0 0.377344 0.458125 0.011979 0.002250
0 0.376042 0.455750 0.009375 0.002500
0 0.407552 0.449875 0.014063 0.003750
0 0.438802 0.439125 0.011979 0.004750
0 0.464323 0.434625 0.006771 0.005250
0 0.467708 0.431125 0.013542 0.003250
0 0.525260 0.417000 0.015104 0.003500
0 0.484115 0.398875 0.011979 0.005750
0 0.588281 0.399250 0.013021 0.004000
0 0.587500 0.396625 0.010417 0.002750
0 0.588802 0.395375 0.011979 0.003750
0 0.590885 0.392625 0.011979 0.003250
0 0.636719 0.417125 0.010937 0.004750
0 0.636979 0.396000 0.012500 0.005500
0 0.609896 0.408750 0.010417 0.003500
0 0.607552 0.407125 0.011979 0.003750
0 0.601302 0.404875 0.013021 0.002750
0 0.592187 0.407125 0.012500 0.002750
0 0.573958 0.413250 0.012500 0.005000
0 0.543750 0.421750 0.010417 0.005000
0 0.525781 0.428250 0.009896 0.004500
0 0.526563 0.425500 0.011458 0.004000
0 0.507031 0.430875 0.010937 0.005250
0 0.366146 0.472000 0.008333 0.004500
0 0.354427 0.473000 0.007812 0.004000
0 0.358333 0.473750 0.006250 0.002500
0 0.383333 0.464000 0.010417 0.004000
0 0.392969 0.502750 0.009896 0.005000
0 0.375000 0.495750 0.007292 0.004500
0 0.378125 0.494375 0.006250 0.003250
0 0.400000 0.492750 0.009375 0.006000
0 0.425000 0.490875 0.010417 0.004750
0 0.446875 0.482375 0.008333 0.005750
0 0.447656 0.478250 0.010937 0.004000
0 0.511979 0.469375 0.013542 0.005250
0 0.542448 0.480250 0.010937 0.003500
0 0.789062 0.464250 0.014583 0.003500
0 0.782292 0.468375 0.013542 0.003250
0 0.781771 0.471250 0.013542 0.003500
0 0.703906 0.470625 0.010937 0.003750
0 0.694271 0.473250 0.013542 0.003000
0 0.623698 0.489000 0.015104 0.004500
0 0.616406 0.497750 0.013021 0.005000
0 0.594531 0.482000 0.010937 0.004000
0 0.494531 0.507500 0.007812 0.005500
0 0.342708 0.565375 0.011458 0.004250
0 0.366667 0.577000 0.009375 0.005000
0 0.375781 0.586625 0.009896 0.004750
0 0.392188 0.583000 0.011458 0.004500
0 0.393490 0.592875 0.005729 0.003750
0 0.386719 0.592375 0.007812 0.003250
0 0.412240 0.588875 0.010937 0.003250
0 0.409896 0.601625 0.008333 0.004750
0 0.421615 0.599750 0.007812 0.004000
0 0.440365 0.606500 0.006771 0.004000
0 0.444271 0.603875 0.009375 0.004250
0 0.422135 0.627375 0.014063 0.003750
0 0.459896 0.615000 0.008333 0.003500
0 0.458073 0.616000 0.006771 0.003000
0 0.483333 0.617875 0.007292 0.004750
0 0.484635 0.614750 0.006771 0.003500
0 0.487240 0.606875 0.007812 0.004750
0 0.493229 0.605000 0.007292 0.004000
0 0.472656 0.602750 0.007812 0.004500
0 0.475260 0.600875 0.006771 0.004250
0 0.470052 0.597625 0.006771 0.003750
0 0.465104 0.598000 0.005208 0.004500
0 0.392969 0.558375 0.010937 0.004750
0 0.312240 0.597750 0.006771 0.005500
0 0.320573 0.595875 0.007812 0.004750
0 0.453906 0.724250 0.007812 0.004500
0 0.538802 0.698125 0.010937 0.003250
0 0.560677 0.735250 0.008854 0.004000
0 0.574740 0.727375 0.007812 0.003250
0 0.563802 0.725000 0.005729 0.003500
