0 0.290875 0.862760 0.003250 0.009896
0 0.352125 0.876563 0.004250 0.005208
0 0.354375 0.880469 0.005250 0.006771
0 0.475000 0.833594 0.004500 0.005729
0 0.483250 0.878125 0.006000 0.005208
0 0.480250 0.717448 0.004500 0.009896
0 0.458500 0.674479 0.005000 0.007292
0 0.262625 0.228646 0.004750 0.011458
0 0.457875 0.193750 0.004750 0.011458
0 0.574375 0.611458 0.004250 0.011458
0 0.550500 0.496094 0.004000 0.009896
0 0.513625 0.227865 0.004750 0.008854
0 0.663750 0.081250 0.004500 0.011458
0 0.667000 0.132031 0.004000 0.009896
0 0.688125 0.133854 0.003750 0.012500
0 0.644875 0.144271 0.004750 0.006250
0 0.613875 0.562500 0.004250 0.006250
0 0.626125 0.614062 0.005250 0.012500
0 0.693000 0.633333 0.004000 0.008333
0 0.742000 0.491146 0.006500 0.011458
0 0.784500 0.425260 0.006000 0.008854
0 0.813250 0.286979 0.003500 0.011458
0 0.857750 0.353906 0.003500 0.008854
0 0.874125 0.351823 0.003750 0.006771
0 0.905625 0.767188 0.005250 0.011458
0 0.832375 0.763542 0.005250 0.010417
0 0.827500 0.778385 0.006000 0.010937
0 0.653375 0.863021 0.005750 0.012500
0 0.625500 0.839323 0.005000 0.005729
