0 0.140104 0.730750 0.012500 0.008500
0 0.072135 0.620000 0.006771 0.005000
0 0.047656 0.618125 0.007812 0.003250
0 0.035417 0.619125 0.007292 0.004750
0 0.205729 0.906125 0.010417 0.004750
0 0.268229 0.972500 0.009375 0.004000
0 0.349740 0.974250 0.010937 0.007500
0 0.520052 0.727500 0.014063 0.007500
0 0.438802 0.715375 0.009896 0.005250
0 0.259635 0.642625 0.014063 0.005250
0 0.722135 0.617125 0.015104 0.005250
0 0.682552 0.606875 0.014063 0.004750
0 0.640885 0.621625 0.017188 0.006750
0 0.548438 0.615875 0.015625 0.006250
0 0.534635 0.612625 0.013021 0.008250
0 0.567187 0.608125 0.009375 0.007750
0 0.574479 0.592625 0.013542 0.006750
0 0.517448 0.586250 0.016146 0.005500
0 0.553906 0.577500 0.015104 0.006000
0 0.583073 0.579125 0.014063 0.007750
0 0.524219 0.569875 0.017188 0.009250
0 0.549479 0.570500 0.014583 0.007500
0 0.677083 0.572750 0.011458 0.008500
0 0.703646 0.567125 0.015625 0.006250
0 0.629687 0.566875 0.013542 0.004750
0 0.626302 0.572750 0.007812 0.007000
0 0.638542 0.573000 0.015625 0.008000
0 0.637760 0.552125 0.014063 0.005750
0 0.545052 0.555250 0.013021 0.007500
0 0.585156 0.533125 0.010937 0.006250
0 0.506250 0.528375 0.014583 0.005750
0 0.483333 0.541125 0.015625 0.005750
0 0.490365 0.536625 0.016146 0.008250
0 0.387240 0.529500 0.020313 0.005500
0 0.412500 0.510625 0.014583 0.008250
0 0.397396 0.515375 0.014583 0.007750
0 0.388542 0.523000 0.014583 0.006000
0 0.383854 0.500875 0.016667 0.008750
0 0.362240 0.503750 0.016146 0.006500
0 0.335417 0.495250 0.012500 0.008000
0 0.299479 0.498750 0.015625 0.006500
0 0.362500 0.495625 0.021875 0.007750
0 0.399479 0.431125 0.018750 0.008250
0 0.351562 0.456000 0.017708 0.006000
0 0.431250 0.442375 0.018750 0.007750
0 0.419271 0.416125 0.019792 0.007750
0 0.434896 0.456000 0.019792 0.006000
0 0.411979 0.453375 0.015625 0.008250
0 0.423958 0.450250 0.017708 0.004000
0 0.557031 0.467000 0.020313 0.006500
0 0.520052 0.451125 0.016146 0.004750
0 0.520312 0.447250 0.019792 0.004000
0 0.541146 0.447000 0.017708 0.005000
0 0.554167 0.451375 0.016667 0.006750
0 0.564323 0.448000 0.016146 0.009000
0 0.579948 0.450875 0.013021 0.007250
0 0.594271 0.447250 0.016667 0.005500
0 0.605469 0.456250 0.015104 0.007500
0 0.574219 0.416000 0.018229 0.007500
0 0.557813 0.429625 0.014583 0.010250
0 0.555208 0.438875 0.014583 0.006750
0 0.574740 0.434750 0.018229 0.007500
0 0.605990 0.438250 0.016146 0.008000
0 0.473698 0.428250 0.018229 0.008500
0 0.550000 0.403250 0.014583 0.008500
0 0.652344 0.436375 0.010937 0.007750
0 0.664844 0.438125 0.014063 0.006250
0 0.694271 0.437250 0.012500 0.007000
0 0.708854 0.436750 0.013542 0.007000
0 0.694792 0.468750 0.015625 0.006500
0 0.662760 0.446875 0.016146 0.005750
0 0.744531 0.411250 0.013021 0.008000
0 0.780469 0.427625 0.010937 0.006250
0 0.815365 0.448875 0.013021 0.007250
0 0.809115 0.437125 0.016146 0.006750
0 0.825781 0.462625 0.013021 0.006250
0 0.849219 0.464000 0.014063 0.004500
0 0.800781 0.462250 0.015104 0.004500
0 0.902344 0.437250 0.017188 0.005500
0 0.821354 0.376500 0.012500 0.006500
0 0.755469 0.373625 0.019271 0.006750
0 0.800260 0.240000 0.013021 0.011500
0 0.779948 0.297500 0.008854 0.008500
0 0.786979 0.297000 0.006250 0.007000
0 0.585677 0.329625 0.014063 0.005750
0 0.535417 0.343500 0.019792 0.009000
0 0.493490 0.352250 0.015104 0.010000
0 0.446094 0.359875 0.020313 0.007250
0 0.367969 0.376125 0.022396 0.006750
0 0.388542 0.384250 0.019792 0.007500
0 0.397396 0.397500 0.019792 0.005500
0 0.399219 0.402500 0.020313 0.006000
0 0.318229 0.408125 0.016667 0.009750
0 0.435677 0.290875 0.017188 0.009250
0 0.382552 0.303875 0.019271 0.009250
0 0.060937 0.301750 0.015625 0.005000
0 0.118229 0.297125 0.013542 0.004250
0 0.124219 0.293625 0.016146 0.003750
0 0.264844 0.486750 0.020313 0.006000
0 0.283854 0.193500 0.013542 0.006000
0 0.426823 0.078875 0.011979 0.005750
0 0.430729 0.055375 0.011458 0.006250
0 0.974740 0.987000 0.011979 0.005500
0 0.990104 0.879375 0.011458 0.008250
0 0.688021 0.361750 0.016667 0.005500
