0 0.046354 0.509375 0.006250 0.003250
0 0.166406 0.537000 0.010937 0.004000
0 0.221615 0.577250 0.008854 0.003500
0 0.311458 0.445875 0.008333 0.003750
0 0.294531 0.353500 0.010937 0.003000
0 0.521094 0.404125 0.007812 0.004750
0 0.585677 0.287750 0.007812 0.005500
0 0.566146 0.457875 0.006250 0.005250
0 0.634896 0.436875 0.008333 0.005250
0 0.584375 0.465500 0.004167 0.004000
0 0.581250 0.465125 0.007292 0.004250
0 0.544792 0.553125 0.007292 0.004250
0 0.640625 0.531500 0.007292 0.004000
0 0.643490 0.529375 0.005729 0.002750
0 0.704948 0.512500 0.007812 0.003000
0 0.738281 0.504750 0.006771 0.004500
