0 0.291146 0.024500 0.029167 0.017000
0 0.257812 0.093000 0.028125 0.017000
0 0.256250 0.093500 0.038542 0.018000
0 0.145833 0.125000 0.035417 0.014500
0 0.146354 0.199250 0.034375 0.014000
0 0.264062 0.211750 0.025000 0.011000
0 0.231771 0.256875 0.046875 0.014250
0 0.988542 0.112500 0.021875 0.015500
0 0.850521 0.148750 0.025000 0.012000
0 0.864583 0.173625 0.028125 0.010750
0 0.860677 0.189375 0.029687 0.014250
0 0.825260 0.194875 0.021354 0.015250
0 0.820573 0.180125 0.028646 0.010750
0 0.785417 0.181500 0.030208 0.011500
0 0.780208 0.190750 0.027083 0.014500
0 0.839583 0.222875 0.026042 0.013750
0 0.770052 0.210375 0.031771 0.015750
0 0.767969 0.211375 0.029687 0.014750
0 0.727604 0.205625 0.023958 0.009750
0 0.681250 0.203500 0.028125 0.012000
0 0.657552 0.209250 0.036979 0.014500
0 0.698958 0.217875 0.038542 0.015750
0 0.700000 0.217750 0.029167 0.013000
0 0.745833 0.236750 0.026042 0.013000
0 0.738281 0.246875 0.033854 0.015750
0 0.661458 0.235125 0.022917 0.010750
0 0.634375 0.238625 0.022917 0.010250
0 0.609896 0.256000 0.023958 0.013500
0 0.543750 0.265500 0.036458 0.015000
0 0.543750 0.268250 0.038542 0.014000
0 0.530208 0.313000 0.022917 0.013500
0 0.473438 0.317750 0.027083 0.013000
0 0.418229 0.339875 0.027083 0.008750
0 0.089063 0.298125 0.030208 0.009750
0 0.123698 0.425125 0.033854 0.015750
0 0.125781 0.425500 0.031771 0.012500
0 0.031250 0.446500 0.039583 0.015000
0 0.022917 0.462250 0.040625 0.014000
0 0.169531 0.497625 0.034896 0.014250
0 0.308333 0.492125 0.038542 0.016250
0 0.454427 0.463500 0.031771 0.012500
0 0.452344 0.470250 0.032813 0.012500
0 0.523438 0.472625 0.027083 0.014250
0 0.552865 0.455375 0.020313 0.014750
0 0.511458 0.478750 0.021875 0.012500
0 0.448698 0.484375 0.022396 0.009250
0 0.453125 0.495500 0.031250 0.012000
0 0.450260 0.494500 0.032813 0.012500
0 0.508594 0.502250 0.035937 0.012500
0 0.530208 0.487250 0.029167 0.014000
0 0.529687 0.487875 0.037500 0.016250
0 0.552604 0.497750 0.027083 0.012500
0 0.608333 0.478000 0.022917 0.015000
0 0.636198 0.484250 0.019271 0.012500
0 0.650260 0.496750 0.022396 0.011500
0 0.694271 0.496250 0.029167 0.014500
0 0.687500 0.495125 0.029167 0.011250
0 0.680208 0.475875 0.026042 0.015250
0 0.677344 0.477750 0.033854 0.013500
0 0.668229 0.454625 0.027083 0.010750
0 0.705469 0.431000 0.018229 0.012500
0 0.749740 0.437500 0.022396 0.010500
0 0.726042 0.446500 0.025000 0.013000
0 0.750521 0.451375 0.026042 0.014250
0 0.715365 0.459250 0.021354 0.013500
0 0.709635 0.458250 0.030729 0.013500
0 0.736719 0.476375 0.028646 0.016250
0 0.805469 0.468250 0.018229 0.014000
0 0.825000 0.475875 0.028125 0.010750
0 0.838802 0.501125 0.021354 0.009250
0 0.887500 0.466875 0.026042 0.013750
0 0.889062 0.466625 0.022917 0.009750
0 0.857812 0.454625 0.023958 0.010750
0 0.865104 0.452500 0.027083 0.013000
0 0.816667 0.454875 0.027083 0.009250
0 0.792708 0.442750 0.027083 0.013000
0 0.822396 0.446500 0.038542 0.014000
0 0.083594 0.551125 0.034896 0.011250
0 0.111198 0.566750 0.024479 0.012500
0 0.076823 0.581000 0.034896 0.018000
0 0.104427 0.608750 0.029687 0.014500
0 0.109635 0.672250 0.030729 0.011500
0 0.386979 0.598875 0.026042 0.010250
0 0.413021 0.636500 0.041667 0.018000
0 0.414062 0.632125 0.039583 0.013750
0 0.397135 0.656375 0.028646 0.015250
0 0.413021 0.660125 0.028125 0.008750
0 0.362240 0.663125 0.032813 0.009250
0 0.402344 0.677375 0.031771 0.015250
0 0.412500 0.668000 0.029167 0.012500
0 0.469531 0.662500 0.021354 0.011500
0 0.496094 0.649500 0.022396 0.018000
0 0.491667 0.651125 0.031250 0.011250
0 0.512500 0.649500 0.028125 0.011500
0 0.522656 0.673750 0.032813 0.013000
0 0.523958 0.672000 0.021875 0.011000
0 0.138281 0.783250 0.029687 0.011500
0 0.138802 0.782875 0.032813 0.009750
0 0.236979 0.786500 0.029167 0.011500
0 0.185417 0.845875 0.035417 0.015250
0 0.648438 0.786500 0.037500 0.011500
0 0.799479 0.829875 0.052083 0.016750
0 0.829167 0.840250 0.027083 0.011500
0 0.827865 0.812250 0.033854 0.013000
0 0.711198 0.760125 0.031771 0.014250
0 0.722656 0.755000 0.022396 0.012500
0 0.686719 0.742625 0.019271 0.014250
0 0.649479 0.747375 0.023958 0.009250
0 0.588021 0.742375 0.038542 0.011250
0 0.544531 0.730750 0.032813 0.013000
0 0.547135 0.715000 0.049479 0.014000
0 0.547656 0.709000 0.021354 0.007500
0 0.503125 0.693750 0.027083 0.013000
0 0.544271 0.696125 0.030208 0.015750
0 0.552344 0.683750 0.030729 0.014500
0 0.547135 0.685625 0.035937 0.011750
0 0.602083 0.718500 0.026042 0.010500
