0 0.358625 0.288802 0.006250 0.007812
0 0.359625 0.263802 0.006250 0.007812
0 0.366250 0.225781 0.003500 0.013021
0 0.362625 0.228906 0.003750 0.008854
0 0.361500 0.226042 0.006000 0.009375
0 0.435250 0.339844 0.004500 0.009896
0 0.440500 0.334375 0.005500 0.010417
0 0.458125 0.326302 0.005250 0.007812
0 0.458625 0.319792 0.005750 0.007292
0 0.487750 0.316406 0.004000 0.016146
0 0.483000 0.307292 0.006000 0.009375
0 0.490625 0.304427 0.005250 0.008854
0 0.496750 0.305990 0.002500 0.009896
0 0.497875 0.303385 0.003750 0.013021
0 0.502250 0.303906 0.005000 0.005729
0 0.502000 0.298958 0.005500 0.006250
0 0.509375 0.285156 0.006250 0.010937
0 0.537375 0.282813 0.006250 0.013542
0 0.541250 0.260677 0.005000 0.009896
0 0.467625 0.348438 0.005750 0.011458
0 0.530375 0.332813 0.003750 0.008333
0 0.414375 0.358333 0.005750 0.008333
0 0.402250 0.460938 0.006000 0.011458
0 0.397125 0.459115 0.007250 0.007812
0 0.452625 0.436719 0.005750 0.007812
0 0.464625 0.441406 0.006250 0.007812
0 0.468125 0.439583 0.005250 0.008333
0 0.464000 0.445312 0.006000 0.006250
0 0.487250 0.443490 0.007000 0.008854
0 0.490625 0.432292 0.003750 0.011458
0 0.497750 0.442708 0.004500 0.009375
0 0.502125 0.443490 0.004750 0.008854
0 0.548750 0.444271 0.005000 0.007292
0 0.545250 0.443229 0.005000 0.007292
0 0.542000 0.441667 0.002000 0.010417
0 0.575000 0.440885 0.007500 0.009896
0 0.584000 0.433073 0.006000 0.009896
0 0.589500 0.439844 0.005000 0.008854
0 0.590125 0.434896 0.004750 0.007292
0 0.587500 0.424479 0.004000 0.009375
0 0.589625 0.423698 0.003750 0.006771
0 0.617750 0.442448 0.004500 0.015104
0 0.627125 0.455729 0.003750 0.012500
0 0.638750 0.501042 0.004500 0.012500
0 0.615000 0.461458 0.006000 0.010417
0 0.590125 0.458854 0.005750 0.014583
0 0.552750 0.527083 0.005500 0.013542
0 0.548625 0.506771 0.004750 0.009375
0 0.488625 0.460677 0.005750 0.011979
0 0.483125 0.460417 0.003750 0.011458
0 0.478125 0.471875 0.006750 0.006250
0 0.478125 0.476823 0.005250 0.005729
0 0.431500 0.611979 0.006500 0.007292
0 0.432375 0.621094 0.005250 0.010937
0 0.447125 0.614844 0.003750 0.013021
0 0.443500 0.613021 0.003500 0.013542
0 0.432625 0.597917 0.006750 0.009375
0 0.433125 0.591667 0.004750 0.008333
0 0.454500 0.649479 0.005000 0.007292
0 0.453000 0.646354 0.006000 0.011458
0 0.451500 0.644010 0.004000 0.008854
0 0.462875 0.634635 0.004750 0.015104
0 0.466750 0.640104 0.007000 0.010417
0 0.492000 0.669271 0.005000 0.014583
0 0.605625 0.745573 0.004750 0.008854
0 0.553625 0.720313 0.005250 0.010417
0 0.545125 0.711198 0.007250 0.011979
0 0.494375 0.651823 0.004750 0.009896
0 0.490875 0.650781 0.003250 0.009896
0 0.481625 0.637500 0.004250 0.010417
0 0.484625 0.638542 0.003750 0.011458
0 0.431500 0.572656 0.006000 0.009896
0 0.378250 0.649219 0.006500 0.011979
0 0.388750 0.693490 0.005000 0.010937
0 0.389875 0.688802 0.004250 0.011979
0 0.393250 0.746094 0.004000 0.014063
0 0.428625 0.843490 0.007250 0.005729
0 0.428375 0.838802 0.006750 0.004687
0 0.435000 0.876823 0.004000 0.015104
