0 0.291125 0.396615 0.004250 0.008854
0 0.384625 0.339062 0.005750 0.007292
0 0.338750 0.973177 0.004000 0.009896
0 0.350250 0.849740 0.003000 0.010937
0 0.376750 0.777344 0.004000 0.008854
0 0.550625 0.219010 0.003750 0.007812
0 0.498625 0.633854 0.003250 0.011458
0 0.518875 0.768750 0.004750 0.011458
0 0.722125 0.520312 0.005250 0.008333
0 0.650625 0.366146 0.004250 0.010417
0 0.652125 0.311458 0.004250 0.013542
0 0.033750 0.200000 0.005000 0.007292
0 0.019750 0.005990 0.003500 0.008854
0 0.146875 0.280729 0.005750 0.009375
0 0.136750 0.829688 0.006500 0.012500
