0 0.620833 0.797500 0.012500 0.006000
0 0.615885 0.783875 0.014063 0.006750
0 0.593490 0.788875 0.010937 0.007250
0 0.585938 0.791000 0.012500 0.005000
0 0.638021 0.818875 0.008333 0.007750
0 0.641927 0.814750 0.017188 0.004000
0 0.645573 0.817875 0.011979 0.003750
0 0.755469 0.640125 0.017188 0.006250
0 0.754687 0.555375 0.013542 0.011750
0 0.766406 0.546000 0.014063 0.005500
0 0.788542 0.527375 0.011458 0.006250
0 0.763281 0.527375 0.015104 0.004250
0 0.763021 0.523750 0.012500 0.004000
0 0.838802 0.276875 0.016146 0.004750
0 0.792188 0.301125 0.008333 0.006750
0 0.783854 0.299000 0.009375 0.005500
0 0.784375 0.301750 0.007292 0.007000
0 0.757812 0.350000 0.011458 0.009000
0 0.669531 0.377875 0.015104 0.005750
0 0.670312 0.391250 0.017708 0.007000
0 0.634375 0.448500 0.016667 0.007500
0 0.623437 0.433750 0.012500 0.006500
0 0.618229 0.432375 0.009375 0.005750
0 0.668490 0.422000 0.010937 0.003000
0 0.670052 0.419000 0.011979 0.003500
0 0.601562 0.460625 0.014583 0.007250
0 0.563021 0.488125 0.012500 0.008250
0 0.592448 0.507000 0.016146 0.008500
0 0.577604 0.508750 0.009375 0.006000
0 0.506510 0.557875 0.017188 0.004750
0 0.378906 0.562250 0.018229 0.004500
0 0.395313 0.558375 0.008333 0.007750
0 0.423698 0.559000 0.011979 0.008500
0 0.400521 0.534875 0.009375 0.008250
0 0.355469 0.542500 0.014063 0.006500
0 0.364844 0.535000 0.015104 0.004000
0 0.330469 0.537875 0.015104 0.006750
0 0.355469 0.529875 0.010937 0.008250
0 0.410156 0.546375 0.015104 0.003750
0 0.416667 0.548625 0.013542 0.002750
0 0.413802 0.550875 0.015104 0.003750
0 0.335156 0.516000 0.018229 0.004000
0 0.328646 0.511125 0.014583 0.006750
0 0.352604 0.508875 0.008333 0.007750
0 0.349740 0.505125 0.010937 0.006250
0 0.337500 0.502125 0.013542 0.007250
0 0.337240 0.497625 0.015104 0.004250
0 0.267448 0.464750 0.022396 0.006500
0 0.242188 0.465375 0.008333 0.006250
0 0.236719 0.464375 0.006771 0.005250
0 0.351823 0.123750 0.017188 0.008500
0 0.292708 0.122500 0.010417 0.010000
0 0.034115 0.059875 0.011979 0.006250
0 0.127604 0.210250 0.012500 0.009500
0 0.853906 0.644625 0.013021 0.004750
