0 0.157812 0.513125 0.009375 0.005750
0 0.177344 0.507000 0.010937 0.006000
0 0.170573 0.498500 0.010937 0.006000
0 0.215885 0.493250 0.014063 0.004000
0 0.199219 0.512750 0.009896 0.007000
0 0.218490 0.515750 0.013021 0.005500
0 0.178646 0.479250 0.013542 0.004000
0 0.240625 0.449500 0.014583 0.004000
0 0.148698 0.440250 0.013021 0.004000
0 0.164323 0.433500 0.009896 0.005000
0 0.160677 0.426875 0.009896 0.005750
0 0.174740 0.435375 0.007812 0.004750
0 0.175781 0.440750 0.005729 0.006500
0 0.153385 0.417250 0.015104 0.004000
0 0.141667 0.408125 0.012500 0.004750
0 0.204167 0.427125 0.008333 0.005750
0 0.206250 0.420250 0.006250 0.005500
0 0.216667 0.421625 0.006250 0.006250
0 0.213802 0.419500 0.006771 0.006000
0 0.183594 0.382125 0.014063 0.005750
0 0.339844 0.513625 0.009896 0.004250
0 0.338281 0.512500 0.007812 0.004500
0 0.364844 0.506875 0.009896 0.004250
0 0.360156 0.504125 0.010937 0.004750
0 0.383594 0.492625 0.006771 0.006250
0 0.438542 0.478500 0.014583 0.005500
0 0.430729 0.482875 0.013542 0.003250
0 0.424219 0.481250 0.011979 0.004500
0 0.409375 0.484500 0.011458 0.004000
0 0.402344 0.482375 0.011979 0.005750
0 0.501042 0.456375 0.013542 0.004250
0 0.526302 0.449250 0.011979 0.005000
0 0.543229 0.453500 0.011458 0.003500
0 0.543229 0.451750 0.009375 0.003500
0 0.554688 0.453250 0.010417 0.002500
0 0.551562 0.450875 0.009375 0.002750
0 0.551562 0.448625 0.008333 0.003250
0 0.569531 0.363250 0.009896 0.004500
0 0.605990 0.348875 0.015104 0.003750
0 0.615885 0.342375 0.014063 0.003750
0 0.675521 0.347375 0.015625 0.004250
0 0.691927 0.390625 0.015104 0.005250
0 0.647396 0.403000 0.015625 0.004500
0 0.651823 0.407500 0.015104 0.004000
0 0.665885 0.402875 0.008854 0.005250
0 0.673698 0.400625 0.007812 0.005250
0 0.679167 0.403875 0.009375 0.003750
0 0.682031 0.407125 0.013021 0.003750
0 0.807292 0.300750 0.011458 0.004000
0 0.787760 0.271375 0.026562 0.012250
0 0.328906 0.581875 0.014063 0.005750
0 0.470312 0.588125 0.011458 0.004750
0 0.483073 0.555750 0.013021 0.003000
0 0.509115 0.555375 0.010937 0.002250
0 0.503906 0.554250 0.011979 0.003500
0 0.579948 0.554875 0.018229 0.003750
0 0.594792 0.534625 0.013542 0.004750
0 0.624740 0.552625 0.013021 0.003250
0 0.658073 0.549625 0.011979 0.004250
0 0.670833 0.548875 0.011458 0.003750
0 0.682292 0.551500 0.008333 0.004000
0 0.696615 0.552625 0.009896 0.003750
0 0.709115 0.552250 0.011979 0.004500
0 0.781250 0.551125 0.013542 0.005750
0 0.769531 0.536000 0.013021 0.005500
0 0.828385 0.539750 0.015104 0.004500
0 0.840365 0.535625 0.015104 0.004250
0 0.889323 0.538875 0.015104 0.003750
0 0.966927 0.527375 0.011979 0.002250
0 0.968229 0.525125 0.015625 0.002250
0 0.942708 0.638750 0.012500 0.003000
0 0.938802 0.626375 0.011979 0.004250
0 0.927344 0.639875 0.009896 0.004250
0 0.869271 0.601250 0.011458 0.004000
0 0.849740 0.630750 0.014063 0.004500
0 0.819531 0.631375 0.013021 0.004750
0 0.801562 0.625750 0.012500 0.003500
0 0.785417 0.622875 0.010417 0.003750
0 0.802604 0.620375 0.012500 0.004250
0 0.796875 0.605875 0.012500 0.003750
0 0.798177 0.603125 0.009896 0.003750
0 0.800781 0.599500 0.009896 0.004500
0 0.779948 0.599250 0.008854 0.005500
0 0.771875 0.596500 0.010417 0.004500
0 0.867188 0.587000 0.009375 0.005000
0 0.869792 0.585875 0.008333 0.003750
0 0.697656 0.619375 0.011979 0.003250
0 0.610938 0.603750 0.010417 0.002500
0 0.602083 0.602000 0.011458 0.002500
0 0.590625 0.603000 0.009375 0.004000
0 0.963542 0.647125 0.008333 0.003250
0 0.950000 0.830750 0.011458 0.004500
0 0.928646 0.825375 0.010417 0.004750
0 0.935937 0.818250 0.009375 0.005500
0 0.826042 0.794000 0.016667 0.005500
0 0.788281 0.784750 0.007812 0.005000
0 0.790104 0.783000 0.010417 0.003500
0 0.783594 0.771500 0.011979 0.003500
0 0.799479 0.766250 0.008333 0.006500
0 0.771354 0.762875 0.006250 0.004750
0 0.809635 0.753250 0.011979 0.006000
0 0.750260 0.742500 0.010937 0.005500
0 0.702344 0.752750 0.015104 0.004000
0 0.648698 0.738250 0.009896 0.006000
0 0.665885 0.735875 0.010937 0.003250
0 0.665625 0.733750 0.012500 0.002500
0 0.701302 0.714875 0.013021 0.004250
0 0.696615 0.722375 0.005729 0.005250
0 0.692969 0.721250 0.005729 0.004500
0 0.579688 0.710875 0.011458 0.003750
0 0.591667 0.708625 0.007292 0.005250
0 0.576302 0.693000 0.009896 0.005000
0 0.566667 0.682750 0.011458 0.004000
0 0.538802 0.673875 0.013021 0.003750
0 0.528385 0.694000 0.009896 0.004500
0 0.541146 0.696875 0.009375 0.004250
0 0.711198 0.690375 0.011979 0.005750
0 0.607292 0.683250 0.008333 0.005000
0 0.610677 0.682125 0.006771 0.004250
0 0.547917 0.662750 0.012500 0.004000
0 0.364844 0.657625 0.010937 0.006250
0 0.385156 0.686250 0.008854 0.004500
0 0.347656 0.695750 0.014063 0.004500
0 0.396094 0.701875 0.010937 0.004250
0 0.412240 0.726625 0.013021 0.005750
0 0.436979 0.715625 0.010417 0.004750
0 0.452604 0.720000 0.009375 0.006000
0 0.454948 0.728250 0.009896 0.004500
0 0.465104 0.726875 0.010417 0.003250
0 0.490104 0.703625 0.009375 0.006750
0 0.466667 0.700750 0.012500 0.003500
0 0.456771 0.705750 0.011458 0.006000
0 0.499479 0.726625 0.011458 0.005750
0 0.445573 0.745250 0.007812 0.005000
0 0.517448 0.748125 0.007812 0.006250
0 0.490885 0.749500 0.007812 0.004500
0 0.494531 0.746750 0.008854 0.004500
0 0.498698 0.752375 0.005729 0.004250
0 0.502083 0.755375 0.008333 0.005250
0 0.502604 0.766750 0.009375 0.005000
0 0.514583 0.781750 0.008333 0.005000
0 0.750260 0.486750 0.015104 0.007000
0 0.961719 0.418000 0.013021 0.004500
0 0.248177 0.688875 0.013021 0.007250
0 0.108073 0.702250 0.022396 0.008000
