0 0.318490 0.383750 0.007812 0.006000
0 0.345313 0.370125 0.012500 0.004250
0 0.347135 0.362625 0.008854 0.006750
0 0.316927 0.357250 0.009896 0.003500
0 0.375521 0.368500 0.012500 0.004500
0 0.386198 0.365375 0.013021 0.004250
0 0.386719 0.346000 0.014063 0.005000
0 0.389062 0.340750 0.007292 0.006500
0 0.379427 0.339875 0.014063 0.003250
0 0.375781 0.336000 0.005729 0.005500
0 0.370052 0.335500 0.006771 0.006500
0 0.408333 0.337000 0.012500 0.005000
0 0.418229 0.338750 0.007292 0.006500
0 0.380469 0.324500 0.007812 0.007500
0 0.390885 0.325125 0.007812 0.004750
0 0.388542 0.323000 0.008333 0.006000
0 0.325781 0.442125 0.010937 0.004750
0 0.375000 0.441500 0.013542 0.004000
0 0.385417 0.441750 0.007292 0.004000
0 0.384635 0.437375 0.007812 0.004250
0 0.437500 0.430750 0.011458 0.004500
0 0.465365 0.433000 0.013021 0.004000
0 0.468490 0.427125 0.014063 0.004250
0 0.471354 0.430000 0.009375 0.003000
0 0.503906 0.419875 0.007812 0.004250
0 0.527344 0.421500 0.010937 0.003500
0 0.528125 0.426875 0.008333 0.004750
0 0.527344 0.412625 0.010937 0.005250
0 0.500781 0.424500 0.010937 0.004500
0 0.498437 0.422875 0.008333 0.003250
0 0.548958 0.412750 0.009375 0.006500
0 0.553125 0.427125 0.009375 0.003750
0 0.548438 0.430500 0.008333 0.004500
0 0.546094 0.426375 0.006771 0.004250
0 0.572656 0.420375 0.007812 0.003750
0 0.568229 0.417000 0.011458 0.004500
0 0.573698 0.413375 0.014063 0.003250
0 0.575781 0.415875 0.008854 0.002750
0 0.571615 0.432125 0.009896 0.003250
0 0.614844 0.429625 0.013021 0.003750
0 0.744531 0.439125 0.011979 0.004750
0 0.525521 0.499750 0.013542 0.005500
0 0.607031 0.509875 0.015104 0.005250
0 0.560417 0.517875 0.007292 0.002750
0 0.573698 0.519750 0.009896 0.003000
0 0.652865 0.524375 0.008854 0.005750
0 0.385937 0.560750 0.009375 0.005000
0 0.360417 0.529125 0.007292 0.004750
0 0.340625 0.516750 0.008333 0.003000
0 0.330469 0.590375 0.005729 0.004750
0 0.334115 0.590625 0.006771 0.006250
0 0.363802 0.577000 0.010937 0.004500
0 0.367448 0.615875 0.009896 0.003750
0 0.366927 0.612125 0.005729 0.003750
0 0.364323 0.611500 0.006771 0.004500
0 0.236198 0.734125 0.010937 0.003750
0 0.288802 0.743000 0.008854 0.004500
