0 0.425000 0.680125 0.008333 0.003750
0 0.466927 0.664625 0.009896 0.003250
0 0.520312 0.636250 0.007292 0.006000
0 0.575781 0.590125 0.009896 0.004750
0 0.412500 0.542875 0.009375 0.004250
0 0.399479 0.535750 0.011458 0.003500
0 0.368490 0.538000 0.008854 0.004500
0 0.447917 0.533000 0.011458 0.004500
0 0.458854 0.529000 0.009375 0.002000
0 0.458333 0.527500 0.010417 0.002000
0 0.295312 0.550000 0.013542 0.003500
0 0.328646 0.523625 0.010417 0.003750
0 0.272135 0.519000 0.014063 0.004500
0 0.248438 0.508875 0.009375 0.004250
0 0.624740 0.503500 0.010937 0.006000
0 0.507812 0.430375 0.011458 0.004250
0 0.351823 0.396125 0.011979 0.004250
0 0.594271 0.373750 0.009375 0.006000
0 0.559115 0.390000 0.004687 0.005000
0 0.556510 0.389125 0.003646 0.003750
0 0.666667 0.472875 0.013542 0.004750
0 0.760156 0.357125 0.008854 0.006750
0 0.861198 0.287500 0.010937 0.004000
0 0.863542 0.262500 0.009375 0.005500
0 0.914844 0.232875 0.006771 0.004750
