0 0.389323 0.369375 0.013021 0.006750
0 0.411719 0.364875 0.008854 0.006750
0 0.384635 0.377750 0.009896 0.004000
0 0.499479 0.336500 0.014583 0.005500
0 0.420312 0.316375 0.013542 0.003750
0 0.428125 0.319000 0.016667 0.005000
0 0.482292 0.347750 0.011458 0.006000
0 0.488281 0.350375 0.015104 0.007250
0 0.667188 0.321875 0.010417 0.006250
0 0.676823 0.304875 0.013021 0.004250
0 0.667448 0.302625 0.008854 0.007250
0 0.901302 0.244125 0.013021 0.006750
0 0.486198 0.478125 0.010937 0.005250
0 0.805469 0.480375 0.014063 0.004250
0 0.748437 0.492875 0.015625 0.006250
0 0.698698 0.422000 0.011979 0.005500
0 0.448177 0.526750 0.011979 0.004500
0 0.676823 0.556375 0.010937 0.004750
0 0.642188 0.551625 0.013542 0.004750
0 0.651563 0.548000 0.016667 0.004500
0 0.802083 0.583250 0.019792 0.006500
0 0.891927 0.581125 0.019271 0.007750
0 0.327604 0.641250 0.016667 0.005500
0 0.719792 0.124125 0.017708 0.006250
0 0.842708 0.754500 0.007292 0.004500
0 0.925260 0.800000 0.013021 0.006500
0 0.480208 0.840625 0.013542 0.006250
