0 0.081510 0.395875 0.008854 0.003250
0 0.373958 0.390625 0.005208 0.004250
0 0.366406 0.392000 0.009896 0.003500
0 0.353906 0.392000 0.010937 0.003000
0 0.352083 0.401125 0.008333 0.004750
0 0.327344 0.406875 0.010937 0.003750
0 0.326302 0.403875 0.010937 0.001750
0 0.325521 0.402125 0.009375 0.001750
0 0.316667 0.403750 0.009375 0.003500
0 0.286198 0.406625 0.009896 0.002250
0 0.292708 0.405625 0.010417 0.002750
0 0.297135 0.418000 0.008854 0.002500
0 0.271354 0.422125 0.007292 0.004250
0 0.252083 0.428250 0.006250 0.005500
0 0.253125 0.423875 0.011458 0.002750
0 0.251302 0.421750 0.008854 0.002000
0 0.252083 0.420375 0.010417 0.001750
0 0.227604 0.427875 0.010417 0.001750
0 0.227604 0.426250 0.009375 0.001500
0 0.198698 0.429625 0.010937 0.002750
0 0.148177 0.442750 0.005729 0.005500
0 0.153906 0.441375 0.007812 0.003250
0 0.156510 0.439125 0.007812 0.002750
0 0.158333 0.444375 0.009375 0.003750
0 0.179948 0.452500 0.006771 0.005000
0 0.173698 0.454000 0.006771 0.005000
0 0.103125 0.466750 0.004167 0.005500
0 0.099479 0.466625 0.004167 0.004250
0 0.039323 0.461875 0.005729 0.002250
0 0.169010 0.428500 0.009896 0.003000
0 0.204427 0.419875 0.009896 0.003750
0 0.193490 0.422125 0.006771 0.004250
0 0.187760 0.422000 0.007812 0.003000
0 0.259115 0.404375 0.004687 0.004250
0 0.265625 0.403250 0.006250 0.004000
0 0.287240 0.397125 0.006771 0.004250
0 0.293750 0.396875 0.006250 0.004750
0 0.301563 0.396000 0.006250 0.003000
0 0.303385 0.392750 0.008854 0.004000
0 0.459115 0.390875 0.006771 0.005750
0 0.361979 0.430750 0.005208 0.005500
0 0.402865 0.421500 0.004687 0.005000
0 0.408854 0.421875 0.008333 0.003250
0 0.377604 0.436125 0.007292 0.003750
0 0.377083 0.434750 0.006250 0.002500
0 0.354948 0.449875 0.006771 0.004750
0 0.344531 0.458000 0.004687 0.004500
0 0.349219 0.458250 0.007812 0.002000
0 0.350521 0.457250 0.006250 0.001500
0 0.349740 0.461000 0.005729 0.004000
0 0.353125 0.462000 0.006250 0.002500
0 0.342708 0.465125 0.010417 0.002250
0 0.343750 0.467875 0.007292 0.003750
0 0.310937 0.481500 0.010417 0.002500
0 0.292187 0.497500 0.009375 0.003500
0 0.290625 0.498750 0.007292 0.003500
0 0.293490 0.506375 0.006771 0.006750
0 0.242188 0.535750 0.009375 0.002000
0 0.247917 0.535125 0.010417 0.003250
0 0.255990 0.529750 0.009896 0.002000
0 0.255469 0.527875 0.010937 0.001750
0 0.234375 0.560500 0.009375 0.005000
0 0.236979 0.583875 0.008333 0.005250
0 0.131510 0.611625 0.006771 0.005750
0 0.135937 0.608750 0.007292 0.004500
0 0.202344 0.549375 0.004687 0.005250
0 0.236979 0.522875 0.007292 0.004250
0 0.234375 0.523750 0.004167 0.003500
0 0.247396 0.515875 0.004167 0.004750
0 0.246094 0.513250 0.005729 0.003500
0 0.241927 0.513625 0.003646 0.003750
0 0.261979 0.506000 0.006250 0.005000
0 0.259375 0.505375 0.006250 0.004250
0 0.259896 0.496000 0.007292 0.003500
0 0.256510 0.493375 0.006771 0.003750
0 0.258594 0.488250 0.009896 0.004000
0 0.279167 0.479500 0.006250 0.006000
0 0.285156 0.481875 0.003646 0.004250
0 0.288802 0.481875 0.003646 0.005250
0 0.292969 0.481625 0.006771 0.003750
0 0.297656 0.477000 0.008854 0.003000
0 0.302344 0.471000 0.008854 0.004500
0 0.304948 0.463250 0.005729 0.004500
0 0.300000 0.463500 0.005208 0.005500
0 0.484115 0.422125 0.010937 0.004250
0 0.484115 0.431125 0.006771 0.005250
0 0.485677 0.436375 0.004687 0.004750
0 0.458333 0.482125 0.008333 0.005250
0 0.483073 0.502875 0.010937 0.004250
0 0.574740 0.677000 0.003646 0.004500
0 0.570573 0.677000 0.004687 0.005500
0 0.586458 0.661625 0.007292 0.005750
0 0.548438 0.631750 0.008333 0.003500
0 0.549479 0.629250 0.009375 0.003000
0 0.541146 0.604125 0.004167 0.005750
0 0.545052 0.604250 0.003646 0.005000
0 0.543750 0.527000 0.008333 0.004000
0 0.565365 0.527250 0.006771 0.005000
0 0.510156 0.496000 0.007812 0.003500
0 0.509375 0.493250 0.007292 0.003000
0 0.518229 0.483500 0.008333 0.004500
0 0.490885 0.474875 0.003646 0.002750
0 0.494271 0.474000 0.006250 0.005000
0 0.515104 0.410250 0.009375 0.005500
0 0.542448 0.414375 0.007812 0.005250
0 0.545573 0.410000 0.007812 0.003500
0 0.555990 0.441250 0.009896 0.004500
0 0.564063 0.446625 0.009375 0.002750
0 0.569010 0.449000 0.008854 0.002500
0 0.565365 0.451500 0.007812 0.003000
0 0.564844 0.449250 0.005729 0.002500
0 0.570052 0.451000 0.005729 0.002000
0 0.580208 0.462375 0.007292 0.004750
0 0.588281 0.466625 0.008854 0.004250
0 0.594271 0.470500 0.007292 0.003500
0 0.596354 0.473875 0.008333 0.003250
0 0.588021 0.471375 0.007292 0.003250
0 0.615104 0.494250 0.007292 0.003500
0 0.620313 0.493375 0.009375 0.002750
0 0.756510 0.598000 0.007812 0.004000
0 0.749479 0.592250 0.006250 0.003500
0 0.816927 0.552125 0.008854 0.004750
0 0.697917 0.546875 0.008333 0.003250
0 0.700260 0.545500 0.005729 0.002000
0 0.747656 0.506375 0.011979 0.005250
0 0.685156 0.508000 0.006771 0.003500
0 0.686979 0.507000 0.008333 0.003500
0 0.714323 0.488000 0.007812 0.004500
0 0.635938 0.484250 0.005208 0.005000
0 0.631510 0.484250 0.004687 0.005000
0 0.651042 0.455625 0.008333 0.004750
0 0.593229 0.452875 0.004167 0.005250
0 0.589323 0.452500 0.004687 0.005000
0 0.524479 0.373875 0.010417 0.003250
0 0.546875 0.375000 0.010417 0.003500
0 0.536719 0.377250 0.010937 0.002000
0 0.535677 0.375625 0.007812 0.001750
0 0.536979 0.388750 0.009375 0.002000
0 0.538802 0.390375 0.007812 0.002250
0 0.573958 0.396500 0.010417 0.002500
0 0.586198 0.400375 0.008854 0.004750
0 0.614323 0.407375 0.011979 0.003250
0 0.705729 0.427500 0.009375 0.002500
0 0.705208 0.430375 0.008333 0.004250
0 0.697656 0.426750 0.008854 0.002500
0 0.732031 0.435500 0.010937 0.004000
0 0.736979 0.453750 0.010417 0.003000
0 0.742969 0.448750 0.009896 0.006500
0 0.751563 0.449125 0.007292 0.003750
0 0.761979 0.454250 0.006250 0.004500
0 0.732031 0.463750 0.007812 0.004500
0 0.830469 0.464000 0.006771 0.004000
0 0.838281 0.462750 0.010937 0.003500
0 0.865365 0.468750 0.010937 0.002500
0 0.869531 0.471375 0.005729 0.003250
0 0.838542 0.489375 0.010417 0.002750
0 0.751563 0.430875 0.006250 0.004250
0 0.754167 0.429375 0.008333 0.004750
0 0.766146 0.411250 0.010417 0.005000
0 0.649479 0.403500 0.007292 0.004000
0 0.653906 0.402000 0.009896 0.003000
0 0.657292 0.408375 0.006250 0.002750
0 0.658594 0.407250 0.009896 0.003000
0 0.632812 0.400000 0.005208 0.005000
0 0.628646 0.399750 0.004167 0.005500
0 0.612760 0.365750 0.006771 0.004500
0 0.620052 0.362375 0.007812 0.005250
0 0.906510 0.260500 0.006771 0.006000
0 0.850260 0.311375 0.009896 0.005250
0 0.833594 0.305875 0.008854 0.002750
0 0.835417 0.304250 0.009375 0.002500
0 0.813802 0.308000 0.008854 0.004500
0 0.720052 0.322000 0.008854 0.004500
0 0.719792 0.318125 0.010417 0.003250
0 0.716146 0.330500 0.010417 0.004500
0 0.715365 0.335250 0.010937 0.003500
0 0.699740 0.336750 0.010937 0.001500
0 0.703385 0.339375 0.007812 0.003750
0 0.698438 0.333000 0.008333 0.005000
0 0.687500 0.341250 0.012500 0.004000
0 0.671615 0.342500 0.005729 0.003000
0 0.665365 0.341625 0.006771 0.004750
0 0.650521 0.339625 0.008333 0.005250
0 0.649740 0.336375 0.011979 0.003750
0 0.638021 0.332750 0.009375 0.004500
0 0.596615 0.342375 0.010937 0.004250
0 0.509896 0.351875 0.009375 0.003250
0 0.773698 0.341625 0.009896 0.004750
0 0.841927 0.323000 0.006771 0.004500
0 0.753125 0.338625 0.008333 0.004250
0 0.709635 0.140375 0.021354 0.008750
