0 0.261250 0.584115 0.003000 0.007812
0 0.353500 0.383333 0.003000 0.008333
0 0.350500 0.384635 0.003000 0.008854
0 0.352125 0.365625 0.004750 0.010417
0 0.369625 0.325781 0.003750 0.010937
0 0.375500 0.313542 0.003500 0.008333
0 0.381750 0.349219 0.003500 0.009896
0 0.389875 0.377865 0.003250 0.005729
0 0.406375 0.398177 0.003750 0.008854
0 0.388625 0.449479 0.004250 0.009375
0 0.398750 0.423177 0.003000 0.009896
0 0.400250 0.417969 0.002500 0.007812
0 0.401500 0.426302 0.003500 0.007812
0 0.397250 0.412240 0.003000 0.007812
0 0.394250 0.416667 0.003000 0.008333
0 0.391500 0.385937 0.002000 0.009375
0 0.389500 0.384375 0.002500 0.006250
0 0.390125 0.389844 0.002750 0.006771
0 0.404000 0.423177 0.003000 0.008854
0 0.398875 0.477083 0.003250 0.011458
0 0.408875 0.457813 0.003250 0.010417
0 0.411625 0.455990 0.003750 0.008854
0 0.428625 0.466406 0.003750 0.010937
0 0.418750 0.473438 0.004000 0.008333
0 0.418750 0.467448 0.003000 0.007812
0 0.424375 0.503906 0.005250 0.006771
0 0.427125 0.490104 0.004250 0.007292
0 0.427375 0.484375 0.003250 0.008333
0 0.420500 0.522135 0.003000 0.010937
0 0.425500 0.529427 0.003500 0.009896
0 0.432125 0.493490 0.004250 0.009896
0 0.413250 0.520573 0.003500 0.008854
0 0.407625 0.427344 0.003250 0.006771
0 0.423500 0.545052 0.004000 0.006771
0 0.447750 0.572656 0.004000 0.009896
0 0.452875 0.677344 0.004250 0.008854
0 0.492750 0.404167 0.005000 0.009375
0 0.486750 0.381771 0.004500 0.005208
0 0.470875 0.374479 0.002750 0.010417
0 0.462875 0.371875 0.004250 0.007292
0 0.473875 0.347917 0.004750 0.007292
0 0.451625 0.346354 0.003750 0.010417
0 0.446750 0.325521 0.003500 0.006250
0 0.447250 0.321615 0.003500 0.005729
0 0.434375 0.303125 0.003250 0.010417
0 0.549125 0.475781 0.003750 0.013021
0 0.542875 0.511719 0.003750 0.013021
0 0.535375 0.505729 0.006250 0.008333
0 0.517625 0.516146 0.005750 0.007292
0 0.513375 0.516146 0.004750 0.009375
0 0.523250 0.539844 0.004000 0.013021
0 0.527625 0.538802 0.004250 0.011979
0 0.525750 0.550000 0.006500 0.006250
0 0.511750 0.598958 0.005000 0.009375
0 0.512625 0.606771 0.006250 0.008333
0 0.512000 0.616667 0.005000 0.007292
0 0.503750 0.597396 0.002000 0.012500
0 0.501875 0.596354 0.002250 0.011458
0 0.516750 0.671094 0.004000 0.013021
0 0.504375 0.658594 0.002750 0.010937
0 0.506625 0.658073 0.002250 0.011979
0 0.508875 0.726562 0.005750 0.008333
0 0.518500 0.711198 0.004000 0.011979
0 0.517875 0.705990 0.003750 0.008854
0 0.507750 0.747917 0.006500 0.009375
0 0.511125 0.755729 0.004750 0.009375
0 0.506500 0.761979 0.004500 0.009375
0 0.502250 0.760417 0.005000 0.010417
0 0.476875 0.798438 0.004750 0.011458
0 0.478375 0.859635 0.004750 0.010937
0 0.603000 0.529167 0.004500 0.006250
0 0.604125 0.521354 0.004250 0.011458
0 0.643625 0.568229 0.003750 0.008333
0 0.641750 0.563281 0.006000 0.008854
0 0.635250 0.586198 0.004500 0.011979
0 0.658000 0.578646 0.004500 0.013542
0 0.627625 0.607292 0.004750 0.009375
0 0.630875 0.605729 0.003250 0.009375
0 0.634375 0.604167 0.003250 0.010417
0 0.675625 0.622135 0.004250 0.014063
0 0.664500 0.646875 0.007000 0.010417
0 0.690250 0.683594 0.006000 0.013021
0 0.693000 0.720313 0.004500 0.012500
0 0.688625 0.727083 0.005250 0.012500
0 0.749250 0.793490 0.005000 0.015104
0 0.733250 0.835417 0.001500 0.011458
0 0.735500 0.836979 0.003000 0.013542
0 0.765500 0.879167 0.004000 0.014583
0 0.785250 0.951302 0.005000 0.014063
0 0.769500 0.993229 0.004000 0.010417
0 0.768125 0.988021 0.005250 0.012500
0 0.751125 0.725521 0.005250 0.010417
0 0.796625 0.760938 0.006250 0.010417
0 0.684250 0.478385 0.003500 0.013021
0 0.690750 0.475521 0.003500 0.010417
0 0.696125 0.436198 0.005750 0.014063
0 0.705250 0.379167 0.006000 0.013542
0 0.732750 0.397917 0.006500 0.014583
0 0.748375 0.343750 0.004750 0.011458
0 0.754375 0.358854 0.006750 0.010417
0 0.754250 0.402604 0.009000 0.011458
0 0.764125 0.366667 0.003250 0.012500
0 0.766375 0.366146 0.003250 0.009375
0 0.812750 0.454948 0.005000 0.004687
0 0.812750 0.450781 0.006500 0.005729
0 0.944625 0.655729 0.003250 0.011458
0 0.946625 0.649479 0.004750 0.014583
0 0.959625 0.722135 0.006250 0.005729
0 0.959000 0.717969 0.006000 0.004687
0 0.958125 0.713802 0.007250 0.005729
0 0.619000 0.291667 0.003500 0.007292
0 0.618375 0.283594 0.004250 0.010937
0 0.623250 0.273958 0.007000 0.007292
0 0.625875 0.265625 0.004750 0.009375
0 0.646500 0.245052 0.007500 0.008854
0 0.668375 0.214062 0.004750 0.011458
0 0.668125 0.206771 0.005750 0.006250
0 0.742500 0.111458 0.008000 0.010417
0 0.755625 0.073438 0.006250 0.011458
0 0.774625 0.058594 0.007750 0.014063
0 0.803250 0.007292 0.005000 0.013542
0 0.590000 0.172917 0.006000 0.010417
0 0.586125 0.163021 0.004750 0.012500
0 0.589250 0.147135 0.005000 0.014063
0 0.521625 0.965885 0.004250 0.008854
0 0.533750 0.983594 0.006000 0.010937
