0 0.020250 0.628385 0.004500 0.009896
0 0.044000 0.448437 0.005500 0.011458
0 0.275875 0.703385 0.006250 0.009896
0 0.288375 0.693229 0.008250 0.008333
0 0.296875 0.711979 0.004750 0.017708
0 0.307125 0.669792 0.005250 0.014583
0 0.309500 0.783854 0.007500 0.009375
0 0.308375 0.753646 0.005250 0.005208
0 0.308125 0.748698 0.007250 0.006771
0 0.331250 0.703385 0.005500 0.011979
0 0.352625 0.716406 0.007750 0.008854
0 0.347875 0.719531 0.006250 0.009896
0 0.348750 0.732552 0.005000 0.006771
0 0.349250 0.728646 0.006000 0.008333
0 0.380000 0.678125 0.004500 0.012500
0 0.381375 0.710417 0.005250 0.005208
0 0.381500 0.704948 0.006500 0.007812
0 0.363875 0.677865 0.004250 0.009896
0 0.360875 0.676042 0.003250 0.008333
0 0.367625 0.691406 0.004750 0.006771
0 0.368125 0.686979 0.005750 0.008333
0 0.381375 0.654427 0.004250 0.008854
0 0.380250 0.651563 0.004000 0.007292
0 0.406375 0.641667 0.007250 0.007292
0 0.408500 0.665365 0.003500 0.014063
0 0.413625 0.660156 0.006250 0.006771
0 0.422750 0.664323 0.006000 0.008854
0 0.422125 0.677083 0.004750 0.010417
0 0.424875 0.633073 0.003750 0.010937
0 0.444250 0.670833 0.008000 0.010417
0 0.447000 0.642708 0.002500 0.009375
0 0.448875 0.642188 0.003250 0.011458
0 0.457000 0.748437 0.005000 0.011458
0 0.444000 0.809635 0.004500 0.014063
0 0.416125 0.864844 0.005250 0.013021
0 0.441875 0.908854 0.004750 0.011458
0 0.401625 0.913802 0.005750 0.013021
0 0.391750 0.849479 0.002500 0.011458
0 0.389500 0.849219 0.002000 0.011979
0 0.378250 0.920833 0.008000 0.014583
0 0.354250 0.943229 0.005000 0.013542
0 0.493000 0.561198 0.006500 0.009896
0 0.457500 0.545052 0.006000 0.006771
0 0.457875 0.541667 0.004750 0.006250
0 0.436500 0.535156 0.005500 0.008854
0 0.440125 0.528646 0.003250 0.007292
0 0.440875 0.526042 0.004250 0.011458
0 0.434750 0.514062 0.006000 0.007292
0 0.409250 0.514062 0.004500 0.013542
0 0.402125 0.519010 0.004250 0.009896
0 0.405250 0.524740 0.003500 0.008854
0 0.406500 0.522917 0.004500 0.011458
0 0.363500 0.493490 0.005000 0.006771
0 0.364375 0.490365 0.005750 0.008854
0 0.365500 0.482552 0.006000 0.013021
0 0.375125 0.464062 0.005750 0.008333
0 0.375750 0.460677 0.004000 0.005729
0 0.373875 0.471354 0.003750 0.006250
0 0.372875 0.475521 0.005750 0.010417
0 0.341000 0.458594 0.006000 0.010937
0 0.343750 0.451042 0.006000 0.006250
0 0.340500 0.444792 0.006000 0.007292
0 0.355375 0.439323 0.004250 0.014063
0 0.354625 0.425260 0.004250 0.010937
0 0.345875 0.422656 0.004250 0.014063
0 0.352125 0.392708 0.005750 0.010417
0 0.334125 0.399740 0.005750 0.007812
0 0.334875 0.411198 0.005250 0.006771
0 0.335125 0.407031 0.005750 0.007812
0 0.353625 0.364844 0.004750 0.010937
0 0.314875 0.456250 0.004750 0.007292
0 0.315375 0.452865 0.006250 0.008854
0 0.316375 0.450000 0.004250 0.007292
0 0.282875 0.414583 0.005750 0.008333
0 0.280625 0.404167 0.004750 0.014583
0 0.306000 0.370052 0.005000 0.009896
0 0.217625 0.210938 0.005250 0.010417
0 0.188250 0.222135 0.005500 0.011979
0 0.191875 0.213281 0.004750 0.013021
0 0.152375 0.139063 0.006250 0.010417
0 0.403375 0.432292 0.006750 0.012500
0 0.424875 0.469792 0.004750 0.009375
0 0.510000 0.544010 0.004000 0.013021
0 0.476000 0.461198 0.003000 0.009896
0 0.478875 0.457552 0.003250 0.013021
0 0.489000 0.447135 0.003000 0.010937
0 0.485750 0.442969 0.004000 0.008854
0 0.485875 0.453125 0.003250 0.011458
0 0.485750 0.435156 0.001500 0.009896
0 0.487625 0.435156 0.002250 0.014063
0 0.460125 0.423958 0.004750 0.008333
0 0.452250 0.426563 0.004500 0.011458
0 0.455125 0.415885 0.004750 0.010937
0 0.457750 0.411458 0.005000 0.009375
0 0.440750 0.411458 0.004500 0.008333
0 0.442750 0.405990 0.004000 0.007812
0 0.443625 0.402865 0.004750 0.009896
0 0.482000 0.387760 0.005500 0.007812
0 0.476125 0.405208 0.002250 0.012500
0 0.477500 0.404687 0.002000 0.010417
0 0.466875 0.370312 0.003750 0.010417
0 0.463250 0.371354 0.004500 0.012500
0 0.444875 0.370573 0.005250 0.009896
0 0.439375 0.369792 0.005250 0.009375
0 0.436125 0.373437 0.003250 0.011458
0 0.438250 0.384896 0.003000 0.010417
0 0.439875 0.383854 0.003750 0.012500
0 0.429125 0.357031 0.004750 0.009896
0 0.412000 0.353385 0.003500 0.013021
0 0.425750 0.340885 0.004500 0.010937
0 0.429500 0.343490 0.003000 0.010937
0 0.430125 0.337760 0.004750 0.009896
0 0.457500 0.340885 0.002500 0.011979
0 0.459625 0.341146 0.002250 0.010417
0 0.400125 0.347656 0.005250 0.011979
0 0.407625 0.328385 0.005250 0.011979
0 0.399625 0.322917 0.005250 0.011458
0 0.410125 0.313802 0.004250 0.011979
0 0.414000 0.312760 0.004500 0.011979
0 0.416750 0.327344 0.003500 0.008854
0 0.418250 0.325260 0.004500 0.010937
0 0.380875 0.313281 0.004250 0.009896
0 0.375875 0.270833 0.004750 0.012500
0 0.368125 0.274219 0.004250 0.008854
0 0.369750 0.272396 0.004000 0.010417
0 0.395125 0.271875 0.004750 0.010417
0 0.401500 0.276823 0.003500 0.010937
0 0.403375 0.263542 0.002250 0.012500
0 0.399875 0.269010 0.005750 0.005729
0 0.390000 0.274479 0.005000 0.008333
0 0.392000 0.282292 0.005000 0.008333
0 0.390875 0.284115 0.004250 0.006771
0 0.376875 0.086198 0.006750 0.009896
0 0.377000 0.132552 0.003500 0.011979
0 0.378500 0.131510 0.002500 0.009896
0 0.390500 0.161198 0.003000 0.009896
0 0.392500 0.167969 0.004000 0.008854
0 0.409000 0.219271 0.003000 0.011458
0 0.412250 0.221094 0.006000 0.013021
0 0.531000 0.441406 0.004000 0.011979
0 0.523000 0.417187 0.003000 0.010417
0 0.519125 0.461979 0.003750 0.010417
0 0.516500 0.472135 0.003000 0.011979
0 0.515500 0.462500 0.003500 0.011458
0 0.519250 0.484375 0.002500 0.011458
0 0.517500 0.483594 0.002500 0.009896
0 0.522875 0.406510 0.003750 0.010937
0 0.509500 0.392188 0.003500 0.009375
0 0.520375 0.360156 0.005250 0.015104
0 0.528625 0.338802 0.003250 0.014063
0 0.258625 0.137500 0.006250 0.010417
0 0.338375 0.531771 0.010250 0.026042
0 0.638125 0.296875 0.006250 0.007292
0 0.625875 0.353906 0.004750 0.006771
0 0.697125 0.213542 0.004750 0.007292
0 0.700500 0.218490 0.005000 0.009896
0 0.692125 0.235156 0.004250 0.006771
0 0.706500 0.288281 0.004000 0.005729
0 0.733125 0.378125 0.004250 0.007292
0 0.736750 0.376823 0.004000 0.006771
0 0.705750 0.409896 0.004000 0.011458
0 0.835625 0.301823 0.004750 0.008854
0 0.823500 0.295833 0.005500 0.011458
0 0.826375 0.270052 0.005250 0.007812
0 0.834125 0.281250 0.005250 0.010417
