0 0.135875 0.285156 0.009750 0.013021
0 0.254000 0.551823 0.007500 0.016146
0 0.286875 0.578385 0.008750 0.010937
0 0.312750 0.569010 0.008000 0.011979
0 0.340000 0.592708 0.007000 0.016667
0 0.394375 0.678906 0.007250 0.011979
0 0.391750 0.229948 0.004500 0.019271
0 0.384125 0.200260 0.006750 0.017188
0 0.383375 0.058854 0.004250 0.020833
0 0.392250 0.038281 0.006500 0.019271
0 0.399375 0.015885 0.009750 0.020313
0 0.590375 0.032292 0.008750 0.017708
0 0.568250 0.083594 0.007000 0.017188
0 0.550500 0.204427 0.008000 0.011979
0 0.501500 0.373437 0.005500 0.018750
0 0.487000 0.438021 0.005000 0.016667
0 0.490250 0.404948 0.003500 0.014063
0 0.492250 0.397135 0.004500 0.013021
0 0.496000 0.395313 0.007000 0.019792
0 0.459375 0.656250 0.008750 0.015625
0 0.481875 0.626563 0.005750 0.009375
0 0.484625 0.632292 0.007750 0.010417
0 0.496250 0.614062 0.010500 0.016667
0 0.517625 0.582552 0.005750 0.011979
0 0.519750 0.577865 0.008000 0.014063
0 0.651750 0.427344 0.006500 0.016146
0 0.628875 0.470573 0.006250 0.017188
0 0.596000 0.734635 0.009000 0.009896
0 0.599750 0.723177 0.007000 0.010937
0 0.492500 0.760417 0.008000 0.010417
