0 0.451625 0.966927 0.009750 0.017188
0 0.490625 0.929948 0.008250 0.016146
0 0.456750 0.871094 0.008000 0.021354
0 0.437000 0.836979 0.006500 0.017708
0 0.446000 0.834115 0.007000 0.017188
0 0.444375 0.810677 0.010250 0.023438
0 0.434625 0.814063 0.006750 0.015625
0 0.421250 0.786198 0.006000 0.015104
0 0.404250 0.710677 0.008000 0.014063
0 0.398875 0.675521 0.008250 0.023958
0 0.404625 0.677083 0.007750 0.019792
0 0.485000 0.723698 0.006000 0.017188
0 0.486375 0.691927 0.008750 0.016146
0 0.486750 0.691667 0.008000 0.018750
0 0.468250 0.685417 0.007500 0.019792
0 0.475750 0.688802 0.008000 0.019271
0 0.476125 0.672917 0.008250 0.009375
0 0.467250 0.661458 0.008500 0.016667
0 0.460125 0.657031 0.006750 0.016146
0 0.454625 0.646094 0.009250 0.018229
0 0.445750 0.632552 0.008500 0.016146
0 0.386250 0.602865 0.007000 0.018229
0 0.402125 0.610677 0.005750 0.015104
0 0.413875 0.610417 0.007750 0.019792
0 0.422750 0.598177 0.008000 0.016146
0 0.432375 0.616927 0.011250 0.021354
0 0.436125 0.614844 0.006750 0.017188
0 0.402000 0.570573 0.007500 0.016146
0 0.392250 0.563021 0.010500 0.017708
0 0.431375 0.621094 0.009250 0.013021
0 0.415125 0.482031 0.007250 0.018229
0 0.434250 0.485937 0.007000 0.012500
0 0.435500 0.468490 0.006000 0.015104
0 0.449750 0.483073 0.005500 0.013021
0 0.454125 0.488542 0.007750 0.012500
0 0.458625 0.471354 0.006750 0.012500
0 0.466000 0.483333 0.013500 0.015625
0 0.503750 0.464323 0.008000 0.014063
0 0.326000 0.347917 0.010000 0.016667
0 0.326375 0.361719 0.010250 0.018229
0 0.347750 0.372396 0.010500 0.016667
0 0.364125 0.442448 0.008250 0.015104
0 0.379250 0.451823 0.007000 0.018229
0 0.386375 0.461458 0.007250 0.014583
0 0.408625 0.407031 0.005250 0.016146
0 0.416375 0.401562 0.009250 0.017708
0 0.436125 0.389062 0.009250 0.017708
0 0.433000 0.373177 0.007500 0.018229
0 0.442500 0.365885 0.008500 0.017188
0 0.445875 0.377865 0.008750 0.018229
0 0.456750 0.350000 0.010500 0.019792
0 0.460125 0.336719 0.006750 0.018229
0 0.471625 0.334635 0.010250 0.017188
0 0.470625 0.322396 0.005750 0.011458
0 0.478125 0.316406 0.006750 0.021354
0 0.482875 0.309896 0.004250 0.015625
0 0.486875 0.295573 0.008750 0.010937
0 0.487250 0.305208 0.006000 0.014583
0 0.493875 0.308333 0.007750 0.014583
0 0.498250 0.298698 0.005000 0.015104
0 0.494000 0.289062 0.005500 0.012500
0 0.503250 0.290625 0.006500 0.014583
0 0.502750 0.272396 0.008500 0.015625
0 0.512375 0.276823 0.007250 0.021354
0 0.520375 0.288802 0.004750 0.014063
0 0.527250 0.279167 0.007000 0.011458
0 0.525000 0.265625 0.010000 0.015625
0 0.568125 0.314844 0.007250 0.010937
0 0.579875 0.273438 0.005750 0.021875
0 0.557750 0.220052 0.007000 0.013021
0 0.562625 0.202344 0.007750 0.015104
0 0.434375 0.345573 0.010250 0.010937
0 0.435250 0.333854 0.005500 0.016667
0 0.442375 0.330990 0.005750 0.018229
0 0.445875 0.307031 0.006750 0.011979
0 0.451000 0.315104 0.007000 0.014583
0 0.456750 0.310677 0.006000 0.016146
0 0.462250 0.303646 0.009000 0.018750
0 0.456125 0.287500 0.008250 0.014583
0 0.470250 0.292187 0.008500 0.011458
0 0.468750 0.281250 0.011000 0.015625
0 0.471875 0.270313 0.011250 0.012500
0 0.476625 0.275260 0.006750 0.017188
0 0.480000 0.268229 0.006500 0.016667
0 0.484125 0.260417 0.005250 0.017708
0 0.503250 0.214844 0.007500 0.011979
0 0.349750 0.334896 0.007500 0.017708
0 0.330125 0.328906 0.008250 0.013021
0 0.338250 0.333073 0.007000 0.014063
0 0.346750 0.315885 0.012000 0.017188
0 0.336875 0.265625 0.006750 0.017708
0 0.346750 0.293490 0.006000 0.014063
0 0.353000 0.284115 0.009000 0.018229
0 0.354250 0.302083 0.008000 0.015625
0 0.353875 0.269792 0.007250 0.012500
0 0.363125 0.279167 0.009750 0.012500
0 0.363750 0.293490 0.008500 0.016146
0 0.351750 0.201823 0.008500 0.016146
0 0.352375 0.182292 0.011250 0.020833
0 0.361375 0.199740 0.006750 0.014063
0 0.600750 0.233594 0.006000 0.016146
0 0.613375 0.233594 0.009750 0.018229
0 0.593250 0.878646 0.015000 0.045833
0 0.294250 0.111979 0.019000 0.041667
0 0.346250 0.079687 0.023000 0.047917
