0 0.054688 0.414875 0.012500 0.008250
0 0.062500 0.424125 0.010417 0.006750
0 0.063281 0.416500 0.007812 0.005000
0 0.067969 0.423125 0.008854 0.009250
0 0.077083 0.428000 0.011458 0.005000
0 0.071615 0.433000 0.011979 0.007500
0 0.070833 0.439625 0.014583 0.007250
0 0.082031 0.448250 0.013021 0.005500
0 0.072917 0.451125 0.013542 0.006750
0 0.104167 0.488375 0.015625 0.005750
0 0.112500 0.484000 0.012500 0.009000
0 0.124740 0.501250 0.016146 0.008500
0 0.125000 0.511375 0.013542 0.008750
0 0.102865 0.546750 0.017188 0.010500
0 0.149219 0.548750 0.007812 0.008000
0 0.163281 0.552250 0.015104 0.006500
0 0.142969 0.569500 0.014063 0.008000
0 0.174219 0.570625 0.008854 0.008250
0 0.173437 0.563250 0.009375 0.007000
0 0.162760 0.568500 0.014063 0.008500
0 0.170313 0.592875 0.007292 0.007750
0 0.177865 0.592250 0.007812 0.007500
0 0.192708 0.593750 0.010417 0.007000
0 0.199219 0.598750 0.011979 0.005000
0 0.218490 0.593375 0.011979 0.007750
0 0.198437 0.613250 0.017708 0.005000
0 0.159896 0.521250 0.011458 0.005500
0 0.359896 0.546750 0.008333 0.008500
0 0.368229 0.513250 0.006250 0.008500
0 0.359896 0.493625 0.010417 0.008250
0 0.362500 0.472375 0.014583 0.007250
0 0.371354 0.465375 0.014583 0.005750
0 0.380208 0.454625 0.014583 0.005250
0 0.319792 0.457750 0.019792 0.006500
0 0.330469 0.476375 0.011979 0.009250
0 0.381250 0.482500 0.008333 0.007500
0 0.383333 0.438375 0.012500 0.006750
0 0.417708 0.306875 0.011458 0.006750
0 0.420573 0.305375 0.009896 0.005250
0 0.729167 0.254625 0.009375 0.007250
0 0.655990 0.284875 0.006771 0.008750
0 0.649740 0.285250 0.005729 0.007500
0 0.666927 0.306875 0.014063 0.007750
0 0.535156 0.327750 0.013021 0.005500
0 0.589583 0.336125 0.015625 0.006750
0 0.585156 0.331875 0.013021 0.006750
0 0.582031 0.330125 0.010937 0.005750
0 0.555990 0.370000 0.008854 0.007500
0 0.491146 0.464750 0.013542 0.004500
0 0.492969 0.463000 0.010937 0.004500
0 0.460938 0.510125 0.010417 0.006750
0 0.455469 0.509000 0.006771 0.006500
0 0.421354 0.531625 0.010417 0.006250
0 0.432292 0.547000 0.013542 0.007500
0 0.407812 0.583250 0.011458 0.006500
0 0.444531 0.567625 0.013021 0.009250
0 0.494531 0.507375 0.009896 0.007750
0 0.492448 0.499125 0.008854 0.007250
0 0.499219 0.487625 0.009896 0.005250
0 0.505208 0.486625 0.009375 0.007250
0 0.521615 0.488500 0.010937 0.006500
0 0.532031 0.442000 0.014063 0.008000
0 0.577865 0.379250 0.008854 0.006500
0 0.582031 0.377625 0.009896 0.007750
0 0.588802 0.378000 0.009896 0.008000
0 0.593750 0.390750 0.009375 0.007000
0 0.643229 0.379250 0.012500 0.009000
0 0.608333 0.358375 0.012500 0.007750
0 0.602083 0.346375 0.008333 0.008250
0 0.607292 0.345500 0.006250 0.006500
0 0.616146 0.344625 0.004167 0.007750
0 0.620313 0.344000 0.007292 0.008500
0 0.564323 0.622625 0.016146 0.004750
0 0.567708 0.619250 0.011458 0.005500
0 0.609635 0.609625 0.017188 0.004750
0 0.625260 0.607625 0.016146 0.006250
0 0.729948 0.579875 0.018229 0.007250
0 0.753646 0.573750 0.007292 0.009500
0 0.767188 0.576375 0.018750 0.005750
0 0.755729 0.541000 0.016667 0.006000
0 0.767708 0.506750 0.016667 0.005000
0 0.823177 0.506250 0.014063 0.004000
0 0.825000 0.509375 0.018750 0.005750
0 0.824479 0.520125 0.019792 0.007250
0 0.870312 0.489000 0.014583 0.007500
0 0.992188 0.439250 0.011458 0.010000
0 0.986979 0.464125 0.018750 0.005750
0 0.989323 0.466875 0.016146 0.006250
0 0.967969 0.498125 0.011979 0.008250
0 0.955469 0.507375 0.016146 0.008750
0 0.964062 0.491625 0.017708 0.005750
0 0.959375 0.489625 0.018750 0.006250
0 0.955729 0.497625 0.018750 0.005250
0 0.954948 0.500625 0.014063 0.007250
0 0.929948 0.495500 0.021354 0.004500
0 0.928125 0.499500 0.014583 0.004500
0 0.915885 0.490000 0.017188 0.005000
0 0.912240 0.497750 0.013021 0.009500
0 0.889844 0.510500 0.019271 0.010000
0 0.909115 0.529625 0.019271 0.007750
0 0.916146 0.542750 0.014583 0.010500
0 0.881771 0.534000 0.021875 0.007500
0 0.847917 0.528000 0.012500 0.008000
0 0.843750 0.535375 0.018750 0.006750
0 0.866667 0.544875 0.016667 0.005750
0 0.624219 0.700125 0.019271 0.004250
0 0.624479 0.696375 0.016667 0.004250
0 0.647656 0.686500 0.013021 0.009000
0 0.686719 0.700250 0.018229 0.006000
0 0.939323 0.699125 0.017188 0.007750
0 0.940885 0.695875 0.013021 0.005250
0 0.927344 0.693000 0.010937 0.010000
0 0.872656 0.702625 0.024479 0.009750
0 0.502865 0.750750 0.016146 0.007000
0 0.702604 0.790375 0.014583 0.009750
