0 0.443125 0.993490 0.005250 0.011979
0 0.537250 0.812500 0.009000 0.017708
0 0.553625 0.677604 0.006250 0.020833
0 0.459875 0.499219 0.008250 0.013021
0 0.376250 0.491146 0.005500 0.013542
0 0.589000 0.624479 0.008000 0.011458
0 0.579250 0.607292 0.005500 0.018750
0 0.575125 0.597396 0.005750 0.009375
0 0.614125 0.508854 0.007250 0.017708
0 0.563375 0.351042 0.005750 0.015625
0 0.561875 0.346615 0.005250 0.015104
0 0.558000 0.273438 0.004000 0.013542
0 0.561250 0.279427 0.006000 0.018229
0 0.477375 0.005469 0.006750 0.010937
0 0.732875 0.395052 0.010250 0.009896
0 0.759625 0.369271 0.007750 0.012500
0 0.762750 0.443229 0.007000 0.018750
