0 0.368500 0.865625 0.005500 0.013542
0 0.385375 0.875000 0.006750 0.014583
0 0.374250 0.905469 0.006000 0.008854
0 0.409500 0.927344 0.008000 0.020313
0 0.417750 0.905208 0.006500 0.010417
0 0.428750 0.902083 0.007500 0.012500
0 0.460875 0.889583 0.007750 0.015625
0 0.484625 0.931510 0.005250 0.011979
0 0.505000 0.903385 0.006000 0.010937
0 0.484250 0.867969 0.006000 0.009896
0 0.519375 0.820052 0.005750 0.009896
0 0.508000 0.822656 0.007000 0.009896
0 0.502500 0.816667 0.005000 0.015625
0 0.494250 0.803385 0.005000 0.013021
0 0.466625 0.802604 0.006250 0.013542
0 0.484250 0.784635 0.006000 0.010937
0 0.479375 0.778646 0.006250 0.006250
0 0.479250 0.771615 0.004500 0.010937
0 0.473500 0.771875 0.005000 0.011458
0 0.475250 0.769010 0.005000 0.010937
0 0.468125 0.753385 0.004250 0.015104
0 0.471750 0.745833 0.004000 0.013542
0 0.487875 0.741146 0.002750 0.013542
0 0.490625 0.740885 0.003750 0.011979
0 0.461375 0.746875 0.005250 0.014583
0 0.453000 0.743490 0.007000 0.011979
0 0.459750 0.726562 0.005000 0.012500
0 0.474000 0.722656 0.005500 0.010937
0 0.478500 0.726302 0.003500 0.014063
0 0.481750 0.734115 0.004000 0.014063
0 0.446500 0.731250 0.005000 0.011458
0 0.446500 0.722396 0.007000 0.007292
0 0.425750 0.716667 0.006000 0.010417
0 0.431625 0.711719 0.008750 0.009896
0 0.391250 0.699219 0.005500 0.011979
0 0.392000 0.693490 0.004500 0.009896
0 0.404250 0.683854 0.006500 0.007292
0 0.408500 0.679948 0.005500 0.010937
0 0.414125 0.687240 0.006250 0.006771
0 0.419125 0.691667 0.004750 0.012500
0 0.422250 0.690885 0.005500 0.009896
0 0.426000 0.700000 0.005000 0.009375
0 0.431875 0.701562 0.004750 0.010417
0 0.436125 0.703646 0.004750 0.009375
0 0.441375 0.706510 0.005750 0.008854
0 0.438625 0.698698 0.005750 0.005729
0 0.435250 0.687760 0.006500 0.010937
0 0.470750 0.711719 0.005500 0.009896
0 0.472250 0.707812 0.003500 0.007292
0 0.476125 0.686458 0.005250 0.011458
0 0.477500 0.681771 0.004000 0.008333
0 0.466250 0.690365 0.004500 0.013021
0 0.464875 0.677604 0.004750 0.008333
0 0.467625 0.671354 0.003750 0.012500
0 0.466000 0.659375 0.004000 0.012500
0 0.481875 0.700521 0.003750 0.008333
0 0.482750 0.697917 0.005000 0.011458
0 0.470500 0.639844 0.006500 0.013021
0 0.478500 0.622396 0.006500 0.013542
0 0.454250 0.671354 0.004000 0.013542
0 0.449250 0.660677 0.004500 0.013021
0 0.455500 0.663802 0.006500 0.006771
0 0.451875 0.656510 0.002250 0.011979
0 0.454000 0.650000 0.005500 0.012500
0 0.457625 0.641927 0.005750 0.008854
0 0.458000 0.654687 0.008000 0.012500
0 0.451750 0.635677 0.005500 0.010937
0 0.444750 0.626302 0.005500 0.008854
0 0.431500 0.620573 0.005000 0.013021
0 0.435125 0.618490 0.006250 0.009896
0 0.447000 0.611198 0.005500 0.006771
0 0.450375 0.608073 0.004750 0.011979
0 0.447875 0.607292 0.003750 0.006250
0 0.460875 0.612760 0.004750 0.006771
0 0.464625 0.612500 0.004750 0.011458
0 0.457250 0.588281 0.006000 0.013021
0 0.435500 0.554688 0.006000 0.009375
0 0.447375 0.517448 0.006750 0.007812
0 0.448000 0.526302 0.006000 0.008854
0 0.434750 0.501823 0.006000 0.010937
0 0.445375 0.485417 0.005750 0.009375
0 0.421000 0.455208 0.004500 0.011458
0 0.400875 0.465365 0.008750 0.018229
0 0.384125 0.465625 0.007750 0.008333
0 0.377250 0.507812 0.007000 0.019792
0 0.376375 0.529167 0.005750 0.016667
0 0.370500 0.521354 0.007500 0.016667
0 0.359500 0.487760 0.004500 0.013021
0 0.357750 0.477083 0.004500 0.010417
0 0.359875 0.474740 0.004750 0.011979
0 0.333000 0.522917 0.005500 0.008333
0 0.333250 0.517969 0.005000 0.007812
0 0.331250 0.426563 0.006000 0.015625
0 0.356250 0.386458 0.009000 0.015625
0 0.339000 0.332031 0.009500 0.014063
0 0.324625 0.395313 0.008250 0.010417
0 0.352625 0.488021 0.006750 0.013542
0 0.346625 0.539323 0.008250 0.019271
0 0.363625 0.562240 0.005250 0.010937
0 0.365375 0.593490 0.005250 0.011979
0 0.384125 0.592187 0.006250 0.007292
0 0.398375 0.605990 0.005250 0.015104
0 0.378875 0.570573 0.006250 0.007812
0 0.380000 0.565885 0.005000 0.006771
0 0.395750 0.578906 0.005000 0.008854
0 0.397125 0.574740 0.005250 0.011979
0 0.392875 0.624740 0.006250 0.009896
0 0.397250 0.636719 0.004500 0.014063
0 0.405750 0.626302 0.005000 0.013021
0 0.393125 0.634375 0.003250 0.011458
0 0.388750 0.658333 0.006000 0.010417
0 0.374750 0.633073 0.006500 0.016146
0 0.415750 0.637760 0.005000 0.013021
0 0.404250 0.661979 0.006500 0.009375
0 0.417250 0.660156 0.003000 0.013021
0 0.420375 0.664062 0.005750 0.010417
0 0.425375 0.672656 0.006250 0.010937
0 0.417250 0.677083 0.005500 0.010417
0 0.411125 0.672917 0.005250 0.011458
0 0.432875 0.653125 0.007750 0.013542
0 0.438750 0.669271 0.004000 0.010417
0 0.421875 0.625521 0.003250 0.013542
0 0.423875 0.624740 0.003250 0.010937
0 0.391625 0.646875 0.008250 0.017708
0 0.436000 0.527604 0.005000 0.014583
0 0.576000 0.861458 0.005000 0.011458
0 0.554500 0.805990 0.005000 0.007812
0 0.558125 0.803125 0.003250 0.014583
0 0.566875 0.761458 0.003250 0.012500
0 0.569125 0.760156 0.002750 0.008854
0 0.571500 0.716667 0.004000 0.010417
0 0.568250 0.725781 0.004000 0.008854
0 0.568000 0.720313 0.005000 0.008333
0 0.573500 0.698177 0.005000 0.007812
0 0.566875 0.693229 0.002750 0.014583
0 0.569125 0.700521 0.002750 0.012500
0 0.558000 0.660937 0.004500 0.011458
0 0.557750 0.654167 0.005000 0.008333
0 0.577000 0.637240 0.006000 0.009896
0 0.572500 0.622135 0.003500 0.014063
0 0.558750 0.627083 0.003500 0.012500
0 0.555500 0.631510 0.003500 0.009896
0 0.556250 0.620573 0.003000 0.013021
0 0.575875 0.598958 0.004750 0.014583
0 0.580375 0.595833 0.004750 0.008333
0 0.576000 0.586979 0.006500 0.010417
0 0.558875 0.563281 0.004250 0.009896
0 0.567000 0.561979 0.003000 0.013542
0 0.569125 0.560937 0.002750 0.011458
0 0.580500 0.528125 0.003500 0.015625
0 0.530000 0.515104 0.006000 0.008333
0 0.588250 0.489063 0.003500 0.014583
0 0.583750 0.491927 0.002500 0.013021
0 0.586000 0.492188 0.002000 0.013542
0 0.604125 0.465885 0.005750 0.009896
0 0.599375 0.440104 0.009250 0.013542
0 0.593250 0.417969 0.004500 0.013021
0 0.612125 0.402344 0.004250 0.014063
0 0.577000 0.401302 0.005000 0.017188
0 0.548875 0.431510 0.007250 0.013021
0 0.544000 0.390885 0.005000 0.008854
0 0.548000 0.286458 0.005500 0.011458
0 0.544125 0.286198 0.004750 0.013021
0 0.534375 0.289844 0.006750 0.013021
0 0.535625 0.303646 0.007750 0.015625
0 0.541000 0.332813 0.007000 0.018750
0 0.535750 0.348177 0.004500 0.013021
0 0.584000 0.270313 0.004000 0.015625
0 0.588000 0.273698 0.003500 0.010937
0 0.590250 0.266146 0.004500 0.010417
0 0.594500 0.246875 0.004500 0.010417
0 0.595625 0.257292 0.005250 0.012500
0 0.586500 0.233854 0.004500 0.012500
0 0.591125 0.226823 0.003250 0.014063
0 0.593375 0.225000 0.002750 0.011458
0 0.579500 0.205990 0.002500 0.016146
0 0.576875 0.201302 0.002750 0.017188
0 0.545000 0.171875 0.006500 0.009375
0 0.528625 0.191406 0.005750 0.011979
0 0.577500 0.170052 0.003000 0.011979
0 0.574750 0.172656 0.003500 0.013021
0 0.583875 0.148438 0.004750 0.007292
0 0.598000 0.180469 0.005000 0.007812
0 0.607000 0.190365 0.006500 0.013021
0 0.585000 0.181771 0.003500 0.007292
0 0.567875 0.082812 0.006250 0.021875
0 0.574500 0.064583 0.003500 0.015625
0 0.580625 0.061979 0.005750 0.015625
0 0.578125 0.327865 0.009250 0.015104
0 0.667625 0.736979 0.004750 0.012500
0 0.687500 0.730729 0.005500 0.009375
0 0.682875 0.712760 0.009250 0.015104
0 0.662000 0.648698 0.007000 0.009896
0 0.640125 0.640365 0.004250 0.010937
0 0.693500 0.604167 0.007500 0.011458
0 0.795125 0.637760 0.005250 0.013021
0 0.769625 0.739062 0.009750 0.012500
0 0.757125 0.671875 0.006250 0.011458
0 0.735750 0.536719 0.008000 0.015104
0 0.750875 0.559375 0.006750 0.013542
0 0.773375 0.586458 0.005750 0.010417
0 0.754500 0.660156 0.004000 0.006771
0 0.753625 0.653125 0.005250 0.007292
0 0.730375 0.414844 0.006750 0.009896
0 0.762500 0.435417 0.007500 0.012500
0 0.758875 0.407031 0.007250 0.020313
0 0.800125 0.412240 0.004750 0.016146
0 0.819750 0.441146 0.004500 0.009375
0 0.806000 0.466667 0.006000 0.015625
0 0.810250 0.458594 0.005500 0.013021
0 0.640250 0.863542 0.005500 0.010417
0 0.711625 0.790365 0.007750 0.009896
0 0.608250 0.536719 0.006500 0.011979
0 0.599625 0.350781 0.005250 0.009896
0 0.598500 0.347656 0.005000 0.009896
0 0.114500 0.205729 0.005500 0.010417
0 0.120000 0.134375 0.006000 0.009375
0 0.207250 0.206771 0.007500 0.016667
0 0.296750 0.110156 0.006000 0.016146
0 0.292125 0.225521 0.005250 0.010417
0 0.924500 0.485156 0.005500 0.007812
0 0.905750 0.491146 0.004500 0.008333
0 0.796375 0.681510 0.005750 0.015104
0 0.806000 0.665885 0.006500 0.009896
