0 0.047135 0.208250 0.015104 0.007500
0 0.177083 0.163625 0.008333 0.007250
0 0.240625 0.138500 0.010417 0.007000
0 0.201563 0.154625 0.005208 0.006750
0 0.207031 0.154875 0.005729 0.007250
0 0.202344 0.197125 0.008854 0.008250
0 0.230729 0.195500 0.007292 0.007500
0 0.229687 0.202125 0.009375 0.006750
0 0.236458 0.207625 0.009375 0.005750
0 0.235417 0.236750 0.009375 0.005000
0 0.273177 0.251125 0.005729 0.007250
0 0.245573 0.266625 0.008854 0.007750
0 0.244531 0.256375 0.008854 0.006250
0 0.249740 0.249000 0.014063 0.004500
0 0.226302 0.254875 0.007812 0.006750
0 0.198437 0.246250 0.011458 0.005000
0 0.176302 0.239625 0.021354 0.006750
0 0.221615 0.279375 0.015104 0.004750
0 0.235677 0.270500 0.009896 0.007000
0 0.221615 0.297250 0.014063 0.004500
0 0.227083 0.301500 0.009375 0.006500
0 0.244792 0.315375 0.015625 0.004250
0 0.229427 0.249125 0.005729 0.005750
0 0.235156 0.249750 0.006771 0.007500
0 0.280729 0.389875 0.010417 0.006250
0 0.264323 0.394250 0.013021 0.004500
0 0.240365 0.386500 0.006771 0.005000
0 0.258073 0.359125 0.018229 0.007250
0 0.350000 0.342125 0.008333 0.007750
0 0.446094 0.321250 0.006771 0.006000
0 0.441146 0.316875 0.010417 0.004750
0 0.489844 0.301000 0.009896 0.003500
0 0.492708 0.297125 0.012500 0.004750
0 0.440365 0.261250 0.014063 0.005000
0 0.464583 0.268750 0.011458 0.004500
0 0.472917 0.271000 0.009375 0.006500
0 0.505208 0.271125 0.014583 0.003750
0 0.504687 0.268375 0.013542 0.002750
0 0.582552 0.306000 0.008854 0.007500
0 0.646615 0.288500 0.010937 0.004000
0 0.635156 0.287000 0.006771 0.005500
0 0.641146 0.276875 0.010417 0.006750
0 0.661198 0.273500 0.007812 0.006500
0 0.663542 0.270125 0.009375 0.003250
0 0.663802 0.267875 0.013021 0.003250
0 0.689844 0.256875 0.010937 0.005250
0 0.701042 0.257875 0.010417 0.006250
0 0.699479 0.247625 0.011458 0.005750
0 0.672656 0.250625 0.009896 0.007250
0 0.714063 0.243000 0.012500 0.004500
0 0.736979 0.241250 0.012500 0.004000
0 0.735156 0.228625 0.013021 0.006750
0 0.751823 0.230375 0.009896 0.006250
0 0.766667 0.225000 0.011458 0.006000
0 0.797656 0.235000 0.013021 0.006500
0 0.778906 0.217375 0.014063 0.004750
0 0.753906 0.211500 0.008854 0.004500
0 0.730990 0.194125 0.011979 0.005250
0 0.698177 0.186375 0.008854 0.005250
0 0.794531 0.200500 0.011979 0.004500
0 0.815885 0.228750 0.009896 0.004500
0 0.821615 0.234250 0.008854 0.004500
0 0.819010 0.232375 0.009896 0.005250
0 0.914323 0.221250 0.014063 0.006500
0 0.935937 0.219875 0.008333 0.004750
0 0.933854 0.218625 0.009375 0.004750
0 0.899479 0.213000 0.011458 0.004000
0 0.906771 0.208750 0.007292 0.007500
0 0.933854 0.202875 0.012500 0.004750
0 0.936198 0.193000 0.009896 0.006500
0 0.935677 0.182250 0.009896 0.006500
0 0.913542 0.179500 0.009375 0.008000
0 0.831510 0.129500 0.014063 0.006500
0 0.851823 0.120750 0.010937 0.005000
0 0.970573 0.142375 0.014063 0.003250
0 0.971875 0.135500 0.009375 0.006000
0 0.220052 0.414875 0.008854 0.006750
0 0.279948 0.413250 0.007812 0.006500
0 0.290365 0.411750 0.004687 0.006000
0 0.295312 0.412250 0.004167 0.005000
0 0.334115 0.415625 0.009896 0.003250
0 0.334635 0.413375 0.013021 0.002750
0 0.360156 0.415500 0.008854 0.004500
0 0.363542 0.415000 0.006250 0.003500
0 0.383854 0.417000 0.007292 0.003500
0 0.386979 0.416375 0.008333 0.003750
0 0.440885 0.420500 0.007812 0.004000
0 0.437760 0.406625 0.009896 0.004750
0 0.410677 0.397500 0.005729 0.006000
0 0.415625 0.389375 0.010417 0.005750
0 0.426302 0.420250 0.005729 0.005000
0 0.431771 0.421000 0.005208 0.005500
0 0.454687 0.410875 0.008333 0.004750
0 0.459635 0.408000 0.005729 0.006000
0 0.451562 0.401375 0.007292 0.006250
0 0.465104 0.401375 0.006250 0.006250
0 0.458854 0.396250 0.008333 0.005500
0 0.462500 0.394375 0.009375 0.003750
0 0.489583 0.411625 0.014583 0.004250
0 0.511719 0.442375 0.010937 0.002750
0 0.513802 0.444500 0.008854 0.002000
0 0.576562 0.437625 0.008333 0.004750
0 0.595833 0.440750 0.010417 0.004500
0 0.601562 0.450000 0.011458 0.003500
0 0.614844 0.440750 0.010937 0.004000
0 0.537240 0.424875 0.008854 0.005750
0 0.515625 0.428000 0.007292 0.004500
0 0.513021 0.426750 0.007292 0.004000
0 0.528125 0.437875 0.009375 0.003750
0 0.534635 0.435375 0.007812 0.003750
0 0.574479 0.415000 0.008333 0.005000
0 0.575521 0.412500 0.010417 0.005000
0 0.613021 0.421250 0.006250 0.006500
0 0.617188 0.419375 0.007292 0.005250
0 0.641146 0.424250 0.007292 0.004000
0 0.644271 0.423500 0.009375 0.005500
0 0.633854 0.437625 0.014583 0.004750
0 0.659635 0.441125 0.010937 0.002750
0 0.660937 0.444500 0.009375 0.004500
0 0.646875 0.452000 0.010417 0.003500
0 0.678646 0.421750 0.009375 0.004000
0 0.680469 0.420875 0.010937 0.004250
0 0.730990 0.433625 0.006771 0.005750
0 0.738281 0.430875 0.008854 0.006250
0 0.771094 0.450375 0.014063 0.003750
0 0.780208 0.455500 0.011458 0.003000
0 0.778906 0.457125 0.010937 0.003250
0 0.809115 0.454250 0.011979 0.003000
0 0.817708 0.455625 0.009375 0.002750
0 0.815625 0.465750 0.012500 0.004000
0 0.821615 0.469750 0.009896 0.005000
0 0.831250 0.466875 0.011458 0.003250
0 0.852083 0.477000 0.010417 0.003500
0 0.859375 0.474000 0.011458 0.003500
0 0.890625 0.522500 0.006250 0.005500
0 0.963542 0.507875 0.014583 0.003750
0 0.978646 0.505250 0.011458 0.003500
0 0.976302 0.510625 0.010937 0.004750
0 0.981771 0.517250 0.008333 0.003000
0 0.979687 0.516000 0.010417 0.004000
0 0.933854 0.488750 0.007292 0.003000
0 0.930729 0.487125 0.009375 0.003750
0 0.941146 0.384625 0.011458 0.006750
0 0.637500 0.387875 0.015625 0.006750
0 0.577083 0.374250 0.012500 0.004000
0 0.200000 0.430750 0.010417 0.004500
0 0.300000 0.464625 0.012500 0.005250
0 0.319271 0.470375 0.014583 0.004250
0 0.270833 0.471875 0.009375 0.005750
0 0.304427 0.488875 0.007812 0.004250
0 0.319531 0.476875 0.007812 0.006250
0 0.323437 0.476000 0.006250 0.005000
0 0.399740 0.501500 0.008854 0.005500
0 0.376823 0.490125 0.007812 0.004750
0 0.379167 0.489000 0.009375 0.005000
0 0.353906 0.509125 0.008854 0.004250
0 0.342448 0.513125 0.006771 0.002250
0 0.341667 0.510625 0.009375 0.003750
0 0.364844 0.518000 0.011979 0.004500
0 0.368750 0.525875 0.009375 0.005750
0 0.378906 0.526750 0.006771 0.005500
0 0.373958 0.533250 0.013542 0.004500
0 0.388802 0.544125 0.006771 0.002750
0 0.385677 0.542750 0.006771 0.004000
0 0.438542 0.543000 0.004167 0.006500
0 0.443229 0.543125 0.005208 0.005750
0 0.480729 0.568625 0.009375 0.005750
0 0.492708 0.564750 0.008333 0.006000
0 0.475521 0.554750 0.008333 0.003000
0 0.485677 0.590000 0.007812 0.004500
0 0.498698 0.593625 0.007812 0.005250
0 0.522135 0.591375 0.008854 0.005750
0 0.537760 0.592000 0.013021 0.006500
0 0.555469 0.606875 0.013021 0.004250
0 0.477344 0.611500 0.009896 0.002500
0 0.513542 0.610375 0.008333 0.002250
0 0.516667 0.613250 0.005208 0.004500
0 0.532031 0.617625 0.006771 0.003750
0 0.533854 0.615875 0.007292 0.003750
0 0.516406 0.604500 0.007812 0.003500
0 0.508333 0.602000 0.007292 0.004500
0 0.571354 0.637875 0.006250 0.005750
0 0.590365 0.638250 0.007812 0.006000
0 0.595833 0.632500 0.008333 0.006500
0 0.587760 0.655250 0.005729 0.005000
0 0.595313 0.655000 0.007292 0.003000
0 0.638542 0.637000 0.014583 0.006500
0 0.663281 0.636500 0.010937 0.005500
0 0.670312 0.633375 0.010417 0.003250
0 0.642708 0.616000 0.008333 0.005000
0 0.634115 0.618250 0.008854 0.004500
0 0.623437 0.617750 0.013542 0.004000
0 0.634896 0.680750 0.010417 0.005500
0 0.658854 0.673875 0.010417 0.004750
0 0.648698 0.700625 0.008854 0.004750
0 0.722917 0.717000 0.011458 0.003500
0 0.706771 0.739500 0.010417 0.006000
0 0.686458 0.763875 0.011458 0.003750
0 0.612500 0.760125 0.008333 0.004750
0 0.733073 0.772875 0.009896 0.004250
0 0.735156 0.778000 0.010937 0.005500
0 0.721354 0.766750 0.008333 0.002500
0 0.720573 0.764125 0.011979 0.002750
0 0.729688 0.763375 0.011458 0.002750
0 0.727604 0.761250 0.010417 0.002500
0 0.763802 0.786125 0.010937 0.005750
0 0.773958 0.790750 0.011458 0.004000
0 0.785417 0.776250 0.012500 0.002500
0 0.787500 0.778500 0.010417 0.002500
0 0.806510 0.792625 0.010937 0.004750
0 0.826823 0.786250 0.009896 0.005500
0 0.723698 0.825250 0.007812 0.005500
0 0.704948 0.817500 0.008854 0.004000
0 0.702083 0.818625 0.010417 0.005250
0 0.835417 0.828000 0.008333 0.005000
0 0.836198 0.841375 0.007812 0.005750
0 0.846354 0.848750 0.011458 0.003000
0 0.842448 0.851625 0.005729 0.003750
0 0.864844 0.849000 0.010937 0.004000
0 0.955469 0.888250 0.011979 0.005500
0 0.907813 0.881500 0.011458 0.003500
0 0.970052 0.851500 0.008854 0.005000
0 0.983073 0.848125 0.011979 0.003750
0 0.981250 0.834625 0.010417 0.006250
0 0.927604 0.805875 0.010417 0.004750
0 0.917708 0.807750 0.007292 0.006000
0 0.894010 0.807125 0.008854 0.005250
0 0.890885 0.803000 0.011979 0.003000
0 0.889323 0.805250 0.008854 0.002500
0 0.890625 0.776625 0.011458 0.005250
0 0.867188 0.729000 0.009375 0.005500
0 0.876042 0.727875 0.006250 0.005750
0 0.918490 0.733500 0.010937 0.006000
0 0.803906 0.733750 0.010937 0.005500
0 0.726302 0.676500 0.006771 0.005500
0 0.730469 0.676000 0.006771 0.004500
0 0.541927 0.581125 0.010937 0.003750
0 0.543490 0.578625 0.009896 0.003750
0 0.532813 0.578000 0.008333 0.004000
0 0.556250 0.705125 0.007292 0.003750
0 0.561198 0.696750 0.007812 0.005000
0 0.527865 0.697500 0.006771 0.004500
0 0.154688 0.438750 0.013542 0.003000
0 0.187500 0.459000 0.006250 0.005500
0 0.185938 0.462625 0.008333 0.005250
0 0.180469 0.468500 0.009896 0.004000
0 0.176823 0.459875 0.006771 0.006750
0 0.185938 0.493500 0.009375 0.005000
0 0.179688 0.516125 0.008333 0.005750
0 0.165885 0.556250 0.011979 0.005000
0 0.207812 0.554625 0.016667 0.006750
0 0.200781 0.591625 0.014063 0.004250
0 0.246354 0.595000 0.006250 0.006500
0 0.214583 0.579250 0.010417 0.002500
0 0.214583 0.576875 0.013542 0.002750
0 0.195573 0.585000 0.004687 0.005500
0 0.192448 0.584375 0.005729 0.005750
0 0.181510 0.610125 0.009896 0.005750
0 0.213802 0.608750 0.006771 0.004500
0 0.218750 0.605625 0.010417 0.004750
0 0.182292 0.616625 0.008333 0.004250
0 0.221354 0.635750 0.007292 0.006500
0 0.223958 0.631250 0.006250 0.005500
0 0.234115 0.634625 0.010937 0.005250
0 0.220052 0.659125 0.013021 0.003750
0 0.192969 0.673500 0.009896 0.006500
0 0.193229 0.682625 0.006250 0.004750
0 0.189844 0.686250 0.008854 0.002500
0 0.248958 0.670750 0.011458 0.003500
0 0.262500 0.667750 0.005208 0.005500
0 0.261198 0.673125 0.009896 0.004250
0 0.264844 0.672500 0.006771 0.003500
0 0.275781 0.673125 0.010937 0.003750
0 0.276302 0.676125 0.009896 0.002250
0 0.283073 0.677875 0.009896 0.002250
0 0.294271 0.678500 0.007292 0.006000
0 0.254167 0.685250 0.012500 0.003000
0 0.215365 0.697875 0.006771 0.005750
0 0.222135 0.695500 0.011979 0.002000
0 0.222135 0.697625 0.010937 0.002250
0 0.313802 0.697750 0.010937 0.006500
0 0.297656 0.699250 0.008854 0.006500
0 0.299479 0.693125 0.011458 0.004750
0 0.339844 0.694875 0.014063 0.003250
0 0.341146 0.691750 0.010417 0.004000
0 0.067969 0.465750 0.011979 0.003500
0 0.067708 0.481625 0.006250 0.004250
0 0.021354 0.474125 0.006250 0.006250
0 0.012760 0.468875 0.011979 0.003750
0 0.009896 0.471500 0.010417 0.005500
0 0.007031 0.473125 0.010937 0.004750
0 0.016927 0.486875 0.006771 0.005750
0 0.005990 0.481000 0.011979 0.005000
0 0.268229 0.575750 0.006250 0.006000
0 0.275521 0.577500 0.010417 0.005000
0 0.366927 0.578250 0.008854 0.007000
