0 0.068229 0.569500 0.030208 0.017500
0 0.128906 0.581875 0.029687 0.013250
0 0.135937 0.656750 0.017708 0.012000
0 0.284896 0.621125 0.016667 0.011750
0 0.288281 0.632750 0.025521 0.015000
0 0.285677 0.558125 0.011979 0.010250
0 0.269010 0.547750 0.022396 0.014500
0 0.263802 0.538625 0.013021 0.010750
0 0.273438 0.527500 0.017708 0.012500
0 0.240885 0.523000 0.016146 0.011500
0 0.240885 0.544125 0.023438 0.019250
0 0.244010 0.545125 0.022396 0.015750
0 0.240104 0.501875 0.017708 0.010750
0 0.235677 0.501250 0.018229 0.009500
0 0.170573 0.492125 0.017188 0.009750
0 0.120313 0.542625 0.020833 0.017750
0 0.120833 0.540250 0.036458 0.016500
0 0.194271 0.465625 0.025000 0.010250
0 0.307292 0.480125 0.020833 0.010750
0 0.305990 0.505250 0.023438 0.012000
0 0.335156 0.489500 0.024479 0.011500
0 0.350781 0.497500 0.021354 0.009000
0 0.361719 0.508625 0.025521 0.009750
0 0.375000 0.515875 0.016667 0.009750
0 0.409375 0.523250 0.017708 0.012000
0 0.406510 0.519625 0.023438 0.014750
0 0.392188 0.565125 0.017708 0.013750
0 0.389583 0.565000 0.022917 0.013500
0 0.416146 0.559375 0.028125 0.015750
0 0.430729 0.575375 0.017708 0.011250
0 0.475260 0.603750 0.030729 0.013500
0 0.480469 0.575625 0.020313 0.009750
0 0.565365 0.552000 0.016146 0.010500
0 0.623437 0.585750 0.016667 0.008500
0 0.897396 0.537875 0.019792 0.013750
0 0.850781 0.518000 0.021354 0.012500
0 0.817448 0.484500 0.023438 0.011500
0 0.813802 0.488625 0.032813 0.015250
0 0.759375 0.504000 0.028125 0.009500
0 0.758333 0.505250 0.033333 0.012000
0 0.767708 0.516000 0.035417 0.013000
0 0.740885 0.490750 0.031771 0.013500
0 0.722135 0.477000 0.022396 0.011500
0 0.700781 0.492750 0.027604 0.012000
0 0.713802 0.506000 0.029687 0.009000
0 0.623958 0.500250 0.022917 0.011500
0 0.623437 0.497125 0.023958 0.014250
0 0.665885 0.483250 0.023438 0.010000
0 0.645052 0.472250 0.022396 0.015500
0 0.645052 0.477375 0.031771 0.014250
0 0.593750 0.464875 0.026042 0.009750
0 0.579688 0.476500 0.035417 0.012500
0 0.563021 0.478875 0.028125 0.014750
0 0.565885 0.480125 0.034896 0.011750
0 0.515365 0.477250 0.030729 0.016500
0 0.512760 0.475250 0.020313 0.013500
0 0.493750 0.465375 0.022917 0.009750
0 0.491406 0.458250 0.027604 0.012500
0 0.491927 0.459375 0.028646 0.010250
0 0.528385 0.454875 0.023438 0.009250
0 0.556250 0.456500 0.027083 0.011500
0 0.454427 0.452125 0.031771 0.013750
0 0.450521 0.451500 0.023958 0.013500
0 0.399740 0.435750 0.040104 0.013000
0 0.457031 0.392750 0.022396 0.013000
0 0.469271 0.391875 0.018750 0.006750
0 0.500260 0.378375 0.016146 0.010750
0 0.517448 0.395000 0.015104 0.012000
0 0.538021 0.386625 0.011458 0.009250
0 0.563281 0.399250 0.013021 0.011500
0 0.573438 0.393500 0.014583 0.012500
0 0.596615 0.368250 0.018229 0.011000
0 0.614062 0.374500 0.016667 0.014000
0 0.644010 0.384375 0.022396 0.015750
0 0.645833 0.382750 0.026042 0.016000
0 0.712760 0.395500 0.015104 0.013000
0 0.727604 0.381500 0.018750 0.011500
0 0.698958 0.371125 0.014583 0.009750
0 0.686458 0.370000 0.017708 0.008500
0 0.781510 0.371375 0.022396 0.012750
0 0.816667 0.366125 0.017708 0.010250
0 0.297396 0.372500 0.025000 0.011500
0 0.321875 0.382000 0.025000 0.012500
0 0.303125 0.349625 0.015625 0.014750
0 0.313542 0.330750 0.015625 0.017500
0 0.311198 0.331500 0.022396 0.020500
0 0.332813 0.323750 0.019792 0.012500
0 0.426563 0.326875 0.016667 0.010750
0 0.446875 0.319250 0.023958 0.013000
0 0.471875 0.311125 0.028125 0.011250
0 0.487240 0.309000 0.028646 0.008500
0 0.507812 0.315375 0.025000 0.011750
0 0.485417 0.322250 0.021875 0.014000
0 0.468750 0.337250 0.022917 0.008000
0 0.461198 0.268000 0.025521 0.011500
0 0.556771 0.304875 0.018750 0.011250
0 0.547135 0.305750 0.029687 0.014000
0 0.583333 0.293750 0.026042 0.011000
0 0.588281 0.269375 0.029687 0.015250
0 0.659375 0.274875 0.029167 0.010250
0 0.871354 0.258875 0.015625 0.012250
