0 0.386500 0.171615 0.007000 0.015104
0 0.461875 0.082812 0.004750 0.009375
0 0.366625 0.287500 0.007750 0.015625
0 0.421250 0.259635 0.004000 0.016146
0 0.423375 0.273958 0.005250 0.010417
0 0.437250 0.276302 0.005000 0.011979
0 0.413125 0.333854 0.006250 0.013542
0 0.396875 0.433333 0.008250 0.012500
0 0.407500 0.425260 0.008000 0.016146
0 0.408625 0.390625 0.006750 0.015625
0 0.416250 0.378125 0.005000 0.011458
0 0.419875 0.409635 0.006750 0.017188
0 0.424125 0.402083 0.005750 0.013542
0 0.463750 0.414844 0.005500 0.015104
0 0.439375 0.348698 0.006250 0.019271
0 0.443625 0.347656 0.005250 0.015104
0 0.450125 0.356250 0.008250 0.013542
0 0.452000 0.375260 0.005500 0.017188
0 0.456500 0.377865 0.006000 0.015104
0 0.471125 0.360156 0.008250 0.014063
0 0.461875 0.357031 0.007750 0.016146
0 0.461625 0.348438 0.008250 0.014583
0 0.459875 0.330469 0.008250 0.019271
0 0.459125 0.329427 0.008750 0.014063
0 0.465125 0.317708 0.007750 0.012500
0 0.487000 0.317188 0.007500 0.016667
0 0.503500 0.291667 0.007000 0.014583
0 0.506875 0.296354 0.006250 0.014583
0 0.487500 0.364323 0.008000 0.016146
0 0.487500 0.362760 0.005500 0.014063
0 0.494500 0.352865 0.006500 0.017188
0 0.500500 0.367448 0.004500 0.015104
0 0.505250 0.366667 0.004500 0.017708
0 0.496750 0.422396 0.006500 0.013542
0 0.494000 0.438021 0.005500 0.014583
0 0.453500 0.503906 0.008000 0.016146
0 0.363875 0.573177 0.005750 0.014063
0 0.400125 0.597656 0.007750 0.016146
0 0.410625 0.583073 0.011750 0.017188
0 0.433750 0.608073 0.006000 0.018229
0 0.436875 0.597917 0.004750 0.017708
0 0.468500 0.618490 0.006000 0.016146
0 0.467750 0.636979 0.008000 0.015625
0 0.465875 0.652083 0.008750 0.013542
0 0.465000 0.695052 0.006500 0.017188
0 0.376500 0.679167 0.006000 0.018750
0 0.433375 0.729167 0.010750 0.020833
0 0.442375 0.742188 0.006750 0.019792
0 0.451750 0.752344 0.006000 0.018229
0 0.451875 0.736979 0.006250 0.015625
0 0.469875 0.769531 0.006750 0.018229
0 0.476625 0.778906 0.006250 0.016146
0 0.399125 0.742448 0.008250 0.016146
0 0.491000 0.795312 0.006000 0.011458
0 0.495000 0.806250 0.006500 0.013542
0 0.500125 0.849219 0.006750 0.018229
0 0.504000 0.843229 0.005000 0.017708
0 0.507375 0.853385 0.005750 0.017188
0 0.508000 0.838281 0.010000 0.016146
0 0.502125 0.877344 0.006750 0.021354
0 0.416500 0.840625 0.009500 0.016667
0 0.422375 0.863802 0.007250 0.017188
0 0.433875 0.856771 0.008250 0.019792
0 0.431875 0.861198 0.005750 0.017188
0 0.436625 0.924479 0.009750 0.017708
0 0.513750 0.946615 0.006500 0.019271
0 0.517875 0.933073 0.006750 0.013021
0 0.513500 0.888802 0.004500 0.020313
0 0.524250 0.864062 0.006500 0.014583
0 0.531250 0.854948 0.006500 0.016146
0 0.510750 0.779687 0.008500 0.014583
0 0.530625 0.817448 0.007750 0.009896
0 0.544125 0.782292 0.009250 0.014583
0 0.482625 0.669792 0.007750 0.015625
0 0.492625 0.683854 0.006750 0.013542
0 0.500125 0.686198 0.006250 0.013021
0 0.499875 0.667448 0.006750 0.016146
0 0.527875 0.650521 0.005750 0.014583
0 0.510000 0.681771 0.008000 0.018750
0 0.512375 0.672917 0.007750 0.013542
0 0.521250 0.672656 0.009500 0.016146
0 0.523250 0.685417 0.007500 0.017708
0 0.525125 0.686198 0.006750 0.010937
0 0.516625 0.686719 0.005250 0.017188
0 0.540500 0.700781 0.009000 0.014063
0 0.546375 0.715625 0.005750 0.012500
0 0.553000 0.728125 0.006500 0.015625
0 0.564000 0.755469 0.005500 0.015104
0 0.576250 0.763542 0.011000 0.010417
0 0.576750 0.758854 0.008500 0.014583
0 0.591625 0.776302 0.008250 0.016146
0 0.622875 0.829427 0.006250 0.014063
0 0.638125 0.795573 0.009250 0.017188
0 0.636375 0.792708 0.010250 0.016667
0 0.590000 0.751563 0.009500 0.013542
0 0.574125 0.732812 0.005750 0.014583
0 0.585500 0.738021 0.011000 0.018750
0 0.583500 0.737500 0.009500 0.017708
0 0.561500 0.732031 0.007500 0.018229
0 0.567875 0.736719 0.007750 0.013021
0 0.567250 0.730729 0.006500 0.013542
0 0.565000 0.724219 0.006500 0.011979
0 0.558000 0.447656 0.009000 0.011979
0 0.560250 0.479948 0.008000 0.014063
0 0.569250 0.481771 0.008500 0.017708
0 0.573750 0.488802 0.005000 0.013021
0 0.586625 0.496354 0.007250 0.015625
0 0.550500 0.488802 0.008000 0.018229
0 0.548875 0.495573 0.008250 0.014063
0 0.543000 0.496615 0.007500 0.011979
0 0.539000 0.515625 0.008500 0.010417
0 0.546250 0.507812 0.007500 0.011458
0 0.562625 0.524479 0.007250 0.014583
0 0.576125 0.517188 0.008250 0.018750
0 0.574625 0.517708 0.008250 0.014583
0 0.606250 0.539323 0.008500 0.016146
0 0.633750 0.521875 0.010000 0.014583
0 0.624000 0.530208 0.010000 0.012500
0 0.625625 0.546354 0.011250 0.015625
0 0.605375 0.509375 0.009250 0.012500
0 0.607500 0.520573 0.007000 0.015104
0 0.613500 0.530208 0.009000 0.020833
0 0.612500 0.532552 0.008000 0.011979
0 0.564375 0.342187 0.005250 0.018750
0 0.575000 0.311719 0.007500 0.016146
0 0.517875 0.366146 0.004750 0.016667
0 0.521500 0.333333 0.006000 0.013542
0 0.563250 0.286719 0.013500 0.009896
0 0.563125 0.299740 0.009250 0.017188
0 0.561375 0.298438 0.007250 0.017708
0 0.562625 0.298958 0.007750 0.016667
0 0.521750 0.282552 0.008000 0.009896
0 0.528000 0.291927 0.006000 0.013021
0 0.532375 0.286458 0.008250 0.012500
0 0.529875 0.256510 0.008250 0.014063
0 0.548625 0.886719 0.006250 0.014063
0 0.552125 0.876302 0.007750 0.014063
0 0.554125 0.891146 0.004750 0.017708
0 0.623250 0.983854 0.006500 0.013542
