0 0.326823 0.722875 0.008854 0.006250
0 0.449219 0.704750 0.007812 0.006500
0 0.337500 0.614750 0.012500 0.005000
0 0.336458 0.608625 0.013542 0.006250
0 0.145833 0.548625 0.007292 0.005750
0 0.222396 0.537000 0.010417 0.006000
0 0.125781 0.512625 0.010937 0.006250
0 0.099740 0.441125 0.015104 0.004250
0 0.317969 0.415000 0.010937 0.006500
0 0.333854 0.415625 0.011458 0.007250
0 0.312760 0.247125 0.014063 0.003750
0 0.314323 0.251000 0.011979 0.005000
0 0.368229 0.283875 0.011458 0.007750
0 0.280990 0.322875 0.008854 0.006750
0 0.287240 0.366125 0.007812 0.006250
0 0.456771 0.573875 0.012500 0.006250
0 0.479687 0.599625 0.010417 0.007250
0 0.485156 0.619375 0.006771 0.005250
0 0.488802 0.620750 0.008854 0.007000
0 0.625260 0.621250 0.014063 0.005500
0 0.624219 0.608500 0.008854 0.007500
0 0.635417 0.598875 0.008333 0.008250
0 0.642969 0.598375 0.008854 0.006750
0 0.669271 0.590250 0.008333 0.007500
0 0.642448 0.590875 0.015104 0.003250
0 0.641667 0.588250 0.013542 0.003500
0 0.720313 0.548625 0.013542 0.004750
0 0.721094 0.537250 0.011979 0.008000
0 0.649219 0.518500 0.016146 0.005000
0 0.718229 0.504250 0.012500 0.003500
0 0.720052 0.501250 0.016146 0.003000
0 0.770312 0.497125 0.012500 0.005250
0 0.768750 0.452000 0.012500 0.007500
0 0.804167 0.433375 0.005208 0.004250
0 0.809115 0.432000 0.007812 0.006500
0 0.787760 0.392500 0.016146 0.006000
0 0.729948 0.360500 0.014063 0.006000
0 0.750000 0.359750 0.010417 0.006500
0 0.854167 0.377250 0.005208 0.007000
0 0.859375 0.377375 0.004167 0.007250
0 0.893490 0.438875 0.008854 0.005750
0 0.906771 0.581000 0.010417 0.004000
0 0.902604 0.572250 0.008333 0.004000
0 0.945052 0.613000 0.007812 0.006000
0 0.974479 0.642625 0.014583 0.005250
0 0.968229 0.645625 0.011458 0.004750
0 0.954948 0.663250 0.006771 0.007000
0 0.864323 0.657625 0.011979 0.003750
0 0.790365 0.687750 0.006771 0.008000
0 0.706510 0.678500 0.010937 0.006500
0 0.727344 0.279500 0.014063 0.005500
0 0.803906 0.880375 0.010937 0.004250
