0 0.003906 0.684500 0.007812 0.005000
0 0.072917 0.689500 0.010417 0.005000
0 0.126302 0.676750 0.008854 0.008500
0 0.142187 0.673500 0.010417 0.007500
0 0.264062 0.585750 0.008333 0.006500
0 0.257031 0.575125 0.010937 0.004750
0 0.097917 0.505375 0.010417 0.005750
0 0.021094 0.463625 0.007812 0.006250
0 0.024740 0.462625 0.008854 0.004750
0 0.147656 0.304500 0.008854 0.007500
0 0.326042 0.315250 0.011458 0.006000
0 0.239062 0.376875 0.006250 0.006250
0 0.246094 0.373125 0.009896 0.006750
0 0.639583 0.297625 0.006250 0.007750
0 0.648438 0.294375 0.008333 0.006250
0 0.552344 0.247750 0.009896 0.006000
0 0.682552 0.187000 0.010937 0.007500
0 0.734896 0.194750 0.010417 0.006500
0 0.760938 0.166875 0.013542 0.005750
0 0.588542 0.596125 0.007292 0.005250
0 0.615365 0.567500 0.010937 0.004500
0 0.651563 0.539250 0.011458 0.005500
0 0.752083 0.511500 0.011458 0.005500
0 0.749740 0.494750 0.011979 0.006000
