0 0.498437 0.723125 0.006250 0.005750
0 0.494271 0.723000 0.008333 0.006500
0 0.571354 0.715000 0.013542 0.006500
0 0.575521 0.706875 0.017708 0.005250
0 0.576042 0.700250 0.017708 0.007000
0 0.559375 0.689375 0.015625 0.005750
0 0.629948 0.689125 0.011979 0.006750
0 0.607552 0.687500 0.010937 0.006000
0 0.606250 0.684875 0.009375 0.006250
0 0.595052 0.686750 0.008854 0.006000
0 0.591406 0.683875 0.007812 0.005750
0 0.583073 0.688000 0.011979 0.006000
0 0.581771 0.684750 0.008333 0.006000
0 0.578385 0.679125 0.011979 0.007250
0 0.607031 0.672375 0.011979 0.006750
0 0.621354 0.663500 0.014583 0.005000
0 0.608594 0.661625 0.011979 0.005750
0 0.610677 0.658000 0.015104 0.004500
0 0.624219 0.657875 0.015104 0.005250
0 0.677083 0.661250 0.010417 0.007000
0 0.664583 0.657625 0.011458 0.004750
0 0.664844 0.653125 0.009896 0.006250
0 0.639844 0.650750 0.015104 0.004500
0 0.629167 0.647750 0.007292 0.007500
0 0.663281 0.631250 0.011979 0.006000
0 0.676302 0.629375 0.014063 0.006750
0 0.652865 0.629125 0.014063 0.005250
0 0.671615 0.618250 0.010937 0.007000
0 0.677083 0.612500 0.016667 0.005000
0 0.650000 0.565375 0.015625 0.005750
0 0.612760 0.575500 0.013021 0.006500
0 0.606771 0.588000 0.014583 0.005000
0 0.584115 0.582125 0.014063 0.005750
0 0.529948 0.576500 0.016146 0.005500
0 0.575781 0.593000 0.014063 0.004500
0 0.566146 0.600000 0.014583 0.004500
0 0.538542 0.601625 0.013542 0.007250
0 0.555208 0.587375 0.010417 0.003750
0 0.554167 0.585875 0.012500 0.003250
0 0.502344 0.577375 0.015104 0.005750
0 0.451562 0.575750 0.009375 0.007000
0 0.482552 0.590000 0.013021 0.005500
0 0.489844 0.594625 0.015104 0.006250
0 0.403646 0.585875 0.011458 0.006750
0 0.440885 0.593375 0.017188 0.004250
0 0.450521 0.601625 0.014583 0.002750
0 0.450260 0.604000 0.016146 0.003000
0 0.371615 0.600625 0.015104 0.004250
0 0.370833 0.603375 0.013542 0.002750
0 0.367448 0.605125 0.013021 0.004250
0 0.245312 0.654875 0.017708 0.005750
0 0.280990 0.653000 0.015104 0.007000
0 0.393229 0.628750 0.013542 0.006000
0 0.404427 0.629375 0.013021 0.005750
0 0.417708 0.631875 0.013542 0.004750
0 0.428646 0.626875 0.007292 0.007250
0 0.445312 0.624750 0.014583 0.005000
0 0.438021 0.630625 0.012500 0.004250
0 0.447917 0.629375 0.009375 0.005750
0 0.475521 0.628500 0.013542 0.006000
0 0.479167 0.617625 0.010417 0.006250
0 0.584635 0.508000 0.011979 0.004500
0 0.538021 0.524375 0.014583 0.004250
0 0.536458 0.521375 0.009375 0.004750
0 0.475521 0.514500 0.015625 0.004500
0 0.495312 0.510500 0.008333 0.006500
0 0.501563 0.507625 0.014583 0.005750
0 0.496615 0.479375 0.011979 0.004250
0 0.491927 0.487875 0.014063 0.006250
0 0.470833 0.486875 0.014583 0.005750
0 0.429948 0.474875 0.010937 0.006250
0 0.401562 0.473125 0.014583 0.006250
0 0.389844 0.453000 0.011979 0.005500
0 0.376302 0.464375 0.015104 0.006250
0 0.308594 0.503500 0.009896 0.007500
0 0.326562 0.498500 0.013542 0.007000
0 0.423437 0.489250 0.011458 0.003000
0 0.423698 0.487250 0.014063 0.003000
0 0.355208 0.444125 0.014583 0.005750
0 0.342448 0.442875 0.013021 0.003750
0 0.316927 0.442250 0.008854 0.005500
0 0.314063 0.451875 0.014583 0.006750
0 0.280208 0.445250 0.015625 0.003000
0 0.279167 0.443125 0.012500 0.002250
0 0.199740 0.455000 0.016146 0.007000
0 0.357292 0.458375 0.015625 0.007250
0 0.346354 0.463000 0.007292 0.003000
0 0.343229 0.462000 0.010417 0.003500
0 0.675521 0.492750 0.013542 0.006000
0 0.613542 0.456375 0.011458 0.003750
0 0.620313 0.453125 0.007292 0.005750
0 0.607292 0.453875 0.010417 0.005750
0 0.592187 0.451000 0.011458 0.006000
0 0.582552 0.447000 0.011979 0.005000
0 0.540104 0.445375 0.010417 0.006750
0 0.488281 0.441500 0.013021 0.006500
0 0.571875 0.433125 0.014583 0.004750
0 0.569010 0.427000 0.016146 0.004500
0 0.555469 0.429500 0.010937 0.005000
0 0.540885 0.428250 0.014063 0.005500
0 0.546354 0.423625 0.009375 0.004750
0 0.541406 0.421125 0.008854 0.004750
0 0.528385 0.422000 0.013021 0.004500
0 0.503646 0.401625 0.010417 0.007250
0 0.489063 0.399750 0.014583 0.004500
0 0.468229 0.387375 0.011458 0.005750
0 0.622396 0.406500 0.008333 0.006000
0 0.657813 0.405625 0.008333 0.004250
0 0.821354 0.420500 0.008333 0.005500
0 0.769792 0.434875 0.014583 0.005250
0 0.752604 0.451375 0.010417 0.004250
0 0.754427 0.450000 0.009896 0.004500
0 0.731510 0.462250 0.007812 0.005500
0 0.730729 0.466250 0.006250 0.003000
0 0.732292 0.471375 0.009375 0.006750
0 0.736979 0.465000 0.007292 0.006500
0 0.194010 0.786500 0.018229 0.006500
0 0.178646 0.802000 0.012500 0.005500
0 0.135937 0.298625 0.012500 0.006750
