0 0.078906 0.638000 0.008854 0.004000
0 0.080990 0.636625 0.007812 0.003250
0 0.113802 0.628125 0.007812 0.003750
0 0.116667 0.627375 0.007292 0.003750
0 0.171354 0.637875 0.007292 0.004250
0 0.164062 0.635250 0.007292 0.004000
0 0.180208 0.637875 0.006250 0.003250
0 0.182552 0.636625 0.007812 0.004250
0 0.232292 0.647750 0.011458 0.004000
0 0.379167 0.635250 0.010417 0.003000
0 0.280990 0.626250 0.007812 0.005000
0 0.262240 0.621125 0.011979 0.002750
0 0.287760 0.629250 0.009896 0.001500
0 0.287760 0.630625 0.009896 0.001750
0 0.157812 0.630500 0.011458 0.002000
0 0.157292 0.628625 0.009375 0.001750
0 0.326562 0.587875 0.006250 0.004250
0 0.238281 0.560250 0.010937 0.005500
0 0.258854 0.558875 0.008333 0.006750
0 0.151042 0.523500 0.010417 0.003000
0 0.145313 0.522500 0.004167 0.004000
0 0.016667 0.452375 0.008333 0.005250
0 0.010417 0.453000 0.005208 0.005500
0 0.150781 0.458250 0.005729 0.003500
0 0.152865 0.457250 0.007812 0.004500
0 0.139323 0.489875 0.010937 0.003750
0 0.172656 0.487750 0.009896 0.005000
0 0.233594 0.514250 0.008854 0.005000
0 0.247396 0.504500 0.009375 0.005000
0 0.178385 0.501625 0.010937 0.005250
0 0.370833 0.582375 0.008333 0.004750
0 0.395573 0.602250 0.010937 0.004500
0 0.388802 0.595625 0.009896 0.005250
0 0.449219 0.578000 0.004687 0.005000
0 0.451302 0.574250 0.007812 0.003000
0 0.443750 0.576875 0.007292 0.004250
0 0.416927 0.552000 0.006771 0.004500
0 0.421615 0.551500 0.004687 0.005000
0 0.424479 0.551125 0.005208 0.003750
0 0.389323 0.495750 0.008854 0.005000
0 0.376563 0.503875 0.007292 0.004750
0 0.372396 0.503625 0.006250 0.004250
0 0.370833 0.509500 0.009375 0.004500
0 0.378125 0.452500 0.007292 0.005500
0 0.362240 0.463750 0.009896 0.004500
0 0.350781 0.387875 0.009896 0.005750
0 0.345833 0.365750 0.006250 0.005000
0 0.207812 0.371250 0.007292 0.005500
0 0.149740 0.388750 0.004687 0.005500
0 0.552083 0.522875 0.010417 0.005750
0 0.561719 0.497875 0.006771 0.005250
0 0.553385 0.502000 0.007812 0.003500
0 0.572396 0.471125 0.008333 0.005250
0 0.561198 0.473500 0.005729 0.004000
0 0.583073 0.426625 0.004687 0.005250
0 0.587760 0.427000 0.004687 0.004500
0 0.648958 0.363250 0.008333 0.005500
0 0.737760 0.299500 0.007812 0.005000
0 0.703646 0.285875 0.008333 0.005750
0 0.698438 0.281375 0.005208 0.005750
0 0.734375 0.277125 0.004167 0.005250
0 0.738542 0.276750 0.004167 0.005000
0 0.709635 0.310750 0.004687 0.004500
0 0.706250 0.310750 0.005208 0.005500
0 0.688802 0.319500 0.003646 0.005500
0 0.692708 0.319625 0.004167 0.004250
0 0.655990 0.286250 0.007812 0.005000
0 0.653646 0.285375 0.007292 0.004250
0 0.486979 0.451250 0.009375 0.003500
0 0.536719 0.510125 0.006771 0.004250
0 0.534635 0.509500 0.005729 0.003500
0 0.581510 0.598125 0.006771 0.004250
0 0.609375 0.568500 0.007292 0.003000
0 0.607552 0.567125 0.008854 0.003750
0 0.657813 0.542875 0.008333 0.004750
0 0.677865 0.526375 0.007812 0.005250
0 0.693750 0.525125 0.010417 0.003250
0 0.764323 0.472000 0.008854 0.006000
0 0.767188 0.490375 0.007292 0.004750
0 0.826302 0.453375 0.005729 0.002750
0 0.823177 0.452750 0.007812 0.004500
0 0.880990 0.433500 0.006771 0.005000
0 0.857292 0.431250 0.009375 0.005000
0 0.860677 0.416000 0.010937 0.005000
0 0.866927 0.401000 0.009896 0.006000
0 0.887760 0.398875 0.006771 0.005250
0 0.884635 0.396500 0.009896 0.004000
0 0.883854 0.395250 0.008333 0.003000
0 0.938542 0.370625 0.009375 0.004750
0 0.929948 0.424875 0.008854 0.004250
0 0.848177 0.455250 0.009896 0.004500
0 0.850781 0.450750 0.006771 0.003500
0 0.848177 0.450250 0.009896 0.004000
0 0.823958 0.466500 0.007292 0.004000
0 0.573177 0.628625 0.007812 0.004250
0 0.627604 0.610500 0.011458 0.003000
0 0.682552 0.581875 0.011979 0.003750
0 0.725781 0.587375 0.007812 0.003250
0 0.731510 0.588250 0.006771 0.004500
0 0.765104 0.584875 0.010417 0.002750
0 0.755469 0.586000 0.009896 0.003500
0 0.733333 0.563000 0.007292 0.004000
0 0.733854 0.559000 0.010417 0.003500
0 0.762240 0.571875 0.008854 0.004750
0 0.800781 0.578875 0.007812 0.004750
0 0.770052 0.580250 0.008854 0.002000
0 0.770052 0.578625 0.009896 0.001750
0 0.790365 0.560625 0.011979 0.003250
0 0.818490 0.554125 0.007812 0.004750
0 0.811198 0.559000 0.009896 0.003000
0 0.816927 0.561500 0.007812 0.003000
0 0.816146 0.560000 0.009375 0.003000
0 0.879167 0.564375 0.009375 0.002750
0 0.870833 0.565875 0.008333 0.003750
0 0.869010 0.564625 0.007812 0.003250
0 0.894531 0.541125 0.010937 0.003250
0 0.879427 0.544250 0.007812 0.003000
0 0.877865 0.543000 0.008854 0.003500
0 0.855729 0.528125 0.006250 0.003750
0 0.853385 0.527875 0.005729 0.004250
0 0.916146 0.530750 0.007292 0.004000
0 0.913802 0.530000 0.008854 0.004500
0 0.934635 0.540750 0.006771 0.003500
0 0.933333 0.539750 0.008333 0.003500
0 0.977344 0.520750 0.007812 0.004000
0 0.980990 0.518125 0.008854 0.002750
0 0.979427 0.517125 0.009896 0.003750
0 0.976302 0.558625 0.008854 0.004750
0 0.973437 0.555125 0.010417 0.004250
0 0.867448 0.585750 0.003646 0.002500
0 0.864062 0.585750 0.006250 0.004000
0 0.831250 0.577875 0.008333 0.003750
0 0.808854 0.581750 0.006250 0.003500
0 0.798958 0.583625 0.009375 0.003750
0 0.664062 0.609500 0.007292 0.003500
0 0.577344 0.651375 0.008854 0.003750
0 0.768750 0.639250 0.007292 0.004000
0 0.743750 0.645875 0.008333 0.003250
0 0.828646 0.648500 0.010417 0.002500
0 0.827344 0.649750 0.008854 0.002500
