0 0.381250 0.624125 0.008333 0.004750
0 0.335677 0.613500 0.007812 0.004000
0 0.326562 0.613750 0.011458 0.003500
0 0.436198 0.631625 0.005729 0.006250
0 0.432031 0.548750 0.010937 0.003500
0 0.403125 0.555500 0.011458 0.003500
0 0.399740 0.553250 0.008854 0.003000
0 0.423177 0.522250 0.005729 0.005000
0 0.414583 0.523625 0.009375 0.005750
0 0.428125 0.501500 0.005208 0.005500
0 0.432292 0.501375 0.006250 0.005250
0 0.381510 0.458000 0.013021 0.004000
0 0.322917 0.361000 0.012500 0.003500
0 0.330990 0.413375 0.006771 0.004250
0 0.334115 0.412125 0.007812 0.006250
0 0.344010 0.378250 0.009896 0.003000
0 0.342708 0.380500 0.011458 0.002000
0 0.342969 0.382375 0.011979 0.002250
0 0.348438 0.356500 0.008333 0.004000
0 0.306771 0.373125 0.004167 0.005750
0 0.311719 0.373000 0.005729 0.006500
0 0.314583 0.336125 0.007292 0.006750
0 0.339062 0.333375 0.010417 0.003750
0 0.902344 0.335250 0.013021 0.003000
0 0.901562 0.338000 0.013542 0.003500
0 0.817448 0.367375 0.007812 0.007250
0 0.836979 0.425625 0.013542 0.006250
0 0.772917 0.454500 0.013542 0.005500
0 0.808594 0.454125 0.014063 0.004750
0 0.714844 0.514875 0.013021 0.003250
0 0.694271 0.510625 0.010417 0.005750
0 0.691927 0.528125 0.008854 0.004750
0 0.659375 0.537750 0.007292 0.006000
0 0.620833 0.563250 0.006250 0.006000
0 0.557292 0.617375 0.006250 0.006250
0 0.551302 0.619500 0.006771 0.006000
