0 0.314625 0.935937 0.005250 0.012500
0 0.333625 0.909115 0.004750 0.014063
0 0.392750 0.878125 0.006000 0.008333
0 0.402500 0.877604 0.003500 0.011458
0 0.394750 0.837500 0.004500 0.012500
0 0.403750 0.714844 0.007000 0.007812
0 0.399500 0.693490 0.003500 0.013021
0 0.388000 0.683073 0.005500 0.009896
0 0.375625 0.669010 0.004250 0.010937
0 0.373000 0.657552 0.004000 0.013021
0 0.362500 0.667969 0.005000 0.006771
0 0.362125 0.659896 0.003250 0.012500
0 0.363625 0.655208 0.002750 0.009375
0 0.351375 0.650521 0.006250 0.010417
0 0.333375 0.614062 0.005250 0.009375
0 0.333750 0.605729 0.004500 0.008333
0 0.329375 0.597656 0.005750 0.006771
0 0.323500 0.593750 0.004000 0.012500
0 0.326250 0.608594 0.003500 0.007812
0 0.327000 0.606510 0.004500 0.008854
0 0.308750 0.557031 0.005000 0.006771
0 0.304875 0.550521 0.005750 0.007292
0 0.317750 0.408594 0.007000 0.008854
0 0.333125 0.394792 0.003750 0.011458
0 0.334750 0.394010 0.003000 0.009896
0 0.353750 0.445833 0.005000 0.006250
0 0.353125 0.440104 0.005250 0.007292
0 0.337250 0.514583 0.006500 0.010417
0 0.360625 0.472396 0.003250 0.011458
0 0.358625 0.471354 0.002750 0.010417
0 0.358125 0.495052 0.005250 0.008854
0 0.363000 0.504167 0.005500 0.011458
0 0.364500 0.515104 0.005000 0.011458
0 0.373500 0.518490 0.004500 0.011979
0 0.378625 0.531510 0.004250 0.013021
0 0.380000 0.546875 0.003500 0.012500
0 0.385625 0.548958 0.005250 0.010417
0 0.373250 0.551302 0.005500 0.010937
0 0.358500 0.514844 0.004500 0.005729
0 0.358250 0.511458 0.006500 0.006250
0 0.379000 0.492188 0.005000 0.012500
0 0.392750 0.557813 0.002500 0.010417
0 0.391125 0.557031 0.003250 0.011979
0 0.366750 0.572917 0.003500 0.012500
0 0.370875 0.572396 0.003750 0.013542
0 0.374875 0.569792 0.004750 0.011458
0 0.380375 0.574479 0.003750 0.007292
0 0.381250 0.572135 0.004500 0.008854
0 0.381625 0.567448 0.005750 0.007812
0 0.375625 0.584896 0.005750 0.008333
0 0.379125 0.593750 0.005250 0.007292
0 0.378875 0.590365 0.004250 0.005729
0 0.399875 0.588802 0.006250 0.008854
0 0.375625 0.609115 0.004750 0.014063
0 0.423750 0.648438 0.003000 0.009375
0 0.425375 0.646354 0.003750 0.011458
0 0.427375 0.645312 0.003750 0.010417
0 0.434125 0.663281 0.001750 0.009896
0 0.436125 0.661979 0.002250 0.012500
0 0.459625 0.631510 0.002750 0.009896
0 0.448750 0.612240 0.002500 0.014063
0 0.446750 0.612240 0.002000 0.010937
0 0.439375 0.608854 0.003250 0.009375
0 0.438250 0.606771 0.002500 0.008333
0 0.441125 0.588542 0.004250 0.009375
0 0.437750 0.584375 0.003500 0.012500
0 0.438750 0.570052 0.003500 0.010937
0 0.429875 0.568750 0.001750 0.009375
0 0.431750 0.568750 0.002000 0.011458
0 0.434625 0.568750 0.003750 0.007292
0 0.436625 0.554948 0.003250 0.010937
0 0.432125 0.539844 0.003750 0.008854
0 0.431125 0.537240 0.003250 0.006771
0 0.378375 0.419792 0.005250 0.008333
0 0.387500 0.416927 0.004000 0.007812
0 0.386125 0.406250 0.004250 0.005208
0 0.388500 0.400260 0.003000 0.009896
0 0.385000 0.400781 0.002500 0.008854
0 0.397375 0.354687 0.004750 0.006250
0 0.398375 0.339062 0.002250 0.011458
0 0.396125 0.338802 0.002750 0.009896
0 0.367250 0.348177 0.004500 0.009896
0 0.393750 0.307292 0.005000 0.011458
0 0.375750 0.289844 0.005500 0.010937
0 0.351250 0.210417 0.004500 0.010417
0 0.424875 0.416406 0.002750 0.009896
0 0.423125 0.417969 0.002250 0.006771
0 0.422625 0.414062 0.002750 0.006250
0 0.474250 0.641406 0.003000 0.011979
0 0.478000 0.636979 0.005500 0.007292
0 0.474000 0.615365 0.005500 0.005729
0 0.474625 0.607552 0.003750 0.011979
0 0.480500 0.602083 0.002500 0.009375
0 0.482375 0.601562 0.002250 0.010417
0 0.470625 0.572396 0.005250 0.008333
0 0.451250 0.563281 0.005000 0.010937
0 0.468500 0.556771 0.003000 0.010417
0 0.470375 0.556250 0.003250 0.009375
0 0.471125 0.554167 0.002750 0.008333
0 0.476250 0.521875 0.003000 0.009375
0 0.477375 0.510156 0.001750 0.009896
0 0.476125 0.510156 0.001250 0.008854
0 0.474875 0.509635 0.002250 0.010937
0 0.459375 0.483594 0.003750 0.008854
0 0.479375 0.480990 0.003750 0.007812
0 0.478875 0.483333 0.002750 0.007292
0 0.459125 0.447917 0.002750 0.009375
0 0.462500 0.443490 0.004500 0.005729
0 0.463375 0.450521 0.002750 0.007292
0 0.465250 0.448958 0.002500 0.007292
0 0.468375 0.438021 0.002250 0.010417
0 0.469750 0.438281 0.002000 0.007812
0 0.466375 0.455469 0.001750 0.006771
0 0.468000 0.454167 0.002000 0.007292
0 0.462875 0.405990 0.003250 0.006771
0 0.460000 0.401823 0.002500 0.008854
0 0.461000 0.396615 0.002000 0.007812
0 0.462625 0.396094 0.001750 0.009896
0 0.469750 0.401042 0.002000 0.009375
0 0.468125 0.400000 0.003250 0.008333
0 0.467500 0.370312 0.004500 0.007292
0 0.488125 0.454948 0.001750 0.008854
0 0.497000 0.464583 0.003000 0.007292
0 0.492625 0.475000 0.002750 0.009375
0 0.489125 0.463281 0.001750 0.009896
0 0.490500 0.462760 0.001500 0.009896
0 0.487625 0.536198 0.003250 0.008854
0 0.488750 0.616146 0.002000 0.011458
0 0.511750 0.604688 0.004500 0.012500
0 0.526125 0.604688 0.005750 0.007292
0 0.523875 0.595313 0.003250 0.012500
0 0.526500 0.557292 0.005000 0.009375
0 0.528875 0.531510 0.002750 0.011979
0 0.503500 0.520052 0.004500 0.005729
0 0.532000 0.507031 0.004000 0.009896
0 0.536375 0.510677 0.003750 0.008854
0 0.538000 0.513542 0.003500 0.010417
0 0.543250 0.490365 0.004500 0.008854
0 0.561250 0.460677 0.005500 0.008854
0 0.524750 0.446354 0.002000 0.008333
0 0.525625 0.451302 0.003250 0.007812
0 0.528250 0.445312 0.004000 0.009375
0 0.527000 0.372917 0.005000 0.007292
0 0.539875 0.348958 0.002750 0.011458
0 0.538000 0.375000 0.002000 0.010417
0 0.540000 0.374479 0.002500 0.009375
0 0.538125 0.394271 0.004250 0.008333
0 0.538375 0.400781 0.006250 0.005729
0 0.541250 0.407812 0.005000 0.006250
0 0.539625 0.415885 0.002750 0.010937
0 0.537000 0.408854 0.004000 0.007292
0 0.535625 0.418229 0.003250 0.008333
0 0.537125 0.416927 0.002750 0.007812
0 0.490875 0.508594 0.002750 0.008854
0 0.361500 0.441406 0.004000 0.007812
0 0.362875 0.441406 0.003750 0.009896
