0 0.395375 0.690365 0.011750 0.024479
0 0.568500 0.811719 0.009500 0.014063
0 0.518125 0.770052 0.006750 0.013021
0 0.547875 0.576302 0.006750 0.016146
0 0.480750 0.264323 0.009000 0.019271
0 0.545875 0.157552 0.007750 0.016146
0 0.534625 0.148177 0.005250 0.017188
0 0.623375 0.234896 0.006750 0.017708
0 0.613625 0.375781 0.008750 0.013021
0 0.105250 0.393490 0.009000 0.015104
0 0.111750 0.361719 0.009500 0.015104
0 0.157875 0.236719 0.008750 0.016146
0 0.175625 0.246354 0.005750 0.014583
0 0.322875 0.407031 0.008750 0.016146
