0 0.383000 0.860677 0.005500 0.008854
0 0.396875 0.867448 0.003750 0.009896
0 0.433375 0.912240 0.005750 0.006771
0 0.442250 0.874740 0.003000 0.011979
0 0.440375 0.874219 0.002750 0.010937
0 0.484375 0.800781 0.003750 0.016146
0 0.497000 0.827083 0.004000 0.011458
0 0.495875 0.824219 0.003750 0.007812
0 0.504875 0.820312 0.003250 0.010417
0 0.510125 0.816146 0.004750 0.010417
0 0.520875 0.829948 0.005750 0.007812
0 0.530875 0.785417 0.004250 0.012500
0 0.527750 0.784635 0.003000 0.014063
0 0.517125 0.844792 0.005750 0.015625
0 0.533125 0.810937 0.005250 0.014583
0 0.598125 0.684375 0.007250 0.009375
0 0.563375 0.683594 0.005250 0.009896
0 0.538500 0.692969 0.006500 0.007812
0 0.493375 0.648698 0.008250 0.011979
0 0.482875 0.640625 0.007250 0.010417
0 0.394875 0.643750 0.003750 0.013542
0 0.391250 0.640885 0.003500 0.009896
0 0.370125 0.590365 0.006750 0.007812
0 0.384250 0.558073 0.006500 0.010937
0 0.370750 0.603906 0.005000 0.011979
0 0.369375 0.601562 0.004250 0.010417
0 0.317625 0.593229 0.007750 0.014583
0 0.312500 0.558594 0.006000 0.013021
0 0.280875 0.575521 0.007750 0.011458
0 0.292500 0.464844 0.005000 0.013021
0 0.178875 0.582812 0.004750 0.013542
0 0.176250 0.584635 0.002500 0.009896
0 0.311250 0.408333 0.006000 0.011458
0 0.589250 0.624219 0.003500 0.007812
0 0.586250 0.626563 0.004500 0.011458
0 0.541000 0.551302 0.005500 0.010937
0 0.529625 0.522135 0.004250 0.015104
0 0.512875 0.501563 0.004250 0.010417
0 0.512625 0.497656 0.005250 0.009896
0 0.477250 0.465104 0.003500 0.013542
0 0.485375 0.463021 0.004750 0.012500
0 0.492500 0.444010 0.003500 0.015104
0 0.492750 0.462760 0.004500 0.014063
0 0.465250 0.374479 0.007500 0.011458
0 0.444750 0.369010 0.006500 0.011979
0 0.472125 0.365885 0.006250 0.009896
0 0.477875 0.354687 0.005250 0.009375
0 0.363875 0.332292 0.006250 0.011458
0 0.342250 0.262500 0.004500 0.011458
0 0.349500 0.246094 0.007000 0.009896
0 0.351750 0.260417 0.005000 0.008333
0 0.350875 0.267969 0.003750 0.011979
0 0.355375 0.266927 0.005250 0.008854
0 0.359125 0.254167 0.002250 0.008333
0 0.357250 0.252865 0.002500 0.010937
0 0.360750 0.198958 0.003500 0.011458
0 0.341500 0.195312 0.004000 0.013542
0 0.389250 0.207552 0.004000 0.008854
0 0.386000 0.206771 0.005500 0.007292
0 0.307750 0.141667 0.005000 0.009375
0 0.264125 0.028385 0.006250 0.011979
0 0.379500 0.043750 0.003000 0.010417
0 0.391625 0.147396 0.004250 0.009375
0 0.605500 0.606510 0.005500 0.011979
0 0.598250 0.509635 0.006500 0.006771
0 0.596625 0.478906 0.005250 0.008854
0 0.594625 0.471875 0.005250 0.006250
0 0.594375 0.467708 0.004250 0.005208
0 0.586875 0.468229 0.004750 0.007292
0 0.586250 0.465365 0.004000 0.006771
0 0.598500 0.438542 0.004500 0.011458
0 0.585250 0.436979 0.005500 0.005208
0 0.583875 0.432031 0.004250 0.004687
0 0.576250 0.372135 0.006500 0.008854
0 0.567500 0.349479 0.005000 0.011458
0 0.594375 0.333333 0.005750 0.007292
0 0.593875 0.321094 0.004750 0.006771
0 0.594500 0.311719 0.004500 0.010937
0 0.609500 0.308854 0.003000 0.009375
0 0.612375 0.308333 0.003750 0.010417
0 0.607625 0.341406 0.003750 0.007812
0 0.609375 0.341406 0.003750 0.010937
0 0.593000 0.291927 0.004000 0.007812
0 0.594000 0.287240 0.005500 0.006771
0 0.601375 0.255469 0.004250 0.013021
0 0.585750 0.162760 0.005500 0.008854
0 0.590000 0.180208 0.004500 0.008333
0 0.603750 0.182812 0.005500 0.010417
0 0.602250 0.173958 0.004000 0.005208
0 0.583750 0.182031 0.005500 0.008854
0 0.532625 0.174740 0.005750 0.007812
0 0.592250 0.038802 0.006500 0.007812
0 0.582500 0.011198 0.004000 0.009896
0 0.601125 0.007552 0.004250 0.010937
0 0.629375 0.620313 0.003250 0.012500
0 0.656625 0.584635 0.005250 0.008854
0 0.641500 0.570052 0.003500 0.005729
0 0.640875 0.566406 0.004750 0.006771
0 0.647625 0.530208 0.004750 0.010417
0 0.651000 0.525781 0.005500 0.009896
0 0.657000 0.515104 0.004500 0.009375
0 0.671000 0.536979 0.005500 0.008333
0 0.689625 0.517708 0.006250 0.007292
0 0.695875 0.556771 0.002750 0.011458
0 0.692500 0.556510 0.004500 0.006771
0 0.663625 0.467708 0.004750 0.011458
0 0.668000 0.465104 0.003000 0.011458
0 0.675125 0.461979 0.005750 0.006250
0 0.674500 0.456510 0.005000 0.005729
0 0.667750 0.476823 0.005500 0.004687
0 0.667000 0.482552 0.006000 0.007812
0 0.651000 0.497656 0.003000 0.004687
0 0.651875 0.493490 0.004750 0.004687
0 0.689250 0.470833 0.006000 0.007292
0 0.705250 0.452083 0.007500 0.008333
0 0.712875 0.447917 0.002750 0.014583
0 0.715875 0.448177 0.002750 0.014063
0 0.718250 0.445573 0.002500 0.010937
0 0.721750 0.442448 0.003500 0.013021
0 0.676250 0.433073 0.003000 0.010937
0 0.675750 0.424740 0.003000 0.006771
0 0.674625 0.418750 0.005750 0.007292
0 0.671375 0.411458 0.004750 0.013542
0 0.684875 0.401042 0.003250 0.006250
0 0.686000 0.404167 0.005000 0.006250
0 0.686125 0.408333 0.004250 0.007292
0 0.718250 0.273177 0.006500 0.009896
0 0.733125 0.214323 0.005750 0.010937
0 0.738375 0.213802 0.004250 0.013021
0 0.741875 0.194271 0.007250 0.014583
0 0.755625 0.116667 0.006250 0.008333
0 0.808125 0.146094 0.005250 0.014063
0 0.771625 0.176302 0.003750 0.005729
0 0.768125 0.179427 0.004250 0.007812
0 0.785375 0.217448 0.004750 0.008854
0 0.734625 0.318750 0.002750 0.013542
0 0.738625 0.312760 0.005250 0.005729
0 0.742000 0.426302 0.006500 0.010937
0 0.811250 0.445573 0.004000 0.010937
