0 0.470000 0.788021 0.003000 0.011458
0 0.500250 0.777344 0.004500 0.010937
0 0.515875 0.750000 0.003750 0.008333
0 0.514750 0.745052 0.003500 0.009896
0 0.470000 0.738021 0.003500 0.012500
0 0.483125 0.692187 0.002750 0.011458
0 0.485125 0.697917 0.002750 0.009375
0 0.487000 0.699479 0.002500 0.009375
0 0.493125 0.670312 0.003750 0.011458
0 0.492250 0.656250 0.003500 0.011458
0 0.483875 0.650521 0.003250 0.013542
0 0.479000 0.646875 0.003500 0.009375
0 0.494625 0.586458 0.004250 0.010417
0 0.500250 0.577344 0.005000 0.006771
0 0.501375 0.566927 0.003750 0.010937
0 0.506125 0.553125 0.004750 0.011458
0 0.536125 0.545573 0.004750 0.011979
0 0.532375 0.566146 0.003750 0.011458
0 0.530625 0.577083 0.003750 0.010417
0 0.525875 0.600781 0.004250 0.011979
0 0.516375 0.591927 0.002750 0.011979
0 0.513750 0.594531 0.003500 0.010937
0 0.511500 0.615885 0.004000 0.010937
0 0.506875 0.617448 0.003750 0.011979
0 0.507500 0.636458 0.004000 0.013542
0 0.516500 0.649219 0.003500 0.011979
0 0.521750 0.645312 0.003500 0.011458
0 0.507000 0.657552 0.003500 0.011979
0 0.514125 0.677344 0.005750 0.007812
0 0.505875 0.683854 0.003250 0.010417
0 0.502375 0.682031 0.004250 0.011979
0 0.496500 0.689323 0.004500 0.008854
0 0.477750 0.512240 0.006500 0.008854
0 0.464875 0.532031 0.004250 0.010937
0 0.445500 0.654687 0.004500 0.006250
0 0.445625 0.650521 0.004250 0.005208
0 0.432625 0.640625 0.004250 0.009375
0 0.431750 0.638021 0.003500 0.008333
0 0.441125 0.684115 0.004750 0.005729
0 0.441125 0.679427 0.005750 0.007812
0 0.390375 0.678385 0.006750 0.006771
0 0.404625 0.750521 0.004250 0.009375
0 0.406625 0.746094 0.005750 0.007812
0 0.355125 0.740625 0.003250 0.013542
0 0.352875 0.744531 0.003250 0.008854
0 0.279000 0.841927 0.006000 0.008854
0 0.281875 0.830469 0.003750 0.005729
0 0.283625 0.834375 0.004250 0.011458
0 0.293125 0.816406 0.004750 0.007812
0 0.293500 0.812240 0.005000 0.007812
0 0.294500 0.797135 0.005000 0.011979
0 0.322250 0.746354 0.005500 0.010417
0 0.338250 0.742969 0.005000 0.007812
0 0.342875 0.731771 0.005250 0.008333
0 0.324625 0.738021 0.005250 0.008333
0 0.333375 0.721354 0.004750 0.005208
0 0.334125 0.716927 0.004250 0.004687
0 0.340125 0.712240 0.005250 0.008854
0 0.348375 0.711458 0.004250 0.008333
0 0.340375 0.698438 0.005250 0.010417
0 0.337875 0.686719 0.005250 0.007812
0 0.353875 0.706510 0.004250 0.005729
0 0.354875 0.704167 0.004250 0.007292
0 0.365250 0.700781 0.005500 0.008854
0 0.367125 0.694271 0.005750 0.006250
0 0.368250 0.676562 0.005500 0.007292
0 0.367750 0.671615 0.004500 0.006771
0 0.366125 0.668490 0.003250 0.009896
0 0.363375 0.665365 0.004750 0.006771
0 0.362875 0.673438 0.003750 0.010417
0 0.360125 0.672656 0.003750 0.006771
0 0.355750 0.676823 0.005000 0.004687
0 0.356875 0.672396 0.002750 0.006250
0 0.362500 0.683333 0.004000 0.008333
0 0.360000 0.682813 0.004500 0.007292
0 0.375500 0.673698 0.005000 0.006771
0 0.372500 0.668750 0.005000 0.008333
0 0.379000 0.666146 0.004500 0.008333
0 0.377125 0.665885 0.003750 0.007812
0 0.376500 0.660156 0.004500 0.008854
0 0.380375 0.635677 0.004250 0.006771
0 0.387750 0.648958 0.004000 0.007292
0 0.387000 0.647135 0.004500 0.007812
0 0.383625 0.649479 0.003750 0.008333
0 0.379375 0.644792 0.003250 0.006250
0 0.379125 0.641927 0.004750 0.005729
0 0.384500 0.627083 0.006000 0.007292
0 0.406625 0.614062 0.005250 0.009375
0 0.412875 0.591406 0.004750 0.005729
0 0.435375 0.588542 0.002250 0.009375
0 0.433750 0.588542 0.002500 0.008333
0 0.440000 0.577344 0.005000 0.006771
0 0.440875 0.571094 0.002750 0.007812
0 0.442375 0.571875 0.003250 0.006250
0 0.445000 0.567448 0.002500 0.008854
0 0.443375 0.566146 0.003250 0.006250
0 0.472125 0.406510 0.006750 0.007812
0 0.457875 0.400000 0.005750 0.010417
0 0.449125 0.430729 0.005750 0.006250
0 0.449875 0.426302 0.004250 0.007812
0 0.454125 0.424219 0.003250 0.008854
0 0.428500 0.433854 0.005000 0.009375
0 0.412125 0.470573 0.004250 0.006771
0 0.416000 0.443750 0.003500 0.004167
0 0.417000 0.441406 0.005000 0.005729
0 0.401750 0.457552 0.005000 0.009896
0 0.402750 0.446094 0.002000 0.010937
0 0.399125 0.446615 0.003750 0.005729
0 0.399875 0.444531 0.004250 0.005729
0 0.383625 0.466667 0.004750 0.008333
0 0.382375 0.459896 0.005250 0.007292
0 0.366250 0.462240 0.004500 0.009896
0 0.367875 0.478646 0.004250 0.007292
0 0.368500 0.471615 0.005500 0.006771
0 0.370000 0.469531 0.003500 0.004687
0 0.352500 0.499219 0.004500 0.006771
0 0.353875 0.497656 0.003250 0.003646
0 0.348125 0.466927 0.004750 0.009896
0 0.343375 0.469010 0.004750 0.007812
0 0.339000 0.466406 0.004500 0.007812
0 0.318875 0.510156 0.004750 0.008854
0 0.322125 0.481250 0.003750 0.007292
0 0.321125 0.474740 0.006250 0.007812
0 0.333500 0.474740 0.004500 0.004687
0 0.333000 0.471615 0.005500 0.005729
0 0.259500 0.551302 0.005500 0.008854
0 0.258750 0.527865 0.004500 0.005729
0 0.265750 0.550260 0.004000 0.006771
0 0.267000 0.556510 0.003500 0.007812
0 0.232000 0.533333 0.005500 0.009375
0 0.226875 0.522917 0.005250 0.009375
0 0.251500 0.509375 0.004500 0.005208
0 0.246000 0.511719 0.005000 0.005729
0 0.248000 0.507812 0.004500 0.006250
0 0.245500 0.500781 0.004500 0.008854
0 0.218500 0.501302 0.007500 0.010937
0 0.207000 0.500521 0.005500 0.007292
0 0.200875 0.503385 0.006250 0.009896
0 0.446875 0.412500 0.005250 0.006250
0 0.445875 0.409896 0.003750 0.005208
0 0.439000 0.391667 0.005500 0.006250
0 0.438875 0.387500 0.004750 0.004167
0 0.430500 0.387760 0.005500 0.004687
0 0.430250 0.383854 0.005500 0.004167
0 0.433750 0.416406 0.004500 0.006771
0 0.427125 0.414062 0.003250 0.006250
0 0.428500 0.415885 0.003500 0.006771
0 0.428750 0.419531 0.005000 0.005729
0 0.405250 0.425781 0.006500 0.008854
0 0.407250 0.418750 0.006500 0.006250
0 0.403500 0.411719 0.007000 0.007812
0 0.383375 0.428125 0.005750 0.006250
0 0.384875 0.423177 0.006250 0.004687
0 0.385500 0.419792 0.005000 0.003125
0 0.385500 0.416927 0.005500 0.004687
0 0.379000 0.426042 0.004500 0.009375
0 0.377375 0.438542 0.004250 0.009375
0 0.376500 0.435937 0.003500 0.007292
0 0.366000 0.443750 0.003500 0.007292
0 0.363625 0.442969 0.004750 0.008854
0 0.351875 0.396615 0.003750 0.003646
0 0.351250 0.394271 0.005500 0.005208
0 0.311625 0.400000 0.006250 0.006250
0 0.316000 0.406771 0.006000 0.006250
0 0.309125 0.409635 0.005250 0.007812
0 0.308500 0.406250 0.004500 0.005208
0 0.310375 0.419010 0.003250 0.010937
0 0.313125 0.423177 0.003250 0.008854
0 0.315250 0.415885 0.004000 0.009896
0 0.316500 0.420052 0.003500 0.007812
0 0.320500 0.422656 0.005500 0.007812
0 0.322375 0.429948 0.006250 0.005729
0 0.322250 0.437500 0.007000 0.006250
0 0.327125 0.443490 0.006250 0.005729
0 0.333125 0.451823 0.004750 0.004687
0 0.333000 0.448177 0.006000 0.004687
0 0.316000 0.451302 0.003000 0.011979
0 0.309250 0.459115 0.006500 0.005729
0 0.311125 0.466146 0.005250 0.005208
0 0.311750 0.453125 0.005500 0.005208
0 0.311625 0.446875 0.005250 0.003125
0 0.311250 0.449740 0.005000 0.002604
0 0.316375 0.442708 0.005250 0.006250
0 0.316875 0.439062 0.004750 0.005208
0 0.311500 0.435417 0.005500 0.005208
0 0.309875 0.430208 0.005750 0.006250
0 0.301125 0.407031 0.005750 0.005729
0 0.301625 0.421354 0.005750 0.008333
0 0.297625 0.427344 0.006250 0.006771
0 0.305125 0.442188 0.005250 0.005208
0 0.304750 0.437500 0.005000 0.008333
0 0.300750 0.435677 0.006500 0.004687
0 0.302375 0.431771 0.006250 0.004167
0 0.296000 0.452083 0.006500 0.006250
0 0.292750 0.458073 0.006500 0.007812
0 0.293000 0.439062 0.005500 0.008333
0 0.286500 0.445573 0.005500 0.008854
0 0.289375 0.434896 0.005250 0.004167
0 0.289375 0.431250 0.005750 0.004167
0 0.288250 0.414323 0.005500 0.006771
0 0.292750 0.411198 0.006000 0.005729
0 0.285125 0.400000 0.005750 0.009375
0 0.280875 0.395833 0.005750 0.006250
0 0.274125 0.432552 0.005750 0.006771
0 0.274375 0.428646 0.004250 0.006250
0 0.276250 0.422396 0.004000 0.008333
0 0.278125 0.414062 0.001750 0.008333
0 0.276250 0.413542 0.002500 0.010417
0 0.251250 0.406771 0.004500 0.011458
0 0.257375 0.427865 0.005250 0.014063
0 0.276000 0.451042 0.006000 0.010417
0 0.269625 0.445312 0.005750 0.005208
0 0.269500 0.440885 0.006000 0.004687
0 0.264250 0.456510 0.006000 0.009896
0 0.253125 0.471354 0.006750 0.006250
0 0.255875 0.461719 0.003750 0.013021
0 0.250875 0.452083 0.005750 0.011458
0 0.232125 0.477604 0.005250 0.009375
0 0.231875 0.470573 0.005750 0.007812
0 0.232875 0.428906 0.006250 0.006771
0 0.232625 0.425521 0.004250 0.005208
0 0.188000 0.491146 0.006000 0.007292
0 0.197125 0.464583 0.005250 0.006250
0 0.197250 0.461198 0.006000 0.006771
0 0.462750 0.332552 0.004500 0.005729
0 0.466125 0.330208 0.003250 0.005208
0 0.466625 0.308333 0.004750 0.008333
0 0.458500 0.309115 0.003500 0.009896
0 0.461250 0.311198 0.003500 0.005729
0 0.462375 0.308333 0.004750 0.007292
0 0.460875 0.302083 0.003250 0.007292
0 0.458125 0.298177 0.002750 0.009896
0 0.450375 0.316406 0.004250 0.010937
0 0.444125 0.289583 0.006250 0.007292
0 0.447250 0.282552 0.004000 0.008854
0 0.425750 0.270573 0.005000 0.010937
0 0.419875 0.254688 0.004250 0.010417
0 0.406500 0.270052 0.003500 0.011979
0 0.413625 0.248177 0.005250 0.010937
0 0.407625 0.241406 0.006250 0.008854
0 0.393750 0.216927 0.006000 0.010937
0 0.382750 0.241146 0.003500 0.011458
0 0.376500 0.239583 0.005000 0.011458
0 0.362000 0.225781 0.004500 0.011979
0 0.348500 0.261979 0.005000 0.008333
0 0.355000 0.179427 0.006500 0.010937
0 0.322750 0.234896 0.005500 0.007292
0 0.310500 0.235677 0.003500 0.010937
0 0.302000 0.155990 0.006000 0.011979
0 0.292625 0.160677 0.007250 0.011979
0 0.266875 0.155208 0.005750 0.012500
0 0.283375 0.108073 0.005250 0.009896
0 0.284250 0.103125 0.005500 0.013542
0 0.255875 0.089583 0.005250 0.008333
0 0.256625 0.086979 0.005750 0.011458
0 0.261625 0.088021 0.006250 0.008333
0 0.262125 0.084375 0.005250 0.007292
0 0.293625 0.077344 0.005250 0.006771
0 0.295875 0.072917 0.004750 0.010417
0 0.305500 0.052604 0.005000 0.012500
0 0.305625 0.073958 0.002750 0.011458
0 0.311500 0.087240 0.005500 0.005729
0 0.311625 0.082812 0.005750 0.006250
0 0.310000 0.077865 0.004000 0.005729
0 0.309375 0.073958 0.004750 0.005208
0 0.312750 0.077083 0.001500 0.010417
0 0.314625 0.077344 0.002250 0.009896
0 0.321625 0.081771 0.005750 0.007292
0 0.325875 0.087500 0.005250 0.008333
0 0.308875 0.098958 0.005750 0.010417
0 0.332625 0.071354 0.004250 0.009375
0 0.335875 0.066667 0.004750 0.011458
0 0.347875 0.147396 0.005750 0.009375
0 0.373250 0.175000 0.004000 0.013542
0 0.382250 0.155469 0.006000 0.007812
0 0.377625 0.145052 0.004750 0.010937
0 0.372750 0.132552 0.004000 0.011979
0 0.395750 0.201042 0.005500 0.011458
0 0.404875 0.177865 0.003250 0.013021
0 0.411500 0.187240 0.005000 0.006771
0 0.408625 0.215625 0.005250 0.009375
0 0.410375 0.210677 0.004250 0.011979
0 0.421000 0.145052 0.005000 0.009896
0 0.429875 0.226302 0.006250 0.006771
0 0.431500 0.236458 0.002500 0.009375
0 0.432500 0.235677 0.003500 0.010937
0 0.440125 0.253906 0.003750 0.013021
0 0.444250 0.235677 0.004500 0.007812
0 0.452625 0.271615 0.004750 0.009896
0 0.456500 0.278906 0.005000 0.005729
0 0.456750 0.273698 0.003500 0.005729
0 0.451625 0.257812 0.004750 0.005208
0 0.452250 0.255990 0.004500 0.007812
0 0.458000 0.262240 0.003500 0.008854
0 0.459875 0.259375 0.003250 0.008333
0 0.470750 0.297135 0.004500 0.006771
0 0.521875 0.268750 0.005250 0.005208
0 0.522125 0.261458 0.001750 0.010417
0 0.520500 0.261719 0.001500 0.008854
0 0.523625 0.254948 0.003750 0.007812
0 0.518875 0.244531 0.002750 0.009896
0 0.526250 0.236198 0.003000 0.010937
0 0.528250 0.228125 0.002500 0.009375
0 0.525750 0.223437 0.004500 0.010417
0 0.519750 0.221094 0.003500 0.007812
0 0.515625 0.224740 0.003250 0.008854
0 0.521625 0.203125 0.003250 0.009375
0 0.531875 0.190885 0.003250 0.008854
0 0.530125 0.184375 0.002750 0.010417
0 0.526750 0.177865 0.004500 0.007812
0 0.521125 0.177344 0.003250 0.006771
0 0.522750 0.173958 0.002500 0.008333
0 0.520375 0.165885 0.003750 0.005729
0 0.518625 0.188542 0.002250 0.009375
0 0.520375 0.183854 0.003750 0.007292
0 0.517125 0.200260 0.002250 0.008854
0 0.515375 0.198177 0.002250 0.009896
0 0.512125 0.198437 0.003250 0.009375
0 0.509625 0.190104 0.002250 0.009375
0 0.514750 0.190365 0.002000 0.007812
0 0.515000 0.184896 0.003000 0.005208
0 0.512250 0.185417 0.002000 0.009375
0 0.511250 0.179948 0.003000 0.003646
0 0.509000 0.178125 0.002000 0.009375
0 0.511625 0.173698 0.003250 0.006771
0 0.509000 0.168490 0.002500 0.009896
0 0.534500 0.148177 0.006500 0.008854
0 0.516375 0.128906 0.005250 0.004687
0 0.514500 0.125000 0.002500 0.006250
