0 0.487875 0.839323 0.005750 0.018229
0 0.511625 0.856510 0.006750 0.016146
0 0.391625 0.757292 0.007250 0.012500
0 0.381875 0.742448 0.006750 0.008854
0 0.386000 0.733073 0.004500 0.015104
0 0.390375 0.737760 0.006750 0.008854
0 0.391000 0.744271 0.008000 0.008333
0 0.393750 0.748958 0.006000 0.009375
0 0.473000 0.634896 0.005500 0.016667
0 0.467250 0.619792 0.008000 0.011458
0 0.471500 0.533854 0.008000 0.011458
0 0.388875 0.516927 0.007750 0.018229
0 0.382625 0.467448 0.006250 0.009896
0 0.347875 0.539062 0.007750 0.016667
0 0.359250 0.508854 0.008000 0.009375
0 0.366875 0.507292 0.007250 0.014583
0 0.362625 0.516667 0.006250 0.010417
0 0.339750 0.475260 0.004000 0.011979
0 0.341125 0.468750 0.007250 0.010417
0 0.408375 0.313021 0.007750 0.008333
0 0.408125 0.303906 0.006250 0.010937
0 0.372250 0.260417 0.005500 0.011458
0 0.374250 0.257552 0.006500 0.015104
0 0.311375 0.431771 0.005750 0.008333
0 0.599875 0.363802 0.006250 0.009896
0 0.560875 0.324219 0.004250 0.008854
0 0.570125 0.333073 0.003750 0.007812
