0 0.520312 0.107625 0.022917 0.018750
0 0.402344 0.154625 0.024479 0.009750
0 0.383594 0.182750 0.039062 0.020000
0 0.333073 0.242500 0.030729 0.014500
0 0.333073 0.336250 0.024479 0.014500
0 0.315104 0.349125 0.029167 0.016750
0 0.213802 0.402250 0.031771 0.014500
0 0.212240 0.406375 0.038021 0.020250
0 0.688281 0.338625 0.028646 0.011250
0 0.664323 0.345875 0.024479 0.014750
0 0.639062 0.350750 0.029167 0.014500
0 0.502344 0.382375 0.027604 0.009750
0 0.523958 0.392500 0.033333 0.020000
0 0.492969 0.402250 0.034896 0.016000
0 0.469010 0.413250 0.027604 0.009000
0 0.465365 0.426875 0.023438 0.009750
0 0.413281 0.413000 0.023438 0.011000
0 0.642188 0.461125 0.026042 0.013250
0 0.771354 0.479875 0.033333 0.011750
0 0.770052 0.491750 0.035937 0.014500
0 0.768490 0.491125 0.035937 0.011750
0 0.944271 0.534500 0.022917 0.014000
0 0.902344 0.547625 0.034896 0.013750
0 0.354167 0.500125 0.029167 0.013250
0 0.421354 0.527875 0.033333 0.015750
0 0.524219 0.537250 0.024479 0.012500
0 0.539844 0.548750 0.027604 0.009000
0 0.565365 0.576875 0.031771 0.016750
0 0.613021 0.579250 0.026042 0.016000
0 0.614323 0.613625 0.031771 0.018250
0 0.685937 0.607750 0.021875 0.012000
0 0.725000 0.610125 0.033333 0.016750
0 0.779427 0.615375 0.034896 0.015750
0 0.776563 0.612250 0.029167 0.014000
0 0.723698 0.624000 0.027604 0.014000
0 0.702604 0.622750 0.026042 0.012500
