0 0.579250 0.505990 0.006000 0.011979
0 0.598125 0.443229 0.007250 0.008333
0 0.587875 0.446615 0.003250 0.013021
0 0.548875 0.397917 0.004750 0.015625
0 0.595375 0.339583 0.004750 0.014583
0 0.573875 0.372656 0.008250 0.015104
0 0.623125 0.137500 0.005750 0.016667
0 0.651000 0.173177 0.007500 0.014063
0 0.675500 0.194271 0.005500 0.017708
0 0.475125 0.188542 0.006750 0.009375
0 0.492000 0.225000 0.004000 0.018750
0 0.485125 0.267969 0.007750 0.010937
0 0.476500 0.267188 0.004000 0.015625
0 0.448500 0.257031 0.009000 0.016146
0 0.448125 0.195312 0.005250 0.012500
0 0.401875 0.169271 0.003750 0.014583
0 0.447000 0.089063 0.004500 0.017708
0 0.442875 0.023177 0.005750 0.017188
0 0.478875 0.451042 0.007250 0.009375
0 0.489125 0.476302 0.006750 0.010937
0 0.494375 0.521094 0.005250 0.011979
0 0.421375 0.724219 0.005750 0.013021
0 0.434125 0.715104 0.005750 0.009375
0 0.364000 0.606510 0.006000 0.014063
0 0.320750 0.521615 0.005000 0.014063
0 0.302250 0.494531 0.006500 0.010937
0 0.298250 0.478646 0.007000 0.013542
0 0.316250 0.469792 0.007500 0.016667
0 0.269375 0.375000 0.007750 0.013542
0 0.273750 0.293229 0.006500 0.011458
0 0.248625 0.384115 0.006250 0.016146
0 0.201625 0.737240 0.004250 0.016146
0 0.219375 0.761979 0.007750 0.012500
0 0.326500 0.798958 0.006500 0.013542
0 0.762000 0.686198 0.005500 0.018229
0 0.678375 0.647917 0.008250 0.012500
