0 0.342969 0.424375 0.014063 0.007250
0 0.435156 0.489500 0.015104 0.007000
0 0.470052 0.485625 0.013021 0.007750
0 0.520312 0.495875 0.015625 0.007250
0 0.588542 0.495125 0.015625 0.007750
0 0.623437 0.494625 0.013542 0.008750
0 0.632812 0.491000 0.014583 0.009000
0 0.684375 0.504375 0.015625 0.007750
0 0.690625 0.522125 0.018750 0.006250
0 0.566927 0.542250 0.018229 0.008000
0 0.399479 0.528625 0.018750 0.007250
0 0.758594 0.452000 0.011979 0.006000
0 0.746615 0.451625 0.013021 0.008750
0 0.620833 0.480500 0.016667 0.003000
0 0.622917 0.483375 0.013542 0.003250
