0 0.238375 0.365365 0.007250 0.013021
0 0.252625 0.225521 0.006750 0.014583
0 0.360375 0.435156 0.005750 0.007812
0 0.357750 0.383854 0.004000 0.012500
0 0.358000 0.370312 0.007000 0.008333
0 0.383875 0.272396 0.004250 0.011458
0 0.378750 0.257812 0.005500 0.009375
0 0.377875 0.194271 0.006250 0.009375
0 0.393250 0.194271 0.004000 0.013542
0 0.386250 0.165625 0.005000 0.011458
0 0.356875 0.184115 0.006250 0.009896
0 0.376250 0.049479 0.004500 0.011458
0 0.416000 0.083333 0.005000 0.013542
0 0.487000 0.070052 0.004500 0.007812
0 0.472500 0.059635 0.004000 0.011979
0 0.495750 0.041667 0.003000 0.008333
0 0.492750 0.042708 0.002500 0.006250
0 0.462750 0.161458 0.003000 0.012500
0 0.462875 0.148438 0.002750 0.009375
0 0.415625 0.250521 0.006250 0.008333
0 0.389750 0.564583 0.005500 0.010417
0 0.414500 0.517448 0.004500 0.009896
0 0.544000 0.380469 0.005000 0.004687
0 0.543875 0.377083 0.004250 0.004167
0 0.601500 0.317448 0.007000 0.010937
0 0.579875 0.302865 0.005250 0.006771
0 0.601375 0.242708 0.006250 0.008333
0 0.633500 0.234635 0.006000 0.009896
0 0.623125 0.320833 0.006250 0.009375
0 0.607125 0.414062 0.005250 0.009375
0 0.603250 0.353906 0.003000 0.007812
0 0.601875 0.352604 0.003750 0.009375
0 0.584875 0.363542 0.003250 0.009375
0 0.587000 0.357292 0.003500 0.010417
0 0.587000 0.393490 0.004500 0.013021
0 0.571750 0.385677 0.002500 0.011979
0 0.570375 0.384896 0.002750 0.009375
0 0.486875 0.484375 0.005250 0.009375
0 0.485875 0.475260 0.003250 0.009896
0 0.480875 0.480729 0.004750 0.010417
0 0.427750 0.571615 0.003000 0.011979
0 0.428500 0.591406 0.003000 0.008854
0 0.429750 0.585417 0.002500 0.006250
0 0.432750 0.586719 0.004000 0.006771
0 0.432000 0.581771 0.003500 0.008333
0 0.442375 0.574740 0.005750 0.006771
0 0.448750 0.589063 0.005500 0.007292
0 0.473375 0.583073 0.004250 0.005729
0 0.472125 0.578385 0.005250 0.008854
0 0.478250 0.583333 0.006000 0.004167
0 0.478250 0.579167 0.005500 0.005208
0 0.483250 0.550260 0.004000 0.005729
0 0.484500 0.548698 0.005000 0.007812
0 0.502250 0.551042 0.005000 0.010417
0 0.499625 0.538802 0.004750 0.010937
0 0.490375 0.510938 0.003750 0.012500
0 0.515250 0.536198 0.006500 0.006771
0 0.508875 0.531510 0.005750 0.004687
0 0.509000 0.527344 0.005000 0.004687
0 0.513500 0.511198 0.005500 0.008854
0 0.513500 0.505469 0.005500 0.007812
0 0.516375 0.496615 0.004750 0.008854
0 0.519375 0.521094 0.003250 0.008854
0 0.518500 0.519531 0.004500 0.009896
0 0.521000 0.570833 0.005500 0.008333
0 0.523500 0.565365 0.006000 0.006771
0 0.536625 0.555208 0.005750 0.008333
0 0.533500 0.545573 0.005500 0.006771
0 0.533625 0.542188 0.004750 0.005208
0 0.558750 0.504687 0.004500 0.014583
0 0.553750 0.552344 0.006500 0.008854
0 0.571875 0.547656 0.005750 0.008854
0 0.572000 0.496615 0.006000 0.004687
0 0.572125 0.501042 0.004750 0.005208
0 0.560375 0.464844 0.005750 0.009896
0 0.549500 0.483073 0.003000 0.009896
0 0.548125 0.482812 0.003250 0.010417
0 0.540375 0.473177 0.005250 0.007812
0 0.528250 0.480469 0.002000 0.009896
0 0.526250 0.479687 0.003500 0.010417
0 0.544250 0.465104 0.004000 0.006250
0 0.543125 0.462240 0.003750 0.007812
0 0.552375 0.472135 0.003750 0.006771
0 0.551375 0.469792 0.004250 0.007292
0 0.603000 0.510677 0.006000 0.013021
0 0.610000 0.528385 0.006000 0.008854
0 0.655125 0.531250 0.004750 0.005208
0 0.655000 0.528125 0.006000 0.005208
0 0.690375 0.494531 0.004750 0.006771
0 0.690000 0.491146 0.006000 0.005208
0 0.689500 0.487500 0.004500 0.005208
0 0.610125 0.594531 0.004250 0.006771
0 0.608750 0.588802 0.005000 0.008854
0 0.605250 0.573698 0.007000 0.008854
0 0.585000 0.575000 0.007500 0.009375
0 0.514625 0.609896 0.005750 0.007292
0 0.508500 0.597917 0.004500 0.009375
0 0.510750 0.588021 0.005000 0.008333
0 0.496500 0.670833 0.006000 0.005208
0 0.497125 0.675260 0.005250 0.004687
0 0.525250 0.652865 0.004500 0.010937
0 0.516000 0.652604 0.006500 0.005208
0 0.516000 0.657292 0.005500 0.005208
0 0.552000 0.710677 0.004500 0.011979
0 0.567750 0.701042 0.006000 0.009375
0 0.568375 0.665625 0.007250 0.008333
0 0.562625 0.687240 0.004750 0.004687
0 0.562500 0.683594 0.006000 0.004687
0 0.576750 0.734635 0.006500 0.007812
0 0.607500 0.707552 0.006000 0.007812
0 0.616625 0.705729 0.004750 0.005208
0 0.616250 0.701823 0.006000 0.004687
0 0.626625 0.707552 0.006750 0.009896
0 0.639000 0.706510 0.005000 0.005729
0 0.638625 0.702865 0.005250 0.005729
0 0.641625 0.803906 0.005750 0.006771
0 0.641375 0.801042 0.005250 0.005208
0 0.589625 0.767969 0.005750 0.006771
0 0.590750 0.771354 0.004000 0.006250
0 0.520000 0.733333 0.005500 0.009375
0 0.441250 0.779427 0.005500 0.011979
0 0.516250 0.863281 0.006000 0.014063
0 0.525000 0.873437 0.006500 0.009375
0 0.542875 0.941146 0.004750 0.009375
