0 0.070833 0.672000 0.013542 0.003500
0 0.201823 0.682625 0.009896 0.006250
0 0.148698 0.698375 0.018229 0.007750
0 0.489063 0.630875 0.011458 0.006250
0 0.416406 0.598250 0.009896 0.006000
0 0.408594 0.593125 0.009896 0.008250
0 0.448958 0.593375 0.014583 0.003250
0 0.447917 0.596250 0.015625 0.003000
0 0.350260 0.553375 0.010937 0.006250
0 0.185156 0.520625 0.010937 0.006750
0 0.200521 0.502375 0.013542 0.008750
0 0.215104 0.495750 0.013542 0.005500
0 0.184896 0.493250 0.009375 0.007500
0 0.130729 0.502375 0.011458 0.004250
0 0.138021 0.511250 0.012500 0.006500
0 0.149740 0.476750 0.010937 0.007500
0 0.171094 0.465000 0.010937 0.007500
0 0.058333 0.448125 0.010417 0.006250
0 0.031250 0.412625 0.007292 0.004750
0 0.037240 0.413875 0.005729 0.007250
0 0.452604 0.224500 0.010417 0.007000
0 0.509115 0.372250 0.009896 0.006500
0 0.487760 0.399750 0.008854 0.005000
0 0.492188 0.401375 0.010417 0.005750
0 0.496615 0.421250 0.006771 0.007500
0 0.492448 0.420750 0.005729 0.005500
0 0.534375 0.444250 0.010417 0.002500
0 0.535417 0.446750 0.014583 0.003500
0 0.526563 0.506000 0.013542 0.007000
0 0.652604 0.620625 0.013542 0.006250
0 0.760417 0.549250 0.009375 0.006000
0 0.889583 0.443500 0.012500 0.007000
0 0.929948 0.425375 0.007812 0.007750
0 0.922917 0.424500 0.008333 0.006000
0 0.955990 0.398250 0.011979 0.006000
0 0.960938 0.397125 0.007292 0.004750
0 0.989323 0.653375 0.014063 0.008250
0 0.964844 0.660500 0.023438 0.008000
