0 0.036500 0.934635 0.007000 0.011979
0 0.080375 0.899740 0.008250 0.013021
0 0.129375 0.734896 0.006250 0.011458
0 0.148375 0.864844 0.004250 0.010937
0 0.155625 0.619271 0.004250 0.009375
0 0.168625 0.655469 0.004750 0.009896
0 0.147625 0.565885 0.007250 0.006771
0 0.124625 0.598177 0.004250 0.009896
0 0.343250 0.700781 0.003000 0.013021
0 0.374875 0.675260 0.007250 0.011979
0 0.346750 0.772656 0.009000 0.014063
0 0.277875 0.500260 0.006750 0.011979
0 0.269000 0.505469 0.007000 0.008854
0 0.257375 0.516146 0.004750 0.008333
0 0.357250 0.369792 0.007000 0.012500
0 0.407875 0.304427 0.005750 0.016146
0 0.469250 0.379167 0.005000 0.010417
0 0.462375 0.486719 0.006250 0.010937
0 0.481375 0.519010 0.005250 0.013021
0 0.466875 0.561979 0.003750 0.009375
0 0.466500 0.569792 0.005000 0.009375
0 0.475875 0.542969 0.005250 0.014063
0 0.478125 0.653646 0.002750 0.012500
0 0.479625 0.657552 0.003250 0.013021
0 0.490875 0.751563 0.006750 0.010417
0 0.488875 0.769531 0.006250 0.009896
0 0.477125 0.758854 0.005750 0.016667
0 0.450000 0.808594 0.006000 0.009896
0 0.467750 0.797135 0.007000 0.016146
0 0.484125 0.827083 0.005750 0.013542
0 0.433000 0.868229 0.005000 0.010417
0 0.422000 0.881250 0.005500 0.012500
0 0.484250 0.870312 0.006000 0.017708
0 0.469750 0.969531 0.007000 0.019271
0 0.435625 0.991667 0.005250 0.014583
0 0.543375 0.383073 0.005750 0.011979
0 0.619250 0.672917 0.007500 0.016667
0 0.668500 0.798177 0.008000 0.015104
0 0.735625 0.746875 0.008750 0.021875
0 0.571500 0.351562 0.004500 0.009375
0 0.592125 0.319271 0.004250 0.008333
0 0.605250 0.358333 0.005500 0.012500
0 0.595125 0.330990 0.002750 0.008854
0 0.565500 0.340625 0.005500 0.011458
0 0.629875 0.393229 0.005250 0.010417
0 0.631500 0.390885 0.004500 0.007812
0 0.651500 0.429167 0.005500 0.014583
0 0.691625 0.442448 0.004250 0.011979
0 0.626375 0.374219 0.006750 0.010937
0 0.622125 0.276562 0.006250 0.010417
