0 0.175781 0.541250 0.008854 0.004500
0 0.199219 0.532250 0.008854 0.003000
0 0.256250 0.537125 0.008333 0.005750
0 0.314844 0.559500 0.004687 0.002000
0 0.313021 0.558375 0.006250 0.002750
0 0.425781 0.497625 0.006771 0.005750
0 0.402083 0.475125 0.007292 0.005250
0 0.396094 0.468750 0.009896 0.004500
0 0.381771 0.469875 0.007292 0.002250
0 0.380729 0.468125 0.010417 0.002250
0 0.409115 0.437125 0.010937 0.003250
0 0.301302 0.388500 0.009896 0.006000
0 0.226302 0.326875 0.009896 0.005750
0 0.316146 0.333875 0.011458 0.003750
0 0.329167 0.327375 0.009375 0.006250
0 0.625521 0.495500 0.009375 0.005500
0 0.567969 0.468125 0.011979 0.004750
0 0.686458 0.475250 0.011458 0.004500
0 0.730990 0.390500 0.009896 0.004000
0 0.619792 0.414375 0.010417 0.004750
0 0.626563 0.577500 0.007292 0.003500
0 0.676823 0.571500 0.007812 0.005000
0 0.769010 0.552250 0.010937 0.003500
0 0.870052 0.515500 0.007812 0.005000
0 0.945833 0.537500 0.009375 0.004500
0 0.839583 0.631625 0.006250 0.004250
0 0.807812 0.656875 0.007292 0.003750
