0 0.325521 0.618625 0.007292 0.008750
0 0.327604 0.629125 0.007292 0.008750
0 0.387760 0.606375 0.016146 0.007750
0 0.388021 0.606125 0.009375 0.004250
0 0.421875 0.540000 0.012500 0.005500
0 0.554427 0.523625 0.011979 0.004250
0 0.562500 0.522375 0.012500 0.003750
0 0.613021 0.534125 0.009375 0.006750
0 0.720573 0.540750 0.008854 0.005500
0 0.842969 0.523625 0.010937 0.005250
0 0.640365 0.439250 0.010937 0.005000
0 0.659896 0.439250 0.009375 0.003000
0 0.686198 0.443750 0.007812 0.005500
0 0.636719 0.447875 0.010937 0.004750
0 0.649740 0.464500 0.005729 0.007500
0 0.586198 0.482125 0.008854 0.005750
0 0.750781 0.387250 0.010937 0.006500
0 0.739844 0.352500 0.013021 0.005000
0 0.830729 0.350000 0.015625 0.005000
0 0.821615 0.309250 0.009896 0.008500
0 0.907813 0.309000 0.010417 0.006500
0 0.513281 0.339625 0.014063 0.004750
0 0.513542 0.345000 0.006250 0.005000
0 0.529167 0.279000 0.008333 0.005000
0 0.527083 0.165125 0.010417 0.006250
0 0.373437 0.441250 0.012500 0.006000
0 0.193490 0.479000 0.011979 0.004500
0 0.195573 0.477625 0.013021 0.003750
0 0.205208 0.481625 0.011458 0.004250
0 0.255990 0.485750 0.009896 0.005500
0 0.267448 0.487750 0.010937 0.004500
0 0.265885 0.499500 0.011979 0.005500
0 0.286719 0.367000 0.007812 0.005500
0 0.058594 0.306125 0.010937 0.008250
