0 0.830469 0.257000 0.030729 0.012500
0 0.832812 0.256250 0.018750 0.009500
0 0.810417 0.283625 0.018750 0.010750
0 0.784375 0.279125 0.023958 0.010750
0 0.744531 0.290875 0.022396 0.009750
0 0.693750 0.280625 0.022917 0.009750
0 0.685937 0.261125 0.023958 0.012750
0 0.678646 0.252375 0.026042 0.009750
0 0.602344 0.290000 0.022396 0.009000
0 0.525260 0.275500 0.014063 0.008500
0 0.640365 0.316000 0.020313 0.013000
0 0.618750 0.311375 0.018750 0.011750
0 0.611979 0.321625 0.015625 0.009750
0 0.653906 0.338375 0.023438 0.009250
0 0.686458 0.360625 0.027083 0.013750
0 0.606510 0.349500 0.023438 0.012000
0 0.591146 0.357750 0.016667 0.009000
0 0.579427 0.349250 0.019271 0.009000
0 0.558333 0.348875 0.018750 0.009750
0 0.546354 0.347500 0.031250 0.010000
0 0.529427 0.330750 0.022396 0.014000
0 0.557813 0.327875 0.034375 0.011750
0 0.555208 0.326250 0.029167 0.012000
0 0.596615 0.378875 0.017188 0.010250
0 0.578385 0.401750 0.019271 0.010500
0 0.531510 0.406375 0.020313 0.009750
0 0.528646 0.392000 0.026042 0.007500
0 0.538542 0.383000 0.017708 0.008500
0 0.465885 0.348625 0.030729 0.012750
0 0.462240 0.349750 0.032813 0.010500
0 0.481510 0.366250 0.014063 0.010500
0 0.461198 0.362250 0.019271 0.012500
0 0.507812 0.375250 0.019792 0.011500
0 0.521615 0.374625 0.014063 0.010250
0 0.497656 0.384375 0.014063 0.006750
0 0.484115 0.387000 0.031771 0.012000
0 0.483594 0.387250 0.019271 0.010000
0 0.469271 0.393500 0.028125 0.007000
0 0.456510 0.378750 0.021354 0.010500
0 0.426302 0.378750 0.020313 0.008000
0 0.418490 0.342875 0.028646 0.015750
0 0.408594 0.340625 0.027604 0.014750
0 0.399219 0.332125 0.022396 0.009250
0 0.390885 0.341500 0.022396 0.012000
0 0.366406 0.348250 0.025521 0.007500
0 0.326302 0.353500 0.021354 0.009500
0 0.318490 0.334250 0.024479 0.012000
0 0.330469 0.330375 0.022396 0.010250
0 0.381771 0.388000 0.028125 0.012000
0 0.379948 0.388125 0.022396 0.008750
0 0.423958 0.395000 0.019792 0.008500
0 0.403906 0.401500 0.022396 0.007000
0 0.402604 0.408500 0.022917 0.008500
0 0.443750 0.403625 0.025000 0.010250
0 0.446875 0.408250 0.020833 0.011500
0 0.489583 0.404250 0.026042 0.012500
0 0.491406 0.423125 0.018229 0.010250
0 0.454427 0.419875 0.031771 0.014250
0 0.434635 0.416375 0.024479 0.010250
0 0.457292 0.419375 0.026042 0.011750
0 0.408333 0.428125 0.032292 0.013750
0 0.404948 0.428250 0.033854 0.012500
0 0.336719 0.426500 0.028646 0.010000
0 0.233333 0.386125 0.015625 0.008250
0 0.294271 0.477000 0.018750 0.011500
0 0.246094 0.475625 0.029687 0.010750
0 0.363542 0.467750 0.017708 0.008500
0 0.357031 0.573250 0.019271 0.012000
0 0.468750 0.572250 0.022917 0.012000
0 0.465104 0.573125 0.027083 0.013750
0 0.427344 0.577000 0.022396 0.010500
0 0.438281 0.581125 0.020313 0.010250
0 0.448698 0.595000 0.024479 0.012000
0 0.458333 0.599125 0.019792 0.009250
0 0.466667 0.596000 0.017708 0.008500
0 0.497656 0.599000 0.021354 0.012000
0 0.506250 0.614250 0.016667 0.009500
0 0.506250 0.585125 0.014583 0.010750
0 0.518490 0.587625 0.020313 0.009750
0 0.537500 0.588875 0.015625 0.011250
0 0.534115 0.579500 0.013021 0.008500
0 0.529167 0.570750 0.019792 0.009000
0 0.540365 0.575375 0.019271 0.011250
0 0.561719 0.590875 0.017188 0.007250
0 0.595313 0.595875 0.019792 0.010250
0 0.642969 0.551375 0.020313 0.011250
0 0.657031 0.576125 0.018229 0.008750
0 0.670052 0.579875 0.018229 0.012750
0 0.664844 0.590375 0.016146 0.008250
0 0.641927 0.587625 0.022396 0.009750
0 0.646354 0.598250 0.017708 0.008500
0 0.658854 0.603000 0.031250 0.012000
0 0.629167 0.607250 0.020833 0.012500
0 0.616667 0.630000 0.022917 0.008000
0 0.620313 0.642375 0.027083 0.010250
0 0.658854 0.621500 0.020833 0.012500
0 0.693750 0.617125 0.015625 0.010750
0 0.690885 0.604875 0.023438 0.012250
0 0.727865 0.580375 0.022396 0.010250
0 0.770833 0.576750 0.015625 0.009500
0 0.782031 0.577000 0.021354 0.012500
0 0.764844 0.593250 0.020313 0.011000
0 0.743490 0.593750 0.015104 0.009500
0 0.745313 0.599000 0.020833 0.008500
0 0.782292 0.603250 0.017708 0.009000
0 0.745833 0.608000 0.022917 0.011000
0 0.768229 0.621625 0.019792 0.008750
0 0.848958 0.623125 0.017708 0.009250
0 0.903125 0.623375 0.017708 0.008750
0 0.258594 0.598000 0.021354 0.012500
0 0.298958 0.600000 0.018750 0.011000
0 0.307292 0.598250 0.020833 0.012000
0 0.323177 0.614000 0.024479 0.013500
0 0.317708 0.613750 0.023958 0.013000
0 0.225521 0.613500 0.023958 0.008000
0 0.250521 0.625625 0.018750 0.008750
0 0.289583 0.626000 0.026042 0.012500
0 0.275260 0.649625 0.028646 0.014750
0 0.332813 0.646875 0.029167 0.009250
0 0.353906 0.664250 0.022396 0.012000
0 0.409635 0.674000 0.022396 0.013000
0 0.416927 0.669625 0.022396 0.011250
0 0.426823 0.685000 0.017188 0.011500
0 0.419792 0.699750 0.016667 0.010000
0 0.381250 0.702000 0.025000 0.010000
0 0.360417 0.703125 0.018750 0.010250
0 0.482031 0.748750 0.020313 0.012500
0 0.488802 0.743750 0.020313 0.008500
0 0.522135 0.737250 0.018229 0.011500
0 0.543229 0.734125 0.017708 0.010750
0 0.534115 0.752250 0.020313 0.013000
0 0.549219 0.752625 0.015104 0.012250
0 0.526823 0.758875 0.018229 0.011250
0 0.568229 0.755875 0.013542 0.010250
0 0.582292 0.748875 0.019792 0.011750
0 0.620052 0.751875 0.013021 0.010750
