0 0.025000 0.497375 0.012500 0.006250
0 0.022396 0.496125 0.011458 0.004750
0 0.055729 0.527125 0.013542 0.006250
0 0.098437 0.499625 0.012500 0.005250
0 0.108854 0.505375 0.008333 0.005750
0 0.104948 0.510500 0.013021 0.005000
0 0.197917 0.489750 0.014583 0.007000
0 0.285417 0.503000 0.009375 0.005500
0 0.289062 0.506500 0.009375 0.004000
0 0.280729 0.510250 0.013542 0.005000
0 0.324219 0.501375 0.009896 0.007250
0 0.336198 0.495875 0.011979 0.005750
0 0.335677 0.493375 0.007812 0.003750
0 0.310417 0.520625 0.012500 0.008250
0 0.243229 0.528125 0.010417 0.005750
0 0.272656 0.525750 0.008854 0.006500
0 0.271094 0.531500 0.004687 0.005500
0 0.267188 0.531250 0.005208 0.006500
0 0.238021 0.552625 0.008333 0.005750
0 0.254948 0.549750 0.008854 0.005500
0 0.260156 0.549375 0.008854 0.004250
0 0.247135 0.558000 0.008854 0.005500
0 0.251563 0.556875 0.007292 0.004750
0 0.254688 0.555500 0.007292 0.004500
0 0.260156 0.554500 0.005729 0.005000
0 0.264844 0.555125 0.006771 0.004750
0 0.262760 0.561250 0.007812 0.005500
0 0.253385 0.563250 0.007812 0.004500
0 0.252344 0.566500 0.013021 0.003000
0 0.420312 0.483875 0.008333 0.007250
0 0.430208 0.497250 0.009375 0.007000
0 0.428906 0.512875 0.010937 0.006750
0 0.449479 0.534875 0.006250 0.005750
0 0.444271 0.535000 0.006250 0.006000
0 0.418750 0.538750 0.010417 0.006000
0 0.464323 0.569625 0.005729 0.004250
0 0.445312 0.575250 0.007292 0.005500
0 0.451302 0.579375 0.006771 0.004250
0 0.448177 0.578500 0.007812 0.004500
0 0.427344 0.588500 0.011979 0.005000
0 0.428385 0.599000 0.007812 0.005000
0 0.432552 0.597875 0.006771 0.004250
0 0.432552 0.605625 0.008854 0.005750
0 0.488021 0.598625 0.006250 0.004250
0 0.464583 0.447750 0.013542 0.005500
0 0.464062 0.465000 0.014583 0.006000
0 0.582292 0.515000 0.011458 0.007000
0 0.586719 0.509000 0.007812 0.007000
0 0.632552 0.539125 0.010937 0.006750
0 0.641927 0.536125 0.010937 0.007250
0 0.726302 0.581500 0.011979 0.004500
0 0.732031 0.576375 0.009896 0.006750
0 0.733333 0.574250 0.009375 0.005500
0 0.757292 0.593750 0.012500 0.006000
0 0.757812 0.606875 0.008333 0.005250
0 0.767708 0.609250 0.009375 0.005500
0 0.754427 0.602500 0.013021 0.004500
0 0.754427 0.600625 0.010937 0.004750
0 0.778125 0.613125 0.011458 0.004750
0 0.793229 0.612125 0.008333 0.005750
0 0.797917 0.611500 0.011458 0.004500
0 0.809896 0.623500 0.010417 0.006000
0 0.825781 0.626500 0.010937 0.005500
0 0.790625 0.622875 0.010417 0.005250
0 0.785417 0.622625 0.005208 0.003250
0 0.800000 0.627750 0.006250 0.004000
0 0.805208 0.627625 0.009375 0.004750
0 0.815365 0.633125 0.010937 0.005250
0 0.812500 0.639500 0.012500 0.006000
0 0.833333 0.650125 0.006250 0.004750
0 0.838021 0.650375 0.008333 0.005750
0 0.534375 0.441125 0.009375 0.003750
0 0.578646 0.450250 0.010417 0.006500
0 0.615625 0.444125 0.015625 0.005750
0 0.692448 0.433125 0.008854 0.003750
0 0.689063 0.431875 0.011458 0.004750
0 0.783594 0.432500 0.015104 0.005500
0 0.819271 0.433125 0.017708 0.005250
0 0.877344 0.435875 0.010937 0.002250
0 0.876563 0.433750 0.012500 0.003500
0 0.873958 0.432625 0.010417 0.003250
