0 0.326000 0.950000 0.007000 0.010417
0 0.329250 0.932292 0.007000 0.009375
0 0.322875 0.921094 0.003750 0.011979
0 0.316500 0.906510 0.007500 0.007812
0 0.316625 0.899219 0.006750 0.008854
0 0.362375 0.921875 0.008250 0.008333
0 0.355125 0.883594 0.006750 0.007812
0 0.356500 0.872396 0.006000 0.007292
0 0.344500 0.867448 0.006500 0.008854
0 0.350500 0.861719 0.004500 0.011979
0 0.354250 0.862500 0.005500 0.009375
0 0.359000 0.851042 0.007000 0.009375
0 0.378875 0.880990 0.005250 0.005729
0 0.379125 0.876563 0.006750 0.006250
0 0.387000 0.836979 0.007000 0.009375
0 0.387500 0.860938 0.005500 0.013542
0 0.382625 0.852604 0.006750 0.006250
0 0.381250 0.845833 0.007000 0.007292
0 0.374000 0.836719 0.004500 0.009896
0 0.367000 0.836198 0.006500 0.006771
0 0.369250 0.827865 0.006500 0.010937
0 0.382500 0.803125 0.007000 0.007292
0 0.386500 0.791406 0.006000 0.008854
0 0.402000 0.871875 0.005500 0.013542
0 0.407125 0.861458 0.007250 0.009375
0 0.404750 0.845313 0.003000 0.011458
0 0.407000 0.845833 0.003000 0.013542
0 0.431500 0.812240 0.006000 0.008854
0 0.449500 0.830729 0.005000 0.010417
0 0.445250 0.822917 0.005500 0.008333
0 0.408625 0.780469 0.005250 0.005729
0 0.408000 0.776302 0.006000 0.004687
0 0.507750 0.817448 0.006500 0.008854
0 0.500000 0.823177 0.006500 0.006771
0 0.477250 0.844531 0.004500 0.011979
0 0.469875 0.843229 0.005750 0.010417
0 0.454875 0.861979 0.007250 0.008333
0 0.440125 0.876042 0.006250 0.007292
0 0.439125 0.872396 0.004750 0.007292
0 0.418750 0.917187 0.004000 0.007292
0 0.501000 0.750521 0.004500 0.011458
0 0.452500 0.745313 0.005500 0.010417
0 0.464875 0.701823 0.003250 0.011979
0 0.461000 0.703385 0.004000 0.011979
0 0.446250 0.679167 0.007000 0.007292
0 0.430750 0.741406 0.005500 0.010937
0 0.428875 0.731250 0.003250 0.007292
0 0.429750 0.727865 0.005000 0.009896
0 0.458250 0.727083 0.006000 0.005208
0 0.457875 0.722656 0.005250 0.004687
0 0.461250 0.720573 0.006000 0.005729
0 0.442375 0.720052 0.002750 0.006771
0 0.444375 0.719010 0.002750 0.008854
0 0.363125 0.726302 0.004750 0.006771
0 0.364000 0.723437 0.005000 0.008333
0 0.338125 0.721354 0.005750 0.009375
0 0.333000 0.708073 0.003500 0.013021
0 0.331250 0.697396 0.006000 0.011458
0 0.314625 0.691406 0.004750 0.014063
0 0.305500 0.699219 0.006000 0.006771
0 0.305750 0.694010 0.007000 0.007812
0 0.313375 0.719271 0.003250 0.010417
0 0.315125 0.717969 0.003250 0.014063
0 0.278250 0.718750 0.006000 0.012500
0 0.284125 0.729948 0.004250 0.010937
0 0.282875 0.726823 0.005750 0.004687
0 0.268875 0.701042 0.007250 0.007292
0 0.264750 0.687500 0.003000 0.008333
0 0.266375 0.684635 0.004250 0.011979
0 0.325375 0.670833 0.006250 0.008333
0 0.296500 0.686198 0.005000 0.005729
0 0.297125 0.682552 0.006250 0.007812
0 0.299250 0.640365 0.002500 0.009896
0 0.301875 0.639844 0.004250 0.010937
0 0.308250 0.650521 0.006500 0.005208
0 0.308625 0.646615 0.005750 0.005729
0 0.318250 0.638802 0.006000 0.010937
0 0.314500 0.645833 0.006500 0.008333
0 0.318750 0.656250 0.008000 0.007292
0 0.322000 0.648698 0.007500 0.007812
0 0.326250 0.631771 0.005000 0.011458
0 0.330625 0.644792 0.006250 0.009375
0 0.331500 0.638281 0.007000 0.005729
0 0.319125 0.623177 0.006750 0.006771
0 0.320375 0.618750 0.007250 0.006250
0 0.344500 0.664323 0.005500 0.010937
0 0.339125 0.659896 0.005250 0.008333
0 0.341375 0.648177 0.006750 0.007812
0 0.352000 0.642708 0.007000 0.007292
0 0.350250 0.653125 0.005000 0.013542
0 0.355875 0.652604 0.006750 0.009375
0 0.369750 0.659635 0.005500 0.014063
0 0.373500 0.624219 0.007000 0.007812
0 0.368625 0.604688 0.005750 0.012500
0 0.363625 0.629948 0.004750 0.006771
0 0.364375 0.626302 0.006250 0.007812
0 0.381625 0.614323 0.006250 0.005729
0 0.381625 0.608854 0.006250 0.007292
0 0.386375 0.604167 0.005750 0.006250
0 0.392750 0.605990 0.005500 0.009896
0 0.391250 0.645833 0.007000 0.007292
0 0.399500 0.658333 0.004000 0.014583
0 0.390625 0.667188 0.006750 0.007292
0 0.392875 0.677344 0.007250 0.007812
0 0.384125 0.680208 0.005750 0.008333
0 0.376625 0.687760 0.006750 0.005729
0 0.377125 0.683333 0.005750 0.005208
0 0.414750 0.670312 0.007000 0.007292
0 0.419250 0.680208 0.005000 0.012500
0 0.421875 0.696094 0.004750 0.010937
0 0.419625 0.690625 0.005250 0.006250
0 0.428375 0.658594 0.004250 0.007812
0 0.429125 0.651823 0.007250 0.005729
0 0.355375 0.707292 0.005750 0.006250
0 0.351000 0.713802 0.006000 0.005729
0 0.349250 0.709115 0.005500 0.004687
0 0.349625 0.704688 0.006250 0.005208
0 0.400250 0.728906 0.004000 0.007812
0 0.402250 0.725260 0.005000 0.008854
0 0.329750 0.326302 0.007500 0.010937
0 0.339375 0.309896 0.005250 0.015625
0 0.346750 0.308854 0.004000 0.013542
0 0.354000 0.288802 0.007000 0.011979
0 0.391875 0.302604 0.007250 0.010417
0 0.401750 0.314063 0.005500 0.013542
0 0.406500 0.320312 0.004000 0.010417
0 0.404875 0.331510 0.003750 0.008854
0 0.406250 0.329427 0.004500 0.009896
0 0.408750 0.341146 0.006000 0.007292
0 0.409000 0.376302 0.005500 0.007812
0 0.408000 0.382031 0.006000 0.007812
0 0.414125 0.392969 0.006250 0.007812
0 0.424500 0.383333 0.004500 0.010417
0 0.407125 0.409896 0.006250 0.010417
0 0.396750 0.423698 0.002500 0.014063
0 0.399000 0.425260 0.002000 0.010937
0 0.435500 0.440104 0.006500 0.007292
0 0.432750 0.400521 0.005500 0.008333
0 0.432625 0.392708 0.005250 0.008333
0 0.436750 0.395313 0.003000 0.011458
0 0.438875 0.405208 0.004250 0.009375
0 0.439750 0.401302 0.004000 0.007812
0 0.453250 0.468750 0.005500 0.006250
0 0.453375 0.475781 0.005750 0.006771
0 0.455750 0.483333 0.006000 0.006250
0 0.453000 0.508854 0.006500 0.009375
0 0.440125 0.496354 0.001750 0.010417
0 0.442125 0.496875 0.002250 0.010417
0 0.463750 0.498437 0.006000 0.007292
0 0.470500 0.504948 0.005500 0.008854
0 0.471500 0.499479 0.005500 0.007292
0 0.469750 0.489583 0.003500 0.009375
0 0.471250 0.487240 0.003500 0.010937
0 0.473375 0.520833 0.005750 0.007292
0 0.465000 0.553385 0.003500 0.014063
0 0.468125 0.548958 0.003250 0.012500
0 0.470000 0.548958 0.003000 0.010417
0 0.477000 0.555469 0.003000 0.013021
0 0.485250 0.538802 0.005000 0.008854
0 0.479125 0.534896 0.005750 0.005208
0 0.480000 0.528906 0.005000 0.006771
0 0.484125 0.580990 0.004250 0.013021
0 0.494000 0.597656 0.005500 0.010937
0 0.508250 0.632031 0.004000 0.010937
0 0.520625 0.629948 0.005250 0.008854
0 0.515500 0.615885 0.005000 0.009896
0 0.512000 0.607552 0.004500 0.007812
0 0.428375 0.096354 0.005250 0.014583
0 0.476375 0.253906 0.005250 0.014063
0 0.496625 0.205990 0.004250 0.014063
0 0.492375 0.203385 0.004250 0.011979
0 0.461000 0.234896 0.004000 0.010417
0 0.462875 0.233854 0.004250 0.011458
0 0.475000 0.285938 0.004000 0.013542
0 0.483750 0.324740 0.003000 0.011979
0 0.496125 0.293750 0.004250 0.010417
0 0.497500 0.290885 0.004500 0.011979
0 0.509125 0.315104 0.003250 0.012500
0 0.506750 0.316406 0.002500 0.011979
0 0.504750 0.315625 0.001500 0.012500
0 0.525125 0.306771 0.003750 0.013542
0 0.530750 0.307031 0.003500 0.009896
0 0.531875 0.304948 0.003750 0.011979
0 0.494125 0.378906 0.004750 0.009896
0 0.494750 0.394792 0.004500 0.012500
0 0.499125 0.394792 0.002750 0.011458
0 0.502625 0.410677 0.003750 0.013021
0 0.520125 0.500521 0.003250 0.010417
0 0.518250 0.486198 0.004000 0.009896
0 0.528500 0.491927 0.007000 0.008854
0 0.540125 0.595833 0.003250 0.010417
0 0.546000 0.587500 0.003500 0.011458
0 0.549625 0.594792 0.004250 0.011458
0 0.577875 0.565885 0.005250 0.010937
0 0.589750 0.529427 0.005500 0.010937
0 0.597500 0.522396 0.005000 0.012500
0 0.583500 0.507292 0.006000 0.012500
0 0.571625 0.535937 0.003250 0.012500
0 0.569750 0.532813 0.003500 0.013542
0 0.567625 0.444531 0.006750 0.010937
0 0.596125 0.421354 0.004250 0.015625
0 0.565250 0.417187 0.003500 0.011458
0 0.561750 0.410677 0.002500 0.008854
0 0.563750 0.410677 0.002000 0.013021
0 0.554625 0.375781 0.004750 0.011979
0 0.572375 0.364583 0.004750 0.014583
0 0.596875 0.358854 0.004750 0.010417
0 0.599250 0.351042 0.004500 0.010417
0 0.558000 0.323958 0.004000 0.012500
0 0.569750 0.326823 0.004000 0.011979
0 0.567250 0.320573 0.002500 0.014063
0 0.566875 0.292708 0.004250 0.014583
0 0.625000 0.466146 0.004500 0.008333
0 0.637875 0.425000 0.004250 0.007292
0 0.648875 0.615885 0.004750 0.006771
0 0.659625 0.594792 0.003250 0.007292
0 0.672125 0.637500 0.003250 0.008333
0 0.743500 0.219792 0.005000 0.013542
0 0.849625 0.184635 0.005250 0.013021
0 0.809625 0.017448 0.005250 0.014063
0 0.908625 0.032031 0.005250 0.008854
0 0.908125 0.146094 0.005750 0.006771
0 0.984750 0.215104 0.007000 0.013542
0 0.723375 0.773698 0.006250 0.006771
0 0.716250 0.670833 0.005000 0.009375
0 0.301375 0.655469 0.007750 0.014063
0 0.476750 0.911719 0.006500 0.008854
0 0.461000 0.906771 0.006000 0.008333
0 0.455000 0.891146 0.005500 0.007292
0 0.459625 0.895312 0.002750 0.008333
0 0.458875 0.887760 0.005250 0.007812
0 0.462375 0.883594 0.003750 0.010937
0 0.463250 0.892448 0.006000 0.007812
0 0.465750 0.886979 0.003000 0.010417
0 0.469250 0.884375 0.005500 0.005208
0 0.469500 0.888281 0.006000 0.003646
0 0.469250 0.892188 0.005000 0.005208
0 0.488750 0.866406 0.007000 0.008854
0 0.479750 0.854167 0.005000 0.007292
