0 0.433073 0.700875 0.017188 0.004750
0 0.432031 0.698375 0.014063 0.003750
0 0.479167 0.669750 0.008333 0.004500
0 0.470833 0.674375 0.009375 0.005750
0 0.538021 0.640125 0.009375 0.004750
0 0.660417 0.643750 0.009375 0.007500
0 0.592969 0.622875 0.013021 0.004250
0 0.591667 0.620875 0.015625 0.004750
0 0.611979 0.602000 0.010417 0.006500
0 0.618750 0.597500 0.008333 0.004500
0 0.668750 0.601625 0.015625 0.007750
0 0.728646 0.618500 0.010417 0.008000
0 0.744010 0.619375 0.011979 0.006250
0 0.739062 0.616500 0.013542 0.004000
0 0.738021 0.613750 0.012500 0.004000
0 0.677083 0.580875 0.014583 0.005750
0 0.674740 0.579000 0.013021 0.004000
0 0.684635 0.575875 0.009896 0.003250
0 0.680990 0.575000 0.016146 0.005000
0 0.706510 0.560625 0.006771 0.004750
0 0.701562 0.560500 0.011458 0.006500
0 0.725260 0.550875 0.011979 0.006250
0 0.727083 0.556125 0.012500 0.007250
0 0.747656 0.543875 0.013021 0.005250
0 0.728125 0.537875 0.009375 0.008250
0 0.745313 0.540250 0.014583 0.004500
0 0.744531 0.537750 0.018229 0.004000
0 0.742448 0.529500 0.008854 0.008000
0 0.817187 0.553500 0.011458 0.009000
0 0.790625 0.579625 0.016667 0.005750
0 0.743490 0.567000 0.015104 0.004000
0 0.741667 0.564875 0.011458 0.003250
0 0.671354 0.487250 0.007292 0.005500
0 0.675000 0.490500 0.010417 0.007000
0 0.625000 0.500375 0.009375 0.005750
0 0.629687 0.498750 0.012500 0.003500
0 0.594531 0.518000 0.013021 0.006500
0 0.621094 0.511500 0.014063 0.003500
0 0.623437 0.509750 0.010417 0.002500
0 0.570052 0.490500 0.008854 0.006000
0 0.603906 0.499750 0.010937 0.005000
0 0.611979 0.500625 0.013542 0.004250
0 0.608333 0.503625 0.016667 0.003750
0 0.557031 0.511875 0.013021 0.007250
0 0.540625 0.514250 0.009375 0.006500
0 0.531771 0.515250 0.010417 0.006500
0 0.534635 0.511000 0.015104 0.003500
0 0.533594 0.530250 0.013021 0.003500
0 0.534635 0.527750 0.013021 0.003000
0 0.499740 0.523000 0.016146 0.006500
0 0.498177 0.536250 0.010937 0.004500
0 0.501563 0.535000 0.012500 0.005000
0 0.457813 0.531625 0.015625 0.003750
0 0.459115 0.527875 0.013021 0.005250
0 0.438281 0.535250 0.011979 0.006500
0 0.421094 0.519500 0.017188 0.007500
0 0.410677 0.531875 0.011979 0.006250
0 0.345313 0.515250 0.013542 0.006000
0 0.361719 0.541625 0.013021 0.009250
0 0.334375 0.554125 0.018750 0.006250
0 0.292969 0.531250 0.008854 0.006500
0 0.301563 0.529375 0.012500 0.002750
0 0.303125 0.528125 0.014583 0.003250
0 0.230729 0.564625 0.010417 0.008750
0 0.215885 0.567000 0.014063 0.005500
0 0.213281 0.565125 0.013021 0.004250
0 0.092448 0.595500 0.015104 0.004000
0 0.097135 0.591125 0.013021 0.006250
0 0.295573 0.604500 0.008854 0.005500
0 0.292448 0.602625 0.010937 0.003750
0 0.667708 0.453500 0.011458 0.003000
0 0.671615 0.451875 0.014063 0.004250
0 0.644792 0.448750 0.014583 0.005500
0 0.623437 0.438750 0.007292 0.006000
0 0.614844 0.442750 0.011979 0.005500
0 0.599219 0.450250 0.015104 0.004500
0 0.587500 0.449375 0.007292 0.004250
0 0.566406 0.447875 0.007812 0.004750
0 0.582292 0.441500 0.014583 0.004000
0 0.588021 0.430625 0.013542 0.005250
0 0.577865 0.419625 0.015104 0.004750
0 0.636458 0.407375 0.012500 0.005250
0 0.591406 0.403625 0.011979 0.007250
0 0.536719 0.417875 0.015104 0.005750
0 0.531510 0.435875 0.016146 0.005250
0 0.558073 0.437125 0.013021 0.004750
0 0.550260 0.434750 0.014063 0.004000
0 0.490885 0.442375 0.011979 0.004250
0 0.498698 0.437000 0.007812 0.005000
0 0.478906 0.427125 0.014063 0.004250
0 0.467708 0.418125 0.015625 0.002750
0 0.467969 0.416125 0.011979 0.002750
0 0.435677 0.415750 0.016146 0.004500
0 0.440104 0.409750 0.013542 0.002500
0 0.440885 0.407750 0.015104 0.003000
0 0.370312 0.421125 0.012500 0.005250
0 0.391406 0.422250 0.016146 0.004500
0 0.345833 0.409250 0.011458 0.005000
0 0.348438 0.408375 0.010417 0.003750
0 0.822917 0.209250 0.009375 0.007500
0 0.858854 0.195125 0.008333 0.005750
0 0.824740 0.178875 0.007812 0.005250
0 0.709896 0.159000 0.004167 0.005000
0 0.705990 0.157750 0.005729 0.005500
