0 0.242708 0.487625 0.009375 0.002750
0 0.249479 0.470375 0.009375 0.003250
0 0.251042 0.461625 0.009375 0.005250
0 0.157812 0.413500 0.009375 0.004500
0 0.229427 0.387750 0.006771 0.004500
0 0.245052 0.382000 0.009896 0.004500
0 0.266927 0.371625 0.010937 0.005750
0 0.191406 0.288000 0.005729 0.004000
0 0.355729 0.242500 0.005208 0.004000
0 0.389323 0.246500 0.006771 0.004000
0 0.258073 0.408250 0.007812 0.004000
0 0.258333 0.404625 0.008333 0.003750
0 0.243229 0.405875 0.007292 0.004250
0 0.227604 0.429250 0.009375 0.004000
0 0.239323 0.432875 0.007812 0.003750
0 0.258594 0.433875 0.007812 0.004750
0 0.255208 0.437375 0.006250 0.003750
0 0.270313 0.438750 0.008333 0.003500
0 0.281771 0.434000 0.006250 0.004000
0 0.273958 0.433250 0.006250 0.004000
0 0.267708 0.433500 0.007292 0.003000
0 0.264323 0.449625 0.008854 0.003750
0 0.259115 0.445625 0.007812 0.003250
0 0.266406 0.443250 0.006771 0.003000
0 0.272917 0.443625 0.006250 0.004750
0 0.371875 0.473500 0.009375 0.005000
0 0.449479 0.464000 0.006250 0.005000
0 0.369271 0.442000 0.009375 0.003500
0 0.387500 0.446875 0.007292 0.004250
0 0.381510 0.446000 0.006771 0.004000
0 0.403646 0.446375 0.009375 0.005250
0 0.792188 0.355250 0.008333 0.004000
0 0.771094 0.342750 0.010937 0.003000
0 0.761198 0.361625 0.006771 0.004750
0 0.769792 0.364625 0.008333 0.003750
0 0.763021 0.366500 0.008333 0.004000
0 0.753125 0.365375 0.004167 0.004250
0 0.747917 0.364875 0.007292 0.003250
0 0.724219 0.364875 0.006771 0.004750
0 0.695052 0.371500 0.008854 0.003500
0 0.660417 0.372375 0.008333 0.003250
0 0.661719 0.368000 0.006771 0.004500
0 0.578646 0.367250 0.006250 0.006000
0 0.598698 0.358250 0.006771 0.003500
0 0.640885 0.392250 0.007812 0.004000
0 0.639323 0.395125 0.006771 0.003250
0 0.640625 0.400750 0.006250 0.004500
0 0.637760 0.408625 0.006771 0.003750
0 0.640625 0.414750 0.010417 0.004000
0 0.625000 0.409875 0.007292 0.004750
0 0.621354 0.412250 0.008333 0.002500
0 0.618750 0.415625 0.007292 0.004250
0 0.529167 0.403000 0.006250 0.005000
0 0.480469 0.405250 0.007812 0.003500
0 0.538021 0.411625 0.009375 0.003250
0 0.561198 0.413375 0.008854 0.004750
0 0.555469 0.420250 0.007812 0.004000
0 0.577865 0.424000 0.008854 0.004000
0 0.574219 0.421250 0.007812 0.004000
0 0.549479 0.417250 0.008333 0.004000
0 0.545833 0.420625 0.007292 0.002750
0 0.542708 0.418375 0.005208 0.003250
0 0.527604 0.423625 0.007292 0.004250
0 0.538542 0.423375 0.008333 0.004250
0 0.527083 0.428500 0.006250 0.004000
0 0.518490 0.430375 0.009896 0.003750
0 0.510938 0.433125 0.008333 0.004250
0 0.494271 0.435375 0.009375 0.003250
0 0.512240 0.438250 0.005729 0.003000
0 0.505990 0.437750 0.006771 0.003500
0 0.485156 0.453375 0.008854 0.003750
0 0.477865 0.453750 0.005729 0.004000
0 0.480208 0.448500 0.008333 0.004500
0 0.490625 0.446875 0.007292 0.003750
0 0.491927 0.443875 0.009896 0.003250
0 0.395573 0.462250 0.009896 0.005500
0 0.319531 0.485500 0.006771 0.003500
0 0.271615 0.510625 0.009896 0.003250
0 0.280990 0.511625 0.006771 0.003750
0 0.286198 0.523000 0.006771 0.003000
0 0.279427 0.523250 0.004687 0.004500
0 0.309375 0.524250 0.010417 0.004000
0 0.324479 0.524375 0.008333 0.003250
0 0.337760 0.525250 0.007812 0.004000
0 0.352344 0.514500 0.007812 0.004000
0 0.355729 0.509500 0.009375 0.004500
0 0.366667 0.519625 0.007292 0.003750
0 0.395052 0.522000 0.009896 0.004000
0 0.378125 0.520000 0.009375 0.004500
0 0.382292 0.516250 0.006250 0.003500
0 0.374479 0.514875 0.008333 0.003750
0 0.380208 0.512750 0.007292 0.003500
0 0.445312 0.501000 0.009375 0.004500
0 0.444010 0.522750 0.008854 0.005500
0 0.482552 0.528250 0.009896 0.004000
0 0.503646 0.526625 0.009375 0.004250
0 0.466406 0.526250 0.009896 0.005500
0 0.479427 0.508375 0.008854 0.004250
0 0.361979 0.527375 0.007292 0.003750
0 0.411458 0.538625 0.009375 0.004250
0 0.410156 0.530500 0.008854 0.003500
0 0.421094 0.535250 0.007812 0.003500
0 0.246615 0.524125 0.006771 0.003750
0 0.289323 0.550250 0.007812 0.004000
0 0.300781 0.554500 0.008854 0.003500
0 0.302083 0.558000 0.007292 0.004000
0 0.334115 0.564750 0.008854 0.004500
0 0.346615 0.571500 0.007812 0.003500
0 0.313021 0.577000 0.007292 0.004000
0 0.326562 0.580750 0.007292 0.004000
0 0.328385 0.584250 0.007812 0.002500
0 0.331250 0.588625 0.008333 0.004750
0 0.338281 0.594875 0.008854 0.003250
0 0.368490 0.595125 0.007812 0.004250
0 0.391146 0.609750 0.007292 0.003500
0 0.397656 0.606125 0.008854 0.003250
0 0.390365 0.630250 0.006771 0.003500
0 0.414583 0.622250 0.007292 0.004500
0 0.424740 0.622500 0.007812 0.004000
0 0.433854 0.631125 0.010417 0.003250
0 0.421354 0.637000 0.008333 0.003500
0 0.411719 0.633500 0.008854 0.004500
0 0.446094 0.644750 0.006771 0.003500
0 0.457031 0.645500 0.005729 0.004000
0 0.454167 0.648750 0.006250 0.003000
0 0.497396 0.647750 0.010417 0.004500
0 0.480208 0.633875 0.009375 0.003250
0 0.474740 0.637000 0.006771 0.002500
0 0.469010 0.638000 0.006771 0.003000
0 0.451823 0.661125 0.005729 0.004250
0 0.421615 0.681625 0.005729 0.003750
0 0.440104 0.682375 0.005208 0.004250
0 0.479427 0.673250 0.008854 0.004000
0 0.493750 0.669250 0.007292 0.004000
0 0.533854 0.670250 0.008333 0.005000
0 0.576823 0.703375 0.008854 0.004750
0 0.614062 0.700875 0.006250 0.003250
0 0.616667 0.698250 0.008333 0.002500
0 0.522135 0.706000 0.008854 0.003500
0 0.468750 0.719375 0.005208 0.003750
0 0.511719 0.721500 0.006771 0.003000
0 0.537760 0.726125 0.005729 0.003250
0 0.539062 0.729625 0.008333 0.003250
0 0.555990 0.729375 0.007812 0.003750
0 0.570833 0.732875 0.006250 0.003750
0 0.566927 0.728750 0.008854 0.003000
0 0.523177 0.753625 0.008854 0.003750
0 0.534635 0.757875 0.005729 0.003250
0 0.597396 0.758750 0.006250 0.003500
0 0.599479 0.767250 0.006250 0.003000
0 0.605729 0.771375 0.008333 0.001750
0 0.605208 0.773125 0.006250 0.001750
0 0.613802 0.771000 0.005729 0.003000
0 0.675000 0.778625 0.005208 0.003250
0 0.675781 0.773125 0.006771 0.003250
0 0.683854 0.771375 0.007292 0.002750
0 0.682552 0.762500 0.007812 0.002500
0 0.670052 0.795250 0.007812 0.003000
0 0.629687 0.795500 0.008333 0.002500
0 0.708594 0.794875 0.008854 0.003250
0 0.644531 0.746375 0.007812 0.002750
0 0.651042 0.745375 0.007292 0.002750
0 0.627083 0.728500 0.009375 0.004000
0 0.643490 0.703750 0.006771 0.005000
0 0.630729 0.746625 0.004167 0.003250
0 0.627344 0.744625 0.007812 0.003250
0 0.539323 0.735250 0.006771 0.004000
0 0.485417 0.678250 0.007292 0.002500
0 0.437240 0.687875 0.005729 0.002750
0 0.529687 0.693500 0.007292 0.002500
0 0.642448 0.905250 0.004687 0.003000
0 0.630208 0.900625 0.005208 0.002750
0 0.221094 0.549000 0.006771 0.003000
0 0.226823 0.549250 0.005729 0.004500
0 0.259635 0.563750 0.006771 0.004000
0 0.274479 0.555250 0.007292 0.003500
0 0.222656 0.580750 0.006771 0.003500
0 0.237500 0.603125 0.011458 0.004250
0 0.215365 0.604375 0.007812 0.004250
0 0.241667 0.616500 0.008333 0.004000
0 0.230208 0.620125 0.008333 0.004250
0 0.232031 0.625625 0.006771 0.004750
0 0.243229 0.633375 0.008333 0.004250
0 0.260156 0.626625 0.005729 0.004750
0 0.276042 0.615750 0.010417 0.004500
0 0.222135 0.635750 0.007812 0.004000
0 0.222656 0.639625 0.006771 0.002750
0 0.242448 0.660375 0.010937 0.003250
0 0.253125 0.649750 0.008333 0.003500
0 0.245573 0.650750 0.005729 0.003500
0 0.242188 0.676500 0.007292 0.004000
0 0.256771 0.670250 0.007292 0.004000
0 0.270833 0.670375 0.007292 0.002750
0 0.228125 0.679625 0.010417 0.006750
0 0.242708 0.688375 0.005208 0.003750
0 0.247656 0.687375 0.006771 0.003750
0 0.270313 0.673250 0.007292 0.003500
0 0.277865 0.673375 0.007812 0.002250
0 0.301302 0.688875 0.006771 0.004250
0 0.294010 0.686875 0.006771 0.003750
0 0.289323 0.689625 0.006771 0.004250
0 0.315104 0.686625 0.008333 0.003250
0 0.322656 0.687500 0.005729 0.004000
0 0.156250 0.558625 0.008333 0.002750
0 0.135937 0.558250 0.006250 0.003500
0 0.128906 0.556125 0.011979 0.004250
0 0.126302 0.561125 0.010937 0.003750
0 0.107812 0.570500 0.007292 0.002500
0 0.098437 0.574000 0.009375 0.004500
0 0.090104 0.575125 0.008333 0.003750
0 0.090625 0.567500 0.011458 0.005000
0 0.075000 0.574750 0.005208 0.003500
0 0.077083 0.581375 0.006250 0.004250
0 0.084115 0.579625 0.006771 0.003250
0 0.080469 0.583875 0.006771 0.003250
0 0.078906 0.600875 0.007812 0.004250
0 0.071354 0.609500 0.008333 0.003500
0 0.058073 0.608375 0.005729 0.004250
0 0.043490 0.616875 0.005729 0.004250
0 0.011979 0.603375 0.009375 0.004250
0 0.032031 0.605750 0.007812 0.002000
0 0.032552 0.607750 0.009896 0.002000
0 0.041406 0.623000 0.006771 0.002500
0 0.458594 0.537000 0.005729 0.004000
0 0.478906 0.535875 0.006771 0.003750
0 0.490104 0.542875 0.007292 0.003250
0 0.468490 0.537125 0.005729 0.003250
0 0.474219 0.539125 0.005729 0.003250
0 0.493229 0.537750 0.008333 0.003000
0 0.534115 0.532500 0.008854 0.005500
0 0.562500 0.545750 0.008333 0.004000
0 0.585677 0.550750 0.006771 0.003000
0 0.587760 0.553000 0.006771 0.003000
0 0.594531 0.551375 0.008854 0.003250
0 0.608594 0.556875 0.005729 0.002750
0 0.610677 0.554375 0.006771 0.002250
0 0.653646 0.562250 0.009375 0.004000
0 0.695312 0.562750 0.008333 0.003500
0 0.718229 0.567250 0.007292 0.005000
0 0.706771 0.559125 0.008333 0.003750
0 0.696354 0.552125 0.011458 0.004750
0 0.686979 0.577875 0.007292 0.004250
0 0.682031 0.575000 0.006771 0.003500
0 0.675521 0.573125 0.008333 0.002750
0 0.683854 0.572000 0.006250 0.003000
0 0.772917 0.593625 0.007292 0.002750
0 0.800000 0.586500 0.008333 0.004500
0 0.826042 0.589250 0.008333 0.004500
0 0.840625 0.611625 0.010417 0.004250
0 0.832292 0.600625 0.007292 0.004250
0 0.842187 0.602125 0.007292 0.003750
0 0.848177 0.598750 0.009896 0.004000
0 0.844792 0.594750 0.008333 0.004000
0 0.837500 0.593000 0.009375 0.004000
0 0.840365 0.598625 0.008854 0.003750
0 0.937760 0.602000 0.013021 0.004000
0 0.926562 0.592750 0.009375 0.003500
0 0.913281 0.586625 0.005729 0.003250
0 0.907813 0.587750 0.006250 0.003500
0 0.903125 0.585875 0.008333 0.003750
0 0.993750 0.556625 0.009375 0.003750
0 0.803385 0.563000 0.010937 0.005000
0 0.854167 0.526625 0.006250 0.004250
0 0.838021 0.527000 0.007292 0.004000
0 0.847656 0.521375 0.007812 0.004250
0 0.715365 0.509500 0.008854 0.003500
0 0.654167 0.485625 0.007292 0.003250
0 0.712760 0.471500 0.005729 0.003000
0 0.708854 0.481875 0.005208 0.002750
0 0.475521 0.582250 0.005208 0.002500
0 0.489844 0.577500 0.004687 0.002500
0 0.502865 0.567125 0.005729 0.002250
0 0.332292 0.141250 0.006250 0.003000
0 0.311719 0.128625 0.006771 0.003750
0 0.506771 0.288875 0.007292 0.003250
0 0.040365 0.285000 0.008854 0.004500
0 0.073438 0.267375 0.008333 0.003750
0 0.804167 0.459625 0.006250 0.003250
0 0.798958 0.384125 0.012500 0.005250
0 0.926823 0.783750 0.008854 0.005500
0 0.639583 0.580625 0.006250 0.003250
0 0.653125 0.634125 0.006250 0.002750
0 0.657813 0.628000 0.006250 0.002500
0 0.615365 0.644000 0.006771 0.002500
0 0.677344 0.648500 0.005729 0.002000
0 0.675000 0.644500 0.004167 0.002000
0 0.118750 0.789125 0.005208 0.003250
0 0.198698 0.912875 0.007812 0.004750
0 0.058073 0.944750 0.010937 0.004000
0 0.091927 0.600375 0.008854 0.002750
