0 0.135156 0.469500 0.010937 0.004000
0 0.161719 0.472875 0.007812 0.003750
0 0.163542 0.470375 0.012500 0.003250
0 0.195833 0.487000 0.009375 0.004000
0 0.238802 0.496250 0.014063 0.004000
0 0.288021 0.524000 0.011458 0.004000
0 0.371354 0.531375 0.007292 0.004750
0 0.440104 0.498000 0.007292 0.004500
0 0.420312 0.462625 0.006250 0.005250
0 0.322656 0.237750 0.010937 0.007000
0 0.442969 0.470750 0.007812 0.005500
0 0.460417 0.500125 0.006250 0.005250
0 0.464323 0.503750 0.007812 0.005000
0 0.482812 0.533250 0.004167 0.005500
0 0.485677 0.533125 0.004687 0.004750
0 0.544531 0.515625 0.005729 0.004750
0 0.546875 0.513125 0.007292 0.003750
0 0.558073 0.498500 0.004687 0.005500
0 0.553646 0.498125 0.005208 0.004250
0 0.554167 0.489250 0.008333 0.005000
0 0.539583 0.478625 0.011458 0.003250
0 0.572135 0.480875 0.008854 0.004250
0 0.564063 0.481625 0.006250 0.005250
0 0.561719 0.479000 0.006771 0.004500
0 0.575000 0.470125 0.007292 0.005250
0 0.584115 0.465000 0.006771 0.005000
0 0.588542 0.445875 0.008333 0.005250
0 0.570312 0.452000 0.007292 0.005500
0 0.540885 0.446125 0.007812 0.005250
0 0.538281 0.431625 0.010937 0.005750
0 0.621875 0.418500 0.010417 0.004000
0 0.626302 0.414000 0.005729 0.005500
0 0.621875 0.414125 0.005208 0.005250
0 0.602865 0.404250 0.009896 0.005500
0 0.601823 0.397375 0.004687 0.004750
0 0.597656 0.397250 0.005729 0.006000
0 0.648438 0.376375 0.008333 0.006750
0 0.589844 0.354375 0.008854 0.006750
0 0.606771 0.310000 0.009375 0.006000
0 0.626042 0.256875 0.012500 0.005750
0 0.738281 0.352750 0.009896 0.005500
0 0.690625 0.383625 0.011458 0.003750
0 0.632292 0.433375 0.009375 0.003250
0 0.628125 0.431750 0.008333 0.003500
0 0.624740 0.434750 0.006771 0.003500
0 0.622656 0.437250 0.005729 0.004500
0 0.616667 0.447250 0.010417 0.004500
0 0.614844 0.456750 0.008854 0.003500
0 0.614323 0.454875 0.007812 0.003250
0 0.607292 0.457500 0.007292 0.003000
0 0.605208 0.459375 0.007292 0.002750
0 0.598177 0.471125 0.007812 0.003750
0 0.618229 0.471250 0.009375 0.003000
0 0.614323 0.470250 0.006771 0.003500
0 0.593229 0.475125 0.007292 0.003750
0 0.592187 0.479625 0.009375 0.002750
0 0.587760 0.481500 0.005729 0.003000
0 0.590625 0.485625 0.008333 0.003750
0 0.610417 0.477625 0.007292 0.004250
0 0.582292 0.488125 0.008333 0.005250
0 0.564844 0.514875 0.006771 0.003250
0 0.557552 0.519750 0.005729 0.004500
0 0.556771 0.523000 0.005208 0.003000
0 0.555208 0.524875 0.005208 0.002250
0 0.547135 0.535500 0.005729 0.002500
0 0.685156 0.523000 0.009896 0.004000
0 0.699219 0.521000 0.008854 0.003500
0 0.694792 0.518125 0.008333 0.004750
0 0.733854 0.515750 0.008333 0.002000
0 0.734115 0.513750 0.010937 0.002500
0 0.735417 0.509500 0.010417 0.003000
0 0.749740 0.514000 0.009896 0.002500
0 0.753646 0.509625 0.006250 0.005250
0 0.748698 0.509375 0.004687 0.005250
0 0.772656 0.500500 0.010937 0.002500
0 0.777083 0.506125 0.009375 0.002250
0 0.777604 0.508000 0.010417 0.002000
0 0.789323 0.479625 0.006771 0.006250
0 0.835156 0.493500 0.009896 0.003000
0 0.835938 0.491500 0.008333 0.002500
0 0.831510 0.487750 0.011979 0.004000
0 0.875781 0.466125 0.009896 0.003250
0 0.877083 0.464125 0.008333 0.002250
0 0.979687 0.508875 0.009375 0.003250
0 0.815625 0.509625 0.007292 0.004250
0 0.812760 0.508250 0.009896 0.004000
0 0.782813 0.531375 0.008333 0.004750
0 0.723177 0.532500 0.009896 0.003000
0 0.720833 0.531125 0.009375 0.002750
0 0.676562 0.540250 0.008333 0.003000
0 0.675781 0.538250 0.007812 0.003500
0 0.664062 0.543625 0.008333 0.004250
0 0.663021 0.541375 0.008333 0.003250
0 0.653906 0.550250 0.009896 0.003500
0 0.699219 0.570750 0.010937 0.003500
0 0.710417 0.575125 0.012500 0.005250
0 0.721615 0.577625 0.010937 0.001750
0 0.721875 0.579125 0.010417 0.001750
0 0.724740 0.580625 0.007812 0.001250
0 0.725000 0.582250 0.010417 0.002500
0 0.733854 0.580250 0.011458 0.003000
0 0.756771 0.569750 0.004167 0.004500
0 0.752865 0.569750 0.003646 0.005000
0 0.765885 0.576000 0.010937 0.003000
0 0.760938 0.583250 0.012500 0.003000
0 0.760417 0.587625 0.011458 0.002750
0 0.751042 0.585625 0.011458 0.002750
0 0.750260 0.582000 0.010937 0.003500
0 0.792188 0.585250 0.009375 0.005000
0 0.773177 0.573875 0.010937 0.002750
0 0.774479 0.572375 0.008333 0.001750
0 0.828646 0.573250 0.005208 0.005000
0 0.960938 0.594625 0.010417 0.003250
0 0.697135 0.590000 0.013021 0.004000
0 0.708594 0.657125 0.005729 0.005250
0 0.696615 0.667625 0.009896 0.005250
0 0.779948 0.694750 0.013021 0.005000
0 0.550260 0.326000 0.007812 0.007000
0 0.068750 0.344375 0.010417 0.007250
0 0.183854 0.293375 0.009375 0.006750
