0 0.471354 0.701000 0.009375 0.005500
0 0.475521 0.699750 0.012500 0.006000
0 0.528385 0.663500 0.014063 0.008000
0 0.537760 0.645625 0.010937 0.008750
0 0.526302 0.627125 0.013021 0.008250
0 0.576302 0.605250 0.015104 0.010500
0 0.459375 0.579375 0.017708 0.006250
0 0.475260 0.553625 0.018229 0.006250
0 0.486719 0.543125 0.016146 0.007750
0 0.411719 0.549250 0.016146 0.004500
0 0.346615 0.607500 0.016146 0.007500
0 0.340885 0.581375 0.011979 0.007750
0 0.329688 0.579625 0.011458 0.007750
0 0.323177 0.561750 0.014063 0.006000
0 0.310937 0.564000 0.015625 0.005000
0 0.314063 0.573375 0.013542 0.006250
0 0.309115 0.570625 0.010937 0.003750
0 0.292708 0.583000 0.014583 0.008000
0 0.291146 0.601125 0.014583 0.006750
0 0.250781 0.598250 0.020313 0.006000
0 0.263542 0.608000 0.017708 0.006500
0 0.303906 0.624125 0.014063 0.007750
0 0.280469 0.623875 0.013021 0.009750
0 0.138802 0.622375 0.018229 0.004250
0 0.438542 0.489250 0.014583 0.008000
0 0.454687 0.476750 0.019792 0.005500
0 0.357812 0.477000 0.010417 0.009000
0 0.363542 0.465375 0.010417 0.005250
0 0.393750 0.467875 0.006250 0.005250
0 0.386979 0.467125 0.007292 0.005250
0 0.351823 0.463750 0.008854 0.004500
0 0.313021 0.482875 0.018750 0.005750
0 0.296875 0.486750 0.017708 0.006000
0 0.260937 0.494875 0.017708 0.008250
0 0.232552 0.482125 0.019271 0.006750
0 0.207812 0.474750 0.016667 0.004500
0 0.191667 0.484000 0.017708 0.006500
0 0.176042 0.470750 0.015625 0.005000
0 0.173698 0.466250 0.017188 0.007000
0 0.189844 0.453250 0.020313 0.006000
0 0.252083 0.452375 0.016667 0.005750
0 0.100781 0.474125 0.014063 0.007750
0 0.105208 0.465500 0.016667 0.007500
0 0.126042 0.466750 0.016667 0.006500
0 0.076302 0.453500 0.021354 0.005500
0 0.105208 0.444750 0.019792 0.007000
0 0.133333 0.435250 0.016667 0.006000
0 0.115625 0.427875 0.010417 0.004250
0 0.120573 0.427375 0.014063 0.005750
0 0.057292 0.435125 0.021875 0.005750
0 0.052604 0.425000 0.015625 0.006500
0 0.075781 0.414125 0.017188 0.005250
0 0.053646 0.410125 0.013542 0.005750
0 0.025781 0.414125 0.019271 0.006250
0 0.310937 0.464500 0.015625 0.006000
0 0.310156 0.458000 0.017188 0.004000
0 0.291146 0.450875 0.014583 0.005750
0 0.513281 0.447500 0.013021 0.007500
0 0.540104 0.436375 0.018750 0.005750
0 0.472917 0.433625 0.017708 0.007250
0 0.453385 0.416125 0.015104 0.006250
0 0.490885 0.416875 0.017188 0.005750
0 0.404167 0.420125 0.016667 0.006250
0 0.432031 0.405500 0.016146 0.006500
0 0.445833 0.392125 0.013542 0.005750
0 0.373177 0.382750 0.018229 0.007500
0 0.341146 0.364750 0.007292 0.008000
0 0.334896 0.359750 0.017708 0.005000
0 0.316667 0.377375 0.009375 0.008750
0 0.310156 0.378375 0.006771 0.006250
0 0.287760 0.349750 0.013021 0.008000
0 0.288281 0.340875 0.014063 0.007250
0 0.303385 0.345875 0.009896 0.007250
0 0.307552 0.345125 0.008854 0.006250
0 0.251042 0.341750 0.017708 0.006500
0 0.259375 0.333625 0.013542 0.008750
0 0.224740 0.342375 0.007812 0.008250
0 0.208333 0.337500 0.011458 0.008500
0 0.208854 0.323875 0.007292 0.008750
0 0.203125 0.321750 0.008333 0.008000
0 0.254688 0.298875 0.014583 0.008750
0 0.206250 0.282125 0.015625 0.005250
0 0.205990 0.277875 0.017188 0.004250
0 0.701562 0.417625 0.013542 0.006250
0 0.783333 0.398125 0.019792 0.007250
0 0.660417 0.393625 0.011458 0.006250
0 0.721875 0.368500 0.009375 0.006000
