0 0.624875 0.739323 0.007250 0.007812
0 0.658125 0.750521 0.006750 0.011458
0 0.670500 0.774219 0.007000 0.011979
0 0.684750 0.767969 0.007000 0.010937
0 0.716500 0.810156 0.004500 0.013021
0 0.722000 0.865625 0.005500 0.013542
0 0.746875 0.799219 0.004750 0.014063
0 0.706000 0.821094 0.007000 0.011979
0 0.771125 0.809896 0.006750 0.015625
0 0.764375 0.797135 0.006750 0.008854
0 0.761625 0.768490 0.008750 0.014063
0 0.798250 0.821094 0.005500 0.013021
0 0.817625 0.796094 0.004250 0.014063
0 0.819250 0.830208 0.006000 0.009375
0 0.858875 0.807812 0.006250 0.009375
0 0.870625 0.810156 0.006750 0.009896
0 0.847500 0.840885 0.004000 0.010937
0 0.856375 0.826302 0.006250 0.009896
0 0.849750 0.832292 0.005500 0.008333
0 0.855750 0.836198 0.006000 0.009896
0 0.805375 0.704427 0.005750 0.010937
0 0.693625 0.727083 0.006250 0.009375
0 0.690750 0.741406 0.006000 0.014063
0 0.709125 0.732552 0.006750 0.008854
0 0.666375 0.731510 0.003750 0.015104
0 0.671125 0.732031 0.003750 0.014063
0 0.675625 0.730208 0.004250 0.012500
0 0.680125 0.738802 0.005750 0.008854
0 0.649000 0.727083 0.004500 0.011458
0 0.653375 0.726823 0.003750 0.015104
0 0.700500 0.740365 0.004000 0.013021
0 0.713125 0.743490 0.003250 0.011979
0 0.716875 0.749479 0.006750 0.007292
0 0.702750 0.737760 0.003000 0.013021
0 0.670875 0.596354 0.006250 0.010417
0 0.682500 0.562240 0.006000 0.013021
0 0.686000 0.553906 0.006000 0.009896
0 0.711000 0.568750 0.004500 0.014583
0 0.717875 0.495052 0.005750 0.016146
0 0.701875 0.485417 0.005750 0.013542
0 0.702625 0.470573 0.007250 0.009896
0 0.731000 0.460677 0.006500 0.016146
0 0.721750 0.405469 0.005500 0.011979
0 0.710000 0.518750 0.007000 0.006250
0 0.709750 0.524219 0.007000 0.006771
0 0.748000 0.453125 0.007500 0.007292
0 0.742125 0.457292 0.006250 0.008333
0 0.751750 0.469271 0.006500 0.006250
0 0.752500 0.474219 0.007000 0.005729
0 0.755625 0.489844 0.009250 0.007812
0 0.782875 0.483854 0.008250 0.013542
0 0.747750 0.504948 0.007500 0.014063
0 0.719750 0.545312 0.006000 0.007292
0 0.719625 0.553125 0.006250 0.010417
0 0.711500 0.469531 0.004500 0.009896
0 0.716875 0.463281 0.005750 0.013021
0 0.713125 0.457031 0.005250 0.010937
0 0.751375 0.394010 0.005750 0.008854
0 0.750750 0.379948 0.006000 0.014063
0 0.670750 0.429688 0.007500 0.013542
0 0.671500 0.387500 0.005500 0.019792
0 0.639125 0.343490 0.006250 0.011979
0 0.660375 0.320312 0.008250 0.008333
0 0.629125 0.384375 0.004750 0.012500
0 0.632375 0.465885 0.005250 0.013021
0 0.650750 0.407031 0.005500 0.008854
0 0.648125 0.425260 0.003250 0.013021
0 0.650750 0.418490 0.005500 0.011979
0 0.574375 0.330469 0.005250 0.011979
0 0.530000 0.332813 0.005000 0.009375
0 0.541000 0.327604 0.004000 0.010417
0 0.547750 0.382552 0.006000 0.011979
0 0.554250 0.382552 0.004500 0.011979
0 0.556000 0.394792 0.006000 0.010417
0 0.558000 0.225521 0.007000 0.007292
0 0.561750 0.246094 0.004500 0.015104
0 0.538000 0.206771 0.005500 0.009375
0 0.520000 0.235677 0.005000 0.013021
0 0.525250 0.233073 0.004500 0.013021
0 0.521250 0.152083 0.004500 0.014583
0 0.527750 0.194792 0.004000 0.007292
0 0.502500 0.070833 0.006500 0.016667
0 0.521125 0.067448 0.008750 0.016146
0 0.513875 0.017448 0.005750 0.010937
0 0.518875 0.135417 0.004750 0.014583
0 0.543000 0.246354 0.004500 0.014583
0 0.428125 0.370052 0.006250 0.010937
0 0.433125 0.368750 0.003750 0.013542
0 0.426500 0.297135 0.005500 0.013021
0 0.425250 0.267448 0.006000 0.011979
0 0.375000 0.180208 0.007500 0.012500
0 0.368500 0.182552 0.006500 0.008854
0 0.362375 0.181510 0.004750 0.010937
0 0.390750 0.259375 0.006000 0.009375
0 0.392625 0.265625 0.005750 0.009375
0 0.376125 0.292448 0.006250 0.011979
0 0.372125 0.284635 0.003750 0.006771
0 0.440875 0.420833 0.006750 0.013542
0 0.451125 0.433854 0.008250 0.012500
0 0.445625 0.408594 0.006750 0.020313
0 0.330500 0.188542 0.005000 0.013542
0 0.211500 0.376563 0.008000 0.008333
0 0.153000 0.394010 0.004500 0.015104
0 0.204250 0.492448 0.007000 0.008854
0 0.281250 0.476562 0.007500 0.012500
0 0.269625 0.510677 0.005750 0.014063
0 0.294875 0.515365 0.007750 0.014063
0 0.304125 0.486719 0.011750 0.011979
0 0.267250 0.549479 0.006500 0.010417
0 0.281500 0.550260 0.003500 0.015104
0 0.286000 0.546615 0.006000 0.011979
0 0.334625 0.548698 0.004750 0.013021
0 0.340250 0.543490 0.006500 0.010937
0 0.347125 0.554948 0.007250 0.022396
0 0.405125 0.591406 0.007250 0.017188
0 0.417625 0.642969 0.007250 0.013021
0 0.389750 0.634896 0.006000 0.012500
0 0.363250 0.629948 0.011000 0.022396
0 0.394625 0.565625 0.007750 0.016667
0 0.539125 0.729167 0.004250 0.014583
0 0.674250 0.177083 0.006000 0.008333
0 0.672625 0.222656 0.004750 0.009896
0 0.668000 0.222917 0.005500 0.011458
0 0.666000 0.239062 0.004500 0.012500
0 0.663250 0.256250 0.005000 0.010417
0 0.664500 0.279167 0.006500 0.007292
0 0.648875 0.228125 0.003750 0.014583
0 0.652500 0.227083 0.003500 0.013542
0 0.629375 0.126042 0.003250 0.013542
0 0.664375 0.120052 0.005750 0.007812
0 0.658500 0.091146 0.006000 0.014583
0 0.651750 0.089063 0.004500 0.014583
0 0.657250 0.030469 0.005000 0.013021
0 0.672125 0.035937 0.004750 0.014583
0 0.671250 0.019792 0.005000 0.009375
0 0.675750 0.014844 0.004500 0.008854
0 0.870375 0.333073 0.003750 0.015104
0 0.849750 0.353906 0.005000 0.011979
0 0.805750 0.291927 0.004500 0.014063
0 0.806375 0.266667 0.006250 0.012500
0 0.808625 0.232031 0.006250 0.013021
0 0.868250 0.268750 0.004500 0.011458
0 0.883625 0.242969 0.006750 0.009896
0 0.872875 0.244531 0.003250 0.013021
0 0.876750 0.253906 0.006500 0.011979
0 0.892500 0.204427 0.006500 0.013021
0 0.909500 0.195312 0.006500 0.008333
0 0.910625 0.212500 0.005750 0.010417
0 0.850750 0.196354 0.007500 0.012500
0 0.826125 0.151302 0.007750 0.011979
0 0.845875 0.099740 0.006250 0.013021
0 0.951750 0.132031 0.004500 0.008854
0 0.766500 0.291667 0.007000 0.009375
0 0.778375 0.297917 0.007250 0.008333
0 0.766250 0.338802 0.006500 0.011979
0 0.772750 0.359896 0.005500 0.011458
0 0.786875 0.338021 0.007250 0.009375
0 0.788125 0.359635 0.005750 0.006771
0 0.786250 0.365885 0.007500 0.008854
0 0.815000 0.404167 0.003500 0.010417
0 0.810875 0.401562 0.005250 0.009375
0 0.339625 0.085938 0.005250 0.016667
