0 0.967708 0.815750 0.014583 0.013500
0 0.939583 0.782625 0.026042 0.019250
0 0.950781 0.761500 0.015104 0.011500
0 0.982552 0.783500 0.023438 0.013000
0 0.776302 0.713625 0.019271 0.011250
0 0.780208 0.726875 0.025000 0.010750
0 0.675000 0.717375 0.036458 0.015750
0 0.672917 0.717750 0.025000 0.018500
0 0.654167 0.694375 0.023958 0.016250
0 0.721615 0.685625 0.022396 0.010750
0 0.664323 0.661125 0.019271 0.010750
0 0.741667 0.628250 0.025000 0.012500
0 0.702865 0.610625 0.032813 0.015250
0 0.598177 0.623125 0.031771 0.015250
0 0.605990 0.624250 0.045312 0.019500
0 0.605469 0.602500 0.023438 0.012000
0 0.597656 0.603500 0.032813 0.012000
0 0.588281 0.586750 0.021354 0.011000
0 0.557813 0.645375 0.026042 0.008750
0 0.514844 0.646750 0.021354 0.010500
0 0.554427 0.612875 0.021354 0.009750
0 0.421354 0.848500 0.022917 0.012500
0 0.449740 0.837250 0.022396 0.010000
0 0.272396 0.843500 0.026042 0.009000
0 0.299740 0.770750 0.028646 0.012500
0 0.307292 0.764500 0.013542 0.012000
0 0.332552 0.750000 0.028646 0.014500
0 0.314323 0.719125 0.021354 0.009250
0 0.091927 0.812000 0.020313 0.008000
0 0.164323 0.801750 0.022396 0.012500
0 0.077865 0.780125 0.023438 0.014250
0 0.091146 0.729125 0.026042 0.009750
0 0.088542 0.715875 0.017708 0.009250
0 0.065365 0.714625 0.011979 0.009250
0 0.034115 0.668500 0.020313 0.008000
0 0.051823 0.629125 0.028646 0.010750
0 0.113021 0.616500 0.028125 0.012000
0 0.249740 0.651625 0.019271 0.009250
0 0.252604 0.660250 0.015625 0.006000
0 0.281771 0.644250 0.028125 0.007500
0 0.280469 0.652500 0.019271 0.011000
0 0.290885 0.662250 0.019271 0.010000
0 0.307552 0.658250 0.017188 0.012500
0 0.282292 0.673875 0.027083 0.021250
0 0.278125 0.673375 0.023958 0.014750
0 0.226042 0.619250 0.023958 0.013000
0 0.251563 0.612750 0.034375 0.013000
0 0.250000 0.603250 0.016667 0.010500
0 0.224219 0.573125 0.031771 0.018250
0 0.220833 0.560875 0.013542 0.010250
0 0.241927 0.561125 0.019271 0.014250
0 0.195573 0.551750 0.028646 0.012500
0 0.094271 0.578500 0.015625 0.011000
0 0.057031 0.580250 0.018229 0.007500
0 0.040625 0.566375 0.026042 0.014750
0 0.535156 0.583250 0.017188 0.011500
0 0.518229 0.577500 0.026042 0.012000
0 0.510938 0.586750 0.027083 0.007500
0 0.443490 0.572625 0.021354 0.009750
0 0.502865 0.566125 0.022396 0.009750
0 0.497135 0.554375 0.018229 0.011250
0 0.491146 0.553000 0.023958 0.016500
0 0.520573 0.550250 0.017188 0.013000
0 0.510677 0.530250 0.020313 0.012000
0 0.440625 0.546500 0.029167 0.010000
0 0.437500 0.544125 0.027083 0.015750
0 0.410677 0.529375 0.036979 0.014750
0 0.462760 0.494875 0.028646 0.010750
0 0.392448 0.491875 0.030729 0.015750
0 0.326302 0.487000 0.024479 0.014500
0 0.325521 0.479625 0.026042 0.015250
0 0.312760 0.466500 0.022396 0.013000
0 0.206771 0.527000 0.039583 0.018500
0 0.206250 0.526625 0.040625 0.017750
0 0.196094 0.510375 0.022396 0.010250
0 0.189323 0.500250 0.027604 0.011000
0 0.189323 0.499750 0.022396 0.011000
0 0.200781 0.483500 0.022396 0.011000
0 0.158333 0.494375 0.028125 0.010750
0 0.155469 0.484500 0.033854 0.014000
0 0.061979 0.518125 0.016667 0.009750
0 0.068229 0.513375 0.022917 0.009750
0 0.058594 0.500875 0.023438 0.015250
0 0.071615 0.503000 0.020313 0.013000
0 0.140625 0.463625 0.036458 0.017750
0 0.141146 0.460875 0.035417 0.013750
0 0.045052 0.446500 0.028646 0.010000
0 0.297917 0.441625 0.025000 0.008750
0 0.296875 0.425750 0.034375 0.013000
0 0.966667 0.488375 0.030208 0.022750
0 0.912240 0.497875 0.017188 0.013750
0 0.891146 0.507125 0.025000 0.014750
0 0.887500 0.506750 0.023958 0.012000
0 0.853385 0.467125 0.042188 0.015250
0 0.846354 0.482875 0.026042 0.015250
0 0.864583 0.486875 0.037500 0.015750
0 0.828125 0.496500 0.013542 0.012000
0 0.841406 0.499000 0.018229 0.011500
0 0.798438 0.485875 0.022917 0.011250
0 0.785937 0.471750 0.027083 0.012500
0 0.795573 0.461500 0.019271 0.013500
0 0.741146 0.459750 0.023958 0.012500
0 0.753906 0.469875 0.021354 0.013250
0 0.725000 0.468500 0.025000 0.014500
0 0.696615 0.472125 0.018229 0.016250
0 0.679167 0.464375 0.026042 0.009750
0 0.675000 0.455500 0.029167 0.012500
0 0.673438 0.442375 0.023958 0.013750
0 0.708594 0.449500 0.021354 0.014500
0 0.704427 0.438625 0.016146 0.010250
0 0.728906 0.436500 0.021354 0.011500
0 0.737240 0.409000 0.022396 0.008500
0 0.716927 0.389375 0.020313 0.009750
0 0.621875 0.443500 0.015625 0.009000
0 0.615104 0.418750 0.017708 0.014000
0 0.573698 0.418875 0.017188 0.009750
0 0.538802 0.409875 0.021354 0.015750
0 0.513802 0.405750 0.019271 0.014000
0 0.501302 0.402375 0.021354 0.008750
0 0.491667 0.412250 0.017708 0.010000
0 0.433073 0.402125 0.019271 0.009250
0 0.445833 0.391000 0.023958 0.012000
0 0.449219 0.371500 0.023438 0.010000
0 0.398177 0.379625 0.028646 0.014250
0 0.386979 0.377125 0.026042 0.014750
0 0.345052 0.381000 0.021354 0.008000
0 0.335938 0.369875 0.039583 0.016250
0 0.228385 0.316000 0.017188 0.011000
0 0.249479 0.302000 0.027083 0.012000
0 0.325781 0.285000 0.030729 0.013000
0 0.336979 0.294000 0.014583 0.011500
0 0.333594 0.308375 0.021354 0.009750
0 0.370312 0.291000 0.027083 0.012000
0 0.377083 0.278250 0.013542 0.010500
0 0.401823 0.275250 0.019271 0.012000
0 0.420312 0.267125 0.029167 0.014250
0 0.419010 0.284250 0.031771 0.017000
0 0.423698 0.285375 0.033854 0.014750
0 0.432812 0.300250 0.029167 0.012000
0 0.464323 0.265500 0.020313 0.014000
0 0.489844 0.257625 0.021354 0.011250
0 0.501302 0.248125 0.019271 0.011750
0 0.540365 0.223375 0.018229 0.013750
0 0.657031 0.203000 0.018229 0.011000
0 0.631510 0.242375 0.032813 0.015750
0 0.596354 0.255375 0.035417 0.014750
0 0.643229 0.269000 0.027083 0.011500
0 0.604948 0.288375 0.035937 0.014250
0 0.617448 0.294000 0.031771 0.019000
0 0.543229 0.276625 0.028125 0.014750
0 0.522135 0.293750 0.033854 0.011000
0 0.768490 0.210125 0.032813 0.020750
0 0.770833 0.212000 0.026042 0.012500
0 0.739583 0.261250 0.022917 0.012000
0 0.757031 0.254375 0.021354 0.015750
0 0.742969 0.302750 0.022396 0.010500
0 0.811979 0.272125 0.022917 0.016250
0 0.832552 0.255500 0.022396 0.013500
0 0.838802 0.245375 0.030729 0.019750
0 0.872656 0.264125 0.023438 0.014750
0 0.894792 0.268875 0.022917 0.015250
0 0.919271 0.283250 0.026042 0.012500
0 0.937760 0.319625 0.031771 0.011250
0 0.950781 0.226375 0.023438 0.015250
0 0.962760 0.241000 0.029687 0.017500
0 0.967187 0.242125 0.036458 0.011750
0 0.717448 0.062875 0.032813 0.016250
0 0.540365 0.079375 0.029687 0.014750
0 0.601562 0.115875 0.027083 0.015750
0 0.629167 0.105250 0.028125 0.012000
0 0.397656 0.092875 0.027604 0.010250
0 0.561719 0.171250 0.029687 0.014500
0 0.465104 0.155000 0.023958 0.018000
0 0.480208 0.155375 0.025000 0.010250
0 0.488802 0.166375 0.023438 0.015750
0 0.378385 0.155750 0.033854 0.012000
0 0.376563 0.191250 0.026042 0.012500
0 0.301563 0.162000 0.025000 0.011500
0 0.300260 0.153000 0.033854 0.015000
0 0.277083 0.196250 0.021875 0.013500
0 0.325000 0.201375 0.027083 0.013250
0 0.312760 0.200125 0.029687 0.015750
0 0.330990 0.216875 0.029687 0.016750
0 0.350260 0.211375 0.020313 0.009250
0 0.304948 0.232375 0.029687 0.014250
0 0.314323 0.231000 0.021354 0.017000
0 0.277083 0.224250 0.021875 0.013000
0 0.218229 0.231000 0.030208 0.012500
0 0.228906 0.246500 0.018229 0.012000
0 0.198958 0.251125 0.028125 0.015750
