0 0.721500 0.571354 0.006000 0.009375
0 0.703375 0.647917 0.003250 0.014583
0 0.699875 0.641927 0.004750 0.008854
0 0.695375 0.639323 0.005750 0.009896
0 0.787375 0.578906 0.005750 0.011979
0 0.824625 0.607292 0.004750 0.011458
0 0.779375 0.488281 0.003750 0.010937
0 0.787500 0.499479 0.007000 0.010417
0 0.773875 0.448958 0.005250 0.013542
0 0.819125 0.539323 0.004750 0.013021
0 0.820750 0.526302 0.004000 0.015104
0 0.847500 0.459115 0.005000 0.010937
0 0.810625 0.421875 0.006750 0.006250
0 0.853875 0.432292 0.005750 0.011458
0 0.868625 0.399479 0.006750 0.011458
0 0.942875 0.310937 0.005750 0.011458
0 0.889125 0.539323 0.009750 0.019271
0 0.561500 0.543490 0.005500 0.010937
0 0.582250 0.513802 0.007000 0.008854
0 0.605125 0.516146 0.005250 0.008333
0 0.613125 0.507812 0.005250 0.011458
0 0.586125 0.478125 0.003250 0.014583
0 0.637625 0.394792 0.006250 0.009375
0 0.622375 0.462760 0.002750 0.010937
0 0.651125 0.422396 0.003750 0.008333
0 0.658250 0.395833 0.004000 0.012500
0 0.688500 0.398177 0.005500 0.008854
0 0.679625 0.382031 0.005750 0.009896
0 0.666250 0.386719 0.004500 0.008854
0 0.655125 0.353906 0.006250 0.009896
0 0.651125 0.322396 0.005750 0.008333
0 0.659875 0.313281 0.005750 0.010937
0 0.629750 0.363021 0.006000 0.009375
0 0.638875 0.356771 0.005750 0.012500
0 0.640625 0.336458 0.006250 0.010417
0 0.689250 0.310677 0.006500 0.008854
0 0.719875 0.309115 0.005750 0.014063
0 0.711000 0.319531 0.004000 0.008854
0 0.687125 0.358854 0.003750 0.010417
0 0.689375 0.349219 0.003750 0.011979
0 0.672000 0.367448 0.003500 0.010937
0 0.669250 0.372917 0.003500 0.009375
0 0.703375 0.333594 0.003250 0.011979
0 0.703625 0.344792 0.002750 0.011458
0 0.707375 0.335156 0.004750 0.011979
0 0.748875 0.263802 0.004250 0.007812
0 0.727500 0.265625 0.005000 0.007292
0 0.776750 0.261719 0.005000 0.009896
0 0.725375 0.280990 0.006750 0.015104
0 0.735875 0.225000 0.005750 0.007292
0 0.737000 0.217448 0.006500 0.009896
0 0.767750 0.147656 0.002500 0.013021
0 0.772500 0.161198 0.006000 0.008854
0 0.770750 0.154948 0.005500 0.011979
0 0.722250 0.233073 0.007000 0.008854
0 0.717250 0.223177 0.003000 0.015104
0 0.720000 0.222135 0.003500 0.014063
0 0.671500 0.189844 0.006000 0.008854
0 0.671875 0.225521 0.005250 0.012500
0 0.683250 0.284115 0.006500 0.010937
0 0.653500 0.283073 0.006500 0.011979
0 0.637875 0.270052 0.006250 0.011979
0 0.702250 0.262500 0.006000 0.007292
0 0.696375 0.266927 0.003750 0.014063
0 0.696875 0.253125 0.006750 0.007292
0 0.776250 0.029948 0.005000 0.010937
0 0.793500 0.026823 0.006500 0.011979
0 0.482125 0.454687 0.005250 0.010417
0 0.474750 0.457552 0.003500 0.014063
0 0.509250 0.382552 0.004500 0.010937
0 0.516000 0.277865 0.003500 0.013021
0 0.513000 0.301823 0.002500 0.011979
0 0.513250 0.313802 0.004000 0.013021
0 0.507375 0.220052 0.004250 0.010937
0 0.513375 0.196094 0.006750 0.007812
0 0.507625 0.180208 0.006750 0.010417
0 0.520375 0.169010 0.006250 0.013021
0 0.527625 0.120833 0.006750 0.013542
0 0.568000 0.047917 0.006000 0.015625
0 0.533250 0.008073 0.006500 0.015104
0 0.484125 0.611719 0.003250 0.014063
0 0.497000 0.699219 0.003500 0.013021
0 0.398000 0.832031 0.006000 0.008854
0 0.329750 0.714063 0.003500 0.010417
0 0.355875 0.726823 0.005250 0.009896
0 0.339500 0.751302 0.004000 0.009896
0 0.340625 0.764583 0.005750 0.007292
0 0.338375 0.757031 0.005750 0.008854
0 0.311000 0.681771 0.003500 0.011458
0 0.310875 0.740104 0.002750 0.011458
0 0.315000 0.741927 0.005000 0.010937
0 0.213500 0.674479 0.005000 0.011458
0 0.220000 0.654948 0.004000 0.011979
0 0.239750 0.640365 0.007000 0.006771
0 0.261125 0.640625 0.006250 0.006250
0 0.258875 0.661979 0.005750 0.013542
0 0.252875 0.702604 0.006250 0.013542
0 0.241000 0.614062 0.003500 0.011458
0 0.229750 0.616406 0.004500 0.010937
0 0.233125 0.615885 0.002250 0.013021
0 0.235250 0.617188 0.002500 0.010417
0 0.227750 0.559115 0.003500 0.011979
0 0.233750 0.557552 0.005500 0.010937
0 0.193000 0.577604 0.003500 0.012500
0 0.180750 0.574219 0.003500 0.014063
0 0.181000 0.561458 0.006500 0.006250
0 0.187250 0.564323 0.006500 0.006771
0 0.168125 0.520052 0.006750 0.007812
0 0.166875 0.509635 0.007250 0.008854
0 0.135500 0.522396 0.007500 0.007292
0 0.138625 0.512760 0.005250 0.010937
0 0.138375 0.483073 0.006250 0.008854
0 0.142375 0.478646 0.007250 0.007292
0 0.136625 0.586458 0.007250 0.007292
0 0.132875 0.594531 0.002750 0.011979
0 0.130125 0.602865 0.005750 0.006771
0 0.137125 0.598958 0.005750 0.013542
0 0.108750 0.474740 0.007500 0.009896
0 0.106750 0.533333 0.005500 0.013542
0 0.078250 0.536198 0.005000 0.009896
0 0.069375 0.425260 0.007250 0.010937
0 0.085625 0.464323 0.006250 0.007812
0 0.086000 0.473177 0.005000 0.008854
0 0.041500 0.388542 0.005000 0.010417
0 0.060000 0.353125 0.007000 0.006250
0 0.060375 0.361198 0.004750 0.010937
0 0.407875 0.642969 0.003750 0.014063
0 0.373500 0.550000 0.004500 0.015625
0 0.372375 0.519792 0.003750 0.013542
0 0.365125 0.505208 0.007250 0.016667
0 0.370625 0.439323 0.006250 0.015104
0 0.352875 0.442708 0.003250 0.015625
0 0.333875 0.427083 0.005250 0.014583
0 0.339250 0.409375 0.006500 0.015625
0 0.346500 0.406510 0.004000 0.014063
0 0.343250 0.428906 0.005000 0.015104
0 0.324000 0.384635 0.004500 0.014063
0 0.319750 0.384115 0.004500 0.013021
0 0.345000 0.329688 0.006000 0.011458
0 0.343250 0.284896 0.004500 0.012500
0 0.334875 0.240885 0.005250 0.010937
0 0.258125 0.227344 0.006250 0.017188
0 0.289125 0.212240 0.006750 0.013021
0 0.312125 0.203906 0.005750 0.014063
0 0.329125 0.211979 0.004250 0.016667
0 0.295500 0.268490 0.003000 0.018229
0 0.298625 0.272135 0.003750 0.016146
0 0.310500 0.271094 0.003500 0.015104
0 0.314500 0.282031 0.006500 0.009896
0 0.329875 0.287240 0.005750 0.008854
0 0.301375 0.258594 0.005750 0.015104
0 0.268500 0.106510 0.004000 0.013021
0 0.274375 0.096354 0.005750 0.012500
0 0.285500 0.063281 0.004000 0.014063
0 0.310250 0.061719 0.005000 0.015104
0 0.295500 0.048698 0.005000 0.007812
0 0.264625 0.032552 0.006750 0.010937
0 0.230625 0.092448 0.007750 0.016146
0 0.289000 0.144010 0.004500 0.014063
0 0.298875 0.140625 0.006750 0.012500
0 0.305375 0.158854 0.005250 0.011458
0 0.313375 0.142969 0.007250 0.015104
0 0.313875 0.157812 0.004250 0.013542
0 0.311500 0.171875 0.003500 0.012500
0 0.334625 0.306250 0.006250 0.014583
0 0.339500 0.314063 0.004000 0.013542
0 0.356625 0.390885 0.007250 0.016146
0 0.358500 0.416146 0.005000 0.012500
0 0.347000 0.345313 0.004500 0.009375
0 0.345500 0.356250 0.005000 0.009375
0 0.305875 0.034375 0.003750 0.012500
0 0.306125 0.048698 0.005250 0.009896
0 0.663750 0.639844 0.003500 0.010937
0 0.617125 0.671354 0.006250 0.009375
0 0.584625 0.730729 0.007750 0.009375
0 0.545500 0.731250 0.004000 0.010417
0 0.542875 0.838021 0.006250 0.013542
0 0.574125 0.860677 0.004250 0.013021
0 0.586000 0.870052 0.005000 0.014063
0 0.612625 0.897135 0.007750 0.015104
0 0.638500 0.888802 0.004500 0.016146
0 0.653875 0.869792 0.007250 0.011458
0 0.648750 0.919792 0.007000 0.009375
0 0.656875 0.940365 0.005750 0.015104
0 0.666625 0.953125 0.004750 0.016667
0 0.600875 0.924740 0.006250 0.007812
0 0.632250 0.917448 0.006000 0.009896
0 0.627875 0.925000 0.007250 0.012500
0 0.628875 0.954948 0.007250 0.010937
0 0.676250 0.977865 0.004000 0.017188
0 0.680125 0.989323 0.006750 0.007812
0 0.682125 0.958073 0.005750 0.008854
0 0.685750 0.986458 0.004500 0.015625
0 0.690500 0.989062 0.005000 0.015625
0 0.694125 0.988021 0.005750 0.014583
0 0.531375 0.623958 0.003750 0.017708
0 0.182750 0.660417 0.009000 0.013542
0 0.196125 0.650521 0.008250 0.019792
0 0.128000 0.976823 0.005500 0.008854
0 0.132875 0.982812 0.007250 0.007292
0 0.177250 0.979948 0.007500 0.007812
0 0.193750 0.980729 0.005500 0.008333
0 0.202250 0.982552 0.006000 0.010937
0 0.184000 0.992969 0.005500 0.013021
0 0.233125 0.957292 0.003250 0.014583
0 0.243250 0.921615 0.005500 0.010937
0 0.219750 0.975781 0.006500 0.007812
0 0.225125 0.994792 0.004250 0.009375
0 0.232500 0.992708 0.006500 0.008333
0 0.186375 0.954688 0.006250 0.016667
0 0.221500 0.940625 0.005500 0.011458
0 0.212375 0.939063 0.006250 0.011458
0 0.214250 0.946094 0.005500 0.009896
0 0.217500 0.960938 0.007500 0.010417
0 0.278625 0.898958 0.004250 0.012500
0 0.271000 0.893490 0.006500 0.011979
0 0.299000 0.880990 0.006000 0.010937
0 0.297750 0.932812 0.007500 0.010417
0 0.303375 0.924479 0.005750 0.007292
0 0.329625 0.909896 0.005750 0.009375
0 0.261500 0.920052 0.006500 0.008854
0 0.254250 0.906250 0.003500 0.010417
0 0.256250 0.917708 0.005000 0.011458
0 0.311625 0.892448 0.009250 0.009896
0 0.385375 0.605469 0.007250 0.007812
0 0.386875 0.614062 0.005750 0.009375
0 0.355875 0.467969 0.004750 0.010937
0 0.358375 0.460677 0.003750 0.013021
0 0.373250 0.476042 0.004500 0.012500
