0 0.616125 0.528125 0.005750 0.013542
0 0.611875 0.648438 0.005750 0.012500
0 0.602875 0.677865 0.003250 0.011979
0 0.602375 0.688281 0.003250 0.009896
0 0.603000 0.695312 0.004000 0.006250
0 0.608875 0.726042 0.007250 0.010417
0 0.586750 0.464844 0.006000 0.013021
0 0.584375 0.475521 0.005250 0.013542
0 0.579750 0.528646 0.006500 0.010417
0 0.542875 0.651563 0.006250 0.011458
0 0.527000 0.641406 0.004500 0.015104
0 0.532250 0.613281 0.006500 0.009896
0 0.525375 0.623437 0.005750 0.011458
0 0.528375 0.616146 0.003250 0.012500
0 0.522500 0.678906 0.004500 0.013021
0 0.513000 0.664844 0.003500 0.016146
0 0.510000 0.671615 0.003500 0.013021
0 0.500375 0.674479 0.007250 0.011458
0 0.480250 0.683854 0.005000 0.015625
0 0.477500 0.702865 0.007500 0.010937
0 0.487250 0.661719 0.007000 0.011979
0 0.474625 0.800781 0.008250 0.008854
0 0.462750 0.753385 0.004000 0.010937
0 0.465375 0.751563 0.004250 0.014583
0 0.553875 0.414583 0.007750 0.009375
0 0.509000 0.462500 0.006500 0.008333
0 0.505250 0.455990 0.005000 0.010937
0 0.437000 0.503125 0.007000 0.011458
0 0.429250 0.488281 0.004000 0.010937
0 0.419875 0.474479 0.007250 0.011458
0 0.435125 0.468229 0.004250 0.008333
0 0.433750 0.464583 0.005000 0.008333
0 0.386500 0.461458 0.006000 0.010417
0 0.566875 0.326302 0.005250 0.015104
0 0.567500 0.360417 0.006500 0.010417
0 0.536250 0.286979 0.006000 0.012500
0 0.510375 0.345573 0.007250 0.010937
0 0.511750 0.323698 0.007500 0.013021
0 0.513500 0.306771 0.004500 0.012500
0 0.510375 0.313281 0.006750 0.007812
0 0.510000 0.296875 0.004000 0.013542
0 0.509000 0.303385 0.007000 0.010937
0 0.497625 0.323177 0.007250 0.008854
0 0.497500 0.341146 0.005500 0.013542
0 0.492375 0.335417 0.005750 0.008333
0 0.488375 0.301042 0.006750 0.015625
0 0.492875 0.285156 0.005250 0.011979
0 0.476000 0.301823 0.006000 0.011979
0 0.484250 0.261198 0.006000 0.017188
0 0.479875 0.210417 0.005750 0.010417
0 0.443250 0.307812 0.004500 0.011458
0 0.447250 0.302344 0.005000 0.018229
0 0.556875 0.259896 0.006250 0.014583
0 0.576250 0.198698 0.006000 0.016146
0 0.594875 0.198177 0.007250 0.011979
0 0.570375 0.132552 0.005750 0.010937
0 0.575500 0.125521 0.005000 0.014583
0 0.566875 0.117708 0.008250 0.011458
0 0.538250 0.127604 0.009000 0.014583
0 0.651625 0.159896 0.006250 0.011458
0 0.542875 0.351302 0.004750 0.008854
0 0.543625 0.346875 0.004750 0.007292
