0 0.271615 0.634875 0.017188 0.005250
0 0.295312 0.625375 0.016667 0.006750
0 0.183854 0.624500 0.011458 0.005000
0 0.050000 0.623625 0.014583 0.007750
0 0.023958 0.639375 0.012500 0.007250
0 0.035677 0.609625 0.013021 0.005250
0 0.040625 0.604875 0.014583 0.004750
0 0.035937 0.602000 0.009375 0.004000
0 0.348438 0.617875 0.013542 0.005250
0 0.043750 0.494500 0.015625 0.006000
0 0.030469 0.494000 0.013021 0.004500
0 0.004167 0.494375 0.008333 0.004750
0 0.003125 0.502000 0.006250 0.005500
0 0.437760 0.624625 0.016146 0.006250
0 0.308073 0.394375 0.017188 0.006750
0 0.248958 0.340750 0.015625 0.006000
0 0.193229 0.326250 0.012500 0.005000
0 0.671875 0.343375 0.011458 0.007250
0 0.560937 0.382375 0.014583 0.006250
0 0.559375 0.439625 0.013542 0.008250
0 0.933333 0.464375 0.016667 0.007750
0 0.813281 0.637750 0.022396 0.006000
0 0.831510 0.629750 0.018229 0.006500
0 0.633594 0.645000 0.017188 0.006500
0 0.626563 0.663375 0.018750 0.005250
0 0.906250 0.812250 0.014583 0.005000
