0 0.313375 0.767448 0.002750 0.009896
0 0.338500 0.801042 0.006500 0.011458
0 0.342875 0.781510 0.005750 0.015104
0 0.367625 0.787240 0.004750 0.015104
0 0.399375 0.758333 0.005250 0.014583
0 0.409250 0.775781 0.008000 0.009896
0 0.414125 0.763281 0.006250 0.014063
0 0.430500 0.761458 0.005000 0.010417
0 0.432375 0.753906 0.007750 0.008854
0 0.442375 0.773177 0.007250 0.015104
0 0.465375 0.779167 0.007750 0.011458
0 0.451125 0.738542 0.004750 0.013542
0 0.452250 0.722396 0.007000 0.009375
0 0.472750 0.725260 0.004500 0.013021
0 0.489875 0.712240 0.005250 0.011979
0 0.511125 0.685156 0.005750 0.010937
0 0.458750 0.701302 0.004500 0.009896
0 0.415125 0.729688 0.006250 0.012500
0 0.396125 0.744010 0.005750 0.007812
0 0.488750 0.578906 0.003000 0.005729
0 0.485125 0.574479 0.004750 0.006250
0 0.475625 0.567708 0.005250 0.007292
0 0.478750 0.564844 0.004500 0.006771
0 0.471000 0.560417 0.006000 0.006250
0 0.462875 0.572135 0.006250 0.006771
0 0.437375 0.554167 0.003250 0.010417
0 0.439125 0.551302 0.004750 0.009896
0 0.439500 0.545833 0.005000 0.009375
0 0.440000 0.529427 0.004500 0.004687
0 0.413875 0.500781 0.005250 0.009896
0 0.407125 0.493750 0.006250 0.009375
0 0.421000 0.524479 0.007000 0.009375
0 0.420875 0.532292 0.005750 0.009375
0 0.404875 0.516927 0.004250 0.008854
0 0.406500 0.513542 0.004500 0.011458
0 0.407750 0.510938 0.004500 0.008333
0 0.397625 0.513021 0.005750 0.013542
0 0.368125 0.445052 0.005250 0.006771
0 0.370750 0.451562 0.006000 0.007292
0 0.369875 0.474740 0.004750 0.013021
0 0.365750 0.462500 0.006000 0.010417
0 0.359500 0.451302 0.005000 0.011979
0 0.345750 0.419010 0.005500 0.010937
0 0.347375 0.434115 0.005250 0.007812
0 0.347500 0.438802 0.006000 0.008854
0 0.328625 0.439062 0.003750 0.011458
0 0.332875 0.429427 0.005250 0.009896
0 0.334250 0.427344 0.004000 0.008854
0 0.324125 0.497135 0.006750 0.008854
0 0.304125 0.424219 0.005750 0.011979
0 0.302750 0.415104 0.006000 0.006250
0 0.303750 0.412240 0.005000 0.006771
0 0.305500 0.359115 0.007500 0.010937
0 0.516500 0.458594 0.003500 0.014063
0 0.477000 0.471875 0.006000 0.013542
0 0.491000 0.423698 0.004000 0.011979
0 0.489625 0.410156 0.004250 0.011979
0 0.493500 0.383854 0.003000 0.006250
0 0.490750 0.376042 0.004500 0.010417
0 0.493000 0.376563 0.003000 0.010417
0 0.493750 0.371354 0.004500 0.011458
0 0.461250 0.295573 0.006000 0.008854
0 0.433750 0.327083 0.005000 0.012500
0 0.438500 0.303906 0.004500 0.011979
0 0.439125 0.300000 0.004750 0.010417
0 0.448500 0.267188 0.006500 0.013542
0 0.420750 0.226042 0.004000 0.013542
0 0.424250 0.218490 0.003000 0.014063
0 0.427625 0.215365 0.005750 0.006771
0 0.420250 0.211979 0.004500 0.013542
0 0.436000 0.171615 0.006000 0.010937
0 0.438875 0.136458 0.005250 0.013542
0 0.424000 0.160938 0.007000 0.012500
0 0.403000 0.158073 0.005000 0.015104
0 0.450875 0.179427 0.006750 0.016146
0 0.548750 0.527865 0.005000 0.011979
0 0.544375 0.485156 0.006750 0.006771
0 0.545375 0.473698 0.003250 0.011979
0 0.542625 0.475781 0.003750 0.010937
0 0.540125 0.475521 0.003750 0.009375
0 0.553500 0.452865 0.004500 0.009896
0 0.547125 0.400000 0.003750 0.010417
0 0.550750 0.357292 0.004500 0.007292
0 0.548125 0.352344 0.002250 0.010937
0 0.532625 0.364844 0.002250 0.011979
0 0.531125 0.363802 0.002750 0.009896
0 0.533750 0.324740 0.004000 0.011979
0 0.543250 0.328906 0.004000 0.003646
0 0.542500 0.323698 0.002500 0.009896
0 0.544875 0.322917 0.002250 0.012500
0 0.547250 0.321875 0.003000 0.010417
0 0.531375 0.311198 0.005750 0.011979
0 0.532125 0.297656 0.003250 0.009896
0 0.534125 0.296615 0.003250 0.009896
0 0.540500 0.282813 0.005000 0.009375
0 0.541000 0.273698 0.006000 0.007812
0 0.536125 0.228646 0.004750 0.011458
0 0.547750 0.237500 0.003500 0.010417
0 0.549750 0.236719 0.004000 0.010937
0 0.536500 0.197135 0.003500 0.010937
0 0.533500 0.198698 0.002500 0.008854
0 0.585000 0.461198 0.005500 0.013021
0 0.596625 0.396354 0.005250 0.013542
0 0.592750 0.352344 0.006000 0.009896
0 0.530000 0.536458 0.004000 0.008333
