0 0.218229 0.778000 0.008333 0.006000
0 0.219792 0.770375 0.014583 0.004750
0 0.270833 0.751000 0.010417 0.007000
0 0.247656 0.666250 0.007812 0.004500
0 0.240365 0.659000 0.014063 0.005500
0 0.209375 0.656250 0.007292 0.005500
0 0.220573 0.656125 0.005729 0.004250
0 0.224740 0.654000 0.008854 0.005000
0 0.215885 0.652375 0.008854 0.004250
0 0.153385 0.643125 0.008854 0.005250
0 0.174479 0.645625 0.007292 0.004750
0 0.178646 0.645500 0.006250 0.003500
0 0.031250 0.612250 0.011458 0.006000
0 0.021094 0.607750 0.014063 0.002500
0 0.020573 0.606000 0.010937 0.002000
0 0.085938 0.609000 0.009375 0.006000
0 0.208594 0.605625 0.009896 0.005250
0 0.203646 0.620625 0.009375 0.005250
0 0.213281 0.629875 0.008854 0.005250
0 0.205729 0.641000 0.014583 0.004000
0 0.231250 0.643000 0.011458 0.004500
0 0.244531 0.644000 0.014063 0.005000
0 0.257292 0.650750 0.012500 0.004000
0 0.333073 0.643500 0.011979 0.005000
0 0.318229 0.653125 0.008333 0.005250
0 0.316667 0.657375 0.013542 0.003250
0 0.343750 0.664875 0.010417 0.005250
0 0.433854 0.683250 0.009375 0.004500
0 0.451562 0.635000 0.009375 0.005500
0 0.454427 0.633625 0.006771 0.005250
0 0.380729 0.596250 0.012500 0.004500
0 0.354948 0.578625 0.011979 0.004750
0 0.353906 0.594000 0.008854 0.005000
0 0.357031 0.592875 0.008854 0.004750
0 0.329167 0.593125 0.008333 0.005750
0 0.263802 0.567625 0.014063 0.003750
0 0.246094 0.570750 0.008854 0.007000
0 0.247135 0.553000 0.004687 0.007000
0 0.242969 0.553250 0.003646 0.005500
0 0.194271 0.546375 0.007292 0.006250
0 0.188281 0.546750 0.005729 0.004500
0 0.202083 0.526625 0.008333 0.006750
0 0.151042 0.495625 0.004167 0.006250
0 0.146094 0.496125 0.004687 0.006250
0 0.125521 0.444375 0.009375 0.003250
0 0.132552 0.443625 0.005729 0.005250
0 0.146094 0.469000 0.011979 0.005000
0 0.150781 0.484125 0.010937 0.004750
0 0.151823 0.482500 0.009896 0.003000
0 0.168750 0.493250 0.012500 0.004500
0 0.238542 0.531375 0.011458 0.004250
0 0.240365 0.534625 0.011979 0.002250
0 0.240885 0.536750 0.010937 0.003000
0 0.294271 0.548500 0.012500 0.005000
0 0.314844 0.554750 0.009896 0.005500
0 0.310417 0.560625 0.012500 0.004250
0 0.579427 0.646500 0.008854 0.003500
0 0.582031 0.645125 0.007812 0.003250
0 0.518750 0.544750 0.009375 0.006000
0 0.496875 0.533375 0.005208 0.004750
0 0.501302 0.532875 0.003646 0.005750
0 0.505469 0.533375 0.004687 0.004750
0 0.481510 0.484875 0.008854 0.002250
0 0.482552 0.487000 0.008854 0.002500
0 0.458333 0.466500 0.007292 0.006500
0 0.461198 0.454625 0.007812 0.006750
0 0.431771 0.445875 0.011458 0.006250
0 0.470833 0.453625 0.005208 0.004250
0 0.468750 0.452875 0.007292 0.005250
0 0.429948 0.399125 0.011979 0.006250
0 0.407552 0.394750 0.011979 0.005000
0 0.416667 0.387250 0.006250 0.006000
0 0.412240 0.386750 0.004687 0.005000
0 0.400000 0.358375 0.005208 0.008250
0 0.395573 0.358250 0.004687 0.005500
0 0.379948 0.337750 0.005729 0.006000
0 0.375521 0.338250 0.004167 0.005500
0 0.370312 0.273750 0.008333 0.007000
0 0.471354 0.371000 0.005208 0.005000
0 0.466927 0.369750 0.004687 0.007000
0 0.471875 0.385625 0.007292 0.006250
0 0.477604 0.384375 0.007292 0.005750
0 0.458854 0.400750 0.009375 0.006500
0 0.473958 0.407500 0.007292 0.006500
0 0.498698 0.405250 0.010937 0.006000
0 0.501302 0.423375 0.013021 0.004750
0 0.517448 0.454875 0.009896 0.005250
0 0.506510 0.457000 0.011979 0.006000
0 0.513802 0.486625 0.010937 0.005250
0 0.542969 0.486625 0.009896 0.006250
0 0.527865 0.511375 0.010937 0.006250
0 0.650521 0.649125 0.010417 0.002750
0 0.650000 0.646625 0.013542 0.002250
0 0.717448 0.593375 0.008854 0.003750
0 0.714844 0.592375 0.010937 0.004250
0 0.775260 0.525625 0.011979 0.005250
0 0.826562 0.518125 0.009375 0.004250
0 0.817708 0.517250 0.009375 0.006000
0 0.884896 0.469625 0.013542 0.004250
0 0.871354 0.456875 0.009375 0.003750
0 0.864583 0.459875 0.007292 0.005750
0 0.853906 0.457125 0.013021 0.005250
0 0.913281 0.429875 0.014063 0.003250
0 0.911458 0.427875 0.010417 0.003250
0 0.900781 0.392375 0.013021 0.005750
0 0.855729 0.541625 0.008333 0.005750
0 0.813281 0.560625 0.009896 0.006250
0 0.740104 0.608750 0.010417 0.005500
0 0.666927 0.676125 0.008854 0.004750
0 0.658333 0.677500 0.011458 0.003500
0 0.686458 0.652250 0.008333 0.005000
0 0.887240 0.620875 0.008854 0.006250
0 0.888281 0.608750 0.011979 0.003000
0 0.898438 0.610750 0.011458 0.003000
0 0.898698 0.608375 0.010937 0.002750
0 0.957552 0.593125 0.011979 0.002750
0 0.957812 0.591375 0.012500 0.002750
0 0.983594 0.603875 0.010937 0.006750
0 0.971094 0.614625 0.008854 0.005750
0 0.932552 0.627000 0.010937 0.006000
0 0.828125 0.657250 0.010417 0.004000
0 0.805990 0.666125 0.007812 0.005750
0 0.779948 0.678375 0.011979 0.005250
0 0.764323 0.676250 0.007812 0.005000
0 0.788542 0.746000 0.010417 0.004000
0 0.862240 0.740000 0.008854 0.006000
0 0.873177 0.734500 0.009896 0.005000
0 0.879948 0.716750 0.009896 0.003500
0 0.883594 0.679750 0.009896 0.004500
0 0.758073 0.640625 0.008854 0.004250
