0 0.117969 0.769500 0.009896 0.006000
0 0.173177 0.688875 0.014063 0.005250
0 0.132812 0.701125 0.008333 0.006250
0 0.114583 0.693250 0.005208 0.005500
0 0.119531 0.692375 0.009896 0.006250
0 0.116927 0.655000 0.011979 0.010000
0 0.067448 0.655250 0.011979 0.005500
0 0.008594 0.643000 0.010937 0.005500
0 0.022656 0.628500 0.013021 0.006000
0 0.022135 0.615625 0.013021 0.005750
0 0.013281 0.601750 0.013021 0.003000
0 0.311458 0.697250 0.013542 0.003500
0 0.315365 0.703500 0.011979 0.005000
0 0.322396 0.693750 0.010417 0.003500
0 0.324740 0.691875 0.013021 0.003750
0 0.269010 0.671875 0.011979 0.006750
0 0.246094 0.646125 0.015104 0.003750
0 0.267969 0.646000 0.010937 0.008500
0 0.302604 0.639375 0.012500 0.007750
0 0.262240 0.636625 0.010937 0.007250
0 0.241406 0.629875 0.009896 0.007250
0 0.297396 0.631000 0.007292 0.007000
0 0.302344 0.630625 0.006771 0.005750
0 0.363802 0.637375 0.011979 0.004750
0 0.346354 0.591000 0.012500 0.006500
0 0.347135 0.603250 0.007812 0.006500
0 0.351562 0.602750 0.006250 0.005000
0 0.367708 0.572625 0.010417 0.006250
0 0.303906 0.592250 0.008854 0.003500
0 0.305990 0.590375 0.011979 0.005250
0 0.221875 0.553375 0.015625 0.005750
0 0.239583 0.544125 0.013542 0.005250
0 0.237760 0.562375 0.008854 0.007750
0 0.248177 0.561875 0.009896 0.007750
0 0.172656 0.556250 0.009896 0.006500
0 0.214583 0.509125 0.011458 0.007250
0 0.214062 0.479250 0.015625 0.005000
0 0.230990 0.473500 0.006771 0.007500
0 0.222917 0.472625 0.008333 0.006750
0 0.256510 0.469125 0.007812 0.007250
0 0.282031 0.480500 0.008854 0.007500
0 0.308333 0.490625 0.012500 0.005250
0 0.325000 0.481000 0.011458 0.006000
0 0.328125 0.480125 0.008333 0.004250
0 0.324740 0.471375 0.009896 0.006250
0 0.327344 0.470250 0.007812 0.005000
0 0.370573 0.450500 0.010937 0.006000
0 0.385417 0.443000 0.010417 0.005000
0 0.423437 0.438625 0.011458 0.007250
0 0.304688 0.446875 0.008333 0.007250
0 0.310417 0.447125 0.006250 0.005750
0 0.196354 0.415125 0.007292 0.007750
0 0.163281 0.392000 0.011979 0.005500
0 0.337760 0.420625 0.013021 0.005750
0 0.371094 0.409250 0.008854 0.007000
0 0.383073 0.395125 0.013021 0.003750
0 0.370833 0.401875 0.005208 0.005750
0 0.365625 0.401500 0.006250 0.007000
0 0.360156 0.384750 0.007812 0.005500
0 0.332813 0.388250 0.009375 0.007000
0 0.391927 0.394000 0.009896 0.003500
0 0.394010 0.392375 0.010937 0.004750
0 0.350781 0.335250 0.009896 0.007000
0 0.326302 0.338375 0.007812 0.006750
0 0.322135 0.337750 0.006771 0.006500
0 0.273177 0.346000 0.010937 0.008000
0 0.236458 0.328000 0.013542 0.007500
0 0.237240 0.298625 0.008854 0.007750
0 0.250000 0.301750 0.011458 0.006500
0 0.334635 0.311875 0.008854 0.008250
0 0.372135 0.316250 0.006771 0.006000
0 0.380208 0.317250 0.006250 0.006000
0 0.376302 0.316625 0.006771 0.006750
0 0.357031 0.277000 0.013021 0.008000
0 0.334635 0.269125 0.014063 0.006250
0 0.326823 0.256125 0.009896 0.005750
0 0.308854 0.199875 0.012500 0.007250
0 0.327344 0.162000 0.015104 0.009000
0 0.379948 0.777625 0.014063 0.004750
0 0.388802 0.769750 0.009896 0.006500
0 0.398958 0.764000 0.011458 0.006000
0 0.425521 0.766375 0.008333 0.005250
0 0.451042 0.743500 0.012500 0.006500
0 0.548958 0.695375 0.010417 0.005750
0 0.574479 0.611375 0.008333 0.007250
0 0.538021 0.599375 0.014583 0.008250
0 0.615885 0.603875 0.007812 0.006250
0 0.630469 0.604250 0.006771 0.006500
0 0.635677 0.604375 0.004687 0.004750
0 0.623437 0.600500 0.010417 0.006500
0 0.662760 0.558375 0.007812 0.006750
0 0.669792 0.557375 0.009375 0.006250
0 0.635938 0.566125 0.009375 0.005250
0 0.690885 0.547250 0.010937 0.006500
0 0.658854 0.543750 0.009375 0.007500
0 0.627865 0.527750 0.013021 0.006000
0 0.706250 0.533250 0.009375 0.007000
0 0.749479 0.542500 0.008333 0.006500
0 0.736719 0.524625 0.016146 0.004250
0 0.710417 0.527375 0.010417 0.005250
0 0.738021 0.507375 0.010417 0.007750
0 0.749219 0.514625 0.006771 0.006750
0 0.750260 0.517875 0.007812 0.006750
0 0.780990 0.492500 0.007812 0.006000
0 0.748177 0.495250 0.011979 0.004000
0 0.744792 0.492250 0.009375 0.006000
0 0.749219 0.477375 0.008854 0.008750
0 0.953385 0.226250 0.011979 0.005500
0 0.951562 0.224375 0.015625 0.006250
0 0.815885 0.269625 0.008854 0.008750
0 0.829688 0.266250 0.012500 0.004500
0 0.880208 0.266125 0.011458 0.008750
0 0.895052 0.274500 0.008854 0.009000
0 0.900781 0.271250 0.009896 0.009000
0 0.889583 0.296875 0.011458 0.006750
0 0.885156 0.308000 0.008854 0.008000
0 0.879687 0.304250 0.009375 0.006500
0 0.872656 0.303000 0.005729 0.007500
0 0.869792 0.297375 0.007292 0.007750
0 0.869792 0.289750 0.006250 0.006000
0 0.864323 0.289500 0.005729 0.008000
0 0.810417 0.300250 0.009375 0.008000
0 0.801823 0.318875 0.017188 0.005250
0 0.761458 0.314000 0.012500 0.008500
0 0.773438 0.349500 0.011458 0.008000
0 0.802865 0.342125 0.011979 0.006250
0 0.796354 0.340375 0.008333 0.007250
0 0.678646 0.337000 0.008333 0.008000
0 0.699740 0.287875 0.009896 0.005250
0 0.573958 0.395250 0.011458 0.009500
0 0.571094 0.423625 0.010937 0.006750
0 0.682292 0.393500 0.009375 0.008500
0 0.705729 0.412000 0.010417 0.007500
0 0.663281 0.454000 0.014063 0.005000
0 0.659896 0.451625 0.010417 0.004750
0 0.869010 0.441625 0.008854 0.005250
0 0.881510 0.422625 0.008854 0.007250
0 0.902604 0.416000 0.009375 0.007000
0 0.800781 0.412000 0.009896 0.003500
0 0.795573 0.416500 0.006771 0.006500
0 0.790625 0.416500 0.005208 0.006000
0 0.613281 0.499750 0.016146 0.004000
0 0.571094 0.515000 0.010937 0.006500
0 0.601302 0.507875 0.010937 0.004750
0 0.598177 0.506000 0.011979 0.005000
0 0.608594 0.518750 0.011979 0.006000
0 0.604688 0.517250 0.009375 0.005000
0 0.653385 0.511875 0.013021 0.005250
0 0.655469 0.507625 0.013021 0.005250
0 0.657552 0.502875 0.007812 0.006250
0 0.665885 0.503375 0.008854 0.007750
0 0.814063 0.530000 0.008333 0.008000
0 0.942187 0.304625 0.016667 0.008750
0 0.492188 0.928000 0.008333 0.004000
0 0.495052 0.925375 0.013021 0.004250
0 0.632031 0.991000 0.011979 0.003500
0 0.641406 0.989000 0.013021 0.006500
0 0.644531 0.987125 0.010937 0.006250
0 0.493229 0.822375 0.009375 0.006750
0 0.517448 0.815500 0.011979 0.007000
0 0.531250 0.844750 0.012500 0.005500
0 0.555469 0.836500 0.011979 0.006500
0 0.664583 0.819750 0.012500 0.005000
0 0.658333 0.861625 0.016667 0.004750
0 0.626302 0.810125 0.008854 0.005750
0 0.693490 0.792750 0.007812 0.006500
0 0.764062 0.804500 0.013542 0.007000
0 0.773958 0.797500 0.013542 0.005000
0 0.749219 0.790250 0.008854 0.006000
0 0.757552 0.792625 0.007812 0.003250
0 0.759635 0.791625 0.009896 0.004250
0 0.760677 0.789375 0.009896 0.003250
0 0.814583 0.864875 0.012500 0.007250
0 0.874479 0.827750 0.013542 0.006000
0 0.932812 0.848750 0.017708 0.004000
0 0.925260 0.844250 0.011979 0.004500
0 0.984635 0.796125 0.016146 0.003250
0 0.984635 0.798875 0.013021 0.002750
0 0.410677 0.510125 0.011979 0.004750
0 0.460417 0.529375 0.010417 0.005250
0 0.396875 0.497000 0.006250 0.003000
0 0.398177 0.494375 0.009896 0.005250
