0 0.269010 0.425625 0.013021 0.003750
0 0.269792 0.422625 0.011458 0.003750
0 0.347656 0.519375 0.008854 0.005250
0 0.347396 0.524375 0.012500 0.005750
0 0.151562 0.741875 0.013542 0.007750
0 0.086458 0.789375 0.014583 0.006750
0 0.114844 0.794000 0.007812 0.006000
0 0.108333 0.796375 0.010417 0.003750
0 0.103906 0.835125 0.006771 0.005750
0 0.100000 0.833000 0.009375 0.005500
0 0.487760 0.468375 0.008854 0.007250
0 0.487240 0.480500 0.013021 0.007500
0 0.494792 0.493000 0.006250 0.006500
0 0.496875 0.498250 0.014583 0.005000
0 0.495833 0.514875 0.013542 0.004750
0 0.502865 0.534375 0.008854 0.005750
0 0.505469 0.533000 0.009896 0.004500
0 0.517708 0.557625 0.008333 0.004750
0 0.520052 0.556250 0.010937 0.005000
0 0.501823 0.566250 0.011979 0.007000
0 0.478646 0.572250 0.007292 0.006000
0 0.471354 0.575625 0.008333 0.004250
0 0.474479 0.574250 0.008333 0.005000
0 0.508333 0.584875 0.006250 0.004750
0 0.511979 0.585375 0.006250 0.005750
0 0.516927 0.585625 0.003646 0.005750
0 0.527344 0.604750 0.007812 0.007500
0 0.536198 0.599250 0.004687 0.006500
0 0.541927 0.598500 0.006771 0.008000
0 0.542188 0.608000 0.007292 0.005500
0 0.545312 0.607375 0.008333 0.006250
0 0.547656 0.618500 0.010937 0.007000
0 0.490104 0.678750 0.007292 0.006000
0 0.480208 0.678750 0.006250 0.007000
0 0.485156 0.678125 0.003646 0.006250
0 0.642188 0.711625 0.010417 0.007750
0 0.614062 0.463000 0.005208 0.005000
0 0.610156 0.462750 0.006771 0.006000
0 0.649479 0.532250 0.010417 0.006000
0 0.656250 0.530875 0.008333 0.003750
0 0.677083 0.508000 0.007292 0.004500
0 0.680990 0.507500 0.004687 0.006000
0 0.686198 0.508125 0.005729 0.007250
0 0.730990 0.532375 0.007812 0.004250
0 0.733073 0.530875 0.010937 0.004750
0 0.748958 0.540000 0.010417 0.007000
0 0.721615 0.558125 0.008854 0.007250
0 0.782031 0.631125 0.008854 0.007250
0 0.811979 0.677500 0.012500 0.006000
0 0.650781 0.402000 0.007812 0.003500
0 0.779167 0.423750 0.010417 0.004500
0 0.782813 0.423500 0.009375 0.004000
0 0.814844 0.415375 0.016146 0.002750
0 0.814583 0.412875 0.014583 0.002750
0 0.841667 0.426375 0.015625 0.006750
0 0.866927 0.468500 0.009896 0.004000
0 0.894010 0.448625 0.010937 0.003250
0 0.894792 0.446625 0.012500 0.002750
0 0.897917 0.470000 0.012500 0.004500
0 0.900521 0.469000 0.010417 0.004000
0 0.922396 0.467000 0.007292 0.005000
0 0.930469 0.466500 0.006771 0.006500
0 0.928646 0.484375 0.012500 0.007250
0 0.915625 0.440750 0.010417 0.004500
0 0.918490 0.439375 0.013021 0.004250
0 0.600781 0.330750 0.015104 0.006500
0 0.757292 0.301500 0.016667 0.005500
0 0.921094 0.257250 0.007812 0.008000
0 0.906771 0.253375 0.012500 0.006250
0 0.995052 0.217375 0.008854 0.006250
