0 0.573625 0.493229 0.009750 0.016667
0 0.567875 0.506771 0.009750 0.019792
0 0.567125 0.507812 0.007250 0.025000
0 0.553625 0.546875 0.009750 0.027083
0 0.554750 0.553385 0.009500 0.021354
0 0.564000 0.534896 0.011000 0.017708
0 0.563375 0.531510 0.007250 0.019271
0 0.562250 0.553385 0.010500 0.021354
0 0.562000 0.553385 0.008000 0.016146
0 0.567375 0.569010 0.008750 0.022396
0 0.567875 0.571354 0.008250 0.017708
0 0.602500 0.559375 0.014000 0.027083
0 0.599000 0.563021 0.015000 0.019792
0 0.600625 0.579427 0.012250 0.023438
0 0.601250 0.579948 0.007000 0.030729
0 0.517875 0.605729 0.008250 0.025000
0 0.517125 0.609375 0.005250 0.016667
0 0.523750 0.610417 0.004000 0.014583
0 0.530375 0.622396 0.010750 0.021875
0 0.539375 0.637500 0.006750 0.016667
0 0.537750 0.653125 0.010000 0.014583
