0 0.290104 0.243625 0.017708 0.011250
0 0.298438 0.247625 0.016667 0.010750
0 0.377604 0.291125 0.017708 0.012750
0 0.534375 0.349750 0.020833 0.010500
0 0.684635 0.260875 0.015104 0.014750
0 0.613281 0.410375 0.023438 0.013750
0 0.686719 0.422375 0.013021 0.010250
0 0.090625 0.416500 0.027083 0.012000
0 0.265104 0.420500 0.028125 0.009500
0 0.223437 0.548125 0.019792 0.009750
0 0.497396 0.513000 0.019792 0.009500
0 0.518750 0.507500 0.014583 0.006000
0 0.229687 0.558875 0.028125 0.005250
0 0.155990 0.578750 0.020313 0.011000
0 0.098958 0.640000 0.028125 0.008000
0 0.762760 0.517000 0.009896 0.008000
0 0.868750 0.523500 0.017708 0.008000
0 0.331510 0.562000 0.023438 0.014000
0 0.265104 0.575000 0.022917 0.013500
0 0.573177 0.602125 0.025521 0.010250
0 0.750521 0.571375 0.016667 0.012250
0 0.743229 0.584125 0.021875 0.011250
0 0.779687 0.593625 0.015625 0.011250
0 0.773177 0.648375 0.020313 0.010250
0 0.970313 0.917000 0.015625 0.010000
