0 0.159896 0.405000 0.008333 0.005000
0 0.191667 0.408875 0.011458 0.004250
0 0.192448 0.412625 0.006771 0.004250
0 0.201823 0.413250 0.011979 0.004500
0 0.206250 0.408625 0.008333 0.005250
0 0.223698 0.427500 0.011979 0.005000
0 0.224740 0.422625 0.007812 0.004750
0 0.241667 0.432125 0.012500 0.004750
0 0.252604 0.429125 0.008333 0.005250
0 0.248698 0.453875 0.006771 0.005750
0 0.252083 0.453625 0.006250 0.005750
0 0.265885 0.432750 0.008854 0.004000
0 0.269271 0.431250 0.009375 0.003000
0 0.278646 0.434250 0.010417 0.005000
0 0.274219 0.434875 0.007812 0.003750
0 0.271615 0.436875 0.006771 0.002750
0 0.277865 0.438875 0.010937 0.002750
0 0.274219 0.443000 0.009896 0.004000
0 0.284115 0.442000 0.011979 0.003000
0 0.288281 0.440375 0.009896 0.002750
0 0.288021 0.437875 0.011458 0.003250
0 0.302865 0.440000 0.006771 0.005000
0 0.298698 0.443250 0.010937 0.004500
0 0.352865 0.496250 0.014063 0.005500
0 0.560937 0.494750 0.015625 0.003500
0 0.527865 0.482500 0.010937 0.007000
0 0.567708 0.477625 0.008333 0.002750
0 0.512500 0.468250 0.016667 0.004500
0 0.540625 0.449125 0.008333 0.003250
0 0.545052 0.448250 0.006771 0.003000
0 0.483594 0.451375 0.009896 0.006750
0 0.446615 0.438500 0.016146 0.003500
0 0.485937 0.425000 0.008333 0.007500
0 0.515104 0.421875 0.013542 0.004750
0 0.505729 0.399750 0.011458 0.006500
0 0.420573 0.406750 0.010937 0.007500
0 0.448698 0.400375 0.011979 0.004250
0 0.449740 0.398375 0.013021 0.004250
0 0.446875 0.393250 0.014583 0.004500
0 0.416146 0.376375 0.008333 0.007750
0 0.404948 0.376000 0.009896 0.007500
0 0.478385 0.365750 0.013021 0.004000
0 0.460156 0.348000 0.013021 0.005000
0 0.408333 0.331750 0.012500 0.006000
0 0.424219 0.331125 0.007812 0.005250
0 0.431771 0.331875 0.006250 0.006750
0 0.436458 0.331375 0.008333 0.005250
0 0.438021 0.327875 0.008333 0.004750
0 0.370052 0.315750 0.009896 0.007500
0 0.355990 0.326250 0.015104 0.007000
0 0.573958 0.400375 0.009375 0.003750
0 0.578906 0.398625 0.011979 0.004250
