0 0.209115 0.734375 0.010937 0.007750
0 0.228646 0.661625 0.012500 0.005250
0 0.088802 0.416875 0.009896 0.008750
0 0.118229 0.405750 0.010417 0.006500
0 0.125000 0.413250 0.010417 0.003500
0 0.154167 0.437750 0.016667 0.003500
0 0.189583 0.460250 0.014583 0.004000
0 0.198698 0.440750 0.011979 0.005000
0 0.233333 0.450625 0.011458 0.005750
0 0.243490 0.455125 0.011979 0.004750
0 0.251042 0.473625 0.015625 0.005750
0 0.308333 0.478375 0.011458 0.004250
0 0.359375 0.506625 0.008333 0.007750
0 0.393490 0.551000 0.007812 0.007500
0 0.463802 0.548875 0.009896 0.005750
0 0.517188 0.541000 0.013542 0.006500
0 0.414583 0.504875 0.007292 0.005250
0 0.421094 0.509250 0.011979 0.004000
0 0.592187 0.550875 0.011458 0.004750
0 0.620833 0.588875 0.011458 0.003250
0 0.620833 0.591000 0.014583 0.004000
0 0.143750 0.364875 0.014583 0.005250
0 0.160938 0.374875 0.012500 0.004750
0 0.169792 0.369000 0.013542 0.005000
0 0.173698 0.364625 0.016146 0.004250
0 0.193490 0.365750 0.014063 0.005500
0 0.200521 0.377375 0.014583 0.006250
0 0.176563 0.378750 0.012500 0.006000
0 0.228125 0.367125 0.016667 0.003750
0 0.259635 0.371625 0.010937 0.002250
0 0.259375 0.373500 0.013542 0.002500
0 0.257552 0.375500 0.014063 0.002500
0 0.259375 0.377750 0.011458 0.002500
0 0.278906 0.374500 0.016146 0.004500
0 0.304427 0.371250 0.014063 0.004000
0 0.314583 0.373750 0.006250 0.007500
0 0.325000 0.373125 0.011458 0.002250
0 0.323958 0.370375 0.014583 0.002750
0 0.393490 0.382875 0.016146 0.004250
0 0.379948 0.378125 0.016146 0.003250
0 0.379427 0.381750 0.014063 0.004000
0 0.368229 0.387000 0.014583 0.002500
0 0.367969 0.389750 0.013021 0.003500
0 0.458333 0.377625 0.012500 0.005250
0 0.543229 0.397875 0.007292 0.007250
0 0.536979 0.376750 0.015625 0.006000
0 0.525781 0.398500 0.011979 0.003000
0 0.525260 0.401000 0.013021 0.003500
0 0.583594 0.405375 0.006771 0.006750
0 0.599740 0.411250 0.013021 0.005500
0 0.626302 0.396625 0.017188 0.004250
0 0.606771 0.384625 0.012500 0.004750
0 0.618229 0.383750 0.012500 0.004500
0 0.611979 0.378875 0.013542 0.004250
0 0.582812 0.367000 0.011458 0.005000
0 0.573958 0.350000 0.014583 0.003000
0 0.579427 0.346875 0.010937 0.003750
0 0.859115 0.381000 0.016146 0.004000
0 0.951042 0.397000 0.011458 0.003500
0 0.948698 0.398750 0.011979 0.004500
0 0.626563 0.392500 0.010417 0.003500
0 0.623958 0.390375 0.010417 0.005250
0 0.450521 0.342750 0.012500 0.003500
0 0.473438 0.366500 0.013542 0.002500
0 0.466667 0.364000 0.010417 0.003500
0 0.425260 0.364375 0.011979 0.002250
0 0.388802 0.362000 0.016146 0.004000
0 0.367448 0.360625 0.011979 0.005250
0 0.439583 0.364750 0.015625 0.004000
0 0.457292 0.361000 0.013542 0.005000
0 0.297656 0.359875 0.011979 0.002750
0 0.302083 0.357500 0.014583 0.004500
0 0.238021 0.351875 0.009375 0.003750
0 0.222917 0.354750 0.013542 0.003500
0 0.227344 0.351625 0.010937 0.003250
0 0.054427 0.231875 0.007812 0.006250
0 0.083333 0.119750 0.013542 0.005000
0 0.085938 0.117750 0.014583 0.005000
0 0.325521 0.225375 0.013542 0.003250
0 0.335938 0.224000 0.009375 0.003500
0 0.300781 0.230000 0.011979 0.004500
0 0.297396 0.228500 0.008333 0.004000
0 0.314063 0.209625 0.011458 0.006250
0 0.455208 0.195250 0.011458 0.003000
0 0.498437 0.146000 0.014583 0.004500
