0 0.186625 0.229427 0.010750 0.014063
0 0.283375 0.144010 0.010750 0.009896
0 0.313875 0.147396 0.008750 0.010417
0 0.321750 0.128385 0.009500 0.009896
0 0.315625 0.119010 0.009750 0.010937
0 0.290375 0.169792 0.009250 0.014583
0 0.371000 0.139844 0.010500 0.014063
0 0.394750 0.047917 0.009500 0.010417
0 0.458750 0.147656 0.011000 0.015104
0 0.380250 0.245312 0.009500 0.022917
0 0.365750 0.272656 0.011000 0.015104
0 0.350500 0.322656 0.010000 0.011979
0 0.331250 0.339062 0.005000 0.015625
0 0.330500 0.352083 0.005000 0.018750
0 0.329250 0.375260 0.006000 0.017188
0 0.315875 0.362240 0.005250 0.018229
0 0.305500 0.399479 0.009000 0.010417
0 0.294000 0.363281 0.006500 0.013021
0 0.289500 0.316667 0.004500 0.019792
0 0.283625 0.320052 0.005750 0.019271
0 0.252875 0.425781 0.007250 0.016146
0 0.225375 0.598698 0.007250 0.017188
0 0.278625 0.534115 0.007750 0.017188
0 0.284125 0.503646 0.009250 0.013542
0 0.361500 0.360417 0.008000 0.007292
0 0.362625 0.354167 0.008250 0.007292
0 0.503625 0.229687 0.004750 0.013542
0 0.470000 0.301302 0.004000 0.018229
0 0.466375 0.301823 0.003750 0.018229
0 0.407000 0.439323 0.006500 0.019271
0 0.392625 0.571875 0.004250 0.016667
0 0.389500 0.595313 0.005000 0.017708
0 0.373000 0.563281 0.002500 0.014063
0 0.375375 0.567187 0.002750 0.015625
0 0.377500 0.572396 0.002000 0.015625
0 0.380375 0.575781 0.003250 0.014063
0 0.407500 0.578906 0.005000 0.018229
0 0.416000 0.595573 0.009000 0.014063
0 0.371500 0.650521 0.006500 0.011458
0 0.376625 0.657292 0.005250 0.016667
0 0.344500 0.672396 0.006500 0.013542
0 0.392500 0.683594 0.003000 0.015104
0 0.390000 0.684635 0.002500 0.011979
0 0.355125 0.725260 0.003250 0.015104
0 0.352000 0.725000 0.003000 0.015625
0 0.329875 0.805469 0.005250 0.016146
0 0.318500 0.872135 0.005500 0.015104
0 0.528250 0.368750 0.005000 0.015625
0 0.526500 0.364583 0.007000 0.014583
0 0.510250 0.514844 0.006000 0.018229
0 0.518000 0.515104 0.006000 0.021875
0 0.512750 0.564063 0.006000 0.022917
0 0.491750 0.575260 0.003500 0.017188
0 0.488125 0.573438 0.003750 0.016667
0 0.453375 0.705990 0.006250 0.018229
0 0.458750 0.716667 0.006500 0.014583
0 0.477250 0.698698 0.005500 0.010937
0 0.478250 0.694010 0.008000 0.011979
0 0.444625 0.896875 0.007250 0.018750
0 0.590750 0.400260 0.006500 0.018229
0 0.588125 0.435937 0.005250 0.016667
0 0.602250 0.438542 0.008500 0.009375
0 0.593375 0.462240 0.005250 0.016146
0 0.580250 0.509115 0.010000 0.017188
0 0.579000 0.526823 0.006000 0.017188
0 0.597875 0.677344 0.007250 0.016146
0 0.686875 0.281771 0.005250 0.010417
0 0.699000 0.288802 0.005500 0.013021
0 0.688000 0.302865 0.004000 0.007812
0 0.684750 0.306771 0.005500 0.009375
0 0.679250 0.295833 0.004000 0.014583
0 0.682750 0.292448 0.004000 0.011979
0 0.835875 0.285156 0.004250 0.006771
0 0.226750 0.243490 0.005500 0.010937
