0 0.209125 0.811458 0.006250 0.011458
0 0.279375 0.817187 0.007750 0.009375
0 0.306750 0.807552 0.007000 0.014063
0 0.301625 0.798698 0.005750 0.011979
0 0.323250 0.785156 0.006500 0.011979
0 0.329250 0.866667 0.008000 0.013542
0 0.347375 0.869531 0.006750 0.018229
0 0.380750 0.876042 0.005500 0.010417
0 0.346625 0.752865 0.007750 0.008854
0 0.341125 0.755208 0.003250 0.011458
0 0.341375 0.777865 0.008250 0.014063
0 0.284750 0.744531 0.007500 0.011979
0 0.326000 0.811979 0.008000 0.012500
0 0.450000 0.705729 0.007000 0.011458
0 0.400875 0.617969 0.009750 0.014063
0 0.413250 0.592448 0.007000 0.011979
0 0.400875 0.595052 0.005250 0.014063
0 0.384875 0.577083 0.004250 0.014583
0 0.382375 0.537500 0.006250 0.014583
0 0.375000 0.549219 0.002500 0.015104
0 0.333500 0.474740 0.006500 0.014063
0 0.336125 0.462500 0.007250 0.012500
0 0.296500 0.445052 0.005500 0.015104
0 0.314125 0.350000 0.006250 0.016667
0 0.316875 0.337500 0.005750 0.010417
0 0.301500 0.344271 0.006500 0.014583
0 0.255000 0.353385 0.009000 0.010937
0 0.245875 0.095312 0.005250 0.021875
0 0.278125 0.143750 0.007250 0.011458
0 0.344375 0.369271 0.005250 0.018750
0 0.350000 0.379427 0.004000 0.013021
0 0.360375 0.382292 0.007250 0.009375
0 0.372625 0.391146 0.004250 0.013542
0 0.364500 0.407812 0.003000 0.009375
0 0.361000 0.407552 0.004000 0.011979
0 0.331500 0.452865 0.006500 0.016146
0 0.317125 0.429427 0.007750 0.019271
0 0.328875 0.436458 0.003750 0.013542
0 0.331500 0.433333 0.004500 0.014583
0 0.338875 0.439323 0.006750 0.010937
0 0.339375 0.434115 0.006750 0.009896
0 0.384500 0.441146 0.007000 0.009375
0 0.375875 0.455469 0.004750 0.015104
0 0.381500 0.464323 0.004000 0.014063
0 0.395500 0.474479 0.007000 0.009375
0 0.398125 0.485417 0.005750 0.012500
0 0.400875 0.484115 0.003750 0.014063
0 0.386375 0.465885 0.007250 0.013021
0 0.378000 0.430990 0.004000 0.015104
0 0.380125 0.429167 0.002750 0.013542
0 0.422625 0.560677 0.007250 0.009896
0 0.459250 0.651042 0.006000 0.012500
0 0.450625 0.626823 0.008250 0.020313
0 0.347750 0.351042 0.006000 0.015625
0 0.356250 0.364063 0.005500 0.012500
0 0.357500 0.360677 0.004000 0.009896
0 0.501750 0.596615 0.007000 0.010937
0 0.500375 0.589844 0.005250 0.010937
0 0.493875 0.411198 0.009250 0.013021
0 0.470500 0.391146 0.006000 0.016667
0 0.463750 0.387760 0.008000 0.013021
0 0.470000 0.376823 0.004500 0.018229
0 0.466375 0.375781 0.003250 0.018229
0 0.461875 0.371094 0.008250 0.011979
0 0.473125 0.368750 0.002750 0.016667
0 0.476375 0.368750 0.003750 0.017708
0 0.465375 0.355469 0.006250 0.010937
0 0.460250 0.352865 0.005000 0.008854
0 0.459250 0.343750 0.008000 0.009375
0 0.449875 0.324219 0.004250 0.017188
0 0.447000 0.313802 0.007000 0.010937
0 0.442625 0.280469 0.007750 0.009896
0 0.464000 0.265104 0.006500 0.010417
0 0.446375 0.251042 0.008250 0.009375
0 0.463875 0.240885 0.005750 0.011979
0 0.459500 0.252604 0.007500 0.012500
0 0.452875 0.167969 0.006750 0.006771
0 0.453375 0.175260 0.007750 0.007812
0 0.459250 0.190885 0.008000 0.016146
0 0.467500 0.208333 0.004000 0.017708
0 0.477000 0.208333 0.008000 0.014583
0 0.485750 0.213542 0.008500 0.014583
0 0.539250 0.020313 0.005000 0.016667
0 0.524625 0.127604 0.006750 0.016667
0 0.508625 0.223698 0.008250 0.011979
0 0.551625 0.241667 0.006750 0.015625
0 0.512625 0.264844 0.008250 0.013021
0 0.535625 0.315104 0.008750 0.018750
0 0.512875 0.359375 0.006750 0.010417
0 0.525875 0.359896 0.008250 0.007292
0 0.526000 0.373177 0.006500 0.018229
0 0.512625 0.285938 0.007250 0.015625
0 0.541750 0.616406 0.005500 0.009896
0 0.564250 0.583854 0.006500 0.010417
0 0.579375 0.581510 0.007750 0.015104
0 0.584125 0.540625 0.003750 0.014583
0 0.599125 0.563281 0.007250 0.013021
0 0.584375 0.528385 0.008750 0.009896
0 0.578375 0.523177 0.003750 0.017188
0 0.575625 0.519531 0.005250 0.011979
0 0.584000 0.493229 0.009000 0.013542
0 0.591500 0.486198 0.007000 0.015104
0 0.596000 0.473438 0.005500 0.016667
0 0.578000 0.471615 0.008500 0.009896
0 0.622250 0.450260 0.006500 0.008854
0 0.617500 0.453906 0.004000 0.019271
0 0.608250 0.442708 0.005500 0.016667
0 0.610375 0.451562 0.004250 0.017708
0 0.613375 0.452083 0.003250 0.015625
0 0.606750 0.421094 0.005500 0.015104
0 0.605375 0.418750 0.004750 0.013542
0 0.600000 0.344010 0.006500 0.018229
0 0.607375 0.330208 0.007250 0.012500
0 0.605875 0.327083 0.005250 0.012500
0 0.602000 0.325260 0.007500 0.010937
0 0.601500 0.320052 0.006000 0.008854
0 0.691625 0.310937 0.005250 0.017708
0 0.625500 0.483854 0.005500 0.015625
0 0.620750 0.493750 0.006000 0.006250
0 0.627875 0.499219 0.005750 0.010937
0 0.637125 0.473958 0.007750 0.014583
0 0.611250 0.524479 0.005500 0.011458
0 0.019000 0.508333 0.009000 0.015625
