0 0.673125 0.198698 0.008750 0.023438
0 0.660125 0.213281 0.007250 0.015104
0 0.617250 0.174740 0.008500 0.017188
0 0.614750 0.164323 0.011000 0.022396
0 0.612250 0.251823 0.015000 0.021354
0 0.696750 0.329688 0.006000 0.019792
0 0.655000 0.368229 0.009500 0.021875
0 0.620375 0.357292 0.008750 0.022917
0 0.627750 0.367188 0.010500 0.019792
0 0.616375 0.367708 0.008750 0.018750
0 0.590000 0.335677 0.010500 0.024479
0 0.529000 0.253646 0.009500 0.017708
0 0.526125 0.300000 0.011750 0.021875
0 0.526250 0.297135 0.009500 0.025521
0 0.523125 0.365365 0.011250 0.023438
0 0.500875 0.333333 0.009750 0.017708
0 0.480375 0.311979 0.006750 0.020833
0 0.476250 0.290625 0.009500 0.019792
0 0.483125 0.272656 0.008750 0.018229
0 0.431750 0.285417 0.009500 0.011458
0 0.437000 0.296354 0.009000 0.017708
0 0.409000 0.267969 0.009500 0.025521
0 0.404625 0.291927 0.012250 0.024479
0 0.380000 0.313542 0.009500 0.019792
0 0.412250 0.343490 0.009500 0.016146
0 0.413000 0.360156 0.009000 0.015104
0 0.450000 0.350260 0.011500 0.029687
0 0.455000 0.353385 0.010500 0.016146
0 0.461875 0.340885 0.013250 0.025521
0 0.473875 0.370833 0.011750 0.018750
0 0.487250 0.387240 0.011500 0.018229
0 0.593375 0.444531 0.016250 0.022396
0 0.552750 0.497917 0.009500 0.019792
0 0.569750 0.606510 0.019000 0.026562
0 0.462250 0.608073 0.011500 0.025521
0 0.390750 0.632552 0.010000 0.016146
0 0.399375 0.654687 0.008250 0.020833
0 0.397000 0.655469 0.009000 0.016146
0 0.418375 0.655729 0.011750 0.015625
0 0.414000 0.655729 0.009500 0.020833
0 0.430500 0.665625 0.009500 0.017708
0 0.436500 0.680208 0.010000 0.018750
0 0.420500 0.688802 0.010500 0.019271
0 0.402125 0.707292 0.007250 0.019792
0 0.411250 0.714063 0.010500 0.017708
0 0.409375 0.736198 0.010750 0.017188
0 0.441125 0.758073 0.012750 0.017188
0 0.682750 0.656771 0.014000 0.020833
0 0.658625 0.674740 0.014250 0.024479
0 0.654750 0.736719 0.013500 0.023438
0 0.592625 0.872656 0.012250 0.017188
0 0.589875 0.889062 0.012250 0.029167
0 0.605625 0.958073 0.011750 0.025521
0 0.655375 0.980208 0.008250 0.021875
0 0.568625 0.894531 0.008750 0.017188
0 0.579625 0.932552 0.012250 0.025521
0 0.561250 0.929427 0.015000 0.026562
0 0.559875 0.928125 0.012250 0.019792
0 0.564750 0.971354 0.010000 0.019792
0 0.554750 0.976042 0.016500 0.020833
0 0.549500 0.977083 0.013000 0.021875
0 0.814750 0.738021 0.022000 0.043750
0 0.833750 0.797396 0.016000 0.033333
0 0.799750 0.946354 0.020000 0.039583
0 0.804750 0.977604 0.014000 0.022917
