0 0.629750 0.924740 0.007500 0.011979
0 0.599375 0.917708 0.005250 0.019792
0 0.574500 0.887760 0.008500 0.013021
0 0.566625 0.879167 0.006250 0.010417
0 0.553375 0.774219 0.004750 0.018229
0 0.558875 0.769010 0.004250 0.016146
0 0.421250 0.671354 0.007000 0.011458
0 0.400500 0.642448 0.005000 0.010937
0 0.378750 0.523438 0.008000 0.012500
0 0.528125 0.470833 0.005750 0.017708
0 0.529375 0.544792 0.008250 0.013542
0 0.583000 0.436719 0.006000 0.016146
0 0.576625 0.429948 0.006250 0.011979
0 0.624125 0.459115 0.008750 0.011979
0 0.625875 0.423698 0.007250 0.009896
0 0.627625 0.419010 0.008250 0.011979
0 0.757250 0.525781 0.007500 0.011979
0 0.765500 0.516667 0.004500 0.018750
0 0.830250 0.491667 0.007000 0.020833
0 0.384875 0.435156 0.005750 0.014063
