0 0.212500 0.554875 0.009375 0.006750
0 0.165104 0.547500 0.011458 0.005500
0 0.183333 0.541750 0.013542 0.007500
0 0.135677 0.533375 0.013021 0.005250
0 0.039844 0.545750 0.011979 0.007500
0 0.076302 0.512875 0.014063 0.005750
0 0.098958 0.510625 0.012500 0.007250
0 0.029167 0.501750 0.009375 0.005500
0 0.043229 0.495625 0.008333 0.004750
0 0.046354 0.494375 0.011458 0.004250
0 0.025521 0.489625 0.012500 0.006250
0 0.025000 0.489625 0.008333 0.006250
0 0.157031 0.525250 0.010937 0.004500
0 0.159635 0.522500 0.010937 0.005000
0 0.157812 0.519750 0.009375 0.003500
0 0.161458 0.518375 0.011458 0.003750
0 0.221875 0.537125 0.014583 0.004250
0 0.232031 0.543125 0.008854 0.002750
0 0.232031 0.541000 0.009896 0.003000
0 0.244792 0.549375 0.013542 0.002750
0 0.245312 0.547125 0.011458 0.002750
0 0.249740 0.553250 0.006771 0.006000
0 0.253646 0.552750 0.007292 0.004500
0 0.330469 0.547625 0.011979 0.005250
0 0.310677 0.519500 0.015104 0.004000
0 0.300000 0.513625 0.006250 0.005750
0 0.305469 0.513250 0.006771 0.006000
0 0.302344 0.472125 0.015104 0.004250
0 0.266406 0.476500 0.014063 0.005500
0 0.275000 0.484875 0.013542 0.003250
0 0.275781 0.482625 0.011979 0.002250
0 0.255208 0.467625 0.005208 0.006750
0 0.260417 0.467125 0.007292 0.005750
0 0.221615 0.447500 0.015104 0.006500
0 0.248438 0.446000 0.011458 0.006500
0 0.237240 0.441000 0.009896 0.004500
0 0.239844 0.439750 0.008854 0.004000
0 0.241927 0.428875 0.014063 0.002750
0 0.241667 0.426500 0.011458 0.003000
0 0.225260 0.421250 0.010937 0.006000
0 0.200000 0.423375 0.012500 0.007250
0 0.107552 0.398750 0.009896 0.006000
0 0.210677 0.331000 0.014063 0.005500
0 0.239323 0.308125 0.013021 0.007750
0 0.239844 0.308125 0.011979 0.007750
0 0.389583 0.519625 0.010417 0.005750
0 0.392969 0.504250 0.011979 0.006000
0 0.396615 0.485875 0.006771 0.007750
0 0.390625 0.485875 0.005208 0.007250
0 0.317708 0.235875 0.013542 0.006250
0 0.524219 0.366375 0.010937 0.005250
0 0.527083 0.364500 0.010417 0.003500
0 0.503906 0.351875 0.009896 0.008750
0 0.499479 0.408375 0.009375 0.006750
0 0.493490 0.422750 0.005729 0.006500
0 0.487240 0.419750 0.008854 0.007000
0 0.458594 0.427125 0.007812 0.006250
0 0.465885 0.424250 0.007812 0.007000
0 0.444271 0.414625 0.008333 0.008250
0 0.441667 0.412125 0.005208 0.005750
0 0.446615 0.446125 0.010937 0.004250
0 0.448177 0.449750 0.011979 0.003500
0 0.449219 0.452750 0.010937 0.003000
0 0.428906 0.451000 0.013021 0.006000
0 0.439323 0.486625 0.011979 0.007250
0 0.426042 0.500875 0.008333 0.006750
0 0.415104 0.497250 0.006250 0.003000
0 0.416927 0.495125 0.010937 0.002750
0 0.405990 0.533250 0.007812 0.007000
0 0.405208 0.580125 0.013542 0.004750
0 0.409115 0.575750 0.010937 0.005000
0 0.423437 0.571000 0.010417 0.006500
0 0.415625 0.571625 0.007292 0.004750
0 0.470573 0.536875 0.010937 0.005750
0 0.617969 0.444750 0.011979 0.008500
0 0.664062 0.403500 0.012500 0.006500
0 0.701042 0.400375 0.010417 0.003250
0 0.702344 0.398625 0.009896 0.002250
0 0.773438 0.375875 0.012500 0.006750
0 0.766667 0.395000 0.006250 0.006000
0 0.778385 0.389750 0.011979 0.007000
0 0.778125 0.389750 0.013542 0.006000
0 0.700000 0.412500 0.009375 0.002500
0 0.701042 0.415000 0.010417 0.002500
0 0.525000 0.564750 0.012500 0.004500
0 0.524479 0.561875 0.011458 0.003250
0 0.580990 0.547500 0.018229 0.008500
0 0.580469 0.546500 0.015104 0.009000
0 0.617708 0.538625 0.015625 0.008250
0 0.618750 0.539625 0.015625 0.008250
0 0.702344 0.518875 0.009896 0.007250
0 0.703125 0.518875 0.015625 0.006250
0 0.885937 0.472375 0.014583 0.006750
0 0.884896 0.472250 0.017708 0.006500
0 0.459635 0.630250 0.013021 0.004500
0 0.431250 0.620750 0.013542 0.004000
0 0.511198 0.649125 0.014063 0.007250
0 0.510156 0.648750 0.017188 0.009000
0 0.542448 0.657500 0.011979 0.002500
0 0.542188 0.655250 0.014583 0.002500
0 0.559375 0.650000 0.011458 0.006500
0 0.550521 0.645250 0.011458 0.005500
0 0.521094 0.638750 0.013021 0.003500
0 0.522135 0.637000 0.010937 0.004500
0 0.579427 0.667500 0.013021 0.006000
0 0.576302 0.675625 0.011979 0.006250
0 0.658073 0.682375 0.010937 0.005250
0 0.606250 0.655375 0.011458 0.004750
0 0.596875 0.652875 0.013542 0.004250
0 0.583333 0.656750 0.017708 0.005500
0 0.667708 0.683000 0.009375 0.007000
0 0.526042 0.603750 0.012500 0.005000
0 0.439844 0.610625 0.017188 0.004250
0 0.439323 0.610625 0.014063 0.004750
0 0.569792 0.617500 0.013542 0.004500
0 0.541667 0.605750 0.012500 0.005000
0 0.601562 0.610125 0.013542 0.004750
0 0.768229 0.621625 0.011458 0.006750
0 0.555729 0.730000 0.013542 0.006500
0 0.778385 0.418875 0.010937 0.004750
