0 0.108333 0.402625 0.020833 0.010250
0 0.165104 0.414750 0.026042 0.009500
0 0.384375 0.385000 0.026042 0.015000
0 0.484375 0.440250 0.017708 0.012500
0 0.498177 0.435250 0.013021 0.011000
0 0.513802 0.434750 0.018229 0.008500
0 0.446875 0.464500 0.018750 0.009000
0 0.435156 0.480750 0.023438 0.013000
0 0.429167 0.482125 0.020833 0.012750
0 0.533854 0.468875 0.017708 0.010750
0 0.669531 0.433875 0.026562 0.011250
0 0.648698 0.466625 0.024479 0.010750
0 0.654687 0.466125 0.017708 0.010250
0 0.720833 0.494125 0.027083 0.013750
0 0.716927 0.495875 0.019271 0.013750
0 0.771875 0.502375 0.017708 0.010750
0 0.777865 0.533000 0.024479 0.009500
0 0.788542 0.530500 0.017708 0.008000
0 0.794531 0.527375 0.020313 0.009750
0 0.537500 0.483875 0.015625 0.009250
0 0.539844 0.495875 0.015104 0.011250
0 0.542969 0.502875 0.021354 0.009750
0 0.541927 0.509625 0.022396 0.009750
0 0.547917 0.525875 0.017708 0.012750
0 0.546094 0.527125 0.021354 0.010250
0 0.562240 0.575625 0.018229 0.010750
0 0.243750 0.499500 0.015625 0.009500
0 0.063542 0.600125 0.018750 0.009750
0 0.571875 0.629875 0.019792 0.012250
0 0.574740 0.627625 0.014063 0.007750
0 0.855990 0.598125 0.018229 0.009250
