0 0.304167 0.676625 0.008333 0.004750
0 0.319271 0.685250 0.008333 0.004000
0 0.403906 0.693125 0.007812 0.005250
0 0.388802 0.688000 0.005729 0.004500
0 0.397656 0.689000 0.006771 0.003500
0 0.420833 0.669250 0.008333 0.003000
0 0.353906 0.677250 0.006771 0.003500
0 0.354427 0.679750 0.006771 0.002500
0 0.347396 0.680875 0.009375 0.005250
0 0.277865 0.650250 0.008854 0.003000
0 0.272396 0.650375 0.008333 0.003750
0 0.121094 0.631250 0.007812 0.006000
0 0.092969 0.639000 0.010937 0.004000
0 0.392448 0.541875 0.004687 0.004750
0 0.408333 0.564250 0.008333 0.004500
0 0.432292 0.580375 0.010417 0.004250
0 0.489844 0.644750 0.009896 0.004500
0 0.529427 0.610750 0.010937 0.004500
0 0.527604 0.594750 0.009375 0.003000
0 0.529687 0.586250 0.007292 0.005500
0 0.549740 0.583375 0.007812 0.004250
0 0.553125 0.620375 0.007292 0.005250
0 0.555469 0.617500 0.006771 0.003500
0 0.550000 0.528000 0.006250 0.004000
0 0.547917 0.565750 0.007292 0.005000
0 0.560156 0.545125 0.008854 0.004250
0 0.553125 0.541625 0.006250 0.003750
0 0.549740 0.542000 0.003646 0.004000
0 0.569531 0.570125 0.008854 0.004250
0 0.539583 0.503750 0.008333 0.005000
0 0.557552 0.512875 0.009896 0.003750
0 0.595573 0.441500 0.007812 0.005000
0 0.655469 0.415875 0.006771 0.004750
0 0.589583 0.516875 0.007292 0.004250
0 0.593750 0.516375 0.006250 0.004250
0 0.584115 0.655125 0.008854 0.004250
0 0.601562 0.640000 0.011458 0.003500
0 0.639323 0.605500 0.008854 0.003500
0 0.650521 0.602750 0.009375 0.005000
0 0.803906 0.511625 0.009896 0.004250
0 0.980469 0.650875 0.007812 0.004250
0 0.950521 0.659625 0.006250 0.004250
0 0.924219 0.655375 0.006771 0.004250
0 0.903385 0.645375 0.011979 0.003750
0 0.843750 0.656875 0.009375 0.003250
0 0.797917 0.660500 0.010417 0.003000
0 0.742708 0.682000 0.008333 0.004500
0 0.709635 0.670250 0.007812 0.004000
0 0.714063 0.666250 0.006250 0.004500
0 0.702604 0.665375 0.007292 0.002750
0 0.705729 0.667250 0.007292 0.003000
0 0.801823 0.638500 0.009896 0.005000
0 0.833333 0.649250 0.009375 0.005500
0 0.344531 0.477875 0.008854 0.004250
0 0.325260 0.470375 0.006771 0.003750
0 0.351823 0.461000 0.007812 0.003500
0 0.294531 0.427750 0.006771 0.005000
0 0.319271 0.450125 0.007292 0.005750
0 0.354687 0.491000 0.006250 0.003500
0 0.358594 0.494875 0.008854 0.003250
