0 0.365885 0.439625 0.029687 0.012750
0 0.306771 0.538875 0.031250 0.014250
0 0.569792 0.477625 0.032292 0.012250
0 0.572656 0.540000 0.026562 0.009000
0 0.563802 0.507500 0.032813 0.011000
0 0.508333 0.540875 0.037500 0.013250
0 0.459635 0.645250 0.035937 0.016500
0 0.136719 0.598375 0.025521 0.011250
0 0.156510 0.625000 0.025521 0.013500
0 0.218229 0.661750 0.019792 0.014500
0 0.242969 0.682375 0.021354 0.013250
0 0.103385 0.692250 0.021354 0.009500
0 0.489063 0.694375 0.032292 0.012750
0 0.725260 0.648625 0.025521 0.012750
0 0.708854 0.650000 0.019792 0.011000
0 0.735156 0.679000 0.027604 0.013000
0 0.709115 0.613125 0.024479 0.012750
0 0.667448 0.646625 0.021354 0.013750
0 0.308854 0.709125 0.031250 0.013250
0 0.220833 0.445500 0.018750 0.014000
0 0.278385 0.468125 0.027604 0.010250
0 0.370573 0.353750 0.027604 0.015000
