0 0.192750 0.402604 0.019000 0.050000
0 0.234750 0.404687 0.013000 0.033333
0 0.482250 0.467187 0.012000 0.033333
0 0.414250 0.654687 0.012000 0.033333
0 0.399250 0.740104 0.020000 0.037500
0 0.543250 0.606771 0.022000 0.033333
0 0.515750 0.874479 0.017000 0.031250
0 0.540750 0.605729 0.019000 0.047917
0 0.568750 0.358854 0.011000 0.029167
0 0.770750 0.429688 0.015000 0.029167
0 0.794250 0.406771 0.010000 0.037500
0 0.736750 0.407812 0.009000 0.043750
0 0.827250 0.466146 0.010000 0.031250
0 0.836750 0.456771 0.007000 0.029167
