0 0.518490 0.673875 0.007812 0.008250
0 0.535937 0.641250 0.016667 0.007000
0 0.582812 0.618500 0.011458 0.008000
0 0.568750 0.619500 0.016667 0.005500
0 0.568229 0.580125 0.012500 0.006250
0 0.497396 0.588875 0.010417 0.005250
0 0.485156 0.589000 0.008854 0.006500
0 0.316406 0.602625 0.018229 0.005750
0 0.302344 0.695250 0.018229 0.006000
0 0.306250 0.663375 0.013542 0.006750
0 0.297135 0.658750 0.014063 0.006500
0 0.265625 0.518000 0.012500 0.009500
0 0.208073 0.490625 0.009896 0.008250
0 0.244271 0.488125 0.013542 0.005750
0 0.207292 0.431625 0.015625 0.006750
0 0.247656 0.439750 0.011979 0.008000
0 0.286719 0.462875 0.015104 0.006750
0 0.271615 0.458125 0.015104 0.006750
0 0.380729 0.475375 0.019792 0.007750
0 0.362500 0.491000 0.017708 0.006000
0 0.345573 0.504750 0.015104 0.008500
0 0.318490 0.504250 0.014063 0.008500
0 0.305469 0.494625 0.010937 0.008250
0 0.289844 0.509125 0.015104 0.006750
0 0.295833 0.504000 0.016667 0.006500
0 0.217188 0.514375 0.014583 0.007250
0 0.224740 0.513375 0.014063 0.006750
0 0.066146 0.476250 0.014583 0.008000
0 0.087500 0.476625 0.014583 0.008250
0 0.146354 0.465625 0.017708 0.006250
0 0.156250 0.460000 0.013542 0.009000
0 0.118490 0.438375 0.014063 0.006750
0 0.115365 0.418000 0.019271 0.008000
0 0.083854 0.487375 0.014583 0.007750
0 0.393229 0.356250 0.013542 0.010000
0 0.335938 0.381125 0.015625 0.006250
0 0.347396 0.351125 0.026042 0.007250
0 0.272396 0.259875 0.014583 0.010250
0 0.207812 0.255625 0.014583 0.008750
0 0.257812 0.204500 0.016667 0.006500
0 0.237240 0.202625 0.010937 0.006250
0 0.270052 0.219000 0.015104 0.007000
0 0.382292 0.326125 0.018750 0.007250
0 0.379688 0.310125 0.018750 0.005750
0 0.466667 0.332250 0.013542 0.007000
0 0.418750 0.329750 0.019792 0.005000
0 0.418229 0.318125 0.013542 0.005250
0 0.426823 0.323375 0.014063 0.005250
0 0.492188 0.356125 0.014583 0.006250
0 0.482552 0.351375 0.015104 0.004750
0 0.523958 0.362375 0.017708 0.007750
0 0.633854 0.412500 0.016667 0.006000
0 0.632292 0.421125 0.016667 0.008750
0 0.674219 0.434250 0.013021 0.007000
0 0.658594 0.428875 0.014063 0.010750
0 0.353646 0.261375 0.014583 0.008250
0 0.781250 0.842875 0.013542 0.009250
0 0.657552 0.749750 0.013021 0.012000
0 0.764323 0.706375 0.017188 0.008250
0 0.794792 0.725125 0.009375 0.008750
0 0.811719 0.734625 0.013021 0.006250
0 0.816406 0.743250 0.016146 0.006500
0 0.782813 0.764000 0.014583 0.007500
0 0.780208 0.771750 0.014583 0.008500
0 0.738281 0.839875 0.020313 0.008750
0 0.893229 0.388125 0.012500 0.009250
0 0.791146 0.305000 0.013542 0.009000
0 0.873958 0.299500 0.010417 0.006000
0 0.784896 0.259125 0.014583 0.007250
0 0.754427 0.248000 0.018229 0.010000
