0 0.250625 0.749219 0.005750 0.016146
0 0.312375 0.777344 0.005250 0.017188
0 0.255125 0.914583 0.006750 0.012500
0 0.318875 0.579948 0.007750 0.013021
0 0.382250 0.688021 0.004500 0.012500
0 0.436000 0.572917 0.005500 0.009375
0 0.505500 0.649479 0.004000 0.008333
0 0.452000 0.808333 0.006000 0.013542
0 0.486250 0.818490 0.007000 0.015104
0 0.490625 0.903906 0.003750 0.016146
0 0.469875 0.909635 0.004750 0.013021
0 0.415500 0.785677 0.006500 0.018229
0 0.315500 0.944531 0.006500 0.013021
0 0.262000 0.945312 0.007000 0.016667
0 0.314500 0.612760 0.007000 0.009896
0 0.311000 0.687240 0.009000 0.010937
0 0.306750 0.696875 0.006000 0.013542
0 0.454375 0.470833 0.006750 0.018750
0 0.512375 0.495052 0.005250 0.009896
0 0.571500 0.369010 0.008000 0.011979
0 0.545375 0.247656 0.005750 0.014063
0 0.429250 0.294792 0.006500 0.012500
0 0.302375 0.189323 0.004250 0.015104
0 0.389875 0.719010 0.005250 0.013021
0 0.402750 0.723437 0.007000 0.013542
0 0.395125 0.727083 0.005250 0.016667
0 0.448625 0.938281 0.005250 0.010937
0 0.555250 0.655990 0.006000 0.013021
0 0.738125 0.830469 0.005750 0.017188
0 0.765625 0.832292 0.006750 0.018750
0 0.767000 0.855469 0.009500 0.015104
0 0.774375 0.912500 0.006750 0.018750
0 0.705000 0.992448 0.009500 0.013021
0 0.849750 0.544010 0.006500 0.017188
0 0.793500 0.485156 0.008500 0.009896
0 0.774625 0.439844 0.006250 0.015104
0 0.753125 0.451302 0.005750 0.011979
0 0.754125 0.480729 0.007750 0.014583
0 0.761625 0.456510 0.007250 0.010937
