0 0.362875 0.677604 0.005250 0.006250
0 0.361500 0.603906 0.005000 0.007812
0 0.384250 0.565625 0.004000 0.006250
0 0.410500 0.576823 0.005500 0.006771
0 0.403625 0.568750 0.002750 0.009375
0 0.413125 0.562760 0.003750 0.007812
0 0.409375 0.562240 0.003750 0.007812
0 0.408125 0.559635 0.004250 0.007812
0 0.409500 0.549740 0.004500 0.005729
0 0.399500 0.552865 0.004000 0.007812
0 0.399250 0.547917 0.005500 0.007292
0 0.415000 0.544531 0.005000 0.005729
0 0.419375 0.540885 0.002750 0.008854
0 0.420875 0.557031 0.005750 0.006771
0 0.427000 0.558854 0.005500 0.008333
0 0.427000 0.570312 0.005500 0.006250
0 0.414125 0.516406 0.005250 0.008854
0 0.413875 0.483854 0.003750 0.007292
0 0.420625 0.484115 0.005750 0.006771
0 0.409625 0.478385 0.005750 0.007812
0 0.436125 0.493490 0.005250 0.006771
0 0.476500 0.948958 0.005500 0.008333
0 0.447500 0.854948 0.006000 0.011979
0 0.470000 0.844271 0.004500 0.012500
0 0.451750 0.804427 0.004500 0.008854
0 0.445500 0.819010 0.003500 0.011979
0 0.447000 0.815885 0.003500 0.009896
0 0.440000 0.815365 0.002500 0.009896
0 0.439625 0.821875 0.002750 0.009375
0 0.439000 0.827604 0.003000 0.010417
0 0.438625 0.798958 0.004250 0.008333
0 0.431875 0.783594 0.004250 0.008854
0 0.438375 0.786979 0.003750 0.008333
0 0.440750 0.782292 0.003500 0.009375
0 0.443250 0.782552 0.002500 0.004687
0 0.445375 0.780729 0.003750 0.008333
0 0.446375 0.767969 0.003750 0.008854
0 0.447000 0.765625 0.002500 0.005208
0 0.449375 0.759115 0.003750 0.006771
0 0.445625 0.755990 0.003750 0.007812
0 0.439625 0.775260 0.002750 0.004687
0 0.440250 0.772656 0.004500 0.005729
0 0.469125 0.777083 0.003250 0.009375
0 0.470375 0.775000 0.003250 0.007292
0 0.482375 0.753646 0.003750 0.008333
0 0.478125 0.746615 0.004750 0.007812
0 0.435750 0.719531 0.002500 0.006771
0 0.437875 0.722917 0.003250 0.006250
0 0.436750 0.711979 0.003000 0.006250
0 0.437625 0.703906 0.003750 0.011979
0 0.433500 0.671354 0.003500 0.007292
0 0.445875 0.666406 0.004250 0.009896
0 0.449875 0.625521 0.004750 0.007292
0 0.444750 0.604167 0.003500 0.008333
0 0.445250 0.596354 0.003000 0.008333
0 0.457125 0.463021 0.004250 0.006250
0 0.451500 0.505208 0.002500 0.009375
0 0.473125 0.508073 0.005750 0.007812
0 0.461625 0.575521 0.002750 0.010417
0 0.460125 0.585938 0.003250 0.010417
0 0.461625 0.587240 0.002250 0.008854
0 0.471000 0.593229 0.003500 0.012500
0 0.470375 0.607812 0.004250 0.009375
0 0.472125 0.615625 0.003750 0.010417
0 0.473875 0.625521 0.002750 0.009375
0 0.477375 0.623437 0.003750 0.008333
0 0.478500 0.634115 0.002500 0.010937
0 0.471000 0.677604 0.004500 0.007292
0 0.469125 0.660677 0.001750 0.008854
0 0.467375 0.660677 0.001750 0.011979
0 0.463875 0.702083 0.005750 0.008333
0 0.504875 0.832292 0.004750 0.008333
0 0.485625 0.806771 0.003750 0.011458
0 0.494875 0.816927 0.003250 0.005729
0 0.492625 0.808073 0.002250 0.006771
0 0.495125 0.801042 0.003250 0.005208
0 0.495250 0.785937 0.003500 0.006250
0 0.495500 0.808854 0.003000 0.010417
0 0.516750 0.790885 0.005000 0.008854
0 0.514625 0.783594 0.004250 0.009896
0 0.521625 0.746094 0.003750 0.010937
0 0.520125 0.744010 0.003250 0.008854
0 0.487375 0.703385 0.003250 0.013021
0 0.489500 0.689063 0.003000 0.008333
0 0.498375 0.684896 0.003750 0.007292
0 0.507500 0.680729 0.003000 0.012500
0 0.511000 0.701562 0.005500 0.008333
0 0.493500 0.678646 0.003000 0.008333
0 0.491375 0.676302 0.003750 0.007812
0 0.496875 0.670833 0.003750 0.007292
0 0.488875 0.671094 0.003750 0.005729
0 0.490375 0.664062 0.003750 0.007292
0 0.508500 0.659896 0.003500 0.011458
0 0.508250 0.649219 0.005500 0.008854
0 0.517000 0.647917 0.003000 0.012500
0 0.519000 0.640365 0.005500 0.005729
0 0.515375 0.637760 0.002750 0.010937
0 0.504375 0.618229 0.003250 0.012500
0 0.500750 0.621615 0.003500 0.011979
0 0.499500 0.616667 0.004000 0.007292
0 0.497625 0.607031 0.002750 0.013021
0 0.485500 0.590885 0.003500 0.011979
0 0.484000 0.567708 0.004000 0.006250
0 0.482750 0.560937 0.002500 0.011458
0 0.492250 0.544792 0.006000 0.006250
0 0.482500 0.534375 0.003000 0.010417
0 0.493375 0.530208 0.004750 0.007292
0 0.491875 0.527865 0.004250 0.006771
0 0.487750 0.498437 0.003000 0.010417
0 0.484750 0.488021 0.005000 0.007292
0 0.484250 0.496094 0.004500 0.008854
0 0.482000 0.450000 0.006000 0.008333
0 0.493375 0.448177 0.004750 0.010937
0 0.469000 0.374740 0.004500 0.007812
0 0.480625 0.510156 0.002750 0.008854
0 0.497000 0.580208 0.004000 0.005208
0 0.497750 0.577344 0.004500 0.006771
0 0.527750 0.682552 0.004500 0.010937
0 0.547500 0.694271 0.006000 0.007292
0 0.545375 0.703385 0.005250 0.008854
0 0.554250 0.720573 0.004000 0.013021
0 0.550250 0.754687 0.002500 0.010417
0 0.547750 0.747917 0.005500 0.007292
0 0.560250 0.811458 0.004500 0.011458
0 0.562750 0.790885 0.004500 0.009896
0 0.561875 0.787240 0.003250 0.007812
0 0.540750 0.845313 0.005500 0.012500
0 0.544625 0.878125 0.004750 0.011458
0 0.547375 0.869531 0.004250 0.009896
0 0.559375 0.865104 0.003750 0.012500
0 0.626500 0.713802 0.005000 0.007812
0 0.604000 0.688542 0.004500 0.006250
0 0.601750 0.673698 0.004000 0.010937
0 0.597375 0.666927 0.004250 0.010937
0 0.607875 0.647396 0.004750 0.005208
0 0.629125 0.657031 0.003250 0.014063
0 0.606000 0.641667 0.004000 0.008333
0 0.603750 0.636719 0.002500 0.010937
0 0.596750 0.633854 0.006000 0.006250
0 0.588250 0.645052 0.004500 0.007812
0 0.578375 0.605208 0.003250 0.005208
0 0.581625 0.612240 0.004750 0.009896
0 0.581750 0.621354 0.004000 0.009375
0 0.611875 0.608854 0.005750 0.010417
0 0.616000 0.601562 0.004000 0.011458
0 0.630375 0.558333 0.003250 0.011458
0 0.632375 0.554427 0.003250 0.010937
0 0.650750 0.555729 0.004500 0.011458
0 0.634000 0.582552 0.004500 0.005729
0 0.634125 0.579948 0.005750 0.005729
0 0.659000 0.606250 0.001500 0.008333
0 0.660875 0.607292 0.002250 0.011458
0 0.619375 0.528125 0.006250 0.010417
0 0.608500 0.508854 0.006000 0.012500
0 0.628250 0.489063 0.006000 0.007292
0 0.624250 0.476562 0.007000 0.014583
0 0.622125 0.457031 0.005750 0.008854
0 0.606125 0.458854 0.005250 0.007292
0 0.567500 0.541927 0.006000 0.006771
0 0.552500 0.520312 0.005000 0.007292
0 0.549875 0.509635 0.004750 0.005729
0 0.563375 0.517969 0.003750 0.009896
0 0.571375 0.498698 0.006250 0.009896
0 0.534125 0.474219 0.004250 0.009896
0 0.537250 0.459896 0.004000 0.011458
0 0.520500 0.447917 0.005000 0.011458
0 0.481875 0.353646 0.004750 0.008333
0 0.541625 0.384896 0.004750 0.008333
0 0.561250 0.566146 0.003000 0.007292
0 0.578875 0.563802 0.004750 0.008854
0 0.571875 0.562240 0.004250 0.010937
0 0.504875 0.301563 0.005250 0.008333
0 0.511375 0.323437 0.003750 0.011458
0 0.518750 0.296615 0.005500 0.008854
0 0.525500 0.339583 0.005500 0.008333
0 0.522750 0.360938 0.006000 0.006250
0 0.531875 0.363021 0.004750 0.006250
0 0.536750 0.361458 0.005000 0.006250
0 0.543250 0.364844 0.005000 0.007812
0 0.549875 0.367188 0.003750 0.009375
0 0.546625 0.343229 0.003750 0.010417
0 0.553250 0.339844 0.005500 0.006771
0 0.533625 0.327865 0.003750 0.007812
0 0.536500 0.336719 0.002500 0.009896
0 0.534125 0.339583 0.002750 0.007292
0 0.535625 0.345573 0.004750 0.006771
0 0.539000 0.327083 0.005000 0.004167
0 0.538375 0.322917 0.004250 0.005208
0 0.551625 0.333333 0.004250 0.004167
0 0.551125 0.329688 0.005750 0.004167
0 0.600875 0.252604 0.005750 0.010417
0 0.625625 0.275521 0.006750 0.011458
0 0.625750 0.266146 0.005500 0.008333
0 0.681625 0.344792 0.005250 0.005208
0 0.681125 0.339062 0.006750 0.006250
0 0.673250 0.335677 0.005500 0.007812
0 0.674000 0.376823 0.005000 0.008854
0 0.668875 0.422917 0.004250 0.008333
0 0.659750 0.424219 0.006000 0.006771
0 0.654500 0.436719 0.006500 0.006771
0 0.643750 0.411719 0.005500 0.006771
0 0.637000 0.418750 0.005000 0.008333
0 0.630000 0.410156 0.006000 0.006771
0 0.627250 0.395313 0.004500 0.009375
0 0.619500 0.423437 0.006000 0.006250
0 0.611000 0.431510 0.004000 0.009896
0 0.619750 0.441667 0.005500 0.006250
0 0.625500 0.445833 0.005500 0.007292
0 0.602500 0.404427 0.003000 0.010937
0 0.598625 0.407031 0.003750 0.009896
0 0.597000 0.397656 0.004000 0.008854
0 0.599375 0.392188 0.005250 0.006250
0 0.580250 0.411458 0.005000 0.008333
0 0.581875 0.402865 0.005750 0.007812
0 0.570250 0.405990 0.004500 0.004687
0 0.571000 0.401562 0.006000 0.005208
0 0.575125 0.392188 0.004750 0.006250
0 0.574250 0.385677 0.004500 0.008854
0 0.591750 0.398177 0.004000 0.003646
0 0.592375 0.402083 0.005250 0.005208
0 0.568000 0.318490 0.005000 0.005729
0 0.574250 0.323177 0.005000 0.005729
0 0.574000 0.330990 0.005000 0.005729
0 0.570125 0.332031 0.003250 0.009896
0 0.570500 0.323177 0.003000 0.006771
0 0.568625 0.330208 0.002750 0.007292
0 0.596875 0.357292 0.003750 0.007292
0 0.595375 0.354427 0.004250 0.009896
0 0.604750 0.367969 0.004500 0.009896
0 0.605250 0.355469 0.005000 0.006771
0 0.624250 0.357031 0.006000 0.007812
0 0.629750 0.349479 0.004000 0.010417
0 0.634250 0.357552 0.003500 0.009896
0 0.635750 0.351823 0.005500 0.007812
0 0.623250 0.340625 0.005500 0.007292
0 0.629000 0.334115 0.004000 0.006771
0 0.628000 0.332031 0.004500 0.007812
0 0.691000 0.449479 0.005500 0.007292
0 0.687375 0.442708 0.005250 0.005208
0 0.676875 0.438021 0.002750 0.011458
0 0.673875 0.434375 0.003750 0.010417
0 0.666875 0.440365 0.005250 0.005729
0 0.666625 0.446875 0.003250 0.008333
0 0.663125 0.450521 0.003750 0.005208
0 0.663750 0.454167 0.006000 0.005208
0 0.662000 0.461198 0.005000 0.005729
0 0.661250 0.466406 0.005500 0.005729
0 0.671875 0.442448 0.004750 0.005729
0 0.671875 0.437760 0.004750 0.004687
0 0.721500 0.383594 0.005500 0.005729
0 0.717000 0.380990 0.005000 0.007812
0 0.711625 0.384896 0.004250 0.004167
0 0.714000 0.388281 0.005500 0.005729
0 0.250375 0.815104 0.003250 0.011458
0 0.280875 0.863021 0.004250 0.010417
0 0.280625 0.796615 0.005750 0.009896
0 0.296500 0.692187 0.005000 0.010417
0 0.323750 0.719271 0.005500 0.009375
0 0.330500 0.728125 0.004500 0.009375
0 0.344375 0.550781 0.005250 0.009896
