0 0.062875 0.519010 0.006250 0.008854
0 0.050125 0.732812 0.005750 0.012500
0 0.079000 0.692448 0.003500 0.006771
0 0.320125 0.797396 0.005750 0.011458
0 0.372375 0.610417 0.005250 0.008333
0 0.299500 0.555990 0.006000 0.010937
0 0.263250 0.480990 0.006500 0.013021
0 0.256625 0.473438 0.005750 0.007292
0 0.236000 0.454427 0.006500 0.009896
0 0.226875 0.465365 0.004250 0.013021
0 0.207625 0.454948 0.005250 0.013021
0 0.147625 0.383333 0.006750 0.009375
0 0.145500 0.388021 0.005500 0.009375
0 0.140875 0.390885 0.006750 0.008854
0 0.135500 0.340365 0.006000 0.011979
0 0.129250 0.351042 0.007000 0.007292
0 0.120125 0.352344 0.004750 0.015104
0 0.123250 0.338542 0.006500 0.012500
0 0.097000 0.260677 0.008000 0.011979
0 0.117125 0.290885 0.005250 0.013021
0 0.122000 0.292969 0.005500 0.009896
0 0.122000 0.282813 0.004500 0.014583
0 0.129375 0.322135 0.005250 0.017188
0 0.156250 0.277865 0.005000 0.014063
0 0.168375 0.285417 0.007250 0.011458
0 0.198125 0.363802 0.006750 0.010937
0 0.231375 0.344271 0.006250 0.007292
0 0.231875 0.339844 0.005750 0.006771
0 0.261875 0.394792 0.004750 0.015625
0 0.245125 0.427083 0.006750 0.010417
0 0.287000 0.424219 0.004000 0.008854
0 0.289250 0.420833 0.004000 0.013542
0 0.315250 0.487760 0.003500 0.011979
0 0.318875 0.485937 0.006750 0.008333
0 0.320250 0.481510 0.005000 0.008854
0 0.338000 0.474219 0.006000 0.008854
0 0.333250 0.495573 0.007500 0.010937
0 0.327500 0.516927 0.007500 0.008854
0 0.344125 0.511719 0.004250 0.013021
0 0.348875 0.515104 0.005250 0.010417
0 0.345250 0.550260 0.005500 0.005729
0 0.344875 0.555208 0.007750 0.006250
0 0.366250 0.532292 0.006500 0.012500
0 0.380375 0.563802 0.004750 0.010937
0 0.392875 0.582031 0.004750 0.011979
0 0.398625 0.582552 0.005250 0.010937
0 0.407375 0.607552 0.003750 0.011979
0 0.403875 0.615104 0.005750 0.008333
0 0.403125 0.611198 0.005250 0.006771
0 0.472500 0.563281 0.007500 0.010937
0 0.451000 0.469792 0.008000 0.010417
0 0.454250 0.386458 0.004500 0.008333
0 0.455875 0.383594 0.005750 0.010937
0 0.429125 0.364063 0.003750 0.013542
0 0.442500 0.353646 0.005000 0.010417
0 0.443000 0.350781 0.005000 0.008854
0 0.400125 0.279687 0.004250 0.011458
0 0.401500 0.278125 0.003500 0.010417
0 0.363625 0.129688 0.007750 0.008333
0 0.357750 0.119531 0.004000 0.009896
0 0.359375 0.117969 0.004250 0.009896
0 0.326625 0.050000 0.005250 0.012500
0 0.328000 0.004948 0.004000 0.009896
0 0.323125 0.003646 0.004250 0.007292
0 0.303500 0.041406 0.005000 0.015104
0 0.289250 0.004167 0.003500 0.008333
0 0.292500 0.003125 0.003500 0.006250
0 0.294625 0.070833 0.004250 0.012500
0 0.308750 0.083854 0.004500 0.013542
0 0.310625 0.034896 0.003750 0.012500
0 0.313750 0.045312 0.004000 0.012500
0 0.315875 0.055208 0.003750 0.011458
0 0.374125 0.229427 0.004750 0.011979
0 0.377375 0.238021 0.002750 0.010417
0 0.572375 0.391406 0.004750 0.011979
0 0.573750 0.385156 0.005000 0.007812
0 0.596125 0.341146 0.005250 0.007292
0 0.644250 0.086979 0.006500 0.009375
0 0.651125 0.009635 0.006250 0.009896
0 0.669875 0.006771 0.005750 0.007292
0 0.687375 0.005729 0.004250 0.011458
0 0.692625 0.013542 0.004250 0.009375
0 0.696625 0.015625 0.005250 0.009375
0 0.681500 0.021094 0.005000 0.014063
0 0.678750 0.051823 0.005500 0.008854
0 0.679125 0.065885 0.005250 0.014063
0 0.662000 0.043229 0.004000 0.015625
0 0.658625 0.148177 0.003250 0.013021
0 0.647125 0.154688 0.005250 0.007292
0 0.642625 0.159635 0.004250 0.013021
0 0.643375 0.180208 0.005750 0.012500
0 0.658625 0.219271 0.005250 0.012500
0 0.635125 0.222656 0.005250 0.011979
0 0.629750 0.272135 0.007000 0.008854
0 0.638125 0.291667 0.003750 0.012500
0 0.637625 0.303125 0.003250 0.012500
0 0.623375 0.314063 0.005750 0.009375
0 0.619875 0.311198 0.003750 0.010937
0 0.617000 0.304688 0.003500 0.014583
0 0.613375 0.297135 0.004250 0.014063
0 0.619625 0.327865 0.004750 0.011979
0 0.627250 0.378385 0.004000 0.011979
0 0.556750 0.336719 0.009000 0.013021
0 0.586500 0.442708 0.005000 0.015625
0 0.615000 0.659896 0.002000 0.009375
0 0.617500 0.658594 0.003500 0.013021
0 0.630250 0.632812 0.004500 0.012500
0 0.642000 0.587500 0.005500 0.009375
0 0.641625 0.571094 0.005250 0.009896
0 0.654125 0.535677 0.006750 0.009896
0 0.664375 0.514062 0.006250 0.012500
0 0.676250 0.492969 0.006500 0.010937
0 0.734125 0.402865 0.006250 0.009896
0 0.775375 0.362500 0.005750 0.010417
0 0.775625 0.355469 0.005250 0.006771
0 0.782125 0.360156 0.006750 0.009896
0 0.843875 0.254167 0.007750 0.009375
0 0.852250 0.223698 0.005000 0.015104
0 0.848625 0.220573 0.003750 0.015104
0 0.852875 0.205208 0.008250 0.009375
0 0.851250 0.188281 0.004000 0.016146
0 0.870875 0.180729 0.005750 0.006250
0 0.871125 0.176563 0.007250 0.006250
0 0.878375 0.164844 0.007250 0.010937
0 0.868750 0.138542 0.005500 0.014583
0 0.871375 0.112240 0.008250 0.011979
0 0.881250 0.139063 0.006000 0.009375
0 0.887000 0.139323 0.005500 0.009896
0 0.891500 0.145313 0.004500 0.011458
0 0.884125 0.151823 0.004250 0.013021
0 0.899125 0.171875 0.006750 0.010417
0 0.898875 0.182031 0.008250 0.009896
0 0.918500 0.247656 0.007500 0.013021
0 0.893000 0.238802 0.006500 0.013021
0 0.890250 0.225000 0.007000 0.008333
0 0.882875 0.238802 0.007750 0.008854
0 0.869625 0.240625 0.006750 0.006250
0 0.870875 0.244531 0.005750 0.007812
0 0.880625 0.269792 0.004250 0.015625
0 0.888875 0.273438 0.003750 0.015625
0 0.894000 0.269792 0.006000 0.013542
0 0.885250 0.300260 0.007000 0.011979
0 0.858875 0.330208 0.006750 0.014583
0 0.848125 0.298438 0.007750 0.011458
0 0.811375 0.357552 0.004750 0.006771
0 0.810125 0.353906 0.006250 0.009896
0 0.752625 0.491667 0.004250 0.013542
0 0.599750 0.771354 0.006000 0.010417
0 0.642750 0.772917 0.003000 0.009375
0 0.645250 0.772135 0.004500 0.011979
0 0.681250 0.776563 0.006000 0.010417
0 0.758625 0.709375 0.004250 0.014583
0 0.805625 0.772656 0.003750 0.008854
0 0.807500 0.770573 0.006000 0.011979
0 0.892250 0.758594 0.005500 0.011979
0 0.924125 0.759115 0.005750 0.013021
0 0.923000 0.748437 0.007000 0.009375
0 0.941000 0.739583 0.008000 0.008333
0 0.945875 0.729948 0.007750 0.010937
0 0.932750 0.716927 0.007500 0.009896
0 0.950125 0.697917 0.007750 0.010417
0 0.960375 0.715365 0.007750 0.011979
0 0.966875 0.747917 0.006250 0.012500
0 0.910250 0.798958 0.006500 0.016667
0 0.656250 0.801042 0.006000 0.009375
0 0.598000 0.859896 0.005000 0.009375
0 0.651125 0.854167 0.002750 0.008333
