0 0.193750 0.574500 0.014583 0.008500
0 0.230208 0.552000 0.013542 0.006500
0 0.020313 0.507250 0.009375 0.006500
0 0.245052 0.419250 0.014063 0.006500
0 0.269271 0.441750 0.015625 0.009000
0 0.395313 0.483000 0.010417 0.007000
0 0.535677 0.484125 0.017188 0.007250
0 0.522135 0.280500 0.014063 0.008500
0 0.517708 0.234875 0.012500 0.004750
0 0.404167 0.181750 0.008333 0.009500
0 0.646615 0.586125 0.011979 0.006750
0 0.627083 0.565125 0.009375 0.006750
0 0.641667 0.566000 0.008333 0.008000
0 0.786198 0.572750 0.011979 0.007000
0 0.779687 0.480875 0.013542 0.006250
0 0.880990 0.443250 0.008854 0.007000
