0 0.053385 0.584250 0.022396 0.006000
0 0.060417 0.632750 0.021875 0.005500
0 0.437760 0.846125 0.010937 0.005750
0 0.440104 0.844000 0.014583 0.005500
0 0.425000 0.816375 0.009375 0.009250
0 0.413802 0.814125 0.011979 0.008250
0 0.445312 0.805125 0.013542 0.005250
0 0.445052 0.801250 0.013021 0.005000
0 0.340104 0.750375 0.017708 0.005750
0 0.363802 0.747375 0.009896 0.008750
0 0.350260 0.743125 0.021354 0.005750
0 0.362500 0.718375 0.012500 0.011250
0 0.343490 0.706875 0.011979 0.008750
0 0.348698 0.705375 0.008854 0.005750
0 0.358333 0.689750 0.017708 0.007000
0 0.315104 0.616250 0.015625 0.005500
0 0.381771 0.601875 0.015625 0.008250
0 0.467708 0.595375 0.017708 0.007250
0 0.482292 0.613250 0.013542 0.010000
0 0.493490 0.631875 0.011979 0.009250
0 0.437500 0.631500 0.015625 0.004000
0 0.449219 0.629875 0.017188 0.007750
0 0.597656 0.726625 0.016146 0.006250
0 0.856250 0.490750 0.018750 0.011500
0 0.768229 0.490750 0.018750 0.005500
0 0.681250 0.466250 0.012500 0.009000
0 0.665625 0.464125 0.018750 0.005250
0 0.668229 0.460875 0.014583 0.003750
0 0.573958 0.493750 0.021875 0.006500
