0 0.111719 0.530625 0.010937 0.007750
0 0.158854 0.548875 0.009375 0.007250
0 0.186719 0.571625 0.014063 0.006250
0 0.198437 0.576625 0.010417 0.004750
0 0.201563 0.574625 0.012500 0.004750
0 0.244792 0.592250 0.013542 0.005000
0 0.233594 0.590625 0.009896 0.006250
0 0.173958 0.565875 0.012500 0.003750
0 0.175000 0.563625 0.010417 0.002750
0 0.298698 0.576000 0.011979 0.005500
0 0.289062 0.562125 0.010417 0.006750
0 0.259635 0.513500 0.013021 0.006500
0 0.233854 0.512000 0.011458 0.006000
0 0.238802 0.503875 0.009896 0.006750
0 0.246094 0.499500 0.011979 0.005500
0 0.147135 0.488625 0.014063 0.005750
0 0.185417 0.490750 0.012500 0.007000
0 0.216927 0.499125 0.010937 0.005750
0 0.217448 0.496250 0.014063 0.003000
0 0.220312 0.494375 0.010417 0.003250
0 0.222656 0.493375 0.010937 0.003750
0 0.230729 0.491375 0.011458 0.005250
0 0.213802 0.474625 0.011979 0.006250
0 0.196354 0.479375 0.011458 0.004750
0 0.231250 0.475875 0.013542 0.005750
0 0.192448 0.461500 0.010937 0.006500
0 0.167187 0.471750 0.012500 0.005500
0 0.165625 0.466250 0.009375 0.006000
0 0.171615 0.439000 0.011979 0.006500
0 0.158594 0.435125 0.011979 0.004250
0 0.164323 0.432750 0.011979 0.006000
0 0.173698 0.431750 0.011979 0.005500
0 0.151562 0.425625 0.011458 0.006750
0 0.180469 0.421375 0.008854 0.006250
0 0.170833 0.417375 0.011458 0.006750
0 0.126042 0.381625 0.011458 0.004250
0 0.128385 0.379750 0.008854 0.003500
0 0.066927 0.360500 0.015104 0.007000
0 0.486979 0.574125 0.006250 0.006250
0 0.495573 0.552625 0.011979 0.004250
0 0.517448 0.529125 0.008854 0.006750
0 0.503906 0.529750 0.013021 0.005000
0 0.535937 0.518500 0.010417 0.003000
0 0.534115 0.516125 0.011979 0.004250
0 0.616667 0.472875 0.015625 0.003750
0 0.641406 0.449250 0.011979 0.005000
0 0.706510 0.400875 0.014063 0.006250
0 0.679688 0.359250 0.010417 0.006500
0 0.825781 0.360750 0.014063 0.006000
0 0.977083 0.305500 0.012500 0.007500
0 0.799479 0.399250 0.006250 0.005500
0 0.426823 0.639375 0.011979 0.003750
0 0.443490 0.638250 0.010937 0.005000
0 0.453646 0.639875 0.011458 0.004250
0 0.537500 0.614500 0.013542 0.008500
0 0.527604 0.597750 0.012500 0.008000
0 0.502344 0.601750 0.016146 0.006000
0 0.567969 0.603000 0.010937 0.002500
0 0.567969 0.605375 0.010937 0.002750
0 0.557292 0.603250 0.009375 0.005500
0 0.585938 0.595875 0.008333 0.007250
0 0.579167 0.582125 0.014583 0.004750
0 0.554688 0.573625 0.013542 0.005250
0 0.602083 0.576250 0.012500 0.005500
0 0.622396 0.574875 0.013542 0.005250
0 0.662240 0.596375 0.009896 0.006250
0 0.647917 0.557250 0.012500 0.005500
0 0.662500 0.568250 0.010417 0.006000
0 0.678906 0.544000 0.016146 0.004500
0 0.708854 0.543250 0.009375 0.007000
0 0.697917 0.539125 0.009375 0.006250
0 0.691146 0.537500 0.011458 0.004500
0 0.680990 0.538500 0.010937 0.005500
0 0.672917 0.535000 0.012500 0.003000
0 0.673698 0.532625 0.009896 0.002750
0 0.700781 0.523125 0.011979 0.005250
0 0.718750 0.526625 0.017708 0.006250
0 0.742448 0.533625 0.011979 0.003750
0 0.732292 0.531625 0.013542 0.002750
0 0.730990 0.529375 0.009896 0.002750
0 0.740104 0.522125 0.012500 0.004250
0 0.726823 0.520875 0.011979 0.005250
0 0.734115 0.513750 0.013021 0.004500
0 0.750000 0.505375 0.015625 0.006250
0 0.754167 0.486250 0.012500 0.006000
0 0.857292 0.473875 0.014583 0.005750
0 0.912760 0.399875 0.013021 0.005750
0 0.922396 0.552250 0.009375 0.005000
0 0.416667 0.653875 0.011458 0.003750
0 0.430469 0.657750 0.010937 0.003500
0 0.427344 0.655125 0.008854 0.003250
0 0.468490 0.660250 0.011979 0.005500
0 0.489844 0.666375 0.004687 0.006250
0 0.494010 0.665375 0.006771 0.005750
0 0.547656 0.672875 0.016146 0.004250
0 0.585677 0.683250 0.013021 0.005500
0 0.552083 0.685500 0.009375 0.004000
0 0.598958 0.696750 0.008333 0.007000
0 0.592448 0.688250 0.010937 0.005500
0 0.606250 0.688625 0.011458 0.007250
0 0.585156 0.668875 0.011979 0.004750
0 0.595052 0.668250 0.006771 0.006500
0 0.601562 0.665250 0.011458 0.003500
0 0.596875 0.661250 0.011458 0.004500
0 0.629167 0.658625 0.013542 0.004250
0 0.645833 0.658125 0.011458 0.003750
0 0.628125 0.669500 0.009375 0.006000
0 0.615104 0.670125 0.012500 0.003250
0 0.612500 0.673500 0.011458 0.004000
0 0.655469 0.677500 0.011979 0.004500
0 0.702865 0.667875 0.013021 0.004750
0 0.677604 0.683375 0.011458 0.003750
0 0.677083 0.692875 0.014583 0.003750
0 0.671094 0.695625 0.011979 0.003250
0 0.677865 0.699125 0.013021 0.004250
0 0.692708 0.701000 0.009375 0.005500
0 0.696094 0.700250 0.007812 0.005500
0 0.695312 0.716500 0.012500 0.006500
0 0.767448 0.707125 0.015104 0.005250
0 0.775781 0.693875 0.011979 0.004750
0 0.934115 0.729375 0.015104 0.005750
0 0.986719 0.706625 0.011979 0.006250
0 0.940625 0.712750 0.010417 0.006000
0 0.439323 0.669750 0.014063 0.006000
0 0.443229 0.676375 0.008333 0.004250
0 0.460417 0.690125 0.007292 0.005250
0 0.479948 0.718625 0.013021 0.007250
0 0.444792 0.715250 0.007292 0.007000
0 0.452083 0.712625 0.007292 0.004250
0 0.551042 0.734500 0.015625 0.005500
0 0.572396 0.742500 0.011458 0.005000
