0 0.266625 0.554688 0.007750 0.009375
0 0.273250 0.555469 0.004000 0.014063
0 0.287250 0.566927 0.007500 0.010937
0 0.303375 0.551823 0.007750 0.009896
0 0.310875 0.542969 0.007250 0.009896
0 0.304500 0.612760 0.008000 0.009896
0 0.328250 0.621354 0.006000 0.013542
0 0.311250 0.602344 0.006500 0.007812
0 0.311500 0.597135 0.006000 0.005729
0 0.354375 0.589844 0.005250 0.011979
0 0.359000 0.574219 0.005000 0.009896
0 0.365375 0.620573 0.003750 0.013021
0 0.337250 0.701562 0.003500 0.009375
0 0.330375 0.544792 0.008250 0.013542
0 0.340625 0.366667 0.004750 0.016667
0 0.342250 0.357552 0.005500 0.014063
0 0.329625 0.340365 0.004750 0.014063
0 0.334125 0.342708 0.004250 0.011458
0 0.316875 0.335156 0.004750 0.016146
0 0.298250 0.358854 0.004000 0.016667
0 0.295250 0.358073 0.002500 0.011979
0 0.289125 0.352083 0.006750 0.015625
0 0.235000 0.275000 0.006000 0.014583
0 0.247500 0.224479 0.006500 0.012500
0 0.251000 0.217188 0.004000 0.016667
0 0.282375 0.232031 0.004750 0.016146
0 0.315250 0.223698 0.005500 0.016146
0 0.275375 0.166406 0.008750 0.008854
0 0.300875 0.172656 0.005750 0.008854
0 0.307625 0.174219 0.004750 0.009896
0 0.303875 0.189062 0.004250 0.013542
0 0.301250 0.189583 0.003500 0.012500
0 0.295125 0.170313 0.004250 0.009375
0 0.230125 0.145573 0.006750 0.013021
0 0.268125 0.120573 0.006250 0.013021
0 0.272000 0.154948 0.006000 0.009896
0 0.291625 0.085938 0.009750 0.013542
0 0.227000 0.159115 0.009500 0.011979
0 0.417500 0.451302 0.007000 0.013021
0 0.407875 0.295312 0.005750 0.009375
0 0.405625 0.259115 0.005750 0.013021
0 0.360875 0.133854 0.007750 0.014583
0 0.390250 0.179948 0.005000 0.014063
0 0.400500 0.192448 0.005000 0.016146
0 0.392750 0.198698 0.006000 0.018229
0 0.397875 0.168490 0.006250 0.018229
0 0.369125 0.172656 0.009250 0.018229
0 0.407250 0.136458 0.004500 0.012500
0 0.455875 0.504687 0.004750 0.015625
0 0.458750 0.477604 0.007500 0.008333
0 0.456625 0.468750 0.004250 0.010417
0 0.445375 0.460156 0.004250 0.011979
0 0.432000 0.463802 0.009000 0.015104
0 0.449125 0.438802 0.003750 0.016146
0 0.458875 0.446615 0.003250 0.015104
0 0.463000 0.448958 0.004000 0.015625
0 0.454125 0.421615 0.004750 0.014063
0 0.456875 0.394531 0.003250 0.015104
0 0.463500 0.385156 0.004500 0.015104
0 0.453250 0.391406 0.004500 0.016146
0 0.437000 0.373958 0.004500 0.012500
0 0.470625 0.346094 0.004750 0.018229
0 0.465875 0.337760 0.004750 0.016146
0 0.467125 0.325521 0.005750 0.009375
0 0.458875 0.326562 0.007750 0.007292
0 0.455500 0.318490 0.004500 0.011979
0 0.451375 0.334896 0.003750 0.011458
0 0.449125 0.335677 0.003750 0.016146
0 0.475875 0.281771 0.004750 0.015625
0 0.474000 0.266667 0.004500 0.015625
0 0.460250 0.270833 0.005500 0.014583
0 0.454500 0.274740 0.005000 0.016146
0 0.450625 0.283073 0.004250 0.016146
0 0.477875 0.238281 0.003750 0.016146
0 0.473000 0.245312 0.006000 0.011458
0 0.473875 0.233594 0.003750 0.014063
0 0.471125 0.222917 0.005750 0.014583
0 0.502750 0.225521 0.007500 0.017708
0 0.519000 0.210938 0.005000 0.013542
0 0.482500 0.186198 0.005000 0.015104
0 0.500250 0.159896 0.005500 0.014583
0 0.506375 0.450521 0.006250 0.010417
0 0.519875 0.459375 0.005250 0.011458
0 0.492875 0.440104 0.007250 0.009375
0 0.494375 0.434896 0.006750 0.007292
0 0.526375 0.404427 0.004750 0.009896
0 0.479375 0.351823 0.003750 0.013021
0 0.488625 0.314323 0.005250 0.015104
0 0.499250 0.288021 0.005500 0.014583
0 0.539000 0.431250 0.008000 0.015625
0 0.306125 0.491927 0.005250 0.011979
0 0.049500 0.021615 0.004500 0.013021
0 0.448125 0.885417 0.006250 0.010417
