0 0.156250 0.192000 0.012500 0.008000
0 0.201823 0.215750 0.016146 0.005500
0 0.276562 0.441750 0.012500 0.004500
0 0.277083 0.439750 0.011458 0.004000
0 0.294792 0.441875 0.012500 0.003750
0 0.295052 0.444000 0.011979 0.003000
0 0.323177 0.436750 0.014063 0.003000
0 0.322917 0.435000 0.011458 0.003000
0 0.329688 0.444750 0.012500 0.004000
0 0.338281 0.444125 0.005729 0.007250
0 0.354687 0.440375 0.015625 0.002750
0 0.353125 0.436000 0.007292 0.006500
0 0.364583 0.433625 0.013542 0.003750
0 0.369010 0.431500 0.011979 0.004500
0 0.371354 0.429750 0.011458 0.003500
0 0.386458 0.440750 0.013542 0.003500
0 0.395833 0.439500 0.014583 0.004000
0 0.402604 0.428750 0.011458 0.003000
0 0.402604 0.426750 0.012500 0.003500
0 0.422135 0.423875 0.007812 0.006750
0 0.407552 0.432750 0.011979 0.005000
0 0.409115 0.444875 0.014063 0.004750
0 0.413542 0.448625 0.013542 0.004250
0 0.388542 0.450500 0.014583 0.007500
0 0.401042 0.447625 0.013542 0.006250
0 0.432031 0.430750 0.014063 0.003000
0 0.431510 0.433375 0.010937 0.002750
0 0.443750 0.439625 0.014583 0.003750
0 0.446875 0.434125 0.012500 0.003750
0 0.439844 0.429750 0.010937 0.005000
0 0.445833 0.427250 0.015625 0.004500
0 0.469010 0.422125 0.010937 0.003250
0 0.469010 0.423625 0.014063 0.003250
0 0.477344 0.428750 0.010937 0.005000
0 0.477865 0.432000 0.015104 0.003500
0 0.478125 0.442625 0.013542 0.004250
0 0.492448 0.441375 0.013021 0.006250
0 0.500781 0.451125 0.016146 0.004250
0 0.500260 0.435625 0.014063 0.003750
0 0.495312 0.432125 0.014583 0.003250
0 0.495052 0.429375 0.011979 0.004250
0 0.521354 0.429000 0.015625 0.004500
0 0.531771 0.448875 0.010417 0.007250
0 0.555469 0.440750 0.014063 0.003500
0 0.560937 0.438250 0.015625 0.003500
0 0.551042 0.427625 0.013542 0.003250
0 0.547917 0.424875 0.012500 0.004250
0 0.548958 0.423125 0.010417 0.003750
0 0.577604 0.436125 0.008333 0.006750
0 0.578906 0.442750 0.013021 0.007000
0 0.591406 0.439750 0.014063 0.003000
0 0.589583 0.436750 0.012500 0.003500
0 0.585156 0.432750 0.015104 0.004000
0 0.633333 0.439750 0.015625 0.005500
0 0.650000 0.423750 0.014583 0.004500
0 0.659635 0.422625 0.010937 0.005750
0 0.667448 0.479000 0.010937 0.004500
0 0.660417 0.480500 0.009375 0.006000
0 0.640625 0.475625 0.011458 0.006750
0 0.615625 0.473375 0.009375 0.003250
0 0.614062 0.471750 0.011458 0.004000
0 0.640885 0.503125 0.009896 0.007250
0 0.622135 0.496125 0.015104 0.003250
0 0.610156 0.498625 0.016146 0.004750
0 0.613021 0.505625 0.011458 0.006250
0 0.631510 0.494375 0.011979 0.003250
0 0.560937 0.483875 0.011458 0.006750
0 0.527865 0.532500 0.014063 0.004500
0 0.535677 0.528750 0.013021 0.006000
0 0.560677 0.510125 0.014063 0.004250
0 0.561458 0.507125 0.014583 0.004750
0 0.572396 0.505750 0.014583 0.005500
0 0.574479 0.502875 0.011458 0.005750
0 0.564323 0.497875 0.008854 0.006750
0 0.550781 0.496250 0.010937 0.006500
0 0.544792 0.505625 0.010417 0.006750
0 0.515365 0.520250 0.007812 0.007500
0 0.514844 0.511750 0.013021 0.005500
0 0.522396 0.510125 0.008333 0.005750
0 0.507812 0.501625 0.011458 0.005750
0 0.512240 0.498750 0.013021 0.006000
0 0.513281 0.489750 0.008854 0.007000
0 0.517969 0.466875 0.006771 0.004750
0 0.516406 0.463125 0.013021 0.003250
0 0.489063 0.470875 0.013542 0.004250
0 0.494010 0.476500 0.013021 0.005500
0 0.491927 0.495125 0.011979 0.004250
0 0.495573 0.507375 0.013021 0.004250
0 0.494010 0.519750 0.015104 0.005000
0 0.475781 0.522625 0.013021 0.006250
0 0.479167 0.516750 0.011458 0.006000
0 0.475000 0.511000 0.012500 0.005000
0 0.479948 0.509250 0.011979 0.005500
0 0.479167 0.503875 0.007292 0.005750
0 0.482031 0.501875 0.010937 0.005250
0 0.477865 0.497625 0.013021 0.003750
0 0.470052 0.493375 0.014063 0.003750
0 0.465104 0.488625 0.013542 0.004250
0 0.459375 0.478625 0.013542 0.004750
0 0.467187 0.466875 0.011458 0.007250
0 0.455729 0.463875 0.014583 0.008250
0 0.445052 0.489875 0.008854 0.006750
0 0.433073 0.491750 0.013021 0.006000
0 0.449479 0.510875 0.011458 0.006750
0 0.446875 0.504125 0.012500 0.006250
0 0.421094 0.511500 0.015104 0.006000
0 0.412760 0.493500 0.017188 0.007000
0 0.395833 0.507875 0.010417 0.003250
0 0.396875 0.505500 0.012500 0.003000
0 0.390365 0.489875 0.011979 0.004750
0 0.392188 0.488250 0.010417 0.004000
0 0.415625 0.486750 0.009375 0.006500
0 0.417708 0.479875 0.011458 0.005250
0 0.420833 0.478750 0.009375 0.005000
0 0.451302 0.495500 0.011979 0.003500
0 0.452344 0.493875 0.009896 0.003250
0 0.380990 0.463750 0.014063 0.004000
0 0.401302 0.466625 0.008854 0.003250
0 0.403125 0.464625 0.013542 0.003750
0 0.372396 0.455125 0.015625 0.003750
0 0.339062 0.459875 0.012500 0.005250
0 0.368750 0.474875 0.013542 0.004250
0 0.356771 0.472625 0.011458 0.005250
0 0.347656 0.475250 0.010937 0.003000
0 0.349479 0.473625 0.013542 0.003750
0 0.330469 0.470875 0.013021 0.004250
0 0.337240 0.469875 0.014063 0.004250
0 0.312240 0.455250 0.014063 0.004000
0 0.305469 0.462375 0.009896 0.004250
0 0.307292 0.460500 0.013542 0.004500
0 0.276042 0.464250 0.011458 0.005500
0 0.278125 0.462375 0.010417 0.004250
0 0.252344 0.433250 0.015104 0.006000
