0 0.080729 0.710625 0.012500 0.006250
0 0.088281 0.706375 0.013021 0.005750
0 0.188542 0.710375 0.015625 0.005250
0 0.196094 0.731375 0.013021 0.004750
0 0.361198 0.712625 0.016146 0.005750
0 0.378646 0.664125 0.015625 0.005750
0 0.366667 0.661125 0.008333 0.007250
0 0.339062 0.655000 0.009375 0.006000
0 0.334375 0.653500 0.011458 0.007000
0 0.219271 0.639875 0.009375 0.005250
0 0.193750 0.634500 0.012500 0.004000
0 0.277083 0.636750 0.015625 0.004500
0 0.276823 0.642000 0.004687 0.007500
0 0.282813 0.642500 0.005208 0.007500
0 0.290885 0.641375 0.010937 0.006750
0 0.294531 0.639750 0.010937 0.005000
0 0.203906 0.593250 0.017188 0.005000
0 0.176823 0.579000 0.017188 0.005000
0 0.170313 0.589500 0.015625 0.004500
0 0.129427 0.622875 0.015104 0.004750
0 0.147656 0.610750 0.006771 0.007500
0 0.155208 0.610875 0.008333 0.008750
0 0.116927 0.583625 0.015104 0.006250
0 0.101302 0.593625 0.010937 0.007250
0 0.100260 0.583875 0.008854 0.008250
0 0.090885 0.595500 0.010937 0.007500
0 0.058854 0.575375 0.014583 0.005750
0 0.070052 0.574500 0.014063 0.006500
0 0.070573 0.580375 0.015104 0.006750
0 0.075260 0.602125 0.013021 0.005750
0 0.072396 0.604375 0.013542 0.007250
0 0.011719 0.558750 0.010937 0.007000
0 0.059375 0.522625 0.014583 0.005750
0 0.003646 0.546125 0.007292 0.002750
0 0.003906 0.550875 0.007812 0.003750
0 0.054948 0.448375 0.013021 0.006750
0 0.073958 0.448500 0.012500 0.003500
0 0.076823 0.451375 0.018229 0.003750
0 0.094531 0.419750 0.018229 0.006000
0 0.113542 0.416000 0.015625 0.005000
0 0.046094 0.431125 0.017188 0.007750
0 0.051302 0.371125 0.020313 0.005750
0 0.041667 0.389625 0.011458 0.008750
0 0.047396 0.388625 0.010417 0.006250
0 0.157292 0.448625 0.015625 0.004750
0 0.163802 0.483250 0.013021 0.007000
0 0.197396 0.492375 0.011458 0.009250
0 0.281771 0.476875 0.011458 0.008250
0 0.147917 0.473375 0.012500 0.003750
0 0.147396 0.470250 0.016667 0.003500
0 0.134115 0.464750 0.006771 0.007000
0 0.140885 0.464125 0.008854 0.007250
0 0.194271 0.462875 0.013542 0.005750
0 0.168750 0.478125 0.015625 0.005250
0 0.171875 0.473750 0.013542 0.005000
0 0.177865 0.466375 0.016146 0.008250
0 0.205990 0.506750 0.008854 0.007000
0 0.216146 0.515625 0.015625 0.003750
0 0.213281 0.512125 0.014063 0.005250
0 0.244792 0.534500 0.010417 0.005500
0 0.297396 0.549375 0.011458 0.004750
0 0.310156 0.572500 0.008854 0.007000
0 0.321094 0.574000 0.014063 0.007500
0 0.338542 0.612750 0.011458 0.007500
0 0.475781 0.631125 0.013021 0.005750
0 0.478125 0.626625 0.009375 0.005250
0 0.412240 0.632125 0.014063 0.004750
0 0.414583 0.630000 0.013542 0.004000
0 0.479687 0.602125 0.012500 0.006750
0 0.509635 0.605000 0.013021 0.005500
0 0.508073 0.591000 0.013021 0.008500
0 0.482031 0.593500 0.015104 0.007000
0 0.481510 0.575750 0.011979 0.006500
0 0.471875 0.574000 0.012500 0.005500
0 0.505729 0.570375 0.010417 0.006250
0 0.504687 0.562000 0.006250 0.009500
0 0.505208 0.553000 0.009375 0.007000
0 0.508333 0.532125 0.010417 0.009250
0 0.481510 0.544750 0.014063 0.005000
0 0.479948 0.541625 0.009896 0.003250
0 0.471615 0.538750 0.016146 0.007500
0 0.484896 0.512125 0.013542 0.007250
0 0.517448 0.494250 0.011979 0.006000
0 0.511198 0.483375 0.008854 0.008750
0 0.524740 0.479250 0.010937 0.008000
0 0.517448 0.473500 0.013021 0.004500
0 0.516667 0.468125 0.011458 0.006750
0 0.516927 0.462750 0.013021 0.005000
0 0.522135 0.427250 0.014063 0.007500
0 0.535156 0.410125 0.014063 0.009250
0 0.559115 0.395875 0.014063 0.008750
0 0.525260 0.347000 0.016146 0.004500
0 0.527344 0.343875 0.011979 0.004250
0 0.508333 0.297125 0.011458 0.006250
0 0.495573 0.287125 0.011979 0.007250
0 0.533854 0.266375 0.014583 0.008250
0 0.581771 0.321625 0.006250 0.008750
0 0.588542 0.321625 0.009375 0.007250
0 0.538021 0.303000 0.006250 0.007500
0 0.544531 0.302750 0.006771 0.007000
0 0.970573 0.328625 0.009896 0.008250
0 0.942187 0.327750 0.010417 0.007000
0 0.930729 0.325125 0.013542 0.004750
0 0.930469 0.319750 0.017188 0.006000
0 0.938802 0.363500 0.007812 0.007000
0 0.933073 0.363375 0.005729 0.006750
0 0.851302 0.400000 0.010937 0.007500
0 0.817969 0.396375 0.014063 0.005750
0 0.849479 0.424375 0.010417 0.006250
0 0.857031 0.449000 0.016146 0.005500
0 0.758073 0.435625 0.006771 0.006250
0 0.764062 0.436375 0.007292 0.007750
0 0.810937 0.423250 0.009375 0.005500
0 0.821354 0.423500 0.011458 0.007500
0 0.808594 0.431625 0.015104 0.007750
0 0.886458 0.396500 0.012500 0.008000
0 0.803125 0.468375 0.012500 0.008750
0 0.755990 0.467375 0.007812 0.007750
0 0.739323 0.469875 0.017188 0.004250
0 0.784115 0.488750 0.009896 0.008000
0 0.702083 0.488875 0.015625 0.004250
0 0.703385 0.496000 0.006771 0.007000
0 0.712500 0.496750 0.006250 0.008500
0 0.722135 0.498000 0.014063 0.006500
0 0.718750 0.502875 0.014583 0.004250
0 0.768229 0.507375 0.012500 0.006750
0 0.734375 0.540000 0.008333 0.007000
0 0.736719 0.481375 0.013021 0.007250
0 0.746094 0.483125 0.009896 0.006750
0 0.810156 0.456875 0.007812 0.007750
0 0.817448 0.454250 0.006771 0.007500
0 0.822917 0.454125 0.005208 0.008750
0 0.828646 0.455000 0.007292 0.008500
0 0.846875 0.458000 0.008333 0.006500
0 0.835417 0.456125 0.007292 0.005250
0 0.836198 0.461000 0.014063 0.005000
0 0.757552 0.498125 0.006771 0.007750
0 0.764062 0.497250 0.007292 0.007500
0 0.728906 0.519875 0.009896 0.007750
0 0.739844 0.514750 0.010937 0.005000
0 0.756771 0.508625 0.008333 0.006250
0 0.748437 0.509500 0.011458 0.003500
0 0.751042 0.513375 0.011458 0.005250
0 0.701302 0.542000 0.007812 0.005500
0 0.693490 0.547000 0.014063 0.006000
0 0.651563 0.558125 0.015625 0.003750
0 0.660156 0.550875 0.010937 0.007250
0 0.650781 0.548000 0.010937 0.007000
0 0.637500 0.534625 0.009375 0.005250
0 0.648958 0.533125 0.014583 0.006750
0 0.670573 0.535375 0.014063 0.004750
0 0.675000 0.539750 0.014583 0.005000
0 0.682292 0.529625 0.008333 0.007250
0 0.687760 0.522125 0.008854 0.006750
0 0.697396 0.522625 0.009375 0.007750
0 0.620833 0.575000 0.016667 0.005000
0 0.613542 0.581125 0.012500 0.005750
0 0.610417 0.588125 0.010417 0.008250
0 0.627083 0.645500 0.011458 0.006000
0 0.629948 0.651000 0.011979 0.006000
0 0.880469 0.588875 0.013021 0.005750
0 0.897135 0.595250 0.013021 0.007500
0 0.900260 0.546375 0.017188 0.004250
0 0.895312 0.535250 0.012500 0.008000
0 0.990885 0.554125 0.016146 0.005250
0 0.733333 0.703750 0.012500 0.004500
0 0.801302 0.720750 0.013021 0.005000
0 0.822396 0.709625 0.011458 0.005250
0 0.963281 0.731625 0.007812 0.006750
0 0.040885 0.485125 0.007812 0.005750
