0 0.301750 0.510417 0.006500 0.014583
0 0.309500 0.528906 0.006500 0.013021
0 0.337750 0.529948 0.009500 0.018229
0 0.329750 0.566146 0.006500 0.014583
0 0.334625 0.614583 0.007750 0.017708
0 0.350875 0.598698 0.007750 0.017188
0 0.354000 0.650521 0.009500 0.021875
0 0.370625 0.592969 0.006250 0.015104
0 0.369375 0.565885 0.008250 0.020313
0 0.371375 0.555990 0.007250 0.017188
0 0.381625 0.579948 0.007250 0.019271
0 0.383750 0.630729 0.005000 0.016667
0 0.387375 0.652344 0.007250 0.016146
0 0.394750 0.651823 0.006500 0.013021
0 0.415875 0.637760 0.006750 0.021354
0 0.411250 0.594010 0.007000 0.013021
0 0.412375 0.673438 0.008750 0.013542
0 0.415750 0.688542 0.010000 0.016667
0 0.428125 0.668229 0.006750 0.015625
0 0.428375 0.683333 0.006750 0.019792
0 0.407750 0.714844 0.008000 0.018229
0 0.404875 0.742188 0.006250 0.019792
0 0.418000 0.738281 0.009000 0.020313
0 0.435625 0.746094 0.006250 0.018229
0 0.445625 0.701042 0.007250 0.018750
0 0.451250 0.706510 0.006000 0.018229
0 0.451375 0.750260 0.006750 0.023438
0 0.411000 0.911458 0.008000 0.015625
0 0.458250 0.913542 0.005000 0.017708
0 0.462625 0.804427 0.006750 0.019271
0 0.468875 0.810677 0.005750 0.018229
0 0.474875 0.821094 0.006250 0.018229
0 0.463250 0.735677 0.010000 0.016146
0 0.510875 0.814063 0.006750 0.016667
0 0.516125 0.816667 0.006750 0.020833
0 0.515250 0.774219 0.008000 0.020313
0 0.521750 0.756510 0.006000 0.020313
0 0.510250 0.740885 0.006500 0.016146
0 0.500625 0.729948 0.005750 0.018229
0 0.483750 0.684896 0.005500 0.013542
0 0.487750 0.699740 0.005000 0.009896
0 0.488125 0.712240 0.005250 0.013021
0 0.492125 0.709375 0.005250 0.016667
0 0.493875 0.699740 0.008250 0.015104
0 0.495125 0.689583 0.005750 0.016667
0 0.495000 0.677083 0.005500 0.016667
0 0.491375 0.651302 0.006750 0.013021
0 0.497250 0.669531 0.006000 0.014063
0 0.497375 0.651302 0.004750 0.019271
0 0.504625 0.658854 0.005750 0.015625
0 0.502500 0.666927 0.005000 0.017188
0 0.505750 0.670312 0.005000 0.016667
0 0.505125 0.681250 0.004750 0.013542
0 0.509875 0.685677 0.006750 0.010937
0 0.511000 0.695052 0.010500 0.015104
0 0.505875 0.706510 0.005750 0.016146
0 0.519375 0.682292 0.004750 0.014583
0 0.520750 0.704948 0.006000 0.017188
0 0.523875 0.718490 0.005250 0.017188
0 0.516000 0.617188 0.004500 0.016667
0 0.518875 0.626823 0.006250 0.015104
0 0.528250 0.627083 0.004000 0.015625
0 0.485125 0.589844 0.004750 0.014063
0 0.489000 0.598698 0.005000 0.015104
0 0.494250 0.595313 0.005500 0.011458
0 0.503500 0.590625 0.007500 0.017708
0 0.464000 0.578906 0.005000 0.009896
0 0.470625 0.554688 0.006750 0.014583
0 0.475250 0.544271 0.007000 0.013542
0 0.480750 0.530729 0.006000 0.016667
0 0.511375 0.571615 0.006250 0.017188
0 0.509000 0.550781 0.006500 0.018229
0 0.459375 0.518750 0.004750 0.014583
0 0.476000 0.508333 0.006000 0.015625
0 0.496750 0.505208 0.006000 0.015625
0 0.511250 0.524479 0.005500 0.016667
0 0.514875 0.532031 0.005250 0.017188
0 0.522125 0.551042 0.006750 0.015625
0 0.533875 0.521615 0.005750 0.016146
0 0.516000 0.517188 0.005500 0.013542
0 0.518625 0.511719 0.005750 0.014063
0 0.517250 0.485417 0.007000 0.016667
0 0.522625 0.474479 0.005250 0.015625
0 0.536250 0.440104 0.005000 0.017708
0 0.516000 0.453906 0.006000 0.008854
0 0.485000 0.444531 0.006500 0.014063
0 0.490000 0.439844 0.007000 0.016146
0 0.498375 0.433073 0.007750 0.014063
0 0.440000 0.446354 0.006500 0.012500
0 0.450125 0.447396 0.007250 0.010417
0 0.452875 0.422135 0.007250 0.013021
0 0.459000 0.414844 0.005000 0.015104
0 0.446750 0.386458 0.006000 0.016667
0 0.452500 0.385937 0.005000 0.015625
0 0.495375 0.404427 0.004250 0.016146
0 0.501375 0.392188 0.005750 0.018750
0 0.493625 0.379948 0.005750 0.016146
0 0.496250 0.366146 0.006500 0.012500
0 0.491250 0.351562 0.006500 0.017708
0 0.500875 0.346875 0.007250 0.012500
0 0.459500 0.336719 0.009000 0.017188
0 0.431250 0.352604 0.008000 0.018750
0 0.438625 0.340365 0.005750 0.014063
0 0.434875 0.296094 0.007750 0.017188
0 0.558750 0.852865 0.007500 0.014063
0 0.569750 0.836198 0.005000 0.015104
0 0.569625 0.769531 0.005250 0.011979
0 0.582125 0.844792 0.006250 0.013542
0 0.589625 0.849740 0.006250 0.015104
0 0.591500 0.840104 0.007500 0.013542
0 0.590500 0.830990 0.012000 0.010937
0 0.599875 0.804167 0.007750 0.014583
0 0.614125 0.805469 0.007750 0.015104
0 0.638500 0.831771 0.005500 0.012500
0 0.630500 0.832812 0.006500 0.010417
0 0.653500 0.769792 0.004500 0.015625
0 0.666625 0.783073 0.007250 0.011979
0 0.655750 0.753385 0.005500 0.014063
0 0.665375 0.756250 0.006250 0.013542
0 0.653375 0.731771 0.006750 0.017708
0 0.683500 0.717448 0.008500 0.015104
0 0.659125 0.706771 0.006250 0.014583
0 0.636750 0.736198 0.005500 0.011979
0 0.627375 0.734375 0.008750 0.010417
0 0.591875 0.739844 0.009250 0.018229
0 0.590125 0.727344 0.008750 0.015104
0 0.595875 0.727865 0.005750 0.018229
0 0.609625 0.731250 0.007250 0.015625
0 0.612000 0.722917 0.007500 0.010417
0 0.613750 0.710156 0.006000 0.015104
0 0.620125 0.709896 0.005750 0.014583
0 0.626125 0.712500 0.007250 0.012500
0 0.625625 0.724479 0.008250 0.014583
0 0.603500 0.669271 0.008000 0.019792
0 0.620750 0.686979 0.007500 0.016667
0 0.630375 0.691146 0.006250 0.015625
0 0.637125 0.698698 0.006750 0.017188
0 0.644750 0.695052 0.006500 0.017188
0 0.620500 0.666406 0.008500 0.017188
0 0.624500 0.659896 0.004500 0.016667
0 0.611875 0.648177 0.006250 0.014063
0 0.614750 0.652604 0.005000 0.013542
0 0.620250 0.641667 0.007500 0.015625
0 0.625000 0.639062 0.005500 0.013542
0 0.623500 0.629427 0.008000 0.013021
0 0.635500 0.635938 0.008500 0.015625
0 0.640625 0.647656 0.006250 0.011979
0 0.641750 0.632292 0.006000 0.015625
0 0.648000 0.635417 0.006000 0.015625
0 0.644000 0.623177 0.010000 0.014063
0 0.651500 0.624479 0.007000 0.015625
0 0.655875 0.626563 0.006250 0.015625
0 0.658250 0.635677 0.009000 0.015104
0 0.667750 0.648698 0.006500 0.016146
0 0.659500 0.662240 0.005000 0.016146
0 0.663000 0.668229 0.006500 0.016667
0 0.683875 0.653646 0.005250 0.015625
0 0.691375 0.648438 0.005250 0.016667
0 0.671375 0.638021 0.006750 0.014583
0 0.680500 0.634375 0.006500 0.018750
0 0.685375 0.623437 0.006750 0.011458
0 0.680750 0.600521 0.007500 0.011458
0 0.651250 0.604427 0.007500 0.013021
0 0.640750 0.596615 0.005500 0.014063
0 0.629375 0.591146 0.007250 0.010417
0 0.678750 0.584635 0.007000 0.010937
0 0.697250 0.485156 0.007000 0.018229
0 0.672000 0.566667 0.007000 0.013542
0 0.661875 0.538021 0.007750 0.013542
0 0.691500 0.573698 0.005000 0.010937
0 0.730625 0.575521 0.008750 0.011458
0 0.719125 0.559635 0.005750 0.011979
0 0.710875 0.566667 0.009750 0.011458
0 0.712125 0.574219 0.005250 0.014063
0 0.706875 0.584115 0.007750 0.013021
0 0.766625 0.364063 0.007250 0.018750
0 0.828625 0.363281 0.006750 0.017188
