0 0.038802 0.571000 0.015104 0.004000
0 0.065885 0.584250 0.010937 0.006000
0 0.090365 0.581875 0.014063 0.004750
0 0.080208 0.572000 0.011458 0.005000
0 0.097656 0.570875 0.015104 0.005750
0 0.126823 0.566500 0.013021 0.006000
0 0.175260 0.578750 0.014063 0.005500
0 0.182812 0.603250 0.012500 0.005500
0 0.211458 0.564500 0.016667 0.004000
0 0.236458 0.578125 0.010417 0.006750
0 0.244271 0.574875 0.012500 0.003750
0 0.241927 0.572500 0.011979 0.003000
0 0.247396 0.571125 0.014583 0.003750
0 0.279167 0.578750 0.013542 0.005000
0 0.275000 0.559625 0.010417 0.003750
0 0.281510 0.562375 0.013021 0.002750
0 0.295833 0.563250 0.014583 0.003500
0 0.309375 0.560500 0.013542 0.003500
0 0.313281 0.569500 0.014063 0.004500
0 0.302344 0.574875 0.013021 0.003750
0 0.334635 0.568000 0.013021 0.005500
0 0.346354 0.560250 0.014583 0.006500
0 0.365104 0.556500 0.014583 0.004000
0 0.461458 0.534625 0.015625 0.005750
0 0.438021 0.541000 0.007292 0.004500
0 0.433594 0.544250 0.010937 0.003500
0 0.411979 0.544375 0.009375 0.005250
0 0.408333 0.538625 0.014583 0.004250
0 0.387760 0.544000 0.011979 0.004000
0 0.349219 0.547000 0.013021 0.004000
0 0.338542 0.543875 0.010417 0.004750
0 0.282292 0.552750 0.014583 0.003500
0 0.216667 0.551500 0.009375 0.005500
0 0.183073 0.561625 0.005729 0.004750
0 0.186198 0.557625 0.010937 0.003750
0 0.175000 0.558250 0.010417 0.004500
0 0.172396 0.556875 0.009375 0.003750
0 0.539062 0.524000 0.009375 0.004000
0 0.452083 0.490625 0.017708 0.004750
0 0.313281 0.425750 0.009896 0.006500
0 0.204687 0.402000 0.009375 0.007500
0 0.238802 0.406125 0.007812 0.006250
0 0.151562 0.340375 0.009375 0.008250
0 0.209635 0.288625 0.011979 0.005250
0 0.194271 0.300375 0.011458 0.006750
0 0.212760 0.319375 0.010937 0.006750
0 0.185677 0.326250 0.006771 0.006500
0 0.167187 0.327125 0.011458 0.004750
0 0.171354 0.326500 0.009375 0.006500
0 0.200521 0.336750 0.006250 0.006500
0 0.195052 0.336000 0.005729 0.006500
0 0.195573 0.345500 0.011979 0.006000
0 0.206510 0.350000 0.010937 0.005500
0 0.213281 0.355500 0.011979 0.004500
0 0.215104 0.354250 0.009375 0.003500
0 0.218229 0.337625 0.005208 0.006750
0 0.214323 0.337375 0.004687 0.005250
0 0.249740 0.349625 0.008854 0.006750
0 0.264062 0.356625 0.009375 0.004250
0 0.265885 0.355750 0.011979 0.005500
0 0.269531 0.353250 0.010937 0.006500
0 0.260156 0.375000 0.016146 0.004000
0 0.282813 0.380250 0.009375 0.006500
0 0.283594 0.377125 0.010937 0.006250
0 0.286198 0.369625 0.009896 0.006750
0 0.300781 0.375750 0.009896 0.006500
0 0.298438 0.369625 0.005208 0.005750
0 0.302604 0.369375 0.007292 0.006250
0 0.303125 0.394000 0.011458 0.006500
0 0.325781 0.386875 0.011979 0.005250
0 0.329948 0.379875 0.009896 0.006750
0 0.354427 0.384000 0.009896 0.007000
0 0.339844 0.394625 0.014063 0.004750
0 0.319792 0.407375 0.013542 0.006250
0 0.371875 0.395875 0.008333 0.006750
0 0.387500 0.424750 0.011458 0.005500
0 0.398438 0.424500 0.013542 0.003500
0 0.429427 0.452125 0.009896 0.004750
0 0.426563 0.455500 0.013542 0.002500
0 0.429688 0.460625 0.009375 0.005250
0 0.432292 0.458875 0.008333 0.005250
0 0.436198 0.464750 0.009896 0.003500
0 0.447917 0.466000 0.011458 0.003000
0 0.451823 0.460625 0.007812 0.005250
0 0.448698 0.464250 0.007812 0.002500
0 0.453385 0.470500 0.007812 0.006500
0 0.474219 0.477875 0.011979 0.004250
0 0.494531 0.488500 0.013021 0.006000
0 0.590625 0.468750 0.006250 0.005000
0 0.587760 0.463625 0.004687 0.004750
0 0.587760 0.459125 0.007812 0.004250
0 0.601042 0.407125 0.009375 0.007250
0 0.604167 0.364500 0.012500 0.007500
0 0.583333 0.374250 0.008333 0.005000
0 0.591667 0.364000 0.011458 0.005000
0 0.581510 0.366375 0.009896 0.007250
0 0.576823 0.360375 0.008854 0.005750
0 0.604167 0.355125 0.007292 0.006250
0 0.599219 0.356750 0.005729 0.006500
0 0.590885 0.357125 0.004687 0.005250
0 0.594531 0.357125 0.004687 0.006750
0 0.604948 0.342875 0.008854 0.007750
0 0.599740 0.338625 0.005729 0.006750
0 0.602865 0.334375 0.009896 0.003750
0 0.591146 0.336625 0.007292 0.006250
0 0.584896 0.335750 0.006250 0.008000
0 0.574219 0.331875 0.009896 0.008250
0 0.638021 0.320500 0.012500 0.006000
0 0.613021 0.313375 0.010417 0.006750
0 0.571615 0.290750 0.008854 0.008000
0 0.593490 0.283000 0.009896 0.008500
0 0.624479 0.353375 0.008333 0.003750
0 0.625781 0.351500 0.008854 0.004000
0 0.597656 0.271000 0.011979 0.003500
0 0.592708 0.268750 0.011458 0.005500
0 0.590625 0.267250 0.010417 0.004000
0 0.632812 0.256500 0.009375 0.007000
0 0.572656 0.233000 0.009896 0.008500
0 0.568490 0.219125 0.010937 0.006750
0 0.524740 0.165500 0.009896 0.007500
0 0.664062 0.447125 0.014583 0.004750
0 0.677865 0.436500 0.005729 0.006000
0 0.675260 0.435625 0.007812 0.004750
0 0.681510 0.431375 0.013021 0.002250
0 0.679688 0.429000 0.013542 0.002500
0 0.696094 0.413250 0.011979 0.003500
0 0.923438 0.258375 0.010417 0.006250
0 0.912500 0.270750 0.009375 0.006000
0 0.860677 0.312375 0.010937 0.006750
0 0.819271 0.341875 0.010417 0.003750
0 0.789062 0.338625 0.008333 0.004750
0 0.769792 0.354750 0.009375 0.005500
0 0.765365 0.374000 0.009896 0.006000
0 0.748958 0.375625 0.007292 0.005250
0 0.732031 0.393750 0.007812 0.006000
0 0.678125 0.524625 0.012500 0.004250
0 0.772396 0.481750 0.012500 0.003500
0 0.834115 0.461500 0.007812 0.005000
0 0.994271 0.433875 0.010417 0.003250
0 0.957031 0.449250 0.011979 0.007000
0 0.947917 0.445500 0.009375 0.006500
0 0.882031 0.472375 0.011979 0.005250
0 0.832292 0.479500 0.015625 0.003500
0 0.818490 0.481500 0.013021 0.003000
0 0.825781 0.487250 0.007812 0.004000
0 0.822656 0.486625 0.009896 0.005250
0 0.818750 0.485250 0.011458 0.003500
0 0.785937 0.499000 0.010417 0.006500
0 0.813542 0.539125 0.010417 0.007750
0 0.719792 0.567250 0.011458 0.004500
0 0.756771 0.565875 0.013542 0.003250
0 0.774479 0.566000 0.012500 0.004500
0 0.758594 0.561625 0.010937 0.005250
0 0.760677 0.557875 0.014063 0.002750
0 0.846354 0.549000 0.014583 0.005000
0 0.849219 0.564625 0.008854 0.005750
0 0.851823 0.560750 0.011979 0.004500
0 0.868229 0.561000 0.012500 0.003500
0 0.871875 0.566625 0.013542 0.006250
0 0.902865 0.547250 0.013021 0.003000
0 0.980469 0.219875 0.007812 0.007250
