0 0.301823 0.498750 0.009896 0.004000
0 0.273438 0.507750 0.011458 0.008000
0 0.280990 0.517500 0.011979 0.005500
0 0.272135 0.503750 0.011979 0.005500
0 0.262240 0.514375 0.011979 0.003750
0 0.261458 0.516750 0.012500 0.003000
0 0.262240 0.518875 0.010937 0.002750
0 0.252344 0.515500 0.009896 0.005000
0 0.249219 0.519250 0.011979 0.004000
0 0.248177 0.522000 0.013021 0.004000
0 0.248958 0.526750 0.012500 0.003500
0 0.230729 0.535125 0.015625 0.003750
0 0.207552 0.532375 0.011979 0.006250
0 0.175781 0.541000 0.015104 0.003500
0 0.178125 0.556375 0.011458 0.004250
0 0.180729 0.551250 0.008333 0.006000
0 0.186979 0.551000 0.007292 0.006000
0 0.222917 0.548875 0.014583 0.004750
0 0.257031 0.548875 0.015104 0.004250
0 0.212240 0.566000 0.009896 0.007000
0 0.210677 0.561625 0.014063 0.003250
0 0.231771 0.563375 0.010417 0.007250
0 0.192188 0.564750 0.007292 0.005000
0 0.188802 0.563875 0.009896 0.007250
0 0.176042 0.561250 0.004167 0.005500
0 0.171875 0.561250 0.005208 0.007000
0 0.175521 0.585750 0.015625 0.005500
0 0.185938 0.594750 0.016667 0.004500
0 0.176302 0.592375 0.009896 0.004750
0 0.173698 0.591000 0.013021 0.006500
0 0.160417 0.587125 0.009375 0.004750
0 0.160156 0.584750 0.009896 0.006000
0 0.150000 0.600750 0.017708 0.004000
0 0.138802 0.611625 0.009896 0.007250
0 0.145833 0.609375 0.007292 0.007750
0 0.154948 0.607125 0.009896 0.007250
0 0.170573 0.617375 0.008854 0.005250
0 0.167969 0.615750 0.009896 0.006500
0 0.163021 0.615250 0.011458 0.006500
0 0.122917 0.602750 0.005208 0.005000
0 0.119792 0.603500 0.007292 0.007000
0 0.060417 0.615125 0.010417 0.005750
0 0.075781 0.639125 0.009896 0.006750
0 0.120833 0.627250 0.005208 0.007500
0 0.126562 0.627625 0.006250 0.006750
0 0.204948 0.628000 0.014063 0.005000
0 0.216927 0.631125 0.007812 0.007750
0 0.228125 0.613000 0.011458 0.008000
0 0.220833 0.603625 0.014583 0.007250
0 0.371094 0.498250 0.010937 0.005000
0 0.388281 0.530000 0.011979 0.004500
0 0.383854 0.536375 0.010417 0.006750
0 0.397656 0.544500 0.013021 0.005000
0 0.406510 0.577625 0.013021 0.004750
0 0.423698 0.585250 0.008854 0.004500
0 0.416146 0.584625 0.007292 0.005750
0 0.351042 0.590250 0.013542 0.005000
0 0.459115 0.595625 0.014063 0.004750
0 0.457813 0.613250 0.009375 0.008500
0 0.423698 0.624250 0.006771 0.006500
0 0.409115 0.641000 0.015104 0.004500
0 0.431250 0.635125 0.006250 0.007250
0 0.436458 0.633375 0.009375 0.004750
0 0.456250 0.648375 0.014583 0.004750
0 0.507812 0.643125 0.011458 0.008750
0 0.352604 0.690125 0.009375 0.004750
0 0.398698 0.566625 0.005729 0.004750
0 0.396094 0.565750 0.008854 0.005500
0 0.373958 0.561250 0.014583 0.002500
0 0.374219 0.559125 0.011979 0.002250
0 0.424479 0.463375 0.010417 0.004750
0 0.439323 0.488125 0.006771 0.005250
0 0.519271 0.482125 0.011458 0.006750
0 0.736979 0.561875 0.014583 0.005250
0 0.786979 0.545250 0.009375 0.007000
0 0.781250 0.572625 0.011458 0.005750
0 0.704427 0.554250 0.006771 0.005500
0 0.708073 0.553250 0.008854 0.006500
0 0.515625 0.398375 0.014583 0.005250
0 0.567187 0.388000 0.010417 0.004500
0 0.567448 0.383125 0.009896 0.003750
