0 0.226042 0.945125 0.016667 0.005750
0 0.046354 0.859625 0.013542 0.006250
0 0.246094 0.885375 0.014063 0.007750
0 0.260937 0.864875 0.013542 0.008750
0 0.460938 0.920375 0.017708 0.011250
0 0.063281 0.764875 0.013021 0.004750
0 0.065885 0.761750 0.013021 0.006000
0 0.091146 0.775000 0.017708 0.004500
0 0.166927 0.782500 0.014063 0.004000
0 0.253906 0.753250 0.015104 0.004500
0 0.471615 0.688000 0.014063 0.003500
0 0.470312 0.685625 0.012500 0.002750
0 0.542969 0.575375 0.007812 0.006250
0 0.394010 0.504375 0.009896 0.005750
0 0.250781 0.483125 0.013021 0.005750
0 0.206771 0.465000 0.010417 0.007000
0 0.005469 0.434750 0.010937 0.005000
0 0.637760 0.459625 0.011979 0.003250
0 0.784115 0.769875 0.015104 0.005750
