0 0.133250 0.878385 0.008500 0.019271
0 0.388625 0.793750 0.012750 0.021875
0 0.374125 0.717708 0.009250 0.016667
0 0.353875 0.657031 0.010250 0.019271
0 0.312750 0.570833 0.008500 0.022917
0 0.297625 0.599479 0.010750 0.023958
0 0.334000 0.605990 0.007500 0.020313
0 0.466750 0.720313 0.007500 0.017708
0 0.437875 0.705208 0.005750 0.010417
0 0.439875 0.700781 0.009250 0.011979
0 0.427750 0.643229 0.007500 0.019792
0 0.409875 0.648177 0.006250 0.018229
0 0.413875 0.632812 0.007250 0.013542
0 0.419500 0.615104 0.005500 0.015625
0 0.416250 0.607812 0.005500 0.015625
0 0.412875 0.597917 0.006250 0.010417
0 0.411625 0.576302 0.006750 0.020313
0 0.399750 0.550781 0.009000 0.018229
0 0.393125 0.540365 0.006250 0.016146
0 0.370250 0.541667 0.006500 0.025000
0 0.376500 0.542969 0.006500 0.017188
0 0.377625 0.530469 0.007250 0.016146
0 0.389750 0.506510 0.007500 0.019271
0 0.378875 0.502083 0.007750 0.018750
0 0.367125 0.495833 0.007250 0.018750
0 0.357875 0.502604 0.010750 0.013542
0 0.368000 0.466667 0.010500 0.015625
0 0.370125 0.451042 0.008250 0.014583
0 0.357875 0.436979 0.009250 0.020833
0 0.319250 0.361198 0.009500 0.022396
0 0.330375 0.348177 0.008750 0.019271
0 0.314375 0.306250 0.008750 0.016667
0 0.303125 0.300521 0.012750 0.019792
0 0.269500 0.341406 0.009500 0.020313
0 0.481625 0.572135 0.007750 0.018229
0 0.479000 0.519010 0.007000 0.015104
0 0.482250 0.513802 0.006000 0.015104
0 0.491125 0.474740 0.004750 0.010937
0 0.491750 0.445573 0.005500 0.018229
0 0.466000 0.446615 0.005500 0.013021
0 0.485375 0.443229 0.005250 0.019792
0 0.466000 0.422656 0.007000 0.013021
0 0.471875 0.423177 0.004250 0.018229
0 0.475375 0.426563 0.003250 0.016667
0 0.478625 0.425000 0.004750 0.018750
0 0.486250 0.423698 0.004500 0.013021
0 0.483375 0.419531 0.005250 0.017188
0 0.481375 0.406250 0.005750 0.017708
0 0.446750 0.388281 0.005000 0.014063
0 0.451625 0.382031 0.006750 0.009896
0 0.449000 0.373177 0.005500 0.016146
0 0.450375 0.355990 0.005750 0.018229
0 0.476250 0.375000 0.004500 0.018750
0 0.481000 0.384115 0.008500 0.010937
0 0.465875 0.342187 0.008250 0.010417
0 0.469875 0.349479 0.002750 0.012500
0 0.472875 0.348177 0.005250 0.019271
0 0.484625 0.345052 0.007250 0.015104
0 0.480750 0.357031 0.003500 0.017188
0 0.484625 0.359375 0.004250 0.017708
0 0.497625 0.355469 0.004750 0.015104
0 0.495875 0.367708 0.005250 0.010417
0 0.445125 0.313802 0.006250 0.021354
0 0.454000 0.316146 0.003500 0.015625
0 0.456375 0.314844 0.005250 0.017188
0 0.494375 0.300260 0.006250 0.022396
0 0.497125 0.245052 0.005750 0.023438
0 0.451375 0.187760 0.009750 0.015104
0 0.458500 0.169271 0.008000 0.018750
0 0.633500 0.107031 0.006000 0.011979
0 0.637250 0.102865 0.004500 0.014063
0 0.617000 0.151562 0.008000 0.020833
0 0.575125 0.339844 0.006250 0.017188
0 0.622750 0.381771 0.008000 0.028125
0 0.614000 0.392708 0.006000 0.010417
0 0.577750 0.470052 0.007500 0.015104
0 0.553375 0.477344 0.005250 0.015104
0 0.545000 0.470052 0.006500 0.018229
0 0.555250 0.517188 0.004500 0.015625
0 0.549375 0.525260 0.008750 0.009896
0 0.540000 0.545573 0.007000 0.007812
0 0.538250 0.553906 0.007500 0.009896
0 0.530000 0.586719 0.006500 0.009896
0 0.530125 0.604427 0.006250 0.010937
0 0.530625 0.615625 0.007750 0.011458
0 0.524875 0.602344 0.004250 0.019271
0 0.539750 0.587500 0.005500 0.015625
0 0.543375 0.573698 0.006250 0.015104
0 0.608000 0.583594 0.006500 0.011979
0 0.517375 0.715104 0.006750 0.018750
0 0.821875 0.535677 0.005250 0.011979
0 0.808750 0.589844 0.006000 0.017188
0 0.800625 0.626563 0.006750 0.017708
0 0.781875 0.705990 0.006250 0.011979
0 0.793375 0.677344 0.004250 0.018229
0 0.689000 0.803906 0.007500 0.016146
0 0.549375 0.614062 0.005250 0.010417
