0 0.171354 0.585625 0.010417 0.006750
0 0.227865 0.511750 0.010937 0.004000
0 0.351302 0.493000 0.007812 0.005000
0 0.232031 0.665750 0.013021 0.005000
0 0.245833 0.690500 0.009375 0.007500
0 0.469271 0.550125 0.010417 0.004250
0 0.455729 0.542750 0.007292 0.004500
0 0.446615 0.540500 0.007812 0.005000
0 0.427344 0.449250 0.010937 0.007500
0 0.439583 0.436375 0.013542 0.005250
0 0.453646 0.436125 0.010417 0.004750
0 0.454687 0.445250 0.011458 0.003000
0 0.454948 0.443125 0.014063 0.002750
0 0.632812 0.537500 0.008333 0.006000
0 0.637500 0.537000 0.008333 0.005500
0 0.722656 0.580000 0.009896 0.007000
0 0.580208 0.438250 0.014583 0.004000
0 0.497135 0.384750 0.008854 0.007500
0 0.553906 0.367875 0.015104 0.005750
0 0.590625 0.341125 0.011458 0.007250
0 0.676562 0.321375 0.014583 0.007250
0 0.774219 0.314125 0.011979 0.008250
