0 0.355875 0.642448 0.006750 0.011979
0 0.360375 0.602604 0.006750 0.016667
0 0.543125 0.797917 0.007250 0.014583
0 0.562000 0.745313 0.005000 0.014583
0 0.328625 0.235156 0.005750 0.008854
0 0.524375 0.042448 0.005750 0.008854
0 0.535375 0.093490 0.004750 0.011979
0 0.536625 0.167187 0.004250 0.014583
0 0.539000 0.182031 0.005000 0.014063
0 0.542500 0.319792 0.005500 0.016667
0 0.507875 0.082552 0.006250 0.015104
0 0.535875 0.244010 0.004750 0.006771
0 0.535750 0.253646 0.004500 0.011458
0 0.530250 0.246094 0.005500 0.011979
0 0.696250 0.516927 0.004500 0.014063
0 0.787875 0.779948 0.004250 0.009896
