0 0.060417 0.568500 0.034375 0.021000
0 0.119792 0.548000 0.048958 0.013000
0 0.098698 0.502125 0.019271 0.017250
0 0.008073 0.500250 0.016146 0.013000
0 0.022917 0.492500 0.017708 0.012500
0 0.039844 0.481500 0.027604 0.012500
0 0.061979 0.462000 0.037500 0.010500
0 0.060417 0.462250 0.027083 0.010000
0 0.064583 0.443750 0.027083 0.016500
0 0.062500 0.444625 0.025000 0.009250
0 0.117969 0.456000 0.022396 0.013500
0 0.117969 0.457625 0.029687 0.013750
0 0.098958 0.424000 0.038542 0.012500
0 0.107292 0.419625 0.026042 0.015750
0 0.113542 0.410625 0.027083 0.017250
0 0.119010 0.398125 0.031771 0.013250
0 0.137240 0.417125 0.020313 0.016250
0 0.265885 0.380125 0.030729 0.016250
0 0.260677 0.380500 0.029687 0.011500
0 0.305469 0.435250 0.019271 0.012500
0 0.292969 0.458250 0.019271 0.013500
0 0.276302 0.462750 0.020313 0.011000
0 0.250521 0.450375 0.015625 0.009750
0 0.253906 0.466875 0.031771 0.015750
0 0.246354 0.486250 0.023958 0.012000
0 0.250000 0.485375 0.023958 0.010250
0 0.222135 0.482375 0.029687 0.014250
0 0.247656 0.504000 0.019271 0.012000
0 0.255990 0.508250 0.018229 0.013500
0 0.276302 0.507625 0.020313 0.010250
0 0.252344 0.517125 0.030729 0.014250
0 0.257292 0.528750 0.022917 0.012500
0 0.258594 0.552000 0.020313 0.013000
0 0.294792 0.545500 0.013542 0.012000
0 0.291927 0.580125 0.017188 0.014250
0 0.258333 0.599000 0.029167 0.012500
0 0.257812 0.605500 0.021875 0.011500
0 0.260677 0.615250 0.022396 0.011500
0 0.258854 0.629375 0.023958 0.014750
0 0.255990 0.628000 0.018229 0.016500
0 0.053906 0.644375 0.017188 0.009750
0 0.229427 0.644625 0.021354 0.011250
0 0.322396 0.638875 0.026042 0.014250
0 0.255208 0.666750 0.025000 0.012500
0 0.245833 0.682375 0.036458 0.017250
0 0.252083 0.683250 0.028125 0.011500
0 0.238542 0.715250 0.021875 0.013500
0 0.297917 0.710875 0.029167 0.015750
0 0.396354 0.688875 0.025000 0.010750
0 0.425521 0.790250 0.023958 0.013500
0 0.611719 0.709000 0.031771 0.018500
0 0.862500 0.843250 0.026042 0.012000
0 0.898177 0.830000 0.018229 0.012500
0 0.949219 0.850500 0.018229 0.012500
0 0.917969 0.740250 0.023438 0.012500
0 0.886979 0.719125 0.027083 0.014750
0 0.780990 0.660375 0.036979 0.022250
0 0.780208 0.662000 0.025000 0.012500
0 0.700521 0.629625 0.023958 0.019750
0 0.784375 0.618000 0.028125 0.011500
0 0.658073 0.613000 0.033854 0.013500
0 0.634375 0.590500 0.025000 0.011000
0 0.617969 0.580750 0.023438 0.011000
0 0.591927 0.572000 0.023438 0.013000
0 0.550000 0.573125 0.035417 0.014250
0 0.565625 0.594125 0.037500 0.014750
0 0.564583 0.594625 0.035417 0.011250
0 0.550000 0.507625 0.021875 0.013750
0 0.531250 0.503250 0.020833 0.012500
0 0.537500 0.492625 0.021875 0.009750
0 0.536979 0.492625 0.017708 0.009750
0 0.514844 0.488000 0.023438 0.012500
0 0.507031 0.480750 0.017188 0.008500
0 0.482031 0.489875 0.019271 0.009750
0 0.469531 0.454625 0.021354 0.013250
0 0.435156 0.447375 0.029687 0.015750
0 0.436719 0.448125 0.021354 0.014250
0 0.422396 0.437500 0.025000 0.011500
0 0.386979 0.418250 0.028125 0.012000
0 0.377865 0.408250 0.034896 0.013500
0 0.377865 0.417375 0.032813 0.016750
0 0.420833 0.414750 0.026042 0.011500
0 0.409115 0.401375 0.018229 0.010750
0 0.379688 0.381250 0.025000 0.011000
0 0.376563 0.379625 0.028125 0.011750
0 0.539323 0.385000 0.031771 0.012000
0 0.541146 0.382500 0.027083 0.010500
0 0.566927 0.393500 0.028646 0.017000
0 0.567969 0.375375 0.017188 0.009750
0 0.594271 0.377750 0.023958 0.013500
0 0.635938 0.418250 0.026042 0.013000
0 0.700521 0.442875 0.021875 0.015750
0 0.702083 0.445625 0.027083 0.014750
0 0.680208 0.452125 0.023958 0.010250
0 0.762760 0.430625 0.030729 0.015250
0 0.854948 0.485625 0.020313 0.017250
0 0.856250 0.487750 0.017708 0.013000
0 0.903385 0.491000 0.019271 0.012000
0 0.935417 0.506250 0.015625 0.013000
0 0.917969 0.508000 0.021354 0.013000
0 0.930990 0.507625 0.020313 0.011250
0 0.873177 0.516125 0.016146 0.016250
0 0.891406 0.517500 0.020313 0.012500
0 0.917969 0.530750 0.023438 0.014000
0 0.888542 0.519625 0.023958 0.014750
0 0.916667 0.529125 0.023958 0.016250
0 0.049479 0.377250 0.014583 0.012500
0 0.063281 0.376625 0.019271 0.011250
0 0.059115 0.363625 0.020313 0.011250
0 0.086719 0.367375 0.019271 0.014750
0 0.103906 0.361125 0.021354 0.009750
0 0.308594 0.328250 0.032813 0.013500
0 0.320833 0.327375 0.027083 0.016250
0 0.437760 0.337500 0.021354 0.014500
0 0.441146 0.337500 0.023958 0.010500
0 0.542708 0.308375 0.015625 0.008750
0 0.539844 0.306750 0.032813 0.013000
0 0.552344 0.296500 0.032813 0.010000
0 0.545052 0.284500 0.020313 0.013000
0 0.485937 0.267500 0.015625 0.012500
0 0.482031 0.253375 0.034896 0.015750
0 0.480469 0.255000 0.020313 0.012500
0 0.523438 0.245375 0.027083 0.016250
0 0.552344 0.228500 0.030729 0.013000
0 0.600781 0.226625 0.021354 0.010250
0 0.614323 0.212250 0.032813 0.012000
0 0.621875 0.237250 0.025000 0.014000
0 0.643229 0.232875 0.025000 0.010750
0 0.665625 0.227750 0.026042 0.010500
0 0.679688 0.218000 0.022917 0.007000
0 0.636979 0.277750 0.028125 0.012500
0 0.654687 0.301625 0.029167 0.011250
0 0.603906 0.322375 0.045312 0.021250
0 0.609896 0.322625 0.028125 0.014250
0 0.636198 0.318250 0.019271 0.012000
0 0.706771 0.322375 0.020833 0.016750
0 0.741667 0.323875 0.025000 0.015750
0 0.726562 0.335625 0.023958 0.013250
0 0.747917 0.338500 0.037500 0.019000
0 0.746875 0.338375 0.023958 0.014250
0 0.772396 0.343250 0.022917 0.013000
0 0.767708 0.344875 0.027083 0.013250
0 0.778646 0.355125 0.021875 0.015250
0 0.703385 0.356000 0.035937 0.013500
0 0.698438 0.355750 0.026042 0.013000
0 0.721094 0.357375 0.021354 0.014250
0 0.718229 0.367625 0.025000 0.014250
0 0.739062 0.361125 0.028125 0.015250
0 0.812240 0.358250 0.018229 0.012500
0 0.813802 0.359625 0.028646 0.015250
0 0.850000 0.349750 0.035417 0.017500
0 0.872135 0.347375 0.022396 0.015750
0 0.890104 0.360250 0.025000 0.012500
0 0.893750 0.340500 0.025000 0.010000
0 0.848177 0.322125 0.033854 0.015250
0 0.847656 0.322875 0.034896 0.016750
0 0.836458 0.306500 0.023958 0.013500
0 0.897135 0.329375 0.031771 0.014750
0 0.925260 0.346250 0.027604 0.017000
0 0.919271 0.346750 0.026042 0.011500
