0 0.082625 0.291146 0.003750 0.011458
0 0.106000 0.265885 0.003500 0.007812
0 0.044750 0.434635 0.008500 0.017188
0 0.074250 0.442448 0.006000 0.010937
0 0.095500 0.445573 0.008000 0.008854
0 0.320500 0.376302 0.005500 0.014063
0 0.295500 0.433594 0.005000 0.009896
0 0.302875 0.286458 0.007250 0.018750
0 0.283500 0.059115 0.008500 0.014063
0 0.333625 0.012240 0.003250 0.006771
0 0.332375 0.019271 0.003750 0.008333
0 0.394000 0.296354 0.005500 0.012500
0 0.421000 0.260937 0.006500 0.008333
0 0.423750 0.277344 0.004000 0.008854
0 0.421750 0.287240 0.003000 0.008854
0 0.421250 0.307292 0.003000 0.011458
0 0.419000 0.302083 0.003000 0.010417
0 0.418000 0.291406 0.004500 0.015104
0 0.401500 0.349740 0.003500 0.013021
0 0.397250 0.401302 0.003500 0.014063
0 0.394125 0.389844 0.003250 0.010937
0 0.377375 0.431771 0.004750 0.013542
0 0.387500 0.514323 0.005000 0.011979
0 0.408625 0.489323 0.006250 0.014063
0 0.353875 0.650260 0.006250 0.016146
0 0.352625 0.630729 0.006750 0.010417
0 0.341000 0.640625 0.007000 0.009375
0 0.323750 0.593750 0.005500 0.011458
0 0.328125 0.577865 0.005750 0.011979
0 0.333875 0.578385 0.003750 0.011979
0 0.339875 0.583073 0.003750 0.010937
0 0.338500 0.564323 0.004000 0.011979
0 0.337000 0.582552 0.002500 0.006771
0 0.320250 0.579167 0.005500 0.011458
0 0.307250 0.568229 0.006500 0.011458
0 0.314625 0.554167 0.006250 0.012500
0 0.324000 0.543229 0.003000 0.012500
0 0.321125 0.540885 0.002750 0.013021
0 0.319375 0.531510 0.003750 0.007812
0 0.305250 0.538281 0.006000 0.011979
0 0.312250 0.539062 0.005500 0.012500
0 0.312875 0.530729 0.003750 0.013542
0 0.315875 0.530208 0.003250 0.012500
0 0.310375 0.517448 0.004250 0.011979
0 0.296000 0.571354 0.003500 0.008333
0 0.315375 0.595052 0.005250 0.015104
0 0.375875 0.620833 0.003750 0.014583
0 0.394000 0.637240 0.002000 0.009896
0 0.395500 0.643490 0.004000 0.008854
0 0.396750 0.605729 0.004500 0.015625
0 0.398250 0.581771 0.003500 0.009375
0 0.397125 0.576562 0.003250 0.007292
0 0.409875 0.442188 0.005750 0.011458
0 0.429500 0.403646 0.004000 0.013542
0 0.410000 0.381510 0.003000 0.011979
0 0.415125 0.377865 0.003250 0.009896
0 0.416000 0.388021 0.002000 0.011458
0 0.419000 0.385156 0.003500 0.007812
0 0.425750 0.370052 0.004500 0.013021
0 0.426625 0.382812 0.003750 0.007292
0 0.425250 0.390365 0.002500 0.008854
0 0.430250 0.392448 0.003000 0.006771
0 0.424875 0.351302 0.003750 0.011979
0 0.425625 0.339844 0.003750 0.010937
0 0.427250 0.332031 0.004000 0.006771
0 0.419375 0.337500 0.006250 0.018750
0 0.426125 0.436198 0.004750 0.008854
0 0.401250 0.511198 0.004000 0.009896
0 0.414000 0.649740 0.003500 0.009896
0 0.431750 0.659896 0.007000 0.008333
0 0.431875 0.640625 0.005250 0.010417
0 0.439375 0.626042 0.003750 0.014583
0 0.441375 0.607812 0.002750 0.013542
0 0.443750 0.591667 0.004000 0.005208
0 0.443500 0.598177 0.005000 0.007812
0 0.429000 0.604688 0.004000 0.011458
0 0.425125 0.612240 0.002750 0.010937
0 0.443375 0.553125 0.004750 0.014583
0 0.459500 0.544792 0.003000 0.014583
0 0.456625 0.546615 0.003750 0.013021
0 0.457375 0.538021 0.003250 0.012500
0 0.462125 0.527865 0.002750 0.008854
0 0.459500 0.530729 0.002500 0.010417
0 0.463875 0.517708 0.004250 0.012500
0 0.466375 0.504948 0.003750 0.011979
0 0.453625 0.519010 0.005250 0.011979
0 0.449750 0.503385 0.005000 0.010937
0 0.452250 0.486198 0.003500 0.013021
0 0.453750 0.439323 0.002000 0.013021
0 0.456250 0.437760 0.003000 0.011979
0 0.465125 0.441146 0.002750 0.012500
0 0.464250 0.419010 0.004000 0.006771
0 0.472125 0.410938 0.003750 0.008333
0 0.467625 0.408854 0.003250 0.008333
0 0.463875 0.406771 0.003250 0.009375
0 0.474750 0.424479 0.005000 0.008333
0 0.470375 0.395833 0.003250 0.006250
0 0.463750 0.388021 0.002500 0.007292
0 0.467375 0.386719 0.004750 0.007812
0 0.474625 0.392969 0.005250 0.008854
0 0.465375 0.381250 0.004750 0.007292
0 0.465250 0.375260 0.003500 0.005729
0 0.464000 0.368229 0.003500 0.008333
0 0.462250 0.359635 0.004500 0.005729
0 0.476250 0.375000 0.002000 0.008333
0 0.473750 0.373698 0.004000 0.008854
0 0.474250 0.365365 0.003000 0.009896
0 0.472750 0.359115 0.004500 0.008854
0 0.477625 0.343750 0.005250 0.006250
0 0.482750 0.356771 0.004000 0.011458
0 0.487125 0.340365 0.003750 0.008854
0 0.489375 0.349219 0.001750 0.011979
0 0.491500 0.349479 0.002500 0.012500
0 0.482000 0.369531 0.004500 0.010937
0 0.481500 0.379427 0.004500 0.007812
0 0.481750 0.385677 0.004000 0.007812
0 0.481250 0.391667 0.003000 0.005208
0 0.505375 0.271615 0.003250 0.009896
0 0.506250 0.255990 0.005000 0.009896
0 0.540125 0.197396 0.003750 0.011458
0 0.530250 0.279948 0.003500 0.010937
0 0.524625 0.283854 0.002250 0.009375
0 0.536500 0.315625 0.004000 0.013542
0 0.530500 0.323177 0.002500 0.008854
0 0.524375 0.318229 0.003750 0.007292
0 0.528250 0.330729 0.002000 0.011458
0 0.523250 0.336979 0.002000 0.009375
0 0.525375 0.336458 0.002250 0.009375
0 0.524875 0.350521 0.004750 0.013542
0 0.522625 0.329167 0.004250 0.007292
0 0.527750 0.296615 0.004500 0.011979
0 0.526000 0.326823 0.002500 0.010937
0 0.524000 0.419271 0.004000 0.007292
0 0.518000 0.417969 0.004000 0.010937
0 0.513625 0.419531 0.002250 0.013021
0 0.516250 0.426823 0.002500 0.010937
0 0.518625 0.432552 0.003250 0.009896
0 0.522125 0.430469 0.003250 0.011979
0 0.508750 0.414062 0.003500 0.007292
0 0.509750 0.420052 0.003000 0.006771
0 0.501875 0.421875 0.002750 0.009375
0 0.503000 0.425260 0.003000 0.011979
0 0.505500 0.424479 0.003000 0.010417
0 0.506500 0.420833 0.003000 0.010417
0 0.509375 0.428125 0.002750 0.008333
0 0.508500 0.434375 0.004500 0.005208
0 0.507125 0.428646 0.003250 0.005208
0 0.490375 0.446615 0.003250 0.011979
0 0.487875 0.460417 0.003250 0.009375
0 0.504500 0.446094 0.003500 0.006771
0 0.502625 0.442448 0.002750 0.006771
0 0.505750 0.439323 0.003500 0.005729
0 0.508000 0.441667 0.003000 0.009375
0 0.503750 0.433073 0.003000 0.005729
0 0.557875 0.377083 0.005250 0.012500
0 0.552250 0.404948 0.005000 0.009896
0 0.564500 0.402604 0.005500 0.009375
0 0.548625 0.444792 0.003250 0.010417
0 0.545500 0.444531 0.002500 0.015104
0 0.543875 0.484896 0.004250 0.013542
0 0.515000 0.515625 0.005000 0.010417
0 0.505750 0.517969 0.003000 0.006771
0 0.503125 0.520312 0.002250 0.008333
0 0.495875 0.530729 0.002750 0.007292
0 0.493375 0.538802 0.003250 0.008854
0 0.488750 0.551562 0.003500 0.011458
0 0.481125 0.571094 0.004750 0.010937
0 0.487375 0.571875 0.002750 0.008333
0 0.468500 0.605208 0.003500 0.011458
0 0.482000 0.663542 0.003500 0.013542
0 0.491125 0.633333 0.005750 0.021875
0 0.492875 0.579688 0.005250 0.009375
0 0.502125 0.564063 0.004750 0.012500
0 0.507125 0.563021 0.005250 0.012500
0 0.605750 0.742969 0.003000 0.008854
0 0.599125 0.754687 0.003750 0.009375
0 0.572125 0.761979 0.005250 0.007292
0 0.569375 0.755469 0.005750 0.006771
0 0.569750 0.746354 0.004000 0.006250
0 0.505000 0.768229 0.006000 0.008333
0 0.481625 0.751042 0.004750 0.007292
0 0.476000 0.750781 0.005500 0.007812
0 0.547625 0.897396 0.008250 0.010417
0 0.732125 0.771615 0.003750 0.013021
0 0.811500 0.797656 0.004500 0.009896
0 0.767250 0.301042 0.004500 0.010417
