0 0.836458 0.738750 0.007292 0.007000
0 0.822135 0.730625 0.006771 0.005750
0 0.825781 0.728750 0.009896 0.004500
0 0.856771 0.722375 0.007292 0.005750
0 0.755729 0.698625 0.010417 0.003750
0 0.794010 0.688250 0.006771 0.005500
0 0.792969 0.671500 0.006771 0.002500
0 0.792448 0.670125 0.009896 0.004250
0 0.770052 0.648500 0.010937 0.004500
0 0.735938 0.641875 0.007292 0.005750
0 0.744531 0.640000 0.008854 0.004000
0 0.747135 0.632375 0.008854 0.004250
0 0.769531 0.633125 0.007812 0.005750
0 0.762240 0.643500 0.007812 0.002500
0 0.762240 0.641625 0.007812 0.003250
0 0.766927 0.641625 0.004687 0.004250
0 0.771615 0.641750 0.004687 0.005500
0 0.728646 0.607750 0.009375 0.006000
0 0.750000 0.603375 0.011458 0.003750
0 0.739062 0.598625 0.008333 0.005750
0 0.745052 0.593875 0.006771 0.005250
0 0.747135 0.591875 0.006771 0.003750
0 0.739844 0.576000 0.007812 0.004500
0 0.722917 0.575375 0.008333 0.004750
0 0.733333 0.553500 0.007292 0.006000
0 0.758333 0.581750 0.009375 0.006000
0 0.764062 0.592375 0.009375 0.003250
0 0.760677 0.589500 0.006771 0.005000
0 0.757552 0.588875 0.005729 0.003750
0 0.767969 0.604125 0.005729 0.005750
0 0.780469 0.603375 0.010937 0.004750
0 0.791146 0.603375 0.009375 0.004250
0 0.798958 0.603875 0.005208 0.006250
0 0.793750 0.592000 0.007292 0.005500
0 0.803125 0.591375 0.009375 0.004250
0 0.804427 0.597250 0.005729 0.006000
0 0.805990 0.653500 0.014063 0.003500
0 0.796615 0.642000 0.005729 0.005500
0 0.790104 0.641875 0.006250 0.005750
0 0.786198 0.628125 0.005729 0.005750
0 0.780469 0.629625 0.006771 0.005250
0 0.782552 0.620125 0.008854 0.006250
0 0.807031 0.621500 0.011979 0.004000
0 0.824219 0.608500 0.013021 0.004000
0 0.795573 0.614375 0.008854 0.006250
0 0.812760 0.600000 0.010937 0.004000
0 0.815625 0.592500 0.007292 0.005000
0 0.812760 0.596375 0.006771 0.004750
0 0.810937 0.594875 0.005208 0.005250
0 0.815625 0.589625 0.005208 0.004750
0 0.819531 0.589375 0.005729 0.004250
0 0.703385 0.546375 0.007812 0.003750
0 0.695312 0.544125 0.008333 0.005250
0 0.692708 0.547625 0.011458 0.002750
0 0.689583 0.557375 0.011458 0.002750
0 0.684635 0.554875 0.011979 0.002750
0 0.666927 0.570750 0.007812 0.004500
0 0.663281 0.568500 0.010937 0.004000
0 0.662760 0.626625 0.010937 0.006250
0 0.607031 0.623000 0.008854 0.002500
0 0.605990 0.621250 0.011979 0.002500
0 0.564323 0.633000 0.009896 0.004000
0 0.570312 0.636000 0.012500 0.003500
0 0.572656 0.633250 0.010937 0.003000
0 0.548958 0.653500 0.010417 0.006000
0 0.536458 0.652625 0.010417 0.004250
0 0.535677 0.656750 0.010937 0.003500
0 0.480208 0.683875 0.014583 0.003750
0 0.519271 0.685625 0.012500 0.004250
0 0.530208 0.698250 0.009375 0.005000
0 0.476042 0.698000 0.014583 0.004000
0 0.516667 0.717875 0.010417 0.006750
0 0.416927 0.723625 0.011979 0.003750
0 0.418750 0.721375 0.012500 0.004750
0 0.693229 0.523750 0.006250 0.003500
0 0.695833 0.526625 0.009375 0.003750
0 0.687500 0.531250 0.008333 0.002000
0 0.687240 0.533125 0.008854 0.002250
0 0.679688 0.536375 0.008333 0.004750
0 0.677865 0.543500 0.007812 0.005000
0 0.674479 0.539625 0.006250 0.003750
0 0.660417 0.542750 0.010417 0.003500
0 0.672396 0.543750 0.008333 0.004000
0 0.670573 0.543375 0.008854 0.003750
0 0.668750 0.547375 0.007292 0.003750
0 0.667969 0.550250 0.008854 0.002000
0 0.665625 0.552500 0.008333 0.003500
0 0.664062 0.556000 0.006250 0.004000
0 0.654427 0.555500 0.009896 0.003000
0 0.654167 0.552750 0.007292 0.004000
0 0.647396 0.551750 0.007292 0.005000
0 0.648177 0.548875 0.007812 0.004250
0 0.653646 0.547750 0.008333 0.003500
0 0.657813 0.547625 0.006250 0.002250
0 0.632812 0.564250 0.009375 0.003000
0 0.621875 0.567750 0.010417 0.004500
0 0.640885 0.568500 0.004687 0.005500
0 0.636458 0.569125 0.005208 0.004750
0 0.630469 0.570750 0.008854 0.002500
0 0.626563 0.573875 0.006250 0.004250
0 0.621094 0.575250 0.006771 0.004500
0 0.625000 0.578125 0.004167 0.004250
0 0.620573 0.579125 0.005729 0.004750
0 0.615104 0.579750 0.006250 0.004000
0 0.609115 0.580750 0.007812 0.004000
0 0.615885 0.576250 0.005729 0.004000
0 0.614583 0.575750 0.007292 0.003500
0 0.613281 0.587875 0.006771 0.004250
0 0.602344 0.588625 0.005729 0.004750
0 0.600000 0.585750 0.008333 0.003500
0 0.582292 0.589750 0.008333 0.003000
0 0.588802 0.599875 0.010937 0.004750
0 0.575521 0.599750 0.007292 0.004000
0 0.584896 0.605750 0.008333 0.004000
0 0.582031 0.604500 0.008854 0.004500
0 0.576823 0.614125 0.005729 0.005250
0 0.559115 0.616625 0.009896 0.005250
0 0.536719 0.623750 0.006771 0.004000
0 0.563021 0.609125 0.008333 0.004750
0 0.568229 0.609875 0.007292 0.003750
0 0.520312 0.633750 0.008333 0.003500
0 0.529167 0.635250 0.010417 0.005000
0 0.530729 0.642750 0.008333 0.004500
0 0.527083 0.642500 0.007292 0.004000
0 0.492708 0.648875 0.009375 0.004250
0 0.472656 0.643750 0.008854 0.003500
0 0.452604 0.661500 0.011458 0.005000
0 0.448437 0.660250 0.009375 0.003000
0 0.550781 0.596500 0.009896 0.003500
0 0.653906 0.529125 0.011979 0.003750
0 0.656510 0.521125 0.010937 0.004750
0 0.610417 0.539375 0.009375 0.003250
0 0.612500 0.538375 0.009375 0.004250
0 0.533854 0.567250 0.011458 0.003000
0 0.588281 0.572750 0.006771 0.005500
0 0.254948 0.585125 0.007812 0.003250
0 0.283854 0.575250 0.007292 0.004500
0 0.310937 0.579625 0.007292 0.002750
0 0.307292 0.569250 0.004167 0.004500
0 0.312240 0.569875 0.005729 0.002250
0 0.300260 0.547625 0.009896 0.005750
0 0.378385 0.561125 0.005729 0.003750
0 0.385937 0.558000 0.007292 0.004000
0 0.552083 0.548875 0.011458 0.002750
0 0.552083 0.547250 0.009375 0.002000
0 0.569531 0.538000 0.011979 0.002500
0 0.596875 0.532250 0.009375 0.002500
0 0.534635 0.537875 0.006771 0.003750
0 0.692969 0.509375 0.006771 0.004750
0 0.663542 0.507875 0.008333 0.003250
0 0.659635 0.505625 0.006771 0.002750
0 0.662760 0.504250 0.013021 0.003000
0 0.628125 0.501750 0.009375 0.003000
0 0.623698 0.505625 0.011979 0.003750
0 0.612240 0.506250 0.006771 0.005500
0 0.603906 0.506000 0.010937 0.003000
0 0.589844 0.510000 0.008854 0.002500
0 0.590365 0.507375 0.011979 0.002750
0 0.596615 0.504875 0.010937 0.002250
0 0.597135 0.502750 0.010937 0.002500
0 0.600521 0.500625 0.006250 0.003750
0 0.604688 0.501000 0.005208 0.004000
0 0.556510 0.498250 0.010937 0.003000
0 0.537240 0.508000 0.007812 0.003000
0 0.551302 0.507375 0.005729 0.004750
0 0.545833 0.507750 0.008333 0.003000
0 0.519792 0.502625 0.011458 0.002250
0 0.517188 0.500000 0.011458 0.003000
0 0.491146 0.502500 0.012500 0.003500
0 0.504948 0.512125 0.009896 0.002750
0 0.503646 0.510875 0.009375 0.002750
0 0.429427 0.505375 0.006771 0.005750
0 0.423958 0.505500 0.007292 0.004500
0 0.375521 0.500750 0.009375 0.004000
0 0.321094 0.506625 0.011979 0.005250
0 0.377083 0.515250 0.006250 0.004500
0 0.369271 0.514250 0.010417 0.002500
0 0.371094 0.512500 0.008854 0.001500
0 0.311458 0.530875 0.011458 0.003250
0 0.284115 0.532250 0.014063 0.003500
0 0.293229 0.521125 0.015625 0.003750
0 0.283333 0.516375 0.010417 0.005750
0 0.273958 0.512625 0.012500 0.005250
0 0.292187 0.505625 0.008333 0.003250
0 0.300521 0.508125 0.008333 0.002250
0 0.301042 0.506125 0.009375 0.002750
0 0.184375 0.530500 0.010417 0.005000
0 0.220312 0.521375 0.009375 0.004250
0 0.238802 0.492125 0.009896 0.005750
0 0.253646 0.485000 0.012500 0.006500
0 0.216146 0.487625 0.010417 0.006250
0 0.178906 0.489375 0.014063 0.005750
0 0.075781 0.466000 0.009896 0.006000
0 0.152604 0.464625 0.011458 0.004750
0 0.207812 0.464625 0.007292 0.005250
0 0.216927 0.470750 0.007812 0.005500
0 0.212240 0.470375 0.007812 0.004750
0 0.233073 0.445750 0.007812 0.005500
0 0.387760 0.467625 0.006771 0.005250
0 0.548177 0.475375 0.006771 0.005250
0 0.527865 0.488375 0.006771 0.005250
0 0.523698 0.485375 0.007812 0.005250
0 0.640365 0.495125 0.006771 0.003250
0 0.643750 0.491250 0.008333 0.004500
0 0.533333 0.444375 0.008333 0.005250
0 0.522135 0.438375 0.006771 0.004250
0 0.525260 0.437250 0.006771 0.004000
0 0.533333 0.431625 0.008333 0.004250
0 0.522135 0.433625 0.007812 0.003750
0 0.522656 0.430625 0.008854 0.002750
0 0.510156 0.432875 0.008854 0.002750
0 0.501302 0.427375 0.007812 0.003750
0 0.506510 0.426250 0.007812 0.004000
0 0.490625 0.431375 0.009375 0.003250
0 0.485156 0.428500 0.008854 0.004000
0 0.485937 0.436000 0.009375 0.002000
0 0.485677 0.434125 0.009896 0.002250
0 0.497917 0.436375 0.009375 0.002250
0 0.497917 0.434875 0.008333 0.001750
0 0.479948 0.439250 0.008854 0.002500
0 0.481510 0.437875 0.007812 0.002750
0 0.516927 0.424500 0.003646 0.004500
0 0.520052 0.424250 0.003646 0.004500
0 0.523958 0.424125 0.006250 0.003750
0 0.523177 0.421000 0.006771 0.004000
0 0.517969 0.417500 0.007812 0.003500
0 0.510677 0.419750 0.007812 0.004000
0 0.487240 0.420875 0.007812 0.003250
0 0.490625 0.419375 0.007292 0.002250
0 0.523698 0.404875 0.008854 0.004750
0 0.504167 0.398875 0.007292 0.004750
0 0.467969 0.411875 0.008854 0.003750
0 0.465365 0.404125 0.008854 0.002750
0 0.436979 0.412500 0.007292 0.004000
0 0.436719 0.411000 0.008854 0.003000
0 0.366927 0.399375 0.008854 0.004750
0 0.553385 0.460375 0.007812 0.002250
0 0.431771 0.366500 0.008333 0.003500
0 0.423958 0.318125 0.008333 0.003750
0 0.492448 0.364625 0.007812 0.004750
0 0.335938 0.418875 0.008333 0.004250
0 0.629948 0.158250 0.009896 0.005500
0 0.858073 0.033625 0.009896 0.003750
0 0.955990 0.111125 0.007812 0.004250
0 0.962240 0.117375 0.008854 0.003750
