0 0.507552 0.654000 0.018229 0.012000
0 0.496354 0.622875 0.025000 0.011250
0 0.459896 0.578000 0.029167 0.014000
0 0.480208 0.548125 0.022917 0.009750
0 0.490365 0.546750 0.020313 0.013500
0 0.527865 0.562750 0.022396 0.011000
0 0.541927 0.550000 0.021354 0.011500
0 0.534635 0.538875 0.018229 0.013250
0 0.504167 0.537250 0.015625 0.007500
0 0.514844 0.525875 0.019271 0.010750
0 0.517708 0.516125 0.011458 0.008750
0 0.484375 0.510875 0.014583 0.008250
0 0.488802 0.524750 0.017188 0.012000
0 0.496875 0.521500 0.014583 0.008500
0 0.470052 0.523375 0.020313 0.007250
0 0.473177 0.523375 0.019271 0.011250
0 0.359896 0.524750 0.023958 0.011000
0 0.441146 0.504625 0.026042 0.013250
0 0.440365 0.504125 0.019271 0.009750
0 0.454687 0.496750 0.014583 0.008000
0 0.426563 0.490250 0.014583 0.011500
0 0.403125 0.486125 0.025000 0.007750
0 0.398177 0.473875 0.023438 0.009250
0 0.440885 0.472250 0.020313 0.012500
0 0.441667 0.474500 0.027083 0.011500
0 0.480208 0.472000 0.015625 0.007500
0 0.480469 0.484250 0.018229 0.011500
0 0.498437 0.487750 0.027083 0.011000
0 0.534635 0.466875 0.027604 0.013750
0 0.460417 0.457125 0.016667 0.008250
0 0.444531 0.445750 0.019271 0.012500
0 0.461198 0.438375 0.020313 0.010750
0 0.458854 0.428000 0.011458 0.005500
0 0.450260 0.415750 0.017188 0.011500
0 0.454427 0.410625 0.018229 0.010750
0 0.468490 0.413125 0.028646 0.010250
0 0.483073 0.417750 0.021354 0.013000
0 0.475260 0.423375 0.021354 0.014750
0 0.493750 0.418125 0.025000 0.009750
0 0.543750 0.409250 0.017708 0.010500
0 0.536719 0.396750 0.020313 0.010500
0 0.467969 0.390750 0.022396 0.013500
0 0.447396 0.373500 0.023958 0.010500
0 0.427604 0.383750 0.016667 0.011500
0 0.439062 0.380125 0.021875 0.009750
0 0.407292 0.398875 0.021875 0.009250
0 0.426042 0.396750 0.015625 0.011500
0 0.420833 0.411375 0.016667 0.014750
0 0.399219 0.420875 0.019271 0.009750
0 0.441927 0.344125 0.020313 0.010250
0 0.427083 0.328500 0.013542 0.007500
0 0.153385 0.533875 0.026562 0.014750
0 0.148698 0.528875 0.023438 0.010750
0 0.194792 0.525625 0.020833 0.010750
0 0.298177 0.505375 0.010937 0.010250
0 0.104688 0.512000 0.016667 0.011000
0 0.109115 0.505125 0.010937 0.008750
0 0.129948 0.514000 0.021354 0.012500
0 0.160677 0.499750 0.011979 0.010500
0 0.142187 0.480125 0.027083 0.013750
0 0.139583 0.482125 0.025000 0.012250
0 0.168750 0.488375 0.018750 0.012250
0 0.180469 0.490375 0.011979 0.009750
0 0.195052 0.500125 0.011979 0.006250
0 0.198437 0.487875 0.011458 0.006750
0 0.196094 0.480750 0.016146 0.007500
0 0.169531 0.465625 0.015104 0.007750
0 0.196094 0.457375 0.009896 0.009750
0 0.197917 0.463375 0.010417 0.006750
0 0.211458 0.472750 0.014583 0.006500
0 0.232292 0.464125 0.015625 0.010750
0 0.205990 0.431375 0.027604 0.010750
0 0.244531 0.416875 0.011979 0.010250
0 0.240365 0.411125 0.018229 0.010250
0 0.243750 0.405750 0.015625 0.006500
0 0.233854 0.398125 0.016667 0.009250
0 0.285938 0.388125 0.020833 0.007250
0 0.286458 0.362875 0.013542 0.010250
0 0.296875 0.354625 0.017708 0.008750
0 0.312760 0.364000 0.022396 0.007000
0 0.340104 0.335250 0.017708 0.006500
0 0.284896 0.331000 0.018750 0.009000
0 0.290625 0.330625 0.020833 0.009750
0 0.311458 0.315375 0.022917 0.011750
0 0.353125 0.306500 0.026042 0.013500
0 0.353125 0.306750 0.017708 0.008500
0 0.568229 0.297250 0.019792 0.011000
0 0.591146 0.280375 0.018750 0.011250
0 0.592969 0.278375 0.020313 0.011750
0 0.681510 0.270750 0.011979 0.011500
0 0.599219 0.301375 0.022396 0.009250
0 0.618229 0.310750 0.017708 0.008500
0 0.650521 0.318250 0.018750 0.008500
0 0.696094 0.309125 0.022396 0.015250
0 0.724479 0.321625 0.015625 0.010750
0 0.741667 0.342625 0.020833 0.008750
0 0.719792 0.345500 0.017708 0.008500
0 0.702083 0.347875 0.025000 0.010750
0 0.725781 0.356500 0.020313 0.009000
0 0.738542 0.355750 0.017708 0.012000
0 0.738021 0.354500 0.023958 0.013000
0 0.745052 0.362625 0.014063 0.010750
0 0.755990 0.358000 0.021354 0.012000
0 0.763542 0.357750 0.017708 0.010000
0 0.824219 0.357750 0.013021 0.008000
0 0.828125 0.335500 0.023958 0.011500
0 0.850521 0.336250 0.027083 0.012500
0 0.837240 0.327625 0.029687 0.015750
0 0.869271 0.314250 0.016667 0.012000
0 0.857552 0.304500 0.019271 0.012000
0 0.869010 0.315375 0.022396 0.013250
0 0.907031 0.347500 0.020313 0.011500
0 0.857031 0.372375 0.020313 0.010250
0 0.891927 0.406000 0.016146 0.009000
0 0.889583 0.414625 0.028125 0.013750
0 0.885677 0.419375 0.022396 0.009750
0 0.830990 0.403375 0.027604 0.009750
0 0.806250 0.387000 0.019792 0.011000
0 0.835156 0.389875 0.019271 0.010750
0 0.831510 0.377000 0.028646 0.013500
0 0.825000 0.375000 0.027083 0.013000
0 0.773177 0.372125 0.015104 0.009750
0 0.780208 0.381500 0.017708 0.009000
0 0.756510 0.378250 0.024479 0.012500
