0 0.656375 0.345833 0.006750 0.008333
0 0.639875 0.414062 0.008250 0.014583
0 0.614000 0.407812 0.006000 0.009375
0 0.603250 0.365625 0.007000 0.011458
0 0.536750 0.441927 0.009500 0.010937
0 0.527750 0.438281 0.006500 0.011979
0 0.470875 0.598177 0.005250 0.008854
0 0.442500 0.494792 0.006500 0.014583
0 0.462875 0.511719 0.005250 0.010937
0 0.429750 0.439583 0.007500 0.013542
0 0.465375 0.344531 0.007250 0.013021
0 0.496750 0.376823 0.006000 0.011979
0 0.487500 0.372135 0.004500 0.007812
0 0.510875 0.238802 0.004750 0.010937
0 0.529000 0.265625 0.005500 0.017708
0 0.539875 0.187500 0.005250 0.012500
0 0.552250 0.204167 0.004500 0.012500
0 0.511875 0.145573 0.005250 0.015104
0 0.595750 0.012500 0.005000 0.008333
0 0.372375 0.417448 0.004750 0.007812
0 0.371250 0.362760 0.003500 0.010937
0 0.371500 0.350260 0.006000 0.008854
0 0.392500 0.341406 0.004500 0.015104
0 0.393500 0.360417 0.005000 0.009375
0 0.368750 0.300521 0.004000 0.014583
0 0.365000 0.301563 0.004000 0.012500
0 0.364500 0.320573 0.005000 0.017188
0 0.336000 0.227344 0.006000 0.007812
0 0.341500 0.204427 0.006500 0.016146
0 0.340750 0.148698 0.006000 0.015104
0 0.378875 0.137500 0.005750 0.009375
0 0.355375 0.174479 0.006750 0.016667
0 0.239250 0.219271 0.004500 0.010417
0 0.361250 0.473958 0.007000 0.009375
0 0.372375 0.503125 0.005750 0.011458
0 0.280125 0.741146 0.006750 0.009375
0 0.297250 0.717969 0.010500 0.007812
0 0.277375 0.630990 0.005250 0.013021
0 0.157000 0.442708 0.006500 0.007292
0 0.216625 0.441927 0.003750 0.010937
0 0.213875 0.429948 0.008250 0.011979
0 0.206750 0.358073 0.006000 0.011979
0 0.200875 0.374479 0.008250 0.017708
0 0.193875 0.301823 0.004750 0.008854
0 0.190625 0.344010 0.009250 0.015104
0 0.131375 0.272656 0.004750 0.007812
0 0.105250 0.388281 0.007500 0.011979
0 0.059125 0.257552 0.005250 0.011979
0 0.065000 0.218490 0.005000 0.007812
0 0.240625 0.540625 0.007250 0.015625
0 0.271250 0.530729 0.006500 0.013542
0 0.276000 0.489583 0.007000 0.012500
0 0.304125 0.505469 0.005750 0.009896
0 0.307000 0.497135 0.007000 0.007812
0 0.572000 0.763542 0.007000 0.013542
0 0.543375 0.735938 0.006750 0.018750
0 0.521625 0.699479 0.006750 0.013542
0 0.529250 0.666406 0.006500 0.010937
0 0.560000 0.661458 0.007000 0.012500
0 0.563500 0.719792 0.006500 0.008333
0 0.565375 0.726823 0.004750 0.007812
0 0.585000 0.678646 0.010000 0.013542
0 0.617750 0.650781 0.005500 0.010937
0 0.655250 0.661458 0.008500 0.012500
0 0.715625 0.603646 0.009250 0.011458
0 0.756500 0.726823 0.006000 0.014063
0 0.759875 0.755990 0.007250 0.018229
0 0.799625 0.671094 0.005250 0.011979
0 0.835000 0.616146 0.004000 0.015625
0 0.775000 0.643490 0.008500 0.018229
0 0.781625 0.657031 0.005250 0.009896
0 0.569375 0.532552 0.006750 0.014063
0 0.594750 0.534375 0.004000 0.007292
0 0.563375 0.365625 0.005250 0.013542
0 0.750750 0.263021 0.007500 0.017708
0 0.755750 0.290625 0.005500 0.014583
0 0.685250 0.133854 0.006000 0.011458
0 0.719250 0.143750 0.008000 0.017708
0 0.782625 0.087500 0.007250 0.017708
0 0.617250 0.237240 0.008000 0.022396
0 0.282875 0.449740 0.006250 0.014063
0 0.273250 0.460938 0.007000 0.012500
0 0.260875 0.455990 0.004250 0.010937
0 0.266250 0.454167 0.006000 0.012500
0 0.263625 0.463542 0.005250 0.009375
