0 0.067187 0.515375 0.009375 0.004750
0 0.106510 0.507875 0.008854 0.005250
0 0.126042 0.511625 0.009375 0.005250
0 0.143229 0.520000 0.008333 0.006000
0 0.160156 0.530625 0.013021 0.005250
0 0.191927 0.534250 0.008854 0.007000
0 0.183594 0.524625 0.008854 0.005250
0 0.178906 0.517375 0.008854 0.005250
0 0.124740 0.536750 0.010937 0.005000
0 0.244271 0.529750 0.013542 0.005500
0 0.253125 0.534000 0.013542 0.006000
0 0.267448 0.540000 0.009896 0.004500
0 0.270573 0.543250 0.010937 0.004500
0 0.226302 0.575875 0.015104 0.006250
0 0.320833 0.560000 0.012500 0.004000
0 0.344792 0.552000 0.011458 0.005000
0 0.359896 0.550375 0.010417 0.006250
0 0.358073 0.540625 0.009896 0.002750
0 0.305469 0.612250 0.007812 0.005500
0 0.426302 0.555125 0.007812 0.003250
0 0.436458 0.494625 0.012500 0.006250
0 0.332813 0.481125 0.009375 0.006750
0 0.330469 0.446375 0.010937 0.006250
0 0.367448 0.452125 0.006771 0.005750
0 0.375000 0.454375 0.008333 0.007250
0 0.227344 0.408375 0.008854 0.006250
0 0.255990 0.367250 0.013021 0.004000
0 0.275521 0.352875 0.006250 0.007750
0 0.283073 0.353750 0.008854 0.007500
0 0.206510 0.299000 0.011979 0.005000
0 0.219010 0.260625 0.009896 0.005250
0 0.203385 0.164750 0.011979 0.006000
0 0.556250 0.542750 0.008333 0.007000
0 0.542969 0.527000 0.010937 0.006000
0 0.534635 0.483750 0.013021 0.005000
0 0.534375 0.472625 0.012500 0.005750
0 0.542708 0.448375 0.009375 0.006750
0 0.542188 0.443625 0.008333 0.005750
0 0.541927 0.434625 0.011979 0.004750
0 0.479948 0.423250 0.011979 0.006500
0 0.560156 0.420125 0.013021 0.004250
0 0.554948 0.405125 0.007812 0.005750
0 0.513542 0.408250 0.009375 0.004500
0 0.505729 0.408000 0.009375 0.005000
0 0.537500 0.390750 0.010417 0.005500
0 0.537760 0.399125 0.005729 0.006250
0 0.546354 0.401125 0.011458 0.007750
0 0.559115 0.382500 0.013021 0.004500
0 0.552083 0.379375 0.006250 0.005750
0 0.493229 0.343000 0.009375 0.005500
0 0.593750 0.349125 0.009375 0.006250
0 0.597917 0.347500 0.007292 0.006000
0 0.650521 0.365250 0.007292 0.006000
0 0.651563 0.370125 0.010417 0.006250
0 0.495833 0.298250 0.010417 0.006000
0 0.623437 0.287125 0.008333 0.006250
0 0.718750 0.300625 0.008333 0.007250
0 0.613542 0.251250 0.012500 0.007500
0 0.527865 0.237125 0.009896 0.008250
0 0.764583 0.203250 0.008333 0.006000
0 0.596615 0.546125 0.011979 0.006750
0 0.655469 0.520500 0.011979 0.005000
0 0.670052 0.512375 0.015104 0.004250
0 0.685417 0.514125 0.012500 0.004750
0 0.700781 0.510750 0.015104 0.004000
0 0.700000 0.500375 0.012500 0.003750
0 0.712240 0.500625 0.009896 0.006750
0 0.738281 0.496250 0.011979 0.005500
0 0.733073 0.493875 0.011979 0.005250
0 0.758854 0.505750 0.010417 0.005500
0 0.768229 0.498875 0.014583 0.003750
0 0.773438 0.496875 0.010417 0.003750
0 0.782031 0.493375 0.005729 0.006250
0 0.786198 0.493250 0.005729 0.004000
0 0.732812 0.512000 0.010417 0.004500
0 0.736979 0.511375 0.009375 0.003750
0 0.789062 0.471250 0.012500 0.005000
0 0.781771 0.467000 0.009375 0.006500
0 0.840365 0.457125 0.016146 0.003750
0 0.866667 0.460625 0.008333 0.005250
0 0.895573 0.459125 0.013021 0.005750
0 0.843750 0.444000 0.010417 0.008000
0 0.858854 0.445375 0.014583 0.007750
0 0.921875 0.441250 0.016667 0.005000
0 0.925260 0.428875 0.010937 0.008750
0 0.922396 0.408500 0.011458 0.006500
0 0.961458 0.431750 0.017708 0.006000
0 0.972656 0.392750 0.013021 0.009500
0 0.986458 0.595375 0.016667 0.005250
0 0.908594 0.614000 0.018229 0.009000
0 0.851302 0.640000 0.011979 0.006500
0 0.907292 0.599000 0.017708 0.004500
0 0.902604 0.595000 0.013542 0.004500
0 0.869531 0.599750 0.008854 0.005000
0 0.839844 0.595125 0.011979 0.004750
0 0.842187 0.593875 0.011458 0.006250
0 0.787500 0.604500 0.008333 0.003500
0 0.789062 0.602000 0.013542 0.003500
0 0.764323 0.591375 0.011979 0.003750
0 0.777865 0.584500 0.010937 0.004000
0 0.783333 0.583000 0.014583 0.003500
0 0.730990 0.586250 0.015104 0.005500
0 0.751823 0.585000 0.018229 0.006000
0 0.629687 0.576750 0.008333 0.004500
0 0.663281 0.684250 0.013021 0.006500
0 0.718229 0.722500 0.011458 0.006500
0 0.693229 0.753500 0.014583 0.006000
0 0.881771 0.665500 0.011458 0.005000
0 0.424479 0.429875 0.009375 0.005250
0 0.692187 0.663250 0.009375 0.005500
0 0.911719 0.696875 0.009896 0.007750
