0 0.156250 0.643000 0.009375 0.006000
0 0.141667 0.627875 0.007292 0.006250
0 0.138021 0.627375 0.005208 0.006250
0 0.144792 0.615750 0.007292 0.007000
0 0.139323 0.614250 0.005729 0.007500
0 0.133073 0.613000 0.006771 0.005000
0 0.127344 0.592750 0.007812 0.007500
0 0.133594 0.591625 0.007812 0.006750
0 0.132812 0.584250 0.009375 0.004000
0 0.132812 0.579750 0.008333 0.004500
0 0.114583 0.582375 0.013542 0.003750
0 0.115625 0.567625 0.009375 0.007250
0 0.109635 0.565000 0.007812 0.005500
0 0.119531 0.557500 0.008854 0.006500
0 0.108073 0.555625 0.007812 0.006750
0 0.109115 0.535625 0.008854 0.007250
0 0.107292 0.529000 0.007292 0.006000
0 0.094792 0.503000 0.012500 0.004000
0 0.096875 0.498375 0.010417 0.005750
0 0.089844 0.487875 0.010937 0.007750
0 0.063281 0.476000 0.008854 0.005500
0 0.067187 0.480875 0.005208 0.005750
0 0.071094 0.480750 0.006771 0.006000
0 0.048958 0.453625 0.010417 0.005750
0 0.083594 0.436000 0.006771 0.005500
0 0.088542 0.436375 0.005208 0.005750
0 0.110156 0.448250 0.004687 0.005500
0 0.104948 0.448125 0.005729 0.007750
0 0.122656 0.447625 0.011979 0.007250
0 0.112240 0.469875 0.009896 0.007250
0 0.165625 0.484375 0.013542 0.006250
0 0.127344 0.506625 0.009896 0.006750
0 0.124740 0.519000 0.007812 0.006000
0 0.130469 0.522250 0.009896 0.004500
0 0.129167 0.527750 0.009375 0.006000
0 0.136719 0.528250 0.010937 0.007000
0 0.142969 0.545375 0.009896 0.004250
0 0.150521 0.545625 0.014583 0.006250
0 0.149219 0.551375 0.016146 0.004250
0 0.141667 0.561250 0.011458 0.007000
0 0.153125 0.560375 0.010417 0.004750
0 0.161198 0.564250 0.008854 0.005500
0 0.166146 0.558375 0.014583 0.006750
0 0.177344 0.587750 0.008854 0.007500
0 0.166667 0.589500 0.010417 0.004500
0 0.158594 0.586875 0.013021 0.003750
0 0.157031 0.593250 0.007812 0.006500
0 0.161458 0.593125 0.007292 0.005750
0 0.169531 0.617250 0.008854 0.006500
0 0.181771 0.613875 0.009375 0.006250
0 0.182292 0.607375 0.012500 0.005250
0 0.200781 0.614750 0.016146 0.006000
0 0.180469 0.643375 0.010937 0.006250
0 0.262760 0.636125 0.011979 0.007250
0 0.278906 0.621625 0.010937 0.003750
0 0.286198 0.617875 0.011979 0.005750
0 0.299740 0.601500 0.011979 0.004500
0 0.306510 0.596250 0.006771 0.007000
0 0.301302 0.596000 0.006771 0.005000
0 0.296875 0.595625 0.008333 0.004250
0 0.300781 0.590875 0.007812 0.005250
0 0.296615 0.590625 0.008854 0.005750
0 0.292708 0.589250 0.007292 0.004000
0 0.319010 0.582125 0.008854 0.003750
0 0.317188 0.580250 0.012500 0.004500
0 0.341406 0.554875 0.017188 0.004250
0 0.332552 0.550250 0.010937 0.008000
0 0.357292 0.542625 0.014583 0.004250
0 0.393490 0.500750 0.013021 0.004500
0 0.389062 0.496750 0.009375 0.004000
0 0.385937 0.495125 0.011458 0.004750
0 0.407031 0.495875 0.013021 0.002750
0 0.406510 0.493375 0.013021 0.002750
0 0.473958 0.424000 0.012500 0.006500
0 0.459635 0.429000 0.010937 0.003500
0 0.454687 0.428250 0.013542 0.005000
0 0.490885 0.415000 0.013021 0.003500
0 0.482292 0.411625 0.010417 0.004750
0 0.491406 0.409625 0.009896 0.003250
0 0.500000 0.411625 0.007292 0.005750
0 0.496875 0.410750 0.007292 0.005000
0 0.514583 0.389750 0.012500 0.004000
0 0.513021 0.387375 0.011458 0.002750
0 0.504948 0.377375 0.015104 0.005750
0 0.604427 0.312250 0.016146 0.004500
0 0.651302 0.309250 0.006771 0.006000
0 0.646615 0.309125 0.006771 0.006250
0 0.587240 0.352125 0.009896 0.006750
0 0.591927 0.351375 0.008854 0.005750
0 0.647917 0.369375 0.008333 0.006750
0 0.652865 0.368875 0.006771 0.005250
0 0.554427 0.379750 0.010937 0.006500
0 0.552604 0.385875 0.012500 0.004250
0 0.605208 0.440375 0.013542 0.004250
0 0.590365 0.445250 0.011979 0.007500
0 0.586198 0.435625 0.010937 0.002750
0 0.584115 0.433375 0.015104 0.002750
0 0.493490 0.442125 0.008854 0.007750
0 0.486979 0.441250 0.006250 0.005500
0 0.472656 0.485875 0.008854 0.004250
0 0.470312 0.484875 0.011458 0.004750
0 0.469271 0.482750 0.010417 0.004000
0 0.423698 0.499750 0.006771 0.006500
0 0.428906 0.502125 0.008854 0.005250
0 0.432292 0.512375 0.012500 0.008250
0 0.428906 0.512750 0.005729 0.005500
0 0.412240 0.524875 0.004687 0.005250
0 0.416927 0.525250 0.005729 0.007000
0 0.422917 0.521000 0.007292 0.006000
0 0.423958 0.524500 0.008333 0.005500
0 0.426823 0.525375 0.007812 0.003750
0 0.437500 0.541375 0.015625 0.004250
0 0.386979 0.539875 0.006250 0.005250
0 0.382292 0.539625 0.008333 0.006750
0 0.388021 0.551625 0.010417 0.004750
0 0.366146 0.557750 0.012500 0.005000
0 0.382552 0.556500 0.006771 0.005500
0 0.389062 0.556000 0.006250 0.006000
0 0.399479 0.557875 0.008333 0.007250
0 0.371094 0.569125 0.009896 0.006750
0 0.362500 0.565625 0.007292 0.007750
0 0.355208 0.566500 0.007292 0.007000
0 0.347917 0.580125 0.006250 0.007750
0 0.356771 0.589750 0.009375 0.007500
0 0.333854 0.590375 0.009375 0.006250
0 0.335417 0.598500 0.007292 0.006500
0 0.337760 0.592625 0.009896 0.006250
0 0.320052 0.610375 0.006771 0.006750
0 0.313802 0.609625 0.005729 0.006250
0 0.319531 0.604750 0.007812 0.005500
0 0.324479 0.601750 0.007292 0.005500
0 0.328125 0.618875 0.007292 0.006750
0 0.322656 0.616750 0.008854 0.007000
0 0.303646 0.627500 0.007292 0.006500
0 0.297135 0.628000 0.005729 0.005500
0 0.294792 0.632750 0.008333 0.004000
0 0.279427 0.653250 0.004687 0.006000
0 0.275000 0.654250 0.005208 0.007000
0 0.243750 0.700375 0.014583 0.004750
0 0.246094 0.693750 0.011979 0.004000
0 0.246094 0.697250 0.014063 0.003500
0 0.405469 0.655375 0.015104 0.005250
0 0.497917 0.622125 0.015625 0.004250
0 0.495312 0.618000 0.010417 0.004000
0 0.521615 0.615875 0.010937 0.005250
0 0.525000 0.614625 0.009375 0.003750
0 0.556510 0.596625 0.009896 0.004250
0 0.554167 0.595250 0.008333 0.004000
0 0.619271 0.580500 0.014583 0.004500
0 0.619792 0.578500 0.013542 0.003500
0 0.642188 0.579875 0.010417 0.004250
0 0.643750 0.578250 0.011458 0.003500
0 0.645573 0.575500 0.015104 0.004500
0 0.650521 0.574375 0.013542 0.004250
0 0.676562 0.557625 0.007292 0.007250
0 0.683073 0.555500 0.013021 0.005000
0 0.751823 0.526375 0.014063 0.006250
0 0.788281 0.536125 0.010937 0.004250
0 0.788802 0.533000 0.013021 0.003000
0 0.833854 0.514250 0.005208 0.005500
0 0.829688 0.514125 0.007292 0.005750
0 0.861458 0.500500 0.016667 0.006500
0 0.862240 0.499625 0.015104 0.005750
0 0.985677 0.442000 0.010937 0.007000
0 0.872135 0.451875 0.008854 0.006250
0 0.903385 0.504125 0.011979 0.005750
0 0.940885 0.533125 0.008854 0.006750
0 0.891927 0.520375 0.010937 0.004750
0 0.816927 0.573500 0.009896 0.005000
0 0.813281 0.572250 0.008854 0.004500
0 0.913802 0.592000 0.013021 0.004500
0 0.915104 0.589375 0.013542 0.003750
0 0.939583 0.574500 0.018750 0.009000
0 0.590885 0.627750 0.013021 0.007500
0 0.526302 0.631250 0.009896 0.007000
0 0.504167 0.636500 0.011458 0.005500
0 0.501302 0.642375 0.014063 0.004750
0 0.517188 0.635000 0.012500 0.005500
0 0.481771 0.650750 0.013542 0.005500
0 0.479167 0.648250 0.009375 0.004000
0 0.440625 0.655125 0.011458 0.005250
0 0.467708 0.648625 0.011458 0.002750
0 0.467187 0.646375 0.012500 0.002750
0 0.424219 0.669875 0.014063 0.004250
0 0.444271 0.664750 0.008333 0.006500
0 0.440625 0.660875 0.011458 0.004250
0 0.435417 0.664250 0.009375 0.006000
0 0.398698 0.671125 0.005729 0.008250
0 0.246094 0.725375 0.013021 0.006750
0 0.405469 0.671625 0.007812 0.007250
0 0.269531 0.716375 0.016146 0.004250
0 0.273698 0.720500 0.011979 0.003500
0 0.268490 0.722625 0.014063 0.004750
0 0.265625 0.724500 0.013542 0.004000
0 0.346615 0.722750 0.011979 0.005000
0 0.343750 0.716375 0.014583 0.006250
0 0.395313 0.723250 0.014583 0.006000
0 0.396875 0.718750 0.013542 0.003000
0 0.394792 0.716125 0.015625 0.002250
0 0.452083 0.718250 0.012500 0.004500
0 0.449740 0.716500 0.008854 0.003500
0 0.478385 0.714250 0.007812 0.006500
0 0.483333 0.713375 0.007292 0.005250
0 0.502083 0.722000 0.010417 0.007000
0 0.611458 0.691125 0.015625 0.007250
0 0.580729 0.721750 0.013542 0.004500
0 0.582031 0.716625 0.010937 0.003750
0 0.583854 0.718000 0.008333 0.003500
0 0.598437 0.720125 0.015625 0.006250
0 0.682813 0.717000 0.014583 0.005000
0 0.679948 0.687000 0.008854 0.007000
0 0.730729 0.722625 0.010417 0.007250
0 0.708594 0.691875 0.009896 0.006750
0 0.721094 0.722250 0.011979 0.006000
0 0.551042 0.748500 0.013542 0.005500
0 0.511719 0.763375 0.015104 0.004250
0 0.254167 0.742000 0.010417 0.008000
0 0.288021 0.738625 0.016667 0.006750
0 0.280469 0.751375 0.014063 0.003750
0 0.281250 0.754375 0.014583 0.002750
0 0.337500 0.773625 0.015625 0.005750
0 0.391927 0.793875 0.011979 0.005750
0 0.504687 0.833875 0.012500 0.007250
0 0.240365 0.765875 0.015104 0.006750
0 0.272396 0.829875 0.010417 0.007750
0 0.309896 0.824750 0.009375 0.006500
0 0.310156 0.830250 0.013021 0.005500
0 0.410938 0.883875 0.009375 0.003750
0 0.402604 0.883625 0.010417 0.006750
0 0.365104 0.873250 0.011458 0.005000
0 0.366927 0.875500 0.010937 0.004500
0 0.427604 0.897500 0.008333 0.005500
0 0.436719 0.897750 0.008854 0.006500
0 0.435677 0.904125 0.011979 0.006750
0 0.457292 0.899500 0.009375 0.008000
0 0.441667 0.962625 0.011458 0.005250
0 0.432552 0.961250 0.007812 0.007000
0 0.492708 0.991750 0.013542 0.006000
0 0.492188 0.988250 0.013542 0.003000
0 0.390365 0.926625 0.013021 0.007750
0 0.159896 0.858125 0.006250 0.007750
0 0.158073 0.867000 0.013021 0.004000
0 0.150260 0.883625 0.006771 0.007750
0 0.155469 0.877125 0.011979 0.004250
0 0.167969 0.902625 0.015104 0.004750
0 0.150521 0.898250 0.010417 0.006000
0 0.112240 0.869875 0.010937 0.005750
0 0.116927 0.869250 0.009896 0.005500
0 0.139583 0.917875 0.010417 0.007250
0 0.147135 0.934250 0.007812 0.007500
0 0.140104 0.933375 0.011458 0.007250
0 0.144271 0.940125 0.010417 0.005750
0 0.123177 0.938750 0.007812 0.007500
0 0.127865 0.939750 0.005729 0.007000
0 0.118750 0.946750 0.007292 0.007000
0 0.130208 0.949375 0.008333 0.007250
0 0.116406 0.961750 0.016146 0.003500
0 0.111458 0.966500 0.010417 0.007000
0 0.121094 0.966875 0.008854 0.007250
0 0.103646 0.992625 0.008333 0.008250
0 0.082812 0.986750 0.006250 0.006500
0 0.088802 0.986375 0.007812 0.007250
0 0.164323 0.878750 0.009896 0.005000
0 0.508073 0.856625 0.017188 0.006250
0 0.533073 0.877000 0.013021 0.003000
0 0.621875 0.881750 0.010417 0.008500
0 0.573438 0.832750 0.011458 0.008000
0 0.763021 0.381250 0.010417 0.008000
0 0.685417 0.967375 0.014583 0.005250
0 0.688021 0.934875 0.012500 0.007250
0 0.665365 0.931750 0.017188 0.005500
0 0.619271 0.927625 0.019792 0.008250
0 0.617969 0.926500 0.015104 0.008500
0 0.595052 0.907250 0.017188 0.004500
0 0.536198 0.873500 0.014063 0.006000
0 0.535156 0.873500 0.015104 0.005000
0 0.397396 0.736500 0.012500 0.004500
0 0.479427 0.734750 0.008854 0.004500
0 0.531771 0.717125 0.009375 0.006250
0 0.822396 0.726500 0.009375 0.005500
0 0.929948 0.726625 0.011979 0.007750
0 0.714844 0.743625 0.019271 0.008250
0 0.714844 0.743750 0.015104 0.006500
0 0.890104 0.692500 0.008333 0.006500
0 0.730469 0.735625 0.016146 0.007250
0 0.730469 0.734750 0.011979 0.008000
