0 0.188000 0.546875 0.009000 0.007292
0 0.198000 0.558073 0.005500 0.019271
0 0.201250 0.595573 0.010000 0.008854
0 0.269500 0.785677 0.006500 0.013021
0 0.300375 0.669271 0.005250 0.017708
0 0.421750 0.786979 0.008500 0.019792
0 0.368625 0.630990 0.004750 0.019271
0 0.375250 0.631771 0.008000 0.010417
0 0.358625 0.589323 0.007250 0.019271
0 0.368500 0.573698 0.009500 0.010937
0 0.327375 0.580208 0.005250 0.021875
0 0.319875 0.572656 0.007750 0.015104
0 0.337375 0.583333 0.007750 0.012500
0 0.340125 0.577344 0.009250 0.011979
0 0.337125 0.555990 0.006250 0.018229
0 0.342250 0.547135 0.005500 0.019271
0 0.350750 0.549740 0.006500 0.018229
0 0.359250 0.553125 0.008000 0.012500
0 0.364125 0.531250 0.005750 0.016667
0 0.328625 0.508594 0.009250 0.010937
0 0.364875 0.508854 0.006750 0.017708
0 0.361500 0.491146 0.006000 0.017708
0 0.354250 0.456250 0.007500 0.021875
0 0.331875 0.426563 0.008750 0.013542
0 0.306625 0.413542 0.008250 0.014583
0 0.315625 0.419531 0.009750 0.019271
0 0.325000 0.381771 0.005000 0.019792
0 0.300125 0.384375 0.005250 0.016667
0 0.306750 0.384635 0.006000 0.015104
0 0.318875 0.348438 0.004750 0.020833
0 0.304750 0.331771 0.007500 0.016667
0 0.315875 0.301823 0.007250 0.017188
0 0.236500 0.274219 0.008500 0.014063
0 0.238375 0.262240 0.009750 0.015104
0 0.235125 0.243750 0.010250 0.011458
0 0.221500 0.213021 0.010500 0.011458
0 0.257500 0.141146 0.006500 0.011458
0 0.269125 0.090885 0.006750 0.014063
0 0.292625 0.204427 0.005750 0.018229
0 0.301125 0.235677 0.005750 0.010937
0 0.296375 0.215885 0.006250 0.016146
0 0.275250 0.273958 0.011500 0.013542
0 0.285000 0.289844 0.007500 0.018229
0 0.269500 0.321354 0.009500 0.016667
0 0.274625 0.310937 0.007250 0.013542
0 0.232500 0.293490 0.006500 0.015104
0 0.234125 0.286979 0.009750 0.015625
0 0.330375 0.368750 0.005250 0.008333
0 0.329625 0.361719 0.006250 0.006771
0 0.323000 0.335677 0.006000 0.015104
0 0.330500 0.349479 0.007500 0.018750
0 0.350000 0.423958 0.005500 0.013542
0 0.340250 0.403906 0.006000 0.014063
0 0.377750 0.566667 0.004500 0.012500
0 0.374250 0.557031 0.004500 0.008854
0 0.373375 0.550000 0.004750 0.007292
0 0.299750 0.248438 0.004000 0.008333
0 0.309375 0.273958 0.004750 0.012500
0 0.450875 0.702604 0.007250 0.018750
0 0.453625 0.621094 0.003250 0.015104
0 0.450125 0.620833 0.003750 0.017708
0 0.465625 0.568229 0.005250 0.018750
0 0.480500 0.520573 0.007500 0.017188
0 0.460000 0.492708 0.006500 0.015625
0 0.464500 0.454427 0.006000 0.009896
0 0.436750 0.394531 0.004500 0.019271
0 0.425125 0.396354 0.003250 0.019792
0 0.422125 0.395313 0.002750 0.015625
0 0.440125 0.406771 0.004750 0.015625
0 0.442500 0.404948 0.004000 0.015104
0 0.444750 0.351823 0.010500 0.013021
0 0.436750 0.367188 0.005000 0.013542
0 0.435000 0.362760 0.006000 0.014063
0 0.421375 0.332031 0.004750 0.014063
0 0.424625 0.329948 0.004250 0.018229
0 0.431500 0.326302 0.004500 0.016146
0 0.435750 0.326302 0.003000 0.017188
0 0.437125 0.315104 0.003750 0.017708
0 0.431500 0.297656 0.005500 0.016146
0 0.432250 0.288542 0.002500 0.014583
0 0.435500 0.287240 0.004000 0.020313
0 0.415375 0.167187 0.008250 0.010417
0 0.430125 0.145052 0.006250 0.013021
0 0.435625 0.108073 0.004250 0.017188
0 0.440375 0.111458 0.005250 0.016667
0 0.471875 0.124219 0.005750 0.013021
0 0.469625 0.150260 0.004750 0.010937
0 0.469625 0.162500 0.005250 0.015625
0 0.465125 0.168229 0.005750 0.009375
0 0.442500 0.130469 0.007500 0.026562
0 0.418125 0.050521 0.008250 0.012500
0 0.434875 0.030729 0.007750 0.008333
0 0.436250 0.039844 0.005000 0.011979
0 0.406875 0.014844 0.008250 0.014063
0 0.469875 0.054167 0.005250 0.018750
0 0.462375 0.189844 0.004250 0.017188
0 0.464625 0.186979 0.004750 0.015625
0 0.467875 0.187240 0.006750 0.016146
0 0.462875 0.249740 0.007250 0.010937
0 0.369375 0.035677 0.006750 0.025521
0 0.552250 0.543490 0.008000 0.014063
0 0.528250 0.470833 0.006500 0.020833
0 0.552625 0.448437 0.008750 0.017708
0 0.521000 0.391406 0.008500 0.015104
0 0.552375 0.395573 0.006250 0.016146
0 0.571750 0.264062 0.007500 0.011458
0 0.586125 0.252344 0.006250 0.013021
0 0.589625 0.192708 0.005750 0.017708
0 0.592375 0.153646 0.006250 0.014583
0 0.599125 0.173698 0.004250 0.013021
0 0.576750 0.170052 0.006500 0.009896
0 0.577125 0.163021 0.007250 0.008333
0 0.627375 0.608854 0.004750 0.012500
0 0.630125 0.569531 0.006750 0.011979
0 0.621500 0.539844 0.008500 0.009896
0 0.628125 0.554948 0.003250 0.014063
0 0.630625 0.554427 0.004250 0.017188
0 0.681625 0.471094 0.005750 0.020313
0 0.665000 0.507031 0.006000 0.009896
0 0.664500 0.502083 0.005500 0.008333
0 0.715625 0.424479 0.009750 0.015625
0 0.650375 0.866927 0.003250 0.007812
0 0.766000 0.883594 0.007500 0.010937
0 0.633000 0.125521 0.013000 0.037500
0 0.214125 0.469531 0.009250 0.009896
0 0.220625 0.456250 0.008250 0.009375
0 0.213250 0.452604 0.006500 0.011458
0 0.453750 0.834635 0.024500 0.032813
