0 0.357500 0.259896 0.010000 0.034375
0 0.342000 0.337240 0.016500 0.025521
0 0.343375 0.363542 0.017250 0.029167
0 0.344250 0.390625 0.019000 0.041667
0 0.486375 0.401042 0.023250 0.034375
0 0.394250 0.604427 0.014500 0.026562
0 0.391750 0.604688 0.016000 0.043750
0 0.414500 0.608073 0.016000 0.036979
0 0.416500 0.617969 0.024500 0.038021
0 0.325750 0.697917 0.010000 0.029167
0 0.325875 0.434115 0.015750 0.040104
0 0.316625 0.505729 0.012750 0.031250
0 0.291625 0.566146 0.021750 0.029167
0 0.304125 0.727865 0.013250 0.026562
0 0.303875 0.810677 0.012750 0.034896
0 0.330000 0.835156 0.018500 0.036979
0 0.337750 0.838542 0.016000 0.032292
0 0.382250 0.878125 0.015000 0.041667
0 0.382000 0.865104 0.014500 0.062500
