0 0.072135 0.558750 0.010937 0.006000
0 0.100000 0.560625 0.013542 0.005750
0 0.085677 0.550250 0.007812 0.005000
0 0.192708 0.577750 0.013542 0.004500
0 0.189844 0.586750 0.013021 0.006500
0 0.165104 0.598750 0.013542 0.004000
0 0.137760 0.592125 0.007812 0.005750
0 0.256510 0.590125 0.013021 0.004750
0 0.182552 0.569750 0.011979 0.004500
0 0.201302 0.573250 0.011979 0.003000
0 0.247135 0.580500 0.010937 0.003000
0 0.277344 0.585625 0.007812 0.002750
0 0.294271 0.587625 0.007292 0.003250
0 0.300781 0.589250 0.008854 0.003500
0 0.364583 0.552000 0.010417 0.006500
0 0.348958 0.535375 0.012500 0.003750
0 0.293490 0.530500 0.009896 0.004000
0 0.320573 0.536500 0.009896 0.003000
0 0.321094 0.538875 0.011979 0.004750
0 0.298438 0.510000 0.010417 0.005500
0 0.280469 0.501125 0.011979 0.004750
0 0.277083 0.498000 0.009375 0.003000
0 0.254948 0.471500 0.013021 0.005500
0 0.234635 0.472875 0.010937 0.007250
0 0.212760 0.467125 0.008854 0.005250
0 0.264062 0.456125 0.014583 0.003750
0 0.318490 0.470500 0.010937 0.003500
0 0.319792 0.473500 0.009375 0.003500
0 0.264583 0.440250 0.013542 0.004500
0 0.245052 0.439750 0.011979 0.004500
0 0.247135 0.438375 0.010937 0.003750
0 0.212240 0.424500 0.007812 0.006500
0 0.175000 0.415125 0.009375 0.005250
0 0.245312 0.416500 0.011458 0.006500
0 0.217969 0.415000 0.009896 0.004000
0 0.200260 0.415625 0.006771 0.004750
0 0.203646 0.416500 0.009375 0.004500
0 0.209375 0.408625 0.010417 0.004250
0 0.216927 0.405750 0.010937 0.006000
0 0.227083 0.409000 0.011458 0.003500
0 0.220833 0.413250 0.012500 0.005000
0 0.220052 0.410750 0.011979 0.004500
0 0.204687 0.400375 0.007292 0.006250
0 0.203646 0.396125 0.010417 0.003250
0 0.211458 0.391875 0.011458 0.003250
0 0.192708 0.390250 0.012500 0.005000
0 0.163802 0.383250 0.008854 0.006000
0 0.145313 0.365375 0.010417 0.006750
0 0.167448 0.363500 0.009896 0.006500
0 0.172396 0.361250 0.012500 0.004500
0 0.133594 0.379875 0.007812 0.005250
0 0.130469 0.376375 0.010937 0.003750
0 0.129427 0.373375 0.008854 0.004750
0 0.090885 0.357125 0.010937 0.005750
0 0.134896 0.352000 0.008333 0.006000
0 0.146094 0.343500 0.006771 0.007000
0 0.226562 0.361375 0.008333 0.003750
0 0.225521 0.359375 0.010417 0.004750
0 0.209115 0.352125 0.013021 0.004250
0 0.210938 0.350375 0.010417 0.003250
0 0.098437 0.341250 0.012500 0.007000
0 0.150260 0.317500 0.015104 0.006500
0 0.113021 0.303625 0.011458 0.006250
0 0.117708 0.300375 0.009375 0.002750
0 0.120313 0.303500 0.010417 0.004500
0 0.117448 0.285125 0.009896 0.005750
0 0.089844 0.278125 0.009896 0.005250
0 0.101562 0.272625 0.008333 0.006750
0 0.146875 0.440875 0.007292 0.003250
0 0.442188 0.558625 0.008333 0.005750
0 0.487760 0.538875 0.007812 0.003250
0 0.488802 0.536875 0.008854 0.003750
0 0.515885 0.490250 0.008854 0.005500
0 0.458594 0.481625 0.014063 0.004750
0 0.479167 0.477375 0.013542 0.005250
0 0.469010 0.458625 0.014063 0.003250
0 0.481771 0.422750 0.013542 0.004000
0 0.519010 0.431375 0.013021 0.004750
0 0.521094 0.426500 0.010937 0.004000
0 0.477604 0.401000 0.013542 0.003500
0 0.561979 0.389625 0.010417 0.005250
0 0.590625 0.373250 0.011458 0.003500
0 0.536458 0.374125 0.011458 0.005750
0 0.552604 0.374000 0.010417 0.005500
0 0.568490 0.372875 0.006771 0.005750
0 0.618490 0.373750 0.008854 0.004000
0 0.620833 0.372000 0.007292 0.003000
0 0.583854 0.350875 0.010417 0.005250
0 0.551302 0.360000 0.014063 0.004500
0 0.533073 0.345875 0.010937 0.004250
0 0.497396 0.367875 0.011458 0.003750
0 0.530208 0.363500 0.009375 0.003500
0 0.528906 0.361375 0.010937 0.004750
0 0.591667 0.344875 0.010417 0.004250
0 0.594010 0.343125 0.007812 0.003250
0 0.630729 0.338625 0.007292 0.007750
0 0.594010 0.330500 0.008854 0.005500
0 0.598698 0.328000 0.009896 0.006000
0 0.599219 0.323375 0.008854 0.005250
0 0.619792 0.314750 0.009375 0.006500
0 0.628385 0.313250 0.009896 0.005500
0 0.545573 0.328500 0.010937 0.004000
0 0.529167 0.324125 0.011458 0.004750
0 0.504427 0.326000 0.009896 0.006000
0 0.541146 0.325625 0.011458 0.004250
0 0.552865 0.299375 0.007812 0.005750
0 0.660417 0.303750 0.010417 0.005000
0 0.623177 0.296500 0.008854 0.005500
0 0.664062 0.292250 0.007292 0.005000
0 0.584896 0.286500 0.012500 0.005000
0 0.572135 0.278250 0.007812 0.004000
0 0.573958 0.279625 0.011458 0.003750
0 0.600521 0.273000 0.010417 0.007000
0 0.570573 0.262625 0.013021 0.003750
0 0.620313 0.258125 0.011458 0.004250
0 0.622396 0.252500 0.008333 0.006000
0 0.655208 0.241125 0.009375 0.007750
0 0.636719 0.231000 0.013021 0.003500
0 0.657031 0.210625 0.009896 0.006750
0 0.698177 0.190500 0.006771 0.005500
0 0.690885 0.188625 0.008854 0.006250
0 0.635938 0.193875 0.009375 0.003250
0 0.638542 0.197250 0.010417 0.003000
0 0.637760 0.195625 0.010937 0.004250
0 0.678646 0.162250 0.012500 0.004500
0 0.676302 0.339250 0.006771 0.003500
0 0.597656 0.294000 0.007812 0.004000
0 0.601562 0.296000 0.009375 0.005000
0 0.476302 0.592375 0.010937 0.004750
0 0.490625 0.604875 0.007292 0.004250
0 0.487500 0.609500 0.011458 0.005500
0 0.539323 0.578500 0.006771 0.007000
0 0.574740 0.588000 0.008854 0.006000
0 0.555469 0.586000 0.014063 0.005000
0 0.582031 0.577500 0.004687 0.004500
0 0.577604 0.577375 0.005208 0.005250
0 0.575260 0.570875 0.005729 0.004750
0 0.592187 0.563375 0.009375 0.003750
0 0.643490 0.559750 0.010937 0.006500
0 0.632812 0.561500 0.009375 0.005500
0 0.678906 0.538375 0.010937 0.005250
0 0.663802 0.525000 0.009896 0.006000
0 0.688021 0.527500 0.011458 0.005500
0 0.704688 0.503000 0.011458 0.004000
0 0.761719 0.554125 0.007812 0.005750
0 0.763542 0.533000 0.007292 0.007000
0 0.766406 0.541125 0.008854 0.005250
0 0.768490 0.543250 0.006771 0.004500
0 0.782552 0.517750 0.008854 0.006500
0 0.799219 0.522375 0.011979 0.004250
0 0.801302 0.517875 0.011979 0.004750
0 0.796094 0.514375 0.007812 0.004250
0 0.794010 0.512625 0.010937 0.003750
0 0.812240 0.531750 0.004687 0.005000
0 0.807552 0.531875 0.006771 0.007250
0 0.863021 0.518250 0.007292 0.004500
0 0.860417 0.516625 0.009375 0.005750
0 0.855990 0.484750 0.014063 0.003500
0 0.870052 0.479375 0.015104 0.003750
0 0.840104 0.475875 0.011458 0.005250
0 0.854427 0.458500 0.010937 0.006000
0 0.509375 0.642875 0.009375 0.007250
0 0.522135 0.633125 0.007812 0.005750
0 0.531771 0.647625 0.011458 0.005250
0 0.530990 0.652000 0.009896 0.005000
0 0.540365 0.632750 0.004687 0.004500
0 0.545312 0.633125 0.005208 0.003750
0 0.564583 0.632250 0.009375 0.004000
0 0.589583 0.662500 0.011458 0.005000
0 0.618229 0.663375 0.008333 0.006750
0 0.599479 0.655750 0.013542 0.003500
0 0.601562 0.659250 0.009375 0.004000
0 0.611198 0.656750 0.013021 0.004000
0 0.625781 0.681375 0.006771 0.007250
0 0.601823 0.679125 0.010937 0.004750
0 0.636458 0.681625 0.006250 0.004750
0 0.635938 0.686375 0.009375 0.005750
0 0.658333 0.705875 0.011458 0.004750
0 0.684635 0.701375 0.010937 0.006750
0 0.688021 0.677125 0.010417 0.006750
0 0.713542 0.686750 0.013542 0.004000
0 0.687240 0.660125 0.009896 0.005750
0 0.711719 0.664750 0.011979 0.005500
0 0.717448 0.673125 0.007812 0.005750
0 0.723437 0.671750 0.007292 0.006000
0 0.763281 0.699000 0.011979 0.007000
0 0.765885 0.707625 0.011979 0.003750
0 0.763281 0.711625 0.007812 0.005250
0 0.754948 0.710125 0.008854 0.006750
0 0.798177 0.692750 0.013021 0.006500
0 0.876563 0.734250 0.008333 0.007000
0 0.907031 0.844625 0.011979 0.004750
0 0.858333 0.992375 0.009375 0.006750
