0 0.204000 0.407292 0.006000 0.018750
0 0.222250 0.351042 0.007000 0.025000
0 0.229000 0.358073 0.008000 0.020313
0 0.245875 0.479687 0.009750 0.019792
0 0.256875 0.476562 0.008250 0.021875
0 0.249000 0.527604 0.007000 0.022917
0 0.254375 0.544531 0.009250 0.030729
0 0.257625 0.531771 0.007750 0.017708
0 0.284500 0.529167 0.009000 0.025000
0 0.283625 0.556510 0.009750 0.026562
0 0.289000 0.549740 0.006000 0.021354
0 0.299250 0.525260 0.011000 0.019271
0 0.287125 0.493229 0.008750 0.019792
0 0.273125 0.445833 0.008750 0.022917
0 0.282625 0.454427 0.010250 0.019271
0 0.290750 0.471354 0.007500 0.018750
0 0.295750 0.468229 0.008500 0.016667
0 0.302250 0.443229 0.007500 0.021875
0 0.308000 0.433073 0.006000 0.024479
0 0.286750 0.554167 0.014000 0.027083
0 0.284500 0.529167 0.008000 0.018750
0 0.299375 0.523438 0.012750 0.019792
0 0.285625 0.490885 0.006250 0.016146
0 0.290375 0.470052 0.006750 0.020313
0 0.296375 0.461458 0.005250 0.022917
0 0.274125 0.441667 0.007250 0.020833
0 0.282375 0.454687 0.010750 0.022917
0 0.301125 0.440885 0.009250 0.024479
0 0.305875 0.433594 0.006250 0.018229
0 0.299875 0.416927 0.010250 0.022396
0 0.289250 0.397396 0.010500 0.021875
0 0.299750 0.390365 0.009500 0.019271
0 0.317625 0.574479 0.005750 0.017708
0 0.274250 0.973958 0.009500 0.018750
0 0.294750 0.916927 0.009500 0.026562
0 0.301375 0.938021 0.008750 0.023958
0 0.304625 0.921615 0.009750 0.018229
0 0.311250 0.924479 0.007500 0.019792
0 0.317125 0.895312 0.008750 0.025000
0 0.322375 0.966667 0.011250 0.016667
0 0.330375 0.982552 0.009250 0.020313
0 0.349125 0.989062 0.008750 0.016667
0 0.337125 0.955729 0.007250 0.017708
0 0.331375 0.901042 0.007250 0.014583
0 0.372250 0.894010 0.011000 0.022396
0 0.390000 0.957031 0.012000 0.019271
0 0.409250 0.970052 0.011500 0.017188
0 0.409375 0.894010 0.006750 0.018229
0 0.477375 0.833333 0.013250 0.018750
0 0.445125 0.700781 0.009250 0.022396
0 0.450750 0.682292 0.008000 0.016667
0 0.374500 0.655990 0.009000 0.020313
0 0.397125 0.621094 0.007250 0.015104
0 0.407625 0.626042 0.007750 0.022917
0 0.409125 0.592187 0.008750 0.019792
0 0.336375 0.599479 0.015250 0.023958
0 0.482375 0.746094 0.009250 0.015104
0 0.527500 0.692708 0.011000 0.018750
0 0.520250 0.673698 0.010500 0.023438
0 0.525875 0.671875 0.005750 0.018750
0 0.513875 0.647917 0.008250 0.018750
0 0.503500 0.608854 0.008000 0.015625
0 0.496750 0.594271 0.010000 0.022917
0 0.504625 0.581771 0.010250 0.019792
0 0.512625 0.594792 0.008250 0.018750
0 0.483000 0.549740 0.009000 0.024479
0 0.499875 0.523438 0.008250 0.021875
0 0.473500 0.510677 0.008000 0.019271
0 0.478000 0.525781 0.012000 0.030729
0 0.442750 0.405729 0.007500 0.025000
0 0.419000 0.355469 0.009000 0.013021
0 0.397000 0.321875 0.009000 0.027083
0 0.409125 0.319271 0.007250 0.017708
0 0.419250 0.290104 0.011500 0.028125
0 0.420500 0.300781 0.007000 0.018229
0 0.458500 0.253906 0.011000 0.017188
0 0.409375 0.250521 0.009250 0.021875
0 0.400250 0.177604 0.008500 0.022917
0 0.426000 0.177865 0.009000 0.026562
0 0.373375 0.153385 0.009250 0.021354
0 0.387250 0.259375 0.008500 0.025000
0 0.561750 0.708073 0.006500 0.017188
0 0.562750 0.696875 0.006000 0.016667
0 0.575500 0.696094 0.005000 0.022396
0 0.580250 0.688542 0.004500 0.018750
0 0.610625 0.707292 0.009750 0.018750
0 0.613875 0.721094 0.004250 0.014063
0 0.644250 0.676823 0.009000 0.024479
0 0.660875 0.664062 0.007750 0.017708
0 0.664125 0.651302 0.008750 0.021354
0 0.676875 0.645833 0.009750 0.014583
0 0.683000 0.632552 0.007000 0.011979
0 0.598250 0.779427 0.006500 0.018229
0 0.608750 0.788802 0.007500 0.016146
0 0.622750 0.919792 0.010500 0.018750
0 0.628375 0.870573 0.010750 0.028646
0 0.633375 0.883854 0.010750 0.022917
0 0.633625 0.856771 0.009750 0.028125
0 0.641125 0.876823 0.010750 0.025521
0 0.645625 0.885417 0.007750 0.018750
0 0.648000 0.915625 0.008000 0.014583
0 0.656875 0.916927 0.006250 0.015104
0 0.663750 0.930208 0.010000 0.025000
0 0.672000 0.943490 0.013000 0.024479
0 0.670500 0.963542 0.013000 0.020833
0 0.677500 0.924740 0.006000 0.021354
0 0.671000 0.931510 0.006000 0.023438
0 0.664875 0.889323 0.007750 0.021354
0 0.677750 0.899740 0.008500 0.017188
0 0.684500 0.907031 0.006000 0.019271
0 0.695000 0.914062 0.012000 0.023958
0 0.696250 0.928906 0.006500 0.017188
0 0.703000 0.934115 0.010000 0.023438
0 0.697875 0.953906 0.009750 0.017188
0 0.652125 0.990104 0.009250 0.015625
0 0.703000 0.975781 0.010000 0.015104
0 0.709375 0.971094 0.007250 0.019271
0 0.733375 0.969271 0.008750 0.017708
0 0.742250 0.976562 0.009000 0.020833
0 0.755750 0.985156 0.006500 0.017188
0 0.734250 0.990365 0.007000 0.015104
0 0.742125 0.992448 0.004750 0.014063
0 0.748375 0.991667 0.006750 0.014583
0 0.727375 0.992448 0.005750 0.014063
0 0.626250 0.790885 0.008500 0.016146
0 0.636250 0.799740 0.007500 0.021354
0 0.637250 0.790885 0.007500 0.017188
0 0.644625 0.792188 0.009750 0.027083
0 0.649125 0.792708 0.009250 0.022917
0 0.651625 0.793750 0.008250 0.022917
0 0.655250 0.784375 0.010500 0.020833
0 0.659750 0.791146 0.008000 0.028125
0 0.657125 0.767708 0.009250 0.020833
0 0.671750 0.792448 0.011500 0.022396
0 0.678750 0.801562 0.012000 0.023958
0 0.683375 0.769531 0.008750 0.026562
0 0.703125 0.805469 0.014750 0.025521
0 0.709750 0.814844 0.010500 0.019271
0 0.722000 0.813021 0.006000 0.013542
0 0.736500 0.821354 0.010000 0.018750
0 0.722750 0.799219 0.010000 0.017188
0 0.725250 0.785937 0.012500 0.018750
0 0.735000 0.771875 0.011000 0.027083
0 0.752375 0.772917 0.010750 0.025000
0 0.766500 0.775260 0.007000 0.019271
0 0.769750 0.828385 0.010500 0.020313
0 0.777500 0.743750 0.009000 0.014583
0 0.783125 0.758333 0.009250 0.020833
0 0.802375 0.823177 0.004750 0.022396
0 0.807625 0.817187 0.010250 0.018750
0 0.829000 0.849219 0.011000 0.016146
0 0.866875 0.838281 0.009750 0.019271
0 0.908000 0.806771 0.009000 0.019792
0 0.850500 0.796354 0.012000 0.017708
0 0.831875 0.810677 0.010250 0.015104
0 0.826750 0.803906 0.009500 0.017188
0 0.830750 0.798698 0.006500 0.019271
0 0.825625 0.775521 0.006250 0.015625
0 0.826000 0.753906 0.011000 0.025521
0 0.836750 0.742188 0.008500 0.015625
0 0.833750 0.762240 0.010000 0.016146
0 0.836250 0.772135 0.007000 0.017188
0 0.780625 0.506250 0.007750 0.022917
0 0.804875 0.520052 0.009750 0.016146
0 0.826375 0.484896 0.006750 0.017708
0 0.793375 0.489583 0.009250 0.020833
0 0.804750 0.477604 0.010000 0.022917
0 0.796500 0.446094 0.009000 0.018229
0 0.748125 0.436198 0.005250 0.023438
0 0.815625 0.454948 0.009750 0.019271
0 0.828125 0.440365 0.008750 0.022396
0 0.808000 0.421354 0.010000 0.018750
0 0.828625 0.392188 0.005750 0.018750
0 0.832500 0.380469 0.008000 0.017188
0 0.843125 0.404948 0.009250 0.015104
0 0.860375 0.390365 0.007250 0.018229
0 0.890375 0.320573 0.007250 0.024479
0 0.900500 0.239062 0.009000 0.023958
0 0.899625 0.378646 0.009750 0.017708
0 0.762750 0.364063 0.011500 0.016667
0 0.621875 0.049479 0.007750 0.020833
0 0.570875 0.056250 0.006250 0.020833
0 0.578000 0.120313 0.006000 0.017708
0 0.570250 0.135156 0.009500 0.025521
0 0.598750 0.246875 0.006500 0.025000
0 0.579000 0.258073 0.006000 0.020313
0 0.560375 0.279427 0.008750 0.018229
0 0.565125 0.234375 0.008750 0.022917
0 0.639500 0.114062 0.010000 0.026042
0 0.641750 0.121354 0.008500 0.022917
0 0.675625 0.126562 0.014250 0.025000
0 0.691000 0.091927 0.008000 0.018229
0 0.676500 0.183073 0.006000 0.020313
0 0.662750 0.198437 0.007500 0.019792
0 0.665625 0.204948 0.008250 0.014063
0 0.625750 0.272656 0.008500 0.016146
0 0.622250 0.286979 0.009000 0.021875
0 0.629125 0.319792 0.013250 0.022917
0 0.623875 0.332552 0.008250 0.017188
0 0.634000 0.352604 0.007000 0.019792
0 0.638125 0.348177 0.008750 0.019271
0 0.611500 0.339062 0.007000 0.021875
0 0.614125 0.344010 0.007250 0.019271
0 0.624500 0.350521 0.011000 0.018750
0 0.617750 0.356771 0.008500 0.021875
0 0.621375 0.399740 0.008750 0.024479
0 0.612000 0.435156 0.008000 0.024479
0 0.607250 0.441406 0.007000 0.020313
0 0.603250 0.450260 0.009000 0.018229
0 0.623000 0.465104 0.009000 0.026042
0 0.570000 0.437760 0.010000 0.022396
0 0.573625 0.448437 0.007750 0.021875
0 0.569250 0.464062 0.007500 0.021875
0 0.578375 0.468750 0.006750 0.018750
0 0.588250 0.474479 0.011500 0.023958
0 0.589250 0.494271 0.007000 0.021875
0 0.592750 0.575000 0.011500 0.025000
0 0.590750 0.617969 0.011500 0.020313
0 0.587625 0.630469 0.008250 0.017188
0 0.590625 0.640365 0.004250 0.018229
0 0.595750 0.634375 0.007500 0.020833
0 0.572000 0.645573 0.010000 0.021354
