0 0.447750 0.092708 0.008000 0.016667
0 0.447125 0.092708 0.007750 0.013542
0 0.501500 0.158073 0.005000 0.008854
0 0.516000 0.228906 0.004000 0.007812
0 0.518875 0.226823 0.003250 0.009896
0 0.530500 0.238281 0.004500 0.006771
0 0.537625 0.263542 0.004250 0.010417
0 0.543750 0.272396 0.004500 0.006250
0 0.543500 0.278385 0.002500 0.009896
0 0.546500 0.282031 0.004000 0.006771
0 0.553500 0.296615 0.003500 0.011979
0 0.563625 0.318490 0.002250 0.010937
0 0.546000 0.289583 0.004000 0.011458
0 0.531125 0.278906 0.005750 0.007812
0 0.520500 0.269531 0.005500 0.007812
0 0.522750 0.255208 0.004500 0.006250
0 0.521500 0.259896 0.003000 0.007292
0 0.523500 0.259896 0.003000 0.007292
0 0.513875 0.256771 0.002250 0.008333
0 0.515625 0.256250 0.002250 0.011458
0 0.492250 0.209635 0.002500 0.008854
0 0.494000 0.207812 0.003500 0.010417
0 0.489375 0.195573 0.003250 0.006771
0 0.490250 0.193229 0.004500 0.007292
0 0.531375 0.385937 0.002250 0.009375
0 0.528500 0.386979 0.004000 0.005208
0 0.490125 0.405729 0.004250 0.008333
0 0.394625 0.451562 0.002250 0.007292
0 0.392875 0.448958 0.002750 0.006250
0 0.383625 0.401302 0.003750 0.007812
0 0.382875 0.399479 0.003250 0.005208
0 0.328375 0.469010 0.004250 0.009896
0 0.307750 0.499219 0.004000 0.007812
0 0.362750 0.513542 0.004500 0.007292
0 0.362375 0.507292 0.004250 0.006250
0 0.379125 0.481771 0.002250 0.010417
0 0.387250 0.481510 0.005000 0.005729
0 0.394000 0.483073 0.003500 0.006771
0 0.386125 0.504427 0.004250 0.006771
0 0.385500 0.501823 0.004000 0.005729
0 0.395625 0.474219 0.003250 0.007812
0 0.394375 0.472396 0.003250 0.005208
0 0.453375 0.441406 0.004250 0.003646
0 0.453250 0.438281 0.004500 0.002604
0 0.485500 0.425781 0.005000 0.003646
0 0.484875 0.422135 0.003750 0.003646
0 0.503250 0.411198 0.005000 0.006771
0 0.558875 0.394010 0.004750 0.007812
0 0.570125 0.394271 0.004250 0.006250
0 0.570000 0.424740 0.003500 0.008854
0 0.533625 0.544792 0.002750 0.011458
0 0.538250 0.532292 0.003000 0.004167
0 0.537750 0.529427 0.004500 0.005729
0 0.539500 0.521615 0.003000 0.004687
0 0.539250 0.518229 0.004500 0.005208
0 0.530625 0.578385 0.004750 0.010937
0 0.524750 0.572656 0.004500 0.009896
0 0.481375 0.634896 0.004250 0.007292
0 0.475125 0.655729 0.004750 0.008333
0 0.486500 0.679688 0.004000 0.010417
0 0.487125 0.712760 0.002750 0.009896
0 0.488625 0.709896 0.002250 0.008333
0 0.472375 0.775000 0.004750 0.009375
0 0.462375 0.769010 0.004250 0.008854
0 0.418000 0.807292 0.005500 0.007292
0 0.392750 0.919010 0.005500 0.006771
0 0.402250 0.783333 0.003000 0.009375
0 0.435750 0.723958 0.003500 0.008333
0 0.592625 0.455990 0.003750 0.009896
0 0.592625 0.469531 0.003250 0.008854
0 0.591500 0.484375 0.004000 0.007292
0 0.599625 0.444010 0.002750 0.006771
0 0.600625 0.442708 0.003750 0.007292
0 0.597750 0.515625 0.004500 0.008333
0 0.586750 0.550781 0.003500 0.009896
0 0.594375 0.561198 0.004250 0.007812
0 0.598000 0.564063 0.003500 0.008333
0 0.597500 0.561458 0.003000 0.005208
0 0.584375 0.572396 0.003750 0.009375
0 0.585375 0.583854 0.002750 0.009375
0 0.583250 0.580729 0.003000 0.007292
0 0.582250 0.586719 0.004500 0.009896
0 0.581125 0.627083 0.003750 0.011458
0 0.565750 0.655208 0.003000 0.006250
0 0.565500 0.687240 0.004000 0.007812
0 0.572125 0.696354 0.003250 0.009375
0 0.570375 0.698177 0.002250 0.008854
0 0.563250 0.709896 0.002500 0.006250
0 0.562500 0.708073 0.002500 0.007812
0 0.561500 0.706510 0.003000 0.006771
0 0.556875 0.761458 0.002250 0.007292
0 0.555875 0.760417 0.003250 0.008333
0 0.550500 0.809375 0.003500 0.009375
0 0.538875 0.902604 0.004250 0.005208
0 0.536500 0.904427 0.002500 0.010937
0 0.534500 0.902344 0.002500 0.007812
0 0.507875 0.943490 0.004750 0.006771
0 0.529250 0.967969 0.005500 0.007812
0 0.531375 0.952604 0.002250 0.009375
0 0.530000 0.952344 0.002000 0.008854
0 0.526500 0.959375 0.002500 0.006250
0 0.526000 0.957292 0.004000 0.007292
0 0.537875 0.980990 0.002250 0.009896
0 0.539875 0.980729 0.002750 0.010417
0 0.548000 0.962760 0.003500 0.007812
0 0.552875 0.924740 0.002750 0.006771
0 0.551875 0.922396 0.003750 0.007292
0 0.572375 0.839062 0.003250 0.009375
0 0.561500 0.851042 0.002500 0.007292
0 0.560500 0.849740 0.003500 0.007812
0 0.600750 0.783073 0.004500 0.006771
0 0.576375 0.767188 0.004750 0.004167
0 0.576375 0.763281 0.004250 0.003646
0 0.595500 0.697135 0.004000 0.009896
0 0.606625 0.672917 0.005250 0.008333
0 0.593375 0.646875 0.005250 0.007292
0 0.588000 0.641927 0.003000 0.005729
0 0.587375 0.639062 0.004750 0.006250
0 0.595750 0.618490 0.003000 0.005729
0 0.595250 0.615625 0.004500 0.005208
0 0.619125 0.402604 0.004250 0.005208
0 0.647875 0.494531 0.002750 0.007812
0 0.648875 0.492969 0.002750 0.007812
0 0.650875 0.492708 0.002750 0.008333
0 0.646875 0.522135 0.003750 0.006771
0 0.683500 0.614323 0.003500 0.007812
0 0.680625 0.604688 0.003250 0.008333
0 0.708875 0.647917 0.003250 0.011458
0 0.714875 0.658073 0.004250 0.011979
0 0.710875 0.670573 0.004750 0.008854
0 0.708250 0.673958 0.003500 0.011458
0 0.704000 0.664062 0.004000 0.009375
0 0.704875 0.658854 0.003750 0.010417
0 0.756625 0.855208 0.003250 0.009375
0 0.758500 0.876563 0.005000 0.009375
0 0.770875 0.894010 0.004750 0.010937
0 0.772500 0.880208 0.002500 0.009375
0 0.774625 0.878385 0.004250 0.009896
0 0.649250 0.400521 0.004000 0.006250
0 0.650125 0.408854 0.005250 0.006250
0 0.646750 0.420052 0.004000 0.004687
0 0.646750 0.423437 0.003500 0.004167
0 0.644500 0.423958 0.003500 0.007292
0 0.644250 0.427865 0.003500 0.005729
0 0.667000 0.443490 0.004000 0.005729
0 0.663000 0.445573 0.004000 0.004687
0 0.684125 0.465365 0.003250 0.009896
0 0.692500 0.490885 0.005000 0.007812
0 0.694625 0.479167 0.003250 0.003125
0 0.694375 0.476302 0.004250 0.003646
0 0.709875 0.519792 0.003250 0.010417
0 0.719375 0.516146 0.004250 0.004167
0 0.719375 0.512760 0.005250 0.004687
0 0.714125 0.533333 0.002250 0.008333
0 0.714375 0.526563 0.002750 0.008333
0 0.715750 0.526823 0.003500 0.007812
0 0.728000 0.524479 0.004000 0.008333
0 0.739500 0.597917 0.003000 0.009375
0 0.741125 0.594792 0.003750 0.006250
0 0.755625 0.601042 0.005750 0.006250
0 0.760500 0.608854 0.003000 0.009375
0 0.761375 0.623958 0.003250 0.007292
0 0.762625 0.621615 0.003750 0.008854
0 0.809875 0.697135 0.004750 0.009896
0 0.786875 0.554427 0.004750 0.005729
0 0.786750 0.549740 0.004000 0.004687
0 0.761000 0.535156 0.004000 0.009896
0 0.702000 0.472656 0.003500 0.007812
0 0.698000 0.466406 0.003000 0.008854
0 0.699375 0.465104 0.002750 0.006250
0 0.652875 0.377865 0.004250 0.007812
0 0.659000 0.366406 0.003500 0.008854
0 0.627375 0.372656 0.004250 0.007812
0 0.673750 0.340365 0.002500 0.006771
0 0.672000 0.339583 0.003500 0.008333
0 0.706000 0.351042 0.004500 0.009375
0 0.699250 0.348177 0.004000 0.005729
0 0.772875 0.320833 0.003250 0.008333
0 0.752625 0.299740 0.003750 0.004687
0 0.752750 0.295833 0.005000 0.004167
0 0.722750 0.329167 0.004500 0.006250
0 0.711625 0.320573 0.004250 0.005729
0 0.410250 0.023438 0.005500 0.008333
0 0.328375 0.042969 0.005750 0.006771
0 0.347000 0.030469 0.005000 0.007812
0 0.344500 0.043229 0.004500 0.007292
