0 0.456500 0.940885 0.007000 0.008854
0 0.455375 0.945573 0.006250 0.007812
0 0.452250 0.877604 0.007000 0.013542
0 0.482500 0.859115 0.006500 0.009896
0 0.485500 0.782292 0.005500 0.006250
0 0.486625 0.778646 0.004750 0.005208
0 0.507250 0.749740 0.007500 0.013021
0 0.501375 0.738281 0.005250 0.009896
0 0.514625 0.735156 0.006250 0.013021
0 0.514750 0.733854 0.005500 0.012500
0 0.517250 0.707552 0.008500 0.014063
0 0.517125 0.707552 0.006750 0.011979
0 0.527750 0.679427 0.008500 0.017188
0 0.536125 0.620833 0.008250 0.015625
0 0.535875 0.621354 0.007750 0.013542
0 0.554250 0.563021 0.004000 0.009375
0 0.553375 0.559896 0.005250 0.011458
0 0.559250 0.615365 0.006500 0.009896
0 0.545750 0.618750 0.005000 0.013542
0 0.549250 0.634635 0.007000 0.011979
0 0.542750 0.664583 0.007000 0.011458
0 0.539625 0.671875 0.007250 0.007292
0 0.552375 0.675260 0.007750 0.009896
0 0.549000 0.687500 0.004500 0.016667
0 0.566000 0.676823 0.006500 0.011979
0 0.566000 0.668750 0.006000 0.008333
0 0.564625 0.665365 0.005250 0.005729
0 0.536250 0.704688 0.007500 0.009375
0 0.531125 0.703125 0.003250 0.016667
0 0.538500 0.722396 0.006000 0.010417
0 0.531000 0.739844 0.007000 0.015104
0 0.541875 0.752865 0.007250 0.010937
0 0.548250 0.762760 0.007500 0.010937
0 0.551375 0.782813 0.003750 0.016667
0 0.548250 0.781250 0.003000 0.016667
0 0.547500 0.807552 0.005500 0.008854
0 0.548250 0.803385 0.007000 0.009896
0 0.529625 0.780208 0.004250 0.014583
0 0.526500 0.773177 0.003000 0.017188
0 0.523625 0.771615 0.003250 0.014063
0 0.521625 0.776042 0.006750 0.012500
0 0.518750 0.795312 0.004500 0.018750
0 0.515625 0.805729 0.004250 0.014583
0 0.506875 0.798177 0.008250 0.010937
0 0.499375 0.825781 0.004750 0.018229
0 0.509500 0.828125 0.006000 0.006250
0 0.509000 0.822396 0.007500 0.006250
0 0.514750 0.879687 0.009000 0.010417
0 0.500500 0.521094 0.005500 0.016146
0 0.379625 0.572917 0.007750 0.012500
0 0.381375 0.523177 0.007750 0.009896
0 0.273375 0.538542 0.004750 0.013542
0 0.276750 0.516667 0.003500 0.015625
0 0.274500 0.516667 0.003500 0.011458
0 0.227125 0.385937 0.003750 0.008333
0 0.243625 0.400260 0.008750 0.011979
0 0.305250 0.465625 0.006000 0.014583
0 0.290500 0.428385 0.008500 0.010937
0 0.353500 0.454427 0.007500 0.010937
0 0.355875 0.464583 0.006750 0.010417
0 0.397500 0.470833 0.008500 0.011458
0 0.550750 0.463021 0.004000 0.011458
0 0.552875 0.461979 0.005250 0.011458
0 0.506500 0.437760 0.008500 0.015104
0 0.408375 0.269792 0.005750 0.016667
0 0.338250 0.010937 0.007000 0.013542
0 0.357250 0.141667 0.005000 0.012500
0 0.390125 0.203646 0.005750 0.012500
0 0.397250 0.215104 0.007000 0.013542
0 0.387500 0.211198 0.008000 0.013021
0 0.386625 0.211458 0.007750 0.011458
0 0.405625 0.223177 0.003750 0.015104
0 0.427000 0.254427 0.003500 0.009896
0 0.433500 0.267708 0.006000 0.007292
0 0.431750 0.281510 0.004000 0.010937
0 0.421375 0.267969 0.006250 0.005729
0 0.423875 0.264844 0.006750 0.006771
0 0.476125 0.351823 0.005750 0.010937
0 0.474125 0.350521 0.003250 0.010417
0 0.539500 0.340365 0.005500 0.016146
0 0.536500 0.326823 0.003000 0.007812
0 0.535625 0.323698 0.004250 0.010937
0 0.533625 0.318490 0.004250 0.008854
0 0.485250 0.079948 0.004500 0.010937
0 0.483125 0.069010 0.003750 0.011979
0 0.421375 0.037760 0.004750 0.011979
0 0.576625 0.420833 0.004750 0.012500
0 0.599500 0.235417 0.005500 0.014583
0 0.624000 0.190365 0.006000 0.015104
0 0.604125 0.116406 0.004750 0.013021
0 0.594750 0.084115 0.004500 0.009896
0 0.608250 0.015885 0.003500 0.013021
0 0.606500 0.014063 0.003000 0.010417
0 0.679625 0.287240 0.005250 0.009896
0 0.695375 0.257812 0.005250 0.008333
0 0.721250 0.286719 0.004500 0.009896
0 0.693000 0.242448 0.002500 0.007812
0 0.690625 0.243229 0.003250 0.008333
0 0.684250 0.245833 0.005000 0.008333
0 0.729125 0.411719 0.005750 0.009896
0 0.745375 0.413281 0.005250 0.010937
0 0.766625 0.404167 0.005750 0.007292
0 0.765000 0.398438 0.006000 0.010417
0 0.794625 0.346354 0.005250 0.007292
0 0.795875 0.343229 0.006750 0.007292
0 0.826875 0.394531 0.006750 0.008854
0 0.840000 0.377344 0.008500 0.008854
0 0.857500 0.323437 0.007000 0.010417
0 0.690625 0.420312 0.005250 0.009375
