0 0.281000 0.322135 0.004500 0.007812
0 0.271750 0.312760 0.003000 0.009896
0 0.276250 0.316667 0.004000 0.006250
0 0.332125 0.337760 0.005250 0.009896
0 0.341000 0.364583 0.004500 0.007292
0 0.381125 0.356771 0.005250 0.010417
0 0.429500 0.260937 0.005500 0.012500
0 0.441875 0.413021 0.006750 0.011458
0 0.428375 0.429167 0.003750 0.008333
0 0.424875 0.433854 0.003250 0.010417
0 0.419375 0.433854 0.004250 0.005208
0 0.419750 0.428385 0.004500 0.007812
0 0.387125 0.498958 0.003250 0.009375
0 0.380625 0.476823 0.002250 0.007812
0 0.383000 0.477083 0.002500 0.009375
0 0.350375 0.534115 0.007250 0.013021
0 0.339125 0.556510 0.007750 0.009896
0 0.401375 0.596354 0.004750 0.009375
0 0.320750 0.609635 0.004000 0.006771
0 0.306750 0.628125 0.005000 0.012500
0 0.307375 0.779427 0.006750 0.011979
0 0.239750 0.750521 0.006500 0.014583
0 0.218500 0.798177 0.005000 0.007812
0 0.218000 0.793490 0.006000 0.006771
0 0.149000 0.939323 0.007000 0.008854
0 0.505125 0.960938 0.003250 0.015625
0 0.478375 0.960677 0.005250 0.017188
0 0.479125 0.880469 0.003250 0.010937
0 0.475625 0.877865 0.003750 0.013021
0 0.458875 0.873437 0.003750 0.009375
0 0.451000 0.890365 0.004000 0.010937
0 0.453500 0.862240 0.004000 0.007812
0 0.494875 0.894010 0.003750 0.007812
0 0.494250 0.889323 0.005500 0.007812
0 0.544375 0.969271 0.004250 0.013542
0 0.547375 0.919271 0.005750 0.012500
0 0.485125 0.819271 0.004250 0.011458
0 0.479000 0.829167 0.002500 0.008333
0 0.480500 0.826823 0.004000 0.009896
0 0.494625 0.802865 0.003750 0.015104
0 0.514750 0.791406 0.003500 0.011979
0 0.502500 0.795833 0.004500 0.008333
0 0.501750 0.791146 0.004500 0.006250
0 0.496625 0.765104 0.003750 0.011458
0 0.475250 0.772917 0.003500 0.013542
0 0.490750 0.751042 0.003500 0.010417
0 0.488125 0.753385 0.003250 0.009896
0 0.489250 0.722135 0.004000 0.013021
0 0.480250 0.694271 0.004000 0.009375
0 0.491625 0.693750 0.003250 0.012500
0 0.537000 0.706250 0.004000 0.011458
0 0.514750 0.704167 0.003500 0.006250
0 0.513750 0.701302 0.005000 0.008854
0 0.492125 0.660417 0.004250 0.008333
0 0.474250 0.667448 0.004000 0.010937
0 0.485875 0.659896 0.003750 0.009375
0 0.486500 0.654687 0.003500 0.009375
0 0.489375 0.635938 0.004250 0.012500
0 0.484500 0.626042 0.002500 0.012500
0 0.487500 0.623958 0.002500 0.009375
0 0.490875 0.623177 0.003750 0.009896
0 0.487750 0.618229 0.003500 0.006250
0 0.503125 0.606510 0.006750 0.010937
0 0.487000 0.580990 0.003000 0.013021
0 0.504625 0.562500 0.006250 0.014583
0 0.509625 0.530469 0.005750 0.010937
0 0.511625 0.520312 0.005750 0.008333
0 0.490125 0.510417 0.004750 0.013542
0 0.526000 0.515104 0.003500 0.012500
0 0.523625 0.512760 0.002250 0.009896
0 0.513250 0.454167 0.006000 0.010417
0 0.494250 0.480729 0.003000 0.010417
0 0.502250 0.453906 0.003500 0.007812
0 0.501125 0.451302 0.004250 0.008854
0 0.534000 0.364063 0.003500 0.011458
0 0.562875 0.408594 0.006250 0.006771
0 0.582000 0.464844 0.003500 0.011979
0 0.590250 0.478125 0.005500 0.013542
0 0.603750 0.508854 0.004500 0.013542
0 0.603750 0.528906 0.005000 0.010937
0 0.609625 0.584375 0.005750 0.009375
0 0.625000 0.579948 0.004000 0.010937
0 0.626750 0.576823 0.005000 0.009896
0 0.630500 0.564583 0.004000 0.009375
0 0.642375 0.598437 0.003750 0.009375
0 0.660250 0.640365 0.005500 0.011979
0 0.651125 0.682292 0.003750 0.008333
0 0.652125 0.679948 0.004750 0.009896
0 0.678375 0.699740 0.005750 0.008854
0 0.679375 0.685677 0.006250 0.010937
0 0.701500 0.725000 0.003000 0.012500
0 0.698625 0.710417 0.005750 0.012500
0 0.690625 0.729167 0.003750 0.010417
0 0.691625 0.727604 0.004250 0.010417
0 0.698375 0.621354 0.003250 0.011458
0 0.719125 0.836458 0.006250 0.013542
0 0.792750 0.918229 0.002500 0.011458
0 0.789750 0.917708 0.003000 0.014583
0 0.801750 0.846875 0.004000 0.011458
0 0.811750 0.952865 0.006000 0.008854
0 0.813625 0.969010 0.003250 0.013021
0 0.818500 0.964062 0.005500 0.013542
0 0.849875 0.973958 0.004750 0.013542
0 0.715375 0.550521 0.004250 0.012500
0 0.555875 0.328906 0.005250 0.009896
0 0.567500 0.308073 0.006000 0.006771
0 0.560625 0.291667 0.006250 0.009375
0 0.576625 0.328385 0.005250 0.005729
0 0.575125 0.322396 0.003750 0.007292
0 0.632625 0.339323 0.003750 0.005729
0 0.622625 0.367448 0.005750 0.011979
0 0.617875 0.297656 0.006250 0.008854
0 0.608250 0.283594 0.008000 0.009896
0 0.627250 0.293490 0.003500 0.011979
0 0.629125 0.299479 0.005750 0.009375
0 0.633000 0.286979 0.004500 0.010417
0 0.648125 0.261198 0.004750 0.006771
0 0.649000 0.255469 0.006500 0.006771
0 0.660375 0.252344 0.006750 0.009896
0 0.660250 0.261458 0.005500 0.008333
0 0.646125 0.276823 0.004750 0.007812
0 0.646750 0.283333 0.004000 0.007292
0 0.767000 0.316146 0.007000 0.010417
0 0.265625 0.262500 0.005750 0.009375
0 0.121500 0.099479 0.004000 0.009375
0 0.118125 0.016406 0.005250 0.008854
0 0.201500 0.015625 0.004500 0.009375
0 0.315000 0.360938 0.004000 0.007292
0 0.315125 0.339844 0.004250 0.007812
