0 0.108854 0.684500 0.007292 0.005000
0 0.174740 0.690250 0.010937 0.004000
0 0.186719 0.687625 0.009896 0.004250
0 0.191406 0.692000 0.013021 0.004500
0 0.262760 0.680500 0.009896 0.005000
0 0.362760 0.664000 0.007812 0.006500
0 0.248958 0.663875 0.009375 0.005750
0 0.241406 0.646375 0.008854 0.006250
0 0.172917 0.673375 0.008333 0.006750
0 0.085156 0.671125 0.011979 0.003750
0 0.086458 0.669625 0.009375 0.003250
0 0.075521 0.667625 0.010417 0.005750
0 0.245312 0.572375 0.011458 0.002750
0 0.243229 0.574500 0.015625 0.002500
0 0.242969 0.576875 0.011979 0.002250
0 0.182031 0.544000 0.007812 0.006500
0 0.135156 0.555750 0.011979 0.005500
0 0.127344 0.566625 0.004687 0.004750
0 0.132552 0.566500 0.006771 0.006500
0 0.105469 0.558375 0.008854 0.005750
0 0.097917 0.556500 0.005208 0.005500
0 0.094010 0.555875 0.004687 0.004750
0 0.056250 0.550875 0.008333 0.005750
0 0.057812 0.561375 0.013542 0.005750
0 0.040104 0.564375 0.005208 0.004250
0 0.036198 0.563375 0.006771 0.005750
0 0.409635 0.541125 0.010937 0.002750
0 0.409115 0.538375 0.010937 0.002750
0 0.408854 0.536250 0.010417 0.002000
0 0.310156 0.436875 0.015104 0.005750
0 0.228125 0.414125 0.009375 0.004750
0 0.220052 0.414375 0.011979 0.004750
0 0.172396 0.406375 0.009375 0.006250
0 0.110156 0.362000 0.014063 0.005500
0 0.101562 0.347125 0.007292 0.005750
0 0.005208 0.340625 0.010417 0.003750
0 0.039062 0.341750 0.009375 0.007000
0 0.125521 0.394750 0.005208 0.005500
0 0.129948 0.394375 0.005729 0.006750
0 0.214583 0.445250 0.006250 0.005500
0 0.219010 0.444500 0.006771 0.007000
0 0.583333 0.572125 0.013542 0.004750
0 0.571094 0.526500 0.011979 0.005500
0 0.560156 0.494875 0.005729 0.004750
0 0.563281 0.493875 0.007812 0.006250
0 0.557031 0.486500 0.009896 0.004500
0 0.550260 0.456000 0.005729 0.005000
0 0.544271 0.456125 0.007292 0.005750
0 0.544010 0.436125 0.010937 0.006250
0 0.522656 0.365500 0.010937 0.006500
0 0.515885 0.300750 0.007812 0.004500
0 0.508594 0.298500 0.006771 0.005000
0 0.498698 0.279000 0.004687 0.005000
0 0.504427 0.279250 0.005729 0.007000
0 0.492188 0.110500 0.008333 0.007500
0 0.439844 0.072625 0.009896 0.006250
0 0.415885 0.068500 0.007812 0.008500
0 0.432812 0.121750 0.014583 0.004500
0 0.430208 0.171125 0.005208 0.006750
0 0.425521 0.170750 0.004167 0.006000
0 0.448958 0.238500 0.012500 0.002500
0 0.448177 0.241375 0.013021 0.003750
0 0.446354 0.336875 0.011458 0.004250
0 0.451823 0.335500 0.007812 0.005500
0 0.494792 0.343625 0.007292 0.006250
0 0.498177 0.369125 0.011979 0.005750
0 0.525260 0.451625 0.008854 0.006750
0 0.519271 0.486500 0.010417 0.003500
0 0.516146 0.484500 0.008333 0.003500
0 0.616406 0.617750 0.008854 0.005500
0 0.819271 0.447250 0.009375 0.006000
0 0.811979 0.444500 0.012500 0.005000
0 0.784896 0.386125 0.012500 0.004250
0 0.798958 0.403500 0.014583 0.004500
0 0.865104 0.399750 0.009375 0.004000
0 0.863021 0.398625 0.011458 0.004250
0 0.890104 0.374250 0.008333 0.004500
0 0.886979 0.373875 0.008333 0.004750
0 0.906510 0.368500 0.009896 0.005500
0 0.895833 0.369000 0.010417 0.004000
0 0.868750 0.366625 0.008333 0.005750
0 0.962500 0.317125 0.011458 0.003750
0 0.961979 0.315625 0.010417 0.003250
0 0.972135 0.277500 0.010937 0.006000
0 0.931250 0.383250 0.010417 0.004500
0 0.893490 0.401500 0.009896 0.005500
0 0.827604 0.463875 0.005208 0.006250
0 0.822656 0.463750 0.004687 0.005500
0 0.804427 0.586875 0.008854 0.004750
0 0.802083 0.585250 0.010417 0.003500
0 0.814844 0.582625 0.014063 0.004250
0 0.856250 0.569625 0.013542 0.003250
0 0.994010 0.513125 0.009896 0.003250
0 0.992969 0.511500 0.011979 0.003000
0 0.929427 0.557500 0.013021 0.003500
0 0.923698 0.561750 0.006771 0.006000
0 0.927344 0.561125 0.004687 0.004750
0 0.798958 0.656375 0.011458 0.004750
0 0.810677 0.650625 0.014063 0.003750
0 0.938802 0.658500 0.014063 0.004500
0 0.960156 0.648250 0.011979 0.006000
0 0.943490 0.674625 0.011979 0.003750
0 0.941927 0.672750 0.008854 0.002500
0 0.770573 0.664250 0.008854 0.005500
0 0.752344 0.667375 0.011979 0.005250
0 0.740104 0.663000 0.010417 0.002500
0 0.739583 0.661000 0.013542 0.002500
0 0.302865 0.772625 0.011979 0.004750
0 0.315625 0.780875 0.008333 0.006250
