0 0.922917 0.622000 0.018750 0.006500
0 0.927604 0.634000 0.019792 0.006000
0 0.972135 0.644625 0.015104 0.010250
0 0.972396 0.690375 0.018750 0.007750
0 0.979167 0.740625 0.015625 0.010250
0 0.390365 0.804750 0.019271 0.010000
0 0.407031 0.794125 0.014063 0.010250
0 0.393490 0.738375 0.016146 0.008250
0 0.504948 0.712500 0.016146 0.011000
0 0.562760 0.696250 0.015104 0.011500
0 0.579948 0.667250 0.017188 0.008500
0 0.624740 0.659750 0.010937 0.007500
0 0.620313 0.658000 0.007292 0.005500
0 0.686198 0.630875 0.016146 0.007250
0 0.587760 0.595625 0.020313 0.007750
0 0.537760 0.614125 0.020313 0.008250
0 0.335417 0.706000 0.020833 0.010000
0 0.156510 0.734500 0.016146 0.008500
0 0.079948 0.753000 0.013021 0.008000
0 0.140625 0.645250 0.026042 0.008000
0 0.011458 0.647125 0.013542 0.007250
0 0.152865 0.625500 0.016146 0.007500
0 0.407292 0.620875 0.013542 0.007250
0 0.344792 0.608500 0.011458 0.008500
0 0.173437 0.558000 0.011458 0.007500
0 0.246354 0.530750 0.012500 0.008000
0 0.284635 0.528250 0.017188 0.009500
0 0.603385 0.494625 0.017188 0.004250
0 0.608073 0.489750 0.016146 0.005000
0 0.548698 0.485750 0.018229 0.005500
0 0.551042 0.478750 0.017708 0.005500
0 0.523438 0.469875 0.017708 0.006250
0 0.530469 0.463625 0.015104 0.005750
0 0.527344 0.460375 0.017188 0.004250
0 0.497656 0.452500 0.019271 0.005000
0 0.488281 0.454125 0.009896 0.006250
0 0.064323 0.399750 0.018229 0.005000
0 0.214844 0.465375 0.014063 0.005750
0 0.227344 0.455500 0.010937 0.006500
0 0.264062 0.450875 0.015625 0.004750
0 0.274219 0.450000 0.014063 0.007000
0 0.289583 0.456000 0.008333 0.007000
0 0.335938 0.457125 0.016667 0.004750
0 0.396615 0.450375 0.015104 0.006250
0 0.335938 0.430000 0.013542 0.006000
0 0.350521 0.424000 0.016667 0.004000
0 0.335938 0.418125 0.015625 0.005250
0 0.320052 0.415625 0.010937 0.006250
0 0.319010 0.428625 0.015104 0.006750
0 0.319531 0.439125 0.017188 0.003250
0 0.321354 0.443125 0.014583 0.005250
0 0.379688 0.420000 0.012500 0.005000
0 0.382552 0.417500 0.009896 0.005000
0 0.283594 0.406500 0.013021 0.006500
0 0.273958 0.410250 0.013542 0.005500
0 0.270573 0.406250 0.011979 0.004500
0 0.404167 0.422250 0.013542 0.006000
0 0.423958 0.423125 0.013542 0.005750
0 0.406771 0.430875 0.009375 0.006750
0 0.402344 0.437500 0.017188 0.004000
0 0.416406 0.437375 0.007812 0.006750
0 0.429167 0.440750 0.012500 0.007000
0 0.426823 0.454625 0.017188 0.004750
0 0.419792 0.459625 0.015625 0.004250
0 0.435156 0.462375 0.016146 0.003750
0 0.437760 0.466500 0.016146 0.004000
0 0.483073 0.474500 0.017188 0.004000
0 0.476302 0.461500 0.010937 0.008000
0 0.499740 0.468500 0.016146 0.005000
0 0.494010 0.461875 0.013021 0.005750
0 0.533073 0.499500 0.008854 0.006500
0 0.480208 0.483500 0.015625 0.006000
0 0.471354 0.489625 0.016667 0.004750
0 0.442448 0.484250 0.015104 0.004500
0 0.431771 0.482875 0.006250 0.004750
0 0.422917 0.480250 0.009375 0.006000
0 0.414323 0.475500 0.013021 0.003500
0 0.426823 0.473875 0.011979 0.004750
0 0.436458 0.479625 0.013542 0.003250
0 0.434115 0.477000 0.013021 0.002500
0 0.360417 0.412125 0.017708 0.008250
0 0.662500 0.451750 0.013542 0.006000
0 0.686979 0.426625 0.011458 0.007250
0 0.637240 0.435750 0.008854 0.008000
0 0.623437 0.435625 0.015625 0.004750
0 0.607812 0.440500 0.007292 0.006500
0 0.600521 0.439500 0.007292 0.007500
0 0.599219 0.432250 0.013021 0.007500
0 0.579948 0.428625 0.014063 0.005750
0 0.610417 0.418375 0.013542 0.007750
0 0.625260 0.418500 0.008854 0.009000
0 0.638021 0.428250 0.014583 0.006500
0 0.573438 0.415125 0.010417 0.007250
0 0.565365 0.410500 0.007812 0.007000
0 0.529427 0.409875 0.011979 0.007250
0 0.574479 0.399375 0.008333 0.008250
0 0.564323 0.396750 0.014063 0.005000
0 0.532292 0.391375 0.015625 0.005750
0 0.573177 0.389500 0.010937 0.006500
0 0.567708 0.385250 0.016667 0.005500
0 0.647656 0.395625 0.010937 0.003250
0 0.645052 0.388875 0.015104 0.005750
0 0.515625 0.380250 0.009375 0.008000
0 0.488281 0.377250 0.014063 0.006000
0 0.533333 0.374750 0.013542 0.007500
0 0.541406 0.364250 0.016146 0.004500
0 0.553906 0.365000 0.008854 0.006000
0 0.555990 0.364000 0.013021 0.006000
0 0.555990 0.350750 0.011979 0.009000
0 0.513802 0.353125 0.014063 0.006750
0 0.455729 0.361625 0.018750 0.009250
0 0.466406 0.341875 0.013021 0.005750
0 0.471615 0.338000 0.014063 0.007000
0 0.482552 0.324250 0.010937 0.007000
0 0.435417 0.340000 0.014583 0.008000
0 0.400781 0.331750 0.010937 0.007500
0 0.411719 0.297875 0.009896 0.007750
0 0.435417 0.304750 0.015625 0.007000
0 0.436719 0.298500 0.018229 0.006000
0 0.474479 0.289750 0.014583 0.006000
0 0.316927 0.273125 0.010937 0.006250
0 0.575000 0.323250 0.012500 0.010000
0 0.596354 0.324125 0.013542 0.006750
0 0.607031 0.370000 0.011979 0.007000
0 0.897396 0.827125 0.026042 0.007250
0 0.902344 0.839750 0.016146 0.010000
0 0.914062 0.840500 0.018750 0.008500
0 0.991927 0.868500 0.015104 0.013500
0 0.862500 0.671625 0.010417 0.006250
0 0.802604 0.786500 0.022917 0.011500
