0 0.024219 0.502750 0.013021 0.003500
0 0.051823 0.536625 0.008854 0.005750
0 0.087500 0.522250 0.010417 0.006000
0 0.079687 0.519000 0.009375 0.005500
0 0.158594 0.516750 0.010937 0.006000
0 0.067187 0.476250 0.011458 0.003000
0 0.165104 0.464375 0.012500 0.004250
0 0.166146 0.457875 0.015625 0.005750
0 0.238802 0.454000 0.008854 0.005500
0 0.235156 0.448375 0.008854 0.005750
0 0.122917 0.509500 0.006250 0.005000
0 0.118750 0.508250 0.010417 0.006000
0 0.357812 0.690000 0.010417 0.007000
0 0.442448 0.661875 0.013021 0.007250
0 0.413542 0.631125 0.011458 0.004250
0 0.436979 0.595375 0.012500 0.004750
0 0.480208 0.586375 0.008333 0.004250
0 0.406510 0.581125 0.009896 0.005250
0 0.400521 0.504000 0.011458 0.005000
0 0.397135 0.489000 0.013021 0.003500
0 0.431510 0.453500 0.007812 0.004500
0 0.456510 0.446875 0.010937 0.004750
0 0.469792 0.515750 0.007292 0.004000
0 0.519792 0.548625 0.010417 0.002250
0 0.519792 0.546875 0.011458 0.002250
0 0.547656 0.552000 0.014063 0.006000
0 0.567969 0.560750 0.010937 0.006000
0 0.567187 0.575125 0.010417 0.005250
0 0.576302 0.579125 0.010937 0.003750
0 0.519792 0.621500 0.008333 0.004500
0 0.505469 0.619000 0.007812 0.005000
0 0.589583 0.615375 0.009375 0.006750
0 0.512500 0.645875 0.014583 0.003750
0 0.542188 0.653625 0.004167 0.005750
0 0.547656 0.653875 0.005729 0.005250
0 0.737760 0.583125 0.013021 0.004750
0 0.750521 0.552625 0.014583 0.004750
0 0.732292 0.574125 0.012500 0.005750
0 0.371615 0.336750 0.008854 0.003500
0 0.884375 0.676250 0.025000 0.009500
0 0.939063 0.396875 0.015625 0.006250
