0 0.471250 0.283073 0.008500 0.013021
0 0.463375 0.282552 0.005750 0.014063
0 0.466125 0.296875 0.007750 0.014583
0 0.471875 0.328906 0.004250 0.014063
0 0.466375 0.325260 0.007250 0.014063
0 0.442000 0.298958 0.006000 0.017708
0 0.478875 0.221875 0.008750 0.021875
0 0.424750 0.096615 0.005000 0.013021
0 0.420125 0.070833 0.005750 0.014583
0 0.479000 0.061979 0.007000 0.019792
0 0.470875 0.009896 0.005250 0.016667
0 0.452500 0.282552 0.005000 0.016146
0 0.441250 0.260417 0.005500 0.011458
0 0.441750 0.217448 0.004500 0.016146
0 0.463000 0.260156 0.010500 0.018229
0 0.455500 0.313802 0.006500 0.014063
0 0.454250 0.300000 0.004000 0.016667
0 0.444125 0.248958 0.002750 0.011458
0 0.444500 0.271354 0.003500 0.012500
0 0.462625 0.475260 0.006250 0.018229
0 0.467250 0.465625 0.009000 0.014583
0 0.438000 0.528385 0.005500 0.014063
0 0.458625 0.521094 0.005250 0.011979
0 0.463500 0.530469 0.004500 0.015104
0 0.462000 0.579688 0.004000 0.015625
0 0.453250 0.569792 0.004500 0.015625
0 0.454000 0.548958 0.006500 0.014583
0 0.456125 0.564583 0.006250 0.009375
0 0.451250 0.628906 0.004500 0.015104
0 0.450500 0.641927 0.004500 0.015104
0 0.449750 0.661198 0.006000 0.008854
0 0.443500 0.535156 0.002500 0.015104
0 0.376000 0.678646 0.006500 0.013542
0 0.386625 0.667969 0.004250 0.008854
0 0.361750 0.605729 0.005500 0.013542
0 0.357875 0.572917 0.007750 0.011458
0 0.354625 0.509896 0.004250 0.014583
0 0.353125 0.542708 0.006250 0.012500
0 0.319750 0.533073 0.004000 0.014063
0 0.339000 0.464323 0.005500 0.009896
0 0.310500 0.461198 0.004500 0.015104
0 0.317375 0.432812 0.004750 0.015625
0 0.323125 0.433594 0.007250 0.009896
0 0.322000 0.444271 0.007500 0.007292
0 0.325250 0.452604 0.008500 0.009375
0 0.329000 0.489063 0.006000 0.008333
0 0.331125 0.497135 0.005750 0.008854
0 0.334500 0.508333 0.007500 0.015625
0 0.341125 0.536979 0.004250 0.012500
0 0.346250 0.543229 0.006500 0.013542
0 0.297250 0.185677 0.006500 0.010937
0 0.280500 0.322396 0.005500 0.013542
0 0.286375 0.322135 0.006250 0.009896
0 0.296625 0.289323 0.006750 0.006771
0 0.294500 0.296875 0.006500 0.010417
0 0.296000 0.304688 0.008500 0.007292
0 0.105375 0.189583 0.006250 0.011458
0 0.523125 0.750521 0.009250 0.009375
0 0.535625 0.766667 0.006750 0.012500
0 0.507625 0.827344 0.005750 0.009896
0 0.602875 0.778385 0.007250 0.014063
0 0.572500 0.617188 0.006500 0.009375
0 0.545250 0.651823 0.003500 0.013021
0 0.537375 0.648958 0.007250 0.010417
0 0.532375 0.661979 0.007250 0.012500
0 0.517250 0.668750 0.005500 0.010417
0 0.388000 0.805990 0.008500 0.009896
0 0.350500 0.782292 0.004000 0.015625
0 0.338875 0.771354 0.006750 0.015625
0 0.332375 0.779427 0.006250 0.010937
0 0.338625 0.790625 0.005250 0.011458
0 0.333375 0.791667 0.006250 0.011458
0 0.313125 0.770573 0.005250 0.009896
0 0.314625 0.794792 0.004250 0.011458
0 0.280375 0.801302 0.006750 0.014063
0 0.300750 0.784375 0.007000 0.012500
0 0.302750 0.796615 0.008500 0.013021
0 0.241625 0.872656 0.006250 0.010937
0 0.229625 0.899219 0.008750 0.014063
0 0.277375 0.907813 0.009250 0.014583
0 0.239000 0.739062 0.006500 0.013542
0 0.255500 0.770833 0.005000 0.009375
0 0.250625 0.775521 0.005750 0.012500
0 0.213000 0.799219 0.003500 0.016146
0 0.216625 0.804427 0.004750 0.018229
0 0.243375 0.808854 0.004750 0.011458
0 0.238375 0.808854 0.005250 0.012500
0 0.230875 0.752344 0.003750 0.014063
0 0.224875 0.755729 0.005750 0.015625
0 0.225750 0.737500 0.006000 0.012500
0 0.221250 0.732812 0.003500 0.010417
0 0.229500 0.772396 0.003000 0.014583
0 0.232750 0.766146 0.004000 0.014583
0 0.211125 0.752344 0.005250 0.013021
0 0.204750 0.752083 0.006000 0.012500
0 0.183125 0.823437 0.008250 0.008333
0 0.191250 0.820573 0.007500 0.008854
0 0.144000 0.854948 0.007000 0.010937
0 0.056750 0.839062 0.006000 0.010417
0 0.713250 0.569010 0.010000 0.013021
0 0.691500 0.554167 0.005500 0.013542
