0 0.210156 0.514375 0.048438 0.015250
0 0.199479 0.516250 0.040625 0.012500
0 0.237500 0.538375 0.041667 0.009750
0 0.247135 0.542125 0.020313 0.013250
0 0.323437 0.572375 0.039583 0.016750
0 0.383333 0.554375 0.026042 0.013750
0 0.466146 0.552750 0.014583 0.012500
0 0.540885 0.544875 0.023438 0.009750
0 0.604688 0.528250 0.027083 0.011500
0 0.598177 0.527750 0.029687 0.014500
0 0.454427 0.483500 0.018229 0.012000
0 0.452083 0.485125 0.025000 0.009750
0 0.491146 0.495250 0.016667 0.012500
0 0.506771 0.490750 0.012500 0.012500
0 0.489323 0.449000 0.020313 0.011500
0 0.522135 0.457125 0.020313 0.009250
0 0.542708 0.450000 0.029167 0.011500
0 0.518490 0.437750 0.019271 0.013000
0 0.541927 0.431500 0.019271 0.011500
0 0.554948 0.418500 0.020313 0.011500
0 0.578906 0.410875 0.022396 0.013750
0 0.548958 0.398375 0.028125 0.014750
0 0.564583 0.401375 0.023958 0.013250
0 0.564583 0.382625 0.023958 0.013750
0 0.531771 0.363625 0.030208 0.014750
0 0.526563 0.362875 0.025000 0.015250
0 0.550000 0.358375 0.016667 0.015250
0 0.583333 0.346250 0.017708 0.013500
0 0.635677 0.491625 0.045312 0.019750
0 0.632552 0.490875 0.042188 0.015750
0 0.694792 0.486125 0.039583 0.017250
0 0.738542 0.460625 0.025000 0.015250
0 0.899219 0.428625 0.024479 0.015250
0 0.871615 0.519625 0.019271 0.013750
0 0.807031 0.625875 0.021354 0.009750
0 0.816667 0.548125 0.027083 0.013250
0 0.804167 0.508750 0.015625 0.010500
0 0.652344 0.555000 0.031771 0.012500
0 0.671094 0.562750 0.028646 0.012000
0 0.608333 0.573375 0.038542 0.010250
0 0.687500 0.597250 0.022917 0.012500
0 0.697656 0.591125 0.020313 0.016250
0 0.719271 0.577250 0.029167 0.012500
0 0.529427 0.300875 0.032813 0.010750
0 0.525000 0.300500 0.026042 0.012500
0 0.541927 0.312000 0.030729 0.019000
0 0.536458 0.313375 0.037500 0.014250
0 0.542708 0.288500 0.022917 0.012500
0 0.555469 0.250000 0.019271 0.013500
