0 0.114875 0.301302 0.008750 0.017188
0 0.124875 0.343490 0.004250 0.016146
0 0.133750 0.312500 0.007000 0.011458
0 0.144250 0.272135 0.008000 0.011979
0 0.165625 0.213542 0.005250 0.015625
0 0.190625 0.240104 0.007250 0.010417
0 0.200625 0.122917 0.008750 0.011458
0 0.221375 0.538542 0.005750 0.018750
0 0.241750 0.437500 0.003500 0.011458
0 0.239375 0.436458 0.005250 0.013542
0 0.256250 0.407031 0.008000 0.011979
0 0.309125 0.404427 0.004250 0.017188
0 0.430125 0.288542 0.005250 0.015625
0 0.463875 0.327344 0.005250 0.014063
0 0.437750 0.332292 0.006000 0.014583
0 0.431125 0.344271 0.010250 0.009375
0 0.429375 0.335417 0.007750 0.012500
0 0.412625 0.355729 0.007750 0.010417
0 0.407625 0.354948 0.004750 0.016146
0 0.393500 0.367448 0.006500 0.010937
0 0.388000 0.361458 0.006500 0.008333
0 0.368125 0.417969 0.005750 0.005729
0 0.367625 0.411719 0.008750 0.007812
0 0.338625 0.404948 0.008250 0.013021
0 0.320125 0.425781 0.005750 0.019271
0 0.307875 0.511458 0.007750 0.014583
0 0.544625 0.349219 0.007250 0.016146
0 0.508125 0.448437 0.004750 0.018750
0 0.503125 0.449219 0.005750 0.018229
0 0.499500 0.436719 0.006000 0.013021
0 0.505625 0.435156 0.008250 0.007812
0 0.484250 0.480469 0.007000 0.014063
0 0.475000 0.496875 0.008000 0.011458
0 0.477000 0.505208 0.008500 0.010417
0 0.478000 0.513802 0.008500 0.009896
0 0.482875 0.529948 0.004750 0.017188
0 0.493250 0.553385 0.009000 0.008854
0 0.478000 0.556250 0.008000 0.012500
0 0.469000 0.529167 0.006500 0.021875
0 0.455875 0.541667 0.007250 0.014583
0 0.454250 0.531771 0.008500 0.008333
0 0.460375 0.557813 0.003750 0.015625
0 0.462625 0.557292 0.005250 0.016667
0 0.434375 0.572135 0.005250 0.019271
0 0.389000 0.634375 0.005500 0.015625
0 0.398250 0.648438 0.007500 0.009375
0 0.402625 0.666667 0.005250 0.015625
0 0.400750 0.664323 0.004500 0.013021
0 0.400000 0.677083 0.008000 0.008333
0 0.402875 0.701302 0.009750 0.011979
0 0.348250 0.792188 0.006500 0.017708
0 0.370500 0.808333 0.007000 0.021875
0 0.344625 0.752344 0.004250 0.015104
0 0.348250 0.746094 0.003500 0.018229
0 0.351125 0.746094 0.003250 0.017188
0 0.590625 0.516146 0.006750 0.010417
0 0.588625 0.510156 0.007250 0.014063
0 0.580000 0.610156 0.006000 0.014063
0 0.590000 0.607552 0.005500 0.013021
0 0.586500 0.606510 0.007500 0.013021
0 0.583875 0.622917 0.008750 0.013542
0 0.575250 0.696615 0.007500 0.019271
0 0.557000 0.716667 0.005000 0.016667
0 0.584875 0.777344 0.008750 0.013021
0 0.548750 0.780208 0.004500 0.009375
0 0.551625 0.765365 0.004250 0.008854
0 0.550125 0.771094 0.003250 0.008854
0 0.552875 0.777083 0.003750 0.014583
0 0.548125 0.799219 0.004250 0.014063
0 0.546750 0.813281 0.004000 0.014063
0 0.551125 0.812500 0.003250 0.014583
0 0.554000 0.807031 0.005000 0.018229
0 0.549125 0.831510 0.005750 0.016146
0 0.570375 0.819531 0.007250 0.014063
0 0.568125 0.816927 0.005750 0.011979
0 0.563000 0.839583 0.004500 0.021875
0 0.571250 0.842187 0.006000 0.016667
0 0.568375 0.840365 0.005250 0.019271
0 0.560375 0.871875 0.008750 0.015625
0 0.586500 0.880208 0.008000 0.013542
0 0.588375 0.872396 0.007250 0.012500
0 0.537500 0.956510 0.004000 0.007812
0 0.534500 0.953906 0.004500 0.014063
0 0.688750 0.506510 0.006500 0.016146
0 0.689750 0.542188 0.006000 0.017708
0 0.691000 0.580208 0.006500 0.008333
0 0.683625 0.594271 0.005250 0.013542
0 0.686750 0.602083 0.005000 0.008333
0 0.722375 0.639583 0.008750 0.009375
0 0.722375 0.649740 0.006750 0.013021
0 0.732375 0.682292 0.006750 0.010417
0 0.522750 0.061719 0.005000 0.013021
0 0.477125 0.105208 0.004750 0.010417
0 0.472750 0.105729 0.004500 0.009375
0 0.466125 0.106250 0.004250 0.009375
