0 0.216875 0.784635 0.006750 0.010937
0 0.227625 0.777604 0.005750 0.010417
0 0.226250 0.795833 0.007500 0.009375
0 0.241625 0.796094 0.007750 0.009896
0 0.256750 0.815625 0.003500 0.012500
0 0.259625 0.807552 0.004750 0.007812
0 0.270625 0.809115 0.005250 0.008854
0 0.261375 0.817969 0.005250 0.006771
0 0.261000 0.859635 0.005000 0.010937
0 0.262875 0.857552 0.005250 0.013021
0 0.273875 0.868229 0.007750 0.011458
0 0.294375 0.881771 0.007750 0.010417
0 0.282750 0.952083 0.005000 0.016667
0 0.317000 0.871875 0.004000 0.014583
0 0.320125 0.896094 0.005750 0.015104
0 0.300375 0.841667 0.007250 0.009375
0 0.300875 0.833594 0.005750 0.010937
0 0.323875 0.844531 0.005750 0.009896
0 0.330000 0.853385 0.006000 0.009896
0 0.372875 0.951042 0.004750 0.010417
0 0.373625 0.944010 0.006750 0.007812
0 0.356000 0.879948 0.004500 0.008854
0 0.357125 0.875000 0.005250 0.011458
0 0.348875 0.845833 0.007250 0.007292
0 0.352000 0.850521 0.007000 0.006250
0 0.357875 0.846615 0.006750 0.006771
0 0.368250 0.849479 0.007000 0.008333
0 0.379125 0.849219 0.006750 0.009896
0 0.405000 0.713281 0.005000 0.009896
0 0.391250 0.723177 0.005500 0.009896
0 0.393125 0.721354 0.003250 0.007292
0 0.390000 0.686198 0.003000 0.006771
0 0.329000 0.613542 0.006000 0.014583
0 0.339875 0.595313 0.003250 0.014583
0 0.342625 0.596094 0.003750 0.011979
0 0.335000 0.544010 0.005000 0.007812
0 0.296125 0.579427 0.003750 0.016146
0 0.287875 0.551562 0.005250 0.017708
0 0.281875 0.552604 0.007250 0.008333
0 0.275750 0.554167 0.006500 0.006250
0 0.275375 0.559635 0.007250 0.006771
0 0.267500 0.536198 0.006500 0.017188
0 0.261375 0.498698 0.005750 0.015104
0 0.265500 0.498698 0.006500 0.013021
0 0.250625 0.541146 0.005250 0.015625
0 0.249250 0.531250 0.007500 0.007292
0 0.250250 0.525781 0.006000 0.007812
0 0.312125 0.497135 0.005250 0.006771
0 0.308625 0.491667 0.003750 0.011458
0 0.304375 0.483333 0.006250 0.014583
0 0.288125 0.473177 0.007250 0.010937
0 0.297250 0.442448 0.006000 0.011979
0 0.277750 0.482812 0.007000 0.013542
0 0.265750 0.482812 0.006500 0.007292
0 0.262000 0.476823 0.007500 0.008854
0 0.264875 0.466406 0.005250 0.014063
0 0.259125 0.451302 0.006750 0.013021
0 0.259875 0.445052 0.006250 0.009896
0 0.254000 0.446094 0.004000 0.013021
0 0.252375 0.443490 0.002750 0.014063
0 0.242875 0.475260 0.008750 0.011979
0 0.215375 0.481250 0.008250 0.013542
0 0.208750 0.455729 0.006000 0.018750
0 0.203375 0.443229 0.009750 0.009375
0 0.468875 0.740625 0.005250 0.013542
0 0.445625 0.662240 0.005250 0.009896
0 0.417000 0.623177 0.006000 0.013021
0 0.431000 0.602865 0.005000 0.011979
0 0.415750 0.605729 0.005500 0.012500
0 0.417000 0.601823 0.003500 0.010937
0 0.407000 0.572135 0.004000 0.011979
0 0.403375 0.551562 0.004750 0.013542
0 0.391125 0.515625 0.004250 0.013542
0 0.379250 0.521875 0.006000 0.009375
0 0.375750 0.507552 0.005500 0.010937
0 0.406125 0.514844 0.005250 0.010937
0 0.407500 0.510677 0.004500 0.007812
0 0.412500 0.496354 0.004500 0.013542
0 0.402250 0.508333 0.004500 0.015625
0 0.402000 0.494792 0.004500 0.010417
0 0.396750 0.492188 0.005000 0.005208
0 0.396125 0.488281 0.006250 0.004687
0 0.388250 0.451302 0.005500 0.015104
0 0.377750 0.486198 0.005000 0.011979
0 0.368250 0.498698 0.005000 0.010937
0 0.367375 0.479167 0.004750 0.015625
0 0.370250 0.451042 0.004500 0.008333
0 0.372375 0.449219 0.005750 0.010937
0 0.370250 0.442188 0.006500 0.009375
0 0.356625 0.429948 0.002750 0.013021
0 0.360125 0.423437 0.004250 0.009375
0 0.360500 0.430469 0.003000 0.013021
0 0.363125 0.428125 0.002250 0.011458
0 0.364750 0.428906 0.002500 0.011979
0 0.304500 0.347656 0.007000 0.011979
0 0.327250 0.357031 0.003500 0.014063
0 0.323250 0.357552 0.003500 0.014063
0 0.328875 0.345313 0.005250 0.013542
0 0.333750 0.327865 0.004000 0.015104
0 0.329250 0.313021 0.004000 0.014583
0 0.327375 0.324740 0.003250 0.015104
0 0.324625 0.325000 0.002750 0.014583
0 0.323375 0.331771 0.004250 0.012500
0 0.321750 0.344531 0.006000 0.013021
0 0.323375 0.341146 0.005750 0.012500
0 0.317625 0.322396 0.005750 0.012500
0 0.352500 0.296875 0.004500 0.012500
0 0.283500 0.262240 0.004500 0.016146
0 0.272000 0.244792 0.007500 0.016667
0 0.291250 0.197656 0.006000 0.017188
0 0.270625 0.180208 0.008750 0.013542
0 0.476750 0.657031 0.003000 0.005729
0 0.477125 0.662240 0.003250 0.005729
0 0.475500 0.640365 0.004000 0.008854
0 0.474125 0.632292 0.003750 0.008333
0 0.485375 0.592448 0.006250 0.010937
0 0.480500 0.525000 0.007000 0.008333
0 0.460625 0.536719 0.004250 0.009896
0 0.462500 0.523438 0.003500 0.012500
0 0.458750 0.514323 0.003000 0.013021
0 0.457250 0.505990 0.003000 0.010937
0 0.455500 0.506771 0.002500 0.008333
0 0.477375 0.506510 0.003750 0.011979
0 0.471000 0.512240 0.004000 0.013021
0 0.470375 0.504687 0.004750 0.011458
0 0.469000 0.502083 0.004000 0.009375
0 0.475125 0.500781 0.005250 0.010937
0 0.479875 0.497656 0.004750 0.010937
0 0.475875 0.488802 0.005750 0.009896
0 0.455875 0.490104 0.004250 0.008333
0 0.455375 0.482031 0.003250 0.010937
0 0.454250 0.479687 0.003000 0.012500
0 0.452125 0.473958 0.003750 0.013542
0 0.455375 0.472656 0.002750 0.006771
0 0.454750 0.468490 0.004000 0.009896
0 0.450250 0.459635 0.003500 0.013021
0 0.452250 0.455729 0.003500 0.014583
0 0.447125 0.430208 0.005750 0.011458
0 0.468375 0.432292 0.006750 0.012500
0 0.456625 0.421875 0.004750 0.014583
0 0.458125 0.404427 0.004250 0.011979
0 0.455375 0.403385 0.002250 0.013021
0 0.444875 0.413542 0.004250 0.006250
0 0.444125 0.410156 0.003750 0.005729
0 0.454250 0.383073 0.008000 0.009896
0 0.442250 0.379427 0.005000 0.013021
0 0.438875 0.372656 0.003250 0.014063
0 0.450125 0.368490 0.007250 0.007812
0 0.452375 0.355729 0.006750 0.010417
0 0.454875 0.344271 0.005250 0.009375
0 0.434000 0.337240 0.005500 0.009896
0 0.449625 0.311719 0.006750 0.013021
0 0.450625 0.286979 0.007250 0.012500
0 0.435125 0.271615 0.005750 0.007812
0 0.417750 0.290625 0.006000 0.013542
0 0.440875 0.246094 0.005250 0.013021
0 0.450500 0.240104 0.007000 0.010417
0 0.436625 0.242188 0.002250 0.015625
0 0.438750 0.241927 0.002500 0.015104
0 0.418625 0.175781 0.007750 0.011979
0 0.408625 0.188281 0.005750 0.013021
0 0.406875 0.176302 0.003750 0.010937
0 0.393125 0.131771 0.004250 0.009375
0 0.392875 0.126042 0.003250 0.005208
0 0.393375 0.120573 0.003750 0.007812
0 0.415500 0.258594 0.004500 0.008854
0 0.525125 0.637760 0.004250 0.014063
0 0.525000 0.619271 0.007500 0.007292
0 0.534000 0.617448 0.004000 0.010937
0 0.529625 0.559115 0.003750 0.013021
0 0.533125 0.548698 0.003750 0.014063
0 0.523000 0.534375 0.004000 0.015625
0 0.525250 0.502083 0.003500 0.015625
0 0.526750 0.498958 0.002500 0.010417
0 0.525375 0.484115 0.004250 0.008854
0 0.528625 0.490104 0.003750 0.012500
0 0.539750 0.508073 0.004500 0.015104
0 0.535000 0.509635 0.005000 0.013021
0 0.532875 0.501302 0.004250 0.016146
0 0.538250 0.494271 0.004500 0.013542
0 0.529375 0.468490 0.004250 0.011979
0 0.526375 0.468229 0.004250 0.013542
0 0.527500 0.453385 0.003500 0.005729
0 0.527750 0.448177 0.003500 0.006771
0 0.528125 0.438281 0.003750 0.009896
0 0.556125 0.431250 0.006750 0.009375
0 0.563625 0.423177 0.007250 0.009896
0 0.527875 0.399740 0.003250 0.007812
0 0.530625 0.399219 0.004250 0.008854
0 0.527125 0.390885 0.004750 0.010937
0 0.532375 0.373177 0.004750 0.014063
0 0.528625 0.369010 0.003250 0.016146
0 0.531125 0.362500 0.004750 0.009375
0 0.530000 0.351302 0.004000 0.013021
0 0.558375 0.327604 0.008250 0.010417
0 0.528000 0.268750 0.004000 0.015625
0 0.578375 0.675260 0.004250 0.006771
0 0.576250 0.651042 0.004000 0.009375
0 0.577000 0.644531 0.004500 0.007812
0 0.564625 0.652865 0.003750 0.009896
0 0.581375 0.635938 0.005250 0.009375
0 0.585375 0.634635 0.003750 0.009896
0 0.694500 0.626302 0.003500 0.010937
