0 0.684000 0.652083 0.006500 0.009375
0 0.685625 0.665104 0.004750 0.016667
0 0.684500 0.688802 0.004000 0.015104
0 0.685500 0.700260 0.004500 0.007812
0 0.686750 0.704948 0.005500 0.010937
0 0.684000 0.934635 0.004000 0.015104
0 0.676500 0.926302 0.004500 0.016146
0 0.561125 0.556250 0.004750 0.013542
0 0.498000 0.652865 0.006500 0.014063
0 0.508875 0.623437 0.005750 0.012500
0 0.514875 0.627865 0.006750 0.008854
0 0.515250 0.636198 0.006000 0.010937
0 0.522625 0.659635 0.005750 0.010937
0 0.527000 0.656771 0.006000 0.008333
0 0.458875 0.771094 0.007250 0.014063
0 0.470625 0.730729 0.008750 0.014583
0 0.480125 0.664844 0.006750 0.019271
0 0.440750 0.769792 0.008000 0.011458
0 0.411125 0.799219 0.005250 0.014063
0 0.415625 0.807552 0.007250 0.011979
0 0.409500 0.777604 0.007500 0.013542
0 0.351750 0.866927 0.006500 0.009896
0 0.351250 0.874219 0.007000 0.009896
0 0.313750 0.874219 0.007000 0.013021
0 0.537250 0.394531 0.008500 0.011979
0 0.510375 0.393490 0.007750 0.010937
0 0.503500 0.395313 0.006000 0.010417
0 0.499375 0.367448 0.005250 0.011979
0 0.496500 0.362240 0.005000 0.010937
0 0.465875 0.395833 0.007250 0.011458
0 0.437125 0.396354 0.006250 0.013542
0 0.435250 0.346094 0.005500 0.015104
0 0.416750 0.322917 0.006500 0.011458
0 0.407000 0.421615 0.008000 0.015104
0 0.315375 0.389583 0.004250 0.014583
0 0.313625 0.382292 0.006750 0.012500
0 0.313125 0.377865 0.005750 0.009896
0 0.238000 0.387500 0.008000 0.009375
0 0.249375 0.383594 0.007250 0.007812
0 0.249500 0.377344 0.008500 0.006771
0 0.215125 0.382292 0.007250 0.007292
0 0.215375 0.377604 0.006250 0.007292
0 0.258000 0.415104 0.009000 0.014583
0 0.606500 0.392969 0.004500 0.010937
0 0.605125 0.388802 0.004750 0.005729
0 0.586250 0.263542 0.007000 0.011458
0 0.577875 0.205990 0.007750 0.014063
0 0.532250 0.144271 0.003000 0.017708
0 0.529625 0.143750 0.002750 0.017708
0 0.490250 0.136458 0.008000 0.014583
0 0.491375 0.117969 0.005250 0.013021
0 0.487250 0.120313 0.004000 0.012500
0 0.524875 0.072656 0.004750 0.014063
