0 0.566146 0.241000 0.013542 0.010000
0 0.630990 0.266000 0.011979 0.009000
0 0.759115 0.206000 0.018229 0.007000
0 0.832031 0.157750 0.015104 0.009000
0 0.774740 0.078000 0.011979 0.006500
0 0.771354 0.068625 0.016667 0.007750
0 0.161458 0.095500 0.009375 0.007500
0 0.177604 0.170625 0.017708 0.004750
0 0.184115 0.175750 0.015104 0.006000
0 0.350260 0.508750 0.017188 0.004000
0 0.570312 0.536250 0.013542 0.005500
0 0.592708 0.538125 0.010417 0.005250
0 0.642188 0.527125 0.013542 0.009250
0 0.685677 0.524500 0.010937 0.010000
0 0.827083 0.556750 0.010417 0.009000
0 0.950781 0.594750 0.013021 0.007000
0 0.654948 0.732125 0.013021 0.010250
0 0.681510 0.757500 0.011979 0.007000
0 0.694271 0.759250 0.012500 0.009000
0 0.515885 0.636750 0.018229 0.006500
0 0.479948 0.628625 0.017188 0.010750
0 0.264844 0.706500 0.013021 0.005500
0 0.261458 0.723875 0.011458 0.008250
0 0.277865 0.728875 0.011979 0.006250
0 0.256510 0.746250 0.014063 0.008500
0 0.400000 0.861500 0.014583 0.009000
0 0.337240 0.848125 0.010937 0.006250
0 0.332292 0.842250 0.013542 0.005000
