0 0.626563 0.476375 0.011458 0.003250
0 0.670833 0.520750 0.009375 0.005000
0 0.555208 0.528250 0.009375 0.004500
0 0.539844 0.548625 0.009896 0.003250
0 0.582031 0.536375 0.006771 0.003750
0 0.521615 0.527875 0.008854 0.003250
0 0.513281 0.523000 0.008854 0.004000
0 0.485156 0.519000 0.008854 0.004000
0 0.450260 0.509875 0.008854 0.003750
0 0.390625 0.532125 0.009375 0.002750
0 0.398698 0.507500 0.008854 0.003500
0 0.402865 0.515625 0.007812 0.003750
0 0.410417 0.516000 0.008333 0.004500
0 0.246875 0.488500 0.009375 0.004500
0 0.273698 0.480750 0.008854 0.002500
0 0.235677 0.476125 0.005729 0.003750
0 0.241406 0.477875 0.005729 0.004750
0 0.231510 0.461750 0.008854 0.005500
0 0.210677 0.458625 0.009896 0.003750
0 0.183594 0.464000 0.009896 0.005000
0 0.152083 0.453375 0.008333 0.005250
0 0.162760 0.456250 0.009896 0.003500
0 0.232813 0.423875 0.011458 0.004750
0 0.215104 0.442625 0.011458 0.003750
0 0.128906 0.424875 0.004687 0.004250
0 0.247135 0.390375 0.008854 0.003750
0 0.245833 0.403000 0.006250 0.005500
0 0.231250 0.411375 0.007292 0.002750
0 0.238281 0.410375 0.006771 0.005750
0 0.289323 0.391500 0.006771 0.005500
0 0.269010 0.380875 0.008854 0.004750
0 0.277865 0.378375 0.007812 0.004250
0 0.279948 0.374000 0.008854 0.004000
0 0.275260 0.367875 0.009896 0.004750
0 0.341667 0.355250 0.010417 0.005500
0 0.259115 0.353125 0.011979 0.004750
0 0.231771 0.333250 0.006250 0.005000
0 0.291927 0.318875 0.005729 0.005250
0 0.311458 0.324875 0.010417 0.003250
0 0.361198 0.340000 0.009896 0.004500
0 0.348438 0.319000 0.010417 0.005000
0 0.250000 0.313625 0.011458 0.005750
0 0.333854 0.296000 0.006250 0.005500
0 0.326562 0.301500 0.008333 0.003000
0 0.335156 0.307375 0.009896 0.004750
0 0.403906 0.279375 0.006771 0.005750
0 0.412240 0.283375 0.009896 0.003750
0 0.365625 0.270750 0.005208 0.006500
0 0.439583 0.257000 0.009375 0.005500
0 0.446875 0.245375 0.008333 0.005750
0 0.477604 0.267125 0.010417 0.005750
0 0.448437 0.309125 0.007292 0.004750
0 0.447917 0.292000 0.007292 0.005000
0 0.455208 0.293750 0.007292 0.002500
0 0.475781 0.230750 0.009896 0.003000
0 0.437240 0.223750 0.006771 0.006000
0 0.396875 0.216125 0.007292 0.005250
0 0.404427 0.213000 0.009896 0.003000
0 0.407812 0.210750 0.009375 0.002000
0 0.449479 0.198750 0.009375 0.004500
0 0.487760 0.217125 0.006771 0.004750
0 0.476823 0.178875 0.006771 0.005250
0 0.441406 0.178750 0.010937 0.006500
0 0.525260 0.143000 0.007812 0.004500
0 0.557292 0.110875 0.006250 0.005750
0 0.457031 0.103750 0.010937 0.003500
0 0.457292 0.100250 0.007292 0.004000
0 0.568750 0.063875 0.007292 0.004250
0 0.025260 0.247750 0.008854 0.005500
0 0.005208 0.250875 0.009375 0.003750
0 0.004948 0.254250 0.009896 0.003500
0 0.025000 0.296250 0.006250 0.006000
0 0.003125 0.304125 0.006250 0.003250
0 0.012760 0.294750 0.007812 0.002000
0 0.047917 0.317875 0.007292 0.004750
0 0.073958 0.319000 0.011458 0.005000
0 0.092969 0.327500 0.010937 0.003500
0 0.112760 0.327625 0.010937 0.005750
0 0.082552 0.333125 0.011979 0.002750
0 0.063281 0.332500 0.007812 0.005000
0 0.096615 0.347625 0.010937 0.004250
0 0.087760 0.352750 0.009896 0.005000
0 0.040104 0.347875 0.010417 0.003750
0 0.047656 0.362500 0.006771 0.005000
0 0.065625 0.359875 0.010417 0.005250
0 0.020313 0.376500 0.008333 0.005000
0 0.079427 0.369875 0.007812 0.004250
0 0.015104 0.543250 0.009375 0.003500
0 0.015625 0.558250 0.009375 0.003000
0 0.109375 0.566250 0.011458 0.004000
0 0.100000 0.579250 0.010417 0.003500
0 0.040885 0.583125 0.009896 0.007250
0 0.053646 0.576500 0.017708 0.004500
0 0.055990 0.647125 0.006771 0.004250
0 0.039323 0.706625 0.008854 0.003750
0 0.107031 0.932000 0.008854 0.004000
0 0.189844 0.939875 0.006771 0.006250
0 0.196875 0.953250 0.007292 0.004000
0 0.224740 0.961750 0.006771 0.004000
0 0.241146 0.961875 0.008333 0.002750
0 0.195833 0.979000 0.006250 0.005000
0 0.157292 0.991500 0.005208 0.005000
0 0.121094 0.983125 0.007812 0.003750
0 0.261979 0.986875 0.008333 0.002750
0 0.262760 0.952500 0.005729 0.004000
0 0.259375 0.945000 0.006250 0.003500
0 0.190365 0.902125 0.007812 0.002750
0 0.200000 0.836125 0.006250 0.004250
0 0.177604 0.833250 0.006250 0.003000
0 0.111198 0.796250 0.007812 0.003000
0 0.050521 0.767500 0.006250 0.003000
0 0.089844 0.625000 0.008854 0.004500
0 0.084375 0.637875 0.006250 0.004250
0 0.114583 0.621625 0.009375 0.004250
0 0.153646 0.573125 0.007292 0.004250
0 0.201563 0.575250 0.009375 0.003000
0 0.213021 0.572625 0.009375 0.002750
0 0.252865 0.589125 0.007812 0.004750
0 0.223177 0.591000 0.009896 0.005000
0 0.231510 0.621500 0.008854 0.003500
0 0.256771 0.627500 0.007292 0.005000
0 0.284896 0.620875 0.008333 0.004250
0 0.268750 0.617125 0.010417 0.005250
0 0.330208 0.627500 0.006250 0.005500
0 0.297917 0.621125 0.014583 0.006250
0 0.288021 0.676375 0.007292 0.004750
0 0.297656 0.684875 0.008854 0.003250
0 0.313542 0.735375 0.006250 0.003750
0 0.318490 0.738625 0.008854 0.004250
0 0.397396 0.782625 0.009375 0.002750
0 0.309896 0.812750 0.008333 0.003000
0 0.321354 0.814250 0.008333 0.005000
0 0.293490 0.786125 0.005729 0.002750
0 0.252083 0.873250 0.006250 0.003500
0 0.276562 0.849500 0.008333 0.003000
0 0.620052 0.792375 0.006771 0.003250
0 0.586198 0.782250 0.006771 0.003500
0 0.579427 0.780250 0.007812 0.003500
0 0.545573 0.777000 0.007812 0.004000
0 0.518490 0.662500 0.007812 0.003500
0 0.549479 0.630375 0.007292 0.004250
0 0.615885 0.626750 0.010937 0.004000
0 0.663021 0.665750 0.009375 0.004000
0 0.855990 0.726750 0.008854 0.003500
0 0.401302 0.599500 0.008854 0.003000
0 0.370312 0.587000 0.010417 0.003500
0 0.376563 0.593500 0.008333 0.005500
0 0.430208 0.592625 0.009375 0.004250
0 0.469792 0.603625 0.010417 0.005750
0 0.378125 0.569125 0.006250 0.005250
0 0.382552 0.567000 0.006771 0.004000
0 0.329427 0.550125 0.005729 0.004250
0 0.693750 0.563250 0.011458 0.004000
0 0.707031 0.511250 0.011979 0.005000
0 0.699740 0.511625 0.007812 0.003750
0 0.851562 0.498375 0.011458 0.003750
0 0.871354 0.523500 0.011458 0.004500
0 0.934375 0.492750 0.011458 0.003000
0 0.922917 0.545625 0.010417 0.004750
0 0.389323 0.432750 0.011979 0.005000
0 0.430469 0.437875 0.009896 0.003750
0 0.474219 0.433625 0.008854 0.005250
0 0.523958 0.425875 0.011458 0.003750
0 0.572396 0.414375 0.011458 0.003750
0 0.544792 0.398750 0.009375 0.003500
0 0.590885 0.401875 0.009896 0.004250
0 0.584375 0.384500 0.011458 0.004500
0 0.541927 0.380875 0.006771 0.004750
0 0.598437 0.368500 0.008333 0.005500
0 0.632292 0.370000 0.010417 0.005000
0 0.680990 0.413750 0.008854 0.004000
0 0.725521 0.381750 0.011458 0.002500
0 0.729427 0.386000 0.013021 0.004000
0 0.664583 0.386125 0.005208 0.004250
0 0.671875 0.387875 0.008333 0.003250
0 0.683594 0.359625 0.006771 0.005750
0 0.772396 0.360625 0.012500 0.003750
0 0.775260 0.378250 0.011979 0.004500
0 0.820052 0.343875 0.009896 0.006250
0 0.857292 0.341500 0.008333 0.004000
0 0.900521 0.357250 0.011458 0.004000
0 0.879167 0.381625 0.011458 0.003250
0 0.878646 0.384500 0.009375 0.003000
0 0.982552 0.371125 0.008854 0.004750
0 0.986979 0.365750 0.010417 0.002500
0 0.983073 0.363250 0.009896 0.002500
0 0.359375 0.750000 0.005208 0.004000
0 0.351302 0.748750 0.004687 0.003000
0 0.433073 0.737500 0.006771 0.003500
0 0.593490 0.735875 0.007812 0.002750
0 0.586719 0.730875 0.006771 0.002750
0 0.794792 0.759250 0.008333 0.004000
0 0.774740 0.769500 0.007812 0.003000
0 0.786719 0.775125 0.007812 0.003750
0 0.546094 0.203000 0.008854 0.004500
0 0.567708 0.193875 0.009375 0.004250
0 0.580469 0.023000 0.005729 0.003000
0 0.886198 0.640875 0.009896 0.004750
