0 0.712500 0.518750 0.007000 0.014583
0 0.676375 0.450521 0.008250 0.014583
0 0.587250 0.354167 0.007500 0.022917
0 0.696375 0.717448 0.006750 0.018229
0 0.633000 0.725781 0.007500 0.016146
0 0.688000 0.499740 0.007500 0.015104
0 0.677750 0.510938 0.006500 0.010417
0 0.647750 0.601302 0.004500 0.018229
0 0.624250 0.658594 0.008000 0.017188
0 0.653500 0.555990 0.008000 0.014063
0 0.661250 0.569792 0.004500 0.013542
0 0.670875 0.585938 0.005750 0.012500
0 0.759875 0.379427 0.006750 0.019271
0 0.608500 0.260417 0.005000 0.016667
0 0.603250 0.306510 0.007000 0.015104
0 0.590750 0.276302 0.007500 0.014063
0 0.644500 0.206510 0.005000 0.018229
0 0.806250 0.255990 0.009000 0.016146
0 0.698000 0.464844 0.005500 0.015104
0 0.688375 0.459635 0.004250 0.016146
0 0.684750 0.459375 0.006000 0.011458
0 0.684250 0.525521 0.005500 0.014583
0 0.605875 0.830990 0.005250 0.014063
0 0.609750 0.809635 0.006000 0.015104
0 0.603750 0.811719 0.007500 0.016146
0 0.622125 0.736719 0.006750 0.013021
0 0.622375 0.748177 0.005250 0.015104
0 0.601750 0.754167 0.006000 0.014583
0 0.602000 0.776042 0.008000 0.012500
0 0.581375 0.720833 0.006250 0.015625
0 0.580000 0.790625 0.006500 0.013542
0 0.573875 0.814583 0.007250 0.011458
0 0.589500 0.770573 0.006500 0.011979
0 0.587500 0.788021 0.006000 0.010417
0 0.617875 0.792448 0.006750 0.013021
0 0.634250 0.633333 0.006500 0.014583
0 0.639000 0.646615 0.007500 0.011979
0 0.726875 0.403646 0.007750 0.011458
0 0.730625 0.414323 0.007750 0.014063
0 0.753625 0.349740 0.006250 0.009896
0 0.752375 0.360417 0.003750 0.013542
0 0.770750 0.360677 0.008000 0.017188
0 0.764625 0.362240 0.004250 0.014063
0 0.760500 0.353906 0.004000 0.016146
0 0.547750 0.652344 0.008500 0.008854
0 0.547000 0.658333 0.007000 0.009375
0 0.539875 0.761198 0.006250 0.011979
0 0.477500 0.758854 0.007500 0.010417
0 0.466500 0.727865 0.006500 0.015104
0 0.460500 0.820833 0.008500 0.008333
0 0.457125 0.869010 0.008750 0.007812
0 0.420875 0.888542 0.005250 0.018750
0 0.402375 0.894531 0.007250 0.015104
0 0.425500 0.823437 0.006000 0.013542
0 0.360875 0.785677 0.007750 0.010937
0 0.374625 0.804688 0.004750 0.011458
0 0.388000 0.816406 0.008000 0.010937
0 0.378000 0.839062 0.009000 0.011458
0 0.376375 0.858073 0.011250 0.008854
0 0.409375 0.484896 0.004750 0.014583
0 0.447000 0.513021 0.004000 0.017708
0 0.438875 0.515625 0.007250 0.009375
0 0.431250 0.377083 0.005500 0.012500
0 0.408125 0.383854 0.005750 0.015625
0 0.407500 0.346094 0.006500 0.014063
0 0.403375 0.356250 0.005750 0.010417
0 0.396625 0.379948 0.003750 0.016146
0 0.401125 0.382552 0.003750 0.014063
0 0.341375 0.244271 0.005250 0.017708
0 0.392500 0.238021 0.005500 0.012500
0 0.366625 0.317448 0.005750 0.009896
0 0.379125 0.351562 0.007250 0.013542
0 0.407250 0.283333 0.007000 0.014583
0 0.398375 0.180990 0.007250 0.014063
0 0.387625 0.158594 0.007250 0.007812
0 0.381750 0.156510 0.005000 0.011979
0 0.383250 0.166667 0.006500 0.008333
0 0.378125 0.172917 0.004250 0.010417
0 0.376875 0.205208 0.005250 0.014583
0 0.381750 0.189323 0.009500 0.009896
0 0.384000 0.199740 0.008000 0.010937
0 0.392750 0.133594 0.008500 0.008854
0 0.392750 0.214062 0.005000 0.012500
0 0.416250 0.208594 0.006500 0.011979
0 0.407500 0.214323 0.006500 0.011979
0 0.407875 0.225521 0.004750 0.010417
0 0.414125 0.224219 0.006250 0.014063
0 0.398500 0.219792 0.007000 0.008333
0 0.416750 0.286458 0.006500 0.013542
0 0.425000 0.371615 0.007000 0.013021
0 0.428000 0.495833 0.008000 0.013542
0 0.466875 0.642448 0.005750 0.008854
0 0.482875 0.684115 0.005750 0.006771
0 0.496000 0.717448 0.007000 0.009896
0 0.494500 0.725260 0.007000 0.011979
0 0.551125 0.790365 0.008250 0.010937
0 0.238125 0.716406 0.010250 0.010937
0 0.231125 0.725781 0.006250 0.010937
0 0.205625 0.677083 0.007250 0.010417
0 0.219000 0.723698 0.006500 0.010937
0 0.197250 0.736719 0.010000 0.019271
0 0.221125 0.737760 0.008250 0.014063
0 0.213625 0.733333 0.006750 0.016667
0 0.670375 0.553906 0.006750 0.014063
0 0.674000 0.531510 0.007000 0.007812
0 0.673500 0.537760 0.008500 0.005729
0 0.658250 0.595833 0.007000 0.009375
0 0.658000 0.606250 0.006500 0.015625
0 0.588250 0.081771 0.008000 0.015625
0 0.602375 0.028385 0.005750 0.013021
0 0.654875 0.015885 0.010750 0.018229
0 0.592375 0.036979 0.003250 0.014583
0 0.595125 0.044010 0.005750 0.019271
0 0.629375 0.228906 0.004250 0.018229
