0 0.447375 0.038021 0.004750 0.009375
0 0.445875 0.034635 0.004750 0.009896
0 0.420500 0.105469 0.007000 0.015104
0 0.442375 0.170833 0.007750 0.016667
0 0.437125 0.192448 0.007750 0.013021
0 0.387000 0.183333 0.004500 0.014583
0 0.389875 0.194271 0.005250 0.011458
0 0.390000 0.203906 0.006000 0.011979
0 0.391750 0.222135 0.002500 0.010937
0 0.390000 0.221094 0.004500 0.011979
0 0.421000 0.157812 0.004000 0.011458
0 0.419375 0.156250 0.003750 0.011458
0 0.388125 0.320833 0.006250 0.010417
0 0.418500 0.439844 0.008000 0.016146
0 0.464000 0.373698 0.007500 0.010937
0 0.497125 0.319531 0.004250 0.008854
0 0.510500 0.275781 0.006500 0.009896
0 0.539125 0.258333 0.004250 0.010417
0 0.538500 0.253906 0.005000 0.006771
0 0.546250 0.251823 0.007500 0.013021
0 0.609500 0.245312 0.004500 0.013542
0 0.588125 0.261979 0.003750 0.012500
0 0.585625 0.260937 0.003750 0.011458
0 0.455750 0.551302 0.006500 0.016146
0 0.492875 0.548698 0.007750 0.014063
0 0.484875 0.537240 0.007750 0.018229
0 0.501500 0.516146 0.006000 0.014583
0 0.568000 0.526823 0.005500 0.018229
0 0.618750 0.533594 0.007500 0.006771
0 0.618500 0.528385 0.007000 0.006771
0 0.631250 0.519792 0.004500 0.012500
0 0.628250 0.518490 0.004000 0.011979
0 0.604000 0.602865 0.009500 0.009896
0 0.528750 0.606250 0.008500 0.011458
0 0.465625 0.792708 0.008750 0.011458
0 0.476000 0.764062 0.007000 0.013542
0 0.480500 0.760938 0.005000 0.012500
0 0.484250 0.756510 0.008000 0.009896
0 0.504250 0.753906 0.009000 0.011979
0 0.529750 0.783594 0.009000 0.014063
0 0.532250 0.772656 0.004500 0.008854
0 0.571000 0.862240 0.011000 0.015104
0 0.946500 0.601042 0.005500 0.010417
0 0.946000 0.634635 0.005500 0.010937
0 0.942625 0.726823 0.006250 0.016146
0 0.947875 0.702083 0.004250 0.005208
0 0.947875 0.698177 0.005750 0.005729
0 0.938250 0.815365 0.005000 0.009896
0 0.954000 0.505469 0.007000 0.009896
