0 0.718750 0.737760 0.006500 0.022396
0 0.584875 0.740885 0.006750 0.011979
0 0.695500 0.546354 0.007500 0.013542
0 0.723750 0.533333 0.007000 0.014583
0 0.738250 0.472917 0.008500 0.013542
0 0.715375 0.492448 0.008250 0.013021
0 0.711875 0.444010 0.005750 0.015104
0 0.639625 0.459635 0.009250 0.010937
0 0.623875 0.495312 0.009250 0.011458
0 0.614000 0.513542 0.007000 0.015625
0 0.595625 0.552865 0.009250 0.010937
0 0.658875 0.546094 0.006750 0.010937
0 0.668500 0.557552 0.004000 0.016146
0 0.692250 0.511458 0.009000 0.010417
0 0.684125 0.554167 0.008250 0.013542
0 0.679875 0.565104 0.004250 0.013542
0 0.563250 0.593750 0.008500 0.015625
0 0.590125 0.605208 0.005750 0.013542
0 0.544875 0.356510 0.009250 0.009896
0 0.567625 0.371354 0.008250 0.015625
0 0.581250 0.366927 0.004500 0.019271
0 0.540125 0.454687 0.008750 0.014583
0 0.547500 0.443229 0.009000 0.009375
0 0.632875 0.285417 0.008250 0.014583
0 0.666625 0.259115 0.006250 0.014063
0 0.684500 0.213542 0.008500 0.013542
0 0.628750 0.197135 0.006000 0.020313
0 0.597125 0.257031 0.007750 0.015104
0 0.601000 0.283594 0.008000 0.017188
0 0.522750 0.177604 0.007500 0.019792
0 0.511250 0.185156 0.007000 0.016146
0 0.512750 0.268229 0.004500 0.018750
0 0.503250 0.259635 0.004500 0.016146
0 0.494500 0.216667 0.011000 0.010417
0 0.502875 0.369531 0.005250 0.016146
0 0.499375 0.342708 0.005750 0.014583
0 0.491625 0.440625 0.006250 0.014583
0 0.483375 0.497396 0.008250 0.016667
0 0.467125 0.412760 0.005250 0.011979
0 0.456375 0.426823 0.008250 0.017188
0 0.441625 0.447396 0.006250 0.010417
0 0.481875 0.244010 0.004250 0.018229
0 0.488000 0.392708 0.004500 0.017708
0 0.489625 0.420312 0.005250 0.015625
0 0.584250 0.532813 0.006000 0.011458
0 0.632750 0.266667 0.004500 0.015625
0 0.627375 0.264583 0.005750 0.015625
0 0.421500 0.395833 0.005500 0.015625
0 0.431125 0.338802 0.006750 0.015104
0 0.422500 0.308073 0.007000 0.015104
0 0.415625 0.268229 0.004250 0.016667
0 0.407375 0.299219 0.007750 0.014063
0 0.483500 0.086198 0.006500 0.022396
0 0.363625 0.066406 0.005750 0.018229
0 0.358750 0.136458 0.007500 0.020833
0 0.357625 0.231771 0.004750 0.019792
0 0.483250 0.278906 0.008000 0.016146
0 0.600750 0.345313 0.007000 0.018750
0 0.407250 0.412240 0.009500 0.009896
0 0.346375 0.481510 0.007250 0.009896
0 0.330875 0.529427 0.007750 0.010937
0 0.368875 0.705469 0.005250 0.018229
0 0.353375 0.699219 0.007750 0.008854
0 0.354000 0.714583 0.008000 0.012500
0 0.332500 0.718750 0.007500 0.013542
0 0.358375 0.617708 0.008750 0.011458
0 0.322250 0.570052 0.006000 0.017188
0 0.387250 0.763021 0.005000 0.014583
0 0.322250 0.795052 0.008000 0.024479
0 0.296125 0.773177 0.004750 0.020313
0 0.284125 0.750000 0.008750 0.013542
0 0.310375 0.715104 0.008250 0.011458
0 0.304625 0.716927 0.004750 0.021354
0 0.291625 0.805729 0.008250 0.026042
0 0.354625 0.754687 0.007750 0.015625
0 0.332875 0.748177 0.004250 0.020313
0 0.338875 0.752083 0.005750 0.018750
0 0.306250 0.744010 0.007500 0.011979
0 0.312250 0.745833 0.005500 0.015625
0 0.327125 0.766927 0.004250 0.023438
0 0.325000 0.743750 0.008000 0.014583
0 0.318500 0.753906 0.007000 0.014063
0 0.317875 0.743490 0.006250 0.011979
0 0.386125 0.626563 0.008250 0.020833
0 0.388000 0.594271 0.009500 0.007292
0 0.388625 0.601562 0.008750 0.010417
0 0.274375 0.495833 0.007250 0.013542
0 0.278375 0.472917 0.007750 0.011458
0 0.271125 0.465365 0.007750 0.011979
0 0.254375 0.439583 0.007250 0.011458
0 0.227375 0.444010 0.007750 0.014063
0 0.239625 0.408854 0.009250 0.014583
0 0.294875 0.523177 0.010750 0.024479
0 0.313750 0.548177 0.008500 0.013021
0 0.322750 0.551562 0.006000 0.012500
0 0.330375 0.558333 0.008250 0.012500
0 0.331000 0.567969 0.008000 0.008854
0 0.332000 0.578125 0.007000 0.013542
0 0.350250 0.589323 0.009000 0.023438
0 0.371125 0.565365 0.007250 0.007812
0 0.348625 0.557813 0.007750 0.010417
0 0.362000 0.571354 0.008000 0.011458
0 0.378500 0.584115 0.009500 0.013021
0 0.356625 0.550000 0.009250 0.017708
0 0.318375 0.519792 0.004750 0.012500
0 0.415625 0.479427 0.006250 0.017188
0 0.424250 0.476042 0.009000 0.013542
0 0.420875 0.485677 0.005250 0.017188
0 0.427625 0.517708 0.007750 0.011458
0 0.434500 0.534896 0.008500 0.012500
0 0.434000 0.508333 0.006500 0.016667
0 0.418000 0.459375 0.008500 0.011458
0 0.429875 0.420052 0.009250 0.017188
0 0.422625 0.438802 0.004750 0.017188
0 0.417750 0.429948 0.006500 0.010937
0 0.480125 0.190885 0.005750 0.022396
0 0.489875 0.167448 0.008750 0.010937
0 0.496250 0.175781 0.007000 0.013021
0 0.491375 0.186198 0.006250 0.016146
0 0.554125 0.426042 0.007750 0.015625
0 0.561750 0.421354 0.007000 0.014583
0 0.571375 0.432031 0.006750 0.009896
0 0.567125 0.442969 0.005250 0.011979
0 0.543875 0.515365 0.005750 0.010937
0 0.538625 0.527344 0.004750 0.013021
0 0.636000 0.133854 0.005500 0.021875
0 0.660250 0.152083 0.005000 0.017708
0 0.644125 0.008333 0.007750 0.016667
0 0.673375 0.064062 0.008750 0.015625
0 0.688250 0.051823 0.004000 0.017188
0 0.684125 0.059115 0.006750 0.020313
0 0.657625 0.120052 0.008250 0.014063
0 0.657375 0.110417 0.008750 0.013542
0 0.589875 0.329427 0.011250 0.017188
0 0.764625 0.516146 0.004750 0.014583
0 0.755500 0.438281 0.008000 0.018229
0 0.696375 0.465365 0.010250 0.006771
0 0.697875 0.471615 0.007750 0.006771
0 0.693250 0.473958 0.008000 0.011458
0 0.471375 0.350781 0.004250 0.013021
0 0.471625 0.368229 0.003750 0.012500
0 0.494625 0.372656 0.003250 0.018229
0 0.497750 0.384896 0.008000 0.009375
0 0.491375 0.372656 0.003750 0.018229
0 0.493500 0.355469 0.004000 0.017188
0 0.488750 0.367708 0.004000 0.013542
0 0.488875 0.360417 0.006250 0.013542
0 0.487875 0.357031 0.005250 0.010937
0 0.483625 0.433073 0.004750 0.017188
0 0.486000 0.450000 0.006000 0.012500
0 0.489250 0.251823 0.003500 0.018229
0 0.486500 0.246354 0.006500 0.009375
0 0.483375 0.181771 0.004250 0.018750
0 0.583625 0.401302 0.003750 0.009896
0 0.580125 0.404948 0.003750 0.015104
0 0.587500 0.391927 0.005000 0.010937
0 0.636500 0.236458 0.004500 0.015625
0 0.632750 0.238802 0.003500 0.016146
