0 0.052604 0.500500 0.011458 0.008500
0 0.054688 0.451875 0.012500 0.008750
0 0.060156 0.446250 0.009896 0.007000
0 0.078646 0.428250 0.011458 0.009500
0 0.010677 0.395250 0.010937 0.008500
0 0.021615 0.387625 0.020313 0.005750
0 0.270052 0.454750 0.017188 0.005000
0 0.357552 0.466000 0.013021 0.006500
0 0.292969 0.411750 0.016146 0.008000
0 0.268750 0.373000 0.019792 0.006000
0 0.307552 0.364500 0.014063 0.006000
0 0.374219 0.297000 0.011979 0.005500
0 0.383594 0.298750 0.010937 0.008500
0 0.418490 0.299000 0.017188 0.006000
0 0.435156 0.321125 0.010937 0.006750
0 0.440885 0.330250 0.008854 0.008000
0 0.427865 0.334125 0.009896 0.008750
0 0.404427 0.347500 0.017188 0.007000
0 0.405729 0.374000 0.007292 0.006500
0 0.409635 0.373000 0.010937 0.007500
0 0.748177 0.314500 0.021354 0.006000
0 0.820833 0.333750 0.013542 0.012000
0 0.802604 0.351875 0.023958 0.006750
0 0.775781 0.374375 0.014063 0.007250
0 0.701302 0.355625 0.019271 0.010250
0 0.665625 0.402375 0.020833 0.006250
0 0.602865 0.405000 0.016146 0.010000
0 0.598958 0.392500 0.020833 0.007500
0 0.598698 0.428500 0.022396 0.011000
0 0.537240 0.442250 0.022396 0.008000
0 0.838802 0.403500 0.017188 0.010500
0 0.780990 0.409000 0.009896 0.007500
0 0.775260 0.407750 0.013021 0.009500
0 0.770312 0.458375 0.019792 0.013250
0 0.709635 0.488000 0.026562 0.008500
0 0.652865 0.493750 0.018229 0.008500
0 0.667188 0.486375 0.021875 0.007250
0 0.645833 0.487000 0.021875 0.007500
0 0.472135 0.489375 0.017188 0.006750
0 0.492448 0.506125 0.015104 0.012250
0 0.420312 0.555875 0.013542 0.008750
0 0.428385 0.549875 0.016146 0.006750
0 0.397656 0.606875 0.016146 0.010250
0 0.437500 0.605000 0.026042 0.010500
0 0.407031 0.627750 0.019271 0.010500
0 0.381250 0.634250 0.022917 0.008000
0 0.342708 0.676625 0.023958 0.009250
0 0.338021 0.705000 0.020833 0.009000
0 0.470833 0.671625 0.012500 0.008250
0 0.476042 0.678375 0.019792 0.005750
0 0.600781 0.637250 0.016146 0.010000
0 0.721094 0.536750 0.020313 0.011500
0 0.589063 0.529500 0.014583 0.009000
0 0.592187 0.522250 0.021875 0.007000
0 0.782813 0.559875 0.020833 0.010250
0 0.700000 0.561125 0.021875 0.010750
0 0.858073 0.524750 0.019271 0.006500
0 0.863542 0.565250 0.020833 0.008000
