0 0.302625 0.175000 0.007250 0.023958
0 0.308625 0.209896 0.010750 0.034375
0 0.326125 0.200260 0.015750 0.026562
0 0.336500 0.227344 0.012000 0.032813
0 0.415875 0.216146 0.010750 0.031250
0 0.400000 0.253125 0.015000 0.031250
0 0.389375 0.275521 0.010750 0.025000
0 0.448000 0.183333 0.008000 0.028125
0 0.470500 0.149740 0.023000 0.029687
0 0.642250 0.089583 0.016500 0.031250
0 0.651250 0.089583 0.010000 0.034375
0 0.672625 0.093229 0.011250 0.030208
0 0.695375 0.116146 0.015750 0.034375
0 0.763625 0.082031 0.009250 0.033854
0 0.725750 0.145313 0.015000 0.027083
0 0.681500 0.228646 0.016500 0.032292
0 0.627250 0.271615 0.009500 0.032813
0 0.590125 0.222917 0.010750 0.020833
0 0.606250 0.251042 0.010000 0.023958
0 0.568750 0.195052 0.013500 0.025521
0 0.652250 0.302344 0.009500 0.022396
0 0.662875 0.318750 0.009250 0.025000
0 0.554375 0.298438 0.006250 0.023958
0 0.561625 0.317188 0.009250 0.028125
0 0.538750 0.316406 0.006500 0.026562
0 0.511500 0.163802 0.012000 0.025521
0 0.520125 0.200260 0.009250 0.026562
0 0.513375 0.303906 0.007250 0.025521
0 0.518625 0.289583 0.010750 0.023958
0 0.534500 0.364063 0.015000 0.020833
0 0.583625 0.441406 0.009250 0.026562
0 0.555750 0.465885 0.006500 0.022396
0 0.565750 0.486719 0.006500 0.022396
0 0.547000 0.496615 0.010000 0.032813
0 0.549125 0.487760 0.014250 0.029687
0 0.553000 0.529948 0.008000 0.025521
0 0.566500 0.530729 0.008000 0.023958
0 0.565875 0.551562 0.007750 0.023958
0 0.558000 0.564844 0.008000 0.015104
0 0.571500 0.567187 0.012000 0.021875
0 0.580125 0.582031 0.007750 0.016146
0 0.575125 0.599219 0.010750 0.023438
0 0.581500 0.612500 0.008000 0.023958
0 0.564375 0.589583 0.009250 0.031250
0 0.559375 0.626042 0.009250 0.023958
0 0.569750 0.632031 0.011500 0.035937
0 0.585875 0.632812 0.009250 0.034375
0 0.617875 0.582031 0.010750 0.022396
0 0.623625 0.632031 0.010750 0.029687
0 0.616875 0.637240 0.011250 0.036979
0 0.617000 0.668229 0.010000 0.028125
0 0.614750 0.680469 0.010000 0.022396
0 0.602625 0.680469 0.007250 0.019271
0 0.596125 0.676562 0.007250 0.023958
0 0.575500 0.663281 0.010000 0.029687
0 0.600500 0.738281 0.007000 0.025521
0 0.603375 0.811979 0.007250 0.023958
0 0.601875 0.810417 0.014250 0.023958
0 0.618750 0.794271 0.006500 0.020833
0 0.550125 0.753125 0.010750 0.025000
0 0.416875 0.712240 0.015750 0.023438
0 0.437250 0.703125 0.013500 0.020833
0 0.435125 0.678906 0.009250 0.025521
0 0.437250 0.656510 0.009500 0.022396
0 0.452500 0.661458 0.010000 0.020833
0 0.439000 0.633333 0.008500 0.023958
0 0.398250 0.612500 0.011500 0.020833
0 0.410500 0.585156 0.010000 0.025521
0 0.397250 0.558073 0.010500 0.019271
0 0.454375 0.617188 0.009250 0.023958
0 0.455125 0.615625 0.010750 0.027083
0 0.459000 0.588542 0.011500 0.020833
0 0.456500 0.583594 0.013500 0.036979
0 0.458375 0.569271 0.007250 0.020833
0 0.447875 0.525521 0.010750 0.021875
0 0.445500 0.524740 0.008500 0.026562
0 0.468375 0.480208 0.012750 0.023958
0 0.432000 0.456250 0.010000 0.020833
0 0.435125 0.404427 0.010750 0.029687
0 0.449750 0.376042 0.010000 0.023958
0 0.445125 0.374479 0.012250 0.017708
0 0.466250 0.425000 0.008500 0.023958
0 0.468625 0.382812 0.010750 0.031250
0 0.469375 0.388542 0.012250 0.037500
0 0.461875 0.350000 0.015750 0.031250
0 0.460125 0.325260 0.007750 0.026562
0 0.476500 0.331510 0.008000 0.029687
0 0.397625 0.294010 0.008750 0.026562
0 0.382625 0.338021 0.012750 0.037500
0 0.378750 0.334115 0.015000 0.032813
0 0.368750 0.352083 0.013500 0.023958
0 0.367250 0.372135 0.010500 0.022396
0 0.358000 0.386979 0.013500 0.028125
0 0.356125 0.377604 0.017250 0.038542
0 0.300875 0.469792 0.012250 0.027083
0 0.301125 0.467448 0.012750 0.036979
0 0.310125 0.524740 0.016250 0.023438
0 0.338750 0.524740 0.016500 0.029687
0 0.284375 0.537500 0.016250 0.034375
0 0.284000 0.532813 0.017000 0.034375
