0 0.005208 0.606750 0.008333 0.007000
0 0.058333 0.625250 0.011458 0.004500
0 0.035156 0.594125 0.015104 0.005250
0 0.112240 0.573875 0.008854 0.003250
0 0.108854 0.571875 0.010417 0.005750
0 0.121615 0.533125 0.009896 0.006250
0 0.176823 0.543250 0.011979 0.005500
0 0.222396 0.515625 0.008333 0.005750
0 0.207552 0.511125 0.010937 0.005250
0 0.212500 0.507000 0.013542 0.003500
0 0.248177 0.504125 0.010937 0.003250
0 0.256771 0.499875 0.011458 0.002250
0 0.258333 0.496750 0.008333 0.004500
0 0.281510 0.512750 0.007812 0.006000
0 0.282552 0.518625 0.008854 0.004750
0 0.300260 0.521875 0.013021 0.004750
0 0.277344 0.528500 0.007812 0.006000
0 0.271615 0.534375 0.007812 0.003750
0 0.265885 0.545875 0.005729 0.005750
0 0.260677 0.548500 0.006771 0.004500
0 0.297917 0.546250 0.006250 0.004500
0 0.294792 0.545625 0.007292 0.005250
0 0.292187 0.557375 0.005208 0.005250
0 0.288281 0.557000 0.005729 0.006500
0 0.263802 0.586375 0.009896 0.005750
0 0.253646 0.589125 0.008333 0.006250
0 0.297656 0.598250 0.008854 0.006000
0 0.224219 0.596625 0.010937 0.004250
0 0.210677 0.602625 0.007812 0.005750
0 0.230469 0.572375 0.008854 0.003250
0 0.235156 0.569500 0.006771 0.006000
0 0.191667 0.631875 0.004167 0.005250
0 0.188281 0.631250 0.005729 0.006000
0 0.165104 0.645375 0.011458 0.004750
0 0.163021 0.649875 0.006250 0.004750
0 0.166667 0.653000 0.010417 0.003500
0 0.051823 0.780375 0.007812 0.006750
0 0.123958 0.755375 0.010417 0.005250
0 0.181250 0.696875 0.012500 0.004750
0 0.232552 0.690625 0.013021 0.004750
0 0.114583 0.691000 0.005208 0.005500
0 0.111458 0.690500 0.007292 0.005000
0 0.228906 0.663125 0.006771 0.005250
0 0.225781 0.662125 0.008854 0.005750
0 0.362760 0.486875 0.013021 0.003250
0 0.367969 0.490250 0.010937 0.003500
0 0.356250 0.503000 0.009375 0.003500
0 0.356771 0.511750 0.008333 0.003000
0 0.365104 0.510500 0.010417 0.003500
0 0.376302 0.519625 0.006771 0.004250
0 0.375521 0.523375 0.007292 0.003250
0 0.389323 0.516625 0.005729 0.005750
0 0.391146 0.512500 0.009375 0.002500
0 0.384896 0.512500 0.005208 0.005000
0 0.383333 0.528625 0.005208 0.004750
0 0.385937 0.528375 0.007292 0.005250
0 0.410938 0.538125 0.006250 0.006750
0 0.416667 0.535125 0.007292 0.006250
0 0.414583 0.542250 0.008333 0.005500
0 0.425781 0.537375 0.008854 0.005750
0 0.429948 0.547875 0.011979 0.005250
0 0.504167 0.592375 0.012500 0.004750
0 0.482031 0.608000 0.009896 0.003000
0 0.475521 0.608375 0.006250 0.006250
0 0.483333 0.617250 0.006250 0.006000
0 0.489063 0.616625 0.007292 0.004750
0 0.449219 0.642125 0.007812 0.005750
0 0.469531 0.641125 0.006771 0.005250
0 0.463021 0.640625 0.008333 0.005250
0 0.459896 0.645125 0.006250 0.005250
0 0.454687 0.646875 0.005208 0.004750
0 0.450000 0.648875 0.005208 0.005250
0 0.463542 0.650125 0.008333 0.005750
0 0.457552 0.658250 0.008854 0.004000
0 0.451823 0.654875 0.004687 0.005250
0 0.445312 0.654250 0.005208 0.004000
0 0.449479 0.658000 0.005208 0.005000
0 0.439062 0.659625 0.007292 0.005250
0 0.442708 0.661125 0.006250 0.003750
0 0.456771 0.678750 0.010417 0.004500
0 0.444792 0.676125 0.006250 0.003250
0 0.440104 0.674750 0.005208 0.005000
0 0.440625 0.670125 0.006250 0.004750
0 0.441927 0.666000 0.006771 0.004000
0 0.433594 0.672625 0.006771 0.003750
0 0.431771 0.671500 0.009375 0.004000
0 0.447917 0.666250 0.007292 0.002500
0 0.446094 0.668875 0.003646 0.002750
0 0.450521 0.668875 0.004167 0.002750
0 0.448698 0.671375 0.008854 0.003250
0 0.475000 0.712875 0.007292 0.003750
0 0.476302 0.711625 0.008854 0.004250
0 0.515104 0.698250 0.010417 0.002500
0 0.515365 0.696125 0.011979 0.002750
0 0.548958 0.683500 0.011458 0.004500
0 0.545052 0.680375 0.011979 0.003750
0 0.581250 0.780250 0.012500 0.006500
0 0.402083 0.467250 0.007292 0.005500
0 0.406250 0.477375 0.007292 0.003750
0 0.403646 0.463750 0.012500 0.004000
0 0.430469 0.468000 0.014063 0.004000
0 0.441667 0.471250 0.010417 0.004000
0 0.448698 0.474750 0.008854 0.006000
0 0.447656 0.487625 0.009896 0.004750
0 0.434375 0.485375 0.009375 0.002750
0 0.433594 0.483125 0.007812 0.002250
0 0.467448 0.493500 0.004687 0.005500
0 0.481510 0.477500 0.011979 0.004500
0 0.473438 0.480625 0.011458 0.003750
0 0.466146 0.482750 0.009375 0.003500
0 0.471615 0.485250 0.009896 0.004000
0 0.481510 0.486750 0.009896 0.004500
0 0.493229 0.487250 0.013542 0.002500
0 0.492188 0.489750 0.008333 0.003000
0 0.509896 0.486750 0.011458 0.005000
0 0.492188 0.482500 0.006250 0.005000
0 0.494792 0.481750 0.006250 0.004000
0 0.509635 0.493250 0.007812 0.002500
0 0.508073 0.490875 0.010937 0.003250
0 0.505469 0.504250 0.009896 0.004000
0 0.491146 0.501375 0.008333 0.003250
0 0.492969 0.499750 0.010937 0.003500
0 0.510417 0.517750 0.014583 0.004000
0 0.535937 0.515875 0.010417 0.005750
0 0.538021 0.503125 0.010417 0.005250
0 0.554948 0.509125 0.010937 0.003750
0 0.557813 0.512875 0.009375 0.004750
0 0.564844 0.513625 0.007812 0.005750
0 0.576562 0.514125 0.009375 0.004750
0 0.581250 0.512250 0.009375 0.005500
0 0.585417 0.509375 0.008333 0.003250
0 0.620313 0.523875 0.010417 0.005250
0 0.640365 0.532000 0.010937 0.004500
0 0.601042 0.539875 0.009375 0.004750
0 0.571875 0.547250 0.012500 0.003500
0 0.623437 0.558750 0.012500 0.003500
0 0.661719 0.548125 0.009896 0.004250
0 0.702083 0.561625 0.009375 0.005250
0 0.849219 0.662250 0.010937 0.004000
0 0.459896 0.435875 0.010417 0.003750
0 0.528385 0.435625 0.015104 0.004250
0 0.548177 0.422250 0.013021 0.003000
0 0.552083 0.419500 0.009375 0.003500
0 0.585938 0.406000 0.014583 0.004500
0 0.609375 0.411375 0.013542 0.005250
0 0.582031 0.417000 0.009896 0.006500
0 0.589063 0.422250 0.012500 0.005000
0 0.571615 0.432625 0.005729 0.002250
0 0.567969 0.431625 0.007812 0.004250
0 0.670312 0.411125 0.011458 0.003250
0 0.667708 0.407750 0.013542 0.005000
0 0.702344 0.399375 0.007812 0.005250
0 0.701302 0.394000 0.009896 0.006000
0 0.712500 0.405000 0.012500 0.004500
0 0.706771 0.413250 0.007292 0.004000
0 0.720313 0.418250 0.015625 0.004000
0 0.740365 0.417375 0.016146 0.004250
0 0.778646 0.415625 0.011458 0.004750
0 0.790625 0.394375 0.012500 0.004750
0 0.788281 0.393125 0.009896 0.003250
0 0.613281 0.360250 0.008854 0.006500
0 0.572656 0.383750 0.013021 0.004500
