0 0.610500 0.708073 0.005500 0.006771
0 0.666625 0.689844 0.006750 0.013021
0 0.685500 0.770052 0.006000 0.015104
0 0.739750 0.670573 0.006000 0.009896
0 0.726250 0.675260 0.007000 0.011979
0 0.645625 0.665104 0.005250 0.010417
0 0.645625 0.672917 0.007250 0.009375
0 0.578750 0.660417 0.004500 0.010417
0 0.583750 0.633073 0.004000 0.010937
0 0.589500 0.619271 0.004000 0.008333
0 0.611625 0.523698 0.004250 0.007812
0 0.636750 0.502344 0.003000 0.008854
0 0.643750 0.440104 0.004000 0.012500
0 0.631375 0.421615 0.005250 0.008854
0 0.629875 0.399740 0.006250 0.007812
0 0.634000 0.411198 0.005000 0.006771
0 0.664125 0.348958 0.002750 0.011458
0 0.662750 0.357812 0.004000 0.009375
0 0.520125 0.519271 0.003750 0.011458
0 0.527750 0.517708 0.003500 0.011458
0 0.531000 0.517188 0.003500 0.009375
0 0.524750 0.294531 0.005500 0.010937
0 0.475625 0.282813 0.006750 0.010417
0 0.492375 0.265104 0.005250 0.008333
0 0.502375 0.252865 0.003250 0.014063
0 0.504500 0.220573 0.004500 0.007812
0 0.481625 0.185417 0.004250 0.011458
0 0.450125 0.137240 0.005750 0.005729
0 0.482750 0.125521 0.006500 0.007292
0 0.495500 0.085417 0.004500 0.009375
0 0.500000 0.111458 0.004000 0.006250
0 0.497125 0.114844 0.005250 0.007812
0 0.471250 0.071875 0.004000 0.009375
0 0.480125 0.064323 0.004750 0.013021
0 0.470250 0.043229 0.005000 0.011458
0 0.484500 0.654427 0.003500 0.010937
0 0.481875 0.632552 0.005750 0.008854
0 0.426500 0.551823 0.004500 0.009896
0 0.371750 0.457292 0.003500 0.009375
0 0.357875 0.438281 0.004750 0.010937
0 0.366125 0.428385 0.006750 0.009896
0 0.269750 0.299219 0.004500 0.011979
0 0.256875 0.254167 0.005750 0.012500
0 0.326875 0.237500 0.004750 0.007292
0 0.335250 0.280208 0.003500 0.011458
0 0.341375 0.280729 0.006250 0.013542
0 0.501000 0.797396 0.004500 0.010417
0 0.659375 0.295052 0.005750 0.009896
0 0.655500 0.287500 0.003000 0.012500
0 0.665375 0.183073 0.005250 0.011979
0 0.704375 0.168490 0.005250 0.011979
0 0.683000 0.105990 0.004500 0.013021
0 0.699375 0.059115 0.005250 0.013021
0 0.839625 0.468750 0.005750 0.008333
