0 0.751500 0.812240 0.006500 0.024479
0 0.666875 0.705729 0.004750 0.017708
0 0.655125 0.725260 0.008750 0.019271
0 0.643875 0.688802 0.005750 0.009896
0 0.742625 0.765365 0.009250 0.014063
0 0.611250 0.675000 0.008500 0.021875
0 0.686750 0.668229 0.003000 0.010417
0 0.684000 0.662760 0.003000 0.011979
0 0.688500 0.658854 0.005000 0.007292
0 0.644500 0.720573 0.004000 0.010937
0 0.647500 0.696094 0.004000 0.011979
0 0.575625 0.659375 0.005750 0.012500
0 0.580375 0.679167 0.003750 0.010417
0 0.586125 0.686979 0.004250 0.011458
0 0.541875 0.648958 0.005250 0.006250
0 0.529500 0.634115 0.005000 0.007812
0 0.522500 0.607031 0.005000 0.010937
0 0.470000 0.558333 0.005500 0.008333
0 0.545125 0.494531 0.004250 0.010937
0 0.464875 0.517708 0.005250 0.010417
0 0.460250 0.530990 0.003500 0.013021
0 0.457625 0.533073 0.003750 0.014063
0 0.474875 0.295833 0.003250 0.013542
0 0.464500 0.383594 0.004500 0.008854
0 0.468750 0.389583 0.005000 0.010417
0 0.598000 0.269792 0.004000 0.012500
0 0.581125 0.293750 0.005250 0.011458
0 0.598500 0.319010 0.005000 0.009896
0 0.568750 0.363542 0.005000 0.007292
0 0.574250 0.340104 0.004500 0.009375
0 0.576750 0.346875 0.004500 0.009375
0 0.584000 0.370312 0.004000 0.006250
0 0.581750 0.359635 0.005000 0.006771
0 0.583625 0.364063 0.004250 0.007292
0 0.593500 0.167969 0.003500 0.014063
0 0.599250 0.217969 0.006500 0.008854
0 0.607250 0.219271 0.004000 0.011458
0 0.604125 0.217448 0.003250 0.010937
0 0.603000 0.113802 0.006000 0.010937
0 0.598000 0.088281 0.004500 0.013021
0 0.455875 0.160417 0.003750 0.014583
0 0.470500 0.062500 0.006000 0.010417
0 0.440500 0.170313 0.004500 0.012500
0 0.402750 0.170833 0.004000 0.014583
0 0.409125 0.157292 0.005250 0.012500
0 0.402375 0.188802 0.003250 0.011979
0 0.407500 0.207552 0.004000 0.013021
0 0.411000 0.224219 0.004000 0.014063
0 0.409625 0.263021 0.005750 0.008333
0 0.433375 0.190365 0.005250 0.016146
0 0.427250 0.206250 0.006000 0.012500
0 0.409625 0.183594 0.005250 0.009896
0 0.446625 0.396354 0.003750 0.014583
0 0.426750 0.373698 0.006500 0.009896
0 0.419875 0.390625 0.005750 0.009375
0 0.423500 0.413021 0.008000 0.009375
0 0.420875 0.423437 0.004750 0.010417
0 0.434750 0.387240 0.004500 0.014063
0 0.439375 0.383333 0.004250 0.010417
0 0.440750 0.392708 0.006000 0.008333
0 0.433000 0.295833 0.003500 0.013542
0 0.425750 0.293490 0.006000 0.004687
0 0.424625 0.303906 0.003750 0.010937
0 0.432875 0.311198 0.005750 0.010937
0 0.435500 0.045573 0.005500 0.011979
0 0.429250 0.051562 0.005000 0.011458
0 0.430750 0.064323 0.006500 0.013021
0 0.399875 0.036719 0.005750 0.007812
0 0.385500 0.026823 0.005000 0.011979
0 0.373000 0.040625 0.004500 0.011458
0 0.369625 0.070573 0.006750 0.008854
0 0.390500 0.056250 0.006500 0.008333
0 0.390375 0.069792 0.006250 0.011458
0 0.397500 0.075000 0.003000 0.012500
0 0.392500 0.099740 0.005000 0.009896
0 0.398750 0.106250 0.007000 0.008333
0 0.356875 0.085938 0.003250 0.016667
0 0.362625 0.091667 0.005750 0.008333
0 0.362250 0.083073 0.005000 0.007812
0 0.460625 0.296094 0.004750 0.009896
0 0.202500 0.266667 0.006000 0.011458
0 0.153375 0.297656 0.007250 0.013021
0 0.206875 0.340885 0.006250 0.015104
0 0.237500 0.379688 0.006500 0.012500
0 0.246500 0.302604 0.005500 0.013542
0 0.251875 0.290365 0.006250 0.013021
0 0.291875 0.461719 0.004250 0.015104
0 0.341375 0.493229 0.007250 0.010417
0 0.305500 0.452604 0.007000 0.012500
0 0.324625 0.495833 0.006750 0.012500
0 0.408875 0.570573 0.004750 0.015104
0 0.430125 0.635417 0.006750 0.009375
0 0.477125 0.497396 0.004750 0.012500
0 0.261125 0.345573 0.004750 0.014063
0 0.419125 0.135677 0.007750 0.014063
0 0.410625 0.103125 0.004750 0.008333
0 0.413000 0.115365 0.008500 0.014063
0 0.380000 0.052604 0.003500 0.011458
0 0.383500 0.057292 0.002500 0.012500
0 0.211375 0.216146 0.005750 0.009375
0 0.208250 0.226302 0.004000 0.016146
0 0.137625 0.342187 0.007750 0.007292
0 0.311250 0.377865 0.008000 0.010937
0 0.330875 0.741667 0.007250 0.010417
0 0.283375 0.799479 0.005750 0.013542
0 0.286000 0.866406 0.005500 0.016146
0 0.275125 0.843750 0.004750 0.011458
0 0.278750 0.873958 0.006000 0.020833
0 0.368625 0.873958 0.006750 0.013542
0 0.362125 0.890885 0.007750 0.016146
0 0.377500 0.810417 0.006000 0.016667
0 0.289625 0.904948 0.006750 0.014063
0 0.301250 0.894792 0.007000 0.012500
0 0.426625 0.742448 0.006750 0.013021
0 0.411250 0.781771 0.007500 0.015625
0 0.390500 0.780729 0.007000 0.011458
0 0.401125 0.736979 0.006250 0.012500
0 0.390250 0.733854 0.005500 0.014583
0 0.391000 0.747656 0.005500 0.011979
0 0.385375 0.736979 0.005750 0.012500
0 0.333125 0.859635 0.005250 0.017188
0 0.311750 0.870573 0.007000 0.009896
0 0.405375 0.758333 0.008250 0.008333
0 0.644250 0.250781 0.007500 0.014063
0 0.637375 0.337500 0.005750 0.010417
0 0.616750 0.167187 0.008500 0.012500
0 0.629250 0.077865 0.007000 0.013021
0 0.728625 0.023698 0.007750 0.009896
0 0.728625 0.099219 0.006250 0.016146
0 0.670500 0.062500 0.007000 0.014583
0 0.697125 0.035156 0.007250 0.014063
0 0.658750 0.144271 0.006500 0.015625
0 0.646625 0.145573 0.006250 0.019271
0 0.654625 0.207031 0.005750 0.011979
0 0.661375 0.204948 0.006250 0.013021
0 0.660375 0.216667 0.004250 0.017708
0 0.626250 0.257812 0.008500 0.014583
0 0.580750 0.422656 0.005500 0.011979
0 0.587625 0.420573 0.007250 0.011979
0 0.669000 0.121354 0.006000 0.014583
0 0.638625 0.100781 0.005250 0.016146
0 0.686500 0.107812 0.006000 0.012500
0 0.627250 0.013021 0.005000 0.015625
0 0.626875 0.036979 0.008250 0.010417
0 0.715375 0.014063 0.006750 0.018750
0 0.696875 0.097396 0.004250 0.016667
0 0.711875 0.100000 0.003750 0.013542
0 0.705875 0.091667 0.004750 0.015625
0 0.704750 0.053385 0.005000 0.011979
0 0.704875 0.075000 0.008750 0.010417
0 0.647125 0.086198 0.007250 0.013021
0 0.678625 0.112760 0.007750 0.010937
0 0.712875 0.066146 0.004250 0.011458
0 0.660500 0.063281 0.006000 0.016146
