0 0.161000 0.251302 0.007000 0.009896
0 0.320250 0.103125 0.006500 0.012500
0 0.322250 0.192448 0.004000 0.008854
0 0.222375 0.854167 0.004750 0.006250
0 0.215250 0.839062 0.005500 0.007292
0 0.219125 0.831250 0.005750 0.008333
0 0.227500 0.809896 0.004000 0.010417
0 0.236125 0.837240 0.005250 0.007812
0 0.238875 0.859896 0.004250 0.008333
0 0.256000 0.876563 0.006000 0.010417
0 0.294750 0.864062 0.005000 0.009375
0 0.298750 0.804948 0.005500 0.006771
0 0.298750 0.798698 0.003500 0.008854
0 0.278875 0.791406 0.006250 0.006771
0 0.254625 0.788802 0.004750 0.007812
0 0.258000 0.795052 0.004500 0.010937
0 0.278500 0.782552 0.006000 0.009896
0 0.312375 0.792448 0.005750 0.009896
0 0.316250 0.761458 0.005000 0.010417
0 0.322625 0.779948 0.004250 0.010937
0 0.325875 0.786979 0.003750 0.007292
0 0.325000 0.784635 0.004500 0.008854
0 0.346375 0.793229 0.005250 0.007292
0 0.342375 0.762240 0.005750 0.009896
0 0.365875 0.745833 0.004750 0.007292
0 0.366625 0.791146 0.002750 0.008333
0 0.365000 0.789583 0.003500 0.007292
0 0.354500 0.749219 0.005500 0.009896
0 0.360375 0.742448 0.004750 0.003646
0 0.360250 0.738802 0.005500 0.004687
0 0.362625 0.736198 0.004750 0.005729
0 0.379750 0.719010 0.003000 0.008854
0 0.384000 0.751042 0.005500 0.008333
0 0.392000 0.737500 0.004000 0.009375
0 0.393125 0.729948 0.003750 0.007812
0 0.389250 0.726042 0.005000 0.009375
0 0.380875 0.777865 0.004750 0.004687
0 0.384125 0.781510 0.005250 0.005729
0 0.405375 0.770833 0.005250 0.008333
0 0.414125 0.780208 0.005250 0.006250
0 0.429250 0.758854 0.006000 0.009375
0 0.416375 0.756510 0.002750 0.003646
0 0.417875 0.754167 0.004250 0.006250
0 0.435500 0.724219 0.005000 0.007812
0 0.447750 0.728906 0.005000 0.006771
0 0.456875 0.726823 0.003750 0.008854
0 0.435875 0.718490 0.004250 0.005729
0 0.410875 0.719010 0.002750 0.007812
0 0.404875 0.717969 0.006750 0.007812
0 0.423125 0.731771 0.004750 0.006250
0 0.423625 0.728385 0.004250 0.004687
0 0.417625 0.717969 0.003250 0.005729
0 0.420625 0.717448 0.002750 0.005729
0 0.478750 0.714844 0.003500 0.009896
0 0.464625 0.667708 0.003250 0.005208
0 0.441750 0.669271 0.003000 0.008333
0 0.438875 0.672396 0.003750 0.008333
0 0.438000 0.666406 0.005000 0.005729
0 0.426000 0.656771 0.005000 0.008333
0 0.415000 0.662240 0.005500 0.006771
0 0.393375 0.621354 0.005250 0.007292
0 0.389750 0.616927 0.005000 0.005729
0 0.312875 0.626563 0.004750 0.008333
0 0.333125 0.610156 0.005750 0.008854
0 0.322375 0.598698 0.005250 0.006771
0 0.322750 0.595052 0.005000 0.005729
0 0.302500 0.604427 0.005000 0.007812
0 0.305125 0.601042 0.004750 0.008333
0 0.304625 0.596615 0.004250 0.006771
0 0.251375 0.632292 0.005250 0.008333
0 0.267500 0.568229 0.005000 0.005208
0 0.269125 0.565365 0.004250 0.009896
0 0.282875 0.564844 0.005750 0.007812
0 0.288375 0.562500 0.005250 0.009375
0 0.260875 0.515885 0.005750 0.007812
0 0.265250 0.515625 0.003500 0.009375
0 0.221750 0.471615 0.006000 0.008854
0 0.234250 0.498437 0.005000 0.007292
0 0.229500 0.495573 0.006000 0.010937
0 0.219875 0.515365 0.005250 0.004687
0 0.219250 0.511719 0.005000 0.003646
0 0.209875 0.464844 0.005250 0.008854
0 0.489750 0.649479 0.004000 0.011458
0 0.478500 0.611198 0.004500 0.011979
0 0.454125 0.521875 0.004250 0.010417
0 0.438000 0.510677 0.003500 0.009896
0 0.439875 0.471354 0.004250 0.007292
0 0.439875 0.456510 0.004250 0.010937
0 0.425500 0.491927 0.002000 0.011979
0 0.423750 0.491667 0.001500 0.009375
0 0.419125 0.442708 0.005250 0.008333
0 0.418625 0.398177 0.003250 0.007812
0 0.366375 0.314583 0.005250 0.009375
0 0.342875 0.323437 0.005250 0.010417
0 0.331000 0.322135 0.002500 0.009896
0 0.328500 0.320833 0.002500 0.009375
0 0.310125 0.255729 0.005250 0.010417
0 0.336625 0.259635 0.005250 0.013021
0 0.324500 0.221354 0.003500 0.010417
0 0.359375 0.219010 0.006250 0.010937
0 0.386125 0.269271 0.006750 0.009375
0 0.380500 0.269792 0.005000 0.011458
0 0.368875 0.253385 0.004250 0.009896
0 0.368625 0.259896 0.005750 0.005208
0 0.371000 0.264844 0.005000 0.004687
0 0.381000 0.287760 0.003500 0.006771
0 0.380000 0.290885 0.004500 0.009896
0 0.345250 0.192188 0.004000 0.005208
0 0.344875 0.196354 0.005250 0.006250
0 0.533500 0.453906 0.004500 0.011979
0 0.547125 0.419271 0.002750 0.012500
0 0.534250 0.410417 0.003500 0.010417
0 0.534500 0.420833 0.004000 0.008333
0 0.533625 0.418229 0.003250 0.005208
0 0.551625 0.422656 0.002250 0.009896
0 0.549750 0.424740 0.002000 0.009896
0 0.533625 0.372656 0.004250 0.007812
0 0.544500 0.367188 0.004500 0.010417
0 0.557250 0.355990 0.003000 0.009896
0 0.543000 0.382031 0.004500 0.008854
0 0.546750 0.383594 0.003000 0.010937
0 0.521000 0.346875 0.003500 0.008333
0 0.540125 0.345573 0.004750 0.007812
0 0.536500 0.302083 0.004500 0.012500
0 0.559000 0.303646 0.004500 0.012500
0 0.588625 0.229948 0.005750 0.011979
0 0.564750 0.241146 0.006000 0.009375
0 0.561375 0.233333 0.005250 0.008333
0 0.562750 0.225781 0.003500 0.009896
0 0.546125 0.177344 0.004750 0.010937
0 0.598250 0.166927 0.004500 0.007812
0 0.611500 0.059635 0.005500 0.014063
0 0.551250 0.624219 0.005000 0.008854
0 0.583625 0.591146 0.003250 0.010417
0 0.579625 0.581771 0.003750 0.010417
0 0.575500 0.559375 0.004000 0.007292
0 0.585375 0.596094 0.002250 0.005729
0 0.576750 0.513281 0.004500 0.006771
0 0.595875 0.510156 0.004750 0.008854
0 0.590625 0.502344 0.004250 0.008854
0 0.589125 0.430469 0.004250 0.006771
0 0.653250 0.476042 0.003000 0.007292
0 0.664250 0.448698 0.003000 0.007812
0 0.666375 0.413802 0.003250 0.009896
0 0.654000 0.622396 0.005000 0.006250
0 0.659125 0.607552 0.003750 0.007812
0 0.666375 0.613021 0.003250 0.006250
0 0.670750 0.612500 0.003500 0.005208
0 0.674625 0.611979 0.003250 0.007292
0 0.678750 0.614844 0.002000 0.005729
0 0.681125 0.613802 0.002250 0.005729
0 0.686000 0.605208 0.004500 0.009375
0 0.671500 0.604688 0.004500 0.004167
0 0.672500 0.600521 0.003500 0.004167
0 0.694500 0.607552 0.003500 0.005729
0 0.698000 0.616667 0.002500 0.006250
0 0.694875 0.621354 0.003250 0.005208
0 0.691750 0.622135 0.003000 0.006771
0 0.709375 0.627344 0.004250 0.005729
0 0.712125 0.632292 0.004250 0.006250
0 0.704875 0.635417 0.002750 0.005208
0 0.707375 0.633854 0.002750 0.005208
0 0.745125 0.613281 0.004750 0.008854
0 0.865875 0.327344 0.004250 0.008854
0 0.909750 0.384635 0.003500 0.007812
0 0.912125 0.155208 0.003250 0.009375
0 0.939750 0.144010 0.003000 0.009896
0 0.934875 0.103906 0.005250 0.007812
0 0.920000 0.093750 0.005500 0.011458
0 0.823625 0.127344 0.004250 0.006771
0 0.854250 0.092969 0.005500 0.007812
0 0.379750 0.020313 0.006000 0.009375
0 0.396375 0.162240 0.007750 0.014063
