0 0.655625 0.958333 0.005250 0.012500
0 0.657500 0.950781 0.008500 0.018229
0 0.668875 0.939323 0.008250 0.009896
0 0.668625 0.947396 0.009750 0.007292
0 0.669000 0.954948 0.008000 0.013021
0 0.686375 0.918750 0.010750 0.015625
0 0.700375 0.867448 0.009250 0.010937
0 0.700125 0.855729 0.009250 0.012500
0 0.707250 0.838281 0.010000 0.014063
0 0.675375 0.857031 0.006750 0.022396
0 0.670750 0.869010 0.006000 0.026562
0 0.659875 0.876563 0.005250 0.016667
0 0.663750 0.875781 0.007000 0.021354
0 0.625125 0.963281 0.007250 0.026562
0 0.571875 0.812760 0.013750 0.016146
0 0.511000 0.831510 0.012500 0.014063
0 0.569125 0.776563 0.011750 0.013542
0 0.570250 0.770052 0.009500 0.009896
0 0.409125 0.813542 0.010250 0.019792
0 0.417875 0.811458 0.009750 0.012500
0 0.416375 0.805208 0.011250 0.012500
0 0.440750 0.742448 0.012500 0.016146
0 0.394500 0.776563 0.013500 0.016667
0 0.377625 0.822396 0.010250 0.020833
0 0.376375 0.816406 0.008750 0.016146
0 0.348875 0.800000 0.012750 0.014583
0 0.349500 0.784375 0.010000 0.016667
0 0.352750 0.823958 0.008500 0.013542
0 0.351500 0.818490 0.011000 0.016146
0 0.333625 0.797656 0.011750 0.010937
0 0.339500 0.787760 0.010500 0.014063
0 0.336625 0.782813 0.010250 0.012500
0 0.119250 0.869010 0.010500 0.020313
0 0.144375 0.838021 0.006750 0.021875
0 0.138750 0.827344 0.009000 0.020313
0 0.072625 0.856250 0.012750 0.011458
0 0.072125 0.847135 0.011250 0.008854
0 0.078750 0.841406 0.011500 0.015104
0 0.082125 0.827604 0.014250 0.015625
0 0.647625 0.615885 0.012250 0.018229
0 0.589750 0.561198 0.013500 0.018229
0 0.557125 0.501563 0.006250 0.021875
0 0.510125 0.486458 0.012250 0.018750
0 0.476625 0.461719 0.011750 0.010937
0 0.476500 0.453906 0.009000 0.007812
0 0.414875 0.399740 0.006750 0.021354
0 0.429625 0.336979 0.009750 0.016667
0 0.367625 0.371354 0.010250 0.011458
0 0.368500 0.365104 0.009000 0.009375
0 0.300375 0.304167 0.010750 0.015625
0 0.663625 0.520312 0.007250 0.026042
0 0.668750 0.480729 0.010500 0.020833
0 0.512375 0.210156 0.008250 0.011979
0 0.513750 0.204948 0.007000 0.010937
0 0.347125 0.037760 0.017750 0.030729
0 0.726625 0.146875 0.009750 0.017708
0 0.693500 0.082812 0.010500 0.014583
0 0.793625 0.330208 0.006750 0.016667
0 0.791625 0.326562 0.006750 0.014583
0 0.768250 0.650260 0.007500 0.020313
0 0.799375 0.606250 0.006250 0.022917
0 0.834750 0.594531 0.009000 0.015104
