0 0.356875 0.790885 0.006750 0.015104
0 0.400625 0.741927 0.005250 0.020313
0 0.419375 0.711719 0.006250 0.016146
0 0.422125 0.752083 0.006750 0.018750
0 0.454375 0.761979 0.009750 0.016667
0 0.421500 0.509115 0.006000 0.017188
0 0.364750 0.456510 0.009000 0.017188
0 0.571375 0.474219 0.005250 0.009896
0 0.570375 0.465625 0.006250 0.008333
0 0.541750 0.357552 0.005500 0.016146
0 0.523500 0.351823 0.005000 0.017188
0 0.521000 0.350781 0.005000 0.017188
0 0.437250 0.034635 0.007000 0.022396
0 0.631500 0.497396 0.006500 0.016667
0 0.639250 0.396094 0.005000 0.019271
0 0.640375 0.383594 0.004750 0.014063
0 0.653000 0.320833 0.006500 0.020833
0 0.633875 0.279687 0.005750 0.019792
0 0.685250 0.083333 0.008000 0.018750
0 0.714625 0.421875 0.006750 0.019792
