0 0.098177 0.487625 0.009896 0.005750
0 0.146615 0.459500 0.009896 0.003500
0 0.200781 0.444500 0.011979 0.006500
0 0.261458 0.504000 0.011458 0.006500
0 0.188542 0.545625 0.012500 0.005750
0 0.083333 0.547625 0.012500 0.007750
0 0.049219 0.558875 0.015104 0.006750
0 0.044792 0.566500 0.014583 0.006500
0 0.069531 0.580500 0.016146 0.006500
0 0.390625 0.495875 0.011458 0.004250
0 0.414323 0.490625 0.013021 0.006750
0 0.422396 0.525500 0.014583 0.004500
0 0.406771 0.521750 0.007292 0.007500
0 0.400000 0.531250 0.006250 0.003500
0 0.405729 0.530750 0.008333 0.005000
0 0.455729 0.537250 0.011458 0.005000
0 0.414062 0.546750 0.012500 0.004000
0 0.422135 0.549375 0.010937 0.004750
0 0.422656 0.553375 0.010937 0.005250
0 0.416146 0.559000 0.010417 0.006500
0 0.410417 0.567625 0.011458 0.006250
0 0.406771 0.566375 0.009375 0.004750
0 0.405208 0.578625 0.011458 0.006750
0 0.417708 0.601625 0.009375 0.007750
0 0.402344 0.615750 0.011979 0.006500
0 0.384635 0.618125 0.007812 0.006750
0 0.388281 0.617375 0.006771 0.005750
0 0.405990 0.629500 0.014063 0.006000
0 0.408594 0.638875 0.014063 0.005750
0 0.392969 0.637750 0.015104 0.007000
0 0.376563 0.646250 0.008333 0.006500
0 0.381250 0.652625 0.013542 0.005750
0 0.389583 0.650500 0.009375 0.005500
0 0.381250 0.649625 0.011458 0.004250
0 0.419010 0.649500 0.011979 0.006000
0 0.420312 0.654750 0.014583 0.005000
0 0.395313 0.672500 0.009375 0.008000
0 0.393750 0.666500 0.009375 0.006500
0 0.384635 0.670125 0.011979 0.007250
0 0.385417 0.665375 0.009375 0.006250
0 0.371094 0.667000 0.009896 0.007500
0 0.359375 0.719500 0.011458 0.008500
0 0.364583 0.730250 0.011458 0.004000
0 0.361979 0.727500 0.016667 0.003500
0 0.400000 0.704250 0.009375 0.007000
0 0.396354 0.702500 0.008333 0.005500
0 0.326042 0.735500 0.009375 0.008500
0 0.314844 0.730250 0.005729 0.006500
0 0.321615 0.729875 0.008854 0.006750
0 0.339583 0.713625 0.008333 0.008250
0 0.350781 0.654625 0.005729 0.004750
0 0.354167 0.654000 0.011458 0.006500
0 0.357552 0.646500 0.011979 0.005000
0 0.358854 0.641625 0.010417 0.004750
0 0.346615 0.640000 0.008854 0.005500
0 0.357031 0.635875 0.006771 0.006250
0 0.365885 0.636375 0.008854 0.005250
0 0.369531 0.627750 0.007812 0.006000
0 0.359635 0.628750 0.009896 0.006000
0 0.369531 0.621625 0.007812 0.006750
0 0.362760 0.607750 0.007812 0.005500
0 0.368750 0.603875 0.009375 0.004250
0 0.375521 0.597125 0.010417 0.004750
0 0.377344 0.584750 0.009896 0.005000
0 0.382031 0.576000 0.009896 0.005500
0 0.375521 0.574375 0.008333 0.006250
0 0.386719 0.570875 0.009896 0.005750
0 0.387760 0.556000 0.006771 0.004000
0 0.395052 0.557375 0.009896 0.004750
0 0.395833 0.552250 0.009375 0.006500
0 0.495052 0.488125 0.011979 0.006750
0 0.512240 0.483250 0.007812 0.005000
0 0.521615 0.490750 0.014063 0.003500
0 0.507552 0.505250 0.010937 0.005000
0 0.514323 0.503250 0.008854 0.006500
0 0.525260 0.510500 0.011979 0.006000
0 0.539062 0.502250 0.009375 0.005000
0 0.561979 0.509625 0.010417 0.005250
0 0.560417 0.517625 0.011458 0.005250
0 0.542708 0.526750 0.011458 0.006000
0 0.526563 0.525625 0.011458 0.007250
0 0.531771 0.536375 0.008333 0.008250
0 0.542708 0.532875 0.012500 0.004250
0 0.570833 0.541375 0.013542 0.005250
0 0.588021 0.537250 0.009375 0.006000
0 0.582552 0.533375 0.008854 0.005750
0 0.593490 0.553750 0.009896 0.007000
0 0.602344 0.564250 0.011979 0.007000
0 0.572917 0.570375 0.011458 0.007250
0 0.566406 0.552125 0.007812 0.004750
0 0.565365 0.555000 0.009896 0.005500
0 0.629427 0.559000 0.005729 0.004000
0 0.624479 0.557875 0.007292 0.006250
0 0.605990 0.597125 0.013021 0.004750
0 0.634375 0.612875 0.013542 0.005750
0 0.649219 0.614375 0.011979 0.007750
0 0.659635 0.624500 0.014063 0.006000
0 0.674479 0.629750 0.010417 0.007500
0 0.679167 0.626125 0.011458 0.007250
0 0.693490 0.634125 0.009896 0.007750
0 0.698177 0.633625 0.009896 0.006250
0 0.709896 0.634375 0.011458 0.005250
0 0.714323 0.642875 0.013021 0.008250
0 0.666146 0.648000 0.011458 0.007000
0 0.688542 0.654875 0.017708 0.005750
0 0.704948 0.661250 0.011979 0.007000
0 0.703646 0.668250 0.013542 0.005500
0 0.729688 0.662125 0.010417 0.008250
0 0.740885 0.665500 0.010937 0.007500
0 0.758333 0.677000 0.012500 0.007000
0 0.736198 0.683750 0.015104 0.007000
0 0.723177 0.692000 0.017188 0.007500
0 0.773958 0.704000 0.013542 0.008000
0 0.782031 0.694875 0.014063 0.007250
0 0.836458 0.666500 0.012500 0.006000
0 0.797917 0.663750 0.016667 0.006500
0 0.777083 0.654375 0.013542 0.006250
0 0.747656 0.649875 0.018229 0.004750
0 0.750781 0.636250 0.011979 0.006500
0 0.758333 0.635000 0.011458 0.006000
0 0.734115 0.615750 0.010937 0.006000
0 0.720052 0.617125 0.013021 0.007250
0 0.677083 0.588250 0.009375 0.006000
0 0.657552 0.585750 0.014063 0.004000
0 0.668750 0.586750 0.007292 0.005000
0 0.677604 0.584875 0.012500 0.005250
0 0.680729 0.576375 0.008333 0.006250
0 0.534115 0.465375 0.010937 0.005750
0 0.574219 0.472375 0.016146 0.004250
0 0.574740 0.474750 0.008854 0.002500
0 0.583073 0.476875 0.014063 0.004250
0 0.586458 0.482000 0.009375 0.005500
0 0.601042 0.481750 0.009375 0.004000
0 0.600781 0.478625 0.014063 0.003750
0 0.613281 0.484375 0.008854 0.005250
0 0.606510 0.491500 0.009896 0.004500
0 0.616406 0.487875 0.009896 0.004250
0 0.634115 0.485375 0.009896 0.006250
0 0.631510 0.499000 0.014063 0.005000
0 0.725000 0.503125 0.010417 0.006750
