0 0.023177 0.679125 0.010937 0.004250
0 0.043750 0.684875 0.010417 0.005750
0 0.193750 0.694500 0.015625 0.005500
0 0.172135 0.689125 0.014063 0.003750
0 0.155729 0.679625 0.012500 0.006750
0 0.174740 0.679125 0.014063 0.005250
0 0.222135 0.680125 0.007812 0.006750
0 0.241146 0.685125 0.009375 0.006250
0 0.268750 0.679250 0.012500 0.007000
0 0.220833 0.668000 0.010417 0.005000
0 0.255990 0.593625 0.008854 0.006250
0 0.140365 0.572125 0.007812 0.006250
0 0.195052 0.557375 0.010937 0.006250
0 0.205729 0.567500 0.015625 0.006500
0 0.132031 0.530250 0.013021 0.005500
0 0.132031 0.525875 0.013021 0.005250
0 0.158594 0.545125 0.013021 0.007750
0 0.377865 0.482125 0.014063 0.005750
0 0.592708 0.578750 0.012500 0.005500
0 0.657813 0.547500 0.009375 0.006000
0 0.697917 0.525000 0.009375 0.006500
0 0.721875 0.467750 0.007292 0.005000
0 0.715365 0.466625 0.006771 0.007750
0 0.717448 0.451250 0.008854 0.009500
0 0.730208 0.449125 0.009375 0.006750
0 0.724740 0.453250 0.009896 0.006500
0 0.802344 0.434125 0.010937 0.007750
0 0.781250 0.421875 0.010417 0.008250
0 0.841406 0.390625 0.016146 0.005750
0 0.842187 0.356125 0.010417 0.008250
0 0.961198 0.553625 0.014063 0.008250
0 0.858854 0.531875 0.009375 0.006750
0 0.806510 0.583125 0.009896 0.005750
0 0.917187 0.614875 0.014583 0.004750
0 0.969271 0.610250 0.010417 0.007000
0 0.363542 0.159750 0.012500 0.006500
