0 0.153906 0.862750 0.019271 0.005500
0 0.192188 0.854875 0.023958 0.011250
0 0.132292 0.857875 0.026042 0.008750
0 0.084115 0.847000 0.020313 0.011000
0 0.072135 0.825875 0.021354 0.007750
0 0.123177 0.800875 0.021354 0.007750
0 0.159896 0.810125 0.017708 0.014250
0 0.159375 0.822125 0.016667 0.008750
0 0.180208 0.813875 0.029167 0.011750
0 0.196615 0.811500 0.032813 0.011500
0 0.201823 0.800625 0.018229 0.009250
0 0.221094 0.798875 0.018229 0.009250
0 0.247135 0.783125 0.022396 0.009250
0 0.268750 0.775625 0.025000 0.008250
0 0.162760 0.778500 0.021354 0.007500
0 0.179167 0.781250 0.015625 0.013000
0 0.778646 0.864625 0.023958 0.009250
0 0.681250 0.821750 0.023958 0.011500
0 0.624219 0.834500 0.033854 0.013000
0 0.555469 0.804875 0.019271 0.009250
0 0.540885 0.801625 0.028646 0.009250
0 0.530208 0.792500 0.025000 0.006000
0 0.478385 0.771500 0.019271 0.011000
0 0.436719 0.760125 0.021354 0.010750
0 0.442969 0.714625 0.020313 0.010250
0 0.527083 0.776875 0.026042 0.009750
0 0.541406 0.772875 0.031771 0.010250
0 0.534115 0.765125 0.036979 0.009250
0 0.537500 0.756750 0.033333 0.017500
0 0.588021 0.761125 0.025000 0.009750
0 0.590885 0.779875 0.021354 0.013750
0 0.592448 0.780125 0.035937 0.014250
0 0.575000 0.789750 0.014583 0.007000
0 0.606510 0.795750 0.015104 0.007000
0 0.645573 0.780250 0.018229 0.006500
0 0.686458 0.767625 0.022917 0.008750
0 0.625781 0.760375 0.021354 0.010250
0 0.600781 0.748125 0.021354 0.007750
0 0.575521 0.749250 0.022917 0.011000
0 0.565885 0.735875 0.019271 0.008250
0 0.583854 0.740500 0.012500 0.006500
0 0.590104 0.721750 0.017708 0.010500
0 0.543229 0.730125 0.023958 0.010750
0 0.526302 0.714125 0.021354 0.009250
0 0.476823 0.705625 0.035937 0.009750
0 0.448177 0.683125 0.021354 0.010250
0 0.468490 0.677000 0.034896 0.019500
0 0.492188 0.674750 0.043750 0.023000
0 0.504167 0.676375 0.038542 0.014250
0 0.572135 0.681875 0.018229 0.009750
0 0.567448 0.654625 0.018229 0.007750
0 0.452083 0.653000 0.022917 0.010000
0 0.132812 0.742125 0.029167 0.013250
0 0.144010 0.733375 0.024479 0.008750
0 0.172917 0.744000 0.021875 0.012500
0 0.167187 0.742375 0.028125 0.016750
0 0.198958 0.718875 0.018750 0.009750
0 0.205729 0.670750 0.030208 0.011500
0 0.190365 0.659000 0.016146 0.008500
0 0.163802 0.661875 0.017188 0.009250
0 0.131510 0.672625 0.018229 0.008750
0 0.159896 0.690500 0.017708 0.010000
0 0.180469 0.647625 0.020313 0.008750
0 0.189844 0.632625 0.019271 0.008250
0 0.197396 0.585625 0.015625 0.006750
0 0.093750 0.603875 0.026042 0.009250
0 0.452604 0.635125 0.023958 0.008750
0 0.425260 0.643750 0.030729 0.011000
0 0.424219 0.644875 0.030729 0.008750
0 0.388542 0.648375 0.022917 0.010250
0 0.357292 0.634500 0.026042 0.011000
0 0.432812 0.612000 0.027083 0.010500
0 0.425781 0.605250 0.018229 0.007500
0 0.366406 0.592625 0.019271 0.010750
0 0.378385 0.588875 0.020313 0.010750
0 0.959896 0.614625 0.028125 0.010250
0 0.958854 0.615125 0.014583 0.009250
0 0.993750 0.640500 0.010417 0.010000
0 0.928125 0.630750 0.018750 0.008500
0 0.885156 0.617625 0.019271 0.010750
0 0.930990 0.593250 0.016146 0.012000
0 0.902083 0.579250 0.037500 0.012500
0 0.926302 0.566250 0.018229 0.012500
0 0.943490 0.578750 0.018229 0.012500
0 0.981510 0.568750 0.021354 0.011000
0 0.959375 0.547250 0.029167 0.012500
0 0.870312 0.560375 0.023958 0.010250
0 0.819792 0.566000 0.027083 0.011000
0 0.792188 0.538625 0.021875 0.009250
0 0.790365 0.528250 0.020313 0.010500
0 0.808073 0.506250 0.021354 0.013000
0 0.741927 0.535625 0.029687 0.011750
0 0.740885 0.538500 0.033854 0.012500
0 0.742969 0.547875 0.018229 0.011250
0 0.760417 0.550250 0.012500 0.014000
0 0.689063 0.552500 0.026042 0.013000
0 0.637240 0.545125 0.042188 0.019250
0 0.638281 0.545875 0.034896 0.015250
0 0.604688 0.537500 0.027083 0.013500
0 0.595833 0.525000 0.025000 0.014500
0 0.580729 0.514125 0.026042 0.010250
0 0.558333 0.511250 0.036458 0.012000
0 0.556771 0.512250 0.037500 0.015000
0 0.525521 0.530250 0.029167 0.013000
0 0.433333 0.519125 0.023958 0.009250
0 0.380729 0.515250 0.029167 0.011500
0 0.366146 0.502500 0.027083 0.012000
0 0.434896 0.491250 0.025000 0.007000
0 0.479687 0.488375 0.030208 0.010750
0 0.720573 0.438375 0.020313 0.009750
0 0.688802 0.415250 0.020313 0.007000
0 0.413021 0.460125 0.030208 0.014250
0 0.421094 0.450875 0.032813 0.008750
0 0.412500 0.440750 0.013542 0.008000
0 0.278906 0.426375 0.020313 0.010750
0 0.248958 0.427750 0.014583 0.010500
0 0.160417 0.436750 0.021875 0.013000
0 0.291406 0.413125 0.018229 0.010250
0 0.317448 0.398625 0.020313 0.009750
0 0.351562 0.403000 0.026042 0.013000
0 0.369792 0.394875 0.023958 0.008750
0 0.337760 0.383000 0.020313 0.012000
0 0.340365 0.375750 0.019271 0.006500
0 0.361458 0.379625 0.029167 0.010750
0 0.344531 0.365000 0.018229 0.012000
0 0.362500 0.346750 0.022917 0.010500
0 0.400521 0.342125 0.016667 0.008750
0 0.427083 0.343500 0.025000 0.011500
0 0.429167 0.341875 0.027083 0.011250
0 0.485937 0.363000 0.013542 0.011500
0 0.495052 0.337500 0.018229 0.014500
0 0.802344 0.369875 0.019271 0.008750
0 0.778646 0.360375 0.014583 0.009250
0 0.822656 0.340000 0.021354 0.012000
0 0.870833 0.349750 0.015625 0.007500
0 0.880990 0.340750 0.018229 0.006000
0 0.883594 0.366250 0.020313 0.012500
0 0.913281 0.364500 0.019271 0.012000
0 0.935156 0.363000 0.019271 0.012500
0 0.981771 0.367875 0.027083 0.015750
0 0.975521 0.369250 0.023958 0.013000
0 0.459375 0.301875 0.030208 0.010750
0 0.459375 0.303250 0.026042 0.010500
0 0.479167 0.315750 0.029167 0.010500
0 0.420312 0.303375 0.036458 0.009250
0 0.535677 0.279875 0.022396 0.010250
