0 0.393490 0.643375 0.014063 0.005250
0 0.354687 0.609125 0.012500 0.005750
0 0.175260 0.604500 0.008854 0.007000
0 0.094792 0.593750 0.012500 0.004500
0 0.103646 0.590000 0.013542 0.003500
0 0.102344 0.592625 0.011979 0.003750
0 0.338802 0.577250 0.013021 0.005500
0 0.304167 0.547000 0.015625 0.004500
0 0.008333 0.521625 0.011458 0.005750
0 0.253646 0.327750 0.009375 0.005500
0 0.246615 0.328625 0.008854 0.007250
0 0.238802 0.327750 0.008854 0.007000
0 0.220833 0.326625 0.009375 0.007750
0 0.245312 0.388000 0.011458 0.006500
0 0.238021 0.389375 0.009375 0.006250
0 0.234896 0.399250 0.008333 0.005500
0 0.237500 0.398125 0.009375 0.006750
0 0.286719 0.442625 0.010937 0.006750
0 0.373437 0.491625 0.009375 0.007750
0 0.590365 0.489875 0.013021 0.004250
0 0.571094 0.442500 0.008854 0.006500
0 0.738021 0.295875 0.010417 0.007250
0 0.751302 0.316750 0.011979 0.005500
0 0.688802 0.288750 0.006771 0.006000
0 0.684375 0.287750 0.009375 0.007500
0 0.726823 0.331000 0.015104 0.004500
0 0.729167 0.338625 0.023958 0.011250
0 0.686719 0.355500 0.013021 0.005500
0 0.754687 0.365750 0.015625 0.005500
0 0.690885 0.378375 0.014063 0.007250
0 0.652865 0.425375 0.008854 0.007250
0 0.734635 0.517250 0.014063 0.007500
0 0.973958 0.406375 0.011458 0.006250
0 0.953646 0.396000 0.014583 0.004500
0 0.962760 0.386875 0.014063 0.006250
0 0.992448 0.413875 0.009896 0.006750
0 0.910937 0.475750 0.014583 0.007000
0 0.875000 0.594125 0.008333 0.006750
0 0.981510 0.585375 0.018229 0.005750
0 0.876302 0.620500 0.010937 0.005500
0 0.854687 0.617625 0.009375 0.005750
0 0.826562 0.631375 0.015625 0.004750
