0 0.006510 0.647000 0.013021 0.004000
0 0.016406 0.645750 0.009896 0.005500
0 0.081510 0.678500 0.015104 0.004500
0 0.212760 0.682250 0.010937 0.005500
0 0.233594 0.665125 0.013021 0.003250
0 0.229948 0.661375 0.008854 0.003750
0 0.231250 0.659625 0.011458 0.004250
0 0.295573 0.661625 0.013021 0.005250
0 0.300260 0.628375 0.009896 0.006250
0 0.293490 0.624250 0.005729 0.006000
0 0.294531 0.619250 0.009896 0.004500
0 0.298177 0.616875 0.008854 0.005250
0 0.265885 0.614375 0.013021 0.004750
0 0.270313 0.607875 0.010417 0.004750
0 0.263802 0.603125 0.011979 0.004750
0 0.224479 0.599750 0.011458 0.004000
0 0.186719 0.608250 0.013021 0.004000
0 0.031510 0.575250 0.011979 0.004000
0 0.034635 0.572875 0.010937 0.006250
0 0.098958 0.572375 0.014583 0.003750
0 0.050521 0.554375 0.012500 0.004750
0 0.026302 0.555000 0.010937 0.003500
0 0.027865 0.552625 0.014063 0.004250
0 0.034375 0.547000 0.015625 0.003500
0 0.229167 0.576125 0.010417 0.005250
0 0.222656 0.576250 0.007812 0.003000
0 0.205990 0.567625 0.009896 0.003250
0 0.207292 0.565875 0.010417 0.004750
0 0.285938 0.599750 0.012500 0.003500
0 0.358333 0.586625 0.008333 0.003750
0 0.350260 0.585000 0.008854 0.005500
0 0.345313 0.576875 0.011458 0.002750
0 0.348177 0.573375 0.008854 0.005250
0 0.366927 0.555000 0.009896 0.006000
0 0.259896 0.492500 0.007292 0.006500
0 0.254948 0.492625 0.005729 0.005750
0 0.176042 0.421750 0.011458 0.007000
0 0.082812 0.364625 0.009375 0.006750
0 0.086979 0.363750 0.009375 0.005000
0 0.142187 0.366250 0.010417 0.004500
0 0.144271 0.364625 0.008333 0.004250
0 0.277604 0.490875 0.008333 0.005750
0 0.281250 0.490125 0.006250 0.004250
0 0.313021 0.520500 0.011458 0.004000
0 0.503125 0.558250 0.007292 0.007500
0 0.530208 0.537250 0.012500 0.005500
0 0.554688 0.522250 0.006250 0.005000
0 0.538021 0.514250 0.007292 0.006000
0 0.533594 0.514250 0.005729 0.005500
0 0.493750 0.455375 0.006250 0.006750
0 0.523958 0.435750 0.010417 0.006000
0 0.556771 0.439250 0.011458 0.004500
0 0.531771 0.392375 0.005208 0.005750
0 0.526042 0.391875 0.008333 0.005250
0 0.552344 0.379500 0.008854 0.006500
0 0.637760 0.405375 0.006771 0.005750
0 0.634635 0.404625 0.006771 0.005250
0 0.656771 0.381875 0.011458 0.004750
0 0.653385 0.357375 0.011979 0.004750
0 0.679948 0.352375 0.006771 0.005750
0 0.676823 0.349500 0.007812 0.005000
0 0.674219 0.348500 0.007812 0.004500
0 0.676562 0.333250 0.012500 0.004000
0 0.616146 0.319500 0.006250 0.005000
0 0.612240 0.319875 0.006771 0.005750
0 0.712500 0.312750 0.009375 0.006000
0 0.727604 0.286750 0.004167 0.005500
0 0.732031 0.286750 0.004687 0.006500
0 0.713542 0.285625 0.008333 0.004750
0 0.709896 0.284875 0.007292 0.004750
0 0.666927 0.269750 0.005729 0.006000
0 0.662240 0.270000 0.004687 0.006000
0 0.663021 0.264625 0.008333 0.005250
0 0.729427 0.243875 0.011979 0.003750
0 0.738542 0.238625 0.009375 0.005750
0 0.732031 0.232625 0.008854 0.006250
0 0.733854 0.250125 0.007292 0.004250
0 0.769271 0.247500 0.006250 0.005500
0 0.765365 0.246875 0.005729 0.005250
0 0.764323 0.228875 0.008854 0.004750
0 0.785937 0.214750 0.006250 0.005500
0 0.782031 0.214250 0.005729 0.005000
0 0.812500 0.170125 0.008333 0.005750
0 0.758333 0.320000 0.010417 0.007000
0 0.718229 0.336000 0.009375 0.005000
0 0.586979 0.522375 0.009375 0.005750
0 0.651823 0.598500 0.015104 0.005000
0 0.648698 0.580625 0.015104 0.003750
0 0.659375 0.560125 0.006250 0.004750
0 0.655990 0.559125 0.007812 0.005750
0 0.717187 0.574875 0.012500 0.003250
0 0.719531 0.569000 0.010937 0.004000
0 0.724219 0.565500 0.009896 0.004000
0 0.734115 0.567000 0.009896 0.005500
0 0.787500 0.543250 0.011458 0.002500
0 0.786198 0.544875 0.009896 0.002250
0 0.799740 0.542000 0.010937 0.004500
0 0.847135 0.537750 0.008854 0.003500
0 0.920052 0.524000 0.008854 0.004500
0 0.995052 0.467375 0.008854 0.005250
0 0.992448 0.466500 0.011979 0.005500
0 0.924740 0.467250 0.013021 0.005000
0 0.923177 0.464500 0.009896 0.003500
0 0.798438 0.494875 0.010417 0.004750
0 0.797917 0.491625 0.012500 0.004750
0 0.751302 0.520000 0.011979 0.005000
0 0.752344 0.526500 0.009896 0.004000
0 0.736979 0.526875 0.011458 0.006250
0 0.768229 0.521500 0.011458 0.004500
0 0.766146 0.520375 0.009375 0.003750
0 0.811719 0.632125 0.013021 0.003750
0 0.830208 0.629625 0.013542 0.003750
0 0.823698 0.645250 0.007812 0.005500
0 0.819531 0.641125 0.011979 0.004250
0 0.879427 0.653125 0.016146 0.004750
0 0.704688 0.708000 0.012500 0.005000
0 0.683333 0.694875 0.010417 0.005750
0 0.795833 0.707250 0.008333 0.006500
0 0.252344 0.327625 0.011979 0.004750
