0 0.412750 0.321094 0.005500 0.014063
0 0.433500 0.455469 0.007000 0.014063
0 0.472125 0.528646 0.005250 0.015625
0 0.471000 0.566927 0.008000 0.015104
0 0.510500 0.693490 0.008000 0.017188
0 0.596875 0.589583 0.006250 0.018750
0 0.597000 0.542969 0.006500 0.017188
0 0.630375 0.458333 0.008750 0.014583
0 0.597375 0.459115 0.005250 0.018229
0 0.580500 0.463542 0.006000 0.018750
0 0.583125 0.437760 0.004750 0.018229
0 0.577500 0.431250 0.006000 0.016667
0 0.566375 0.415885 0.005750 0.019271
0 0.557125 0.383594 0.007250 0.020313
0 0.592750 0.383073 0.008500 0.024479
0 0.602500 0.372135 0.004500 0.019271
0 0.610750 0.380208 0.007500 0.018750
0 0.623125 0.342187 0.006750 0.015625
0 0.575875 0.345052 0.005250 0.019271
0 0.621375 0.318750 0.008250 0.017708
0 0.574000 0.305469 0.004000 0.020313
0 0.579250 0.318490 0.004500 0.016146
0 0.579250 0.307031 0.006500 0.014063
0 0.584000 0.311719 0.006500 0.019271
0 0.582250 0.263281 0.008500 0.015104
0 0.571375 0.231250 0.005750 0.018750
0 0.579125 0.217448 0.006750 0.024479
0 0.632750 0.272396 0.005000 0.018750
0 0.638375 0.278646 0.005250 0.020833
0 0.626125 0.240104 0.008250 0.018750
0 0.623625 0.433854 0.008250 0.013542
0 0.619250 0.442448 0.007500 0.016146
0 0.615375 0.453385 0.005250 0.017188
0 0.612250 0.440885 0.006500 0.017188
0 0.608000 0.453646 0.005000 0.017708
0 0.610875 0.450781 0.004250 0.014063
0 0.679625 0.260156 0.009250 0.016146
0 0.669125 0.284896 0.007750 0.012500
0 0.667500 0.294792 0.007000 0.014583
0 0.662875 0.312240 0.009250 0.011979
0 0.662500 0.333073 0.008000 0.008854
0 0.662375 0.341927 0.007750 0.009896
0 0.670750 0.383333 0.007000 0.018750
0 0.687125 0.454948 0.006250 0.018229
0 0.673625 0.442188 0.007750 0.014583
0 0.654875 0.448698 0.006250 0.016146
0 0.667125 0.454427 0.006250 0.011979
0 0.670000 0.451042 0.007000 0.012500
0 0.672375 0.470312 0.005250 0.014583
0 0.668750 0.479167 0.007000 0.016667
0 0.652500 0.478646 0.006000 0.017708
0 0.663125 0.498177 0.004750 0.018229
0 0.628000 0.579948 0.007000 0.018229
0 0.640125 0.569531 0.004750 0.019271
0 0.640750 0.547135 0.004000 0.018229
0 0.644750 0.552604 0.004500 0.015625
0 0.647125 0.562760 0.007250 0.014063
0 0.650500 0.575521 0.005000 0.017708
0 0.649250 0.605990 0.003000 0.011979
0 0.651625 0.603385 0.004750 0.016146
0 0.666875 0.600260 0.008250 0.019271
0 0.668500 0.555990 0.003500 0.019271
0 0.671875 0.559115 0.003750 0.015104
0 0.659125 0.529427 0.002750 0.019271
0 0.662375 0.527865 0.003250 0.017188
0 0.648875 0.647396 0.005750 0.018750
0 0.649125 0.687500 0.006250 0.010417
0 0.643375 0.681510 0.005750 0.018229
0 0.605125 0.695052 0.006250 0.011979
0 0.612000 0.693490 0.006000 0.018229
0 0.629500 0.654687 0.008500 0.008333
0 0.629750 0.647135 0.007500 0.009896
