0 0.448875 0.815104 0.003750 0.010417
0 0.491375 0.670573 0.006750 0.009896
0 0.435750 0.619792 0.007000 0.010417
0 0.392375 0.590625 0.007250 0.009375
0 0.384875 0.552083 0.005750 0.011458
0 0.237750 0.617708 0.008000 0.008333
0 0.289125 0.477344 0.006250 0.010937
0 0.285875 0.463542 0.007250 0.012500
0 0.154375 0.458333 0.007250 0.014583
0 0.433250 0.178646 0.006500 0.012500
0 0.455875 0.309635 0.005750 0.011979
0 0.449875 0.271354 0.004750 0.012500
0 0.444875 0.270573 0.005250 0.007812
0 0.500875 0.464062 0.002750 0.013542
0 0.508750 0.490365 0.007000 0.010937
0 0.524375 0.412500 0.005750 0.009375
0 0.515250 0.418229 0.004000 0.012500
0 0.503500 0.411198 0.005000 0.013021
0 0.493125 0.397396 0.005750 0.009375
0 0.605750 0.540885 0.005500 0.013021
0 0.624750 0.504427 0.005500 0.010937
0 0.631625 0.405208 0.005750 0.015625
0 0.678625 0.404948 0.005250 0.015104
0 0.674750 0.403385 0.003500 0.015104
0 0.641250 0.354687 0.005000 0.015625
0 0.647500 0.313281 0.006500 0.009896
0 0.669250 0.312500 0.006000 0.015625
0 0.684375 0.251042 0.008250 0.016667
0 0.693500 0.198958 0.005000 0.016667
0 0.713500 0.150260 0.008000 0.016146
0 0.692750 0.030729 0.005500 0.016667
0 0.738375 0.034375 0.006250 0.014583
0 0.756500 0.059635 0.007000 0.008854
0 0.754625 0.052865 0.006750 0.013021
0 0.988000 0.609375 0.006500 0.012500
0 0.997625 0.628385 0.004250 0.016146
0 0.910000 0.638542 0.007000 0.015625
0 0.806125 0.609115 0.007750 0.010937
0 0.747125 0.688281 0.005250 0.015104
0 0.679875 0.653646 0.006250 0.013542
0 0.666250 0.652604 0.003500 0.013542
0 0.670375 0.652344 0.006250 0.010937
