0 0.277344 0.403500 0.017188 0.006000
0 0.316667 0.386750 0.019792 0.007500
0 0.366146 0.373500 0.018750 0.006500
0 0.455469 0.386750 0.009896 0.006500
0 0.412240 0.390875 0.011979 0.006750
0 0.252344 0.427875 0.014063 0.005250
0 0.875521 0.326375 0.013542 0.008250
0 0.902604 0.265500 0.016667 0.009000
0 0.960156 0.282500 0.016146 0.010000
0 0.957031 0.292250 0.022396 0.006500
0 0.801042 0.570625 0.010417 0.006250
0 0.586719 0.521750 0.017188 0.006000
0 0.645052 0.554625 0.010937 0.005250
0 0.252865 0.555375 0.011979 0.006750
0 0.273438 0.597875 0.010417 0.005750
0 0.284375 0.605250 0.011458 0.008500
0 0.357552 0.613250 0.016146 0.008000
0 0.370573 0.621250 0.009896 0.007500
0 0.492969 0.646000 0.010937 0.006000
0 0.534115 0.697750 0.015104 0.008000
0 0.675000 0.766250 0.016667 0.005500
0 0.838802 0.873125 0.014063 0.009250
0 0.096875 0.573625 0.016667 0.007750
