0 0.578646 0.751875 0.014583 0.006250
0 0.463021 0.762500 0.007292 0.006000
0 0.409375 0.756375 0.010417 0.005250
0 0.433073 0.744125 0.011979 0.006750
0 0.612240 0.722875 0.015104 0.003750
0 0.543750 0.720125 0.015625 0.003750
0 0.586719 0.717875 0.014063 0.005250
0 0.486719 0.717500 0.009896 0.005500
0 0.457031 0.717750 0.008854 0.006500
0 0.432812 0.711125 0.008333 0.007750
0 0.416406 0.704500 0.006771 0.007500
0 0.479427 0.699250 0.008854 0.005500
0 0.492188 0.690000 0.012500 0.005000
0 0.525000 0.693375 0.012500 0.004750
0 0.508073 0.703125 0.013021 0.003750
0 0.508854 0.706375 0.012500 0.003250
0 0.567708 0.697375 0.008333 0.005750
0 0.392708 0.706250 0.009375 0.005500
0 0.342708 0.724000 0.012500 0.006000
0 0.359115 0.721375 0.014063 0.004250
0 0.291667 0.748000 0.015625 0.004000
0 0.305469 0.733250 0.015104 0.004500
0 0.291927 0.711250 0.013021 0.006500
0 0.347917 0.713125 0.013542 0.003750
0 0.356771 0.705625 0.014583 0.008250
0 0.248698 0.725500 0.014063 0.003500
0 0.244792 0.746125 0.017708 0.011750
0 0.284896 0.739000 0.012500 0.006500
0 0.275521 0.732250 0.012500 0.006000
0 0.286198 0.734000 0.008854 0.003500
0 0.324219 0.721625 0.013021 0.007250
0 0.291927 0.719250 0.011979 0.003500
0 0.298958 0.724750 0.012500 0.006000
0 0.267708 0.789125 0.009375 0.006750
0 0.670573 0.620375 0.009896 0.007250
0 0.606510 0.635625 0.014063 0.006250
0 0.518750 0.606375 0.018750 0.006250
0 0.386198 0.641250 0.014063 0.010500
0 0.411198 0.601625 0.013021 0.004750
0 0.341927 0.604625 0.015104 0.006250
0 0.337760 0.610625 0.010937 0.005250
0 0.358073 0.641250 0.013021 0.006500
0 0.382812 0.586000 0.011458 0.004500
0 0.450000 0.592125 0.013542 0.004250
0 0.438281 0.542625 0.011979 0.005750
0 0.568229 0.534625 0.013542 0.007250
0 0.482292 0.533625 0.009375 0.006250
0 0.476823 0.510750 0.013021 0.005000
0 0.444010 0.518125 0.008854 0.005250
0 0.367188 0.524250 0.012500 0.005000
0 0.415625 0.510500 0.012500 0.005500
0 0.415104 0.496000 0.012500 0.005500
0 0.529427 0.495125 0.009896 0.005750
0 0.412760 0.483750 0.008854 0.006500
0 0.408594 0.489250 0.009896 0.007000
0 0.358073 0.507500 0.006771 0.007000
0 0.359635 0.501000 0.008854 0.007000
0 0.380469 0.501875 0.015104 0.007750
0 0.375000 0.505875 0.008333 0.006250
0 0.330208 0.484250 0.013542 0.006500
0 0.347656 0.466250 0.014063 0.005000
0 0.320312 0.459750 0.011458 0.006000
0 0.297917 0.446375 0.007292 0.007750
0 0.233594 0.459125 0.014063 0.004250
0 0.254427 0.461250 0.010937 0.005500
0 0.296875 0.474875 0.008333 0.007250
0 0.262240 0.483000 0.011979 0.006500
0 0.271615 0.488750 0.009896 0.005000
0 0.304688 0.496500 0.007292 0.006500
0 0.283854 0.511375 0.014583 0.008250
0 0.310156 0.507750 0.013021 0.005500
0 0.239323 0.492125 0.014063 0.006750
0 0.184115 0.478625 0.015104 0.005250
0 0.151562 0.479500 0.010417 0.008000
0 0.134896 0.463125 0.014583 0.004250
0 0.196875 0.488500 0.012500 0.006000
0 0.176823 0.490375 0.010937 0.004250
0 0.207292 0.584250 0.012500 0.007000
0 0.165885 0.616625 0.016146 0.007250
0 0.180729 0.590500 0.012500 0.008500
0 0.148698 0.595375 0.011979 0.007750
0 0.161458 0.583375 0.017708 0.008250
0 0.223437 0.573125 0.009375 0.007250
0 0.121875 0.569500 0.023958 0.008000
0 0.064583 0.571000 0.010417 0.006000
0 0.066927 0.586125 0.009896 0.006250
0 0.095312 0.564000 0.013542 0.007000
0 0.420052 0.631250 0.020313 0.007000
0 0.545573 0.630000 0.010937 0.008500
0 0.320312 0.573000 0.013542 0.003500
0 0.328646 0.554875 0.010417 0.004250
0 0.320573 0.557000 0.010937 0.006000
0 0.237760 0.536125 0.014063 0.003750
0 0.242188 0.540250 0.013542 0.004000
0 0.221354 0.537875 0.011458 0.004750
0 0.154948 0.541125 0.015104 0.004750
0 0.182552 0.554125 0.014063 0.005250
0 0.205729 0.559875 0.012500 0.005750
0 0.194010 0.552625 0.007812 0.005250
0 0.204948 0.532250 0.016146 0.005500
0 0.164323 0.515375 0.013021 0.006250
0 0.149219 0.530750 0.009896 0.006000
0 0.159375 0.532125 0.010417 0.004250
0 0.185156 0.539125 0.015104 0.007250
0 0.196354 0.544375 0.009375 0.003750
0 0.230990 0.547500 0.018229 0.006000
0 0.263281 0.547500 0.015104 0.004500
0 0.296875 0.551375 0.013542 0.005250
0 0.352344 0.571750 0.014063 0.006500
0 0.236719 0.555500 0.024479 0.007000
0 0.276823 0.549375 0.010937 0.007250
0 0.385937 0.554750 0.012500 0.005500
0 0.528385 0.561625 0.011979 0.004750
0 0.038281 0.493250 0.009896 0.005000
0 0.119531 0.511625 0.015104 0.006750
0 0.099219 0.536875 0.007812 0.006250
0 0.085938 0.518375 0.014583 0.004750
0 0.049740 0.521750 0.017188 0.006500
0 0.027604 0.520000 0.012500 0.004500
0 0.060677 0.506000 0.015104 0.005000
0 0.002865 0.535125 0.005729 0.008250
0 0.109635 0.517375 0.009896 0.006250
0 0.145833 0.522750 0.013542 0.004500
0 0.138802 0.504125 0.009896 0.005250
0 0.176302 0.523625 0.015104 0.005750
0 0.275000 0.470125 0.012500 0.004750
0 0.272135 0.464500 0.013021 0.006000
0 0.379948 0.474875 0.010937 0.005750
0 0.381250 0.479750 0.014583 0.004000
0 0.376302 0.481750 0.011979 0.005500
0 0.358854 0.487250 0.013542 0.004000
0 0.365104 0.480500 0.010417 0.007000
0 0.357292 0.481750 0.011458 0.005500
0 0.404167 0.532125 0.016667 0.008250
0 0.349219 0.533625 0.010937 0.004750
0 0.351823 0.525625 0.014063 0.010250
0 0.636198 0.573750 0.009896 0.006000
0 0.721354 0.595875 0.010417 0.004750
0 0.746354 0.580875 0.010417 0.006250
0 0.754687 0.541750 0.013542 0.006500
0 0.728385 0.541875 0.013021 0.005750
0 0.676302 0.518000 0.016146 0.004000
0 0.710156 0.503250 0.015104 0.005500
0 0.720313 0.485250 0.010417 0.007500
0 0.661979 0.482750 0.015625 0.004500
0 0.660677 0.478625 0.014063 0.004750
0 0.605208 0.462250 0.013542 0.005500
0 0.567448 0.448750 0.011979 0.004000
0 0.600521 0.450625 0.011458 0.003750
0 0.602344 0.454750 0.009896 0.006500
0 0.567187 0.425625 0.010417 0.007750
0 0.602083 0.429000 0.010417 0.006500
0 0.584635 0.433875 0.011979 0.005750
0 0.593490 0.434250 0.007812 0.007000
0 0.598437 0.442750 0.008333 0.007000
0 0.602865 0.439625 0.009896 0.006750
0 0.614844 0.436125 0.010937 0.004250
0 0.498437 0.383750 0.013542 0.006500
0 0.479427 0.387500 0.013021 0.004500
0 0.475781 0.366250 0.015104 0.007000
0 0.490365 0.357500 0.011979 0.005000
0 0.460938 0.345625 0.009375 0.006250
0 0.466146 0.357000 0.009375 0.007500
0 0.473438 0.356000 0.011458 0.008000
0 0.502083 0.368000 0.009375 0.006000
0 0.498958 0.363125 0.012500 0.004250
0 0.334375 0.282500 0.014583 0.009000
0 0.309375 0.204750 0.012500 0.005500
0 0.477083 0.244375 0.007292 0.005750
0 0.530729 0.232500 0.012500 0.006500
0 0.485156 0.273000 0.011979 0.005500
0 0.572135 0.325625 0.016146 0.005750
0 0.576042 0.366000 0.009375 0.006500
0 0.590104 0.370250 0.013542 0.004500
0 0.656771 0.364250 0.008333 0.006500
0 0.631510 0.356125 0.016146 0.005750
0 0.617969 0.343875 0.013021 0.006250
0 0.604688 0.345625 0.016667 0.005250
0 0.607812 0.349875 0.010417 0.004750
0 0.666927 0.392125 0.011979 0.007250
0 0.726823 0.396625 0.009896 0.007750
0 0.758594 0.442250 0.009896 0.006500
0 0.751563 0.442875 0.010417 0.006250
0 0.803385 0.477125 0.014063 0.006750
0 0.867448 0.545500 0.013021 0.006500
0 0.783594 0.204500 0.013021 0.008000
0 0.900260 0.119250 0.008854 0.006000
0 0.732552 0.063625 0.011979 0.005250
0 0.927083 0.015125 0.012500 0.006750
0 0.599219 0.011875 0.009896 0.006250
0 0.795312 0.764375 0.011458 0.008250
0 0.571875 0.668875 0.017708 0.004250
0 0.172917 0.298250 0.012500 0.004000
0 0.145833 0.293750 0.016667 0.005000
0 0.097656 0.307250 0.014063 0.004500
0 0.111198 0.313375 0.015104 0.004250
0 0.071094 0.316500 0.015104 0.005000
0 0.068229 0.340125 0.013542 0.005250
0 0.007031 0.410250 0.010937 0.006500
0 0.173177 0.265375 0.013021 0.005750
0 0.039844 0.192125 0.013021 0.004750
0 0.034375 0.207625 0.011458 0.004750
0 0.026302 0.225000 0.015104 0.005000
0 0.005208 0.259375 0.007292 0.005250
0 0.221094 0.605875 0.019271 0.008750
0 0.410677 0.323625 0.007812 0.004750
0 0.392969 0.308125 0.006771 0.005250
0 0.782292 0.485375 0.005208 0.005250
