0 0.803750 0.487500 0.004500 0.011458
0 0.700000 0.605469 0.005500 0.009896
0 0.675375 0.670573 0.005250 0.010937
0 0.649000 0.640625 0.007000 0.008333
0 0.620250 0.694271 0.004000 0.012500
0 0.620000 0.671875 0.003500 0.012500
0 0.629375 0.652083 0.003250 0.010417
0 0.658500 0.629427 0.003000 0.013021
0 0.654500 0.621615 0.003000 0.011979
0 0.660125 0.617188 0.004250 0.012500
0 0.612625 0.587240 0.003750 0.013021
0 0.619125 0.640885 0.004250 0.008854
0 0.644250 0.611719 0.006000 0.009896
0 0.633750 0.624479 0.004000 0.008333
0 0.629000 0.630990 0.005500 0.008854
0 0.603500 0.562240 0.005000 0.011979
0 0.579750 0.637240 0.003000 0.014063
0 0.570500 0.623437 0.004500 0.008333
0 0.570000 0.640885 0.004500 0.009896
0 0.605875 0.524479 0.005250 0.009375
0 0.625875 0.427344 0.003250 0.014063
0 0.678500 0.294271 0.006000 0.007292
0 0.800000 0.196875 0.005000 0.009375
0 0.791000 0.203385 0.004000 0.009896
0 0.792625 0.185938 0.003750 0.012500
0 0.793375 0.250000 0.003250 0.011458
0 0.682500 0.413542 0.006000 0.011458
0 0.615375 0.572917 0.003250 0.011458
0 0.623625 0.546094 0.002250 0.011979
0 0.626500 0.547656 0.003000 0.008854
0 0.654250 0.594531 0.004000 0.005729
0 0.676250 0.569010 0.005500 0.005729
0 0.679500 0.566406 0.005500 0.005729
0 0.680375 0.562240 0.005250 0.004687
0 0.585375 0.709635 0.006750 0.010937
0 0.568750 0.728906 0.006000 0.008854
0 0.483500 0.660677 0.005500 0.009896
0 0.524375 0.629427 0.005250 0.006771
0 0.556000 0.663281 0.003000 0.011979
0 0.540250 0.712240 0.003000 0.011979
0 0.547250 0.695833 0.005500 0.007292
0 0.556750 0.676042 0.003500 0.011458
0 0.553375 0.674219 0.005750 0.006771
0 0.551875 0.682292 0.006250 0.012500
0 0.524375 0.616667 0.005750 0.011458
0 0.594875 0.577604 0.004750 0.007292
0 0.595750 0.584115 0.006000 0.006771
0 0.609000 0.656771 0.005500 0.008333
0 0.440375 0.741667 0.005250 0.011458
0 0.446375 0.713542 0.003750 0.010417
0 0.409500 0.740104 0.004500 0.008333
0 0.414875 0.728385 0.005750 0.007812
0 0.431250 0.723958 0.004500 0.008333
0 0.391250 0.716146 0.004500 0.010417
0 0.369875 0.712240 0.005750 0.007812
0 0.377500 0.712240 0.002500 0.009896
0 0.374000 0.705469 0.004500 0.007812
0 0.381250 0.665365 0.003000 0.007812
0 0.381625 0.696354 0.005750 0.008333
0 0.384625 0.708073 0.004250 0.007812
0 0.374875 0.697396 0.002750 0.010417
0 0.377625 0.699740 0.002750 0.014063
0 0.399750 0.690104 0.005500 0.006250
0 0.400625 0.712240 0.003250 0.013021
0 0.405875 0.712240 0.003750 0.013021
0 0.410875 0.714323 0.006250 0.006771
0 0.409750 0.720052 0.005000 0.007812
0 0.418000 0.695312 0.003500 0.009375
0 0.420375 0.701823 0.005250 0.005729
0 0.432250 0.705990 0.004500 0.006771
0 0.437250 0.709896 0.006500 0.008333
0 0.460000 0.722917 0.004500 0.007292
0 0.472250 0.579427 0.004500 0.010937
0 0.467375 0.536719 0.005750 0.007812
0 0.470000 0.609635 0.003500 0.011979
0 0.472500 0.632812 0.002500 0.010417
0 0.482125 0.618490 0.004250 0.008854
0 0.484250 0.613021 0.004000 0.007292
0 0.487375 0.637760 0.004750 0.008854
0 0.453625 0.505729 0.003750 0.009375
0 0.457000 0.484115 0.004000 0.007812
0 0.446500 0.475260 0.005000 0.006771
0 0.443250 0.435417 0.003500 0.011458
0 0.441625 0.452604 0.004250 0.011458
0 0.432375 0.473698 0.003750 0.009896
0 0.428250 0.458854 0.004500 0.012500
0 0.404375 0.462500 0.003750 0.008333
0 0.416000 0.336198 0.004000 0.009896
0 0.455375 0.177604 0.004250 0.012500
0 0.466625 0.557292 0.004750 0.010417
0 0.461500 0.541406 0.003000 0.009896
0 0.709250 0.746354 0.004000 0.013542
0 0.688000 0.753385 0.007000 0.011979
0 0.639750 0.811198 0.006000 0.009896
0 0.646375 0.798958 0.006250 0.010417
0 0.647125 0.757552 0.004250 0.011979
0 0.661250 0.783854 0.006000 0.010417
0 0.665875 0.787500 0.005750 0.010417
0 0.739500 0.785937 0.004500 0.013542
0 0.776875 0.766927 0.005250 0.014063
0 0.809000 0.779167 0.006500 0.015625
0 0.784000 0.800521 0.003500 0.014583
0 0.758500 0.793750 0.007500 0.007292
0 0.756500 0.801042 0.005500 0.009375
0 0.823375 0.807552 0.005250 0.016146
0 0.406375 0.902083 0.005250 0.012500
0 0.424625 0.856771 0.008750 0.016667
0 0.387000 0.861458 0.003500 0.012500
0 0.363250 0.876302 0.005500 0.013021
0 0.347625 0.890885 0.007250 0.013021
0 0.352250 0.868750 0.006500 0.009375
0 0.357125 0.863281 0.004250 0.009896
0 0.372500 0.850521 0.004000 0.012500
0 0.296375 0.652604 0.006250 0.010417
0 0.298750 0.668750 0.004000 0.009375
0 0.275125 0.652865 0.004750 0.010937
0 0.342875 0.679427 0.005250 0.010937
0 0.349875 0.662240 0.005250 0.008854
0 0.261375 0.699479 0.003750 0.011458
0 0.214250 0.656771 0.007000 0.009375
0 0.119625 0.543490 0.005750 0.011979
0 0.178750 0.551562 0.006500 0.010417
0 0.332250 0.688021 0.007500 0.008333
0 0.329500 0.680469 0.006500 0.008854
