0 0.800521 0.712000 0.011458 0.006000
0 0.830729 0.702000 0.009375 0.006500
0 0.854427 0.704000 0.010937 0.003500
0 0.857031 0.702125 0.008854 0.002750
0 0.848698 0.604000 0.016146 0.007000
0 0.848437 0.605125 0.010417 0.003250
0 0.844531 0.593500 0.016146 0.010000
0 0.847135 0.581250 0.014063 0.004500
0 0.856510 0.566250 0.009896 0.008000
0 0.865104 0.489250 0.014583 0.006500
0 0.826562 0.475875 0.011458 0.006750
0 0.690104 0.628625 0.007292 0.004750
0 0.686979 0.627375 0.012500 0.004750
0 0.670573 0.605125 0.007812 0.006250
0 0.675260 0.604125 0.007812 0.005250
0 0.624219 0.657875 0.005729 0.005750
0 0.620833 0.656875 0.009375 0.005750
0 0.601562 0.694125 0.009375 0.008250
0 0.501042 0.769750 0.012500 0.008000
0 0.584375 0.749625 0.020833 0.006250
0 0.505208 0.802500 0.009375 0.006000
0 0.501042 0.800250 0.012500 0.006000
0 0.449740 0.523625 0.014063 0.003750
0 0.430469 0.523875 0.014063 0.005750
0 0.467708 0.520625 0.007292 0.004250
0 0.470833 0.519375 0.008333 0.005750
0 0.483333 0.517500 0.007292 0.006000
0 0.479948 0.515750 0.006771 0.005500
0 0.606250 0.424000 0.014583 0.005000
0 0.527344 0.437125 0.014063 0.004750
0 0.447396 0.408375 0.009375 0.007250
0 0.441406 0.409250 0.006771 0.006000
0 0.420573 0.413875 0.010937 0.009750
0 0.360417 0.413625 0.008333 0.005750
0 0.364323 0.412750 0.010937 0.007000
0 0.280469 0.422000 0.013021 0.004500
0 0.268490 0.405625 0.016146 0.004750
0 0.270833 0.403000 0.014583 0.005000
0 0.181250 0.387375 0.016667 0.006750
0 0.161198 0.375125 0.010937 0.007750
0 0.164323 0.386250 0.013021 0.006000
0 0.161979 0.382625 0.015625 0.004250
0 0.145052 0.391750 0.013021 0.006500
0 0.140885 0.389625 0.009896 0.005750
0 0.067448 0.365250 0.014063 0.006500
0 0.243750 0.348250 0.009375 0.006000
0 0.310417 0.378625 0.018750 0.008250
0 0.545312 0.404750 0.013542 0.006500
0 0.674219 0.306875 0.008854 0.007750
0 0.534896 0.210500 0.011458 0.006000
0 0.538802 0.208625 0.007812 0.004750
0 0.536458 0.204375 0.010417 0.005250
0 0.426563 0.189125 0.012500 0.006250
0 0.454427 0.189250 0.005729 0.008000
0 0.449479 0.189750 0.006250 0.007000
0 0.434115 0.171875 0.011979 0.009250
0 0.870833 0.372250 0.013542 0.008500
0 0.898177 0.313875 0.014063 0.007750
0 0.896615 0.314875 0.014063 0.007250
