0 0.428375 0.927865 0.006250 0.014063
0 0.448875 0.955729 0.006750 0.008333
0 0.462375 0.922917 0.007750 0.011458
0 0.462500 0.921875 0.006500 0.010417
0 0.465250 0.912500 0.005500 0.011458
0 0.476125 0.909115 0.005750 0.010937
0 0.481875 0.899479 0.006750 0.010417
0 0.505250 0.848958 0.004500 0.016667
0 0.545750 0.866406 0.007500 0.011979
0 0.471375 0.849479 0.005750 0.013542
0 0.462000 0.877865 0.007500 0.009896
0 0.447000 0.880208 0.004000 0.015625
0 0.341625 0.972135 0.007750 0.008854
0 0.455750 0.698698 0.007500 0.009896
0 0.458875 0.715365 0.005750 0.010937
0 0.445875 0.696875 0.006750 0.008333
0 0.445250 0.700260 0.005000 0.007812
0 0.436750 0.695833 0.007000 0.009375
0 0.400125 0.677865 0.005750 0.011979
0 0.371250 0.667969 0.004000 0.011979
0 0.498000 0.634635 0.005500 0.014063
0 0.475000 0.601562 0.006500 0.013542
0 0.469625 0.601823 0.004750 0.013021
0 0.467625 0.589844 0.004750 0.013021
0 0.472750 0.630469 0.003500 0.010937
0 0.474375 0.627865 0.005250 0.011979
0 0.387375 0.540885 0.005750 0.008854
0 0.381875 0.540885 0.006750 0.009896
0 0.404000 0.498698 0.008000 0.010937
0 0.359625 0.529948 0.005750 0.014063
0 0.372250 0.512240 0.005500 0.014063
0 0.380750 0.511979 0.006000 0.009375
0 0.383000 0.503906 0.005000 0.013021
0 0.377875 0.505729 0.007750 0.007292
0 0.379750 0.491146 0.006500 0.012500
0 0.509750 0.604948 0.006500 0.008854
0 0.499625 0.583333 0.002750 0.008333
0 0.501625 0.581771 0.003750 0.012500
0 0.491875 0.522135 0.004250 0.015104
0 0.484500 0.507292 0.003000 0.009375
0 0.482000 0.504948 0.004500 0.007812
0 0.463375 0.491406 0.004750 0.014063
0 0.453875 0.482812 0.004750 0.014583
0 0.449625 0.463281 0.003750 0.014063
0 0.404125 0.421354 0.004250 0.012500
0 0.412125 0.423698 0.002750 0.010937
0 0.432000 0.423177 0.003000 0.013021
0 0.434750 0.425000 0.002500 0.008333
0 0.411375 0.393750 0.004250 0.014583
0 0.400750 0.359635 0.005000 0.009896
0 0.402125 0.357031 0.005750 0.011979
0 0.399125 0.340104 0.005250 0.014583
0 0.369250 0.274219 0.004000 0.013021
0 0.366250 0.263542 0.003500 0.010417
0 0.368125 0.262500 0.003750 0.012500
0 0.349750 0.198698 0.006000 0.010937
0 0.355375 0.201302 0.005250 0.010937
0 0.388500 0.225260 0.007500 0.009896
0 0.389125 0.250260 0.006750 0.007812
0 0.387875 0.290625 0.006750 0.008333
0 0.395750 0.309635 0.005500 0.013021
0 0.396125 0.299219 0.005250 0.013021
0 0.454125 0.440365 0.005750 0.013021
0 0.468500 0.476042 0.005000 0.012500
0 0.469625 0.473177 0.003750 0.007812
0 0.550625 0.567969 0.004750 0.010937
0 0.539000 0.501563 0.003000 0.008333
0 0.537375 0.499740 0.002250 0.006771
0 0.532250 0.457552 0.004500 0.013021
0 0.526375 0.454948 0.004250 0.011979
0 0.528250 0.451042 0.005000 0.012500
0 0.510875 0.435677 0.005250 0.010937
0 0.526500 0.433073 0.002500 0.011979
0 0.529375 0.434635 0.003750 0.014063
0 0.523625 0.416146 0.005250 0.013542
0 0.520625 0.405990 0.004250 0.009896
0 0.519875 0.398438 0.005250 0.007292
0 0.512125 0.345573 0.004250 0.014063
0 0.511250 0.321615 0.005500 0.014063
0 0.506875 0.294271 0.006750 0.013542
0 0.469125 0.200000 0.003750 0.014583
0 0.464625 0.191406 0.007250 0.009896
0 0.463375 0.198437 0.007250 0.011458
0 0.454750 0.178646 0.006000 0.015625
0 0.480125 0.126302 0.007750 0.015104
0 0.507125 0.248698 0.005750 0.014063
0 0.516000 0.275000 0.006500 0.010417
0 0.518875 0.265625 0.004250 0.015625
0 0.535375 0.360156 0.004750 0.008854
0 0.550375 0.476562 0.004250 0.016667
0 0.549125 0.492708 0.004750 0.010417
0 0.624625 0.483073 0.003750 0.011979
0 0.631375 0.489323 0.004750 0.013021
0 0.643625 0.488542 0.004750 0.008333
0 0.642750 0.484375 0.003500 0.009375
0 0.634875 0.462240 0.006250 0.009896
0 0.634250 0.433594 0.004000 0.010937
0 0.631750 0.428125 0.004500 0.005208
0 0.629750 0.434635 0.005500 0.009896
0 0.647875 0.433073 0.003250 0.009896
0 0.649750 0.433073 0.003500 0.009896
0 0.659125 0.394792 0.005750 0.011458
0 0.659375 0.412760 0.005750 0.009896
0 0.657250 0.405729 0.003500 0.011458
0 0.666750 0.422135 0.003500 0.009896
0 0.669125 0.420312 0.004250 0.008333
0 0.645125 0.514583 0.006250 0.015625
0 0.650250 0.499479 0.004500 0.011458
0 0.653125 0.487240 0.006250 0.013021
0 0.667375 0.440365 0.004250 0.013021
0 0.671375 0.436719 0.003750 0.013021
0 0.683250 0.439062 0.006500 0.010417
0 0.673000 0.409375 0.005000 0.013542
0 0.701250 0.407812 0.005500 0.015625
0 0.640750 0.296354 0.004000 0.011458
0 0.616125 0.198177 0.004250 0.007812
