0 0.015625 0.326000 0.011458 0.003500
0 0.047656 0.343750 0.006771 0.005000
0 0.125260 0.304500 0.008854 0.005500
0 0.140625 0.300375 0.011458 0.004750
0 0.146875 0.336125 0.010417 0.005750
0 0.250260 0.403125 0.006771 0.006250
0 0.256771 0.402625 0.006250 0.004750
0 0.265365 0.333000 0.007812 0.003500
0 0.252083 0.315250 0.006250 0.005500
0 0.245312 0.310875 0.007292 0.006250
0 0.201302 0.310500 0.010937 0.004000
0 0.177865 0.313375 0.009896 0.004250
0 0.246094 0.297375 0.010937 0.005750
0 0.216927 0.274875 0.009896 0.007750
0 0.178906 0.276000 0.005729 0.006500
0 0.174479 0.276625 0.004167 0.006250
0 0.197135 0.265875 0.016146 0.008750
0 0.238281 0.254375 0.013021 0.006250
0 0.272656 0.213625 0.008854 0.005750
0 0.236458 0.209250 0.010417 0.005000
0 0.236198 0.219250 0.005729 0.005500
0 0.230990 0.216000 0.013021 0.004000
0 0.246354 0.216875 0.014583 0.008750
0 0.163021 0.204875 0.006250 0.006250
0 0.157292 0.205375 0.007292 0.008750
0 0.218750 0.193250 0.013542 0.007000
0 0.223698 0.172625 0.011979 0.006250
0 0.230208 0.167625 0.010417 0.003250
0 0.306510 0.161625 0.005729 0.006250
0 0.292708 0.116875 0.008333 0.004250
0 0.388802 0.342000 0.010937 0.004500
0 0.379948 0.342375 0.006771 0.005750
0 0.455729 0.308750 0.013542 0.003500
0 0.454167 0.312125 0.006250 0.004750
0 0.452083 0.300500 0.009375 0.007000
0 0.495573 0.291125 0.005729 0.005250
0 0.453906 0.288125 0.009896 0.004750
0 0.478646 0.271625 0.010417 0.006750
0 0.476562 0.291250 0.013542 0.006000
0 0.523958 0.268250 0.011458 0.007500
0 0.538281 0.277500 0.008854 0.004500
0 0.517188 0.248875 0.010417 0.006250
0 0.513021 0.238125 0.013542 0.005250
0 0.535937 0.245250 0.011458 0.006000
0 0.554427 0.258000 0.015104 0.003000
0 0.551042 0.255000 0.014583 0.002500
0 0.555729 0.229125 0.013542 0.005250
0 0.580729 0.239000 0.016667 0.006000
0 0.602083 0.236375 0.008333 0.004250
0 0.627344 0.219875 0.007812 0.006750
0 0.617188 0.216750 0.009375 0.006000
0 0.627604 0.212125 0.011458 0.005250
0 0.587240 0.208000 0.013021 0.003500
0 0.600781 0.240500 0.008854 0.004500
0 0.562240 0.196750 0.010937 0.005000
0 0.561979 0.191750 0.011458 0.005000
0 0.572396 0.181250 0.014583 0.006500
0 0.696354 0.188000 0.019792 0.008500
0 0.708333 0.164375 0.006250 0.006250
0 0.700521 0.168000 0.008333 0.004000
0 0.697917 0.166500 0.010417 0.005500
0 0.661198 0.179625 0.005729 0.007250
0 0.665365 0.180750 0.006771 0.004500
0 0.683333 0.126750 0.014583 0.008000
0 0.841927 0.133000 0.009896 0.007500
0 0.847656 0.139125 0.014063 0.008250
0 0.361979 0.414625 0.010417 0.002750
0 0.364063 0.411625 0.007292 0.004250
0 0.405469 0.423125 0.011979 0.003750
0 0.443750 0.411750 0.009375 0.004500
0 0.420312 0.406625 0.012500 0.002750
0 0.415885 0.403625 0.006771 0.003250
0 0.420833 0.403250 0.008333 0.004500
0 0.492969 0.397000 0.009896 0.002500
0 0.493490 0.395250 0.011979 0.002500
0 0.524219 0.404250 0.011979 0.006500
0 0.523438 0.396125 0.014583 0.005250
0 0.563281 0.407375 0.009896 0.003750
0 0.563542 0.390000 0.012500 0.004000
0 0.541927 0.388750 0.013021 0.004000
0 0.550000 0.386000 0.012500 0.003500
0 0.546354 0.382500 0.011458 0.004000
0 0.594792 0.375750 0.006250 0.006000
0 0.604427 0.374875 0.010937 0.004750
0 0.629427 0.372375 0.008854 0.004750
0 0.622917 0.375875 0.012500 0.002750
0 0.620052 0.372625 0.010937 0.003250
0 0.613542 0.377000 0.009375 0.005500
0 0.624219 0.369750 0.010937 0.004500
0 0.627344 0.392375 0.011979 0.004250
0 0.643750 0.404750 0.012500 0.003500
0 0.661458 0.400500 0.011458 0.004000
0 0.586979 0.420000 0.008333 0.002500
0 0.692448 0.404625 0.010937 0.004250
0 0.705469 0.405500 0.004687 0.004500
0 0.712240 0.411875 0.008854 0.003750
0 0.711458 0.406500 0.009375 0.002000
0 0.709896 0.409750 0.009375 0.004500
0 0.705729 0.408875 0.007292 0.003250
0 0.708333 0.374250 0.008333 0.004000
0 0.704167 0.373000 0.008333 0.006500
0 0.678906 0.372875 0.008854 0.002750
0 0.679948 0.369750 0.011979 0.003500
0 0.755990 0.370625 0.014063 0.004250
0 0.803646 0.363625 0.008333 0.006250
0 0.757031 0.381625 0.015104 0.004750
0 0.792448 0.391375 0.010937 0.004250
0 0.814583 0.392375 0.011458 0.005250
0 0.915625 0.396375 0.007292 0.003750
0 0.922917 0.397125 0.007292 0.003750
0 0.925260 0.398750 0.006771 0.002500
0 0.987500 0.405500 0.010417 0.005500
0 0.741667 0.315500 0.010417 0.006500
0 0.412500 0.449625 0.009375 0.004750
0 0.427604 0.451000 0.006250 0.004500
0 0.454167 0.454250 0.008333 0.004000
0 0.454427 0.450500 0.007812 0.004000
0 0.509115 0.477375 0.009896 0.004250
0 0.540885 0.460875 0.013021 0.005750
0 0.553125 0.470000 0.014583 0.004000
0 0.559375 0.476250 0.009375 0.001500
0 0.562240 0.478250 0.010937 0.003000
0 0.597396 0.473750 0.007292 0.005000
0 0.642448 0.461625 0.013021 0.003750
0 0.662500 0.491250 0.008333 0.006500
0 0.683073 0.476125 0.006771 0.005750
0 0.691406 0.477625 0.011979 0.006250
0 0.717187 0.461750 0.007292 0.004500
0 0.708073 0.457000 0.011979 0.003500
0 0.707812 0.461750 0.011458 0.004500
0 0.716667 0.482750 0.004167 0.003500
0 0.721094 0.482625 0.006771 0.004750
0 0.769271 0.503625 0.013542 0.003250
0 0.794010 0.484750 0.007812 0.003500
0 0.794271 0.481000 0.008333 0.004000
0 0.856250 0.482500 0.017708 0.006000
0 0.940625 0.549250 0.007292 0.006000
0 0.823177 0.537250 0.009896 0.003000
0 0.824479 0.535625 0.012500 0.003250
0 0.953385 0.492250 0.007812 0.003500
0 0.830990 0.472500 0.007812 0.003000
0 0.717708 0.524625 0.011458 0.002250
0 0.717969 0.526500 0.007812 0.002000
0 0.695312 0.541500 0.006250 0.002500
0 0.693490 0.540250 0.008854 0.003500
0 0.618750 0.457250 0.008333 0.004000
0 0.377604 0.481000 0.004167 0.003500
0 0.383333 0.481750 0.007292 0.004500
0 0.468229 0.513125 0.007292 0.003250
0 0.527083 0.550625 0.009375 0.003750
0 0.317708 0.597125 0.009375 0.005250
0 0.301302 0.549250 0.010937 0.004500
0 0.297917 0.489125 0.006250 0.002750
0 0.471354 0.662625 0.014583 0.006250
0 0.588021 0.721250 0.007292 0.004500
0 0.635677 0.659000 0.009896 0.002500
0 0.626042 0.624125 0.007292 0.003250
0 0.514583 0.640000 0.005208 0.003000
0 0.726302 0.687125 0.010937 0.003250
