0 0.779167 0.747875 0.025000 0.009250
0 0.817187 0.719375 0.014583 0.015250
0 0.725521 0.686875 0.023958 0.009250
0 0.757812 0.672750 0.015625 0.012500
0 0.681250 0.644375 0.021875 0.010750
0 0.596875 0.624125 0.025000 0.009750
0 0.608333 0.601000 0.022917 0.012500
0 0.607031 0.602000 0.018229 0.013000
0 0.671094 0.608250 0.023438 0.012500
0 0.700000 0.587000 0.022917 0.011500
0 0.702865 0.579250 0.020313 0.012000
0 0.652344 0.554125 0.016146 0.008750
0 0.425781 0.582375 0.020313 0.010750
0 0.122917 0.571000 0.026042 0.011000
0 0.270313 0.700250 0.014583 0.011000
0 0.129948 0.546250 0.021354 0.010500
0 0.189844 0.546250 0.019271 0.010500
0 0.161719 0.528000 0.017188 0.011000
0 0.194792 0.509000 0.027083 0.016500
0 0.243750 0.505000 0.025000 0.012500
0 0.263542 0.525750 0.026042 0.012000
0 0.271354 0.510375 0.021875 0.011250
0 0.346615 0.512000 0.029687 0.013500
0 0.423698 0.511750 0.022396 0.013000
0 0.380208 0.497000 0.016667 0.012000
0 0.398698 0.500375 0.020313 0.015250
0 0.365885 0.490500 0.018229 0.007500
0 0.207552 0.478250 0.029687 0.013500
0 0.206250 0.475000 0.029167 0.012500
0 0.254948 0.480750 0.020313 0.014000
0 0.283333 0.477750 0.022917 0.018000
0 0.294792 0.475875 0.027083 0.015250
0 0.195052 0.449750 0.016146 0.011000
0 0.345573 0.422250 0.020313 0.012500
0 0.350781 0.421500 0.017188 0.013000
0 0.359635 0.411375 0.019271 0.009250
0 0.344271 0.399500 0.027083 0.011500
0 0.358073 0.389875 0.016146 0.008750
0 0.395313 0.461250 0.022917 0.012000
0 0.406250 0.459000 0.016667 0.008500
0 0.397656 0.449750 0.018229 0.011000
0 0.416406 0.447250 0.017188 0.013500
0 0.416927 0.442500 0.018229 0.006000
0 0.410677 0.430125 0.017188 0.009750
0 0.437500 0.441250 0.022917 0.012000
0 0.445312 0.430500 0.025000 0.013500
0 0.449740 0.430250 0.024479 0.012000
0 0.459896 0.466625 0.017708 0.010750
0 0.594010 0.509500 0.019271 0.011000
0 0.608333 0.511625 0.015625 0.015250
0 0.540885 0.497125 0.015104 0.008750
0 0.573177 0.504625 0.022396 0.010750
0 0.575000 0.492125 0.028125 0.016250
0 0.573698 0.493125 0.023438 0.015250
0 0.602083 0.478375 0.026042 0.015750
0 0.632552 0.473125 0.021354 0.013250
0 0.625781 0.471500 0.023438 0.013000
0 0.562500 0.468750 0.037500 0.014000
0 0.561458 0.467625 0.026042 0.009750
0 0.571615 0.460625 0.017188 0.006750
0 0.583073 0.450625 0.010937 0.009750
0 0.550521 0.443500 0.022917 0.011500
0 0.610417 0.444875 0.022917 0.019750
0 0.608073 0.445125 0.031771 0.016750
0 0.635938 0.457375 0.021875 0.014250
0 0.628646 0.454000 0.029167 0.012000
0 0.858073 0.492375 0.017188 0.013750
0 0.890104 0.486000 0.022917 0.012500
0 0.926302 0.497875 0.018229 0.010250
0 0.938542 0.530750 0.026042 0.012000
0 0.948958 0.516250 0.027083 0.013500
0 0.948698 0.517125 0.019271 0.015250
0 0.973958 0.523875 0.025000 0.014750
0 0.972135 0.523625 0.032813 0.010750
0 0.891927 0.443500 0.023438 0.017000
0 0.894792 0.442125 0.022917 0.011750
0 0.808854 0.447250 0.027083 0.013500
0 0.808594 0.446250 0.031771 0.013500
0 0.776302 0.435875 0.032813 0.014750
0 0.776042 0.434000 0.025000 0.012000
0 0.733854 0.403000 0.027083 0.010000
0 0.589063 0.416500 0.022917 0.012000
0 0.663281 0.385625 0.030729 0.013250
0 0.672396 0.393125 0.028125 0.015250
0 0.605469 0.367375 0.028646 0.014750
0 0.604167 0.367875 0.023958 0.009250
0 0.560677 0.356375 0.027604 0.009750
0 0.539844 0.387625 0.021354 0.009250
0 0.505208 0.367375 0.017708 0.010250
0 0.156510 0.384750 0.027604 0.011500
0 0.105469 0.317875 0.020313 0.010250
0 0.676042 0.290750 0.025000 0.010500
0 0.671615 0.290500 0.020313 0.010000
0 0.697656 0.301375 0.020313 0.011750
0 0.697656 0.300375 0.020313 0.009750
0 0.747396 0.298125 0.013542 0.008750
0 0.579427 0.343750 0.019271 0.011000
0 0.754948 0.323375 0.030729 0.015750
0 0.754427 0.324250 0.022396 0.011000
0 0.786979 0.275375 0.040625 0.015250
0 0.779427 0.274625 0.033854 0.009250
0 0.797917 0.297375 0.028125 0.010250
0 0.791146 0.298375 0.021875 0.010250
0 0.838542 0.261625 0.023958 0.008750
0 0.858073 0.268250 0.019271 0.014000
0 0.852865 0.268500 0.029687 0.011500
0 0.850000 0.239625 0.021875 0.014750
0 0.846615 0.241500 0.019271 0.012000
0 0.858594 0.222875 0.018229 0.007250
