0 0.395625 0.427865 0.004750 0.006771
0 0.384500 0.448437 0.005500 0.010417
0 0.397375 0.459896 0.004750 0.006250
0 0.400125 0.466667 0.003250 0.009375
0 0.400625 0.451562 0.004250 0.010417
0 0.406500 0.448177 0.004000 0.011979
0 0.409000 0.430208 0.005000 0.009375
0 0.414625 0.441667 0.004750 0.010417
0 0.419500 0.451562 0.004000 0.010417
0 0.424625 0.444010 0.005250 0.006771
0 0.423875 0.450260 0.005250 0.004687
0 0.427625 0.453646 0.003750 0.010417
0 0.432125 0.430469 0.005250 0.007812
0 0.429125 0.457031 0.003250 0.009896
0 0.431875 0.455208 0.002750 0.010417
0 0.432875 0.463021 0.004250 0.010417
0 0.433500 0.474219 0.003000 0.009896
0 0.436000 0.472135 0.003500 0.008854
0 0.440625 0.501823 0.004750 0.008854
0 0.436625 0.478906 0.004250 0.009896
0 0.443250 0.478385 0.002000 0.007812
0 0.441875 0.477865 0.002750 0.010937
0 0.422125 0.538281 0.004750 0.009896
0 0.404625 0.521615 0.004750 0.005729
0 0.404125 0.516927 0.005250 0.005729
0 0.397375 0.528125 0.003250 0.009375
0 0.396250 0.526302 0.003000 0.007812
0 0.405875 0.507812 0.004250 0.008333
0 0.410750 0.507552 0.004500 0.007812
0 0.410125 0.504167 0.003250 0.005208
0 0.400750 0.489063 0.003000 0.006250
0 0.400250 0.486458 0.004500 0.007292
0 0.420500 0.487760 0.003500 0.009896
0 0.419250 0.486198 0.002000 0.007812
0 0.358750 0.675260 0.004000 0.010937
0 0.376625 0.711719 0.005250 0.010937
0 0.393375 0.407031 0.003250 0.008854
0 0.392250 0.405208 0.003500 0.007292
0 0.505375 0.342187 0.004750 0.005208
0 0.504250 0.337240 0.003500 0.006771
0 0.509125 0.403646 0.003250 0.011458
0 0.513750 0.414583 0.004000 0.011458
0 0.514500 0.404687 0.005000 0.006250
0 0.520250 0.413802 0.004000 0.008854
0 0.518625 0.407292 0.003750 0.008333
0 0.522125 0.436719 0.002750 0.010937
0 0.517500 0.436979 0.002500 0.009375
0 0.517875 0.445573 0.002250 0.009896
0 0.519250 0.451302 0.002500 0.009896
0 0.522750 0.452083 0.005000 0.007292
0 0.528000 0.451302 0.002500 0.010937
0 0.529750 0.460938 0.004000 0.008333
0 0.526500 0.471875 0.002500 0.011458
0 0.519875 0.460156 0.004250 0.008854
0 0.522375 0.469531 0.001750 0.010937
0 0.524250 0.469271 0.002000 0.012500
0 0.516750 0.523438 0.003500 0.007292
0 0.531125 0.543490 0.005750 0.009896
0 0.540750 0.563281 0.004000 0.010937
0 0.543875 0.557031 0.003250 0.013021
0 0.544500 0.587500 0.003000 0.012500
0 0.549625 0.587240 0.003250 0.010937
0 0.550750 0.606510 0.004000 0.011979
0 0.544375 0.603906 0.005250 0.008854
0 0.538875 0.642708 0.003750 0.011458
0 0.537125 0.646875 0.003250 0.007292
0 0.537500 0.655729 0.003000 0.010417
0 0.539875 0.654948 0.002250 0.011979
0 0.556750 0.764062 0.005000 0.011458
0 0.547125 0.732552 0.005250 0.011979
0 0.517375 0.912500 0.006250 0.007292
0 0.524625 0.256510 0.004250 0.007812
0 0.528625 0.258594 0.003750 0.007812
0 0.539500 0.248438 0.005000 0.010417
0 0.547250 0.253385 0.003500 0.009896
0 0.581750 0.274740 0.005500 0.005729
0 0.600000 0.291406 0.004500 0.009896
0 0.608875 0.298698 0.002750 0.008854
0 0.610625 0.297656 0.002750 0.008854
0 0.670375 0.294531 0.006750 0.008854
0 0.713875 0.455469 0.003250 0.014063
0 0.699000 0.409896 0.003500 0.005208
0 0.697750 0.407292 0.005000 0.006250
0 0.710625 0.494010 0.002250 0.009896
0 0.712500 0.493229 0.003500 0.010417
0 0.724125 0.485156 0.006750 0.005729
0 0.726625 0.490365 0.006250 0.004687
0 0.727125 0.495052 0.005250 0.004687
0 0.735375 0.518490 0.006250 0.007812
0 0.721875 0.515625 0.002750 0.008333
0 0.719500 0.515625 0.002500 0.010417
0 0.735750 0.523698 0.003500 0.003646
0 0.790625 0.411198 0.007250 0.015104
0 0.810875 0.364844 0.003250 0.013021
0 0.813250 0.363281 0.003000 0.013021
0 0.535000 0.125781 0.005000 0.006771
0 0.543500 0.161979 0.002500 0.013542
0 0.546125 0.159896 0.002750 0.008333
0 0.548250 0.157812 0.003000 0.011458
0 0.554000 0.148438 0.004000 0.010417
0 0.559000 0.150260 0.004000 0.009896
0 0.557250 0.165104 0.005500 0.010417
0 0.566375 0.135677 0.002750 0.009896
0 0.565250 0.133594 0.003500 0.010937
0 0.572000 0.101823 0.003500 0.008854
0 0.572875 0.092448 0.005750 0.007812
0 0.575250 0.107812 0.004000 0.008333
0 0.586625 0.098958 0.005750 0.007292
0 0.596375 0.082552 0.003750 0.009896
0 0.605625 0.110677 0.002750 0.013021
0 0.595250 0.127344 0.003000 0.011979
0 0.601375 0.138021 0.004750 0.012500
0 0.614000 0.108854 0.004500 0.009375
0 0.623000 0.108854 0.004500 0.010417
0 0.612625 0.091146 0.005750 0.011458
0 0.612625 0.073698 0.003250 0.009896
0 0.655875 0.106250 0.005250 0.013542
0 0.656375 0.087500 0.005250 0.010417
0 0.665875 0.090625 0.004750 0.008333
0 0.656250 0.155208 0.006500 0.013542
0 0.717500 0.025781 0.004500 0.009896
0 0.712250 0.021094 0.003000 0.009896
0 0.711250 0.018750 0.003500 0.010417
0 0.710250 0.017188 0.003500 0.008333
0 0.803875 0.026823 0.006750 0.013021
0 0.972375 0.067969 0.004750 0.014063
0 0.918750 0.734635 0.008000 0.010937
0 0.842750 0.825781 0.005000 0.011979
0 0.736500 0.920052 0.006500 0.013021
0 0.615750 0.715885 0.006000 0.009896
0 0.640375 0.570052 0.005250 0.010937
0 0.641250 0.409375 0.004500 0.009375
0 0.515625 0.011979 0.003750 0.014583
0 0.499375 0.018229 0.003750 0.011458
0 0.496875 0.016927 0.002250 0.013021
0 0.489875 0.637760 0.009250 0.017188
0 0.487625 0.569792 0.003750 0.010417
0 0.447125 0.619271 0.004250 0.009375
0 0.364750 0.892448 0.004000 0.009896
0 0.395625 0.902344 0.003250 0.009896
0 0.411250 0.905990 0.003500 0.009896
0 0.421625 0.938802 0.004750 0.010937
0 0.383000 0.968490 0.005000 0.014063
0 0.365000 0.980469 0.006000 0.009896
0 0.425000 0.990365 0.003500 0.011979
0 0.373875 0.938281 0.004750 0.009896
0 0.220750 0.935417 0.006500 0.011458
0 0.245000 0.906250 0.005500 0.011458
0 0.266000 0.774740 0.004000 0.013021
0 0.187750 0.775000 0.010000 0.017708
0 0.223375 0.725521 0.004750 0.011458
0 0.226875 0.711198 0.005250 0.010937
0 0.274750 0.577083 0.005000 0.009375
0 0.161250 0.807812 0.005500 0.008333
0 0.755625 0.452865 0.007750 0.011979
