0 0.201042 0.489750 0.007292 0.006000
0 0.355990 0.439375 0.008854 0.006750
0 0.333594 0.397250 0.010937 0.004500
0 0.330469 0.387875 0.008854 0.007250
0 0.263281 0.386750 0.010937 0.006000
0 0.294792 0.379375 0.011458 0.006250
0 0.303906 0.347000 0.011979 0.006000
0 0.328385 0.340875 0.009896 0.006250
0 0.276823 0.332000 0.010937 0.007000
0 0.287500 0.332625 0.007292 0.007250
0 0.319531 0.330750 0.006771 0.007000
0 0.342969 0.327500 0.007812 0.006500
0 0.298438 0.310375 0.007292 0.006750
0 0.314844 0.285500 0.010937 0.007000
0 0.273177 0.299000 0.007812 0.006500
0 0.271615 0.291625 0.007812 0.006250
0 0.257812 0.288000 0.013542 0.004000
0 0.257292 0.282250 0.012500 0.007000
0 0.192448 0.259500 0.007812 0.008000
0 0.231510 0.256250 0.009896 0.008000
0 0.350521 0.248750 0.009375 0.005000
0 0.273698 0.222125 0.004687 0.005750
0 0.278906 0.223000 0.006771 0.006000
0 0.332292 0.213750 0.009375 0.005500
0 0.339323 0.209250 0.008854 0.007500
0 0.319792 0.208500 0.009375 0.006000
0 0.348438 0.186250 0.011458 0.006500
0 0.325260 0.189125 0.007812 0.006750
0 0.303906 0.179500 0.006771 0.007000
0 0.329948 0.166125 0.009896 0.006250
0 0.218750 0.148750 0.012500 0.006000
0 0.266146 0.077625 0.013542 0.005750
0 0.291146 0.083000 0.008333 0.007500
0 0.472656 0.473875 0.008854 0.005250
0 0.604167 0.406625 0.011458 0.007750
0 0.624479 0.388000 0.009375 0.007500
0 0.596094 0.378875 0.011979 0.006250
0 0.641667 0.372625 0.010417 0.006750
0 0.601042 0.354250 0.009375 0.007000
0 0.615365 0.346875 0.013021 0.006250
0 0.671354 0.333750 0.012500 0.006500
0 0.678125 0.348625 0.005208 0.008250
0 0.684115 0.349500 0.007812 0.007500
0 0.733594 0.327250 0.011979 0.007500
0 0.752083 0.326000 0.010417 0.006500
0 0.776823 0.327375 0.009896 0.008250
0 0.787500 0.329625 0.007292 0.008250
0 0.798438 0.330125 0.010417 0.008250
0 0.811979 0.319125 0.016667 0.007750
0 0.796354 0.299000 0.013542 0.008000
0 0.825000 0.281750 0.015625 0.005000
0 0.677604 0.290250 0.010417 0.005500
0 0.717187 0.278875 0.013542 0.007750
0 0.825260 0.262125 0.013021 0.007750
0 0.841146 0.254500 0.013542 0.008000
0 0.916667 0.268000 0.017708 0.007500
0 0.809375 0.300750 0.012500 0.005000
0 0.816927 0.303875 0.008854 0.007750
0 0.854167 0.225375 0.011458 0.008750
0 0.873177 0.198500 0.009896 0.009500
0 0.912240 0.170125 0.013021 0.006250
0 0.730990 0.513500 0.008854 0.006500
0 0.740104 0.494000 0.014583 0.004500
0 0.717448 0.491000 0.004687 0.006000
0 0.723958 0.492375 0.007292 0.005750
0 0.761979 0.504125 0.012500 0.004750
0 0.763542 0.508125 0.013542 0.004250
0 0.776042 0.509375 0.010417 0.006250
0 0.806250 0.508750 0.014583 0.006000
0 0.922917 0.512000 0.016667 0.004500
0 0.781771 0.591375 0.014583 0.003750
0 0.761979 0.604125 0.008333 0.006250
0 0.773698 0.606000 0.015104 0.005000
0 0.757292 0.612750 0.012500 0.006000
0 0.739062 0.601625 0.013542 0.004250
0 0.737240 0.605250 0.011979 0.004500
0 0.803385 0.616875 0.005729 0.005250
0 0.814583 0.618625 0.011458 0.003750
0 0.810156 0.612625 0.011979 0.005250
0 0.791927 0.637625 0.008854 0.003750
0 0.801562 0.637875 0.010417 0.004750
0 0.842448 0.640750 0.011979 0.006500
0 0.854687 0.645500 0.012500 0.006000
0 0.945052 0.647875 0.014063 0.006250
0 0.982292 0.643250 0.013542 0.006000
0 0.985417 0.659750 0.014583 0.006500
0 0.470833 0.601375 0.007292 0.005750
0 0.560417 0.666625 0.010417 0.005750
0 0.572656 0.649875 0.006771 0.005750
0 0.583594 0.650625 0.008854 0.005250
0 0.590365 0.650875 0.008854 0.005250
0 0.627083 0.705000 0.012500 0.005000
0 0.642708 0.714500 0.006250 0.007500
0 0.643229 0.695375 0.006250 0.006250
0 0.631771 0.687250 0.011458 0.004000
0 0.633854 0.692750 0.008333 0.008500
0 0.677083 0.694125 0.010417 0.004750
0 0.672396 0.688625 0.009375 0.004750
0 0.682813 0.691000 0.009375 0.005000
0 0.732812 0.697625 0.007292 0.004750
0 0.738542 0.711500 0.010417 0.005500
0 0.760677 0.714875 0.009896 0.005750
0 0.690885 0.725000 0.007812 0.006000
0 0.697917 0.744625 0.013542 0.004250
0 0.730208 0.740875 0.011458 0.006750
0 0.719531 0.759500 0.014063 0.007000
0 0.758854 0.747000 0.006250 0.006500
0 0.764583 0.738375 0.011458 0.004250
0 0.869271 0.747625 0.009375 0.005250
0 0.812760 0.758375 0.011979 0.004750
0 0.793229 0.771125 0.009375 0.004250
0 0.810677 0.777000 0.013021 0.006000
0 0.823177 0.767875 0.009896 0.006250
0 0.838021 0.776125 0.008333 0.006750
0 0.798177 0.795750 0.010937 0.005500
0 0.767969 0.800250 0.015104 0.004000
0 0.775000 0.836000 0.013542 0.006500
0 0.840625 0.856375 0.013542 0.007250
0 0.840104 0.814125 0.012500 0.006750
0 0.862760 0.811125 0.013021 0.006250
0 0.869010 0.800750 0.010937 0.005000
0 0.869792 0.781375 0.010417 0.004750
0 0.873698 0.773375 0.009896 0.005750
0 0.848177 0.772250 0.007812 0.006500
0 0.839062 0.769250 0.010417 0.005000
0 0.841927 0.766625 0.008854 0.003750
0 0.840885 0.761000 0.013021 0.005000
0 0.915365 0.791500 0.010937 0.006000
0 0.945833 0.818250 0.010417 0.005000
0 0.954948 0.805500 0.008854 0.005500
0 0.947656 0.803125 0.009896 0.005750
0 0.842448 0.879125 0.008854 0.007250
0 0.439844 0.784625 0.008854 0.006250
0 0.414323 0.752375 0.008854 0.004250
0 0.450000 0.845750 0.008333 0.006500
0 0.519010 0.872125 0.009896 0.005250
0 0.478385 0.873000 0.008854 0.005500
0 0.641927 0.600000 0.010937 0.004500
0 0.913802 0.111750 0.011979 0.006500
0 0.840885 0.137125 0.015104 0.004250
