0 0.050000 0.470000 0.011458 0.006500
0 0.117969 0.497375 0.011979 0.005750
0 0.134896 0.430750 0.005208 0.007000
0 0.129688 0.431000 0.006250 0.007500
0 0.054688 0.299875 0.015625 0.005750
0 0.141667 0.349875 0.013542 0.005750
0 0.163021 0.398500 0.013542 0.005000
0 0.148698 0.401875 0.013021 0.005750
0 0.177344 0.408875 0.015104 0.004250
0 0.208333 0.418125 0.012500 0.004750
0 0.380729 0.427875 0.014583 0.004750
0 0.368490 0.421250 0.015104 0.004500
0 0.400260 0.362875 0.015104 0.007750
0 0.423437 0.376625 0.008333 0.005250
0 0.420052 0.391500 0.008854 0.004000
0 0.423698 0.492250 0.011979 0.006000
0 0.612500 0.313500 0.011458 0.009000
0 0.621354 0.296500 0.013542 0.006500
0 0.649479 0.239750 0.011458 0.004500
0 0.736719 0.185250 0.008854 0.007000
0 0.727865 0.208500 0.006771 0.008000
0 0.722656 0.209375 0.005729 0.007250
0 0.706510 0.238375 0.009896 0.007750
0 0.717708 0.494375 0.009375 0.005250
0 0.804948 0.437250 0.010937 0.005500
0 0.801562 0.430500 0.011458 0.007500
0 0.946354 0.359250 0.013542 0.003000
0 0.946354 0.356500 0.015625 0.004000
0 0.922135 0.499500 0.018229 0.004000
0 0.938542 0.535875 0.016667 0.004750
0 0.749219 0.562750 0.018229 0.004000
