0 0.083594 0.712375 0.006771 0.004250
0 0.077865 0.712875 0.007812 0.005250
0 0.136719 0.698500 0.015104 0.006000
0 0.228906 0.716000 0.010937 0.004500
0 0.227604 0.711250 0.008333 0.005500
0 0.229167 0.700500 0.009375 0.004500
0 0.245312 0.688500 0.009375 0.005000
0 0.234635 0.687500 0.009896 0.004500
0 0.196875 0.686250 0.012500 0.005500
0 0.286719 0.681875 0.011979 0.003750
0 0.288542 0.679000 0.007292 0.004000
0 0.335156 0.666750 0.010937 0.003500
0 0.295052 0.665625 0.011979 0.005250
0 0.253385 0.676125 0.009896 0.004750
0 0.261458 0.676000 0.011458 0.004000
0 0.371354 0.669875 0.008333 0.005750
0 0.358594 0.646750 0.011979 0.005500
0 0.396615 0.653625 0.009896 0.005750
0 0.435937 0.642875 0.012500 0.002750
0 0.436458 0.645250 0.011458 0.002500
0 0.465104 0.613750 0.010417 0.005000
0 0.469531 0.606000 0.010937 0.004500
0 0.417448 0.602375 0.011979 0.004250
0 0.407812 0.593375 0.010417 0.005250
0 0.401823 0.600000 0.008854 0.004500
0 0.390365 0.597375 0.006771 0.004750
0 0.399219 0.589625 0.007812 0.004750
0 0.393229 0.588375 0.008333 0.004750
0 0.363281 0.596000 0.009896 0.003500
0 0.367708 0.593250 0.011458 0.004500
0 0.294792 0.579375 0.007292 0.004250
0 0.268229 0.586625 0.007292 0.004750
0 0.265885 0.575250 0.010937 0.005500
0 0.235417 0.568500 0.008333 0.005000
0 0.219010 0.565375 0.010937 0.004250
0 0.283594 0.563500 0.009896 0.004500
0 0.177083 0.546625 0.013542 0.005250
0 0.219531 0.555500 0.008854 0.003500
0 0.217708 0.552625 0.009375 0.003750
0 0.033594 0.546500 0.011979 0.004500
0 0.438802 0.546000 0.014063 0.004500
0 0.407812 0.550000 0.007292 0.005500
0 0.361458 0.530250 0.008333 0.006000
0 0.252344 0.476000 0.003646 0.005000
0 0.256771 0.475625 0.005208 0.005750
0 0.096615 0.394750 0.005729 0.006000
0 0.091406 0.394500 0.004687 0.005500
0 0.023958 0.351875 0.013542 0.008250
0 0.085677 0.368625 0.009896 0.003250
0 0.093750 0.367250 0.011458 0.004500
0 0.116667 0.397125 0.011458 0.004250
0 0.155990 0.410375 0.011979 0.004250
0 0.159896 0.408250 0.007292 0.004500
0 0.252865 0.436000 0.013021 0.005000
0 0.248177 0.459000 0.013021 0.004000
0 0.230990 0.455125 0.015104 0.002250
0 0.230469 0.453250 0.011979 0.002000
0 0.335156 0.495250 0.013021 0.005000
0 0.369792 0.502750 0.012500 0.002500
0 0.369792 0.500625 0.010417 0.002750
0 0.346615 0.511375 0.010937 0.002750
0 0.346875 0.509875 0.009375 0.002250
0 0.390625 0.531375 0.010417 0.003750
0 0.515625 0.525000 0.006250 0.006000
0 0.510677 0.523750 0.006771 0.004500
0 0.512760 0.516875 0.006771 0.003750
0 0.508594 0.514625 0.007812 0.005250
0 0.470312 0.443500 0.012500 0.004000
0 0.455208 0.422875 0.008333 0.004250
0 0.451042 0.421625 0.006250 0.004750
0 0.424740 0.402250 0.011979 0.006500
0 0.425260 0.341750 0.011979 0.003500
0 0.422396 0.339375 0.011458 0.005250
0 0.424219 0.321375 0.008854 0.005750
0 0.404427 0.285875 0.007812 0.006750
0 0.398438 0.287750 0.007292 0.005500
0 0.363542 0.203375 0.007292 0.003750
0 0.361458 0.202375 0.010417 0.005250
0 0.344792 0.159375 0.008333 0.007250
0 0.370833 0.138625 0.012500 0.007250
0 0.410677 0.264125 0.009896 0.006250
0 0.452344 0.318375 0.006771 0.004250
0 0.454427 0.317125 0.008854 0.005750
0 0.510677 0.437875 0.011979 0.003750
0 0.513281 0.435000 0.008854 0.004500
0 0.542708 0.443750 0.012500 0.002500
0 0.542969 0.441625 0.008854 0.002250
0 0.544271 0.492000 0.016667 0.006500
0 0.543229 0.491625 0.012500 0.009250
0 0.671094 0.512625 0.011979 0.005250
0 0.679688 0.507125 0.011458 0.003250
0 0.676562 0.505500 0.012500 0.002500
0 0.682031 0.502750 0.008854 0.003500
0 0.674479 0.502625 0.008333 0.003750
0 0.689063 0.486875 0.007292 0.004750
0 0.684375 0.486625 0.007292 0.005250
0 0.712760 0.477500 0.010937 0.005000
0 0.710156 0.475750 0.009896 0.003000
0 0.811458 0.377125 0.011458 0.006250
0 0.856250 0.304750 0.011458 0.005500
0 0.847656 0.341250 0.008854 0.004500
0 0.843750 0.340000 0.011458 0.005000
0 0.869792 0.321750 0.007292 0.005500
0 0.867188 0.321000 0.007292 0.005000
0 0.930208 0.289250 0.007292 0.006500
0 0.924479 0.290000 0.005208 0.006000
0 0.898177 0.322125 0.010937 0.003750
0 0.892708 0.325375 0.013542 0.005250
0 0.893490 0.325000 0.013021 0.007500
0 0.889844 0.341500 0.011979 0.004500
0 0.870573 0.363500 0.010937 0.007000
0 0.807552 0.414875 0.014063 0.004250
0 0.780729 0.448250 0.008333 0.006500
0 0.732552 0.471875 0.008854 0.006250
0 0.726823 0.478875 0.010937 0.005750
0 0.616927 0.586625 0.013021 0.005250
0 0.617969 0.586750 0.011979 0.008500
0 0.902865 0.539125 0.010937 0.004250
0 0.871875 0.546875 0.008333 0.004250
0 0.863281 0.561875 0.008854 0.004750
0 0.822135 0.561000 0.008854 0.005000
0 0.693490 0.599750 0.010937 0.006000
0 0.632031 0.619875 0.014063 0.004250
0 0.651563 0.630000 0.007292 0.005000
0 0.671615 0.644500 0.010937 0.005500
0 0.753385 0.647000 0.011979 0.005000
0 0.803385 0.638625 0.011979 0.006250
0 0.839844 0.650875 0.009896 0.006250
0 0.897917 0.670250 0.012500 0.004500
0 0.969271 0.696250 0.013542 0.005500
0 0.946615 0.667625 0.011979 0.004750
