0 0.092969 0.437250 0.006771 0.005000
0 0.094271 0.422500 0.010417 0.006000
0 0.125000 0.438000 0.011458 0.006000
0 0.102865 0.380000 0.008854 0.006000
0 0.111458 0.352000 0.010417 0.006000
0 0.017708 0.350500 0.009375 0.005500
0 0.094010 0.330125 0.015104 0.004750
0 0.114844 0.339500 0.004687 0.005500
0 0.119531 0.340000 0.004687 0.007000
0 0.347656 0.402125 0.008854 0.006250
0 0.358854 0.415750 0.007292 0.004000
0 0.353385 0.413750 0.007812 0.006000
0 0.371615 0.393000 0.013021 0.006000
0 0.352083 0.386625 0.008333 0.005250
0 0.333073 0.380875 0.011979 0.004250
0 0.322917 0.383125 0.010417 0.004250
0 0.320833 0.380625 0.008333 0.004250
0 0.291146 0.385750 0.008333 0.006000
0 0.371615 0.368875 0.010937 0.005750
0 0.408594 0.360375 0.004687 0.003250
0 0.409896 0.356250 0.004167 0.005000
0 0.398438 0.350000 0.008333 0.004000
0 0.390625 0.331500 0.007292 0.007500
0 0.382552 0.331375 0.008854 0.005250
0 0.338021 0.325625 0.010417 0.006250
0 0.360677 0.306000 0.004687 0.006000
0 0.367188 0.306375 0.008333 0.006250
0 0.408854 0.282625 0.007292 0.006250
0 0.361719 0.271875 0.009896 0.006750
0 0.488021 0.183750 0.009375 0.006500
0 0.468750 0.173375 0.011458 0.007250
0 0.375260 0.523250 0.011979 0.004000
0 0.403385 0.500375 0.008854 0.003250
0 0.402604 0.498000 0.011458 0.003500
0 0.498698 0.497625 0.010937 0.005250
0 0.504687 0.489625 0.012500 0.003250
0 0.495833 0.479750 0.011458 0.005500
0 0.517188 0.476500 0.007292 0.005500
0 0.532552 0.471875 0.010937 0.003250
0 0.531250 0.463625 0.008333 0.004250
0 0.521875 0.451875 0.014583 0.004250
0 0.474740 0.448750 0.015104 0.007000
0 0.517448 0.434750 0.010937 0.004000
0 0.556771 0.430125 0.016667 0.005250
0 0.537760 0.440250 0.007812 0.003000
0 0.536198 0.438625 0.011979 0.003750
0 0.582812 0.419125 0.016667 0.004750
0 0.566927 0.417250 0.015104 0.003500
0 0.564844 0.412875 0.013021 0.003750
0 0.587760 0.412250 0.014063 0.004000
0 0.693229 0.407875 0.013542 0.005250
0 0.701823 0.361375 0.011979 0.004750
0 0.727865 0.358625 0.011979 0.006250
0 0.778646 0.337125 0.011458 0.005250
0 0.776563 0.335625 0.009375 0.004750
0 0.754687 0.328875 0.014583 0.003750
0 0.754948 0.325750 0.011979 0.003000
0 0.885156 0.296250 0.011979 0.007000
0 0.871875 0.292625 0.010417 0.006750
0 0.824740 0.257375 0.007812 0.006250
0 0.834896 0.254625 0.014583 0.003750
0 0.833854 0.251375 0.010417 0.003250
0 0.965365 0.260125 0.011979 0.002750
0 0.965885 0.257250 0.016146 0.003000
0 0.927344 0.269125 0.010937 0.004250
0 0.924740 0.267250 0.015104 0.004500
0 0.856250 0.597375 0.015625 0.004750
0 0.871615 0.570750 0.015104 0.003500
0 0.802344 0.554500 0.014063 0.004000
0 0.788542 0.555750 0.011458 0.006000
0 0.776042 0.583875 0.012500 0.003250
0 0.782031 0.579125 0.010937 0.003750
0 0.754427 0.556875 0.007812 0.005250
0 0.753385 0.551250 0.009896 0.002000
0 0.753125 0.553250 0.014583 0.002500
0 0.806510 0.544625 0.014063 0.004750
0 0.819010 0.537000 0.018229 0.004500
0 0.725781 0.544000 0.010937 0.005000
0 0.645312 0.551625 0.012500 0.004750
0 0.611198 0.548375 0.011979 0.005250
0 0.599740 0.543500 0.014063 0.004000
0 0.573438 0.537625 0.009375 0.005750
0 0.566667 0.553750 0.014583 0.004500
0 0.586458 0.558250 0.010417 0.006000
0 0.555990 0.583000 0.007812 0.006000
0 0.516927 0.573500 0.009896 0.003500
0 0.451562 0.571125 0.010417 0.003750
0 0.413021 0.613125 0.010417 0.005750
0 0.445573 0.611500 0.010937 0.003500
0 0.465885 0.619375 0.015104 0.003750
0 0.437760 0.637625 0.007812 0.005750
0 0.472396 0.642125 0.010417 0.005750
0 0.507292 0.638875 0.005208 0.005750
0 0.511719 0.638500 0.005729 0.007000
0 0.557292 0.643250 0.010417 0.003500
0 0.563021 0.642500 0.011458 0.006000
0 0.576823 0.643625 0.011979 0.004750
0 0.585677 0.642375 0.006771 0.006250
0 0.565365 0.685125 0.008854 0.004750
0 0.574219 0.683000 0.008854 0.004000
0 0.650521 0.668375 0.010417 0.005250
0 0.654687 0.663875 0.015625 0.003750
0 0.619271 0.701375 0.012500 0.005750
0 0.750781 0.741875 0.009896 0.006250
0 0.758073 0.717750 0.013021 0.006000
0 0.523438 0.637875 0.010417 0.002750
0 0.522656 0.640000 0.013021 0.003500
0 0.465104 0.604375 0.011458 0.003250
0 0.459896 0.599750 0.007292 0.005500
0 0.448177 0.605250 0.013021 0.004500
0 0.438542 0.606750 0.012500 0.004500
0 0.417708 0.604000 0.009375 0.004000
0 0.419010 0.601500 0.010937 0.004500
0 0.201823 0.441250 0.005729 0.005500
0 0.196875 0.441000 0.005208 0.006500
0 0.273958 0.789750 0.011458 0.004000
