0 0.088802 0.778000 0.015104 0.010000
0 0.116667 0.861875 0.014583 0.007750
0 0.146094 0.696125 0.025521 0.008250
0 0.295312 0.543625 0.020833 0.008750
0 0.342969 0.570000 0.016146 0.008500
0 0.385417 0.593625 0.010417 0.006750
0 0.395052 0.593875 0.014063 0.007250
0 0.528125 0.667875 0.018750 0.007250
0 0.651302 0.683875 0.017188 0.008250
0 0.648438 0.748125 0.020833 0.007750
0 0.543229 0.770375 0.013542 0.007750
0 0.572656 0.779000 0.013021 0.010500
0 0.685937 0.776125 0.019792 0.011750
0 0.720052 0.790000 0.016146 0.008500
0 0.679167 0.800625 0.021875 0.006250
0 0.703385 0.881375 0.017188 0.006750
0 0.872917 0.880875 0.018750 0.008750
0 0.851042 0.900125 0.013542 0.007250
0 0.903125 0.951375 0.016667 0.007750
0 0.779948 0.925875 0.015104 0.005750
0 0.978906 0.581375 0.017188 0.007750
0 0.846875 0.595875 0.012500 0.006750
0 0.773958 0.581750 0.029167 0.005000
0 0.708073 0.569750 0.015104 0.005500
0 0.751042 0.436750 0.012500 0.006000
0 0.684375 0.403375 0.011458 0.006250
0 0.666927 0.392625 0.016146 0.007750
0 0.514062 0.350000 0.011458 0.008500
0 0.543229 0.302625 0.013542 0.007750
0 0.583594 0.230250 0.014063 0.010000
0 0.639323 0.197500 0.016146 0.006500
0 0.259115 0.512250 0.015104 0.006000
0 0.195833 0.553125 0.011458 0.008750
