0 0.207000 0.296875 0.006000 0.012500
0 0.281375 0.619271 0.004750 0.010417
0 0.286875 0.648698 0.003250 0.011979
0 0.293000 0.655729 0.006500 0.008333
0 0.325125 0.667188 0.007250 0.010417
0 0.316125 0.741667 0.007250 0.011458
0 0.314125 0.758854 0.006750 0.009375
0 0.295000 0.761719 0.005000 0.009896
0 0.329250 0.775521 0.007500 0.012500
0 0.337125 0.739323 0.007250 0.013021
0 0.337750 0.724219 0.007000 0.009896
0 0.357250 0.720052 0.008500 0.009896
0 0.371875 0.769792 0.004250 0.012500
0 0.377625 0.773177 0.005750 0.011979
0 0.395250 0.804427 0.006500 0.013021
0 0.415625 0.791927 0.005750 0.008854
0 0.412750 0.748958 0.005500 0.012500
0 0.451875 0.715625 0.004750 0.009375
0 0.446875 0.699740 0.004750 0.013021
0 0.436750 0.676562 0.005500 0.010417
0 0.417250 0.627344 0.005000 0.011979
0 0.386875 0.622396 0.007750 0.013542
0 0.382625 0.581250 0.004750 0.011458
0 0.369375 0.568750 0.005750 0.015625
0 0.401375 0.560937 0.005750 0.013542
0 0.406125 0.576823 0.005750 0.010937
0 0.402250 0.574479 0.004000 0.009375
0 0.401125 0.581771 0.005750 0.006250
0 0.367625 0.550000 0.003250 0.012500
0 0.370875 0.550781 0.003750 0.013021
0 0.373750 0.545833 0.002500 0.014583
0 0.376500 0.546354 0.003500 0.010417
0 0.366875 0.514062 0.004250 0.015625
0 0.354875 0.507552 0.004750 0.008854
0 0.357500 0.500260 0.005500 0.011979
0 0.352625 0.489583 0.005750 0.012500
0 0.371375 0.479427 0.004750 0.014063
0 0.385625 0.493490 0.004750 0.011979
0 0.358250 0.469271 0.005000 0.013542
0 0.344375 0.468490 0.003750 0.015104
0 0.338375 0.467969 0.004750 0.014063
0 0.365375 0.450781 0.005250 0.009896
0 0.361500 0.453385 0.004000 0.007812
0 0.345875 0.429688 0.005750 0.010417
0 0.357000 0.442448 0.005500 0.007812
0 0.357625 0.438281 0.004750 0.006771
0 0.342625 0.394792 0.005250 0.013542
0 0.345750 0.390104 0.004500 0.010417
0 0.348125 0.388802 0.005250 0.009896
0 0.338500 0.361198 0.005500 0.009896
0 0.282750 0.379948 0.009000 0.016146
0 0.343750 0.341406 0.005000 0.011979
0 0.435750 0.592187 0.005500 0.008333
0 0.441250 0.535417 0.004500 0.007292
0 0.445875 0.532552 0.004750 0.006771
0 0.436125 0.526563 0.004250 0.012500
0 0.433625 0.517708 0.003250 0.011458
0 0.420625 0.503125 0.005250 0.013542
0 0.427000 0.437500 0.005500 0.009375
0 0.437250 0.420312 0.007000 0.015625
0 0.424250 0.421354 0.003500 0.011458
0 0.425875 0.420833 0.002750 0.009375
0 0.436375 0.364063 0.004750 0.010417
0 0.449875 0.363281 0.005250 0.008854
0 0.419375 0.385156 0.005250 0.010937
0 0.420500 0.374479 0.005000 0.012500
0 0.376000 0.379427 0.004000 0.014063
0 0.390375 0.370052 0.004250 0.013021
0 0.376625 0.314323 0.005250 0.007812
0 0.395500 0.338542 0.005500 0.013542
0 0.404375 0.318750 0.004250 0.014583
0 0.410750 0.313281 0.004500 0.011979
0 0.416375 0.320573 0.004750 0.011979
0 0.428750 0.328125 0.005000 0.011458
0 0.429375 0.320312 0.004750 0.010417
0 0.421875 0.352604 0.005750 0.012500
0 0.378125 0.259896 0.006750 0.012500
0 0.353750 0.203385 0.005500 0.019271
0 0.398500 0.191406 0.005000 0.009896
0 0.398625 0.182292 0.006250 0.007292
0 0.375625 0.122396 0.009750 0.014583
0 0.455750 0.302344 0.005500 0.016146
0 0.522250 0.614062 0.005000 0.011458
0 0.507625 0.628906 0.005250 0.007812
0 0.506875 0.644271 0.005750 0.007292
0 0.510000 0.614844 0.005000 0.006771
0 0.509000 0.610938 0.005000 0.005208
0 0.510125 0.606250 0.004750 0.006250
0 0.509875 0.597396 0.004250 0.012500
0 0.531250 0.580729 0.005000 0.011458
0 0.535250 0.576562 0.004500 0.011458
0 0.568125 0.520052 0.004750 0.014063
0 0.527875 0.533854 0.004250 0.010417
0 0.526750 0.525260 0.004000 0.008854
0 0.530000 0.515625 0.003000 0.012500
0 0.527500 0.515365 0.003500 0.014063
0 0.544875 0.477604 0.007250 0.011458
0 0.568500 0.475781 0.006500 0.010937
0 0.561625 0.434896 0.007750 0.017708
0 0.554500 0.409896 0.003500 0.013542
0 0.524625 0.428646 0.003750 0.014583
0 0.527250 0.414583 0.006500 0.009375
0 0.516375 0.406771 0.006250 0.016667
0 0.508500 0.396094 0.004500 0.011979
0 0.528375 0.383073 0.004750 0.015104
0 0.540375 0.394010 0.003250 0.011979
0 0.537875 0.390625 0.003750 0.012500
0 0.544250 0.370833 0.002500 0.014583
0 0.546375 0.371615 0.001750 0.015104
0 0.548500 0.372396 0.002500 0.009375
0 0.528500 0.347396 0.006000 0.014583
0 0.523250 0.300521 0.005500 0.013542
0 0.586375 0.262240 0.009250 0.015104
0 0.572000 0.127344 0.006000 0.013021
0 0.566875 0.700521 0.006750 0.008333
0 0.569000 0.733854 0.005500 0.011458
0 0.560250 0.681510 0.005500 0.010937
0 0.561500 0.661719 0.005500 0.008854
0 0.551500 0.662760 0.004000 0.011979
0 0.567375 0.646875 0.005750 0.006250
0 0.563875 0.640365 0.004250 0.009896
0 0.566750 0.637760 0.005500 0.006771
0 0.590625 0.613021 0.005250 0.008333
0 0.605500 0.623958 0.003500 0.011458
0 0.610125 0.617448 0.003250 0.011979
0 0.585875 0.575260 0.004250 0.011979
0 0.601875 0.568490 0.004250 0.011979
0 0.582500 0.616406 0.005500 0.007812
0 0.581875 0.611979 0.004750 0.006250
0 0.595000 0.538281 0.006000 0.006771
0 0.607375 0.545833 0.005250 0.007292
0 0.605000 0.541146 0.003000 0.007292
0 0.602250 0.541667 0.003500 0.011458
0 0.637250 0.550781 0.004500 0.011979
0 0.646250 0.558854 0.005000 0.010417
0 0.660500 0.471094 0.005500 0.008854
0 0.528375 0.841667 0.004250 0.009375
0 0.655375 0.326823 0.005750 0.013021
