0 0.683625 0.583073 0.003750 0.007812
0 0.706750 0.598958 0.004000 0.006250
0 0.721000 0.610417 0.006000 0.006250
0 0.749125 0.648438 0.003750 0.010417
0 0.219000 0.803125 0.008500 0.011458
0 0.162625 0.846615 0.005250 0.015104
0 0.112250 0.710677 0.009500 0.019271
0 0.147500 0.675000 0.009500 0.017708
0 0.106125 0.631771 0.007750 0.016667
0 0.074000 0.722917 0.007000 0.012500
0 0.082875 0.726302 0.008250 0.016146
0 0.090250 0.711198 0.007500 0.018229
0 0.121000 0.585417 0.010000 0.018750
0 0.206750 0.722396 0.009500 0.014583
0 0.242625 0.767188 0.008750 0.017708
0 0.250750 0.742969 0.006500 0.014063
0 0.233875 0.709896 0.008750 0.021875
0 0.285125 0.757552 0.008250 0.018229
0 0.295625 0.801302 0.007750 0.015104
0 0.342625 0.768750 0.009250 0.012500
0 0.351125 0.744792 0.010250 0.017708
0 0.391750 0.945833 0.005000 0.016667
0 0.395875 0.892708 0.005750 0.013542
0 0.304875 0.942187 0.008250 0.011458
0 0.321875 0.972917 0.008250 0.012500
0 0.295250 0.987240 0.009000 0.010937
0 0.404250 0.823437 0.009000 0.012500
0 0.420875 0.815104 0.007750 0.013542
0 0.421125 0.787240 0.007750 0.014063
0 0.451500 0.794531 0.008000 0.018229
0 0.463500 0.758333 0.007500 0.016667
0 0.442375 0.691406 0.005250 0.018229
0 0.506750 0.636198 0.006500 0.014063
0 0.114125 0.221615 0.008750 0.017188
0 0.076500 0.128906 0.008000 0.019271
0 0.025250 0.119531 0.010500 0.016146
0 0.141625 0.148438 0.009250 0.021875
0 0.153625 0.104948 0.008250 0.014063
0 0.174375 0.269792 0.007750 0.013542
0 0.503750 0.460938 0.006000 0.013542
0 0.505875 0.427604 0.004250 0.016667
0 0.509875 0.413281 0.005250 0.015104
0 0.513375 0.408073 0.006750 0.018229
0 0.472000 0.340365 0.006000 0.013021
0 0.487250 0.338542 0.006500 0.011458
0 0.493625 0.277604 0.012250 0.017708
0 0.428000 0.207552 0.006000 0.011979
0 0.497000 0.096354 0.008000 0.013542
0 0.485375 0.058594 0.008250 0.020313
0 0.487000 0.082812 0.012000 0.017708
0 0.614625 0.302604 0.009750 0.014583
0 0.610625 0.361979 0.006750 0.018750
0 0.594125 0.443490 0.006250 0.016146
0 0.588375 0.468229 0.007250 0.014583
0 0.571500 0.518229 0.008500 0.011458
0 0.563625 0.540885 0.008750 0.017188
0 0.556750 0.578646 0.009000 0.014583
0 0.564625 0.596354 0.008750 0.016667
0 0.691375 0.883854 0.006250 0.014583
0 0.656625 0.875521 0.008250 0.013542
0 0.633625 0.891146 0.006750 0.013542
0 0.574750 0.693229 0.005500 0.016667
0 0.639125 0.690885 0.007750 0.013021
