0 0.039583 0.400000 0.033333 0.015500
0 0.086979 0.418750 0.023958 0.013000
0 0.201302 0.478500 0.027604 0.014000
0 0.209635 0.513500 0.020313 0.012500
0 0.236719 0.522625 0.019271 0.011750
0 0.252865 0.512750 0.014063 0.011500
0 0.282813 0.529125 0.017708 0.010750
0 0.321875 0.557500 0.017708 0.013000
0 0.394792 0.532375 0.014583 0.009750
0 0.368750 0.550875 0.014583 0.009250
0 0.384375 0.553500 0.016667 0.007500
0 0.391927 0.561375 0.027604 0.009750
0 0.351823 0.598250 0.022396 0.013000
0 0.549219 0.359500 0.048438 0.016000
0 0.649219 0.342625 0.019271 0.009750
0 0.600781 0.406500 0.019271 0.011500
0 0.566927 0.412375 0.020313 0.006750
0 0.578385 0.424000 0.014063 0.008500
0 0.563542 0.425250 0.022917 0.017000
0 0.596615 0.518500 0.017188 0.015000
0 0.780208 0.489375 0.017708 0.014250
