0 0.231875 0.858854 0.005250 0.011458
0 0.246125 0.798177 0.006250 0.010937
0 0.343625 0.886979 0.004750 0.016667
0 0.423375 0.789583 0.005250 0.016667
0 0.363250 0.750000 0.005500 0.018750
0 0.319875 0.744271 0.007250 0.016667
0 0.348000 0.696354 0.003500 0.011458
0 0.346250 0.682292 0.004000 0.008333
0 0.336500 0.690885 0.007500 0.010937
0 0.327250 0.677865 0.007500 0.011979
0 0.307000 0.671875 0.005500 0.010417
0 0.298875 0.660417 0.006250 0.012500
0 0.288375 0.699740 0.005250 0.017188
0 0.286625 0.685417 0.006750 0.010417
0 0.286625 0.678125 0.006250 0.009375
0 0.273125 0.661719 0.005250 0.015104
0 0.239500 0.628125 0.005000 0.014583
0 0.230000 0.652344 0.008500 0.010937
0 0.186000 0.539844 0.007000 0.013021
0 0.175625 0.537760 0.005750 0.008854
0 0.168500 0.602344 0.003000 0.013021
0 0.165750 0.602344 0.002500 0.015104
0 0.163375 0.500260 0.006750 0.010937
0 0.136375 0.530208 0.003750 0.014583
0 0.132250 0.544010 0.007500 0.011979
0 0.127375 0.457813 0.006750 0.010417
0 0.422500 0.677083 0.004000 0.012500
0 0.419000 0.677344 0.003000 0.015104
0 0.416375 0.643750 0.005250 0.013542
0 0.414625 0.640625 0.004750 0.010417
0 0.383875 0.512240 0.008250 0.013021
0 0.376125 0.479167 0.006250 0.017708
0 0.368125 0.459635 0.009250 0.011979
0 0.361375 0.428906 0.008750 0.010937
0 0.375625 0.429948 0.004750 0.010937
0 0.350500 0.362760 0.005500 0.014063
0 0.354250 0.338021 0.005500 0.009375
0 0.336000 0.335677 0.006500 0.017188
0 0.349375 0.309635 0.007250 0.008854
0 0.351250 0.288802 0.006000 0.015104
0 0.337375 0.264062 0.006250 0.010417
0 0.332375 0.294010 0.005250 0.017188
0 0.317750 0.297656 0.007500 0.010937
0 0.326625 0.223958 0.004250 0.010417
0 0.331000 0.223958 0.004000 0.012500
0 0.325500 0.208594 0.006500 0.013021
0 0.328750 0.176823 0.005000 0.013021
0 0.324500 0.160417 0.006500 0.013542
0 0.308625 0.108333 0.005750 0.015625
0 0.307375 0.096094 0.007250 0.009896
0 0.447375 0.713021 0.004750 0.011458
0 0.466125 0.716667 0.005250 0.014583
0 0.480625 0.732812 0.004750 0.019792
0 0.487625 0.592969 0.004250 0.015104
0 0.493875 0.528646 0.003750 0.016667
0 0.493750 0.513802 0.003000 0.011979
0 0.485500 0.490365 0.003500 0.011979
0 0.483625 0.486458 0.004250 0.013542
0 0.457625 0.477344 0.005750 0.007812
0 0.501250 0.435417 0.005500 0.012500
0 0.495000 0.397917 0.004500 0.013542
0 0.515625 0.334375 0.004750 0.009375
0 0.524250 0.304948 0.005000 0.006771
0 0.522000 0.299479 0.003500 0.010417
0 0.488375 0.270833 0.006250 0.011458
0 0.533375 0.263021 0.004750 0.012500
0 0.495875 0.222917 0.005750 0.007292
0 0.540375 0.167969 0.005250 0.007812
0 0.541250 0.174740 0.005000 0.007812
0 0.541750 0.176823 0.003500 0.007812
0 0.530500 0.085156 0.007000 0.008854
0 0.535000 0.055990 0.006000 0.005729
0 0.534375 0.051042 0.005250 0.005208
0 0.564625 0.053385 0.003750 0.006771
0 0.539625 0.011979 0.006750 0.008333
0 0.535125 0.685937 0.003750 0.013542
0 0.533875 0.683594 0.002750 0.010937
0 0.546125 0.629167 0.006250 0.012500
0 0.564125 0.621354 0.005750 0.012500
0 0.570500 0.603385 0.004500 0.009896
0 0.569750 0.599740 0.003500 0.008854
0 0.574000 0.588542 0.004000 0.011458
0 0.566875 0.558594 0.004250 0.008854
0 0.572875 0.554948 0.005750 0.010937
0 0.586000 0.565365 0.005500 0.009896
0 0.594125 0.505729 0.004250 0.011458
0 0.599000 0.496094 0.006500 0.008854
0 0.623250 0.496615 0.005500 0.013021
0 0.626750 0.488542 0.003000 0.011458
0 0.628125 0.462500 0.004750 0.007292
0 0.626625 0.457552 0.003750 0.010937
0 0.646500 0.416667 0.005000 0.013542
0 0.663250 0.445312 0.005500 0.007292
0 0.640125 0.388542 0.006750 0.009375
0 0.659750 0.325260 0.007000 0.008854
0 0.649875 0.335677 0.004250 0.005729
0 0.650125 0.339323 0.005250 0.005729
0 0.672750 0.305729 0.005500 0.012500
0 0.663000 0.362500 0.004500 0.008333
0 0.664000 0.369792 0.002000 0.009375
0 0.662250 0.369792 0.002500 0.011458
0 0.683625 0.405729 0.003250 0.009375
0 0.598125 0.792188 0.004250 0.009375
0 0.601000 0.783333 0.005500 0.010417
0 0.645750 0.701562 0.004000 0.014583
0 0.638125 0.704167 0.004250 0.007292
0 0.639500 0.700781 0.005500 0.006771
0 0.681000 0.604427 0.006000 0.007812
0 0.679000 0.598958 0.005000 0.008333
0 0.683875 0.597135 0.006250 0.003646
0 0.684250 0.600521 0.005500 0.005208
0 0.691250 0.628646 0.005500 0.010417
0 0.701500 0.646875 0.004500 0.011458
0 0.707500 0.645052 0.004000 0.008854
0 0.706375 0.642448 0.004250 0.007812
0 0.720625 0.638281 0.005250 0.005729
0 0.718750 0.641927 0.004000 0.006771
0 0.742000 0.619531 0.006000 0.009896
0 0.749625 0.632031 0.007250 0.008854
0 0.760000 0.604688 0.004000 0.007292
0 0.755375 0.604167 0.004250 0.008333
0 0.739000 0.555729 0.006500 0.008333
0 0.699750 0.571094 0.007000 0.007812
0 0.709000 0.540104 0.006500 0.010417
0 0.716875 0.550260 0.003750 0.008854
0 0.716000 0.558854 0.003000 0.009375
0 0.717750 0.558594 0.004000 0.010937
0 0.558750 0.889583 0.004500 0.017708
0 0.573000 0.887240 0.004500 0.007812
0 0.606875 0.906771 0.004750 0.009375
0 0.622875 0.898958 0.006250 0.008333
0 0.633625 0.913802 0.005250 0.009896
0 0.652000 0.903125 0.004500 0.008333
