0 0.183854 0.315875 0.011458 0.006250
0 0.188542 0.323750 0.009375 0.005000
0 0.298958 0.339750 0.013542 0.007000
0 0.311458 0.348625 0.012500 0.007250
0 0.289323 0.399875 0.017188 0.007250
0 0.271094 0.402750 0.018229 0.005500
0 0.233333 0.426250 0.017708 0.007000
0 0.194531 0.475375 0.017188 0.010250
0 0.203646 0.491250 0.020833 0.006500
0 0.505990 0.363250 0.014063 0.008000
0 0.485156 0.404500 0.014063 0.008000
0 0.491146 0.427000 0.011458 0.008000
0 0.488021 0.432750 0.018750 0.007500
0 0.535937 0.421125 0.017708 0.008750
0 0.526823 0.427500 0.016146 0.005000
0 0.526823 0.424875 0.016146 0.004750
0 0.523438 0.438250 0.014583 0.004000
0 0.544010 0.440125 0.016146 0.006750
0 0.547656 0.451250 0.011979 0.009000
0 0.534635 0.444125 0.007812 0.009250
0 0.526042 0.445250 0.009375 0.008500
0 0.515365 0.444625 0.010937 0.008750
0 0.482552 0.447125 0.016146 0.008250
0 0.473698 0.451375 0.013021 0.007750
0 0.460156 0.447875 0.011979 0.005750
0 0.462760 0.454250 0.010937 0.008500
0 0.450521 0.453750 0.014583 0.007500
0 0.482552 0.461625 0.019271 0.011250
0 0.526563 0.464625 0.018750 0.004250
0 0.514323 0.463750 0.009896 0.009000
0 0.516667 0.471875 0.008333 0.007250
0 0.532292 0.472750 0.016667 0.003000
0 0.532031 0.469125 0.019271 0.003750
0 0.503646 0.468500 0.006250 0.008000
0 0.509896 0.467875 0.005208 0.008250
0 0.511979 0.476625 0.016667 0.005750
0 0.508333 0.481625 0.016667 0.005750
0 0.511458 0.487250 0.015625 0.006000
0 0.501563 0.488250 0.012500 0.007500
0 0.471875 0.487250 0.018750 0.005000
0 0.448177 0.483000 0.006771 0.008000
0 0.455729 0.483375 0.010417 0.008750
0 0.461198 0.481500 0.006771 0.008500
0 0.466667 0.481250 0.008333 0.007500
0 0.432552 0.492250 0.010937 0.009000
0 0.458073 0.502875 0.010937 0.008750
0 0.445833 0.513750 0.012500 0.007500
0 0.435417 0.507250 0.007292 0.007500
0 0.441927 0.506250 0.008854 0.007000
0 0.490104 0.507250 0.012500 0.008500
0 0.504948 0.507250 0.009896 0.008500
0 0.524219 0.506500 0.007812 0.009500
0 0.541406 0.501875 0.009896 0.007750
0 0.549479 0.490625 0.020833 0.004750
0 0.529687 0.496125 0.013542 0.006250
0 0.515625 0.496750 0.009375 0.008000
0 0.522656 0.493625 0.007812 0.005750
0 0.527344 0.490250 0.016146 0.005000
0 0.525000 0.485000 0.009375 0.007000
0 0.529167 0.483750 0.010417 0.006000
0 0.531250 0.512875 0.007292 0.008750
0 0.539583 0.521125 0.015625 0.004750
0 0.508333 0.518125 0.011458 0.006750
0 0.501563 0.518250 0.010417 0.008000
0 0.494531 0.518125 0.015104 0.006750
0 0.457292 0.527250 0.010417 0.008500
0 0.444271 0.523625 0.010417 0.008750
0 0.435677 0.522000 0.006771 0.009000
0 0.427344 0.522000 0.005729 0.010000
0 0.421354 0.522000 0.005208 0.008000
0 0.434635 0.529250 0.019271 0.003500
0 0.431250 0.533125 0.016667 0.004250
0 0.448958 0.536125 0.009375 0.007750
0 0.443750 0.543500 0.010417 0.007500
0 0.434115 0.541500 0.007812 0.008000
0 0.427344 0.544375 0.008854 0.007250
0 0.429167 0.562750 0.006250 0.007500
0 0.435417 0.562125 0.009375 0.007750
0 0.485677 0.546125 0.015104 0.007250
0 0.497135 0.551750 0.009896 0.007500
0 0.489583 0.552625 0.010417 0.007250
0 0.498177 0.557625 0.009896 0.007250
0 0.503906 0.562125 0.013021 0.004250
0 0.542708 0.555625 0.009375 0.006750
0 0.535937 0.553625 0.010417 0.003250
0 0.528646 0.552500 0.013542 0.007500
0 0.516667 0.535375 0.012500 0.006750
0 0.504687 0.536625 0.009375 0.007250
0 0.511198 0.532250 0.006771 0.006500
0 0.332552 0.584000 0.008854 0.008500
0 0.399740 0.605625 0.014063 0.004750
0 0.419792 0.605125 0.007292 0.007250
0 0.413802 0.605000 0.008854 0.008000
0 0.410677 0.688625 0.015104 0.007750
0 0.459635 0.679125 0.008854 0.006250
0 0.453646 0.685250 0.011458 0.006500
0 0.465885 0.566375 0.005729 0.006750
0 0.461719 0.566125 0.007812 0.007750
0 0.641927 0.352250 0.016146 0.006500
0 0.679427 0.328875 0.020313 0.005250
0 0.704688 0.334500 0.013542 0.009000
0 0.766146 0.341875 0.020833 0.008750
0 0.751563 0.339375 0.019792 0.006750
0 0.892448 0.411500 0.011979 0.006000
0 0.907552 0.409625 0.016146 0.004250
0 0.912760 0.414125 0.009896 0.006250
0 0.983854 0.404250 0.019792 0.007000
0 0.984896 0.385875 0.021875 0.003750
0 0.983333 0.382000 0.018750 0.003500
0 0.910156 0.381625 0.020313 0.005750
0 0.915104 0.379000 0.016667 0.005500
0 0.917969 0.376375 0.016146 0.004750
0 0.894531 0.348500 0.017188 0.009500
0 0.965365 0.347875 0.021354 0.007250
0 0.650521 0.933000 0.018750 0.008000
0 0.544271 0.609625 0.011458 0.005750
0 0.603125 0.681125 0.016667 0.008250
0 0.750781 0.625625 0.017188 0.006750
0 0.802344 0.523625 0.013021 0.008750
