0 0.431125 0.587760 0.004250 0.009896
0 0.441250 0.563021 0.003500 0.009375
0 0.445000 0.554948 0.005000 0.013021
0 0.451750 0.516146 0.004500 0.009375
0 0.454750 0.517969 0.002500 0.011979
0 0.457375 0.518750 0.004250 0.008333
0 0.464250 0.508594 0.005000 0.010937
0 0.467250 0.518229 0.005000 0.010417
0 0.471250 0.516667 0.004000 0.012500
0 0.467875 0.494271 0.005250 0.008333
0 0.467250 0.491667 0.004500 0.006250
0 0.480125 0.462240 0.004250 0.009896
0 0.503250 0.443490 0.004500 0.010937
0 0.544875 0.325521 0.003250 0.011458
0 0.552000 0.343229 0.006000 0.010417
0 0.550250 0.408854 0.004000 0.012500
0 0.545750 0.410677 0.005500 0.008854
0 0.544000 0.418750 0.004000 0.010417
0 0.536375 0.427344 0.005250 0.007812
0 0.530125 0.440365 0.005250 0.009896
0 0.511625 0.467187 0.001750 0.009375
0 0.509875 0.467448 0.002750 0.010937
0 0.498875 0.475260 0.004250 0.010937
0 0.496125 0.486719 0.004250 0.013021
0 0.492750 0.491667 0.004000 0.012500
0 0.461125 0.585938 0.007250 0.010417
0 0.477750 0.594010 0.004000 0.011979
0 0.463500 0.555208 0.006500 0.005208
0 0.463750 0.550260 0.006000 0.004687
0 0.485750 0.536458 0.004000 0.014583
0 0.490000 0.541146 0.004500 0.010417
0 0.488750 0.529167 0.003000 0.013542
0 0.493875 0.562760 0.003250 0.013021
0 0.491250 0.563542 0.002500 0.011458
0 0.496250 0.552865 0.004000 0.011979
0 0.508125 0.492188 0.004750 0.013542
0 0.529625 0.491146 0.006750 0.007292
0 0.530750 0.481771 0.005500 0.006250
0 0.531125 0.478646 0.004250 0.005208
0 0.532375 0.468750 0.004250 0.010417
0 0.531250 0.465625 0.003500 0.007292
0 0.538250 0.448698 0.004000 0.005729
0 0.537750 0.445833 0.005500 0.007292
0 0.568125 0.407812 0.004750 0.008333
0 0.586750 0.467969 0.005000 0.008854
0 0.578125 0.477344 0.005250 0.008854
0 0.584750 0.484896 0.005500 0.009375
0 0.581500 0.510938 0.005000 0.009375
0 0.574500 0.526302 0.004000 0.010937
0 0.567375 0.526823 0.004750 0.009896
0 0.575750 0.535677 0.005000 0.006771
0 0.577250 0.538021 0.003500 0.008333
0 0.557625 0.587240 0.005250 0.007812
0 0.555375 0.598437 0.002750 0.008333
0 0.567375 0.590885 0.004750 0.014063
0 0.559125 0.616927 0.003750 0.011979
0 0.547750 0.634896 0.005000 0.012500
0 0.542625 0.678906 0.004250 0.013021
0 0.541000 0.716667 0.005000 0.012500
0 0.512500 0.838021 0.006000 0.010417
0 0.552625 0.757812 0.005250 0.012500
0 0.556000 0.732292 0.007000 0.010417
0 0.584250 0.617188 0.004000 0.015625
0 0.591000 0.570833 0.006500 0.008333
0 0.581625 0.561198 0.004250 0.013021
0 0.584000 0.553385 0.004500 0.005729
0 0.583625 0.549479 0.005750 0.006250
0 0.603125 0.538542 0.004250 0.013542
0 0.591875 0.507552 0.007250 0.007812
0 0.597125 0.494531 0.006750 0.011979
0 0.636750 0.469531 0.005000 0.006771
0 0.640750 0.477344 0.004500 0.009896
0 0.642125 0.498437 0.003750 0.010417
0 0.643250 0.508854 0.004000 0.010417
0 0.662750 0.579167 0.003500 0.011458
0 0.660250 0.567187 0.006000 0.009375
0 0.644625 0.548177 0.002750 0.013021
0 0.646125 0.548698 0.002750 0.009896
0 0.675250 0.599219 0.002500 0.011979
0 0.657625 0.679427 0.005750 0.005729
0 0.658250 0.683854 0.004000 0.004167
0 0.663500 0.728385 0.003500 0.011979
0 0.667250 0.732812 0.004500 0.009375
0 0.694125 0.303646 0.007250 0.008333
0 0.708375 0.334115 0.006250 0.010937
0 0.706000 0.344531 0.007000 0.007812
0 0.696000 0.362500 0.006000 0.009375
0 0.721125 0.375000 0.007750 0.015625
0 0.729125 0.366667 0.006250 0.009375
0 0.718625 0.407812 0.005250 0.013542
0 0.715250 0.417448 0.004000 0.008854
0 0.713875 0.402865 0.005250 0.009896
0 0.733875 0.420573 0.003750 0.011979
0 0.743625 0.409635 0.005750 0.011979
0 0.739750 0.412500 0.004000 0.007292
0 0.738625 0.409115 0.003250 0.005729
0 0.778875 0.419531 0.004250 0.011979
0 0.792750 0.431250 0.008500 0.010417
0 0.779625 0.387240 0.006750 0.015104
0 0.779625 0.361719 0.008250 0.008854
0 0.871875 0.599219 0.009250 0.021354
0 0.883750 0.665625 0.010000 0.026042
0 0.856250 0.655208 0.010000 0.022917
0 0.914125 0.640885 0.008250 0.019271
0 0.923500 0.639583 0.009000 0.013542
0 0.843750 0.538021 0.006500 0.009375
0 0.837875 0.545573 0.005250 0.017188
0 0.831750 0.579167 0.008500 0.012500
0 0.843000 0.529427 0.004500 0.013021
0 0.837625 0.531250 0.004250 0.014583
0 0.832750 0.534375 0.006000 0.010417
0 0.808875 0.540625 0.009750 0.014583
0 0.945750 0.972135 0.008000 0.018229
0 0.978250 0.793490 0.006500 0.015104
