0 0.328906 0.439750 0.010937 0.009500
0 0.319010 0.443875 0.008854 0.007750
0 0.315625 0.461875 0.010417 0.008750
0 0.283073 0.463250 0.016146 0.008000
0 0.245573 0.460625 0.017188 0.007250
0 0.226823 0.582875 0.009896 0.005250
0 0.246875 0.588125 0.009375 0.007250
0 0.252083 0.588000 0.006250 0.007500
0 0.208333 0.531375 0.013542 0.008750
0 0.217188 0.533375 0.009375 0.007750
0 0.222917 0.537750 0.008333 0.007000
0 0.225521 0.535750 0.009375 0.007000
0 0.262760 0.512500 0.015104 0.009500
0 0.282031 0.480625 0.011979 0.008250
0 0.303125 0.483250 0.011458 0.007000
0 0.265365 0.486250 0.007812 0.007500
0 0.260417 0.485625 0.010417 0.008750
0 0.312240 0.478375 0.006771 0.007750
0 0.307552 0.477750 0.008854 0.007500
0 0.500000 0.501875 0.013542 0.010250
0 0.394531 0.631375 0.015104 0.005250
0 0.459115 0.632000 0.009896 0.008000
0 0.606510 0.786625 0.014063 0.008750
0 0.626823 0.676125 0.016146 0.013250
0 0.629427 0.628375 0.014063 0.010250
0 0.602604 0.628750 0.015625 0.011500
0 0.581771 0.619375 0.015625 0.009750
0 0.577083 0.598375 0.010417 0.007750
0 0.580208 0.593750 0.008333 0.009500
0 0.643750 0.608375 0.009375 0.009250
0 0.653646 0.607125 0.011458 0.008250
0 0.672135 0.602500 0.009896 0.009500
0 0.715365 0.615250 0.011979 0.008500
0 0.613542 0.568875 0.011458 0.009250
0 0.617969 0.568000 0.010937 0.008000
0 0.600521 0.555000 0.015625 0.008000
0 0.612500 0.548875 0.018750 0.007250
0 0.592448 0.548000 0.018229 0.005000
0 0.592969 0.543250 0.013021 0.007000
0 0.578125 0.547500 0.013542 0.008500
0 0.635156 0.385375 0.010937 0.005750
0 0.712500 0.466250 0.010417 0.006500
0 0.709115 0.463000 0.008854 0.006000
0 0.756250 0.519125 0.015625 0.009250
0 0.773177 0.522125 0.016146 0.010250
0 0.828906 0.601250 0.015104 0.006000
0 0.771875 0.486875 0.013542 0.010250
0 0.753646 0.477000 0.011458 0.010500
