0 0.201302 0.564250 0.018229 0.011000
0 0.236458 0.554875 0.018750 0.010250
0 0.232813 0.547375 0.016667 0.010250
0 0.263021 0.567500 0.017708 0.012500
0 0.271615 0.527375 0.019271 0.010750
0 0.239844 0.526125 0.019271 0.010750
0 0.219792 0.532125 0.023958 0.009250
0 0.214323 0.525875 0.024479 0.005750
0 0.209115 0.519250 0.023438 0.013000
0 0.154427 0.517875 0.014063 0.010250
0 0.161979 0.512250 0.017708 0.010000
0 0.165885 0.500000 0.020313 0.008500
0 0.216146 0.490750 0.023958 0.012500
0 0.284635 0.481375 0.019271 0.010750
0 0.291146 0.480125 0.017708 0.013250
0 0.292448 0.474125 0.015104 0.006750
0 0.294271 0.463625 0.018750 0.010750
0 0.302604 0.464000 0.018750 0.011500
0 0.333594 0.462000 0.021354 0.007500
0 0.337500 0.471000 0.017708 0.009500
0 0.318490 0.490875 0.017188 0.007250
0 0.310937 0.502875 0.018750 0.007250
0 0.365625 0.501000 0.025000 0.009000
0 0.367448 0.491875 0.021354 0.010250
0 0.363542 0.481250 0.019792 0.007500
0 0.372917 0.474000 0.022917 0.008500
0 0.395313 0.486500 0.025000 0.007500
0 0.424479 0.494125 0.026042 0.011250
0 0.446875 0.514625 0.026042 0.010250
0 0.450521 0.521625 0.014583 0.009750
0 0.430208 0.522750 0.026042 0.013000
0 0.429688 0.522375 0.029167 0.011250
0 0.407292 0.541500 0.019792 0.009500
0 0.474479 0.544500 0.026042 0.012500
0 0.529687 0.533000 0.025000 0.012500
0 0.522656 0.532125 0.016146 0.009250
0 0.542188 0.545375 0.027083 0.009750
0 0.552083 0.544375 0.018750 0.008750
0 0.584375 0.588500 0.018750 0.008000
0 0.628125 0.553500 0.018750 0.012000
0 0.625000 0.538125 0.019792 0.011750
0 0.644010 0.533250 0.010937 0.009000
0 0.608073 0.518875 0.021354 0.010750
0 0.695573 0.556125 0.019271 0.010250
0 0.709375 0.567875 0.017708 0.010250
0 0.749479 0.582875 0.019792 0.010750
0 0.793750 0.575000 0.020833 0.011000
0 0.828646 0.553375 0.017708 0.009750
0 0.826042 0.543625 0.017708 0.010250
0 0.843490 0.583750 0.021354 0.012500
0 0.864583 0.582125 0.018750 0.009250
0 0.812240 0.597750 0.022396 0.009500
0 0.758854 0.615000 0.029167 0.012500
0 0.758854 0.614000 0.022917 0.011500
0 0.030208 0.246750 0.026042 0.012000
0 0.036719 0.115375 0.022396 0.013250
0 0.055990 0.164625 0.030729 0.011250
0 0.056510 0.196875 0.021354 0.010250
0 0.065885 0.202000 0.021354 0.011500
0 0.092188 0.216500 0.017708 0.008500
0 0.105990 0.241000 0.038021 0.022000
0 0.047135 0.283500 0.021354 0.009500
0 0.090625 0.286250 0.020833 0.008500
0 0.125521 0.344000 0.021875 0.009000
0 0.116667 0.361750 0.014583 0.008000
0 0.247135 0.378500 0.021354 0.009500
0 0.237500 0.372375 0.023958 0.010250
0 0.251823 0.363875 0.023438 0.010250
0 0.263021 0.363875 0.017708 0.010250
0 0.236719 0.347500 0.022396 0.010000
0 0.288802 0.343250 0.018229 0.011000
0 0.298958 0.332500 0.018750 0.007500
0 0.293490 0.316750 0.022396 0.012500
0 0.291927 0.317125 0.021354 0.013250
0 0.277344 0.322250 0.030729 0.013000
0 0.323177 0.323375 0.022396 0.009750
0 0.366406 0.308625 0.016146 0.009750
0 0.363021 0.297250 0.016667 0.009500
0 0.334635 0.288375 0.021354 0.012250
0 0.360156 0.277875 0.022396 0.011750
0 0.366406 0.264000 0.014063 0.008000
0 0.359115 0.279875 0.021354 0.011250
0 0.397656 0.289750 0.020313 0.011000
0 0.423177 0.287250 0.023438 0.007000
0 0.414583 0.280125 0.025000 0.008750
0 0.413802 0.271625 0.016146 0.009750
0 0.433333 0.271000 0.017708 0.009500
0 0.426302 0.249375 0.020313 0.010750
0 0.426302 0.250125 0.024479 0.009750
0 0.474219 0.245125 0.025521 0.010250
0 0.499219 0.233875 0.021354 0.012250
0 0.547396 0.212000 0.018750 0.009500
0 0.616406 0.202875 0.014063 0.009750
0 0.681510 0.160000 0.018229 0.008500
0 0.268229 0.405125 0.028125 0.013250
0 0.303646 0.406250 0.021875 0.011000
0 0.314063 0.399125 0.016667 0.006750
0 0.339844 0.400125 0.020313 0.010750
0 0.304167 0.419375 0.025000 0.010750
0 0.282552 0.419250 0.021354 0.013000
0 0.292448 0.424625 0.022396 0.010250
0 0.347656 0.423625 0.023438 0.009250
0 0.342187 0.423125 0.022917 0.009250
0 0.342708 0.430750 0.020833 0.007500
0 0.391406 0.417750 0.016146 0.007500
0 0.393750 0.423625 0.018750 0.010250
0 0.411979 0.418500 0.015625 0.010000
0 0.453385 0.420875 0.018229 0.010250
0 0.488542 0.415375 0.016667 0.013250
0 0.487240 0.417125 0.019271 0.014250
0 0.546875 0.409125 0.017708 0.008750
0 0.562240 0.417375 0.022396 0.012750
0 0.589583 0.417625 0.017708 0.013250
0 0.615625 0.439875 0.022917 0.010750
0 0.644010 0.409625 0.024479 0.014250
0 0.623437 0.393000 0.014583 0.009000
0 0.604167 0.382125 0.018750 0.012250
0 0.677865 0.365750 0.016146 0.009000
0 0.725781 0.361625 0.022396 0.011250
0 0.727865 0.360250 0.022396 0.012000
0 0.749479 0.373125 0.019792 0.011250
0 0.701302 0.414000 0.021354 0.010000
0 0.710156 0.390375 0.020313 0.010750
0 0.793750 0.413375 0.030208 0.015750
0 0.783854 0.416500 0.034375 0.016500
0 0.806250 0.389500 0.013542 0.010000
0 0.832812 0.385000 0.018750 0.011500
0 0.887500 0.388375 0.016667 0.012250
0 0.876302 0.410000 0.022396 0.009000
0 0.917969 0.368250 0.011979 0.008500
0 0.849219 0.365250 0.021354 0.012500
0 0.848958 0.367000 0.017708 0.013000
0 0.854687 0.356875 0.019792 0.008250
