0 0.623625 0.703646 0.018750 0.021875
0 0.657250 0.694531 0.017000 0.026562
0 0.622500 0.633073 0.011000 0.026562
0 0.643375 0.630208 0.012750 0.030208
0 0.625000 0.576302 0.010500 0.015104
0 0.740875 0.551823 0.007750 0.021354
0 0.745125 0.523698 0.008750 0.016146
0 0.733500 0.527604 0.009000 0.014583
0 0.725000 0.530208 0.009500 0.012500
0 0.680875 0.528646 0.009250 0.012500
0 0.591875 0.591406 0.014750 0.021354
0 0.604500 0.567448 0.010500 0.017188
0 0.619625 0.548438 0.011250 0.018750
0 0.621250 0.497917 0.009500 0.020833
0 0.628500 0.443490 0.009500 0.020313
0 0.637250 0.440365 0.009000 0.015104
0 0.652000 0.434115 0.015500 0.020313
0 0.651250 0.433594 0.015000 0.019271
0 0.644375 0.454948 0.008750 0.017188
0 0.648375 0.464844 0.007250 0.015104
0 0.677875 0.439583 0.009250 0.018750
0 0.648625 0.516667 0.006750 0.016667
0 0.659875 0.507552 0.010750 0.013021
0 0.664875 0.498437 0.007250 0.013542
0 0.670875 0.485937 0.009250 0.012500
0 0.680250 0.504427 0.009000 0.015104
0 0.711250 0.494792 0.009500 0.010417
0 0.691875 0.480990 0.007250 0.011979
0 0.694000 0.463802 0.009000 0.016146
0 0.682375 0.478125 0.012250 0.013542
0 0.710750 0.458854 0.010500 0.011458
0 0.706000 0.479687 0.008000 0.011458
0 0.736375 0.476562 0.008750 0.012500
0 0.758375 0.458333 0.006750 0.016667
0 0.767625 0.448177 0.008250 0.018229
0 0.783250 0.430469 0.010000 0.021354
0 0.781750 0.471615 0.010000 0.015104
0 0.792125 0.475781 0.011750 0.015104
0 0.760375 0.403646 0.005750 0.015625
0 0.769000 0.398438 0.012000 0.012500
0 0.772250 0.379948 0.011500 0.016146
0 0.736875 0.435937 0.011750 0.014583
0 0.733125 0.427083 0.010750 0.013542
0 0.724875 0.427604 0.010250 0.011458
0 0.727250 0.442969 0.008500 0.016146
0 0.714625 0.439844 0.013750 0.015104
0 0.711500 0.415365 0.009000 0.015104
0 0.690625 0.401562 0.010750 0.019792
0 0.690125 0.388281 0.010250 0.018229
0 0.699000 0.385156 0.011500 0.025521
0 0.707000 0.373177 0.008500 0.015104
0 0.713500 0.375000 0.009500 0.019792
0 0.717125 0.366146 0.006750 0.019792
0 0.727500 0.361198 0.011500 0.022396
0 0.722000 0.365885 0.008500 0.018229
0 0.733375 0.345313 0.009750 0.021875
0 0.742750 0.335938 0.009500 0.019792
0 0.743250 0.332813 0.006500 0.013542
0 0.754125 0.333594 0.011750 0.017188
0 0.751500 0.335677 0.011000 0.020313
0 0.744000 0.364323 0.011000 0.020313
0 0.735750 0.400260 0.010000 0.017188
0 0.771500 0.331250 0.009000 0.017708
0 0.776625 0.331510 0.006750 0.019271
0 0.786125 0.317448 0.008750 0.014063
0 0.801250 0.319271 0.012500 0.022917
0 0.803000 0.312760 0.007500 0.015104
0 0.808375 0.312240 0.008750 0.022396
0 0.813000 0.302604 0.007500 0.015625
0 0.801500 0.359896 0.009500 0.019792
0 0.806750 0.359635 0.007000 0.016146
0 0.802375 0.380990 0.008250 0.016146
0 0.785625 0.380729 0.008750 0.017708
0 0.785875 0.363021 0.012250 0.017708
0 0.673875 0.033073 0.011750 0.025521
0 0.654375 0.037500 0.009250 0.018750
0 0.632125 0.056510 0.011750 0.022396
0 0.627000 0.079948 0.008500 0.021354
0 0.612875 0.085417 0.012250 0.028125
0 0.645625 0.159375 0.011750 0.018750
0 0.632000 0.163021 0.015500 0.026042
0 0.630750 0.176042 0.009000 0.019792
0 0.623250 0.188542 0.011000 0.019792
0 0.630250 0.207292 0.009500 0.025000
0 0.617750 0.215365 0.007000 0.013021
0 0.612750 0.182292 0.009500 0.022917
0 0.611625 0.154427 0.008250 0.017188
0 0.598625 0.155208 0.013750 0.025000
0 0.590500 0.148438 0.010500 0.020833
0 0.592125 0.180469 0.012250 0.022396
0 0.602250 0.230729 0.015000 0.021875
0 0.610875 0.242188 0.008750 0.018750
0 0.574125 0.188281 0.009750 0.019271
0 0.571625 0.232552 0.007750 0.026562
0 0.577875 0.238542 0.006750 0.017708
0 0.586000 0.255990 0.010000 0.021354
0 0.568125 0.286719 0.013250 0.025521
0 0.576500 0.312760 0.010500 0.020313
0 0.581750 0.330729 0.008000 0.022917
0 0.587250 0.328906 0.008000 0.019271
0 0.586625 0.351302 0.008250 0.018229
0 0.606625 0.350260 0.009750 0.018229
0 0.570625 0.365625 0.010250 0.019792
0 0.573750 0.344792 0.011500 0.023958
0 0.557625 0.339844 0.011250 0.025521
0 0.557375 0.339323 0.012750 0.022396
0 0.547750 0.346354 0.007500 0.018750
0 0.550125 0.330990 0.008750 0.016146
0 0.548750 0.317448 0.010000 0.017188
0 0.536500 0.316146 0.009000 0.017708
0 0.522750 0.308594 0.006500 0.016146
0 0.540750 0.396615 0.010000 0.020313
0 0.529500 0.386458 0.010500 0.020833
0 0.521750 0.392708 0.008500 0.020833
0 0.528625 0.430469 0.008250 0.021354
0 0.528000 0.431250 0.012000 0.017708
0 0.535125 0.487500 0.008750 0.022917
0 0.534125 0.509896 0.005750 0.012500
0 0.542750 0.528385 0.007000 0.014063
0 0.555000 0.560417 0.009500 0.017708
0 0.514875 0.517188 0.012250 0.029167
0 0.514875 0.516406 0.009750 0.026562
0 0.453750 0.519271 0.008000 0.019792
0 0.437375 0.544271 0.011250 0.018750
0 0.425000 0.549740 0.012000 0.016146
0 0.447375 0.473438 0.014250 0.034375
0 0.446875 0.473958 0.016250 0.028125
0 0.441250 0.437760 0.010000 0.022396
0 0.444375 0.428385 0.008750 0.015104
0 0.438750 0.406250 0.011500 0.018750
0 0.434875 0.385677 0.010750 0.017188
0 0.425500 0.388802 0.009500 0.017188
0 0.408375 0.415625 0.015250 0.020833
0 0.408875 0.415885 0.012250 0.017188
0 0.396375 0.416927 0.010750 0.014063
0 0.396125 0.460677 0.007250 0.022396
0 0.414750 0.467969 0.010000 0.017188
0 0.422875 0.343229 0.008250 0.018750
0 0.414500 0.362760 0.010000 0.021354
0 0.400875 0.376302 0.009750 0.017188
0 0.383750 0.354687 0.009000 0.014583
0 0.377625 0.373958 0.009750 0.019792
0 0.368875 0.403385 0.008250 0.018229
0 0.411125 0.320312 0.009750 0.018750
0 0.408875 0.293750 0.011750 0.017708
0 0.408375 0.293229 0.011750 0.019792
0 0.400625 0.276042 0.008750 0.017708
0 0.418125 0.275781 0.007750 0.025521
0 0.432625 0.267448 0.011750 0.011979
0 0.408125 0.228646 0.012250 0.021875
0 0.408375 0.229427 0.011250 0.020313
0 0.415500 0.167969 0.012000 0.015104
0 0.415000 0.153125 0.010000 0.025000
0 0.413375 0.154948 0.010250 0.018229
0 0.385875 0.103646 0.009750 0.020833
0 0.360375 0.321875 0.009250 0.025000
0 0.345375 0.338542 0.011250 0.020833
0 0.336625 0.309115 0.009750 0.017188
0 0.322375 0.269010 0.009250 0.017188
0 0.348625 0.210938 0.011250 0.027083
0 0.301875 0.170833 0.006750 0.020833
0 0.316500 0.132292 0.014000 0.014583
0 0.322500 0.110417 0.007500 0.018750
0 0.315125 0.078646 0.011250 0.019792
0 0.299375 0.068490 0.010750 0.016146
0 0.319500 0.026302 0.009000 0.016146
0 0.362500 0.021875 0.011500 0.014583
0 0.366125 0.007292 0.012250 0.014583
0 0.397250 0.027083 0.012500 0.016667
0 0.395250 0.088021 0.011000 0.023958
0 0.394375 0.114583 0.008750 0.015625
0 0.216625 0.322656 0.009250 0.021354
0 0.218750 0.342969 0.009000 0.014063
0 0.254250 0.322135 0.008000 0.027604
0 0.267500 0.272917 0.010000 0.027083
0 0.311250 0.345313 0.011500 0.022917
0 0.259875 0.384896 0.007750 0.021875
0 0.241875 0.371875 0.008250 0.022917
0 0.264875 0.413802 0.007750 0.019271
0 0.258000 0.428646 0.009000 0.016667
0 0.269250 0.449219 0.010000 0.018229
0 0.264000 0.458073 0.008000 0.015104
0 0.317875 0.442448 0.009250 0.019271
0 0.353250 0.435677 0.007000 0.019271
0 0.339125 0.470573 0.010750 0.023438
0 0.356375 0.468229 0.009750 0.015625
0 0.348875 0.486979 0.011250 0.020833
0 0.286250 0.538802 0.011500 0.028646
0 0.287750 0.540104 0.009500 0.025000
0 0.305500 0.502344 0.006000 0.017188
0 0.313750 0.501042 0.008500 0.025000
0 0.314000 0.502604 0.010500 0.019792
0 0.333250 0.512500 0.007500 0.013542
0 0.349000 0.537240 0.007000 0.017188
0 0.322375 0.548958 0.009250 0.020833
0 0.338375 0.550000 0.007250 0.017708
0 0.344250 0.568750 0.011000 0.020833
0 0.344250 0.570052 0.011500 0.018229
0 0.340875 0.582812 0.007750 0.016667
0 0.332625 0.577344 0.007750 0.015104
0 0.335750 0.591406 0.009500 0.019271
0 0.352375 0.597656 0.010750 0.015104
0 0.353125 0.575781 0.005750 0.016146
0 0.366750 0.573698 0.009500 0.016146
0 0.367125 0.590885 0.008250 0.024479
0 0.366000 0.591927 0.009500 0.023438
0 0.372750 0.599219 0.008000 0.015104
0 0.361000 0.624479 0.006500 0.018750
0 0.378750 0.626823 0.007500 0.018229
0 0.389500 0.619010 0.009500 0.017188
0 0.347500 0.720573 0.011000 0.017188
0 0.341625 0.726042 0.007750 0.012500
0 0.333500 0.716927 0.009000 0.010937
0 0.298000 0.762240 0.009000 0.019271
0 0.309625 0.790625 0.012750 0.019792
0 0.327000 0.811198 0.012500 0.016146
0 0.243625 0.770573 0.013250 0.015104
0 0.402875 0.572396 0.015250 0.022917
0 0.401500 0.589063 0.010000 0.015625
0 0.416875 0.619271 0.011250 0.016667
