0 0.212625 0.996615 0.002750 0.005729
0 0.315625 0.893229 0.004250 0.007292
0 0.375250 0.936458 0.006500 0.009375
0 0.440375 0.713021 0.005250 0.006250
0 0.471250 0.690885 0.003500 0.011979
0 0.415625 0.703646 0.003750 0.007292
0 0.410125 0.701042 0.006250 0.007292
0 0.307000 0.667969 0.004000 0.009896
0 0.255625 0.521354 0.005250 0.007292
0 0.227000 0.474479 0.004500 0.011458
0 0.201000 0.510417 0.004000 0.010417
0 0.235625 0.273438 0.003750 0.010417
0 0.253125 0.298177 0.003750 0.010937
0 0.302000 0.401562 0.005000 0.011458
0 0.396625 0.541406 0.003750 0.008854
0 0.416250 0.572917 0.004000 0.010417
0 0.508000 0.726042 0.004500 0.011458
0 0.496375 0.581250 0.003750 0.011458
0 0.490125 0.572917 0.003250 0.007292
0 0.493875 0.572396 0.003750 0.009375
0 0.479500 0.159896 0.005000 0.009375
0 0.656250 0.294271 0.005000 0.007292
0 0.676750 0.299740 0.003500 0.007812
0 0.549500 0.609375 0.005500 0.010417
0 0.526750 0.678646 0.003000 0.012500
0 0.530250 0.681250 0.004000 0.010417
0 0.534875 0.714323 0.003750 0.010937
0 0.534375 0.724740 0.006250 0.007812
0 0.605000 0.668229 0.004500 0.008333
0 0.632750 0.651302 0.006500 0.009896
0 0.813500 0.469792 0.004500 0.014583
0 0.951875 0.209115 0.004250 0.009896
0 0.814250 0.772917 0.006500 0.011458
0 0.809375 0.742969 0.005750 0.010937
0 0.640250 0.819792 0.003500 0.009375
0 0.641500 0.767448 0.005000 0.006771
0 0.579625 0.792969 0.004250 0.009896
0 0.192875 0.047656 0.004250 0.008854
0 0.197125 0.070833 0.006250 0.007292
0 0.194375 0.080729 0.003250 0.012500
