0 0.356250 0.723125 0.007292 0.002750
0 0.353906 0.719875 0.007812 0.004750
0 0.247396 0.594000 0.009375 0.003000
0 0.260156 0.594250 0.007812 0.004500
0 0.206510 0.612625 0.009896 0.003750
0 0.204427 0.601125 0.010937 0.004750
0 0.206250 0.591875 0.003125 0.003750
0 0.203125 0.592250 0.004167 0.004500
0 0.175781 0.604500 0.008854 0.003500
0 0.168750 0.598250 0.009375 0.003500
0 0.171615 0.596125 0.005729 0.002750
0 0.132552 0.602625 0.003646 0.003750
0 0.136198 0.602250 0.005729 0.004500
0 0.148958 0.616875 0.011458 0.003750
0 0.079167 0.605000 0.006250 0.004500
0 0.027604 0.614250 0.007292 0.005000
0 0.030990 0.611000 0.009896 0.003000
0 0.020052 0.613625 0.009896 0.001750
0 0.019792 0.615250 0.010417 0.002000
0 0.264583 0.533875 0.010417 0.003250
0 0.192188 0.526500 0.011458 0.004500
0 0.168490 0.516125 0.005729 0.003750
0 0.171875 0.515875 0.006250 0.004250
0 0.184375 0.508125 0.009375 0.004250
0 0.203385 0.506000 0.007812 0.005000
0 0.220052 0.501750 0.010937 0.003500
0 0.176563 0.485250 0.006250 0.003500
0 0.170313 0.486625 0.006250 0.005250
0 0.099219 0.497250 0.011979 0.004500
0 0.038021 0.492125 0.008333 0.004250
0 0.034115 0.487500 0.008854 0.003500
0 0.116927 0.512000 0.007812 0.003500
0 0.396615 0.496125 0.008854 0.006250
0 0.229948 0.437500 0.006771 0.004500
0 0.230208 0.429875 0.011458 0.003750
0 0.224219 0.426750 0.007812 0.003000
0 0.236719 0.419000 0.007812 0.006000
0 0.215104 0.409250 0.010417 0.004000
0 0.196354 0.410875 0.009375 0.004750
0 0.114323 0.360625 0.009896 0.003750
0 0.055990 0.339750 0.013021 0.006500
0 0.481510 0.522875 0.009896 0.003750
0 0.455990 0.503250 0.008854 0.004500
0 0.457552 0.493875 0.008854 0.002250
0 0.455990 0.492000 0.006771 0.002500
0 0.475781 0.488500 0.009896 0.005500
0 0.486979 0.484875 0.008333 0.005750
0 0.473698 0.481000 0.006771 0.004500
0 0.450000 0.479250 0.008333 0.005500
0 0.485417 0.448250 0.012500 0.004000
0 0.479687 0.425125 0.007292 0.003750
0 0.482552 0.423875 0.007812 0.004750
0 0.471615 0.430125 0.007812 0.002750
0 0.472656 0.428500 0.010937 0.003000
0 0.462760 0.420625 0.008854 0.005250
0 0.438021 0.426125 0.007292 0.004250
0 0.439583 0.424125 0.007292 0.004250
0 0.460938 0.406875 0.011458 0.004250
0 0.485417 0.405750 0.006250 0.005000
0 0.484375 0.390625 0.011458 0.004750
0 0.480990 0.387250 0.008854 0.004000
0 0.485677 0.385500 0.006771 0.003000
0 0.480469 0.376500 0.005729 0.003500
0 0.482292 0.376125 0.007292 0.004750
0 0.448177 0.352875 0.008854 0.005250
0 0.433594 0.353125 0.008854 0.004250
0 0.432031 0.346750 0.007812 0.005000
0 0.431771 0.342125 0.009375 0.003750
0 0.453125 0.343625 0.010417 0.004250
0 0.431250 0.332375 0.003125 0.004750
0 0.435156 0.332375 0.004687 0.005250
0 0.442448 0.326625 0.007812 0.004750
0 0.418490 0.304000 0.004687 0.004000
0 0.421875 0.304000 0.005208 0.005000
0 0.418750 0.284750 0.011458 0.005500
0 0.399219 0.263625 0.010937 0.004750
0 0.433594 0.263375 0.010937 0.005750
0 0.357031 0.256375 0.005729 0.005750
0 0.352865 0.256500 0.003646 0.005000
0 0.369531 0.273750 0.006771 0.006000
0 0.369271 0.301250 0.010417 0.003500
0 0.373437 0.305625 0.007292 0.002750
0 0.373958 0.309750 0.008333 0.004500
0 0.384896 0.305375 0.007292 0.004750
0 0.388802 0.301500 0.007812 0.004500
0 0.361458 0.317625 0.006250 0.004750
0 0.379948 0.343250 0.003646 0.004500
0 0.383594 0.342875 0.006771 0.005250
0 0.394792 0.370625 0.008333 0.004750
0 0.426042 0.388000 0.006250 0.004000
0 0.427865 0.386500 0.005729 0.003500
0 0.389323 0.380000 0.006771 0.003500
0 0.391146 0.378875 0.006250 0.003250
0 0.411198 0.392500 0.008854 0.003500
0 0.410156 0.397750 0.005729 0.003500
0 0.413281 0.397125 0.006771 0.004250
0 0.582292 0.493500 0.006250 0.005000
0 0.587240 0.491625 0.004687 0.005750
0 0.590625 0.491250 0.004167 0.004500
0 0.580208 0.469875 0.009375 0.005750
0 0.647396 0.430125 0.007292 0.005250
0 0.650521 0.429500 0.006250 0.004000
0 0.632552 0.414500 0.009896 0.005000
0 0.614844 0.413500 0.005729 0.004000
0 0.616406 0.409500 0.007812 0.004000
0 0.686458 0.381625 0.012500 0.003750
0 0.644792 0.351250 0.008333 0.004000
0 0.637760 0.345250 0.008854 0.006000
0 0.645833 0.329250 0.009375 0.004500
0 0.685937 0.332125 0.010417 0.005750
0 0.727604 0.320250 0.012500 0.005000
0 0.707552 0.317125 0.008854 0.005750
0 0.733333 0.312375 0.009375 0.004750
0 0.710156 0.305625 0.006771 0.005250
0 0.704688 0.306625 0.007292 0.004750
0 0.704948 0.302000 0.007812 0.004500
0 0.706250 0.297250 0.005208 0.005000
0 0.709635 0.297250 0.006771 0.006000
0 0.656250 0.289625 0.009375 0.005250
0 0.628906 0.294500 0.003646 0.004500
0 0.633073 0.294375 0.005729 0.005250
