0 0.220625 0.476823 0.003250 0.013021
0 0.221875 0.441927 0.003250 0.014063
0 0.230625 0.445573 0.004250 0.010937
0 0.255500 0.395313 0.004500 0.010417
0 0.260500 0.362240 0.004500 0.014063
0 0.269500 0.414583 0.003500 0.009375
0 0.298375 0.320833 0.003750 0.012500
0 0.297125 0.335156 0.003750 0.009896
0 0.293250 0.379688 0.003000 0.011458
0 0.312875 0.400260 0.004250 0.009896
0 0.321875 0.356250 0.005250 0.007292
0 0.320250 0.380990 0.003500 0.007812
0 0.319250 0.377344 0.003000 0.006771
0 0.313875 0.374479 0.002750 0.009375
0 0.478875 0.479687 0.004750 0.013542
0 0.450625 0.530469 0.006250 0.009896
0 0.422250 0.535417 0.003500 0.008333
0 0.423625 0.543490 0.005250 0.008854
0 0.422000 0.550521 0.005000 0.007292
0 0.433500 0.562240 0.004000 0.010937
0 0.435750 0.558073 0.002500 0.009896
0 0.417000 0.557813 0.004500 0.010417
0 0.416750 0.570833 0.004000 0.009375
0 0.416625 0.595573 0.003250 0.009896
0 0.428250 0.596354 0.004500 0.008333
0 0.412625 0.613802 0.002750 0.011979
0 0.411250 0.613542 0.002000 0.009375
0 0.406000 0.610677 0.002000 0.007812
0 0.404250 0.609896 0.003500 0.009375
0 0.388375 0.604427 0.003250 0.011979
0 0.390125 0.600521 0.002750 0.007292
0 0.397375 0.648958 0.004750 0.008333
0 0.393375 0.642708 0.005250 0.009375
0 0.384000 0.677865 0.004500 0.014063
0 0.347500 0.796875 0.005000 0.011458
0 0.347000 0.776302 0.004000 0.007812
0 0.351125 0.781250 0.003250 0.008333
0 0.361000 0.768490 0.004500 0.008854
0 0.502000 0.517708 0.003000 0.007292
0 0.504125 0.516927 0.002750 0.006771
0 0.484875 0.545052 0.004750 0.006771
0 0.499625 0.558333 0.002750 0.009375
0 0.497750 0.558854 0.002000 0.008333
0 0.489500 0.612500 0.003500 0.009375
0 0.483250 0.605469 0.003500 0.008854
0 0.476250 0.608333 0.005000 0.009375
0 0.478250 0.623437 0.004500 0.006250
0 0.485375 0.634635 0.003750 0.008854
0 0.478750 0.670573 0.002500 0.010937
0 0.468500 0.690885 0.004000 0.009896
0 0.469500 0.701562 0.004500 0.006250
0 0.472375 0.709375 0.004250 0.007292
0 0.468250 0.733594 0.003000 0.008854
0 0.464625 0.730729 0.005750 0.007292
0 0.452000 0.734635 0.002500 0.008854
0 0.449625 0.733594 0.004250 0.006771
0 0.452500 0.751302 0.005000 0.005729
0 0.445750 0.756771 0.005000 0.006250
0 0.458375 0.756771 0.002250 0.012500
0 0.461500 0.753646 0.004500 0.005208
0 0.460000 0.773438 0.003000 0.012500
0 0.453375 0.808333 0.004250 0.008333
0 0.446500 0.836458 0.003000 0.010417
0 0.444625 0.835938 0.002750 0.009375
0 0.410500 0.936458 0.004000 0.011458
0 0.418375 0.935156 0.003750 0.006771
0 0.417750 0.932552 0.004500 0.007812
0 0.415125 0.939063 0.001750 0.009375
0 0.413875 0.938021 0.002250 0.011458
0 0.430250 0.947135 0.005000 0.008854
0 0.446750 0.902604 0.005000 0.011458
0 0.452625 0.889062 0.004750 0.006250
0 0.462750 0.860417 0.004000 0.007292
0 0.459500 0.832031 0.003000 0.008854
0 0.456875 0.831250 0.002750 0.008333
0 0.459500 0.820833 0.004500 0.008333
0 0.459625 0.817448 0.003750 0.004687
0 0.485625 0.793229 0.004250 0.007292
0 0.468250 0.766667 0.003000 0.011458
0 0.466500 0.779167 0.002500 0.008333
0 0.465250 0.777083 0.003500 0.008333
0 0.475125 0.756510 0.002750 0.008854
0 0.474250 0.752083 0.003000 0.008333
0 0.483375 0.696615 0.004250 0.006771
0 0.487625 0.701823 0.002250 0.009896
0 0.486500 0.701042 0.002000 0.008333
0 0.488250 0.678906 0.003500 0.007812
0 0.486250 0.674219 0.002500 0.010937
0 0.498000 0.671615 0.003000 0.008854
0 0.500750 0.664844 0.003500 0.006771
0 0.502250 0.617708 0.004500 0.008333
0 0.514500 0.587500 0.004000 0.006250
0 0.503625 0.571615 0.004250 0.009896
0 0.541500 0.501302 0.004000 0.010937
0 0.558500 0.552344 0.004500 0.011979
0 0.551250 0.576302 0.005000 0.004687
0 0.554000 0.582031 0.004000 0.007812
0 0.555500 0.592708 0.004000 0.008333
0 0.553625 0.596354 0.004250 0.010417
0 0.548875 0.642448 0.003250 0.008854
0 0.577250 0.617188 0.004000 0.008333
0 0.552500 0.677865 0.003000 0.010937
0 0.553250 0.668490 0.003500 0.008854
0 0.554625 0.666927 0.002750 0.006771
0 0.570250 0.712500 0.005000 0.007292
0 0.569625 0.747917 0.004750 0.007292
0 0.575250 0.753646 0.002500 0.008333
0 0.573375 0.752865 0.003750 0.009896
0 0.561500 0.774740 0.005000 0.005729
0 0.573875 0.798438 0.006250 0.008333
0 0.557625 0.849479 0.004250 0.011458
0 0.590750 0.911458 0.002000 0.013542
0 0.592750 0.910677 0.002000 0.009896
0 0.565750 0.444010 0.006500 0.014063
0 0.615750 0.475521 0.003000 0.010417
0 0.621375 0.476823 0.001750 0.009896
0 0.619625 0.476562 0.002750 0.010417
0 0.628500 0.479948 0.003000 0.010937
0 0.630125 0.478906 0.002250 0.007812
0 0.615875 0.495052 0.004250 0.007812
0 0.613250 0.496094 0.003000 0.008854
0 0.614250 0.511458 0.005000 0.007292
0 0.624000 0.529687 0.004000 0.009375
0 0.625375 0.527604 0.003250 0.007292
0 0.633500 0.556510 0.004500 0.007812
0 0.639750 0.579948 0.004000 0.009896
0 0.667375 0.575521 0.004250 0.013542
0 0.651250 0.583594 0.003500 0.008854
0 0.654250 0.584896 0.002500 0.007292
0 0.663375 0.619531 0.004250 0.006771
0 0.671500 0.609375 0.005000 0.009375
0 0.677750 0.596615 0.005500 0.007812
0 0.696375 0.611198 0.006250 0.011979
0 0.680500 0.641406 0.005000 0.006771
0 0.689000 0.651823 0.004000 0.008854
0 0.693625 0.651823 0.004250 0.008854
0 0.718625 0.589323 0.006250 0.011979
0 0.740625 0.636719 0.004750 0.008854
0 0.741375 0.633333 0.004250 0.006250
0 0.703125 0.654167 0.004250 0.006250
0 0.705625 0.676823 0.004250 0.005729
0 0.716750 0.677604 0.004000 0.006250
0 0.681750 0.619792 0.004500 0.006250
0 0.610125 0.386719 0.004750 0.007812
0 0.608250 0.392188 0.003500 0.004167
0 0.607875 0.388802 0.004750 0.003646
0 0.622500 0.382812 0.006500 0.007292
0 0.638875 0.383594 0.005750 0.005729
0 0.634625 0.371875 0.005250 0.011458
0 0.645250 0.295312 0.005000 0.007292
0 0.655625 0.318490 0.002750 0.007812
0 0.654500 0.317448 0.003000 0.008854
0 0.702875 0.360156 0.006250 0.007812
0 0.711875 0.357292 0.005750 0.009375
0 0.718625 0.362760 0.005250 0.005729
0 0.723500 0.358333 0.004500 0.012500
0 0.739750 0.320312 0.007000 0.015625
0 0.762250 0.324740 0.005500 0.006771
0 0.761500 0.321094 0.004500 0.004687
0 0.776500 0.330729 0.005500 0.006250
0 0.779375 0.326823 0.005750 0.005729
0 0.727250 0.397917 0.005000 0.007292
0 0.717375 0.394792 0.004750 0.008333
0 0.692875 0.385677 0.005250 0.007812
0 0.687500 0.385156 0.005500 0.006771
0 0.654125 0.400000 0.005250 0.008333
0 0.566125 0.330729 0.004250 0.009375
0 0.573500 0.317448 0.003000 0.009896
0 0.584875 0.305469 0.003250 0.009896
0 0.577000 0.288281 0.003500 0.008854
0 0.609000 0.270052 0.003500 0.010937
0 0.616375 0.234375 0.003250 0.009375
0 0.620125 0.227604 0.004250 0.009375
0 0.621500 0.233333 0.002500 0.010417
0 0.625250 0.226823 0.003000 0.011979
0 0.630375 0.217708 0.004750 0.009375
0 0.636375 0.203646 0.003750 0.008333
0 0.635625 0.201042 0.002750 0.007292
0 0.656375 0.188542 0.003250 0.008333
0 0.658875 0.175260 0.004750 0.010937
0 0.665750 0.160156 0.004000 0.010937
0 0.656375 0.165885 0.003750 0.008854
0 0.638750 0.183073 0.004000 0.009896
0 0.638875 0.174219 0.004250 0.009896
0 0.642750 0.171354 0.004500 0.005208
0 0.642250 0.167969 0.004500 0.003646
0 0.620000 0.216406 0.005000 0.007812
