0 0.514125 0.624219 0.003750 0.016146
0 0.510875 0.642708 0.004250 0.015625
0 0.518750 0.581250 0.006000 0.016667
0 0.451125 0.628385 0.008250 0.015104
0 0.450125 0.510938 0.005750 0.013542
0 0.435000 0.346094 0.004000 0.019271
0 0.452375 0.348177 0.005250 0.011979
0 0.437625 0.405469 0.006250 0.015104
0 0.434875 0.286458 0.006250 0.016667
0 0.426875 0.264323 0.007750 0.009896
0 0.431875 0.248958 0.005250 0.017708
0 0.369875 0.252604 0.004250 0.019792
0 0.408000 0.214323 0.007000 0.011979
0 0.421125 0.186719 0.006250 0.020313
0 0.391125 0.142969 0.006250 0.018229
0 0.373875 0.165365 0.006750 0.015104
0 0.363125 0.165625 0.008250 0.008333
0 0.360750 0.174219 0.006000 0.016146
0 0.361375 0.067187 0.004250 0.020833
0 0.380000 0.074479 0.005500 0.017708
0 0.420625 0.039062 0.007750 0.017708
0 0.175875 0.304688 0.005750 0.013542
0 0.222125 0.313021 0.006250 0.014583
0 0.233750 0.388802 0.005500 0.015104
0 0.313875 0.396094 0.005250 0.015104
0 0.284750 0.469271 0.007000 0.011458
0 0.297250 0.489844 0.005500 0.011979
0 0.307000 0.555990 0.006500 0.009896
0 0.329000 0.522396 0.006500 0.015625
0 0.392875 0.629167 0.005750 0.013542
0 0.546500 0.486198 0.007000 0.016146
0 0.561125 0.482812 0.007750 0.013542
0 0.571250 0.361198 0.007500 0.016146
0 0.594375 0.380990 0.007250 0.008854
0 0.588375 0.391927 0.006250 0.015104
0 0.536125 0.361198 0.006250 0.020313
0 0.727375 0.570573 0.005250 0.014063
0 0.674750 0.076823 0.008500 0.010937
0 0.677500 0.123698 0.007000 0.018229
0 0.652250 0.059375 0.005500 0.015625
0 0.649000 0.048958 0.007000 0.011458
0 0.465125 0.630990 0.005250 0.014063
0 0.501875 0.655729 0.005250 0.011458
0 0.523125 0.642188 0.006750 0.011458
0 0.713000 0.553125 0.006000 0.009375
