0 0.365500 0.470052 0.003500 0.011979
0 0.362875 0.474479 0.003250 0.011458
0 0.367500 0.427083 0.004000 0.014583
0 0.353750 0.393490 0.003500 0.011979
0 0.355375 0.391927 0.003250 0.010937
0 0.359375 0.365625 0.002250 0.011458
0 0.357125 0.367708 0.002750 0.009375
0 0.345625 0.334375 0.002750 0.011458
0 0.347625 0.326302 0.002750 0.013021
0 0.341875 0.323437 0.004750 0.013542
0 0.437250 0.364323 0.004000 0.013021
0 0.439250 0.323437 0.004500 0.015625
0 0.434125 0.382031 0.003250 0.011979
0 0.431750 0.383594 0.002500 0.011979
0 0.476000 0.290625 0.006500 0.011458
0 0.493625 0.255469 0.004250 0.009896
0 0.492750 0.251563 0.004000 0.008333
0 0.494375 0.221354 0.003250 0.010417
0 0.492375 0.219010 0.004250 0.006771
0 0.512000 0.129167 0.005500 0.013542
0 0.504000 0.135417 0.005000 0.009375
0 0.503500 0.130990 0.004500 0.010937
0 0.499625 0.061979 0.005250 0.009375
0 0.465875 0.498177 0.004250 0.009896
0 0.487250 0.441927 0.004500 0.011979
0 0.497125 0.438802 0.004250 0.008854
0 0.507875 0.415625 0.005250 0.013542
0 0.545375 0.316667 0.004250 0.014583
0 0.541875 0.271354 0.004750 0.013542
0 0.567375 0.268750 0.005750 0.017708
0 0.582375 0.234635 0.004750 0.014063
0 0.592375 0.240365 0.005750 0.015104
0 0.589750 0.221875 0.005000 0.015625
0 0.613625 0.139583 0.006250 0.014583
0 0.632000 0.134115 0.004500 0.014063
0 0.672250 0.077604 0.005500 0.016667
0 0.689875 0.113802 0.008250 0.013021
0 0.627375 0.172396 0.007250 0.014583
0 0.617000 0.194271 0.004500 0.013542
0 0.616000 0.188542 0.005500 0.011458
0 0.636000 0.182812 0.005000 0.016667
0 0.621250 0.222917 0.005500 0.015625
0 0.635875 0.223958 0.006250 0.011458
0 0.634375 0.214062 0.005750 0.012500
0 0.585000 0.283333 0.007000 0.008333
0 0.591875 0.268490 0.005750 0.008854
0 0.595375 0.269792 0.002250 0.015625
0 0.597875 0.270313 0.002250 0.011458
0 0.601875 0.272917 0.005750 0.009375
0 0.608250 0.304688 0.007000 0.012500
0 0.574375 0.320833 0.005250 0.015625
0 0.431875 0.622656 0.006250 0.011979
0 0.459125 0.641927 0.006250 0.014063
0 0.479250 0.630469 0.005000 0.013021
0 0.488250 0.630469 0.008000 0.008854
0 0.485125 0.602865 0.007250 0.007812
0 0.485375 0.598177 0.005250 0.005729
0 0.518500 0.589323 0.007000 0.008854
0 0.533750 0.582812 0.007500 0.013542
0 0.520000 0.569271 0.008000 0.012500
0 0.561375 0.579427 0.005250 0.015104
0 0.566375 0.552604 0.006750 0.014583
0 0.544375 0.548177 0.008750 0.007812
0 0.542375 0.539844 0.006250 0.009896
0 0.575750 0.516927 0.007000 0.009896
0 0.571500 0.530469 0.005000 0.006771
0 0.572500 0.533594 0.006000 0.004687
0 0.572250 0.536198 0.006000 0.003646
0 0.572625 0.539323 0.005750 0.003646
0 0.596625 0.560156 0.007250 0.010937
0 0.598375 0.547656 0.006750 0.010937
0 0.593875 0.546094 0.003750 0.013021
0 0.591625 0.539844 0.006250 0.010937
0 0.596625 0.530469 0.006250 0.009896
0 0.607000 0.536719 0.008000 0.008854
0 0.619750 0.553385 0.008000 0.010937
0 0.608125 0.498177 0.008250 0.011979
0 0.630375 0.503906 0.005750 0.016146
0 0.645875 0.457031 0.003750 0.015104
0 0.642375 0.458333 0.003750 0.012500
0 0.660750 0.463281 0.004500 0.014063
0 0.661125 0.478125 0.006250 0.013542
0 0.650250 0.501823 0.004500 0.015104
0 0.641625 0.558333 0.006750 0.009375
0 0.637875 0.552604 0.007250 0.009375
0 0.640125 0.538021 0.003750 0.014583
0 0.656250 0.537500 0.007000 0.013542
0 0.659000 0.516927 0.003500 0.011979
0 0.656875 0.516146 0.004250 0.012500
0 0.671750 0.512240 0.004000 0.014063
0 0.668875 0.510156 0.004250 0.015104
0 0.667875 0.489063 0.006750 0.011458
0 0.689750 0.474219 0.004500 0.013021
0 0.687500 0.545833 0.006000 0.007292
0 0.688250 0.541146 0.004500 0.007292
0 0.621500 0.580729 0.005500 0.008333
0 0.612750 0.585677 0.007500 0.009896
0 0.472750 0.690885 0.007000 0.015104
0 0.479000 0.720052 0.005500 0.010937
0 0.496250 0.707031 0.007500 0.008854
0 0.522250 0.733333 0.005500 0.011458
0 0.527250 0.733333 0.004500 0.013542
0 0.530750 0.729948 0.005500 0.007812
0 0.526750 0.719792 0.006000 0.007292
0 0.528500 0.711719 0.006000 0.005729
0 0.528000 0.707292 0.006000 0.006250
0 0.534750 0.722656 0.005000 0.009896
0 0.533500 0.717187 0.005500 0.008333
0 0.524125 0.753125 0.004750 0.008333
0 0.531375 0.756771 0.006750 0.010417
0 0.546625 0.776042 0.006250 0.006250
0 0.547000 0.781510 0.006500 0.005729
0 0.556625 0.782031 0.005250 0.009896
0 0.549250 0.726823 0.005000 0.006771
0 0.549500 0.722917 0.006500 0.006250
0 0.561625 0.748437 0.005250 0.010417
0 0.569375 0.741667 0.005750 0.008333
0 0.564250 0.742448 0.006000 0.008854
0 0.583500 0.739583 0.005500 0.008333
0 0.584250 0.736198 0.006000 0.008854
0 0.604000 0.743490 0.007000 0.015104
0 0.574625 0.821354 0.004250 0.010417
0 0.592375 0.823958 0.007250 0.013542
0 0.641875 0.840885 0.005750 0.014063
0 0.649875 0.854948 0.008250 0.008854
0 0.663875 0.882292 0.008250 0.010417
0 0.693000 0.856771 0.007000 0.012500
0 0.646875 0.765625 0.006250 0.010417
0 0.461750 0.797656 0.007000 0.008854
0 0.477500 0.872656 0.005500 0.011979
