0 0.340500 0.182552 0.009500 0.016146
0 0.368750 0.167708 0.008500 0.015625
0 0.382000 0.152865 0.006500 0.011979
0 0.379000 0.451042 0.007000 0.009375
0 0.356500 0.409896 0.005000 0.014583
0 0.384000 0.396875 0.004500 0.016667
0 0.390750 0.376563 0.005000 0.013542
0 0.389500 0.348698 0.004500 0.010937
0 0.393250 0.336198 0.005500 0.010937
0 0.390375 0.318229 0.003250 0.015625
0 0.393250 0.322135 0.003000 0.014063
0 0.430000 0.304167 0.006500 0.013542
0 0.491375 0.194531 0.007250 0.014063
0 0.479375 0.320312 0.008250 0.013542
0 0.478250 0.336979 0.008500 0.014583
0 0.487250 0.374740 0.004500 0.016146
0 0.483500 0.401562 0.010000 0.010417
0 0.461625 0.371875 0.006250 0.018750
0 0.471750 0.371354 0.006500 0.012500
0 0.478125 0.367969 0.005750 0.015104
0 0.479000 0.375781 0.004500 0.016146
0 0.460125 0.397396 0.007250 0.015625
0 0.457750 0.392448 0.004500 0.010937
0 0.455875 0.388542 0.006250 0.014583
0 0.478250 0.434635 0.006000 0.014063
0 0.453375 0.455469 0.008250 0.014063
0 0.442625 0.444010 0.008250 0.014063
0 0.448750 0.449479 0.007000 0.012500
0 0.477250 0.484896 0.007000 0.014583
0 0.433250 0.506510 0.005000 0.019271
0 0.447375 0.517448 0.009250 0.016146
0 0.447000 0.497656 0.009000 0.008854
0 0.447250 0.505729 0.008000 0.007292
0 0.408875 0.581771 0.007250 0.016667
0 0.410750 0.603646 0.007000 0.013542
0 0.433875 0.595313 0.008750 0.012500
0 0.446000 0.583073 0.009000 0.011979
0 0.442125 0.371354 0.003750 0.012500
0 0.447875 0.367188 0.003750 0.009375
0 0.436750 0.386979 0.004500 0.013542
0 0.435375 0.416927 0.003250 0.010937
0 0.437000 0.410938 0.005500 0.008333
0 0.433125 0.407292 0.006250 0.011458
0 0.435500 0.397656 0.005000 0.008854
0 0.412250 0.512500 0.006000 0.010417
0 0.414500 0.493490 0.006500 0.018229
0 0.398125 0.565885 0.005750 0.016146
0 0.386250 0.607552 0.005000 0.010937
0 0.363125 0.730990 0.006250 0.013021
0 0.370750 0.703385 0.006000 0.009896
0 0.330000 0.854687 0.006500 0.014583
0 0.334500 0.829688 0.006000 0.021875
0 0.313125 0.902344 0.006750 0.011979
0 0.316000 0.908854 0.006000 0.016667
0 0.348375 0.892448 0.008250 0.019271
0 0.343875 0.853906 0.006750 0.014063
0 0.345625 0.841667 0.008750 0.013542
0 0.369875 0.845052 0.002750 0.011979
0 0.373500 0.844531 0.005500 0.020313
0 0.394125 0.786198 0.005250 0.018229
0 0.385625 0.787500 0.007250 0.016667
0 0.364750 0.772396 0.006000 0.018750
0 0.389250 0.724219 0.006500 0.019271
0 0.394750 0.717969 0.005000 0.020313
0 0.381375 0.700000 0.004750 0.016667
0 0.386000 0.702083 0.004500 0.018750
0 0.398375 0.692708 0.003250 0.018750
0 0.402125 0.694792 0.004750 0.020833
0 0.399000 0.678385 0.006000 0.014063
0 0.434375 0.702083 0.006250 0.020833
0 0.419750 0.732552 0.007000 0.011979
0 0.418125 0.728385 0.005750 0.011979
0 0.393125 0.655208 0.005250 0.019792
0 0.408750 0.641146 0.007500 0.015625
0 0.419625 0.657031 0.007750 0.013021
0 0.423750 0.631250 0.005500 0.015625
0 0.429500 0.645052 0.004500 0.018229
0 0.435000 0.668229 0.007000 0.018750
0 0.429375 0.664062 0.005750 0.018750
0 0.425375 0.657552 0.004750 0.018229
0 0.451125 0.630208 0.003750 0.014583
0 0.448875 0.626302 0.005750 0.015104
0 0.423250 0.895573 0.008500 0.011979
0 0.463375 0.861458 0.007250 0.009375
0 0.481125 0.848437 0.008750 0.010417
0 0.468875 0.839323 0.008750 0.009896
0 0.472875 0.826302 0.004750 0.015104
0 0.471625 0.811719 0.007750 0.010937
0 0.486875 0.828906 0.004750 0.009896
0 0.484000 0.768490 0.007000 0.014063
0 0.445250 0.791667 0.008000 0.015625
0 0.456125 0.772656 0.005250 0.011979
0 0.459125 0.770052 0.006750 0.009896
0 0.456875 0.763281 0.006750 0.007812
0 0.462625 0.757552 0.005750 0.011979
0 0.522500 0.696615 0.004000 0.014063
0 0.518500 0.685156 0.007000 0.014063
0 0.512000 0.675000 0.007500 0.014583
0 0.533125 0.691406 0.004750 0.013021
0 0.532125 0.736979 0.006250 0.010417
0 0.531250 0.731771 0.006500 0.009375
0 0.522625 0.658333 0.008250 0.012500
0 0.519000 0.640885 0.009000 0.013021
0 0.503250 0.620052 0.005000 0.013021
0 0.506875 0.621615 0.005250 0.008854
0 0.505125 0.563542 0.008750 0.012500
0 0.517500 0.556771 0.005000 0.016667
0 0.510000 0.455208 0.006500 0.014583
0 0.516375 0.247917 0.007750 0.012500
0 0.528125 0.186458 0.004750 0.015625
0 0.536000 0.241927 0.004500 0.013021
0 0.538125 0.233073 0.005750 0.009896
0 0.532875 0.269792 0.004750 0.015625
0 0.537250 0.273958 0.003000 0.016667
0 0.540500 0.272396 0.005000 0.016667
0 0.535375 0.346094 0.008750 0.014063
0 0.542875 0.335938 0.004250 0.016667
0 0.548500 0.327865 0.005500 0.016146
0 0.548375 0.358854 0.007750 0.008333
0 0.554875 0.388542 0.005750 0.017708
0 0.551125 0.395573 0.004750 0.014063
0 0.574875 0.341667 0.004250 0.010417
0 0.573000 0.339323 0.005500 0.015104
0 0.590250 0.443229 0.006500 0.018750
0 0.604500 0.480729 0.008500 0.013542
0 0.582250 0.485677 0.009500 0.011979
0 0.556375 0.495052 0.006750 0.020313
0 0.587500 0.535677 0.006500 0.016146
0 0.583750 0.555990 0.004500 0.018229
0 0.577750 0.562760 0.007000 0.014063
0 0.560125 0.542188 0.004750 0.016667
0 0.563625 0.540365 0.006750 0.015104
0 0.547250 0.570573 0.007000 0.016146
0 0.554750 0.594531 0.006000 0.016146
0 0.569750 0.594010 0.005000 0.019271
0 0.574375 0.598177 0.004250 0.018229
0 0.591625 0.590885 0.007250 0.009896
0 0.585000 0.598437 0.006500 0.010417
0 0.580375 0.596354 0.003750 0.016667
0 0.598875 0.644271 0.005750 0.021875
0 0.563625 0.638802 0.004250 0.020313
0 0.544500 0.645312 0.008500 0.015625
0 0.535250 0.648438 0.005000 0.017708
0 0.536125 0.625781 0.006750 0.017188
0 0.533250 0.604427 0.007500 0.015104
0 0.547125 0.613021 0.004250 0.017708
0 0.551625 0.615104 0.004750 0.019792
0 0.574125 0.685937 0.008750 0.015625
0 0.559125 0.703646 0.006250 0.013542
0 0.565250 0.728385 0.006500 0.019271
0 0.576750 0.719531 0.009500 0.009896
0 0.581750 0.705469 0.010000 0.011979
0 0.617750 0.851302 0.008500 0.019271
0 0.633625 0.874740 0.012250 0.022396
0 0.669375 0.840104 0.004250 0.020833
0 0.673250 0.841927 0.005000 0.018229
0 0.665750 0.739844 0.008500 0.015104
0 0.643250 0.734635 0.008000 0.017188
0 0.667625 0.715885 0.010750 0.014063
0 0.635625 0.679427 0.008750 0.018229
0 0.690000 0.646094 0.008500 0.018229
0 0.647625 0.583854 0.007750 0.017708
0 0.653500 0.617448 0.012000 0.025521
0 0.626500 0.540365 0.004000 0.019271
0 0.631125 0.541406 0.004750 0.019271
0 0.718500 0.070052 0.008000 0.015104
0 0.601375 0.256771 0.005250 0.012500
0 0.150250 0.834635 0.009500 0.023438
0 0.734000 0.895312 0.006000 0.011458
0 0.837750 0.932812 0.007000 0.011458
0 0.888250 0.883594 0.009500 0.014063
0 0.823875 0.576823 0.010250 0.021354
0 0.172375 0.734896 0.008750 0.011458
