0 0.043490 0.568875 0.013021 0.005750
0 0.287240 0.596000 0.010937 0.004500
0 0.400260 0.603375 0.011979 0.004750
0 0.306771 0.585250 0.010417 0.002500
0 0.306510 0.587500 0.011979 0.002500
0 0.298438 0.590250 0.011458 0.003000
0 0.299219 0.588625 0.009896 0.002250
0 0.243229 0.583750 0.011458 0.003000
0 0.239323 0.581500 0.009896 0.004000
0 0.238021 0.580375 0.009375 0.003250
0 0.151302 0.573000 0.010937 0.003000
0 0.152344 0.571500 0.010937 0.003000
0 0.364063 0.548000 0.010417 0.003500
0 0.365104 0.546125 0.010417 0.003250
0 0.313021 0.508250 0.010417 0.004500
0 0.242708 0.493375 0.009375 0.007250
0 0.296094 0.478125 0.011979 0.007250
0 0.233854 0.465375 0.017708 0.004750
0 0.213802 0.424875 0.013021 0.006250
0 0.229167 0.511500 0.010417 0.004000
0 0.471875 0.520750 0.008333 0.005500
0 0.472396 0.508625 0.010417 0.006750
0 0.390104 0.364750 0.009375 0.006500
0 0.430208 0.345250 0.009375 0.007000
0 0.628385 0.232625 0.006771 0.006250
0 0.634896 0.232250 0.007292 0.008500
0 0.710156 0.298625 0.007812 0.005250
0 0.669271 0.328000 0.010417 0.006000
0 0.661458 0.355250 0.008333 0.005500
0 0.535937 0.397125 0.014583 0.002750
0 0.544792 0.399375 0.013542 0.002750
0 0.624479 0.402250 0.009375 0.005000
0 0.524740 0.490625 0.007812 0.004750
0 0.524740 0.494750 0.004687 0.005000
0 0.514062 0.493750 0.006250 0.005500
0 0.518229 0.493500 0.005208 0.005000
0 0.602083 0.561250 0.008333 0.005500
0 0.596875 0.560625 0.005208 0.004250
0 0.609896 0.556875 0.012500 0.003750
0 0.623958 0.538000 0.007292 0.006000
0 0.652344 0.528875 0.008854 0.005750
0 0.685156 0.504125 0.013021 0.003750
0 0.680990 0.502500 0.009896 0.003000
0 0.777344 0.448125 0.013021 0.007250
0 0.825260 0.430125 0.011979 0.008250
0 0.802344 0.491375 0.009896 0.005750
0 0.729688 0.527125 0.009375 0.004750
0 0.560156 0.600375 0.013021 0.005250
0 0.676562 0.583125 0.009375 0.003750
0 0.734375 0.595875 0.013542 0.003750
0 0.899479 0.727750 0.009375 0.005000
