0 0.153250 0.732812 0.008500 0.010417
0 0.245500 0.638802 0.003500 0.008854
0 0.299750 0.677083 0.006000 0.009375
0 0.335250 0.653125 0.006000 0.011458
0 0.348625 0.651823 0.004750 0.008854
0 0.385375 0.642188 0.006250 0.008333
0 0.382125 0.634115 0.006750 0.007812
0 0.395875 0.629948 0.005750 0.011979
0 0.405750 0.631510 0.005000 0.008854
0 0.412625 0.629167 0.004750 0.008333
0 0.413875 0.620052 0.003750 0.007812
0 0.416750 0.625521 0.004500 0.011458
0 0.427875 0.560677 0.005750 0.010937
0 0.430625 0.556771 0.005250 0.008333
0 0.419250 0.541667 0.005500 0.009375
0 0.427375 0.528385 0.006250 0.008854
0 0.414125 0.506250 0.005250 0.009375
0 0.405250 0.492188 0.003000 0.012500
0 0.409875 0.496615 0.004250 0.007812
0 0.384500 0.440885 0.004500 0.011979
0 0.378375 0.442188 0.004750 0.007292
0 0.354375 0.518490 0.005750 0.009896
0 0.364625 0.497135 0.004250 0.010937
0 0.334250 0.477865 0.004500 0.009896
0 0.299875 0.507812 0.003750 0.010417
0 0.336625 0.332031 0.007750 0.016146
0 0.364500 0.360156 0.006000 0.013021
0 0.357875 0.288021 0.004250 0.011458
0 0.338875 0.279167 0.006250 0.010417
0 0.320750 0.254948 0.003000 0.013021
0 0.324500 0.256510 0.005500 0.011979
0 0.285750 0.240625 0.004000 0.013542
0 0.288875 0.208333 0.004750 0.008333
0 0.284625 0.198177 0.005750 0.009896
0 0.276125 0.247917 0.005250 0.012500
0 0.270500 0.195573 0.006000 0.016146
0 0.257125 0.226042 0.004250 0.010417
0 0.250500 0.136719 0.007500 0.015104
0 0.257750 0.104688 0.007500 0.011458
0 0.270500 0.105469 0.005500 0.009896
0 0.235500 0.035417 0.004500 0.016667
0 0.198250 0.135677 0.004500 0.010937
0 0.198250 0.145052 0.003000 0.011979
0 0.206625 0.157031 0.004750 0.011979
0 0.211375 0.151562 0.004250 0.010417
0 0.225250 0.175260 0.005500 0.011979
0 0.163750 0.040104 0.003500 0.010417
0 0.332125 0.402865 0.004750 0.009896
0 0.339125 0.399219 0.004750 0.010937
0 0.450500 0.434375 0.005000 0.013542
0 0.459875 0.416406 0.004250 0.013021
0 0.459500 0.400260 0.003500 0.006771
0 0.461625 0.393750 0.003750 0.009375
0 0.463125 0.381510 0.004250 0.010937
0 0.458000 0.374479 0.006000 0.008333
0 0.464250 0.370052 0.004000 0.009896
0 0.464125 0.354427 0.003750 0.009896
0 0.458000 0.330729 0.006500 0.007292
0 0.433125 0.341146 0.002750 0.009375
0 0.461625 0.297917 0.003250 0.010417
0 0.462250 0.289583 0.005500 0.009375
0 0.481250 0.288281 0.004500 0.009896
0 0.469125 0.240885 0.005750 0.015104
0 0.451625 0.217448 0.007250 0.010937
0 0.519750 0.354687 0.005500 0.014583
0 0.523875 0.332552 0.004250 0.014063
0 0.523125 0.322917 0.005750 0.009375
0 0.535875 0.268490 0.005250 0.011979
0 0.540875 0.252344 0.005750 0.011979
0 0.545375 0.226562 0.006750 0.010417
0 0.559875 0.124479 0.005250 0.010417
0 0.580000 0.115104 0.005000 0.012500
0 0.578875 0.129948 0.004750 0.010937
0 0.568625 0.174740 0.005750 0.008854
0 0.564875 0.181250 0.003750 0.010417
0 0.508125 0.024219 0.003750 0.005729
0 0.508875 0.030208 0.004250 0.006250
0 0.519500 0.509375 0.004500 0.009375
0 0.547375 0.435156 0.005250 0.008854
0 0.595375 0.329688 0.004250 0.010417
0 0.600500 0.331510 0.005000 0.014063
0 0.617375 0.303385 0.003750 0.013021
0 0.620125 0.326562 0.003750 0.012500
0 0.617375 0.328906 0.003250 0.011979
0 0.615625 0.283854 0.006250 0.010417
0 0.651000 0.255469 0.003000 0.011979
0 0.654125 0.259375 0.003250 0.010417
0 0.641625 0.214062 0.004250 0.007292
0 0.644375 0.199479 0.003250 0.006250
0 0.652375 0.195052 0.004250 0.009896
0 0.666750 0.176302 0.005500 0.014063
0 0.658375 0.172917 0.005250 0.010417
0 0.653750 0.163542 0.004500 0.010417
0 0.677375 0.124479 0.003750 0.010417
0 0.681875 0.114062 0.004250 0.010417
0 0.689000 0.122135 0.004500 0.009896
0 0.677000 0.090365 0.004000 0.011979
0 0.684625 0.097917 0.003750 0.013542
0 0.707625 0.068490 0.004250 0.010937
0 0.703250 0.060937 0.004000 0.009375
0 0.708500 0.042969 0.005000 0.011979
0 0.715750 0.043229 0.004500 0.010417
0 0.697625 0.080990 0.004250 0.010937
0 0.699125 0.091667 0.006250 0.013542
0 0.719500 0.067448 0.005000 0.015104
0 0.721000 0.019792 0.004000 0.010417
0 0.719000 0.009896 0.004500 0.013542
0 0.683500 0.164583 0.004500 0.013542
0 0.697875 0.175781 0.005250 0.014063
0 0.692375 0.204948 0.003750 0.011979
0 0.681125 0.226562 0.004750 0.013542
0 0.681125 0.208333 0.002750 0.012500
0 0.684125 0.211719 0.002750 0.015104
0 0.689625 0.214583 0.004750 0.007292
0 0.696000 0.149740 0.004000 0.013021
0 0.701000 0.149479 0.004000 0.016667
0 0.695750 0.133073 0.004000 0.014063
0 0.761000 0.065104 0.004000 0.013542
0 0.774625 0.035417 0.006750 0.011458
0 0.746125 0.006510 0.003750 0.013021
0 0.752750 0.008073 0.004000 0.011979
0 0.738875 0.004948 0.003750 0.009896
0 0.621125 0.439062 0.004750 0.012500
0 0.627125 0.430469 0.004250 0.010937
0 0.654375 0.369792 0.005750 0.012500
0 0.665125 0.387760 0.003250 0.014063
0 0.695500 0.302865 0.006000 0.013021
0 0.720625 0.319531 0.003750 0.009896
0 0.721250 0.332552 0.004000 0.013021
0 0.731250 0.297135 0.005000 0.013021
0 0.760250 0.231250 0.004500 0.010417
0 0.772000 0.220573 0.005500 0.006771
0 0.772500 0.227083 0.005500 0.007292
0 0.780250 0.226042 0.004000 0.011458
0 0.783375 0.227865 0.004250 0.013021
0 0.791000 0.236198 0.005000 0.009896
0 0.781750 0.165365 0.004000 0.014063
0 0.804500 0.154427 0.004000 0.011979
0 0.824625 0.173698 0.006750 0.013021
0 0.789000 0.257292 0.004500 0.011458
0 0.786250 0.264583 0.003500 0.011458
0 0.827625 0.239844 0.005250 0.008854
0 0.597250 0.620573 0.005000 0.009896
0 0.642125 0.606510 0.005250 0.010937
0 0.650125 0.612760 0.006750 0.011979
0 0.727625 0.605729 0.005250 0.010417
0 0.712750 0.736979 0.005000 0.009375
0 0.981000 0.692708 0.003500 0.007292
0 0.745875 0.493229 0.004250 0.009375
0 0.403000 0.410417 0.004500 0.009375
