0 0.601875 0.687240 0.005750 0.009896
0 0.607375 0.741667 0.003750 0.013542
0 0.608750 0.731250 0.003500 0.010417
0 0.547500 0.603906 0.005000 0.013021
0 0.524000 0.714063 0.004000 0.010417
0 0.521250 0.735156 0.004000 0.014063
0 0.517500 0.751823 0.004500 0.010937
0 0.500625 0.782031 0.003750 0.010937
0 0.516000 0.855729 0.004500 0.010417
0 0.478625 0.901302 0.005750 0.009896
0 0.492875 0.882031 0.003250 0.013021
0 0.491125 0.879427 0.003250 0.009896
0 0.405375 0.777344 0.004250 0.013021
0 0.458875 0.666146 0.003750 0.014583
0 0.535000 0.459896 0.006500 0.008333
0 0.512250 0.471615 0.006000 0.005729
0 0.411500 0.299219 0.005000 0.014063
0 0.525000 0.427344 0.005500 0.009896
0 0.509750 0.408854 0.004000 0.013542
0 0.527250 0.338802 0.003500 0.013021
0 0.459750 0.244010 0.004000 0.013021
0 0.582000 0.254688 0.004500 0.009375
0 0.582875 0.245312 0.005250 0.008333
0 0.587750 0.227865 0.004000 0.011979
0 0.589375 0.181510 0.004250 0.008854
0 0.591750 0.173177 0.002000 0.013021
0 0.594000 0.173177 0.003000 0.013021
