0 0.374375 0.767708 0.003250 0.013542
0 0.341875 0.827344 0.003750 0.010937
0 0.284500 0.858854 0.005000 0.009375
0 0.183750 0.961458 0.008000 0.008333
0 0.030875 0.723437 0.002750 0.014583
0 0.074125 0.715625 0.003250 0.012500
0 0.144375 0.752865 0.006750 0.007812
0 0.146625 0.734115 0.007250 0.009896
0 0.160000 0.747135 0.007500 0.009896
0 0.178125 0.752604 0.006750 0.008333
0 0.131125 0.703906 0.006750 0.007812
0 0.131250 0.695312 0.004500 0.011458
0 0.149500 0.705469 0.007000 0.008854
0 0.163000 0.699740 0.006500 0.006771
0 0.169250 0.721094 0.007000 0.006771
0 0.178250 0.700781 0.006000 0.007812
0 0.185125 0.694271 0.003750 0.010417
0 0.191125 0.705208 0.006250 0.007292
0 0.194125 0.698958 0.006250 0.007292
0 0.203000 0.692448 0.006000 0.007812
0 0.210750 0.688802 0.006000 0.009896
0 0.196250 0.711198 0.004500 0.005729
0 0.199000 0.704167 0.005000 0.008333
0 0.209250 0.734375 0.005500 0.009375
0 0.212875 0.742448 0.007750 0.007812
0 0.206625 0.743229 0.004250 0.009375
0 0.236000 0.732292 0.005000 0.009375
0 0.246500 0.727344 0.003000 0.010937
0 0.252750 0.726042 0.006500 0.006250
0 0.252500 0.736198 0.006500 0.005729
0 0.269000 0.776302 0.006000 0.010937
0 0.226500 0.686198 0.006500 0.006771
0 0.226500 0.693490 0.007000 0.008854
0 0.273250 0.710156 0.006500 0.009896
0 0.264125 0.700521 0.003250 0.011458
0 0.259625 0.696354 0.005250 0.006250
0 0.259750 0.702344 0.006000 0.006771
0 0.346750 0.742708 0.005500 0.010417
0 0.085375 0.604167 0.006250 0.008333
0 0.365875 0.628906 0.006250 0.007812
0 0.376750 0.611979 0.004500 0.006250
0 0.373875 0.609896 0.003250 0.009375
0 0.343750 0.564063 0.005500 0.010417
0 0.297000 0.513542 0.003000 0.011458
0 0.305750 0.499740 0.004500 0.008854
0 0.297000 0.486979 0.006500 0.010417
0 0.294625 0.458594 0.004250 0.010937
0 0.308625 0.460417 0.004250 0.009375
0 0.247375 0.497135 0.004250 0.011979
0 0.270125 0.465365 0.005750 0.007812
0 0.274875 0.473438 0.005250 0.010417
0 0.250375 0.410417 0.005750 0.010417
0 0.238000 0.384375 0.005000 0.010417
0 0.245000 0.372135 0.005500 0.009896
0 0.250750 0.383594 0.005500 0.006771
0 0.251000 0.389062 0.005000 0.006250
0 0.199125 0.342448 0.004750 0.009896
0 0.212500 0.290104 0.005000 0.010417
0 0.221250 0.284896 0.003500 0.006250
0 0.171000 0.245833 0.004000 0.011458
0 0.127625 0.186458 0.005750 0.007292
0 0.128500 0.179948 0.006000 0.009896
0 0.145000 0.119531 0.005500 0.008854
0 0.047375 0.105729 0.004250 0.010417
0 0.087000 0.050000 0.004000 0.011458
0 0.100125 0.024740 0.004250 0.009896
0 0.089750 0.007031 0.004500 0.008854
0 0.017250 0.047917 0.005000 0.009375
0 0.375625 0.447396 0.003750 0.010417
0 0.370000 0.439062 0.003500 0.012500
0 0.365875 0.411979 0.003750 0.011458
0 0.361875 0.392969 0.003250 0.010937
0 0.328000 0.312500 0.004500 0.011458
0 0.342000 0.277344 0.004000 0.014063
0 0.358250 0.317708 0.003500 0.011458
0 0.362125 0.318229 0.003750 0.009375
0 0.356625 0.265104 0.005250 0.009375
0 0.352875 0.257552 0.005250 0.008854
0 0.311500 0.267969 0.006000 0.009896
0 0.326500 0.257292 0.005000 0.011458
0 0.332375 0.251042 0.003250 0.009375
0 0.317625 0.186719 0.004250 0.005729
0 0.319125 0.192708 0.005250 0.007292
0 0.330250 0.208854 0.003500 0.011458
0 0.331500 0.218490 0.004000 0.009896
0 0.312250 0.016146 0.005000 0.009375
0 0.322500 0.006771 0.005500 0.009375
0 0.442875 0.416667 0.004750 0.011458
0 0.430125 0.382031 0.005750 0.007812
0 0.432375 0.360156 0.005750 0.008854
0 0.446375 0.369271 0.005250 0.007292
0 0.447750 0.355729 0.003000 0.012500
0 0.445250 0.323958 0.005000 0.013542
0 0.449500 0.334375 0.004500 0.008333
0 0.452500 0.328385 0.004500 0.009896
0 0.455375 0.336979 0.004750 0.010417
0 0.448875 0.290104 0.004250 0.013542
0 0.464125 0.271615 0.003250 0.008854
0 0.465125 0.285156 0.004250 0.009896
0 0.453625 0.304948 0.003750 0.010937
0 0.466375 0.342969 0.003250 0.010937
0 0.459125 0.323177 0.002750 0.009896
0 0.457375 0.318750 0.004250 0.010417
0 0.471125 0.314323 0.003750 0.006771
0 0.472000 0.296875 0.002000 0.011458
0 0.492250 0.237760 0.006000 0.009896
0 0.471750 0.230729 0.002500 0.010417
0 0.482250 0.211198 0.004500 0.013021
0 0.464125 0.256771 0.006250 0.007292
0 0.463500 0.264323 0.003000 0.008854
0 0.473375 0.278385 0.003750 0.011979
0 0.468250 0.240885 0.005500 0.008854
0 0.466500 0.232552 0.006000 0.009896
0 0.474000 0.171094 0.005500 0.007812
0 0.506625 0.170313 0.003750 0.011458
0 0.497375 0.160938 0.003750 0.007292
0 0.493750 0.158854 0.004500 0.006250
0 0.489000 0.173958 0.003500 0.009375
0 0.491625 0.165365 0.002250 0.007812
0 0.488625 0.165625 0.003750 0.008333
0 0.492500 0.136198 0.003000 0.010937
0 0.484375 0.130208 0.004750 0.009375
0 0.483500 0.114062 0.004000 0.011458
0 0.462625 0.117708 0.004250 0.007292
0 0.473125 0.096615 0.003250 0.010937
0 0.446500 0.098698 0.004500 0.007812
0 0.464625 0.075521 0.003250 0.011458
0 0.454500 0.079687 0.004500 0.007292
0 0.457250 0.076042 0.004000 0.007292
0 0.491500 0.072135 0.004500 0.010937
0 0.499375 0.102344 0.004750 0.008854
0 0.515125 0.100521 0.003250 0.013542
0 0.531000 0.069531 0.004000 0.009896
0 0.482625 0.045573 0.005750 0.008854
0 0.483000 0.029948 0.004500 0.008854
0 0.471000 0.030729 0.004000 0.010417
0 0.452500 0.025521 0.003500 0.009375
0 0.476500 0.015365 0.004000 0.008854
0 0.467500 0.008594 0.003000 0.008854
0 0.469125 0.667969 0.003750 0.011979
0 0.473500 0.642188 0.002500 0.010417
0 0.488125 0.525781 0.005250 0.009896
0 0.516375 0.468750 0.004750 0.013542
0 0.526000 0.417187 0.003000 0.008333
0 0.521875 0.385417 0.003750 0.012500
0 0.500250 0.340885 0.004500 0.007812
0 0.517375 0.356771 0.004750 0.006250
0 0.519250 0.362500 0.006500 0.008333
0 0.549625 0.350781 0.003250 0.010937
0 0.546625 0.294010 0.004250 0.007812
0 0.550750 0.291406 0.004500 0.007812
0 0.562875 0.310156 0.003750 0.011979
0 0.566000 0.296615 0.004000 0.008854
0 0.560500 0.299740 0.004500 0.010937
0 0.563875 0.279167 0.005250 0.010417
0 0.550750 0.253646 0.004000 0.010417
0 0.557750 0.239583 0.004500 0.006250
0 0.563000 0.245833 0.005000 0.006250
0 0.560000 0.243490 0.004500 0.009896
0 0.598750 0.167969 0.004500 0.009896
0 0.587250 0.150260 0.005500 0.011979
0 0.570875 0.140625 0.006750 0.011458
0 0.592125 0.095833 0.005750 0.010417
0 0.590375 0.058854 0.004250 0.013542
0 0.585625 0.054948 0.005250 0.011979
0 0.604250 0.033854 0.004500 0.012500
0 0.608625 0.042969 0.005250 0.008854
0 0.612000 0.050781 0.004500 0.011979
0 0.606250 0.134896 0.004500 0.012500
0 0.636750 0.050781 0.003500 0.011979
0 0.642750 0.150000 0.003500 0.011458
0 0.493125 0.665625 0.006250 0.010417
0 0.530250 0.541667 0.005500 0.009375
0 0.549625 0.525521 0.003750 0.013542
0 0.555750 0.507812 0.005500 0.008333
0 0.566500 0.493229 0.005000 0.014583
0 0.575375 0.510156 0.004250 0.011979
0 0.583250 0.508594 0.004000 0.009896
0 0.588000 0.503906 0.004000 0.009896
0 0.592875 0.389323 0.003750 0.009896
0 0.593500 0.432552 0.004000 0.010937
0 0.594750 0.447656 0.005000 0.006771
0 0.606500 0.430208 0.005500 0.008333
0 0.606750 0.457292 0.007000 0.009375
0 0.610125 0.463542 0.005750 0.007292
0 0.615750 0.437500 0.004500 0.010417
0 0.625875 0.392969 0.004750 0.009896
0 0.628625 0.434115 0.005250 0.006771
0 0.643875 0.366927 0.005250 0.008854
0 0.652125 0.400521 0.003750 0.007292
0 0.650375 0.388021 0.004250 0.011458
0 0.658375 0.375000 0.005250 0.011458
0 0.670250 0.407031 0.007500 0.013021
0 0.684625 0.350000 0.003250 0.012500
0 0.663500 0.347656 0.005000 0.010937
0 0.658375 0.355729 0.005750 0.010417
0 0.656250 0.361979 0.006000 0.006250
0 0.691000 0.327865 0.005500 0.006771
0 0.675375 0.323698 0.005250 0.009896
0 0.663750 0.300521 0.005000 0.009375
0 0.653000 0.289323 0.006000 0.009896
0 0.676750 0.287500 0.005000 0.009375
0 0.692000 0.268750 0.007000 0.008333
0 0.702125 0.234635 0.005250 0.010937
0 0.692000 0.231510 0.004500 0.008854
0 0.693875 0.227083 0.005750 0.005208
0 0.681375 0.252083 0.004750 0.008333
0 0.683125 0.244271 0.006250 0.008333
0 0.771375 0.220833 0.004750 0.010417
0 0.744750 0.221875 0.006000 0.011458
0 0.752125 0.151042 0.005250 0.012500
0 0.750375 0.107292 0.003750 0.009375
0 0.785750 0.156250 0.004000 0.011458
0 0.782625 0.158333 0.004250 0.008333
0 0.816125 0.165625 0.003250 0.013542
0 0.505625 0.664323 0.004750 0.007812
0 0.513250 0.673438 0.004500 0.009375
0 0.522875 0.666667 0.005250 0.006250
0 0.521000 0.657031 0.005000 0.006771
0 0.530625 0.659896 0.006250 0.007292
0 0.549125 0.651042 0.005250 0.007292
0 0.555500 0.645833 0.005000 0.013542
0 0.564750 0.640625 0.002500 0.011458
0 0.565375 0.632552 0.003250 0.011979
0 0.571875 0.632812 0.004750 0.009375
0 0.587500 0.627083 0.005500 0.012500
0 0.593000 0.622396 0.004000 0.011458
0 0.601375 0.620573 0.004250 0.011979
0 0.606125 0.620833 0.003250 0.010417
0 0.667250 0.580990 0.004500 0.007812
0 0.647875 0.621354 0.003750 0.009375
0 0.645750 0.594792 0.004500 0.010417
0 0.638625 0.593750 0.005250 0.007292
0 0.631500 0.608333 0.004500 0.011458
0 0.636000 0.607031 0.003500 0.010937
0 0.676750 0.615365 0.004500 0.009896
0 0.681625 0.613802 0.003250 0.009896
0 0.684875 0.608333 0.004250 0.010417
0 0.682875 0.560156 0.004750 0.010937
0 0.710250 0.596875 0.005000 0.010417
0 0.724750 0.645052 0.005500 0.006771
0 0.705500 0.537500 0.006000 0.007292
0 0.744500 0.592708 0.006500 0.012500
0 0.746000 0.554167 0.005500 0.010417
0 0.732750 0.544271 0.006000 0.007292
0 0.732000 0.503906 0.004500 0.008854
0 0.761625 0.560156 0.005750 0.010937
0 0.569625 0.809896 0.004250 0.011458
0 0.573750 0.797396 0.005500 0.006250
0 0.590875 0.802604 0.004250 0.008333
0 0.542125 0.752604 0.003250 0.007292
0 0.549250 0.757031 0.004500 0.005729
0 0.549125 0.761458 0.003750 0.006250
0 0.555500 0.778125 0.003500 0.011458
0 0.557625 0.769531 0.003750 0.008854
0 0.670625 0.871615 0.004250 0.007812
0 0.666375 0.839062 0.004250 0.011458
0 0.690000 0.895573 0.003500 0.008854
0 0.693000 0.901042 0.004500 0.009375
