0 0.659500 0.906771 0.004500 0.010417
0 0.495625 0.864062 0.003750 0.011458
0 0.442625 0.934635 0.003250 0.010937
0 0.458000 0.981250 0.005000 0.007292
0 0.448375 0.996615 0.003250 0.005729
0 0.505375 0.675521 0.004750 0.008333
0 0.478750 0.721094 0.003500 0.008854
0 0.497250 0.705729 0.006000 0.008333
0 0.471875 0.665104 0.005750 0.008333
0 0.483125 0.669792 0.002750 0.008333
0 0.485250 0.682292 0.005000 0.008333
0 0.490375 0.676562 0.004250 0.004167
0 0.490750 0.680729 0.005000 0.005208
0 0.498500 0.677344 0.003500 0.007812
0 0.438500 0.697135 0.004500 0.005729
0 0.357875 0.841406 0.004750 0.006771
0 0.360375 0.863281 0.006250 0.006771
0 0.345250 0.804688 0.005500 0.006250
0 0.358875 0.777083 0.003750 0.011458
0 0.355500 0.757031 0.005000 0.008854
0 0.363750 0.753646 0.004500 0.009375
0 0.392000 0.744792 0.004500 0.012500
0 0.388000 0.801823 0.004000 0.005729
0 0.386625 0.808073 0.003250 0.007812
0 0.345375 0.841146 0.006250 0.010417
0 0.376375 0.803385 0.005250 0.009896
0 0.314000 0.717187 0.004000 0.010417
0 0.267375 0.800000 0.005250 0.011458
0 0.292125 0.814844 0.004750 0.008854
0 0.293250 0.812240 0.005500 0.008854
0 0.577875 0.522135 0.002250 0.010937
0 0.576000 0.515365 0.003000 0.007812
0 0.574000 0.515625 0.003000 0.010417
0 0.434000 0.489583 0.005000 0.009375
0 0.467750 0.440625 0.003000 0.012500
0 0.459750 0.409635 0.005000 0.007812
0 0.416125 0.433854 0.005750 0.007292
0 0.383500 0.452604 0.006000 0.009375
0 0.405625 0.388542 0.003750 0.013542
0 0.333875 0.317969 0.004750 0.008854
0 0.315750 0.316927 0.005500 0.011979
0 0.307000 0.318490 0.006500 0.006771
0 0.310625 0.323437 0.005750 0.008333
0 0.363500 0.355990 0.003000 0.013021
0 0.365625 0.355990 0.003250 0.010937
0 0.225250 0.295312 0.005000 0.010417
0 0.228625 0.288021 0.004250 0.010417
0 0.244875 0.282552 0.004250 0.013021
0 0.256625 0.263802 0.005750 0.010937
0 0.284000 0.253385 0.005000 0.010937
0 0.561875 0.320052 0.003250 0.010937
0 0.531625 0.217708 0.004750 0.007292
0 0.531000 0.220573 0.003500 0.007812
0 0.505875 0.166406 0.003250 0.011979
0 0.491875 0.153385 0.004250 0.009896
0 0.496875 0.141146 0.002750 0.009375
0 0.499000 0.140625 0.003000 0.011458
0 0.506625 0.137240 0.002250 0.008854
0 0.508125 0.135677 0.003250 0.010937
0 0.456000 0.039844 0.003000 0.010937
0 0.461875 0.037500 0.003750 0.013542
0 0.633250 0.366406 0.002500 0.007812
0 0.634375 0.364844 0.002750 0.009896
0 0.619375 0.224479 0.003250 0.008333
0 0.620250 0.221875 0.003000 0.006250
0 0.616250 0.092448 0.005000 0.008854
0 0.717875 0.285156 0.005250 0.006771
0 0.703500 0.236719 0.004000 0.005729
0 0.699375 0.216146 0.003750 0.008333
0 0.700250 0.254948 0.005000 0.005729
0 0.699500 0.248438 0.003500 0.008333
0 0.718125 0.204948 0.002750 0.010937
0 0.721250 0.207812 0.003500 0.009375
0 0.711750 0.593750 0.005500 0.008333
