0 0.409250 0.152865 0.004000 0.015104
0 0.424875 0.145052 0.005750 0.009896
0 0.432625 0.146875 0.005750 0.009375
0 0.416625 0.259635 0.005250 0.017188
0 0.429000 0.254688 0.004500 0.013542
0 0.427500 0.252604 0.004000 0.013542
0 0.443375 0.223437 0.007250 0.008333
0 0.441250 0.215365 0.006500 0.007812
0 0.452750 0.205208 0.005000 0.009375
0 0.474000 0.157292 0.005000 0.013542
0 0.481500 0.173177 0.005000 0.010937
0 0.484250 0.162240 0.003500 0.008854
0 0.464250 0.177865 0.004500 0.013021
0 0.467750 0.173958 0.003000 0.014583
0 0.470625 0.173958 0.002750 0.013542
0 0.491875 0.157552 0.005750 0.007812
0 0.489250 0.147656 0.006000 0.006771
0 0.484750 0.138542 0.005500 0.006250
0 0.497750 0.130208 0.005000 0.011458
0 0.498250 0.143229 0.004500 0.015625
0 0.489875 0.130208 0.005750 0.010417
0 0.492875 0.142708 0.006250 0.005208
0 0.488250 0.164323 0.006500 0.005729
0 0.524125 0.107292 0.007750 0.007292
0 0.614250 0.148177 0.005500 0.006771
0 0.593750 0.158594 0.006500 0.007812
0 0.583500 0.137760 0.007500 0.007812
0 0.574500 0.130729 0.005000 0.014583
0 0.565500 0.121615 0.005000 0.011979
0 0.579125 0.178385 0.003750 0.014063
0 0.575250 0.193750 0.007000 0.006250
0 0.575500 0.186719 0.004500 0.008854
0 0.545875 0.202604 0.005250 0.014583
0 0.532125 0.197135 0.007750 0.008854
0 0.544375 0.170313 0.007750 0.007292
0 0.527750 0.158073 0.007500 0.007812
0 0.532625 0.151302 0.006250 0.010937
0 0.542375 0.143490 0.006250 0.005729
0 0.541875 0.138021 0.005750 0.006250
0 0.524625 0.128646 0.006750 0.010417
0 0.515250 0.128385 0.005500 0.009896
0 0.516875 0.136979 0.005750 0.007292
0 0.537875 0.116406 0.006250 0.008854
0 0.537750 0.111979 0.005500 0.006250
0 0.568125 0.079948 0.007750 0.010937
0 0.506750 0.197396 0.006000 0.006250
0 0.507000 0.193229 0.006500 0.006250
0 0.499500 0.236458 0.003000 0.014583
0 0.503625 0.237240 0.004750 0.008854
0 0.508000 0.243750 0.006000 0.007292
0 0.466875 0.249219 0.004250 0.011979
0 0.457500 0.238021 0.004000 0.011458
0 0.455875 0.234896 0.003750 0.011458
0 0.555250 0.040625 0.006000 0.013542
0 0.434500 0.428125 0.006500 0.007292
0 0.441500 0.427865 0.006000 0.007812
0 0.475750 0.399219 0.006000 0.009896
0 0.482250 0.394792 0.004000 0.015625
0 0.489000 0.395833 0.005000 0.014583
0 0.493750 0.401042 0.006500 0.009375
0 0.503125 0.386458 0.006250 0.011458
0 0.515875 0.400781 0.007250 0.008854
0 0.540875 0.398438 0.006750 0.007292
0 0.533500 0.399219 0.005000 0.010937
0 0.529750 0.401042 0.006500 0.007292
0 0.524500 0.387240 0.006500 0.007812
0 0.532125 0.375521 0.006750 0.006250
0 0.534875 0.380729 0.006250 0.005208
0 0.539125 0.385677 0.006750 0.006771
0 0.531625 0.385156 0.007250 0.007812
0 0.531250 0.390365 0.006500 0.007812
0 0.528625 0.394271 0.005250 0.005208
0 0.534250 0.398958 0.005000 0.009375
0 0.544000 0.377865 0.005500 0.014063
0 0.553875 0.383073 0.003750 0.016146
0 0.557250 0.400000 0.007000 0.009375
0 0.564250 0.402083 0.006000 0.005208
0 0.564250 0.396354 0.007000 0.006250
0 0.567375 0.389323 0.004750 0.011979
0 0.567875 0.383594 0.006750 0.004687
0 0.571125 0.378125 0.005750 0.009375
0 0.578625 0.377865 0.008750 0.008854
0 0.577000 0.369010 0.002500 0.011979
0 0.573625 0.366146 0.003750 0.005208
0 0.565375 0.362240 0.007250 0.008854
0 0.564750 0.354427 0.007500 0.007812
0 0.563750 0.346354 0.007000 0.005208
0 0.561375 0.338802 0.007250 0.005729
0 0.561250 0.333854 0.007000 0.005208
0 0.591750 0.359635 0.008000 0.008854
0 0.594000 0.371875 0.006500 0.006250
0 0.594250 0.378906 0.008000 0.006771
0 0.605000 0.399219 0.008500 0.007812
0 0.579125 0.360938 0.007250 0.008333
0 0.584250 0.356510 0.005000 0.011979
0 0.678625 0.349740 0.007250 0.006771
0 0.683125 0.380208 0.005750 0.016667
0 0.666125 0.399740 0.007750 0.011979
0 0.533750 0.428906 0.007000 0.007812
0 0.526750 0.429948 0.005000 0.010937
0 0.524875 0.420052 0.005750 0.009896
0 0.516750 0.420833 0.004000 0.010417
0 0.511625 0.420052 0.005250 0.009896
0 0.507250 0.420052 0.003500 0.010937
0 0.496625 0.422396 0.006750 0.008333
0 0.490000 0.419271 0.007000 0.005208
0 0.424000 0.491927 0.005000 0.011979
0 0.445875 0.513021 0.007250 0.008333
0 0.451375 0.504948 0.008250 0.008854
0 0.480625 0.539323 0.007750 0.007812
0 0.513875 0.540625 0.007250 0.009375
0 0.516375 0.594792 0.006750 0.012500
0 0.524000 0.611719 0.006500 0.009896
0 0.559875 0.656510 0.005250 0.010937
0 0.567500 0.662760 0.005500 0.005729
0 0.573125 0.661458 0.004750 0.009375
0 0.571375 0.651823 0.005750 0.011979
0 0.567750 0.657292 0.007500 0.006250
0 0.565000 0.650521 0.006000 0.006250
0 0.565375 0.646615 0.005250 0.005729
0 0.561625 0.691406 0.005750 0.008854
0 0.597125 0.709375 0.002750 0.009375
0 0.599250 0.708333 0.003500 0.012500
0 0.601375 0.707292 0.003250 0.010417
0 0.714000 0.847656 0.008000 0.007812
0 0.708500 0.860938 0.003500 0.012500
0 0.800875 0.829167 0.005750 0.017708
0 0.717250 0.742969 0.006000 0.016146
