0 0.026562 0.468000 0.009375 0.006500
0 0.020833 0.478000 0.009375 0.004500
0 0.058594 0.480250 0.008854 0.005000
0 0.005990 0.511625 0.007812 0.006250
0 0.316927 0.443875 0.014063 0.006250
0 0.305469 0.500500 0.013021 0.003000
0 0.305469 0.498500 0.014063 0.003500
0 0.270313 0.528125 0.009375 0.004750
0 0.277604 0.547500 0.007292 0.007000
0 0.273698 0.548250 0.006771 0.005500
0 0.271354 0.545500 0.006250 0.006000
0 0.268229 0.545250 0.006250 0.006500
0 0.254427 0.546750 0.010937 0.005500
0 0.259115 0.564625 0.008854 0.007250
0 0.262240 0.563500 0.007812 0.005000
0 0.272917 0.564250 0.009375 0.006000
0 0.258854 0.572125 0.011458 0.005750
0 0.275521 0.558250 0.010417 0.006500
0 0.261979 0.634375 0.010417 0.009250
0 0.259896 0.645875 0.010417 0.006250
0 0.195052 0.706625 0.008854 0.004250
0 0.197656 0.708625 0.005729 0.004750
0 0.298438 0.652000 0.013542 0.004000
0 0.297135 0.649625 0.013021 0.002750
0 0.326823 0.625500 0.008854 0.007000
0 0.283854 0.626000 0.011458 0.006500
0 0.290625 0.618625 0.015625 0.005750
0 0.356250 0.611750 0.008333 0.006000
0 0.353385 0.610375 0.010937 0.005750
0 0.289062 0.570875 0.010417 0.007750
0 0.289844 0.571750 0.010937 0.008000
0 0.339062 0.546500 0.009375 0.004000
0 0.340885 0.545250 0.011979 0.005000
0 0.350781 0.442625 0.008854 0.006250
0 0.353125 0.452000 0.011458 0.007000
0 0.364063 0.458625 0.008333 0.007750
0 0.447396 0.510875 0.011458 0.005750
0 0.467708 0.529500 0.012500 0.004500
0 0.510938 0.594875 0.008333 0.003750
0 0.634635 0.661500 0.009896 0.006000
0 0.696875 0.731875 0.008333 0.005750
0 0.650781 0.654000 0.007812 0.007000
0 0.644271 0.653500 0.006250 0.007500
0 0.611979 0.620750 0.013542 0.004500
0 0.615104 0.618625 0.013542 0.003750
0 0.678906 0.607000 0.006771 0.007500
0 0.685156 0.607000 0.006771 0.007500
0 0.587500 0.602875 0.006250 0.005250
0 0.584115 0.602000 0.009896 0.006500
0 0.578125 0.597125 0.009375 0.007250
0 0.531250 0.557625 0.008333 0.006250
0 0.528646 0.554750 0.012500 0.007000
0 0.437500 0.488250 0.009375 0.007000
0 0.441927 0.487250 0.008854 0.006000
0 0.361198 0.399625 0.010937 0.005750
0 0.409115 0.411875 0.015104 0.005250
0 0.416146 0.410125 0.013542 0.003750
0 0.596354 0.472375 0.013542 0.004750
0 0.530729 0.452750 0.009375 0.003500
0 0.539844 0.454875 0.009896 0.003750
0 0.542969 0.458125 0.007812 0.004250
0 0.609635 0.475000 0.004687 0.004500
0 0.614062 0.475125 0.006250 0.004750
0 0.826302 0.533750 0.016146 0.005500
0 0.869271 0.547000 0.008333 0.005500
0 0.994010 0.586625 0.010937 0.004750
0 0.994010 0.583375 0.010937 0.003750
0 0.891146 0.509375 0.014583 0.005250
0 0.695833 0.485125 0.009375 0.004750
0 0.692708 0.483625 0.011458 0.005750
0 0.691406 0.482250 0.009896 0.005000
0 0.671354 0.472375 0.007292 0.007250
0 0.666406 0.472375 0.006771 0.006750
0 0.644271 0.469000 0.009375 0.005000
0 0.647917 0.468000 0.013542 0.006500
0 0.603125 0.461875 0.010417 0.007250
0 0.608073 0.459000 0.015104 0.004500
0 0.345052 0.379125 0.010937 0.007750
0 0.369271 0.392500 0.011458 0.007500
0 0.424219 0.385625 0.008854 0.005250
0 0.576562 0.364125 0.013542 0.005750
0 0.574740 0.361000 0.011979 0.004500
0 0.667969 0.353625 0.011979 0.007250
0 0.707292 0.350000 0.009375 0.004500
0 0.702865 0.349125 0.013021 0.005250
0 0.853125 0.378375 0.017708 0.006750
0 0.788802 0.377625 0.015104 0.005250
0 0.784635 0.367500 0.015104 0.004500
0 0.760677 0.372500 0.013021 0.006500
0 0.836719 0.407000 0.013021 0.005500
0 0.949479 0.302500 0.013542 0.008500
0 0.915365 0.323125 0.009896 0.004750
0 0.910937 0.324875 0.012500 0.006750
0 0.854687 0.301875 0.011458 0.006750
0 0.827083 0.319500 0.006250 0.007500
0 0.832292 0.318875 0.006250 0.006750
0 0.699740 0.338125 0.009896 0.007250
0 0.444531 0.318750 0.013021 0.004000
0 0.486979 0.325750 0.014583 0.007000
0 0.541406 0.298875 0.014063 0.003250
0 0.463802 0.307125 0.017188 0.007750
0 0.671875 0.274625 0.010417 0.007250
0 0.680208 0.270875 0.013542 0.005250
0 0.713021 0.261625 0.015625 0.005250
0 0.680990 0.254500 0.010937 0.006000
0 0.758854 0.245500 0.015625 0.006000
0 0.804167 0.232125 0.015625 0.005250
0 0.692969 0.258625 0.013021 0.005250
0 0.365104 0.292375 0.009375 0.008250
0 0.373177 0.290625 0.007812 0.006750
0 0.379948 0.289000 0.011979 0.004000
0 0.379688 0.283875 0.010417 0.006750
0 0.376042 0.260625 0.012500 0.006250
0 0.380990 0.250625 0.010937 0.004750
0 0.379427 0.248375 0.011979 0.003750
0 0.424740 0.208000 0.008854 0.007000
0 0.416927 0.210125 0.009896 0.007250
0 0.387500 0.213000 0.007292 0.006500
0 0.392448 0.212625 0.008854 0.005750
0 0.396094 0.136625 0.015104 0.004750
0 0.441667 0.110125 0.009375 0.006250
0 0.374479 0.167875 0.010417 0.008250
0 0.330990 0.162125 0.014063 0.006250
0 0.331250 0.167375 0.012500 0.003750
0 0.337240 0.170250 0.014063 0.004000
0 0.321094 0.152125 0.018229 0.005750
0 0.318750 0.138625 0.013542 0.002750
0 0.317969 0.135750 0.014063 0.003000
0 0.321354 0.195625 0.008333 0.007250
0 0.333073 0.194250 0.006771 0.006000
0 0.338542 0.194500 0.009375 0.007000
0 0.364583 0.197125 0.013542 0.009250
0 0.321094 0.215125 0.011979 0.008250
0 0.294531 0.216875 0.008854 0.006750
0 0.276823 0.211625 0.008854 0.005250
0 0.282292 0.211000 0.011458 0.006000
0 0.302865 0.200125 0.004687 0.006750
0 0.309375 0.200750 0.008333 0.007500
0 0.313802 0.233125 0.004687 0.006750
0 0.318750 0.233750 0.006250 0.006500
0 0.297135 0.238000 0.009896 0.006000
0 0.301042 0.243125 0.009375 0.007750
0 0.257031 0.245000 0.010937 0.003500
0 0.254948 0.242875 0.011979 0.003750
0 0.267969 0.262750 0.010937 0.005500
0 0.259115 0.260000 0.011979 0.008000
0 0.298958 0.270750 0.011458 0.007000
0 0.309375 0.265625 0.013542 0.006750
0 0.342969 0.272125 0.009896 0.008750
0 0.344271 0.251500 0.009375 0.007000
0 0.340625 0.247875 0.011458 0.004750
0 0.323177 0.281625 0.010937 0.007750
0 0.314063 0.283750 0.010417 0.005500
0 0.310677 0.282125 0.008854 0.005250
0 0.267708 0.306750 0.014583 0.003000
0 0.268490 0.304750 0.017188 0.003000
