0 0.140104 0.496000 0.013542 0.008500
0 0.185417 0.466875 0.014583 0.008750
0 0.113021 0.461125 0.015625 0.008250
0 0.079687 0.455500 0.011458 0.008000
0 0.062760 0.463625 0.016146 0.006250
0 0.105990 0.422375 0.014063 0.010250
0 0.126302 0.419500 0.015104 0.008000
0 0.163281 0.422500 0.018229 0.008000
0 0.159115 0.413000 0.016146 0.007500
0 0.203646 0.394625 0.014583 0.008250
0 0.161719 0.388500 0.014063 0.009500
0 0.183073 0.373875 0.015104 0.005750
0 0.241927 0.347500 0.016146 0.009000
0 0.252865 0.375000 0.009896 0.007500
0 0.241406 0.377250 0.014063 0.009000
0 0.087240 0.586250 0.018229 0.009000
0 0.152083 0.541500 0.021875 0.008500
0 0.293490 0.509125 0.021354 0.007250
0 0.287760 0.500125 0.018229 0.006250
0 0.288281 0.481125 0.018229 0.007750
0 0.343490 0.465500 0.017188 0.008500
0 0.383333 0.465875 0.014583 0.008250
0 0.394010 0.460000 0.016146 0.007000
0 0.466146 0.454250 0.018750 0.006500
0 0.503385 0.437125 0.018229 0.008250
0 0.540625 0.458125 0.021875 0.007250
0 0.476823 0.464750 0.014063 0.008500
0 0.499219 0.457625 0.015104 0.007750
0 0.511719 0.467375 0.016146 0.008250
0 0.506510 0.460375 0.010937 0.005750
0 0.483854 0.476875 0.017708 0.005750
0 0.482812 0.482625 0.016667 0.006750
0 0.468229 0.479250 0.014583 0.008500
0 0.454167 0.481250 0.016667 0.006500
0 0.455990 0.493125 0.018229 0.006250
0 0.370052 0.503000 0.016146 0.006500
0 0.420052 0.494000 0.014063 0.008000
0 0.421094 0.487250 0.014063 0.005500
0 0.394792 0.503625 0.016667 0.005250
0 0.398438 0.498750 0.016667 0.004500
0 0.338802 0.521250 0.016146 0.006000
0 0.561198 0.411000 0.020313 0.008000
0 0.548698 0.421750 0.018229 0.005500
0 0.544531 0.428000 0.019271 0.007500
0 0.578385 0.429000 0.014063 0.007000
0 0.644010 0.407625 0.014063 0.005750
0 0.647135 0.402000 0.016146 0.005000
0 0.605729 0.401375 0.019792 0.004750
0 0.607552 0.406375 0.022396 0.005250
0 0.346354 0.589250 0.016667 0.006500
0 0.545052 0.574875 0.013021 0.006750
0 0.546094 0.570250 0.019271 0.005000
0 0.590625 0.541625 0.013542 0.005750
0 0.629427 0.512000 0.021354 0.008000
0 0.725781 0.534375 0.026562 0.007750
0 0.178646 0.651125 0.015625 0.007250
0 0.523958 0.689375 0.015625 0.007750
0 0.504687 0.681375 0.015625 0.007750
0 0.519531 0.675625 0.017188 0.004750
0 0.551302 0.673625 0.013021 0.003250
0 0.541667 0.671125 0.019792 0.004750
0 0.514062 0.669125 0.019792 0.005250
0 0.617969 0.667750 0.009896 0.004500
0 0.564844 0.699875 0.018229 0.006750
0 0.591667 0.693125 0.018750 0.006750
0 0.592187 0.722875 0.011458 0.007250
0 0.608333 0.725625 0.011458 0.005750
0 0.620573 0.729875 0.011979 0.006250
0 0.655208 0.729375 0.017708 0.004750
0 0.664323 0.733750 0.009896 0.004500
0 0.720573 0.736750 0.010937 0.006500
0 0.734115 0.736875 0.015104 0.004750
0 0.775000 0.738750 0.015625 0.005000
0 0.766406 0.731500 0.021354 0.006000
0 0.541667 0.219500 0.017708 0.012000
0 0.653906 0.346750 0.019271 0.010000
