0 0.042125 0.761198 0.005750 0.016146
0 0.148625 0.810156 0.007250 0.013021
0 0.161750 0.787240 0.007000 0.015104
0 0.174250 0.780469 0.005500 0.010937
0 0.153500 0.770833 0.010000 0.010417
0 0.134375 0.784375 0.006250 0.020833
0 0.121000 0.776823 0.008000 0.013021
0 0.127000 0.760417 0.007000 0.013542
0 0.106375 0.760938 0.006750 0.009375
0 0.122250 0.741927 0.005500 0.019271
0 0.096625 0.723698 0.006250 0.017188
0 0.104500 0.701823 0.006500 0.014063
0 0.124750 0.697135 0.010500 0.009896
0 0.116375 0.710677 0.010750 0.014063
0 0.116000 0.678646 0.009500 0.011458
0 0.099625 0.694792 0.004250 0.011458
0 0.093625 0.690104 0.005250 0.017708
0 0.154625 0.707812 0.010250 0.015625
0 0.264125 0.847396 0.007250 0.022917
0 0.247625 0.820312 0.008250 0.013542
0 0.229500 0.825260 0.006500 0.020313
0 0.233875 0.821354 0.005750 0.019792
0 0.252875 0.779427 0.008250 0.015104
0 0.253000 0.756510 0.006000 0.017188
0 0.225625 0.739323 0.007750 0.011979
0 0.198375 0.694271 0.009250 0.015625
0 0.211500 0.661719 0.006000 0.011979
0 0.222750 0.657813 0.005000 0.017708
0 0.219750 0.647135 0.009000 0.009896
0 0.208250 0.635938 0.008000 0.007292
0 0.206750 0.644010 0.006500 0.011979
0 0.209625 0.652604 0.008250 0.012500
0 0.193625 0.618490 0.007750 0.014063
0 0.181250 0.613021 0.009500 0.007292
0 0.181750 0.600260 0.005500 0.017188
0 0.195500 0.595313 0.009000 0.014583
0 0.202500 0.580729 0.008000 0.009375
0 0.206250 0.593750 0.007000 0.014583
0 0.212750 0.597917 0.007000 0.010417
0 0.188750 0.605208 0.005500 0.013542
0 0.237250 0.629687 0.006500 0.011458
0 0.230250 0.627344 0.006500 0.015104
0 0.225875 0.620833 0.004250 0.014583
0 0.218625 0.615885 0.006750 0.015104
0 0.218250 0.607552 0.007000 0.011979
0 0.224125 0.600000 0.006250 0.014583
0 0.226625 0.596875 0.004750 0.012500
0 0.234750 0.583073 0.005500 0.016146
0 0.217875 0.588802 0.006250 0.017188
0 0.214000 0.574219 0.009000 0.013021
0 0.197500 0.561458 0.009000 0.010417
0 0.193250 0.547917 0.010000 0.012500
0 0.204625 0.536979 0.008750 0.014583
0 0.218250 0.552604 0.007000 0.013542
0 0.224250 0.546875 0.008500 0.010417
0 0.230125 0.566667 0.005250 0.015625
0 0.224625 0.563281 0.006250 0.015104
0 0.166500 0.492708 0.006000 0.015625
0 0.178000 0.483594 0.010500 0.016146
0 0.188875 0.488802 0.008250 0.011979
0 0.198000 0.488802 0.006000 0.015104
0 0.207000 0.509115 0.005500 0.017188
0 0.194125 0.481771 0.004250 0.012500
0 0.192125 0.468490 0.009250 0.008854
0 0.178625 0.461458 0.006250 0.013542
0 0.184625 0.461458 0.007250 0.007292
0 0.203375 0.478385 0.009250 0.009896
0 0.221500 0.491927 0.008000 0.010937
0 0.217750 0.496875 0.005500 0.008333
0 0.221625 0.504167 0.007250 0.012500
0 0.223250 0.501302 0.005500 0.009896
0 0.228375 0.500000 0.003750 0.013542
0 0.233125 0.502344 0.004750 0.013021
0 0.236125 0.542969 0.004750 0.018229
0 0.208875 0.460938 0.008750 0.011458
0 0.212000 0.455208 0.008500 0.008333
0 0.213250 0.451823 0.006500 0.009896
0 0.217750 0.419271 0.007000 0.013542
0 0.192625 0.425000 0.007250 0.010417
0 0.194875 0.440625 0.007750 0.011458
0 0.203000 0.461458 0.005000 0.019792
0 0.337625 0.765365 0.009250 0.015104
0 0.341125 0.721615 0.004250 0.013021
0 0.343125 0.729167 0.007750 0.016667
0 0.346250 0.640104 0.006500 0.011458
0 0.345625 0.633854 0.007750 0.014583
0 0.346375 0.621354 0.007750 0.011458
0 0.353125 0.606771 0.007750 0.009375
0 0.353000 0.617188 0.005500 0.012500
0 0.357250 0.615365 0.006000 0.015104
0 0.368625 0.579167 0.010750 0.014583
0 0.345000 0.589323 0.007000 0.010937
0 0.343750 0.583594 0.004500 0.006771
0 0.356500 0.542188 0.007500 0.015625
0 0.368750 0.528125 0.006500 0.014583
0 0.363500 0.532031 0.005500 0.010937
0 0.362625 0.526042 0.007250 0.012500
0 0.372000 0.502344 0.007000 0.018229
0 0.375125 0.488021 0.006750 0.008333
0 0.382125 0.487760 0.006250 0.016146
0 0.348125 0.477604 0.008750 0.007292
0 0.355375 0.470573 0.008250 0.010937
0 0.360000 0.454687 0.005500 0.019792
0 0.327000 0.427083 0.006000 0.011458
0 0.350375 0.410938 0.004750 0.011458
0 0.353125 0.415365 0.006750 0.015104
0 0.348875 0.381510 0.006250 0.021354
0 0.363625 0.361198 0.007750 0.014063
0 0.350125 0.323698 0.007750 0.011979
0 0.338875 0.327604 0.007250 0.015625
0 0.335375 0.310937 0.006250 0.017708
0 0.361750 0.295312 0.010000 0.016667
0 0.392625 0.267708 0.010750 0.012500
0 0.392750 0.295052 0.008500 0.018229
0 0.364875 0.208073 0.003750 0.017188
0 0.368500 0.208854 0.004000 0.021875
0 0.458625 0.055729 0.005750 0.020833
0 0.456875 0.078125 0.004250 0.022917
0 0.449500 0.133594 0.007000 0.017188
0 0.435375 0.172656 0.005750 0.011979
0 0.427125 0.180729 0.006750 0.014583
0 0.434500 0.217448 0.007500 0.017188
0 0.443125 0.216927 0.007750 0.016146
0 0.449000 0.204427 0.008000 0.010937
0 0.451375 0.178906 0.004250 0.018229
0 0.454625 0.176823 0.004250 0.015104
0 0.461750 0.239062 0.007500 0.014583
0 0.460125 0.258333 0.007750 0.016667
0 0.421750 0.302865 0.010000 0.018229
0 0.463500 0.326823 0.004500 0.016146
0 0.437375 0.338281 0.006250 0.022396
0 0.442875 0.332031 0.006750 0.021354
0 0.447625 0.328125 0.006750 0.015625
0 0.452750 0.317448 0.005000 0.017188
0 0.447375 0.312500 0.004250 0.018750
0 0.450625 0.319271 0.003750 0.015625
0 0.462000 0.372917 0.006000 0.019792
0 0.449000 0.373958 0.008500 0.015625
0 0.448250 0.397135 0.006000 0.022396
0 0.437625 0.385156 0.005250 0.019271
0 0.417125 0.382292 0.016750 0.020833
0 0.412500 0.356250 0.006000 0.019792
0 0.416125 0.337760 0.007250 0.016146
0 0.418625 0.318750 0.009250 0.010417
0 0.426500 0.321094 0.007000 0.015104
0 0.436875 0.422135 0.008250 0.015104
0 0.456500 0.433073 0.006500 0.016146
0 0.447250 0.461979 0.004000 0.016667
0 0.443625 0.462500 0.005250 0.021875
0 0.437375 0.502604 0.006250 0.020833
0 0.427250 0.514062 0.007500 0.021875
0 0.428750 0.482812 0.005500 0.019792
0 0.421875 0.491146 0.007250 0.016667
0 0.414625 0.508594 0.004750 0.019271
0 0.418750 0.521354 0.005500 0.014583
0 0.409250 0.522396 0.009000 0.011458
0 0.408625 0.534896 0.007250 0.014583
0 0.390125 0.543750 0.008250 0.016667
0 0.394250 0.508073 0.006500 0.019271
0 0.398500 0.501302 0.009000 0.014063
0 0.411625 0.482292 0.005750 0.021875
0 0.416250 0.463281 0.005000 0.022396
0 0.398875 0.453125 0.007250 0.015625
0 0.388625 0.350260 0.006750 0.016146
0 0.383625 0.349740 0.006750 0.015104
0 0.395875 0.358333 0.007250 0.016667
0 0.394250 0.372917 0.007500 0.011458
0 0.389125 0.377865 0.008750 0.011979
0 0.387875 0.366927 0.008750 0.010937
0 0.428125 0.959635 0.006750 0.011979
0 0.434125 0.993750 0.006250 0.011458
0 0.462625 0.865104 0.005750 0.011458
0 0.417750 0.841927 0.009000 0.015104
0 0.437000 0.838802 0.004000 0.016146
0 0.434625 0.838281 0.005250 0.018229
0 0.412125 0.792708 0.006250 0.010417
0 0.461375 0.746875 0.007250 0.015625
0 0.450375 0.750521 0.008750 0.015625
0 0.464500 0.699740 0.005500 0.020313
0 0.472875 0.713021 0.003750 0.017708
0 0.470000 0.713802 0.003500 0.018229
0 0.459875 0.713281 0.004250 0.013021
0 0.457250 0.712500 0.005000 0.015625
0 0.440625 0.687760 0.004250 0.011979
0 0.442125 0.691406 0.007250 0.013021
0 0.442625 0.702865 0.009250 0.015104
0 0.457750 0.676302 0.006000 0.018229
0 0.470375 0.669531 0.005250 0.021354
0 0.469250 0.647656 0.006000 0.019271
0 0.484750 0.703646 0.006000 0.020833
0 0.503375 0.628385 0.007250 0.018229
0 0.503625 0.604948 0.007250 0.017188
0 0.507750 0.586719 0.005000 0.018229
0 0.483500 0.574740 0.007000 0.018229
0 0.480750 0.597135 0.008500 0.010937
0 0.479125 0.608333 0.004750 0.014583
0 0.489750 0.626302 0.007000 0.014063
0 0.480250 0.628125 0.003500 0.018750
0 0.483250 0.628125 0.002500 0.018750
0 0.484125 0.621875 0.005250 0.009375
0 0.498000 0.514583 0.004500 0.011458
0 0.540250 0.511458 0.009000 0.015625
0 0.575000 0.503385 0.006500 0.018229
0 0.557125 0.548438 0.005750 0.016667
0 0.548750 0.562760 0.006500 0.016146
0 0.548000 0.590625 0.003500 0.013542
0 0.544000 0.591667 0.005500 0.014583
0 0.546250 0.551823 0.008000 0.013021
0 0.543000 0.635677 0.004000 0.013021
0 0.529125 0.669792 0.006750 0.009375
0 0.540750 0.691667 0.006000 0.018750
0 0.535125 0.612760 0.004250 0.020313
0 0.537625 0.620313 0.006250 0.015625
0 0.502125 0.710938 0.006250 0.013542
0 0.511625 0.710938 0.006250 0.012500
0 0.501250 0.726302 0.002500 0.014063
0 0.498625 0.727083 0.003250 0.017708
0 0.518875 0.707552 0.006250 0.007812
0 0.522875 0.716667 0.008250 0.014583
0 0.516250 0.717708 0.004000 0.017708
0 0.518125 0.753125 0.003750 0.011458
0 0.515625 0.752865 0.004250 0.016146
0 0.472625 0.833594 0.005750 0.017188
0 0.480000 0.939583 0.005000 0.017708
0 0.495000 0.935417 0.009500 0.014583
0 0.524500 0.825260 0.007000 0.010937
0 0.528500 0.878125 0.008500 0.010417
0 0.398875 0.586979 0.009250 0.023958
0 0.416500 0.614583 0.009000 0.020833
0 0.401250 0.698438 0.010500 0.022917
0 0.855875 0.848698 0.007250 0.015104
0 0.897500 0.886458 0.008500 0.019792
0 0.855125 0.180469 0.006750 0.023438
0 0.867250 0.091667 0.006500 0.014583
0 0.904625 0.532552 0.009750 0.020313
0 0.017250 0.483333 0.019000 0.038542
