0 0.217448 0.501750 0.014063 0.004000
0 0.300781 0.515875 0.007812 0.005750
0 0.304427 0.511625 0.004687 0.005750
0 0.297917 0.509625 0.008333 0.004750
0 0.292448 0.478625 0.007812 0.007250
0 0.283594 0.476375 0.007812 0.006750
0 0.288281 0.464125 0.005729 0.004750
0 0.283854 0.464375 0.004167 0.005750
0 0.276302 0.467250 0.004687 0.004500
0 0.279167 0.466625 0.005208 0.005250
0 0.276042 0.461750 0.007292 0.005000
0 0.279948 0.461125 0.006771 0.004750
0 0.263542 0.388500 0.005208 0.006000
0 0.259115 0.388625 0.003646 0.005750
0 0.244531 0.445125 0.008854 0.007750
0 0.262240 0.473500 0.005729 0.006000
0 0.257812 0.474250 0.005208 0.005500
0 0.361458 0.503125 0.012500 0.004250
0 0.372917 0.496375 0.009375 0.004750
0 0.369010 0.495250 0.008854 0.004500
0 0.372917 0.489375 0.008333 0.006250
0 0.371875 0.486625 0.011458 0.004750
0 0.377865 0.480250 0.015104 0.003500
0 0.396094 0.473625 0.007812 0.005750
0 0.386198 0.472625 0.013021 0.003250
0 0.424219 0.449250 0.010937 0.005000
0 0.416406 0.447375 0.009896 0.004250
0 0.427865 0.444500 0.008854 0.003500
0 0.427865 0.442500 0.010937 0.003000
0 0.576823 0.356250 0.007812 0.005000
0 0.510938 0.404875 0.006250 0.004750
0 0.509115 0.403500 0.007812 0.006000
0 0.502083 0.403875 0.004167 0.004750
0 0.497917 0.404250 0.005208 0.006000
0 0.551302 0.418250 0.007812 0.005500
0 0.558854 0.423500 0.007292 0.004000
0 0.515885 0.428500 0.007812 0.005000
0 0.397135 0.488000 0.009896 0.005000
0 0.397396 0.487875 0.010417 0.004750
0 0.490104 0.507000 0.009375 0.003000
0 0.483594 0.507500 0.007812 0.003500
0 0.512240 0.504875 0.005729 0.005750
0 0.511719 0.500625 0.009896 0.003250
0 0.505729 0.499875 0.011458 0.003750
0 0.537500 0.502250 0.012500 0.003500
0 0.541667 0.508125 0.006250 0.005250
0 0.535156 0.494250 0.009896 0.004000
0 0.570573 0.513250 0.005729 0.003500
0 0.581771 0.512875 0.007292 0.004750
0 0.663542 0.513500 0.010417 0.005000
0 0.714844 0.488250 0.008854 0.006500
0 0.704948 0.453875 0.013021 0.004750
0 0.883073 0.435500 0.008854 0.005000
0 0.501563 0.556875 0.009375 0.004750
0 0.496354 0.548750 0.012500 0.003000
0 0.518229 0.548125 0.011458 0.002250
0 0.524740 0.547000 0.009896 0.003000
0 0.537760 0.546500 0.007812 0.003000
0 0.535677 0.552250 0.006771 0.004500
0 0.573177 0.544125 0.010937 0.003250
0 0.878385 0.559625 0.008854 0.005750
0 0.527604 0.600750 0.010417 0.005000
0 0.463802 0.593375 0.008854 0.005250
0 0.467187 0.591750 0.008333 0.004000
