0 0.425500 0.116406 0.013000 0.019271
0 0.660750 0.119271 0.004500 0.014583
0 0.603375 0.116927 0.004750 0.014063
0 0.573375 0.165104 0.006750 0.012500
0 0.570375 0.193490 0.008750 0.014063
0 0.673750 0.408854 0.006000 0.013542
0 0.643125 0.446615 0.008250 0.014063
0 0.555250 0.466406 0.007500 0.014063
0 0.556000 0.468490 0.007000 0.013021
0 0.590875 0.619531 0.006250 0.011979
0 0.558125 0.600521 0.005250 0.012500
0 0.553250 0.625260 0.003500 0.014063
0 0.597125 0.735417 0.004250 0.017708
0 0.632125 0.760677 0.006750 0.015104
0 0.692125 0.792969 0.004250 0.015104
0 0.543375 0.976823 0.007750 0.019271
0 0.549625 0.679427 0.007750 0.019271
0 0.539625 0.671094 0.006250 0.018229
0 0.539375 0.671615 0.004750 0.009896
0 0.526625 0.653385 0.007250 0.017188
0 0.490875 0.624219 0.004750 0.009896
0 0.466750 0.715365 0.006000 0.023438
0 0.467875 0.713802 0.005750 0.013021
0 0.490000 0.598958 0.007000 0.015625
0 0.489875 0.599219 0.005250 0.011979
0 0.476125 0.588542 0.003750 0.010417
0 0.470625 0.575781 0.006750 0.011979
0 0.505000 0.466406 0.009000 0.011979
0 0.502625 0.473958 0.006750 0.013542
0 0.521250 0.199740 0.005000 0.015104
0 0.535375 0.225521 0.005250 0.011458
0 0.530375 0.232813 0.005250 0.014583
0 0.514875 0.234896 0.004250 0.013542
0 0.507125 0.240885 0.007250 0.015104
0 0.507000 0.250000 0.008500 0.012500
0 0.502750 0.271094 0.006000 0.014063
0 0.505500 0.270573 0.005000 0.017188
0 0.508875 0.272656 0.006750 0.010937
0 0.509750 0.277865 0.006000 0.010937
0 0.467625 0.291146 0.006750 0.010417
0 0.469125 0.299219 0.006250 0.011979
0 0.468750 0.326302 0.004000 0.010937
0 0.471250 0.320573 0.005000 0.011979
0 0.455000 0.295573 0.007500 0.018229
0 0.460000 0.296354 0.006500 0.011458
0 0.454500 0.293490 0.006500 0.007812
0 0.400750 0.229167 0.005500 0.014583
0 0.405125 0.232552 0.005750 0.015104
0 0.406250 0.233073 0.004500 0.013021
0 0.409875 0.261979 0.006750 0.017708
0 0.397750 0.283333 0.005000 0.012500
0 0.450875 0.352865 0.006750 0.015104
0 0.450250 0.446094 0.006500 0.016146
0 0.450375 0.446094 0.007250 0.013021
0 0.404875 0.527865 0.004250 0.016146
0 0.409250 0.529948 0.005000 0.011979
0 0.410375 0.574219 0.006750 0.016146
0 0.421625 0.580469 0.007250 0.015104
0 0.425250 0.586458 0.005000 0.011458
0 0.435000 0.617708 0.006000 0.014583
0 0.424750 0.625781 0.006000 0.017188
0 0.450125 0.651823 0.005250 0.010937
0 0.455250 0.679948 0.005500 0.015104
