0 0.315885 0.448125 0.009896 0.004750
0 0.207292 0.425875 0.011458 0.004750
0 0.133854 0.387250 0.011458 0.005000
0 0.085938 0.386375 0.010417 0.004750
0 0.119792 0.367000 0.008333 0.006000
0 0.366927 0.361500 0.013021 0.003500
0 0.351823 0.390625 0.009896 0.005250
0 0.346094 0.401625 0.008854 0.005250
0 0.384896 0.415500 0.008333 0.006000
0 0.407031 0.421375 0.008854 0.005750
0 0.407552 0.440875 0.009896 0.003250
0 0.432292 0.448000 0.010417 0.004500
0 0.665885 0.250625 0.008854 0.005250
0 0.662500 0.230000 0.010417 0.006500
0 0.664583 0.230875 0.010417 0.004250
0 0.941146 0.364875 0.012500 0.004250
0 0.972135 0.334750 0.013021 0.006500
