0 0.207552 0.559750 0.022396 0.018000
0 0.330990 0.552125 0.031771 0.016750
0 0.366927 0.592375 0.031771 0.015750
0 0.555729 0.560625 0.037500 0.015250
0 0.556771 0.561375 0.037500 0.015750
0 0.551562 0.528250 0.013542 0.012500
0 0.473958 0.496250 0.028125 0.012500
0 0.746615 0.533000 0.031771 0.012000
0 0.748177 0.509000 0.019271 0.012000
0 0.787240 0.515000 0.020313 0.012000
0 0.831771 0.560000 0.023958 0.013000
0 0.907552 0.556875 0.032813 0.016250
0 0.859115 0.580750 0.034896 0.013000
0 0.889062 0.592625 0.034375 0.014250
0 0.773698 0.589875 0.029687 0.015250
0 0.736198 0.584750 0.027604 0.011500
0 0.691406 0.579625 0.032813 0.016250
0 0.688021 0.576875 0.041667 0.017250
0 0.686979 0.593000 0.030208 0.013500
0 0.985677 0.610875 0.027604 0.009250
0 0.727083 0.441625 0.027083 0.014250
0 0.767188 0.419250 0.026042 0.012000
0 0.843750 0.413875 0.029167 0.015250
0 0.937240 0.438500 0.019271 0.012500
0 0.945052 0.423875 0.019271 0.008250
0 0.857812 0.395125 0.023958 0.011250
0 0.852865 0.387250 0.018229 0.010000
0 0.835417 0.381000 0.028125 0.011500
0 0.760156 0.369000 0.031771 0.011500
0 0.769010 0.348625 0.024479 0.014250
0 0.852344 0.351125 0.023438 0.010250
0 0.848958 0.341500 0.035417 0.012000
0 0.909375 0.339750 0.029167 0.011500
0 0.910156 0.348125 0.030729 0.010750
0 0.932552 0.369000 0.017188 0.012500
0 0.977344 0.351750 0.020313 0.012500
0 0.951302 0.335125 0.029687 0.010750
0 0.976302 0.328500 0.018229 0.013000
0 0.992448 0.338000 0.014063 0.011500
0 0.484375 0.227375 0.026042 0.015250
0 0.670052 0.230375 0.030729 0.015750
0 0.672917 0.264125 0.027083 0.013750
0 0.645573 0.265250 0.020313 0.010500
0 0.617969 0.263875 0.021354 0.013250
