0 0.832625 0.550000 0.007750 0.008333
0 0.788125 0.596094 0.007250 0.010937
0 0.766000 0.601823 0.006500 0.007812
0 0.789875 0.579688 0.007250 0.007292
0 0.729000 0.678646 0.007000 0.007292
0 0.872625 0.654427 0.005750 0.011979
0 0.898250 0.611198 0.008500 0.010937
0 0.920000 0.580990 0.006500 0.013021
0 0.741750 0.712500 0.004000 0.016667
0 0.687375 0.740885 0.004250 0.016146
0 0.701500 0.705469 0.005500 0.013021
0 0.657000 0.762760 0.007000 0.009896
0 0.645250 0.730990 0.003500 0.011979
0 0.647000 0.720833 0.006000 0.010417
0 0.698625 0.661198 0.005250 0.016146
0 0.696000 0.607031 0.005000 0.015104
0 0.655750 0.683594 0.007000 0.010937
0 0.650500 0.685677 0.004500 0.014063
0 0.654875 0.669010 0.006750 0.009896
0 0.670250 0.664583 0.007000 0.007292
0 0.666625 0.655990 0.006250 0.007812
0 0.723000 0.630990 0.005500 0.011979
0 0.723375 0.623177 0.006750 0.007812
0 0.713625 0.683594 0.005250 0.013021
0 0.718000 0.699219 0.006000 0.013021
0 0.724125 0.701823 0.006250 0.013021
0 0.761125 0.716146 0.004750 0.011458
0 0.759375 0.727865 0.008250 0.015104
0 0.742875 0.577604 0.007250 0.015625
0 0.802875 0.560156 0.006750 0.008854
0 0.802625 0.586458 0.006250 0.011458
0 0.798375 0.567448 0.007250 0.008854
0 0.798000 0.575521 0.006000 0.011458
0 0.691625 0.707292 0.005750 0.007292
0 0.687250 0.709375 0.005000 0.011458
0 0.682625 0.716146 0.006750 0.008333
0 0.682750 0.708854 0.006500 0.009375
0 0.609125 0.745573 0.006250 0.008854
0 0.634500 0.686198 0.004500 0.013021
0 0.633750 0.700521 0.006500 0.008333
0 0.592000 0.751302 0.004000 0.009896
0 0.577375 0.728385 0.004250 0.009896
0 0.608625 0.703646 0.005250 0.008333
0 0.606000 0.715625 0.006000 0.008333
0 0.624125 0.732031 0.005250 0.011979
0 0.621625 0.723698 0.006250 0.010937
0 0.613500 0.728906 0.006500 0.013021
0 0.600375 0.713281 0.006750 0.008854
0 0.603000 0.703646 0.006000 0.012500
0 0.584500 0.576042 0.004000 0.014583
0 0.588125 0.546094 0.007750 0.013021
0 0.566000 0.553125 0.004500 0.014583
0 0.643875 0.500521 0.006250 0.012500
0 0.621875 0.512500 0.006250 0.012500
0 0.616375 0.509635 0.004750 0.013021
0 0.602625 0.431771 0.007250 0.010417
0 0.611500 0.433594 0.007500 0.013021
0 0.631000 0.412500 0.007500 0.009375
0 0.634000 0.353906 0.006000 0.010937
0 0.640625 0.357292 0.006250 0.010417
0 0.689500 0.367708 0.006000 0.014583
0 0.669875 0.409896 0.006250 0.013542
0 0.652375 0.432552 0.004250 0.014063
0 0.642250 0.451823 0.005000 0.008854
0 0.647625 0.461198 0.004750 0.014063
0 0.644000 0.465104 0.004500 0.013542
0 0.652000 0.324740 0.006000 0.009896
0 0.662625 0.383073 0.006750 0.013021
0 0.673250 0.437500 0.005500 0.014583
0 0.669875 0.438542 0.003250 0.011458
0 0.666750 0.280469 0.007000 0.010937
0 0.654500 0.287760 0.006500 0.010937
0 0.640375 0.296354 0.004250 0.016667
0 0.672125 0.314844 0.007250 0.010937
0 0.666500 0.326823 0.011000 0.011979
0 0.711750 0.364323 0.005000 0.020313
0 0.717375 0.365365 0.002750 0.014063
0 0.721500 0.369271 0.005500 0.017708
0 0.767375 0.359375 0.006750 0.012500
0 0.763250 0.344792 0.005000 0.011458
0 0.752000 0.266667 0.006000 0.014583
0 0.769500 0.237240 0.005500 0.016146
0 0.779375 0.226302 0.006250 0.014063
0 0.722625 0.232813 0.006250 0.015625
0 0.710500 0.289844 0.007000 0.007812
0 0.707000 0.276302 0.008000 0.010937
0 0.713000 0.258333 0.007000 0.014583
0 0.698000 0.291927 0.006500 0.008854
0 0.696875 0.285417 0.005250 0.012500
0 0.700500 0.270313 0.005000 0.013542
0 0.696750 0.228906 0.006000 0.011979
0 0.703250 0.218490 0.007500 0.010937
0 0.744125 0.095833 0.008250 0.011458
0 0.766625 0.133333 0.006750 0.017708
0 0.784750 0.174219 0.007500 0.011979
0 0.799000 0.148698 0.007500 0.013021
0 0.825875 0.143750 0.004250 0.017708
0 0.843750 0.150260 0.005500 0.017188
0 0.802250 0.221354 0.005000 0.014583
0 0.800125 0.212760 0.004750 0.015104
0 0.756875 0.292969 0.005250 0.014063
0 0.729125 0.325000 0.004250 0.014583
0 0.725000 0.316927 0.005000 0.014063
0 0.722125 0.310156 0.003250 0.015104
0 0.743000 0.298438 0.006500 0.018750
0 0.749375 0.304688 0.003750 0.013542
0 0.752250 0.311198 0.004000 0.013021
0 0.807625 0.078906 0.007750 0.014063
0 0.791625 0.104427 0.006750 0.016146
0 0.793000 0.073958 0.005500 0.012500
0 0.790875 0.085156 0.006250 0.011979
0 0.881000 0.052083 0.004000 0.016667
0 0.891250 0.023177 0.009000 0.011979
0 0.695125 0.201042 0.007750 0.015625
0 0.554500 0.534896 0.006500 0.013542
0 0.517750 0.635156 0.006000 0.011979
0 0.519250 0.665365 0.005000 0.008854
0 0.518125 0.778906 0.006250 0.013021
0 0.544125 0.764323 0.004750 0.013021
0 0.553250 0.861198 0.007000 0.010937
0 0.553500 0.881771 0.003500 0.013542
0 0.585125 0.877344 0.008250 0.009896
0 0.603500 0.876563 0.005500 0.013542
0 0.610250 0.901562 0.007500 0.013542
0 0.631125 0.896875 0.006750 0.016667
0 0.471000 0.530729 0.008000 0.016667
0 0.483625 0.459115 0.004250 0.016146
0 0.504250 0.442969 0.004000 0.014063
0 0.493625 0.405208 0.007250 0.012500
0 0.481625 0.356771 0.005750 0.011458
0 0.487375 0.360156 0.005750 0.010937
0 0.510375 0.374219 0.005250 0.016146
0 0.511500 0.358854 0.004000 0.014583
0 0.515125 0.342187 0.007750 0.013542
0 0.498000 0.377865 0.006000 0.013021
0 0.514500 0.249740 0.005000 0.010937
0 0.500375 0.211719 0.005750 0.009896
0 0.498875 0.201823 0.005750 0.013021
0 0.466375 0.197917 0.005750 0.009375
0 0.523125 0.225000 0.005750 0.016667
0 0.533875 0.227865 0.006750 0.015104
0 0.535375 0.206510 0.005250 0.013021
0 0.539875 0.187240 0.005250 0.016146
0 0.542625 0.161979 0.004250 0.015625
0 0.553125 0.150260 0.006750 0.013021
0 0.552375 0.177604 0.003750 0.015625
0 0.551625 0.195312 0.004750 0.014583
0 0.528500 0.273177 0.005500 0.016146
0 0.524000 0.282031 0.004500 0.015104
0 0.407000 0.604427 0.005500 0.014063
0 0.391250 0.441146 0.006000 0.017708
0 0.390250 0.405990 0.006500 0.016146
0 0.379875 0.509375 0.007250 0.010417
0 0.380875 0.348177 0.006750 0.010937
0 0.374000 0.340104 0.007000 0.015625
0 0.385500 0.240104 0.005500 0.016667
0 0.391250 0.239844 0.006000 0.013021
0 0.355000 0.243490 0.006000 0.016146
0 0.339625 0.206510 0.004250 0.010937
0 0.329250 0.153646 0.007500 0.015625
0 0.334875 0.093750 0.006750 0.015625
0 0.295750 0.095573 0.005000 0.015104
0 0.308625 0.035677 0.005750 0.011979
0 0.281875 0.018229 0.007250 0.009375
0 0.292375 0.050521 0.004750 0.010417
0 0.297875 0.059635 0.007250 0.014063
0 0.339250 0.016927 0.005500 0.010937
0 0.234125 0.539062 0.005250 0.012500
0 0.285750 0.601562 0.007000 0.013542
0 0.291375 0.633333 0.005750 0.014583
0 0.340000 0.648177 0.004500 0.014063
0 0.348750 0.663281 0.006500 0.010937
0 0.334250 0.574479 0.003000 0.011458
0 0.332875 0.565625 0.006250 0.012500
0 0.309625 0.569010 0.006250 0.010937
0 0.303750 0.557552 0.008000 0.011979
0 0.295250 0.538542 0.003500 0.011458
0 0.292375 0.546354 0.006250 0.010417
0 0.303750 0.527344 0.005500 0.017188
0 0.268000 0.443229 0.007000 0.015625
0 0.296625 0.489844 0.008250 0.019271
0 0.228500 0.419010 0.006000 0.008854
0 0.241625 0.401042 0.006250 0.011458
0 0.242750 0.379688 0.005500 0.014583
0 0.216500 0.333333 0.008000 0.011458
0 0.159625 0.232813 0.005750 0.014583
0 0.159250 0.276042 0.010000 0.007292
0 0.160875 0.284375 0.007250 0.013542
0 0.039750 0.176563 0.008500 0.014583
0 0.077375 0.591146 0.007250 0.013542
0 0.132625 0.657292 0.005750 0.018750
0 0.147000 0.676823 0.008000 0.010937
0 0.182125 0.698958 0.004250 0.014583
0 0.142125 0.886979 0.007250 0.011458
0 0.153875 0.933073 0.006250 0.011979
0 0.166625 0.855729 0.010250 0.020833
0 0.157000 0.802604 0.007000 0.011458
0 0.159625 0.826302 0.007750 0.014063
0 0.165000 0.810156 0.007000 0.016146
0 0.121875 0.992188 0.006250 0.014583
0 0.140375 0.942448 0.007750 0.007812
0 0.141250 0.952865 0.008000 0.011979
0 0.153250 0.992708 0.008500 0.012500
0 0.175125 0.911719 0.008250 0.014063
0 0.287000 0.772656 0.005500 0.016146
0 0.297375 0.807552 0.007750 0.008854
0 0.286875 0.799479 0.005750 0.012500
0 0.309875 0.755469 0.004750 0.014063
0 0.339500 0.764323 0.006500 0.015104
0 0.530000 0.096094 0.008500 0.014063
0 0.566750 0.097135 0.007000 0.014063
0 0.571875 0.086458 0.005250 0.013542
0 0.539500 0.048698 0.005000 0.014063
0 0.544750 0.024479 0.008000 0.020833
0 0.505250 0.054427 0.007000 0.011979
