0 0.896375 0.598958 0.004750 0.015625
0 0.862875 0.580990 0.008250 0.019271
0 0.857750 0.593229 0.007000 0.017708
0 0.855875 0.601562 0.006250 0.019792
0 0.856750 0.610417 0.006000 0.022917
0 0.852000 0.622656 0.008500 0.015104
0 0.795000 0.643229 0.007500 0.020833
0 0.784875 0.707292 0.006750 0.018750
0 0.751125 0.726302 0.009750 0.025521
0 0.751375 0.727865 0.009750 0.019271
0 0.686750 0.715365 0.007500 0.015104
0 0.699000 0.664323 0.005500 0.015104
0 0.643250 0.622656 0.007500 0.018229
0 0.635000 0.591146 0.006000 0.016667
0 0.634000 0.832552 0.010500 0.021354
0 0.571250 0.783333 0.007000 0.023958
0 0.470250 0.661458 0.010500 0.017708
0 0.463250 0.584635 0.009500 0.025521
0 0.480375 0.516667 0.009250 0.025000
0 0.500000 0.516146 0.008000 0.016667
0 0.499750 0.489063 0.009500 0.020833
0 0.515750 0.444792 0.006500 0.018750
0 0.503750 0.419271 0.008500 0.018750
0 0.568750 0.195052 0.011500 0.024479
0 0.531125 0.256250 0.008750 0.031250
0 0.531375 0.256771 0.013250 0.027083
0 0.523250 0.124219 0.011000 0.021354
0 0.382625 0.041406 0.023750 0.033854
0 0.373875 0.108854 0.012250 0.028125
0 0.376500 0.112760 0.019000 0.035937
0 0.380375 0.238021 0.015250 0.026042
0 0.379250 0.236198 0.010500 0.031771
0 0.385000 0.264062 0.011000 0.026042
0 0.361000 0.595833 0.008000 0.022917
0 0.344750 0.691146 0.010000 0.019792
0 0.317000 0.686719 0.015000 0.020313
0 0.308125 0.670312 0.009250 0.026042
0 0.316750 0.666927 0.010500 0.023438
0 0.290625 0.679948 0.008250 0.022396
0 0.274500 0.654167 0.009000 0.022917
0 0.264625 0.675521 0.008250 0.017708
0 0.250000 0.659115 0.014000 0.018229
0 0.238000 0.704688 0.010000 0.021875
0 0.240750 0.689063 0.010500 0.013542
0 0.225250 0.645052 0.009000 0.017188
0 0.232250 0.610938 0.008500 0.018750
0 0.259500 0.410938 0.014000 0.035417
0 0.257750 0.416927 0.016500 0.022396
0 0.219625 0.369792 0.009750 0.018750
0 0.150750 0.545052 0.011500 0.025521
0 0.146625 0.619531 0.012250 0.026562
0 0.072875 0.575521 0.016250 0.026042
0 0.010375 0.466927 0.007250 0.019271
0 0.169625 0.610938 0.011750 0.026042
0 0.180000 0.633854 0.015000 0.026042
0 0.188250 0.679948 0.011000 0.022396
0 0.207250 0.172917 0.013500 0.025000
0 0.287000 0.892448 0.011000 0.023438
0 0.271125 0.934115 0.009250 0.018229
0 0.266250 0.948437 0.010500 0.021875
