0 0.192708 0.404500 0.010417 0.005000
0 0.196615 0.399625 0.010937 0.004250
0 0.162240 0.378250 0.010937 0.005500
0 0.196615 0.370000 0.009896 0.007500
0 0.182292 0.354750 0.011458 0.005000
0 0.164583 0.342875 0.013542 0.004250
0 0.257812 0.351375 0.012500 0.006250
0 0.257292 0.347125 0.009375 0.003250
0 0.250260 0.347750 0.007812 0.006500
0 0.221354 0.349375 0.007292 0.004750
0 0.218229 0.348375 0.012500 0.005750
0 0.237500 0.331875 0.008333 0.002750
0 0.238281 0.329625 0.009896 0.002250
0 0.236979 0.325750 0.009375 0.005000
0 0.224219 0.313375 0.007812 0.006750
0 0.268750 0.308750 0.008333 0.007000
0 0.249740 0.314875 0.010937 0.002750
0 0.248698 0.312500 0.009896 0.002000
0 0.258854 0.286250 0.009375 0.003500
0 0.258854 0.282750 0.010417 0.005000
0 0.384115 0.423875 0.011979 0.003750
0 0.370312 0.423750 0.009375 0.003500
0 0.290885 0.424750 0.008854 0.002500
0 0.409635 0.424000 0.008854 0.004500
0 0.417448 0.423125 0.007812 0.003250
0 0.465625 0.423375 0.007292 0.004250
0 0.457552 0.423000 0.010937 0.003500
0 0.455729 0.429500 0.006250 0.003500
0 0.482552 0.431375 0.013021 0.004750
0 0.464583 0.429500 0.011458 0.003000
0 0.458854 0.426875 0.014583 0.002750
0 0.592187 0.445500 0.006250 0.003000
0 0.603906 0.446750 0.011979 0.003500
0 0.623698 0.450375 0.014063 0.003750
0 0.566927 0.392750 0.013021 0.002500
0 0.566406 0.390500 0.011979 0.001500
0 0.186198 0.443375 0.008854 0.004250
0 0.176302 0.459625 0.007812 0.005250
0 0.263281 0.463375 0.013021 0.003750
0 0.346094 0.481125 0.011979 0.003750
0 0.325260 0.476000 0.008854 0.003500
0 0.321875 0.473375 0.012500 0.002750
0 0.401302 0.479375 0.011979 0.003750
0 0.406771 0.475375 0.010417 0.004250
0 0.401823 0.472000 0.013021 0.003000
0 0.368229 0.490125 0.011458 0.002750
0 0.376823 0.489500 0.009896 0.003000
0 0.398698 0.492250 0.009896 0.005500
0 0.432031 0.482250 0.009896 0.005500
0 0.452604 0.500500 0.010417 0.005000
0 0.456250 0.495000 0.011458 0.004000
0 0.463281 0.492250 0.004687 0.005500
0 0.472396 0.494125 0.010417 0.002250
0 0.471354 0.492125 0.012500 0.002250
0 0.497135 0.502750 0.014063 0.003500
0 0.474740 0.505375 0.010937 0.003750
0 0.463802 0.506750 0.011979 0.003500
0 0.486198 0.511375 0.008854 0.004750
0 0.500781 0.515625 0.011979 0.004750
0 0.467969 0.518000 0.009896 0.004500
0 0.473177 0.516500 0.010937 0.002500
0 0.475260 0.518375 0.009896 0.003750
0 0.511979 0.517375 0.011458 0.003750
0 0.515365 0.521125 0.010937 0.003250
0 0.525521 0.524375 0.010417 0.003750
0 0.521094 0.519125 0.005729 0.004750
0 0.533594 0.521000 0.010937 0.003000
0 0.536719 0.518500 0.006771 0.003500
0 0.545833 0.523750 0.011458 0.002500
0 0.549219 0.521250 0.015104 0.003000
0 0.559896 0.525000 0.006250 0.002500
0 0.559115 0.523125 0.008854 0.004250
0 0.592708 0.566875 0.011458 0.005250
0 0.245312 0.512500 0.010417 0.005500
0 0.273698 0.509125 0.009896 0.004750
0 0.271875 0.492125 0.013542 0.004750
0 0.305208 0.514250 0.012500 0.005000
0 0.333333 0.504625 0.005208 0.005750
0 0.326823 0.504875 0.009896 0.004250
0 0.321094 0.513625 0.008854 0.003750
0 0.322135 0.512250 0.008854 0.003500
0 0.335417 0.511000 0.009375 0.003500
0 0.337240 0.515625 0.006771 0.005750
0 0.343229 0.517375 0.004167 0.005250
0 0.351823 0.518750 0.009896 0.003000
0 0.344792 0.512125 0.006250 0.005250
0 0.352344 0.512125 0.009896 0.004750
0 0.358333 0.510625 0.010417 0.003750
0 0.377344 0.513875 0.006771 0.005750
0 0.376042 0.509000 0.011458 0.003500
0 0.373698 0.528875 0.013021 0.003250
0 0.394271 0.534500 0.011458 0.004500
0 0.363021 0.533500 0.008333 0.006500
0 0.336198 0.526375 0.011979 0.004250
0 0.339583 0.540375 0.009375 0.003750
0 0.339323 0.538125 0.011979 0.003250
0 0.324740 0.555500 0.011979 0.003000
0 0.356250 0.553750 0.008333 0.006000
0 0.357552 0.569750 0.010937 0.004500
0 0.463281 0.592750 0.009896 0.005000
0 0.495312 0.588375 0.008333 0.005250
0 0.501302 0.586875 0.010937 0.005250
0 0.467708 0.583500 0.007292 0.005500
0 0.461458 0.577625 0.010417 0.003250
0 0.461719 0.580125 0.011979 0.002250
0 0.457031 0.582125 0.009896 0.004250
0 0.452865 0.586000 0.009896 0.004000
0 0.441146 0.583750 0.005208 0.006000
0 0.447656 0.582750 0.009896 0.002000
0 0.447917 0.584375 0.009375 0.002250
0 0.434635 0.573375 0.013021 0.002750
0 0.437760 0.578250 0.009896 0.002500
0 0.437760 0.576375 0.011979 0.002250
0 0.428385 0.561875 0.008854 0.003250
0 0.430208 0.560500 0.009375 0.003500
0 0.408854 0.613750 0.005208 0.005500
0 0.414323 0.614375 0.007812 0.004250
0 0.524219 0.620500 0.006771 0.005500
0 0.526823 0.619875 0.006771 0.004750
0 0.191406 0.528375 0.010937 0.002750
0 0.679167 0.475375 0.012500 0.004750
0 0.851042 0.430875 0.011458 0.006750
