0 0.154427 0.220000 0.016146 0.006000
0 0.397917 0.235875 0.017708 0.005750
0 0.142708 0.288625 0.011458 0.005750
0 0.770052 0.247000 0.014063 0.009000
0 0.624219 0.271750 0.006771 0.009500
0 0.538021 0.306375 0.010417 0.006750
0 0.593490 0.307500 0.015104 0.006500
0 0.805469 0.308375 0.017188 0.006250
0 0.745052 0.309125 0.013021 0.006750
0 0.793229 0.292000 0.022917 0.005500
0 0.854427 0.268875 0.018229 0.006250
0 0.847135 0.282750 0.017188 0.004000
0 0.828385 0.228125 0.007812 0.006750
0 0.838802 0.234500 0.013021 0.004000
0 0.783854 0.277000 0.013542 0.004500
0 0.798438 0.277750 0.012500 0.004000
0 0.811198 0.277250 0.005729 0.003000
0 0.819792 0.284125 0.011458 0.003250
0 0.895052 0.460000 0.011979 0.003000
0 0.850521 0.438875 0.007292 0.006250
0 0.779687 0.448625 0.011458 0.006250
0 0.800521 0.443125 0.014583 0.004750
0 0.830208 0.444125 0.010417 0.003250
0 0.817448 0.442000 0.010937 0.005000
0 0.640104 0.437250 0.014583 0.004500
0 0.657292 0.444625 0.010417 0.003750
0 0.651563 0.452375 0.016667 0.004750
0 0.713021 0.439625 0.014583 0.004250
0 0.717969 0.431000 0.011979 0.006000
0 0.725521 0.425000 0.010417 0.003000
0 0.742448 0.427125 0.010937 0.003250
0 0.732552 0.431625 0.011979 0.003750
0 0.745052 0.431750 0.011979 0.002500
0 0.733854 0.435375 0.013542 0.004750
0 0.744531 0.440250 0.006771 0.005000
0 0.752344 0.443625 0.010937 0.003750
0 0.699479 0.456000 0.011458 0.005000
0 0.697396 0.458625 0.016667 0.004250
0 0.771094 0.619625 0.014063 0.003750
0 0.710156 0.636500 0.008854 0.007000
0 0.737240 0.631125 0.017188 0.005250
0 0.762500 0.627500 0.008333 0.006000
0 0.827865 0.649250 0.018229 0.003500
0 0.763802 0.648250 0.013021 0.005500
0 0.741667 0.644875 0.014583 0.004250
0 0.744271 0.640125 0.015625 0.003250
0 0.839062 0.621750 0.015625 0.002000
0 0.828385 0.634250 0.011979 0.003500
0 0.832292 0.640875 0.006250 0.007750
0 0.807031 0.625500 0.006771 0.003000
0 0.814063 0.629750 0.008333 0.006500
0 0.718229 0.582250 0.012500 0.004500
0 0.729688 0.582000 0.009375 0.003000
0 0.742188 0.581875 0.014583 0.004250
0 0.801562 0.569625 0.015625 0.003750
0 0.787500 0.570250 0.008333 0.004500
0 0.734896 0.560750 0.013542 0.002500
0 0.698698 0.575375 0.015104 0.003250
0 0.713021 0.570875 0.006250 0.004250
0 0.723437 0.565750 0.022917 0.004500
0 0.748437 0.571125 0.009375 0.005250
0 0.748177 0.576250 0.010937 0.003500
0 0.762500 0.576375 0.008333 0.003250
0 0.777083 0.572875 0.016667 0.004250
0 0.695312 0.570125 0.013542 0.004750
0 0.704688 0.566250 0.013542 0.005500
0 0.659115 0.556750 0.014063 0.003500
0 0.669010 0.551500 0.015104 0.005000
0 0.836979 0.624750 0.015625 0.002500
0 0.835156 0.628000 0.016146 0.004000
0 0.616146 0.536250 0.012500 0.003500
0 0.612500 0.517875 0.010417 0.004250
0 0.578906 0.529250 0.011979 0.005500
0 0.561198 0.526000 0.018229 0.002000
0 0.553906 0.504875 0.013021 0.004250
0 0.537500 0.506250 0.014583 0.003000
0 0.533854 0.495250 0.013542 0.005000
0 0.460417 0.516625 0.014583 0.003750
0 0.437240 0.503250 0.013021 0.003000
0 0.436979 0.507875 0.009375 0.003750
0 0.450000 0.509500 0.014583 0.003000
0 0.462500 0.499625 0.010417 0.003750
0 0.470833 0.497125 0.012500 0.003250
0 0.482812 0.494625 0.011458 0.004250
0 0.495833 0.494125 0.014583 0.002750
0 0.509635 0.494875 0.008854 0.003750
0 0.510938 0.499250 0.013542 0.002500
0 0.494271 0.503375 0.009375 0.004750
0 0.423437 0.486875 0.014583 0.003750
0 0.413542 0.494875 0.010417 0.005250
0 0.402083 0.481875 0.007292 0.004750
0 0.387760 0.485000 0.013021 0.003000
0 0.394792 0.487625 0.012500 0.003750
0 0.392969 0.492375 0.015104 0.003250
0 0.404167 0.508125 0.005208 0.005750
0 0.410156 0.509500 0.005729 0.005500
0 0.503906 0.547500 0.008854 0.005500
0 0.476302 0.662250 0.007812 0.005500
0 0.507812 0.686375 0.010417 0.005750
0 0.436979 0.681750 0.011458 0.004000
0 0.445312 0.676125 0.008333 0.007750
0 0.471875 0.670500 0.012500 0.006500
0 0.450000 0.663375 0.015625 0.004750
0 0.444792 0.667000 0.010417 0.005000
0 0.454948 0.670625 0.008854 0.006750
0 0.461979 0.670250 0.009375 0.006500
0 0.401042 0.708000 0.013542 0.002500
0 0.473958 0.735000 0.009375 0.005500
0 0.483073 0.746625 0.010937 0.004750
0 0.495052 0.723000 0.006771 0.005500
0 0.500000 0.718250 0.013542 0.003500
0 0.448437 0.689000 0.010417 0.005500
0 0.457292 0.689125 0.005208 0.006250
0 0.375000 0.645750 0.016667 0.007000
0 0.439323 0.634375 0.010937 0.006250
0 0.456510 0.626375 0.011979 0.003750
0 0.455990 0.616125 0.009896 0.004250
0 0.459635 0.607625 0.011979 0.004250
0 0.421354 0.593000 0.011458 0.002500
0 0.437760 0.599000 0.011979 0.004500
0 0.450000 0.603625 0.009375 0.004250
0 0.442188 0.612125 0.011458 0.002250
0 0.417969 0.609000 0.013021 0.003500
0 0.420833 0.611875 0.012500 0.002750
0 0.406510 0.623875 0.013021 0.002750
0 0.386198 0.620750 0.011979 0.004000
0 0.376302 0.614625 0.009896 0.006750
0 0.387500 0.614750 0.008333 0.005000
0 0.396094 0.615875 0.008854 0.003250
0 0.402344 0.613375 0.008854 0.004750
0 0.390104 0.609125 0.008333 0.005750
0 0.376563 0.605125 0.010417 0.002750
0 0.398698 0.601875 0.007812 0.006750
0 0.378646 0.601875 0.009375 0.006750
0 0.360938 0.601500 0.008333 0.008000
0 0.379427 0.592375 0.013021 0.005750
0 0.362760 0.587500 0.008854 0.005500
0 0.331771 0.591375 0.006250 0.004750
0 0.328385 0.581625 0.015104 0.003250
0 0.349219 0.593500 0.010937 0.005500
0 0.361198 0.594000 0.013021 0.004500
0 0.370312 0.562250 0.007292 0.006000
0 0.309375 0.554375 0.010417 0.005750
0 0.303125 0.557375 0.012500 0.005250
0 0.294792 0.573250 0.007292 0.006000
0 0.309375 0.570000 0.008333 0.005500
0 0.316927 0.569625 0.009896 0.005250
0 0.279948 0.531000 0.009896 0.005500
0 0.261719 0.528500 0.006771 0.006500
0 0.278385 0.519750 0.011979 0.003000
0 0.264323 0.510375 0.011979 0.003750
0 0.269792 0.516000 0.008333 0.006000
0 0.345052 0.473875 0.011979 0.004250
0 0.404687 0.463000 0.004167 0.002500
0 0.536198 0.513375 0.010937 0.002750
0 0.540365 0.519375 0.011979 0.003250
0 0.552865 0.513750 0.011979 0.003000
0 0.565365 0.510125 0.011979 0.003750
0 0.575521 0.508625 0.005208 0.006750
0 0.593490 0.514000 0.010937 0.003500
0 0.568490 0.520375 0.011979 0.002250
0 0.569531 0.515500 0.013021 0.003500
0 0.325521 0.424500 0.012500 0.003000
0 0.420052 0.414125 0.014063 0.003750
0 0.530729 0.412625 0.012500 0.003750
0 0.452344 0.430625 0.013021 0.005250
0 0.466927 0.428125 0.013021 0.003750
0 0.563802 0.446375 0.006771 0.002250
0 0.545052 0.446250 0.003646 0.004500
0 0.550521 0.449250 0.007292 0.004000
0 0.406771 0.277000 0.009375 0.006000
0 0.377083 0.282750 0.014583 0.006500
0 0.400781 0.293250 0.009896 0.008500
0 0.430729 0.292375 0.007292 0.007250
0 0.394531 0.285625 0.013021 0.004250
0 0.394010 0.279750 0.011979 0.003500
0 0.355208 0.372375 0.015625 0.007750
0 0.550260 0.341500 0.006771 0.007500
0 0.541667 0.337000 0.008333 0.006000
0 0.521875 0.344500 0.012500 0.004000
0 0.413802 0.285875 0.007812 0.006750
0 0.813281 0.454000 0.009896 0.008000
0 0.824740 0.454750 0.008854 0.006000
0 0.834896 0.453750 0.008333 0.007500
0 0.142448 0.531875 0.009896 0.008250
0 0.190104 0.529500 0.013542 0.004000
0 0.207031 0.544125 0.015104 0.006750
0 0.194271 0.507500 0.007292 0.008000
0 0.206771 0.519250 0.009375 0.006500
0 0.257292 0.542125 0.008333 0.004750
0 0.651302 0.335625 0.013021 0.008250
0 0.754427 0.328125 0.017188 0.007750
