0 0.195573 0.650750 0.007812 0.007000
0 0.239844 0.676125 0.009896 0.007250
0 0.535417 0.484750 0.009375 0.007500
0 0.537500 0.523000 0.013542 0.006500
0 0.535417 0.560750 0.007292 0.007000
0 0.511719 0.560750 0.008854 0.007000
0 0.545052 0.562125 0.009896 0.004750
0 0.547917 0.567250 0.006250 0.006000
0 0.545052 0.573500 0.005729 0.006500
0 0.537240 0.573125 0.009896 0.006250
0 0.534635 0.569625 0.005729 0.006250
0 0.516146 0.574500 0.007292 0.005500
0 0.496354 0.577250 0.007292 0.005000
0 0.491667 0.575125 0.006250 0.005750
0 0.501563 0.570625 0.009375 0.005250
0 0.505208 0.570250 0.009375 0.005000
0 0.512760 0.576625 0.009896 0.005250
0 0.510938 0.581500 0.010417 0.005000
0 0.517708 0.581625 0.008333 0.006250
0 0.539062 0.588125 0.010417 0.005750
0 0.511458 0.589250 0.007292 0.006000
0 0.500000 0.595375 0.009375 0.006250
0 0.506510 0.602000 0.016146 0.005000
0 0.560937 0.608500 0.010417 0.006000
0 0.549479 0.613250 0.011458 0.005000
0 0.537240 0.611000 0.010937 0.005000
0 0.541667 0.605625 0.006250 0.005750
0 0.537240 0.605000 0.006771 0.006000
0 0.547917 0.595375 0.006250 0.005750
0 0.543490 0.595125 0.004687 0.006250
0 0.479948 0.614625 0.010937 0.006250
0 0.506510 0.617875 0.009896 0.005750
0 0.498177 0.616125 0.009896 0.005750
0 0.480208 0.623625 0.008333 0.006250
0 0.511719 0.624000 0.013021 0.005000
0 0.514844 0.630875 0.010937 0.006250
0 0.498958 0.629125 0.009375 0.006250
0 0.491927 0.637625 0.014063 0.003750
0 0.546615 0.619500 0.007812 0.006000
0 0.551042 0.623500 0.004167 0.005000
0 0.554167 0.622500 0.005208 0.006000
0 0.559375 0.622625 0.006250 0.006750
0 0.569792 0.618250 0.013542 0.004500
0 0.535677 0.627625 0.008854 0.006250
0 0.494010 0.647875 0.007812 0.005250
0 0.510677 0.652125 0.006771 0.005250
0 0.502344 0.652125 0.008854 0.005750
0 0.542448 0.646500 0.011979 0.004000
0 0.556250 0.648500 0.007292 0.005500
0 0.548177 0.643875 0.010937 0.003750
0 0.531771 0.653250 0.007292 0.005000
0 0.535937 0.657125 0.007292 0.005250
0 0.545573 0.653625 0.008854 0.005250
0 0.553125 0.657250 0.008333 0.005500
0 0.601823 0.642375 0.004687 0.005750
0 0.597917 0.641750 0.005208 0.006000
0 0.487240 0.664875 0.010937 0.003750
0 0.499740 0.686750 0.008854 0.005500
0 0.514844 0.682500 0.014063 0.006500
0 0.589323 0.674875 0.006771 0.005250
0 0.592708 0.673375 0.007292 0.004250
0 0.575781 0.666000 0.004687 0.005500
0 0.571094 0.666000 0.005729 0.004500
0 0.560677 0.726625 0.007812 0.005750
0 0.573958 0.775375 0.006250 0.003750
0 0.565104 0.774500 0.006250 0.004500
0 0.560677 0.776875 0.006771 0.003750
0 0.558333 0.773500 0.008333 0.004000
0 0.594531 0.469250 0.009896 0.008000
0 0.584635 0.483750 0.010937 0.006000
0 0.613542 0.479000 0.015625 0.006000
0 0.644531 0.518250 0.006771 0.004500
0 0.648438 0.533500 0.011458 0.006500
0 0.666667 0.539250 0.015625 0.005000
0 0.729688 0.556750 0.006250 0.004500
0 0.724740 0.556125 0.006771 0.004750
0 0.760677 0.576875 0.007812 0.004250
0 0.767188 0.583500 0.011458 0.004500
0 0.900000 0.600250 0.008333 0.005000
0 0.676823 0.453000 0.015104 0.005000
0 0.685677 0.444750 0.008854 0.007500
0 0.695312 0.442750 0.012500 0.006000
0 0.699219 0.438250 0.009896 0.006500
0 0.680990 0.437625 0.010937 0.006750
0 0.715365 0.452250 0.014063 0.004000
0 0.731510 0.450375 0.009896 0.006250
0 0.721615 0.444500 0.008854 0.008000
0 0.750000 0.439625 0.011458 0.004750
0 0.752344 0.434500 0.008854 0.007500
0 0.758854 0.423125 0.012500 0.006750
0 0.780729 0.450750 0.012500 0.004000
0 0.803125 0.460750 0.012500 0.006000
0 0.802344 0.468875 0.014063 0.004750
0 0.855208 0.468875 0.008333 0.005250
0 0.868490 0.462875 0.009896 0.006250
