0 0.095312 0.463750 0.028125 0.010500
0 0.183854 0.503500 0.013542 0.005500
0 0.198698 0.506625 0.009896 0.006250
0 0.227344 0.507625 0.015104 0.005250
0 0.257031 0.518875 0.011979 0.007250
0 0.270573 0.517875 0.013021 0.005250
0 0.411979 0.500875 0.012500 0.004750
0 0.389583 0.501625 0.009375 0.006250
0 0.384896 0.503500 0.007292 0.005500
0 0.382031 0.478125 0.013021 0.003750
0 0.329948 0.477375 0.015104 0.005250
0 0.328385 0.472875 0.013021 0.006250
0 0.282552 0.444250 0.008854 0.007500
0 0.272656 0.437500 0.013021 0.006500
0 0.266927 0.443500 0.010937 0.007000
0 0.256510 0.441250 0.008854 0.007500
0 0.266146 0.418500 0.012500 0.007500
0 0.223437 0.400375 0.013542 0.007750
0 0.173177 0.376375 0.010937 0.008250
0 0.267188 0.370875 0.011458 0.006250
0 0.514062 0.454125 0.014583 0.006250
0 0.492708 0.461000 0.006250 0.006500
0 0.441667 0.423375 0.010417 0.007250
0 0.569010 0.536500 0.011979 0.006000
0 0.602083 0.521875 0.010417 0.004750
0 0.689583 0.476875 0.008333 0.005250
0 0.686719 0.475750 0.011979 0.006000
0 0.701042 0.465750 0.013542 0.006000
0 0.705208 0.444750 0.017708 0.011000
0 0.811198 0.409875 0.014063 0.005750
0 0.808073 0.403250 0.015104 0.009000
0 0.826823 0.438250 0.010937 0.006500
0 0.690365 0.571250 0.015104 0.006000
0 0.714063 0.559625 0.013542 0.006750
0 0.839583 0.592625 0.011458 0.005250
0 0.774740 0.602250 0.013021 0.005500
0 0.768229 0.610125 0.007292 0.008750
0 0.751302 0.618375 0.013021 0.006750
0 0.694010 0.580750 0.014063 0.006500
0 0.569792 0.637875 0.009375 0.006250
0 0.621354 0.640875 0.011458 0.004750
0 0.575781 0.594000 0.008854 0.004000
