0 0.272656 0.592750 0.005729 0.004000
0 0.363021 0.588375 0.008333 0.004250
0 0.365625 0.561500 0.007292 0.004500
0 0.375000 0.560375 0.008333 0.004750
0 0.383594 0.555750 0.011979 0.004000
0 0.322135 0.524125 0.006771 0.004750
0 0.219531 0.528500 0.010937 0.003500
0 0.237240 0.525625 0.008854 0.004250
0 0.238281 0.516625 0.004687 0.004750
0 0.242969 0.516500 0.005729 0.005500
0 0.172396 0.510000 0.006250 0.005500
0 0.181250 0.493000 0.007292 0.003000
0 0.186198 0.492125 0.010937 0.003750
0 0.214844 0.501000 0.007812 0.002500
0 0.217188 0.500000 0.009375 0.003000
0 0.303646 0.520875 0.012500 0.005250
0 0.370833 0.538125 0.010417 0.003250
0 0.371354 0.535125 0.006250 0.002750
0 0.309375 0.533500 0.006250 0.005500
0 0.315104 0.532500 0.007292 0.004500
0 0.386458 0.549500 0.005208 0.005500
0 0.392448 0.551500 0.006771 0.004500
0 0.426042 0.550625 0.006250 0.004250
0 0.440104 0.552250 0.006250 0.004500
0 0.447396 0.554000 0.009375 0.003500
0 0.475260 0.514125 0.008854 0.005750
0 0.448958 0.485875 0.008333 0.004250
0 0.426823 0.498875 0.007812 0.005750
0 0.435417 0.493750 0.006250 0.004500
0 0.439323 0.496625 0.007812 0.005250
0 0.461458 0.501125 0.006250 0.004250
0 0.464844 0.500000 0.007812 0.004500
0 0.468490 0.480500 0.008854 0.003500
0 0.418750 0.478500 0.005208 0.005000
0 0.423698 0.480875 0.006771 0.004750
0 0.389323 0.467625 0.006771 0.005750
0 0.396615 0.467000 0.008854 0.006500
0 0.437240 0.454750 0.006771 0.005500
0 0.446354 0.457125 0.008333 0.005250
0 0.442188 0.470500 0.005208 0.005000
0 0.447656 0.470250 0.006771 0.004500
0 0.462760 0.464500 0.006771 0.004000
0 0.450000 0.465250 0.007292 0.004500
0 0.452083 0.462500 0.008333 0.003000
0 0.439583 0.463125 0.005208 0.004750
0 0.444010 0.462750 0.005729 0.004500
0 0.418229 0.447875 0.007292 0.004750
0 0.434375 0.438875 0.009375 0.004250
0 0.424740 0.438125 0.006771 0.004250
0 0.413542 0.441750 0.007292 0.004500
0 0.408333 0.431875 0.007292 0.004750
0 0.411198 0.428750 0.007812 0.005000
0 0.420052 0.415250 0.007812 0.005000
0 0.408073 0.422125 0.004687 0.004750
0 0.412500 0.422125 0.005208 0.005750
0 0.346094 0.360375 0.007812 0.004250
0 0.352083 0.362500 0.006250 0.006000
0 0.362500 0.389750 0.004167 0.005500
0 0.367708 0.391125 0.006250 0.005250
0 0.380729 0.384250 0.005208 0.004500
0 0.385156 0.384750 0.005729 0.005000
0 0.344271 0.318875 0.006250 0.005250
0 0.349219 0.318000 0.006771 0.005000
0 0.252604 0.239000 0.010417 0.004000
0 0.572656 0.550875 0.008854 0.004750
0 0.568490 0.472750 0.008854 0.005000
0 0.575260 0.491000 0.007812 0.004000
0 0.577083 0.494875 0.009375 0.003250
0 0.664323 0.351750 0.005729 0.005000
0 0.669792 0.349625 0.008333 0.003750
0 0.647656 0.377000 0.008854 0.003500
0 0.646615 0.373125 0.004687 0.005750
0 0.652344 0.372000 0.006771 0.003500
0 0.682292 0.507375 0.008333 0.005750
0 0.735938 0.489125 0.007292 0.006250
0 0.797917 0.474625 0.006250 0.003250
0 0.804167 0.475000 0.008333 0.004500
0 0.799740 0.463000 0.009896 0.003000
0 0.795833 0.460500 0.008333 0.004000
0 0.776042 0.469000 0.005208 0.005000
0 0.782292 0.469750 0.006250 0.004500
0 0.885677 0.437250 0.006771 0.005500
0 0.916667 0.425375 0.010417 0.005250
0 0.956250 0.408500 0.006250 0.005000
0 0.963281 0.408750 0.006771 0.005000
0 0.927865 0.602000 0.005729 0.003500
0 0.927083 0.598250 0.012500 0.003000
0 0.921094 0.601125 0.005729 0.004750
0 0.903385 0.578750 0.009896 0.005000
0 0.882031 0.585625 0.006771 0.004250
0 0.838021 0.589250 0.007292 0.004500
0 0.806771 0.594750 0.008333 0.004000
0 0.791406 0.585875 0.007812 0.003250
0 0.804948 0.588875 0.004687 0.003750
0 0.799219 0.589000 0.007812 0.004000
0 0.796094 0.587500 0.004687 0.004500
0 0.869531 0.583875 0.003646 0.004250
0 0.873958 0.584250 0.004167 0.005000
0 0.735417 0.569625 0.010417 0.002250
0 0.741146 0.572375 0.010417 0.003250
0 0.735156 0.576125 0.009896 0.003250
0 0.730729 0.573000 0.011458 0.004000
0 0.794271 0.574000 0.008333 0.003000
0 0.794010 0.576750 0.008854 0.004500
0 0.631771 0.564875 0.008333 0.003750
0 0.631250 0.571375 0.008333 0.004750
0 0.635677 0.570375 0.008854 0.003750
0 0.774740 0.623875 0.006771 0.004250
0 0.679948 0.298625 0.005729 0.007250
0 0.686458 0.299875 0.007292 0.005750
0 0.796615 0.248125 0.008854 0.005750
0 0.654948 0.204125 0.008854 0.005250
0 0.867188 0.209500 0.008333 0.006500
0 0.794531 0.161500 0.008854 0.006500
0 0.894010 0.075125 0.010937 0.005250
0 0.443490 0.477625 0.004687 0.004250
0 0.448958 0.480125 0.005208 0.005250
0 0.453646 0.480125 0.005208 0.004750
0 0.458854 0.479250 0.005208 0.003500
0 0.461198 0.476375 0.005729 0.003750
0 0.423437 0.453500 0.004167 0.005000
0 0.428646 0.453750 0.005208 0.005000
0 0.127604 0.496625 0.008333 0.005750
0 0.133333 0.493875 0.010417 0.004250
0 0.124740 0.486500 0.008854 0.004500
0 0.126823 0.484625 0.007812 0.002750
0 0.409635 0.156125 0.008854 0.004750
0 0.945052 0.201750 0.013021 0.006500
