0 0.336979 0.299625 0.012500 0.007750
0 0.367708 0.301125 0.006250 0.007250
0 0.372917 0.304000 0.010417 0.006000
0 0.396615 0.322000 0.007812 0.006000
0 0.395313 0.318375 0.005208 0.006250
0 0.390885 0.318250 0.006771 0.007000
0 0.386458 0.330875 0.008333 0.005250
0 0.360156 0.334250 0.007812 0.007000
0 0.368750 0.359625 0.007292 0.007750
0 0.349219 0.384500 0.009896 0.007500
0 0.333594 0.413000 0.008854 0.007000
0 0.351302 0.438250 0.007812 0.005500
0 0.364323 0.407125 0.008854 0.007750
0 0.379688 0.390750 0.009375 0.008500
0 0.383073 0.380625 0.006771 0.003750
0 0.384635 0.379250 0.009896 0.004000
0 0.392188 0.365125 0.011458 0.004750
0 0.411458 0.372125 0.010417 0.007750
0 0.398177 0.345875 0.009896 0.006750
0 0.395573 0.340875 0.011979 0.003750
0 0.433333 0.309250 0.008333 0.006500
0 0.609896 0.275375 0.013542 0.005250
0 0.613281 0.268750 0.008854 0.008500
0 0.581771 0.302750 0.009375 0.009000
0 0.576042 0.302000 0.007292 0.007500
0 0.517448 0.355375 0.011979 0.002750
0 0.516146 0.352875 0.015625 0.003250
0 0.496615 0.360375 0.010937 0.008250
0 0.493490 0.354750 0.013021 0.007000
0 0.459115 0.382750 0.008854 0.008500
0 0.475000 0.377625 0.013542 0.005250
0 0.470573 0.376250 0.013021 0.003500
0 0.461979 0.373375 0.012500 0.004250
0 0.463802 0.371375 0.009896 0.003750
0 0.454167 0.391125 0.015625 0.004750
0 0.416667 0.422625 0.014583 0.004250
0 0.422656 0.440125 0.006771 0.005750
0 0.424479 0.435625 0.008333 0.004250
0 0.434115 0.430625 0.014063 0.004250
0 0.433594 0.428875 0.010937 0.004250
0 0.442448 0.421625 0.007812 0.006250
0 0.459896 0.423000 0.008333 0.005500
0 0.458854 0.410875 0.008333 0.006250
0 0.467448 0.411500 0.008854 0.005500
0 0.490885 0.406125 0.005729 0.003750
0 0.485937 0.406500 0.005208 0.005000
0 0.475260 0.408750 0.008854 0.005000
0 0.478646 0.410250 0.006250 0.004000
0 0.489063 0.397500 0.010417 0.006000
0 0.524740 0.389000 0.014063 0.005000
0 0.533333 0.371000 0.014583 0.006500
0 0.541406 0.361125 0.010937 0.007250
0 0.563281 0.347250 0.017188 0.006000
0 0.600000 0.336375 0.016667 0.005250
0 0.601823 0.331000 0.007812 0.006500
0 0.610417 0.331250 0.007292 0.006000
0 0.662240 0.312500 0.011979 0.005500
0 0.661458 0.310875 0.010417 0.005750
0 0.696354 0.305250 0.010417 0.005500
0 0.674740 0.296750 0.010937 0.005500
0 0.655208 0.293000 0.014583 0.004000
0 0.667969 0.288625 0.007812 0.008250
0 0.681510 0.290250 0.008854 0.005000
0 0.678125 0.289625 0.011458 0.007250
0 0.680208 0.299875 0.009375 0.005250
0 0.697656 0.271500 0.008854 0.007000
0 0.688802 0.272125 0.007812 0.007250
0 0.685156 0.266625 0.010937 0.007750
0 0.724740 0.283875 0.007812 0.007250
0 0.719271 0.283875 0.007292 0.005750
0 0.685937 0.465250 0.007292 0.006000
0 0.685156 0.459125 0.010937 0.006250
0 0.688281 0.458500 0.007812 0.005000
0 0.711979 0.451625 0.007292 0.005250
0 0.716406 0.450875 0.010937 0.006750
0 0.836979 0.436125 0.015625 0.003750
0 0.848958 0.431500 0.016667 0.005500
0 0.864323 0.468250 0.017188 0.006500
0 0.808854 0.465875 0.006250 0.006250
0 0.802604 0.465375 0.006250 0.008750
0 0.791146 0.468250 0.007292 0.007000
0 0.477083 0.535375 0.012500 0.006750
0 0.488021 0.538375 0.008333 0.007750
0 0.562760 0.544875 0.008854 0.005750
0 0.548698 0.548875 0.013021 0.003750
0 0.550000 0.547000 0.013542 0.004000
0 0.632552 0.561500 0.008854 0.007500
0 0.647135 0.573000 0.009896 0.006000
0 0.621875 0.565000 0.009375 0.006500
0 0.670052 0.559875 0.006771 0.006250
0 0.664323 0.559875 0.005729 0.006250
0 0.695052 0.570250 0.016146 0.005000
0 0.690625 0.580125 0.009375 0.007750
0 0.744792 0.571750 0.007292 0.006500
0 0.751563 0.572250 0.007292 0.007000
0 0.763802 0.575000 0.006771 0.006000
0 0.766406 0.581750 0.009896 0.006500
0 0.755208 0.592375 0.013542 0.003750
0 0.751563 0.596125 0.014583 0.003750
0 0.777865 0.589500 0.009896 0.005500
0 0.803906 0.603000 0.017188 0.003000
0 0.802604 0.600625 0.013542 0.002750
0 0.829688 0.592500 0.009375 0.006500
0 0.799740 0.581750 0.008854 0.006000
0 0.803125 0.580500 0.008333 0.005000
0 0.776563 0.550875 0.011458 0.005750
0 0.843490 0.567750 0.009896 0.004500
0 0.811458 0.612750 0.006250 0.008000
0 0.818229 0.611750 0.007292 0.006500
0 0.822656 0.609500 0.006771 0.006500
0 0.826562 0.607250 0.007292 0.007500
0 0.827865 0.614875 0.010937 0.004250
0 0.834375 0.616375 0.010417 0.005250
0 0.898958 0.643750 0.009375 0.004000
0 0.901823 0.642625 0.009896 0.004250
0 0.987760 0.647125 0.011979 0.006250
0 0.442188 0.561500 0.012500 0.005000
0 0.488802 0.576375 0.006771 0.003750
0 0.497917 0.578250 0.006250 0.004500
0 0.504948 0.580375 0.006771 0.005250
0 0.681510 0.630500 0.009896 0.007500
0 0.720833 0.629500 0.012500 0.004500
0 0.695833 0.627750 0.009375 0.004000
0 0.700000 0.628250 0.005208 0.003500
0 0.744010 0.631500 0.010937 0.004000
0 0.893750 0.669750 0.014583 0.006500
0 0.915365 0.674000 0.015104 0.006500
0 0.877344 0.677875 0.015104 0.005250
0 0.865104 0.671375 0.015625 0.004750
0 0.873437 0.670875 0.014583 0.006250
0 0.872135 0.679625 0.008854 0.003250
0 0.873698 0.683125 0.010937 0.006250
0 0.882292 0.683250 0.014583 0.005500
0 0.946875 0.711000 0.015625 0.006000
0 0.892188 0.711625 0.015625 0.003750
0 0.891146 0.708125 0.015625 0.003750
0 0.887500 0.701125 0.013542 0.002750
0 0.889062 0.699000 0.014583 0.003500
0 0.888802 0.748750 0.013021 0.006000
0 0.858854 0.727625 0.015625 0.002750
0 0.859115 0.730000 0.010937 0.003000
0 0.780208 0.670125 0.011458 0.008250
0 0.354687 0.591625 0.009375 0.007250
0 0.368229 0.593750 0.008333 0.006500
0 0.312500 0.613875 0.008333 0.008250
0 0.395313 0.633875 0.011458 0.005250
0 0.410677 0.637000 0.009896 0.004000
0 0.392188 0.644125 0.011458 0.004250
0 0.405469 0.647500 0.010937 0.004500
0 0.397396 0.650250 0.007292 0.007500
0 0.429948 0.648125 0.011979 0.005750
0 0.447135 0.656875 0.011979 0.004750
0 0.428906 0.675000 0.008854 0.006000
0 0.420312 0.674125 0.009375 0.005750
0 0.483333 0.675500 0.010417 0.004000
0 0.478125 0.701125 0.010417 0.004750
0 0.462240 0.699125 0.010937 0.004250
0 0.458333 0.704625 0.009375 0.005250
0 0.510938 0.714500 0.007292 0.006500
0 0.520312 0.711250 0.009375 0.005500
0 0.543750 0.704000 0.009375 0.005500
0 0.471094 0.726250 0.015104 0.004500
0 0.492448 0.751750 0.009896 0.003000
0 0.492708 0.754500 0.007292 0.003000
0 0.488021 0.757375 0.009375 0.002750
0 0.498698 0.754875 0.006771 0.003750
0 0.501563 0.753250 0.007292 0.003000
0 0.410938 0.737875 0.004167 0.005750
0 0.415625 0.738750 0.005208 0.005000
0 0.420833 0.698000 0.005208 0.004000
0 0.176302 0.665000 0.013021 0.006000
0 0.195312 0.663250 0.011458 0.008500
0 0.193750 0.673750 0.012500 0.010000
0 0.173698 0.714750 0.011979 0.008500
0 0.196094 0.700000 0.007812 0.009500
0 0.189583 0.700250 0.006250 0.008000
0 0.688542 0.600000 0.012500 0.004000
