0 0.246354 0.643000 0.011458 0.007500
0 0.266667 0.630000 0.017708 0.004000
0 0.235677 0.602250 0.018229 0.004000
0 0.304688 0.587625 0.013542 0.006750
0 0.258073 0.479250 0.009896 0.005500
0 0.227865 0.415875 0.010937 0.007750
0 0.173958 0.415000 0.008333 0.006500
0 0.173698 0.410125 0.016146 0.003250
0 0.658333 0.305750 0.012500 0.005000
0 0.607812 0.317250 0.008333 0.006000
0 0.614323 0.316000 0.007812 0.006500
0 0.620313 0.314375 0.011458 0.006250
0 0.535677 0.345750 0.014063 0.005000
0 0.462500 0.433125 0.012500 0.005750
0 0.407031 0.557000 0.009896 0.006500
0 0.595833 0.510625 0.007292 0.005750
0 0.634115 0.491000 0.008854 0.005500
0 0.721354 0.470000 0.009375 0.006000
0 0.758854 0.461375 0.010417 0.004750
0 0.966146 0.356125 0.012500 0.005750
0 0.957812 0.613750 0.013542 0.006500
0 0.835677 0.616125 0.016146 0.006750
0 0.749479 0.588250 0.015625 0.005500
0 0.738021 0.611500 0.010417 0.006500
0 0.828906 0.598375 0.011979 0.004750
0 0.616667 0.603875 0.013542 0.004750
0 0.575000 0.695875 0.011458 0.006750
0 0.534896 0.664000 0.013542 0.006500
0 0.689063 0.731750 0.012500 0.006500
0 0.753385 0.732625 0.014063 0.005250
