0 0.483594 0.455375 0.022396 0.014750
0 0.492708 0.417500 0.027083 0.019000
0 0.457552 0.408250 0.022396 0.012500
0 0.332552 0.400250 0.023438 0.014000
0 0.775260 0.465500 0.028646 0.014000
0 0.737500 0.336750 0.025000 0.012000
0 0.706771 0.339500 0.022917 0.012000
0 0.782813 0.306000 0.025000 0.012500
0 0.795573 0.284875 0.023438 0.014750
0 0.807552 0.280750 0.027604 0.013000
0 0.809635 0.249500 0.031771 0.017000
0 0.913021 0.205750 0.025000 0.014000
0 0.370052 0.188000 0.019271 0.012500
0 0.462240 0.260125 0.029687 0.014250
0 0.453125 0.256750 0.034375 0.018500
0 0.345573 0.260375 0.020313 0.010250
0 0.384635 0.273375 0.015104 0.009250
0 0.369792 0.273375 0.014583 0.010250
0 0.378906 0.286125 0.030729 0.010750
0 0.409635 0.312750 0.021354 0.012000
0 0.432292 0.306000 0.014583 0.013500
0 0.443490 0.308750 0.030729 0.013500
0 0.450260 0.309000 0.030729 0.011000
0 0.454687 0.336750 0.028125 0.011000
0 0.244792 0.325000 0.025000 0.014500
0 0.226042 0.342125 0.026042 0.013250
0 0.448958 0.319750 0.020833 0.008000
0 0.451823 0.320000 0.016146 0.008000
0 0.450260 0.325875 0.017188 0.009750
0 0.449479 0.325875 0.014583 0.007750
