0 0.228646 0.621750 0.026042 0.020000
0 0.303646 0.603500 0.025000 0.012000
0 0.339583 0.530500 0.026042 0.017000
0 0.308333 0.514125 0.038542 0.014750
0 0.242448 0.488125 0.029687 0.016750
0 0.249219 0.487500 0.045312 0.018000
0 0.318750 0.485000 0.026042 0.012000
0 0.343750 0.500875 0.028125 0.014250
0 0.349479 0.489375 0.023958 0.010750
0 0.382292 0.517125 0.023958 0.014250
0 0.402604 0.497000 0.026042 0.012000
0 0.376823 0.480375 0.017188 0.010250
0 0.368229 0.456375 0.017708 0.015250
0 0.346094 0.456000 0.023438 0.009000
0 0.285417 0.460250 0.038542 0.012500
0 0.299740 0.453000 0.028646 0.013000
0 0.308594 0.439375 0.019271 0.008750
0 0.338802 0.449250 0.024479 0.011000
0 0.346615 0.445500 0.033854 0.012000
0 0.335417 0.433250 0.020833 0.011500
0 0.276562 0.432125 0.036458 0.013750
0 0.305990 0.424500 0.029687 0.014500
0 0.301302 0.416375 0.018229 0.010250
0 0.282813 0.403250 0.039583 0.020000
0 0.294792 0.403250 0.011458 0.012500
0 0.308854 0.406625 0.026042 0.014750
0 0.337500 0.412000 0.027083 0.014500
0 0.333594 0.400875 0.019271 0.010750
0 0.335938 0.392500 0.021875 0.012500
0 0.331250 0.381250 0.026042 0.013000
0 0.330990 0.368500 0.022396 0.012500
0 0.298698 0.371500 0.032813 0.015000
0 0.299219 0.372125 0.033854 0.016250
0 0.279948 0.360375 0.022396 0.011250
0 0.270313 0.362750 0.035417 0.011000
0 0.297917 0.390000 0.025000 0.011000
0 0.181510 0.410625 0.031771 0.014250
0 0.183073 0.398750 0.023438 0.012000
0 0.150781 0.449750 0.020313 0.015000
0 0.116146 0.450000 0.028125 0.020000
0 0.113281 0.451125 0.031771 0.016750
0 0.090625 0.468250 0.025000 0.011000
0 0.071094 0.477500 0.023438 0.012000
0 0.110417 0.502750 0.026042 0.012500
0 0.110156 0.511750 0.022396 0.014000
0 0.704948 0.560375 0.032813 0.017750
0 0.705729 0.559625 0.027083 0.015250
0 0.709635 0.537000 0.017188 0.012500
0 0.662500 0.552375 0.025000 0.009750
0 0.635938 0.535875 0.030208 0.017750
0 0.632031 0.536125 0.024479 0.017250
0 0.622396 0.537750 0.021875 0.014000
0 0.599219 0.529125 0.024479 0.017250
0 0.675260 0.515000 0.020313 0.012000
0 0.617708 0.498125 0.026042 0.014250
0 0.616927 0.496250 0.019271 0.014500
0 0.588542 0.504875 0.023958 0.013750
0 0.592448 0.495875 0.024479 0.009750
0 0.585417 0.487500 0.025000 0.010500
0 0.612760 0.481500 0.018229 0.013500
0 0.591406 0.475500 0.018229 0.012500
0 0.582812 0.467500 0.023958 0.012500
0 0.587240 0.457875 0.017188 0.010750
0 0.545052 0.460625 0.033854 0.020750
0 0.547656 0.459500 0.034896 0.014000
0 0.552865 0.434500 0.033854 0.014000
0 0.552083 0.433250 0.026042 0.011500
0 0.513542 0.436125 0.026042 0.016250
0 0.495052 0.422000 0.031771 0.013000
0 0.496094 0.423875 0.029687 0.015750
0 0.417448 0.404375 0.023438 0.014750
0 0.531250 0.410625 0.034375 0.019750
0 0.534635 0.410375 0.029687 0.013750
0 0.495052 0.394375 0.033854 0.014250
0 0.507031 0.386750 0.030729 0.017500
0 0.506510 0.387625 0.033854 0.015750
0 0.478125 0.379625 0.027083 0.010750
0 0.479687 0.379875 0.035417 0.011250
0 0.455990 0.366500 0.028646 0.012000
0 0.386198 0.340250 0.031771 0.014500
0 0.386979 0.339250 0.026042 0.012500
0 0.569271 0.281875 0.023958 0.015250
0 0.539062 0.318250 0.025000 0.013000
0 0.542188 0.319625 0.023958 0.016750
0 0.605469 0.309250 0.032813 0.017000
0 0.712500 0.306875 0.025000 0.015250
0 0.752083 0.318750 0.025000 0.011000
0 0.706250 0.333250 0.030208 0.011500
0 0.730469 0.353500 0.031771 0.012000
0 0.727865 0.352000 0.030729 0.013000
0 0.688802 0.353375 0.032813 0.013250
0 0.685156 0.362000 0.020313 0.010500
0 0.722656 0.376375 0.029687 0.020750
0 0.754167 0.377250 0.025000 0.012500
0 0.794531 0.391375 0.021354 0.016750
0 0.797396 0.390750 0.022917 0.014500
0 0.833594 0.394250 0.033854 0.017500
0 0.826823 0.396750 0.031771 0.014500
0 0.815625 0.410625 0.025000 0.011750
0 0.867448 0.385625 0.029687 0.019750
0 0.864844 0.377000 0.030729 0.012000
0 0.806510 0.339375 0.043229 0.017250
0 0.805990 0.340500 0.032813 0.014000
0 0.849479 0.332375 0.017708 0.016250
0 0.870833 0.410375 0.022917 0.014750
0 0.852865 0.418000 0.029687 0.018000
0 0.886198 0.414375 0.030729 0.014250
0 0.912240 0.428875 0.028646 0.021250
0 0.911198 0.428500 0.028646 0.019500
0 0.937760 0.451125 0.029687 0.013750
0 0.953646 0.442750 0.022917 0.013000
0 0.973437 0.450875 0.025000 0.010750
0 0.985938 0.438625 0.016667 0.013750
0 0.840365 0.229875 0.024479 0.020250
0 0.838021 0.229625 0.022917 0.016250
0 0.509115 0.202250 0.030729 0.013500
0 0.452604 0.297875 0.015625 0.007750
