0 0.434125 0.034375 0.004750 0.016667
0 0.444750 0.067708 0.008000 0.014583
0 0.436000 0.158073 0.006500 0.016146
0 0.405500 0.193750 0.005000 0.017708
0 0.397875 0.388542 0.009250 0.016667
0 0.423125 0.404687 0.006750 0.014583
0 0.427875 0.369792 0.003250 0.015625
0 0.424625 0.362240 0.005750 0.017188
0 0.462625 0.474479 0.009250 0.014583
0 0.456250 0.456250 0.005000 0.007292
0 0.492000 0.410677 0.005000 0.016146
0 0.493750 0.420312 0.007500 0.007292
0 0.470375 0.357292 0.006750 0.010417
0 0.548625 0.414583 0.006250 0.009375
0 0.560375 0.186979 0.007250 0.011458
0 0.526625 0.178646 0.005250 0.009375
0 0.576000 0.220312 0.002500 0.007292
0 0.577375 0.216146 0.004250 0.005208
0 0.585125 0.090365 0.007250 0.011979
0 0.604125 0.096094 0.004750 0.008854
0 0.641000 0.230469 0.005000 0.011979
0 0.533500 0.586198 0.006500 0.009896
0 0.535250 0.577083 0.008000 0.012500
0 0.534125 0.689063 0.006250 0.020833
0 0.548250 0.609896 0.006000 0.010417
0 0.561125 0.631771 0.006250 0.012500
0 0.554625 0.622396 0.009750 0.009375
0 0.578375 0.619531 0.008250 0.014063
0 0.605500 0.604167 0.007000 0.020833
0 0.607000 0.565885 0.006500 0.014063
0 0.610375 0.554427 0.007250 0.017188
0 0.619000 0.541406 0.009000 0.011979
0 0.674125 0.565625 0.006750 0.012500
0 0.691500 0.513021 0.005500 0.013542
0 0.731750 0.630208 0.007500 0.011458
0 0.770875 0.580208 0.008250 0.015625
0 0.742750 0.548438 0.009000 0.014583
0 0.767375 0.547396 0.007250 0.010417
0 0.879875 0.623698 0.006250 0.008854
0 0.878375 0.619792 0.005250 0.009375
0 0.855125 0.778646 0.009750 0.014583
0 0.809500 0.706510 0.009500 0.019271
0 0.731500 0.745573 0.008500 0.021354
0 0.712250 0.757552 0.009000 0.020313
0 0.601750 0.697135 0.006500 0.015104
0 0.602000 0.652083 0.010500 0.016667
0 0.708000 0.047135 0.013000 0.021354
