0 0.045052 0.610625 0.034896 0.015250
0 0.074479 0.587000 0.035417 0.010500
0 0.153646 0.601375 0.051042 0.020750
0 0.177604 0.602125 0.023958 0.014750
0 0.202865 0.597875 0.022396 0.013750
0 0.217188 0.622375 0.041667 0.016750
0 0.211979 0.630500 0.036458 0.018000
0 0.247135 0.660125 0.031771 0.020750
0 0.345052 0.690000 0.034896 0.020500
0 0.442448 0.660625 0.030729 0.014250
0 0.373958 0.635250 0.025000 0.012500
0 0.366667 0.618750 0.028125 0.012000
0 0.396354 0.623125 0.025000 0.011750
0 0.329688 0.614875 0.025000 0.016250
0 0.267448 0.609250 0.010937 0.010500
0 0.278385 0.600875 0.019271 0.010750
0 0.319531 0.595750 0.018229 0.011500
0 0.364323 0.564125 0.028646 0.014750
0 0.475000 0.600875 0.026042 0.016250
0 0.448177 0.617375 0.019271 0.011250
0 0.484375 0.635875 0.028125 0.014750
0 0.497396 0.659875 0.025000 0.014750
0 0.565365 0.638000 0.022396 0.012500
0 0.570833 0.618500 0.025000 0.010500
0 0.540365 0.604125 0.020313 0.014250
0 0.503385 0.584000 0.019271 0.007500
0 0.472396 0.571250 0.027083 0.014500
0 0.471094 0.570125 0.033854 0.015750
0 0.434635 0.553000 0.030729 0.018500
0 0.438021 0.556875 0.028125 0.016250
0 0.452083 0.547250 0.027083 0.013500
0 0.412500 0.544125 0.029167 0.015750
0 0.409635 0.534500 0.044271 0.014000
0 0.405990 0.533750 0.044271 0.011500
0 0.383594 0.522625 0.023438 0.010750
0 0.344010 0.536625 0.044271 0.016250
0 0.353906 0.531000 0.030729 0.013500
0 0.378906 0.504625 0.023438 0.009750
0 0.335417 0.509250 0.025000 0.010500
0 0.334896 0.493875 0.028125 0.015250
0 0.343229 0.485625 0.038542 0.014250
0 0.290104 0.484000 0.031250 0.013000
0 0.296875 0.473750 0.029167 0.013000
0 0.270833 0.499250 0.029167 0.012000
0 0.506771 0.478000 0.023958 0.008500
0 0.567448 0.492625 0.033854 0.014250
0 0.569792 0.493750 0.025000 0.014000
0 0.594010 0.496500 0.021354 0.013000
0 0.592969 0.497375 0.021354 0.010250
0 0.608333 0.476625 0.025000 0.017750
0 0.560156 0.470625 0.030729 0.014750
0 0.556771 0.462000 0.026042 0.013500
0 0.603906 0.509500 0.018229 0.011000
0 0.603125 0.527500 0.026042 0.012000
0 0.622656 0.536750 0.019271 0.012000
0 0.610938 0.584000 0.026042 0.015000
0 0.635938 0.563000 0.026042 0.011500
0 0.684635 0.649000 0.034896 0.019000
0 0.685156 0.648875 0.029687 0.015750
0 0.729427 0.645500 0.022396 0.012000
0 0.740625 0.629625 0.022917 0.009750
0 0.748177 0.621250 0.023438 0.011500
0 0.706250 0.697875 0.012500 0.011250
0 0.805990 0.790500 0.017188 0.013000
0 0.883333 0.745500 0.015625 0.013000
0 0.882292 0.733000 0.015625 0.012000
0 0.896875 0.751625 0.015625 0.013750
0 0.922917 0.755125 0.013542 0.014250
0 0.928125 0.765750 0.014583 0.010500
0 0.930990 0.773625 0.020313 0.015250
0 0.948437 0.770125 0.023958 0.013750
0 0.952604 0.786375 0.027083 0.015750
0 0.954167 0.790875 0.033333 0.021250
0 0.944010 0.817125 0.021354 0.015250
0 0.993490 0.801000 0.011979 0.013500
0 0.978385 0.777250 0.029687 0.012500
0 0.960938 0.689750 0.035417 0.019000
0 0.895312 0.663875 0.026042 0.009750
0 0.960417 0.691625 0.029167 0.016250
0 0.805208 0.626625 0.022917 0.011250
0 0.826302 0.626750 0.017188 0.012500
0 0.844271 0.608125 0.026042 0.014750
0 0.861458 0.619250 0.037500 0.017500
0 0.872656 0.610875 0.015104 0.011250
0 0.890625 0.614625 0.026042 0.010250
0 0.899740 0.601750 0.032813 0.019000
0 0.900521 0.599500 0.025000 0.017000
0 0.896875 0.575750 0.027083 0.013000
0 0.934375 0.578750 0.020833 0.011500
0 0.952083 0.588375 0.026042 0.016250
0 0.955208 0.588875 0.028125 0.014250
0 0.973958 0.579875 0.017708 0.011250
0 0.789323 0.542625 0.031771 0.014250
0 0.786458 0.542625 0.028125 0.015250
0 0.824740 0.540750 0.031771 0.013500
0 0.801823 0.522000 0.031771 0.012000
0 0.814844 0.496500 0.044271 0.017500
0 0.812760 0.494500 0.030729 0.012500
0 0.858594 0.500875 0.022396 0.009750
0 0.856771 0.493750 0.021875 0.007500
0 0.877865 0.487000 0.022396 0.012500
0 0.834115 0.478250 0.017188 0.012500
0 0.855208 0.460625 0.027083 0.019750
0 0.857812 0.462750 0.026042 0.019500
0 0.872656 0.454625 0.019271 0.011750
0 0.877083 0.471500 0.023958 0.014000
0 0.891927 0.463875 0.017188 0.011750
0 0.915885 0.467125 0.019271 0.011750
0 0.921094 0.456500 0.019271 0.011500
0 0.912240 0.447125 0.019271 0.015250
0 0.887240 0.445750 0.019271 0.011500
0 0.895833 0.430125 0.017708 0.008750
0 0.924219 0.440000 0.016146 0.012000
0 0.931510 0.421500 0.023438 0.011000
0 0.923698 0.403000 0.032813 0.023000
0 0.921875 0.407375 0.029167 0.019750
0 0.989583 0.416250 0.019792 0.013500
0 0.991146 0.411000 0.016667 0.008500
0 0.989323 0.398875 0.019271 0.008250
0 0.982552 0.386625 0.017188 0.008750
0 0.958073 0.379875 0.020313 0.010250
0 0.859635 0.361625 0.020313 0.009750
0 0.209635 0.387000 0.043229 0.018000
0 0.290625 0.389375 0.043750 0.016250
0 0.440885 0.377250 0.031771 0.012500
0 0.476302 0.387250 0.028646 0.016500
0 0.521615 0.387250 0.030729 0.018500
0 0.521094 0.386625 0.029687 0.015250
0 0.537500 0.374750 0.023958 0.011000
0 0.538802 0.353000 0.019271 0.011000
0 0.509115 0.354875 0.032813 0.009250
0 0.532552 0.410875 0.020313 0.009250
0 0.531771 0.424750 0.026042 0.010000
0 0.511979 0.429625 0.027083 0.010750
0 0.541406 0.431750 0.033854 0.013000
0 0.528385 0.446500 0.021354 0.013000
0 0.457552 0.452750 0.031771 0.013500
0 0.546354 0.440250 0.026042 0.010500
0 0.572656 0.442750 0.028646 0.013000
0 0.570573 0.441875 0.032813 0.013750
0 0.596354 0.386375 0.026042 0.009250
0 0.600000 0.355500 0.026042 0.020000
0 0.491667 0.335125 0.031250 0.014250
0 0.495052 0.333750 0.024479 0.010500
0 0.411458 0.315250 0.025000 0.011500
0 0.513281 0.290750 0.031771 0.013500
0 0.496094 0.282625 0.022396 0.011250
0 0.516667 0.273500 0.029167 0.012500
0 0.594792 0.268250 0.029167 0.011000
0 0.628646 0.311500 0.020833 0.011500
0 0.899740 0.290500 0.021354 0.010000
0 0.467448 0.267625 0.032813 0.015250
0 0.468490 0.269875 0.036979 0.014250
0 0.463281 0.256000 0.031771 0.010500
0 0.460677 0.254625 0.019271 0.013250
0 0.423698 0.232875 0.020313 0.008750
0 0.397656 0.208750 0.024479 0.020000
0 0.399479 0.212500 0.026042 0.014500
0 0.429427 0.191375 0.020313 0.010250
0 0.496094 0.222625 0.020313 0.010750
0 0.513281 0.209250 0.020313 0.007000
0 0.508073 0.206000 0.017188 0.011500
0 0.349479 0.127125 0.021875 0.014750
0 0.351042 0.127375 0.013542 0.008750
0 0.432031 0.132875 0.021354 0.014250
