0 0.450521 0.564875 0.015625 0.006250
0 0.468490 0.547250 0.011979 0.007000
0 0.501042 0.573250 0.012500 0.007000
0 0.504167 0.571625 0.012500 0.005750
0 0.586979 0.433500 0.015625 0.006000
0 0.459896 0.420750 0.011458 0.008500
0 0.469271 0.400375 0.014583 0.006750
0 0.435677 0.382375 0.014063 0.009750
0 0.378125 0.379125 0.011458 0.008250
0 0.360677 0.388000 0.007812 0.008500
0 0.368750 0.392375 0.013542 0.007250
0 0.388802 0.388750 0.011979 0.009000
0 0.467708 0.266125 0.011458 0.009250
0 0.661458 0.608375 0.016667 0.008250
0 0.780990 0.566625 0.008854 0.007250
0 0.810156 0.560000 0.015104 0.006000
0 0.795052 0.550875 0.009896 0.006750
0 0.820312 0.542750 0.014583 0.006000
0 0.826042 0.535750 0.015625 0.006500
0 0.787760 0.524500 0.011979 0.008000
0 0.766406 0.510250 0.017188 0.006500
0 0.871354 0.519250 0.017708 0.005500
0 0.758854 0.480625 0.015625 0.003250
0 0.863281 0.440875 0.016146 0.006750
0 0.803646 0.627125 0.020833 0.005750
0 0.652083 0.676625 0.010417 0.006250
