0 0.078646 0.376000 0.016667 0.005500
0 0.087500 0.394875 0.011458 0.007750
0 0.089063 0.451625 0.013542 0.006750
0 0.155990 0.438750 0.011979 0.004000
0 0.165625 0.442750 0.010417 0.006000
0 0.191927 0.452000 0.016146 0.005000
0 0.217448 0.465625 0.013021 0.003750
0 0.236719 0.480375 0.011979 0.007750
0 0.239062 0.489750 0.010417 0.005500
0 0.241146 0.488875 0.008333 0.004750
0 0.267188 0.495750 0.005208 0.006000
0 0.272135 0.496375 0.005729 0.007750
0 0.375521 0.558750 0.010417 0.006000
0 0.328646 0.511625 0.008333 0.002250
0 0.327865 0.509375 0.013021 0.003250
0 0.302604 0.499750 0.010417 0.003500
0 0.302604 0.497875 0.008333 0.002250
0 0.175781 0.421500 0.008854 0.003500
0 0.174219 0.419500 0.009896 0.003500
0 0.136719 0.400000 0.009896 0.007000
0 0.267188 0.330750 0.014583 0.004500
0 0.257292 0.345500 0.009375 0.007500
0 0.265885 0.347000 0.007812 0.006000
0 0.270833 0.346500 0.009375 0.006500
0 0.269792 0.338250 0.014583 0.003000
0 0.269531 0.335750 0.014063 0.003000
0 0.235417 0.329125 0.011458 0.006250
0 0.236979 0.327750 0.010417 0.005000
0 0.275521 0.373125 0.011458 0.007250
0 0.274219 0.379875 0.016146 0.005750
0 0.304427 0.395750 0.007812 0.007500
0 0.292448 0.393500 0.009896 0.008000
0 0.288281 0.401875 0.013021 0.004750
0 0.290104 0.408750 0.010417 0.007500
0 0.273958 0.409125 0.016667 0.005250
0 0.306510 0.408125 0.010937 0.006250
0 0.313542 0.418875 0.010417 0.005750
0 0.311198 0.424500 0.011979 0.006000
0 0.323958 0.437625 0.010417 0.008250
0 0.401042 0.494625 0.010417 0.003750
0 0.400260 0.498500 0.007812 0.004000
0 0.382552 0.437000 0.013021 0.006000
0 0.352604 0.427000 0.010417 0.005000
0 0.355469 0.425625 0.007812 0.003750
0 0.354167 0.417125 0.011458 0.006250
0 0.340625 0.413250 0.009375 0.006500
0 0.362240 0.395750 0.011979 0.006500
0 0.356771 0.365875 0.012500 0.004750
0 0.339062 0.283375 0.013542 0.007250
0 0.518750 0.486125 0.011458 0.004250
0 0.519792 0.484500 0.011458 0.003500
0 0.543750 0.456375 0.010417 0.005250
0 0.546615 0.454875 0.010937 0.003750
0 0.792448 0.205625 0.008854 0.006250
0 0.796875 0.204500 0.008333 0.005500
0 0.864844 0.186000 0.009896 0.005000
0 0.878125 0.197625 0.006250 0.006250
0 0.728125 0.291375 0.011458 0.005750
0 0.682292 0.314125 0.011458 0.005250
0 0.608854 0.400000 0.010417 0.005000
0 0.607812 0.543500 0.007292 0.005000
0 0.841927 0.408375 0.009896 0.006750
0 0.931510 0.549125 0.010937 0.006250
0 0.984896 0.330000 0.013542 0.007500
