0 0.147396 0.569625 0.010417 0.005250
0 0.239062 0.551000 0.011458 0.005000
0 0.220833 0.525000 0.009375 0.003500
0 0.227865 0.523125 0.010937 0.004250
0 0.135677 0.479750 0.009896 0.006000
0 0.142448 0.473125 0.005729 0.005750
0 0.147656 0.474750 0.004687 0.004500
0 0.113281 0.451375 0.005729 0.005250
0 0.108854 0.451000 0.005208 0.004000
0 0.095052 0.304500 0.008854 0.003000
0 0.095052 0.303125 0.009896 0.002250
0 0.086719 0.329750 0.008854 0.003500
0 0.085156 0.328125 0.008854 0.003250
0 0.082031 0.341375 0.011979 0.004250
0 0.154948 0.349625 0.003646 0.004250
0 0.159375 0.349750 0.005208 0.005500
0 0.145052 0.359625 0.008854 0.006750
0 0.161719 0.371000 0.013021 0.004000
0 0.092188 0.387875 0.010417 0.006750
0 0.158333 0.403500 0.013542 0.005000
0 0.181771 0.393125 0.010417 0.003750
0 0.183333 0.391125 0.009375 0.002250
0 0.140104 0.416250 0.005208 0.006000
0 0.144271 0.416000 0.005208 0.005000
0 0.121875 0.424125 0.011458 0.005750
0 0.179688 0.420500 0.010417 0.004000
0 0.168750 0.435000 0.010417 0.004000
0 0.163802 0.432625 0.005729 0.005250
0 0.159896 0.432500 0.005208 0.005500
0 0.193490 0.442375 0.010937 0.006750
0 0.158594 0.452000 0.005729 0.006000
0 0.162760 0.451875 0.006771 0.005250
0 0.205208 0.460375 0.004167 0.005250
0 0.209896 0.460625 0.005208 0.005750
0 0.198698 0.474000 0.009896 0.006000
0 0.180208 0.491875 0.009375 0.005250
0 0.288802 0.505500 0.006771 0.005500
0 0.296875 0.484375 0.008333 0.006250
0 0.316406 0.485250 0.006771 0.006000
0 0.312500 0.484625 0.005208 0.004750
0 0.325781 0.473625 0.010937 0.003750
0 0.323958 0.472000 0.009375 0.003000
0 0.336979 0.455375 0.006250 0.005250
0 0.333333 0.455000 0.007292 0.004500
0 0.338281 0.411500 0.007812 0.006000
0 0.332813 0.412125 0.005208 0.006250
0 0.329948 0.391375 0.011979 0.006750
0 0.370833 0.329500 0.011458 0.003000
0 0.369531 0.328250 0.011979 0.003500
0 0.368229 0.326250 0.010417 0.003000
0 0.401562 0.271750 0.011458 0.003500
0 0.400260 0.270000 0.013021 0.004500
0 0.398177 0.268375 0.011979 0.003250
0 0.511198 0.274500 0.010937 0.004000
0 0.435417 0.312250 0.008333 0.005500
0 0.419271 0.309500 0.008333 0.006000
0 0.421354 0.308750 0.006250 0.005500
0 0.455469 0.314125 0.008854 0.003750
0 0.457031 0.312375 0.008854 0.002750
0 0.460417 0.319375 0.010417 0.004750
0 0.454167 0.323250 0.010417 0.005000
0 0.440625 0.320750 0.006250 0.005000
0 0.437760 0.325875 0.008854 0.005750
0 0.445833 0.327125 0.009375 0.004250
0 0.447396 0.324125 0.007292 0.003250
0 0.442969 0.331000 0.010937 0.003500
0 0.452865 0.342000 0.006771 0.005500
0 0.447917 0.344250 0.007292 0.004500
0 0.444792 0.343125 0.007292 0.004750
0 0.443229 0.358375 0.007292 0.006250
0 0.427604 0.385500 0.007292 0.003500
0 0.370573 0.430375 0.009896 0.005750
0 0.369531 0.408375 0.007812 0.004750
0 0.371354 0.409375 0.005208 0.003750
0 0.355208 0.452875 0.007292 0.004250
0 0.360677 0.456375 0.009896 0.003750
0 0.354427 0.463375 0.006771 0.006250
0 0.347656 0.467375 0.007812 0.005750
0 0.345052 0.474000 0.006771 0.004500
0 0.357812 0.479875 0.009375 0.005250
0 0.326302 0.510375 0.006771 0.005750
0 0.355729 0.504875 0.004167 0.005750
0 0.359896 0.504750 0.004167 0.004500
0 0.354167 0.505500 0.004167 0.004500
0 0.313281 0.531000 0.005729 0.004000
0 0.352865 0.474125 0.006771 0.004750
0 0.354687 0.473500 0.006250 0.004500
0 0.309896 0.562375 0.008333 0.006250
0 0.272917 0.574375 0.008333 0.002750
0 0.350260 0.541125 0.009896 0.007250
0 0.386719 0.524750 0.007812 0.004500
0 0.526563 0.454875 0.010417 0.003750
0 0.524479 0.453500 0.008333 0.003000
0 0.567187 0.432875 0.009375 0.002250
0 0.566667 0.431500 0.011458 0.002500
0 0.572396 0.428875 0.011458 0.003750
0 0.593750 0.417625 0.007292 0.005750
0 0.601823 0.414625 0.007812 0.004250
0 0.797396 0.374875 0.010417 0.005750
0 0.629948 0.410875 0.007812 0.006250
0 0.635938 0.409875 0.008333 0.004750
0 0.588542 0.432750 0.008333 0.006000
0 0.596354 0.426875 0.003125 0.004250
0 0.599740 0.426875 0.005729 0.004750
0 0.601562 0.425000 0.006250 0.004500
0 0.554167 0.451500 0.007292 0.005500
0 0.543750 0.455875 0.006250 0.004750
0 0.546354 0.454000 0.006250 0.004000
0 0.541146 0.457625 0.004167 0.003750
0 0.536979 0.457500 0.005208 0.005500
0 0.524479 0.467000 0.004167 0.003500
0 0.521094 0.467125 0.006771 0.005250
0 0.458594 0.501000 0.004687 0.004000
0 0.454687 0.501000 0.007292 0.005000
0 0.425521 0.514750 0.007292 0.005000
0 0.410156 0.522875 0.004687 0.003250
0 0.413802 0.522000 0.005729 0.005000
0 0.405990 0.567000 0.008854 0.005000
0 0.412240 0.563000 0.009896 0.002000
0 0.411719 0.561250 0.011979 0.002000
0 0.519531 0.538250 0.006771 0.005000
0 0.527865 0.546625 0.011979 0.002250
0 0.526823 0.545000 0.010937 0.002500
0 0.589583 0.551000 0.009375 0.002000
0 0.588542 0.549375 0.011458 0.001750
0 0.613542 0.534125 0.011458 0.004750
0 0.634635 0.537375 0.011979 0.003750
0 0.651563 0.545250 0.012500 0.003000
0 0.667969 0.549000 0.008854 0.004500
0 0.671875 0.544250 0.008333 0.003500
0 0.667448 0.540625 0.008854 0.004250
0 0.643490 0.519375 0.009896 0.002250
0 0.643490 0.517500 0.010937 0.002000
0 0.674219 0.534375 0.008854 0.002250
0 0.673958 0.532875 0.010417 0.002250
0 0.671094 0.528875 0.010937 0.003250
0 0.688542 0.533500 0.009375 0.004000
0 0.689583 0.531875 0.009375 0.003250
0 0.724219 0.513375 0.009896 0.004250
0 0.718750 0.516250 0.005208 0.004500
0 0.722656 0.516000 0.006771 0.005000
0 0.775521 0.516500 0.007292 0.006500
0 0.782813 0.504125 0.009375 0.003750
0 0.707552 0.539500 0.007812 0.004000
0 0.718490 0.535375 0.008854 0.003250
0 0.725000 0.533000 0.011458 0.003500
0 0.696354 0.547500 0.009375 0.004000
0 0.695833 0.545625 0.007292 0.002750
0 0.742448 0.542375 0.007812 0.004250
0 0.747917 0.539875 0.010417 0.002750
0 0.750260 0.541875 0.009896 0.002250
0 0.755729 0.543250 0.009375 0.002000
0 0.762240 0.545000 0.010937 0.003000
0 0.781250 0.546000 0.011458 0.003000
0 0.774219 0.539625 0.008854 0.004250
0 0.785156 0.542625 0.006771 0.002250
0 0.784896 0.540875 0.009375 0.002250
0 0.807292 0.541000 0.009375 0.005500
0 0.822917 0.542000 0.010417 0.003000
0 0.826042 0.537625 0.009375 0.004250
0 0.837500 0.537750 0.009375 0.003500
0 0.863542 0.534375 0.012500 0.003250
0 0.849479 0.555625 0.009375 0.003750
0 0.851562 0.554125 0.009375 0.002750
0 0.816927 0.555625 0.009896 0.003750
0 0.818490 0.553500 0.008854 0.002500
0 0.814063 0.568250 0.011458 0.003500
0 0.806771 0.585625 0.011458 0.004250
0 0.789062 0.560500 0.012500 0.005000
0 0.746875 0.558375 0.008333 0.002250
0 0.745833 0.557125 0.009375 0.002250
0 0.748437 0.567250 0.009375 0.003500
0 0.746615 0.565625 0.008854 0.003250
0 0.651302 0.564875 0.010937 0.002750
0 0.646875 0.562250 0.009375 0.002000
0 0.647135 0.560875 0.010937 0.002250
0 0.629427 0.560125 0.006771 0.005750
0 0.440104 0.577000 0.008333 0.003500
0 0.442708 0.574500 0.008333 0.005000
0 0.346875 0.583250 0.006250 0.005000
0 0.806510 0.586250 0.008854 0.002000
0 0.548958 0.634375 0.010417 0.003750
0 0.550521 0.632875 0.009375 0.002750
0 0.582552 0.641625 0.013021 0.004250
0 0.458073 0.634000 0.010937 0.005000
0 0.492188 0.327750 0.012500 0.008500
0 0.491406 0.327250 0.008854 0.007500
