0 0.606250 0.370625 0.023958 0.010250
0 0.470573 0.485625 0.021354 0.013250
0 0.636979 0.478500 0.026042 0.013000
0 0.771615 0.494000 0.015104 0.013500
0 0.767188 0.515500 0.014583 0.013000
0 0.788021 0.533125 0.022917 0.008250
0 0.813542 0.541000 0.021875 0.012000
0 0.699740 0.571000 0.016146 0.014000
0 0.725781 0.577500 0.020313 0.011000
0 0.732031 0.592125 0.032813 0.010750
0 0.814844 0.632375 0.032813 0.016250
0 0.815885 0.631625 0.017188 0.010250
0 0.816927 0.616000 0.023438 0.011000
0 0.570312 0.614750 0.026042 0.013500
0 0.289323 0.531250 0.017188 0.011000
0 0.177865 0.565750 0.020313 0.013500
