0 0.179167 0.584750 0.025000 0.012500
0 0.185417 0.597250 0.035417 0.018000
0 0.175781 0.606250 0.024479 0.018500
0 0.395313 0.653875 0.029167 0.015750
0 0.403385 0.636125 0.016146 0.010750
0 0.453646 0.622375 0.023958 0.014750
0 0.584635 0.660875 0.047396 0.011250
0 0.424479 0.605625 0.039583 0.015250
0 0.422656 0.606000 0.035937 0.012500
0 0.429167 0.590000 0.025000 0.012000
0 0.367448 0.585875 0.019271 0.009250
0 0.381771 0.573125 0.027083 0.010750
0 0.336719 0.564625 0.020313 0.010250
0 0.357031 0.556750 0.018229 0.012000
0 0.379948 0.553250 0.021354 0.012500
0 0.321615 0.513250 0.020313 0.012000
0 0.300781 0.506500 0.021354 0.007000
0 0.263021 0.486375 0.015625 0.008250
0 0.300260 0.481875 0.029687 0.010750
0 0.304948 0.483500 0.033854 0.014000
0 0.353906 0.489375 0.021354 0.008750
0 0.377344 0.479875 0.022396 0.010250
0 0.446875 0.501125 0.037500 0.011250
0 0.508594 0.524750 0.024479 0.010000
0 0.621875 0.514625 0.022917 0.008250
0 0.640625 0.537750 0.028125 0.012000
0 0.635938 0.537250 0.023958 0.011000
0 0.651302 0.529375 0.027604 0.014750
0 0.696615 0.547500 0.027604 0.019500
0 0.695573 0.548625 0.031771 0.015250
0 0.742448 0.551125 0.019271 0.011250
0 0.839062 0.570250 0.025000 0.012500
0 0.902083 0.562500 0.023958 0.011500
0 0.915104 0.552000 0.025000 0.012000
0 0.914583 0.552750 0.026042 0.013500
0 0.929688 0.517875 0.027083 0.010250
0 0.934375 0.517125 0.017708 0.011750
0 0.863542 0.502750 0.021875 0.011500
0 0.863542 0.500875 0.023958 0.014250
0 0.796615 0.516250 0.032813 0.012500
0 0.761198 0.515250 0.035937 0.012500
0 0.747656 0.509500 0.018229 0.007500
0 0.745313 0.496750 0.025000 0.011500
0 0.719271 0.507625 0.022917 0.009250
0 0.693229 0.517875 0.025000 0.010250
0 0.639583 0.500500 0.026042 0.013500
0 0.640365 0.498375 0.044271 0.015750
0 0.650781 0.476125 0.023438 0.010250
0 0.965625 0.433125 0.023958 0.009250
0 0.952344 0.410125 0.018229 0.009750
0 0.911719 0.404125 0.033854 0.015250
0 0.884115 0.419125 0.019271 0.010250
0 0.860938 0.432750 0.017708 0.007000
0 0.788281 0.435875 0.020313 0.011250
0 0.778125 0.412500 0.029167 0.013500
0 0.802865 0.397875 0.020313 0.013750
0 0.827865 0.382625 0.020313 0.010250
0 0.838802 0.390750 0.021354 0.010500
0 0.700521 0.393250 0.026042 0.011000
0 0.695312 0.393250 0.027083 0.012000
0 0.689844 0.404875 0.020313 0.008250
0 0.667188 0.429875 0.036458 0.013750
0 0.604167 0.414250 0.023958 0.012500
0 0.620052 0.402500 0.021354 0.011000
0 0.619271 0.387750 0.026042 0.014000
0 0.615625 0.387250 0.023958 0.010000
0 0.589063 0.378250 0.015625 0.010500
0 0.649740 0.384875 0.021354 0.010250
0 0.651302 0.399750 0.024479 0.012000
0 0.646354 0.398875 0.014583 0.008250
0 0.569271 0.418125 0.021875 0.009750
0 0.455469 0.407875 0.041146 0.009750
0 0.463281 0.419375 0.020313 0.009750
0 0.472396 0.444500 0.025000 0.012500
0 0.500521 0.437000 0.025000 0.008000
0 0.416406 0.418250 0.017188 0.006500
0 0.421875 0.423375 0.014583 0.008250
0 0.400000 0.427500 0.025000 0.012000
0 0.397656 0.426875 0.029687 0.009750
0 0.386979 0.441000 0.028125 0.014000
0 0.364323 0.445125 0.015104 0.005750
0 0.344531 0.430750 0.018229 0.008500
0 0.285417 0.458125 0.027083 0.009250
0 0.282813 0.447375 0.021875 0.009250
0 0.267969 0.448375 0.017188 0.009250
0 0.241927 0.455375 0.019271 0.010250
0 0.252344 0.444000 0.021354 0.011500
0 0.210417 0.434625 0.026042 0.009750
0 0.202344 0.421250 0.028646 0.013500
0 0.245312 0.416375 0.023958 0.010250
0 0.241406 0.415000 0.031771 0.014000
0 0.259115 0.401375 0.021354 0.013250
0 0.265104 0.396250 0.025000 0.013500
0 0.292969 0.396750 0.028646 0.013500
0 0.290625 0.397125 0.035417 0.016250
0 0.306510 0.385625 0.019271 0.008750
0 0.468490 0.324125 0.021354 0.015250
0 0.444010 0.322750 0.022396 0.012500
0 0.171875 0.388375 0.023958 0.010750
0 0.171354 0.388375 0.027083 0.010750
0 0.189323 0.381250 0.024479 0.013000
0 0.196094 0.369875 0.020313 0.009750
0 0.164583 0.372625 0.027083 0.009750
0 0.154948 0.361125 0.019271 0.007750
0 0.154427 0.359250 0.020313 0.010500
0 0.157292 0.346500 0.026042 0.008500
0 0.155990 0.342625 0.021354 0.014250
0 0.173437 0.341625 0.025000 0.008750
0 0.179167 0.351375 0.022917 0.009750
0 0.184375 0.360000 0.028125 0.013000
0 0.198437 0.317125 0.029167 0.013250
0 0.176823 0.299000 0.031771 0.012500
0 0.032031 0.330750 0.020313 0.012000
0 0.142448 0.240750 0.019271 0.013500
0 0.138802 0.202000 0.017188 0.006500
0 0.132031 0.213125 0.017188 0.009250
0 0.194792 0.231000 0.027083 0.011500
0 0.524479 0.240500 0.034375 0.015000
0 0.612760 0.252125 0.016146 0.010250
0 0.521094 0.240500 0.022396 0.007500
0 0.515104 0.205750 0.026042 0.012000
0 0.639844 0.143250 0.018229 0.011000
