0 0.045573 0.612000 0.017188 0.005000
0 0.062240 0.597000 0.011979 0.006500
0 0.099219 0.606625 0.021354 0.005750
0 0.165104 0.617500 0.017708 0.006000
0 0.223958 0.618750 0.018750 0.006500
0 0.433333 0.618375 0.012500 0.005250
0 0.336198 0.493875 0.011979 0.006250
0 0.251823 0.450375 0.016146 0.006250
0 0.255208 0.462375 0.017708 0.004250
0 0.247135 0.465875 0.014063 0.007750
0 0.242448 0.457375 0.013021 0.003250
0 0.245312 0.459750 0.012500 0.005500
0 0.192969 0.413250 0.010937 0.006500
0 0.189844 0.410875 0.016146 0.005750
0 0.082812 0.371250 0.015625 0.005000
0 0.103385 0.362625 0.011979 0.006250
0 0.082812 0.362875 0.018750 0.005750
0 0.039844 0.339125 0.015104 0.005250
0 0.012240 0.369500 0.011979 0.005000
0 0.025000 0.367000 0.015625 0.006000
0 0.542708 0.455000 0.010417 0.008000
0 0.594531 0.409500 0.010937 0.009500
0 0.518490 0.395625 0.015104 0.009250
0 0.551042 0.378375 0.017708 0.006750
0 0.546094 0.341500 0.013021 0.007500
0 0.476823 0.337375 0.009896 0.007250
0 0.487240 0.338875 0.013021 0.008250
0 0.498958 0.263000 0.011458 0.006000
0 0.537240 0.296000 0.009896 0.006500
0 0.522656 0.293000 0.009896 0.009500
0 0.528906 0.293250 0.009896 0.007000
0 0.457813 0.240000 0.016667 0.005500
0 0.525781 0.193625 0.016146 0.006250
0 0.529427 0.191875 0.010937 0.008250
0 0.560156 0.143375 0.009896 0.006750
0 0.461979 0.107000 0.009375 0.009000
0 0.467969 0.103000 0.008854 0.007500
0 0.703906 0.506125 0.019271 0.005750
0 0.701042 0.467500 0.015625 0.005500
0 0.773698 0.430500 0.019271 0.006000
0 0.824740 0.430625 0.013021 0.008750
0 0.757292 0.380125 0.015625 0.007250
0 0.879687 0.387500 0.015625 0.007000
0 0.856510 0.383625 0.014063 0.006750
0 0.859375 0.380250 0.011458 0.005500
0 0.884375 0.358125 0.020833 0.006750
0 0.876302 0.333750 0.018229 0.006000
0 0.853906 0.332500 0.016146 0.007500
0 0.879167 0.315250 0.021875 0.006000
0 0.817708 0.301125 0.010417 0.009250
0 0.807292 0.303000 0.011458 0.005500
0 0.961979 0.311250 0.010417 0.009000
0 0.903906 0.298000 0.007812 0.011000
0 0.911458 0.298750 0.007292 0.009500
0 0.878906 0.244000 0.015104 0.009000
0 0.900000 0.203000 0.013542 0.009500
0 0.953646 0.176250 0.013542 0.006500
0 0.992969 0.237875 0.013021 0.007750
0 0.950521 0.550875 0.012500 0.005750
0 0.894271 0.566000 0.017708 0.007500
