0 0.095500 0.508333 0.008500 0.012500
0 0.151500 0.557813 0.006500 0.017708
0 0.141500 0.579427 0.006500 0.016146
0 0.189125 0.600260 0.009750 0.025521
0 0.224250 0.545833 0.010000 0.017708
0 0.233625 0.580469 0.007750 0.014063
0 0.231250 0.592448 0.006000 0.016146
0 0.253375 0.605990 0.007250 0.022396
0 0.256000 0.594531 0.005000 0.015104
0 0.274750 0.600781 0.010000 0.015104
0 0.273250 0.582812 0.007000 0.015625
0 0.288875 0.563021 0.009250 0.016667
0 0.301500 0.606510 0.008000 0.021354
0 0.289500 0.637760 0.008000 0.011979
0 0.316750 0.660937 0.010000 0.015625
0 0.327500 0.568490 0.008500 0.019271
0 0.348375 0.599740 0.008750 0.013021
0 0.353625 0.612500 0.006250 0.015625
0 0.354750 0.606250 0.005500 0.010417
0 0.359875 0.623958 0.004250 0.010417
0 0.375625 0.632292 0.007250 0.017708
0 0.377750 0.627865 0.008500 0.022396
0 0.291250 0.313542 0.004500 0.014583
0 0.290875 0.220312 0.006750 0.019792
0 0.322500 0.235937 0.008500 0.020833
0 0.275625 0.246615 0.005750 0.017188
0 0.278875 0.248438 0.005750 0.013542
0 0.307625 0.308854 0.006750 0.014583
0 0.326750 0.313802 0.007000 0.019271
0 0.326000 0.330208 0.006500 0.017708
0 0.357500 0.373698 0.007000 0.019271
0 0.343375 0.400260 0.005750 0.016146
0 0.342375 0.398177 0.010750 0.026562
0 0.368125 0.466146 0.007750 0.018750
0 0.478375 0.125781 0.009750 0.015104
0 0.466750 0.192969 0.005000 0.014063
0 0.469250 0.333333 0.010000 0.016667
0 0.488375 0.399740 0.008250 0.017188
0 0.489500 0.401302 0.008000 0.017188
0 0.470500 0.403646 0.014000 0.019792
0 0.472125 0.447135 0.007750 0.018229
0 0.472625 0.532292 0.006750 0.020833
0 0.483625 0.562760 0.006750 0.017188
0 0.454000 0.613281 0.007500 0.019271
0 0.495750 0.631510 0.006500 0.016146
0 0.481375 0.517188 0.007750 0.020833
0 0.485500 0.507812 0.008500 0.019792
0 0.535875 0.499479 0.007750 0.022917
0 0.534875 0.502604 0.011250 0.014583
0 0.541000 0.523438 0.008500 0.014583
0 0.561500 0.410156 0.006500 0.018229
0 0.563875 0.414062 0.007250 0.016667
0 0.582250 0.375521 0.009500 0.028125
0 0.587875 0.370052 0.009250 0.017188
0 0.592375 0.358073 0.006250 0.017188
0 0.591875 0.285156 0.009750 0.018229
0 0.591250 0.288021 0.008500 0.017708
0 0.614125 0.246094 0.007250 0.016146
0 0.602500 0.228125 0.005500 0.013542
0 0.614000 0.222396 0.004500 0.017708
0 0.645000 0.302083 0.006500 0.013542
0 0.506750 0.688021 0.005000 0.016667
0 0.400750 0.687760 0.006500 0.016146
0 0.549625 0.640885 0.005750 0.015104
0 0.554625 0.633073 0.007250 0.015104
0 0.561875 0.624479 0.006750 0.017708
0 0.584000 0.618229 0.007500 0.014583
0 0.612875 0.596094 0.007750 0.017188
0 0.623000 0.583594 0.009500 0.014063
0 0.634750 0.525000 0.009000 0.014583
0 0.646625 0.506250 0.009250 0.013542
0 0.644375 0.517708 0.009250 0.013542
0 0.659125 0.556250 0.008750 0.017708
0 0.684625 0.546615 0.008750 0.022396
0 0.688375 0.538802 0.009750 0.019271
0 0.688000 0.540365 0.008000 0.016146
0 0.696000 0.538281 0.006500 0.017188
0 0.721750 0.479427 0.007000 0.017188
0 0.732875 0.532031 0.006250 0.018229
0 0.742625 0.551042 0.008250 0.019792
0 0.754375 0.520052 0.009250 0.018229
0 0.780250 0.488802 0.008000 0.018229
0 0.798500 0.461458 0.006500 0.022917
0 0.863000 0.369010 0.007500 0.016146
0 0.558375 0.767448 0.008750 0.018229
0 0.603375 0.850260 0.008250 0.016146
0 0.636250 0.855208 0.006000 0.017708
0 0.640375 0.853125 0.005750 0.019792
0 0.643500 0.843490 0.008500 0.015104
0 0.654000 0.829167 0.005500 0.015625
0 0.649375 0.864062 0.006250 0.014583
0 0.661125 0.868750 0.007250 0.017708
0 0.673250 0.159635 0.008500 0.022396
0 0.721500 0.061979 0.012000 0.023958
