0 0.318375 0.417187 0.003750 0.009375
0 0.321125 0.422917 0.004250 0.013542
0 0.332250 0.431250 0.004500 0.014583
0 0.334375 0.478125 0.008250 0.010417
0 0.367875 0.450260 0.007750 0.010937
0 0.371750 0.551042 0.007000 0.025000
0 0.376500 0.589844 0.006500 0.011979
0 0.377125 0.605990 0.005750 0.021354
0 0.375125 0.661719 0.006250 0.022396
0 0.379750 0.634115 0.003500 0.009896
0 0.376750 0.634635 0.002500 0.016146
0 0.395500 0.359635 0.005000 0.014063
0 0.390500 0.392448 0.009000 0.016146
0 0.382125 0.411198 0.006750 0.010937
0 0.389875 0.455990 0.006750 0.016146
0 0.400125 0.535156 0.005750 0.018229
0 0.391125 0.477344 0.004750 0.013021
0 0.430000 0.649740 0.010000 0.013021
0 0.443500 0.643750 0.008000 0.013542
0 0.436625 0.619010 0.008750 0.016146
0 0.451125 0.623437 0.009750 0.011458
0 0.460250 0.609375 0.007500 0.014583
0 0.453875 0.601042 0.004750 0.019792
0 0.450875 0.600260 0.003750 0.016146
0 0.476000 0.539062 0.005000 0.021875
0 0.482125 0.533073 0.007250 0.015104
0 0.477500 0.513281 0.005500 0.019271
0 0.448500 0.517708 0.009000 0.013542
0 0.456250 0.412240 0.005500 0.008854
0 0.474375 0.426563 0.006250 0.016667
0 0.488375 0.440365 0.008250 0.014063
0 0.498750 0.448958 0.006000 0.018750
0 0.505750 0.473177 0.004500 0.019271
0 0.510625 0.477865 0.005250 0.021354
0 0.506625 0.427865 0.006750 0.020313
0 0.496625 0.386719 0.005250 0.021354
0 0.479875 0.384896 0.008750 0.013542
0 0.471875 0.376823 0.006750 0.020313
0 0.466375 0.356771 0.005750 0.008333
0 0.491625 0.358594 0.005250 0.014063
0 0.493500 0.355990 0.006500 0.016146
0 0.482750 0.329688 0.009500 0.014583
0 0.490125 0.312500 0.007750 0.016667
0 0.507875 0.253385 0.004750 0.021354
0 0.531500 0.250000 0.007000 0.021875
0 0.544625 0.240104 0.009250 0.015625
0 0.558750 0.243750 0.007500 0.022917
0 0.562125 0.263281 0.007250 0.018229
0 0.574500 0.246094 0.010000 0.013021
0 0.585000 0.215104 0.009000 0.016667
0 0.544250 0.202344 0.004000 0.017188
0 0.541750 0.201563 0.004500 0.019792
0 0.552000 0.151562 0.006000 0.021875
0 0.563875 0.175521 0.004750 0.021875
0 0.569250 0.177604 0.004000 0.020833
0 0.575750 0.188281 0.009000 0.009896
0 0.572250 0.173958 0.004000 0.019792
0 0.575000 0.173958 0.004000 0.017708
0 0.618125 0.193229 0.007750 0.014583
0 0.545000 0.270833 0.007000 0.019792
0 0.538125 0.282292 0.009250 0.012500
0 0.543375 0.301563 0.004750 0.017708
0 0.536625 0.299740 0.006750 0.019271
0 0.521375 0.311198 0.003250 0.019271
0 0.524750 0.311719 0.003500 0.020313
0 0.545625 0.316667 0.008750 0.014583
0 0.555750 0.299479 0.006000 0.018750
0 0.558500 0.330990 0.004500 0.020313
0 0.553375 0.332292 0.005750 0.018750
0 0.550375 0.349479 0.010250 0.011458
0 0.529375 0.348698 0.008250 0.008854
0 0.538875 0.364844 0.004750 0.020313
0 0.533375 0.369271 0.007250 0.017708
0 0.522875 0.375260 0.006250 0.019271
0 0.527250 0.399479 0.006000 0.017708
0 0.525375 0.396615 0.005250 0.016146
0 0.533250 0.402344 0.006500 0.015104
0 0.536125 0.406771 0.005250 0.013542
0 0.544875 0.391146 0.007250 0.012500
0 0.485375 0.608854 0.004750 0.017708
0 0.489000 0.601042 0.004000 0.016667
0 0.495375 0.592448 0.005250 0.016146
0 0.498000 0.595052 0.004000 0.011979
0 0.505875 0.599479 0.007250 0.012500
0 0.510875 0.586198 0.007250 0.016146
0 0.521125 0.487240 0.005750 0.013021
0 0.545875 0.416146 0.005750 0.015625
0 0.549125 0.400000 0.006750 0.008333
0 0.567000 0.399740 0.007000 0.017188
0 0.574625 0.357812 0.005250 0.016667
0 0.578125 0.361198 0.003250 0.014063
0 0.575750 0.366667 0.003000 0.008333
0 0.581375 0.322396 0.004750 0.018750
0 0.494875 0.690625 0.005250 0.016667
0 0.493000 0.672656 0.005000 0.018229
0 0.501750 0.655208 0.005000 0.012500
0 0.500375 0.670052 0.004250 0.016146
0 0.557875 0.538542 0.004750 0.012500
0 0.546625 0.525260 0.004750 0.017188
0 0.540250 0.521094 0.007000 0.015104
0 0.538875 0.517969 0.004250 0.013021
0 0.556000 0.483333 0.007000 0.017708
0 0.543875 0.489844 0.006750 0.018229
0 0.560125 0.448958 0.005750 0.012500
0 0.578125 0.467969 0.009250 0.015104
0 0.584375 0.443750 0.005750 0.018750
0 0.591125 0.435156 0.005250 0.017188
0 0.582625 0.427083 0.008250 0.010417
0 0.577750 0.424219 0.005000 0.017188
0 0.577750 0.402604 0.005500 0.018750
0 0.577125 0.397656 0.004250 0.013021
0 0.588375 0.383333 0.006250 0.017708
0 0.583750 0.414323 0.008500 0.009896
0 0.586125 0.404687 0.004750 0.011458
0 0.598000 0.405469 0.006500 0.019271
0 0.628500 0.345833 0.006500 0.019792
0 0.607125 0.333333 0.005250 0.012500
0 0.608750 0.325781 0.004000 0.006771
0 0.631625 0.276302 0.007750 0.011979
0 0.632750 0.252344 0.006500 0.017188
0 0.634000 0.307031 0.005500 0.016146
0 0.640375 0.307031 0.006750 0.020313
0 0.662500 0.246094 0.007500 0.018229
0 0.667750 0.229948 0.011500 0.011979
0 0.640750 0.352083 0.010500 0.012500
0 0.622875 0.404687 0.009250 0.011458
0 0.620500 0.418229 0.009000 0.013542
0 0.621500 0.428125 0.008500 0.013542
0 0.609875 0.433333 0.003250 0.014583
0 0.606375 0.432812 0.006750 0.015625
0 0.590000 0.560677 0.009000 0.014063
0 0.562625 0.582292 0.006250 0.018750
0 0.543375 0.618490 0.008250 0.013021
0 0.536750 0.638281 0.005500 0.017188
0 0.530625 0.653385 0.005750 0.020313
0 0.578125 0.808073 0.007250 0.021354
0 0.586250 0.760417 0.006000 0.020833
0 0.563375 0.733854 0.006750 0.017708
0 0.571500 0.714323 0.004500 0.017188
0 0.547500 0.730469 0.006000 0.011979
0 0.560875 0.709115 0.007250 0.010937
0 0.574500 0.689583 0.005500 0.012500
0 0.584375 0.673958 0.006250 0.014583
0 0.587000 0.661979 0.004000 0.014583
0 0.600000 0.647396 0.005500 0.011458
0 0.663875 0.565104 0.008250 0.012500
0 0.602500 0.635938 0.003500 0.011458
0 0.603125 0.628385 0.004250 0.005729
0 0.598625 0.633594 0.005250 0.008854
0 0.552375 0.951302 0.004750 0.020313
0 0.569875 0.863281 0.008750 0.013021
0 0.580000 0.896875 0.004500 0.017708
0 0.585000 0.907031 0.009000 0.009896
