0 0.677375 0.627865 0.006250 0.014063
0 0.681125 0.670573 0.005250 0.015104
0 0.686750 0.758854 0.004000 0.013542
0 0.690125 0.770312 0.004250 0.008333
0 0.698500 0.791146 0.003500 0.012500
0 0.701000 0.818229 0.005500 0.010417
0 0.701500 0.866927 0.005000 0.006771
0 0.704375 0.872917 0.006750 0.007292
0 0.705375 0.964844 0.002750 0.011979
0 0.703250 0.963542 0.002500 0.011458
0 0.611625 0.641146 0.004250 0.007292
0 0.595875 0.669792 0.005250 0.011458
0 0.620250 0.623958 0.002500 0.014583
0 0.617375 0.625260 0.002750 0.011979
0 0.596500 0.690365 0.004000 0.011979
0 0.593750 0.685937 0.002500 0.012500
0 0.602125 0.690625 0.003750 0.014583
0 0.586500 0.746354 0.003500 0.016667
0 0.537000 0.923438 0.007000 0.008333
0 0.457875 0.730990 0.007750 0.009896
0 0.473625 0.701042 0.004250 0.014583
0 0.488125 0.701823 0.007250 0.013021
0 0.498875 0.712240 0.006250 0.011979
0 0.500000 0.655990 0.005500 0.014063
0 0.500625 0.672917 0.006750 0.008333
0 0.505750 0.676562 0.005500 0.013542
0 0.419000 0.949740 0.005500 0.008854
0 0.565000 0.596875 0.005500 0.011458
0 0.553625 0.638281 0.006250 0.010937
0 0.549250 0.611979 0.004500 0.012500
0 0.584250 0.441406 0.005000 0.008854
0 0.589500 0.432552 0.007500 0.007812
0 0.467750 0.450260 0.007000 0.009896
0 0.414500 0.484635 0.005500 0.014063
0 0.417125 0.477604 0.003750 0.014583
0 0.423625 0.473438 0.004250 0.017708
0 0.401250 0.406771 0.006500 0.009375
0 0.362750 0.467708 0.006500 0.011458
0 0.328375 0.445833 0.007750 0.008333
0 0.296125 0.384896 0.006750 0.010417
0 0.301375 0.472656 0.005750 0.011979
0 0.301875 0.462240 0.007750 0.010937
0 0.148000 0.433073 0.007500 0.005729
0 0.148875 0.428385 0.007750 0.007812
0 0.418000 0.223177 0.006500 0.011979
0 0.592875 0.354687 0.005750 0.011458
0 0.488125 0.177083 0.002750 0.015625
0 0.493875 0.190104 0.006750 0.007292
0 0.498875 0.197917 0.004250 0.009375
0 0.411875 0.098177 0.004750 0.015104
0 0.363000 0.024219 0.005500 0.009896
0 0.364000 0.019792 0.007500 0.011458
0 0.039250 0.210417 0.004500 0.009375
0 0.052125 0.251823 0.004250 0.009896
0 0.044500 0.281510 0.010500 0.021354
0 0.614250 0.211719 0.006000 0.005729
0 0.614375 0.205729 0.005750 0.006250
0 0.619125 0.212240 0.003250 0.013021
0 0.622125 0.152083 0.006750 0.017708
0 0.660375 0.359115 0.004750 0.007812
0 0.619625 0.494792 0.006250 0.013542
0 0.427000 0.371094 0.005000 0.007812
0 0.474750 0.715104 0.006000 0.014583
0 0.533875 0.780990 0.006750 0.014063
