0 0.887760 0.447750 0.007812 0.006000
0 0.881771 0.445500 0.010417 0.004500
0 0.820312 0.453000 0.008333 0.005000
0 0.686979 0.468375 0.011458 0.005750
0 0.664323 0.473750 0.011979 0.003500
0 0.675521 0.478500 0.012500 0.004000
0 0.675260 0.487625 0.011979 0.003750
0 0.704688 0.488500 0.011458 0.003000
0 0.727344 0.499500 0.013021 0.004000
0 0.764323 0.528500 0.008854 0.006500
0 0.768750 0.526750 0.011458 0.006000
0 0.889844 0.563125 0.014063 0.003750
0 0.878906 0.561125 0.008854 0.006250
0 0.868229 0.553000 0.014583 0.004500
0 0.894010 0.542625 0.007812 0.004750
0 0.890625 0.541625 0.009375 0.004750
0 0.832812 0.514125 0.012500 0.005750
0 0.822656 0.512375 0.011979 0.004750
0 0.821094 0.514625 0.009896 0.005750
0 0.816927 0.514500 0.007812 0.004500
0 0.798438 0.496500 0.009375 0.006000
0 0.809635 0.498000 0.013021 0.003500
0 0.809115 0.495375 0.009896 0.002250
0 0.778125 0.493375 0.010417 0.005250
0 0.782813 0.481625 0.013542 0.004250
0 0.756510 0.491875 0.014063 0.004250
0 0.742188 0.493250 0.013542 0.005500
0 0.733854 0.484250 0.012500 0.005000
0 0.749740 0.483875 0.015104 0.005250
0 0.768229 0.480875 0.010417 0.005250
0 0.770312 0.479750 0.010417 0.003500
0 0.562240 0.477625 0.009896 0.005750
0 0.565885 0.482875 0.010937 0.003250
0 0.579427 0.512125 0.008854 0.005750
0 0.633594 0.561125 0.009896 0.007250
0 0.653906 0.591375 0.011979 0.004750
0 0.660417 0.596375 0.009375 0.005750
0 0.680208 0.624375 0.006250 0.005250
0 0.683594 0.623250 0.009896 0.006500
0 0.764323 0.695250 0.010937 0.008500
0 0.761458 0.676250 0.008333 0.008000
0 0.735677 0.674375 0.008854 0.006750
0 0.744010 0.673375 0.011979 0.003750
0 0.742708 0.670750 0.014583 0.003500
0 0.776823 0.656250 0.010937 0.006500
0 0.757552 0.650875 0.008854 0.006750
0 0.760677 0.650125 0.007812 0.005750
0 0.730469 0.645875 0.009896 0.008250
0 0.716927 0.642125 0.009896 0.006750
0 0.713542 0.592375 0.011458 0.006750
0 0.720573 0.605375 0.007812 0.005250
0 0.717187 0.603875 0.008333 0.003750
0 0.695052 0.579750 0.005729 0.005000
0 0.699219 0.579000 0.007812 0.007000
0 0.707812 0.562000 0.007292 0.007000
0 0.660677 0.556375 0.006771 0.006250
0 0.663802 0.556000 0.007812 0.005500
0 0.649219 0.552750 0.008854 0.007500
0 0.620833 0.522625 0.008333 0.006750
0 0.591146 0.489250 0.009375 0.006500
0 0.599219 0.491000 0.004687 0.005000
0 0.602604 0.490875 0.006250 0.006250
0 0.491146 0.459250 0.009375 0.006000
0 0.465885 0.496250 0.008854 0.006000
0 0.463281 0.513375 0.006771 0.005750
0 0.458333 0.512125 0.006250 0.006250
0 0.455729 0.527250 0.007292 0.006500
0 0.445312 0.523000 0.007292 0.006500
0 0.446615 0.539375 0.009896 0.005250
0 0.444271 0.541625 0.011458 0.004750
0 0.418490 0.561625 0.005729 0.004250
0 0.422135 0.560000 0.006771 0.005000
0 0.427083 0.573500 0.008333 0.006500
0 0.416406 0.577375 0.009896 0.007750
0 0.413021 0.589750 0.009375 0.004500
0 0.425781 0.589375 0.008854 0.006250
0 0.420833 0.594250 0.006250 0.006000
0 0.402865 0.604500 0.007812 0.007500
0 0.392708 0.607875 0.008333 0.007750
0 0.387240 0.618375 0.009896 0.004250
0 0.400260 0.625500 0.005729 0.006500
0 0.396354 0.623375 0.006250 0.006750
0 0.369271 0.636375 0.013542 0.004250
0 0.356771 0.644500 0.011458 0.005000
0 0.384115 0.636250 0.009896 0.008000
0 0.398438 0.645625 0.006250 0.006250
0 0.392708 0.646250 0.006250 0.005000
0 0.342969 0.685250 0.009896 0.008500
0 0.362760 0.707000 0.008854 0.007500
0 0.332813 0.710625 0.009375 0.006250
0 0.334896 0.709000 0.006250 0.004500
0 0.337500 0.730125 0.008333 0.007750
0 0.319271 0.731125 0.011458 0.008750
0 0.369792 0.750875 0.008333 0.008750
0 0.386719 0.748375 0.010937 0.005750
0 0.383594 0.698500 0.007812 0.007500
0 0.387760 0.701125 0.008854 0.007750
0 0.392448 0.701375 0.006771 0.005750
0 0.430469 0.659625 0.008854 0.005250
0 0.427604 0.658750 0.011458 0.006000
0 0.425260 0.641250 0.008854 0.005000
0 0.428385 0.640250 0.010937 0.006000
0 0.442448 0.611750 0.007812 0.007500
0 0.435156 0.610625 0.009896 0.007250
0 0.483854 0.585375 0.010417 0.007750
0 0.353906 0.520750 0.007812 0.007000
0 0.347135 0.525875 0.011979 0.003750
0 0.338802 0.521750 0.009896 0.006000
0 0.334115 0.516875 0.008854 0.007250
0 0.332031 0.515750 0.006771 0.004500
0 0.322135 0.527125 0.011979 0.005750
0 0.331510 0.536750 0.010937 0.006500
0 0.318750 0.536625 0.011458 0.006750
0 0.331771 0.546875 0.010417 0.004250
0 0.274740 0.540250 0.010937 0.007000
0 0.254688 0.547500 0.008333 0.006500
0 0.287240 0.555000 0.013021 0.004500
0 0.287500 0.552750 0.010417 0.003000
0 0.305469 0.565375 0.011979 0.004250
0 0.273958 0.565250 0.011458 0.007000
0 0.241406 0.585625 0.004687 0.005250
0 0.237760 0.584250 0.010937 0.007000
0 0.154427 0.592500 0.015104 0.006000
0 0.191146 0.593250 0.006250 0.006000
0 0.186719 0.592500 0.008854 0.007500
0 0.189583 0.626875 0.009375 0.006750
0 0.179167 0.625750 0.009375 0.007500
0 0.175000 0.625250 0.009375 0.005500
0 0.126302 0.578375 0.009896 0.005250
0 0.146615 0.578625 0.009896 0.006250
0 0.153646 0.566625 0.008333 0.005250
0 0.164583 0.565125 0.007292 0.005250
0 0.156771 0.563750 0.010417 0.003000
0 0.222656 0.539375 0.010937 0.005250
0 0.358594 0.444875 0.009896 0.005250
0 0.290625 0.463000 0.011458 0.007000
0 0.265885 0.470875 0.014063 0.005250
0 0.258854 0.468875 0.012500 0.004750
0 0.247656 0.476875 0.011979 0.005250
0 0.243490 0.482750 0.014063 0.005000
0 0.196094 0.487875 0.015104 0.004250
0 0.168490 0.491375 0.008854 0.008750
0 0.153906 0.493875 0.013021 0.009250
0 0.153646 0.502875 0.011458 0.003250
0 0.153906 0.506000 0.013021 0.003000
0 0.128125 0.518750 0.013542 0.005000
0 0.091146 0.492750 0.011458 0.007500
0 0.119010 0.466625 0.019271 0.004250
0 0.101042 0.467500 0.012500 0.004500
0 0.107292 0.469375 0.008333 0.005250
0 0.104167 0.454375 0.008333 0.006250
0 0.158854 0.461000 0.010417 0.007000
0 0.265104 0.413750 0.015625 0.006500
0 0.421354 0.385125 0.012500 0.004250
0 0.261719 0.334625 0.008854 0.004750
0 0.158594 0.302250 0.013021 0.004500
0 0.227344 0.279375 0.011979 0.004750
0 0.966406 0.795625 0.016146 0.004750
