0 0.164844 0.652250 0.013021 0.008500
0 0.061979 0.643625 0.011458 0.005250
0 0.088802 0.618625 0.016146 0.004750
0 0.114583 0.597000 0.011458 0.008000
0 0.048177 0.572000 0.011979 0.006000
0 0.135937 0.570750 0.014583 0.007000
0 0.129167 0.567750 0.011458 0.004500
0 0.129948 0.555750 0.010937 0.007500
0 0.169531 0.485625 0.015104 0.006250
0 0.247396 0.499125 0.009375 0.008250
0 0.257031 0.495500 0.010937 0.007500
0 0.267969 0.501500 0.010937 0.008500
0 0.257292 0.505375 0.015625 0.004750
0 0.267969 0.511125 0.009896 0.007750
0 0.277344 0.515500 0.013021 0.006500
0 0.277083 0.520250 0.009375 0.007000
0 0.300000 0.530750 0.015625 0.007000
0 0.292448 0.536875 0.014063 0.009250
0 0.284635 0.548500 0.011979 0.008000
0 0.341667 0.559875 0.008333 0.008250
0 0.348958 0.560000 0.009375 0.008000
0 0.363281 0.578625 0.009896 0.009250
0 0.357031 0.621875 0.009896 0.006750
0 0.361198 0.620125 0.009896 0.006750
0 0.365104 0.619250 0.011458 0.006500
0 0.392188 0.624625 0.007292 0.008250
0 0.399740 0.624125 0.008854 0.008250
0 0.384635 0.645375 0.011979 0.007250
0 0.393750 0.649625 0.008333 0.006250
0 0.391667 0.653000 0.015625 0.005000
0 0.370833 0.710250 0.015625 0.007500
0 0.297917 0.443375 0.015625 0.005750
0 0.305729 0.441250 0.015625 0.004000
0 0.330990 0.450750 0.006771 0.006500
0 0.336458 0.451000 0.007292 0.008500
0 0.325521 0.469250 0.009375 0.007000
0 0.331771 0.464750 0.014583 0.003500
0 0.365885 0.483375 0.013021 0.004250
0 0.387760 0.486625 0.010937 0.006250
0 0.388281 0.483250 0.010937 0.008000
0 0.398438 0.486500 0.011458 0.007500
0 0.419271 0.495500 0.015625 0.007500
0 0.412760 0.499875 0.011979 0.007250
0 0.416927 0.511625 0.011979 0.004750
0 0.457813 0.514500 0.011458 0.009000
0 0.498177 0.521750 0.015104 0.006000
0 0.518229 0.547000 0.008333 0.007000
0 0.522917 0.545750 0.013542 0.007500
0 0.715104 0.635500 0.013542 0.005500
0 0.717708 0.633125 0.015625 0.006250
0 0.721354 0.627500 0.013542 0.008000
0 0.725781 0.625500 0.014063 0.006000
0 0.780208 0.568375 0.012500 0.007250
0 0.298177 0.425250 0.011979 0.006000
0 0.314583 0.423625 0.013542 0.007250
0 0.382552 0.416875 0.005729 0.005250
0 0.386719 0.416500 0.005729 0.004500
0 0.395052 0.417250 0.014063 0.004500
0 0.411458 0.417625 0.010417 0.004750
0 0.405990 0.417000 0.008854 0.004000
0 0.407552 0.414375 0.014063 0.003250
0 0.422917 0.415250 0.009375 0.006500
0 0.466667 0.412000 0.012500 0.004500
0 0.490885 0.410500 0.011979 0.004500
0 0.527604 0.410125 0.009375 0.005250
0 0.534635 0.410750 0.007812 0.006000
0 0.548698 0.408000 0.007812 0.003500
0 0.546354 0.411250 0.009375 0.004000
0 0.555469 0.408875 0.006771 0.004250
0 0.552344 0.412500 0.010937 0.003500
0 0.564323 0.407500 0.010937 0.005000
0 0.570312 0.411000 0.010417 0.005000
0 0.755729 0.406750 0.017708 0.006000
0 0.913021 0.364125 0.015625 0.013250
0 0.715104 0.366250 0.021875 0.007500
0 0.629687 0.376750 0.017708 0.006000
0 0.633854 0.396000 0.016667 0.008000
0 0.619271 0.396000 0.013542 0.005500
0 0.617448 0.391875 0.018229 0.004250
0 0.610417 0.388125 0.019792 0.004250
0 0.650260 0.392375 0.010937 0.006250
0 0.647656 0.390500 0.014063 0.006500
0 0.554688 0.385750 0.013542 0.006500
0 0.547656 0.388125 0.009896 0.008250
0 0.534635 0.384375 0.018229 0.004250
0 0.532292 0.390750 0.019792 0.006000
0 0.522656 0.398750 0.017188 0.005500
0 0.519271 0.401500 0.018750 0.004000
0 0.491146 0.401750 0.014583 0.007000
0 0.470573 0.403500 0.015104 0.006000
0 0.479167 0.386000 0.019792 0.004500
0 0.466406 0.388500 0.019271 0.004000
0 0.473958 0.392875 0.015625 0.004750
0 0.471354 0.395750 0.015625 0.003500
0 0.459375 0.392375 0.017708 0.004750
0 0.458854 0.396000 0.015625 0.004500
0 0.447656 0.398125 0.018229 0.003750
0 0.453385 0.402375 0.017188 0.002750
0 0.453385 0.405250 0.014063 0.003000
0 0.429427 0.406875 0.018229 0.004250
0 0.431250 0.400750 0.017708 0.004500
0 0.419531 0.403750 0.016146 0.004000
0 0.211719 0.390875 0.008854 0.004250
0 0.304167 0.373250 0.016667 0.007000
0 0.297917 0.368875 0.014583 0.004750
0 0.310677 0.325000 0.008854 0.008500
0 0.448437 0.305000 0.014583 0.007500
0 0.590365 0.245500 0.019271 0.006500
0 0.588281 0.242875 0.014063 0.004750
