0 0.196094 0.434250 0.014063 0.006500
0 0.409375 0.352875 0.014583 0.007750
0 0.389844 0.388250 0.015104 0.006000
0 0.384375 0.393000 0.014583 0.007500
0 0.409375 0.395500 0.016667 0.008500
0 0.466667 0.237000 0.017708 0.008500
0 0.413281 0.275000 0.014063 0.009000
0 0.422135 0.280875 0.016146 0.006750
0 0.458333 0.288750 0.014583 0.008000
0 0.504167 0.289750 0.017708 0.005000
0 0.512500 0.293625 0.014583 0.004750
0 0.453646 0.155625 0.019792 0.009250
0 0.517448 0.132625 0.016146 0.008250
0 0.540885 0.091375 0.018229 0.007250
0 0.523438 0.093250 0.013542 0.007000
0 0.660677 0.163000 0.020313 0.008000
0 0.519531 0.163375 0.030729 0.012250
0 0.472135 0.193625 0.014063 0.008250
0 0.599740 0.073625 0.015104 0.010750
0 0.804688 0.094875 0.016667 0.005750
0 0.861458 0.266000 0.014583 0.005000
0 0.981250 0.302125 0.015625 0.010250
0 0.993490 0.304000 0.011979 0.005000
0 0.931250 0.336750 0.017708 0.008000
0 0.882292 0.362375 0.017708 0.006750
0 0.852865 0.342375 0.017188 0.007750
0 0.857292 0.349750 0.013542 0.008500
0 0.820312 0.360125 0.020833 0.009750
0 0.723437 0.388250 0.021875 0.006500
0 0.615885 0.422625 0.013021 0.008250
0 0.384375 0.553250 0.014583 0.005500
0 0.660677 0.520250 0.011979 0.008000
0 0.690104 0.542375 0.017708 0.006250
0 0.716667 0.542875 0.018750 0.006750
0 0.746354 0.543625 0.014583 0.004250
0 0.819010 0.506625 0.019271 0.009250
0 0.845573 0.509375 0.021354 0.008750
0 0.973698 0.535625 0.013021 0.004250
0 0.924219 0.715125 0.013021 0.008750
0 0.887500 0.685875 0.014583 0.006250
0 0.885937 0.702375 0.017708 0.004250
0 0.867708 0.710625 0.015625 0.005750
0 0.938542 0.707500 0.017708 0.005500
0 0.947135 0.710125 0.016146 0.008250
0 0.810677 0.670875 0.015104 0.005750
0 0.814063 0.676750 0.017708 0.007000
0 0.731771 0.682000 0.017708 0.007000
0 0.678906 0.628875 0.019271 0.005250
0 0.676302 0.653250 0.015104 0.007000
0 0.655729 0.656625 0.013542 0.005750
0 0.645573 0.654125 0.008854 0.006250
0 0.680208 0.650000 0.010417 0.005500
0 0.532552 0.625625 0.017188 0.007250
0 0.398698 0.645125 0.011979 0.006250
0 0.400260 0.640375 0.011979 0.006750
0 0.438802 0.661750 0.009896 0.008500
0 0.413021 0.680000 0.012500 0.006500
0 0.441146 0.694250 0.012500 0.007500
0 0.545833 0.723750 0.019792 0.010000
0 0.499740 0.757125 0.014063 0.007750
0 0.616927 0.749625 0.011979 0.009750
0 0.653385 0.799375 0.015104 0.008250
0 0.730729 0.820500 0.016667 0.007000
0 0.671354 0.831000 0.016667 0.007500
0 0.708073 0.838750 0.019271 0.006000
0 0.603385 0.847875 0.013021 0.007750
0 0.718490 0.857625 0.017188 0.004750
0 0.719531 0.863250 0.014063 0.008500
0 0.803385 0.892375 0.015104 0.007750
0 0.802865 0.946375 0.017188 0.005750
0 0.643229 0.882500 0.016667 0.006500
0 0.637500 0.877625 0.012500 0.006250
