0 0.585677 0.275250 0.013021 0.006000
0 0.545833 0.244625 0.009375 0.006750
0 0.542969 0.242500 0.007812 0.006000
0 0.412240 0.326500 0.015104 0.006000
0 0.416406 0.464750 0.015104 0.004000
0 0.441927 0.450625 0.013021 0.007750
0 0.472917 0.469500 0.013542 0.005000
0 0.515885 0.471250 0.010937 0.006000
0 0.503125 0.454250 0.009375 0.007000
0 0.506510 0.453500 0.008854 0.005000
0 0.629427 0.494375 0.011979 0.006750
0 0.680208 0.480500 0.011458 0.006500
0 0.408333 0.553125 0.010417 0.005250
0 0.446094 0.547875 0.007812 0.006750
0 0.451302 0.547625 0.008854 0.006250
0 0.491667 0.574250 0.008333 0.008500
0 0.538542 0.567250 0.012500 0.007000
0 0.486458 0.591875 0.009375 0.005750
0 0.539062 0.605500 0.007292 0.005500
0 0.533854 0.605250 0.007292 0.007000
0 0.560417 0.622875 0.009375 0.005250
0 0.567708 0.626000 0.013542 0.005000
0 0.601823 0.585375 0.010937 0.006750
0 0.574479 0.579125 0.007292 0.006250
0 0.583594 0.581000 0.005729 0.006000
0 0.579167 0.580250 0.006250 0.007500
0 0.804688 0.709500 0.007292 0.004500
0 0.806250 0.704500 0.010417 0.003000
0 0.799219 0.704625 0.006771 0.006250
0 0.795833 0.697875 0.010417 0.006250
0 0.704167 0.625625 0.010417 0.006750
0 0.333854 0.653875 0.012500 0.005750
0 0.400781 0.776000 0.007812 0.007000
0 0.117188 0.693375 0.011458 0.005750
0 0.083333 0.789625 0.013542 0.008250
0 0.857552 0.932000 0.010937 0.006500
0 0.899219 0.121875 0.016146 0.008750
0 0.631250 0.027375 0.010417 0.007750
