0 0.075781 0.720000 0.015104 0.008500
0 0.062760 0.679625 0.010937 0.006750
0 0.069010 0.672750 0.010937 0.008000
0 0.047656 0.660250 0.009896 0.008000
0 0.066146 0.651625 0.013542 0.007250
0 0.020573 0.642500 0.011979 0.008000
0 0.005729 0.690625 0.011458 0.004750
0 0.030208 0.668875 0.012500 0.005250
0 0.017969 0.668500 0.011979 0.006500
0 0.080729 0.641125 0.014583 0.005750
0 0.189062 0.655875 0.013542 0.004750
0 0.311979 0.682375 0.013542 0.004750
0 0.321354 0.614750 0.011458 0.004500
0 0.318490 0.612875 0.008854 0.004250
0 0.327083 0.570250 0.009375 0.006000
0 0.313021 0.558875 0.013542 0.005250
0 0.192188 0.542125 0.010417 0.006750
0 0.215365 0.449000 0.014063 0.004500
0 0.495312 0.330750 0.013542 0.007000
0 0.594531 0.392125 0.009896 0.004750
0 0.554167 0.419500 0.009375 0.004000
0 0.552604 0.423000 0.010417 0.004500
0 0.493229 0.420250 0.005208 0.006500
0 0.487760 0.419750 0.005729 0.006000
0 0.482292 0.461500 0.014583 0.005500
0 0.485677 0.564500 0.010937 0.006500
0 0.545573 0.579000 0.009896 0.005500
0 0.500781 0.553125 0.005729 0.007250
0 0.496354 0.552875 0.005208 0.005750
0 0.708073 0.599125 0.008854 0.005750
0 0.721094 0.573625 0.014063 0.004250
0 0.664583 0.607125 0.012500 0.002250
0 0.665365 0.609625 0.013021 0.003250
0 0.793229 0.569875 0.010417 0.004750
0 0.746354 0.554250 0.009375 0.007500
0 0.742448 0.545125 0.011979 0.004250
0 0.744010 0.546875 0.010937 0.003750
0 0.722396 0.677625 0.014583 0.004750
0 0.629427 0.723750 0.015104 0.005500
0 0.793750 0.658000 0.015625 0.006000
0 0.923177 0.601625 0.015104 0.005250
0 0.932552 0.643750 0.017188 0.005500
0 0.916146 0.647375 0.007292 0.005750
0 0.924219 0.635250 0.014063 0.005500
0 0.908073 0.634000 0.013021 0.004500
0 0.886458 0.643250 0.010417 0.004500
0 0.883594 0.641250 0.008854 0.004500
0 0.880729 0.637250 0.016667 0.005500
0 0.964844 0.636875 0.007812 0.004750
0 0.967187 0.640375 0.008333 0.004250
0 0.524219 0.229625 0.010937 0.004250
0 0.544010 0.233250 0.010937 0.009000
0 0.554167 0.237125 0.010417 0.007250
0 0.554948 0.218500 0.010937 0.006500
0 0.549740 0.211500 0.011979 0.005500
