0 0.035937 0.524125 0.008333 0.004750
0 0.077604 0.570000 0.011458 0.006000
0 0.119271 0.626125 0.011458 0.006750
0 0.083594 0.703500 0.009896 0.005500
0 0.345573 0.846000 0.011979 0.006000
0 0.368750 0.832125 0.010417 0.007250
0 0.369271 0.825250 0.010417 0.006000
0 0.354687 0.806375 0.012500 0.005750
0 0.381771 0.805875 0.015625 0.006750
0 0.461198 0.803125 0.013021 0.007250
0 0.592969 0.930875 0.004687 0.006750
0 0.598177 0.930375 0.005729 0.007250
0 0.647396 0.891000 0.007292 0.005500
0 0.651302 0.889500 0.007812 0.006500
0 0.552344 0.855500 0.010937 0.008500
0 0.569271 0.837875 0.007292 0.007750
0 0.573958 0.835500 0.005208 0.007000
0 0.579688 0.836125 0.006250 0.007750
0 0.529948 0.825375 0.010937 0.007750
0 0.586198 0.794125 0.005729 0.006750
0 0.581250 0.794250 0.004167 0.008500
0 0.427083 0.772375 0.008333 0.008750
0 0.466406 0.776875 0.008854 0.008250
0 0.456510 0.768875 0.009896 0.007250
0 0.456510 0.786250 0.007812 0.007000
0 0.450000 0.786750 0.006250 0.006500
0 0.342708 0.761875 0.011458 0.007750
0 0.333854 0.700375 0.010417 0.008750
0 0.437500 0.684875 0.011458 0.008750
0 0.475260 0.692875 0.011979 0.007250
0 0.501563 0.730625 0.016667 0.008750
0 0.215104 0.644625 0.011458 0.007250
0 0.289323 0.641125 0.016146 0.003250
0 0.288021 0.637125 0.012500 0.004750
0 0.314844 0.583125 0.013021 0.007750
0 0.177344 0.557625 0.010937 0.006250
0 0.179688 0.553750 0.013542 0.003000
0 0.126302 0.532000 0.009896 0.005500
0 0.123437 0.537500 0.013542 0.005000
0 0.178385 0.523000 0.006771 0.003500
0 0.175000 0.521250 0.009375 0.004500
0 0.113021 0.511250 0.005208 0.006500
0 0.107812 0.511500 0.005208 0.008500
0 0.618490 0.597750 0.007812 0.006000
0 0.644010 0.579000 0.016146 0.005000
0 0.572656 0.570250 0.005729 0.005500
0 0.567187 0.570125 0.005208 0.007750
0 0.782031 0.665375 0.016146 0.003750
0 0.814583 0.642875 0.007292 0.007750
0 0.821094 0.634875 0.007812 0.005750
0 0.800260 0.643375 0.006771 0.007250
0 0.795833 0.644375 0.005208 0.006250
0 0.757812 0.726375 0.016667 0.004250
0 0.731250 0.723125 0.013542 0.006250
0 0.714323 0.707500 0.006771 0.005000
0 0.693750 0.705875 0.009375 0.005750
0 0.679688 0.714875 0.014583 0.005250
0 0.713802 0.717750 0.004687 0.005500
0 0.718750 0.718500 0.005208 0.006000
0 0.631771 0.665875 0.010417 0.004750
0 0.633333 0.663125 0.011458 0.005250
0 0.573958 0.646750 0.012500 0.005500
0 0.220052 0.379375 0.018229 0.005750
0 0.276562 0.396625 0.015625 0.005250
0 0.387240 0.400750 0.010937 0.003000
0 0.384635 0.398750 0.013021 0.004500
0 0.371615 0.380875 0.015104 0.004250
0 0.369531 0.378000 0.011979 0.004000
0 0.463542 0.393125 0.016667 0.004250
0 0.477344 0.393000 0.008854 0.006000
0 0.592969 0.377125 0.010937 0.007750
0 0.586719 0.404125 0.014063 0.002750
0 0.588021 0.406000 0.017708 0.002000
0 0.586719 0.408500 0.015104 0.002500
0 0.665625 0.388750 0.017708 0.006000
0 0.736979 0.392000 0.014583 0.004000
0 0.801823 0.403250 0.015104 0.006500
0 0.803906 0.399375 0.014063 0.004250
0 0.846354 0.392750 0.017708 0.007000
0 0.883073 0.395125 0.016146 0.006750
0 0.879948 0.401125 0.021354 0.005250
0 0.873437 0.415000 0.013542 0.007500
0 0.746094 0.374875 0.018229 0.004750
0 0.761719 0.371500 0.013021 0.004500
0 0.746354 0.369125 0.016667 0.007250
0 0.901823 0.376500 0.021354 0.007000
0 0.890365 0.359250 0.020313 0.008000
0 0.688542 0.365000 0.019792 0.006000
0 0.678906 0.344250 0.014063 0.007500
0 0.758594 0.341000 0.013021 0.003500
0 0.758333 0.338375 0.018750 0.002250
0 0.757292 0.336375 0.015625 0.002750
0 0.577083 0.356250 0.018750 0.005500
0 0.350521 0.295625 0.017708 0.006250
0 0.422917 0.300375 0.011458 0.008250
0 0.577865 0.307125 0.015104 0.003750
0 0.661719 0.251000 0.017188 0.006500
0 0.733073 0.280250 0.017188 0.006500
0 0.254427 0.980625 0.018229 0.005750
