0 0.394125 0.973958 0.006750 0.015625
0 0.394750 0.915625 0.007000 0.016667
0 0.429250 0.923438 0.006500 0.015625
0 0.443000 0.886458 0.005000 0.014583
0 0.438250 0.855208 0.005500 0.011458
0 0.450125 0.917187 0.004250 0.013542
0 0.459250 0.883594 0.005000 0.009896
0 0.462000 0.878125 0.003500 0.009375
0 0.477250 0.859896 0.006500 0.014583
0 0.465750 0.839583 0.005000 0.015625
0 0.474125 0.815365 0.007250 0.014063
0 0.510000 0.746615 0.007000 0.009896
0 0.526625 0.769271 0.006750 0.011458
0 0.516250 0.800521 0.006000 0.009375
0 0.517375 0.792969 0.006750 0.006771
0 0.539375 0.744792 0.004250 0.011458
0 0.523625 0.706510 0.006250 0.013021
0 0.537750 0.695833 0.007000 0.014583
0 0.475375 0.623177 0.007250 0.009896
0 0.429750 0.641406 0.006000 0.015104
0 0.393875 0.705208 0.006250 0.010417
0 0.335625 0.582552 0.005750 0.008854
0 0.370875 0.681771 0.006250 0.007292
0 0.370625 0.689063 0.007250 0.007292
0 0.315000 0.659115 0.005500 0.013021
0 0.304625 0.656771 0.007750 0.008333
0 0.289625 0.626563 0.006250 0.008333
0 0.268500 0.625260 0.008000 0.010937
0 0.262500 0.642969 0.008000 0.013021
0 0.250250 0.622396 0.008000 0.010417
0 0.205250 0.625000 0.008000 0.011458
0 0.227250 0.660677 0.008000 0.013021
0 0.219750 0.696615 0.007000 0.013021
0 0.235375 0.704167 0.005750 0.014583
0 0.243375 0.740885 0.006750 0.014063
0 0.274125 0.692969 0.005250 0.013021
0 0.268750 0.691146 0.005000 0.016667
0 0.176000 0.663802 0.008500 0.010937
0 0.138000 0.578385 0.009000 0.016146
0 0.097750 0.655729 0.007500 0.016667
0 0.097125 0.722656 0.009250 0.013021
0 0.082125 0.629427 0.007250 0.010937
0 0.523250 0.520573 0.004500 0.015104
0 0.436000 0.467708 0.005500 0.013542
0 0.442750 0.459635 0.003500 0.014063
0 0.386875 0.358854 0.006250 0.015625
0 0.368000 0.279687 0.007000 0.013542
0 0.353250 0.265625 0.006500 0.011458
0 0.313750 0.301823 0.007500 0.011979
0 0.299125 0.301563 0.004250 0.016667
0 0.292500 0.230729 0.005500 0.015625
0 0.334000 0.186719 0.004000 0.016146
0 0.269000 0.137760 0.007000 0.011979
0 0.236750 0.121354 0.005500 0.011458
0 0.258000 0.043490 0.007000 0.009896
0 0.263875 0.023177 0.005250 0.013021
0 0.237625 0.071615 0.004750 0.010937
0 0.241125 0.071354 0.005250 0.013542
0 0.142250 0.120833 0.006500 0.015625
0 0.419000 0.060417 0.005500 0.012500
0 0.425250 0.055990 0.003000 0.011979
0 0.426875 0.044010 0.004750 0.010937
0 0.456500 0.072396 0.006000 0.017708
0 0.465125 0.040365 0.005750 0.014063
0 0.473000 0.051823 0.005500 0.014063
0 0.479750 0.042969 0.006000 0.008854
0 0.484625 0.080208 0.006250 0.013542
0 0.484625 0.102344 0.005250 0.010937
0 0.492500 0.138802 0.005500 0.008854
0 0.485250 0.162760 0.004000 0.013021
0 0.496500 0.157812 0.005000 0.013542
0 0.473625 0.201823 0.006250 0.014063
0 0.497500 0.202604 0.004500 0.012500
0 0.499375 0.214844 0.003750 0.011979
0 0.511000 0.192969 0.005500 0.013021
0 0.516500 0.204427 0.005000 0.011979
0 0.517625 0.232292 0.005250 0.012500
0 0.506375 0.260677 0.006750 0.010937
0 0.496625 0.247917 0.004750 0.014583
0 0.527500 0.266667 0.005500 0.011458
0 0.530500 0.282292 0.005500 0.011458
0 0.538375 0.291406 0.006750 0.015104
0 0.543000 0.341406 0.004500 0.014063
0 0.528500 0.351042 0.007000 0.009375
0 0.516000 0.334635 0.006000 0.014063
0 0.531375 0.374479 0.006750 0.013542
0 0.538375 0.373437 0.003250 0.013542
0 0.545500 0.428385 0.004500 0.015104
0 0.549125 0.432292 0.003750 0.014583
0 0.563250 0.433333 0.004000 0.011458
0 0.570875 0.435937 0.005750 0.011458
0 0.568875 0.424740 0.003250 0.011979
0 0.575875 0.475781 0.005750 0.014063
0 0.570375 0.554427 0.006250 0.014063
0 0.561875 0.588021 0.005750 0.010417
0 0.582375 0.621615 0.006750 0.011979
0 0.593875 0.575781 0.005250 0.014063
0 0.584625 0.535156 0.004250 0.013021
0 0.586000 0.544010 0.006000 0.006771
0 0.616250 0.360417 0.005500 0.009375
0 0.621875 0.282031 0.005750 0.013021
0 0.634125 0.300781 0.006250 0.014063
0 0.622125 0.252083 0.004250 0.011458
0 0.626500 0.247135 0.003500 0.013021
0 0.640125 0.159115 0.004250 0.011979
0 0.657750 0.166406 0.005000 0.013021
0 0.627750 0.148698 0.004000 0.011979
0 0.618125 0.094531 0.005250 0.013021
0 0.646625 0.097135 0.004750 0.014063
0 0.650500 0.072917 0.004000 0.012500
0 0.643875 0.063542 0.003250 0.010417
0 0.647375 0.043490 0.005750 0.011979
0 0.660750 0.045573 0.003500 0.014063
0 0.643375 0.033333 0.006250 0.012500
0 0.693000 0.398177 0.006000 0.011979
0 0.694625 0.293750 0.004750 0.008333
0 0.756750 0.267448 0.005500 0.014063
0 0.775125 0.220573 0.003750 0.014063
0 0.759750 0.163542 0.005000 0.011458
0 0.797875 0.186979 0.005250 0.018750
0 0.799750 0.162760 0.004500 0.015104
0 0.793750 0.175260 0.004500 0.006771
0 0.817750 0.150781 0.005500 0.015104
0 0.756500 0.080990 0.005500 0.008854
0 0.859000 0.052083 0.006500 0.013542
0 0.940375 0.363802 0.005750 0.013021
0 0.923625 0.364063 0.004750 0.013542
0 0.905000 0.321094 0.006000 0.010937
0 0.883875 0.338021 0.005250 0.012500
0 0.861000 0.302604 0.007000 0.010417
0 0.821375 0.380990 0.007750 0.011979
0 0.791625 0.450260 0.005250 0.010937
0 0.803625 0.445573 0.006750 0.009896
0 0.804625 0.434635 0.006250 0.008854
0 0.750000 0.512500 0.006500 0.015625
0 0.639750 0.604688 0.005000 0.011458
0 0.669375 0.660937 0.007250 0.009375
0 0.660375 0.664323 0.006250 0.009896
0 0.642875 0.681771 0.006750 0.008333
0 0.651375 0.684115 0.003250 0.013021
0 0.689625 0.725521 0.004750 0.008333
0 0.689000 0.712240 0.003500 0.013021
0 0.691875 0.708073 0.003750 0.013021
0 0.699625 0.710677 0.005250 0.014063
0 0.708250 0.718490 0.005500 0.008854
0 0.714750 0.763802 0.005500 0.010937
0 0.737750 0.752083 0.007000 0.012500
0 0.744375 0.814063 0.006250 0.013542
0 0.726500 0.834375 0.005500 0.010417
0 0.731500 0.851302 0.007000 0.013021
0 0.730375 0.820052 0.007250 0.013021
0 0.733125 0.793750 0.005750 0.008333
0 0.732125 0.783333 0.004750 0.010417
0 0.733500 0.772135 0.005000 0.008854
0 0.729750 0.643750 0.006000 0.012500
0 0.768000 0.650260 0.006000 0.011979
0 0.781875 0.634375 0.005250 0.009375
0 0.787375 0.625000 0.005750 0.010417
0 0.795750 0.620573 0.005500 0.013021
0 0.832000 0.651823 0.007000 0.016146
0 0.873500 0.637500 0.007000 0.014583
0 0.881625 0.695573 0.005750 0.013021
0 0.885750 0.680990 0.005000 0.013021
0 0.887500 0.675260 0.005500 0.009896
0 0.949875 0.708333 0.005250 0.014583
0 0.933750 0.733333 0.007500 0.012500
0 0.925500 0.756771 0.007500 0.011458
0 0.921250 0.748177 0.007000 0.011979
0 0.920000 0.734635 0.008000 0.009896
0 0.921625 0.727604 0.007250 0.007292
0 0.988625 0.642188 0.006250 0.010417
0 0.741250 0.310937 0.004000 0.009375
