0 0.272396 0.401500 0.009375 0.009000
0 0.350781 0.445625 0.013021 0.008250
0 0.322917 0.445250 0.019792 0.006500
0 0.327344 0.467250 0.015104 0.007500
0 0.376563 0.488000 0.020833 0.010000
0 0.326302 0.496125 0.013021 0.007250
0 0.372396 0.518125 0.011458 0.007750
0 0.388802 0.528000 0.013021 0.010000
0 0.492708 0.555000 0.022917 0.007000
0 0.621615 0.460750 0.013021 0.005500
0 0.690625 0.483375 0.018750 0.008250
0 0.749479 0.393375 0.013542 0.010750
0 0.691667 0.645000 0.020833 0.006000
0 0.098958 0.546750 0.014583 0.008500
