0 0.384115 0.991750 0.011979 0.008500
0 0.439844 0.966875 0.007812 0.007250
0 0.434375 0.965125 0.011458 0.008750
0 0.429688 0.963125 0.011458 0.006750
0 0.431771 0.933750 0.007292 0.008000
0 0.423698 0.933375 0.010937 0.008750
0 0.472917 0.937125 0.016667 0.007750
0 0.544010 0.896000 0.005729 0.008500
0 0.538542 0.896000 0.007292 0.007000
0 0.604427 0.886000 0.016146 0.007000
0 0.581510 0.879875 0.010937 0.005250
0 0.637240 0.869000 0.013021 0.004500
0 0.603385 0.784625 0.009896 0.005750
0 0.304427 0.838125 0.020313 0.005750
0 0.248698 0.853875 0.017188 0.004250
0 0.251042 0.857375 0.016667 0.004750
0 0.235156 0.847500 0.013021 0.005000
0 0.193750 0.845875 0.010417 0.005250
0 0.088021 0.863875 0.014583 0.005250
0 0.014323 0.860125 0.009896 0.004250
0 0.350521 0.754750 0.007292 0.009000
0 0.336719 0.760250 0.017188 0.006000
0 0.428646 0.737875 0.015625 0.004250
0 0.312500 0.760500 0.009375 0.006500
0 0.300260 0.746000 0.014063 0.006500
0 0.296354 0.725625 0.017708 0.004250
0 0.249479 0.739000 0.013542 0.006500
0 0.188542 0.734625 0.009375 0.007250
0 0.194792 0.744250 0.009375 0.005500
0 0.191667 0.743875 0.010417 0.006750
0 0.148177 0.736000 0.013021 0.005500
0 0.144271 0.724000 0.009375 0.007500
0 0.013281 0.721375 0.011979 0.003750
0 0.019792 0.717625 0.009375 0.006750
0 0.036979 0.692250 0.014583 0.004500
0 0.041146 0.698375 0.010417 0.005750
0 0.034375 0.697250 0.013542 0.003500
0 0.103125 0.696125 0.012500 0.003250
0 0.100521 0.698000 0.011458 0.002500
0 0.102083 0.699625 0.014583 0.002750
0 0.113281 0.708875 0.018229 0.006250
0 0.545573 0.684250 0.010937 0.006000
0 0.507812 0.671250 0.011458 0.006000
0 0.513802 0.669625 0.008854 0.004250
0 0.453385 0.647500 0.011979 0.006000
0 0.443490 0.643875 0.011979 0.005250
0 0.385417 0.592500 0.010417 0.005000
0 0.350781 0.619750 0.007812 0.006000
0 0.356510 0.619625 0.008854 0.006750
0 0.330990 0.612750 0.013021 0.006500
0 0.330990 0.613750 0.008854 0.005000
0 0.325260 0.606500 0.011979 0.006500
0 0.329688 0.588750 0.013542 0.007500
0 0.313802 0.578250 0.010937 0.005000
0 0.305208 0.578375 0.010417 0.005750
0 0.348958 0.568000 0.011458 0.004000
0 0.276562 0.578000 0.008333 0.004000
0 0.275260 0.575000 0.010937 0.004500
0 0.296615 0.593125 0.011979 0.003750
0 0.297656 0.591500 0.013021 0.003500
0 0.288542 0.557375 0.008333 0.004250
0 0.278385 0.557875 0.009896 0.004750
0 0.273698 0.563750 0.013021 0.004500
0 0.274479 0.563000 0.012500 0.005000
0 0.210938 0.548875 0.005208 0.004750
0 0.205469 0.547750 0.005729 0.005500
0 0.201302 0.547000 0.004687 0.005500
0 0.196354 0.547250 0.005208 0.005500
0 0.246615 0.538875 0.009896 0.005250
0 0.192448 0.522750 0.011979 0.004500
0 0.202083 0.527750 0.009375 0.003500
0 0.204167 0.526125 0.010417 0.003250
0 0.175781 0.534375 0.007812 0.004250
0 0.180208 0.534250 0.007292 0.004500
0 0.180729 0.532625 0.009375 0.003750
0 0.179167 0.529875 0.011458 0.003750
0 0.181510 0.528375 0.010937 0.003750
0 0.183854 0.519500 0.004167 0.004500
0 0.188281 0.519125 0.003646 0.003250
0 0.141927 0.506750 0.010937 0.004500
0 0.140625 0.495875 0.008333 0.004250
0 0.126823 0.500375 0.008854 0.004750
0 0.110417 0.503375 0.011458 0.004250
0 0.113802 0.497625 0.010937 0.005250
0 0.100000 0.498500 0.007292 0.005000
0 0.094531 0.496875 0.007812 0.004250
0 0.109115 0.475500 0.007812 0.004500
0 0.120573 0.469000 0.008854 0.005000
0 0.116146 0.479000 0.011458 0.005500
0 0.101562 0.446500 0.007292 0.004500
0 0.094792 0.446625 0.006250 0.004750
0 0.076563 0.443875 0.005208 0.004250
0 0.082552 0.443000 0.008854 0.005000
0 0.015104 0.407375 0.011458 0.004250
0 0.021094 0.413750 0.009896 0.005000
0 0.229687 0.534375 0.008333 0.003250
0 0.222656 0.533500 0.005729 0.004500
0 0.674740 0.702125 0.016146 0.005750
0 0.631771 0.650000 0.014583 0.007000
0 0.524479 0.586000 0.013542 0.005000
0 0.533333 0.593000 0.010417 0.006500
0 0.526302 0.573125 0.013021 0.004750
0 0.520833 0.563000 0.009375 0.006000
0 0.538542 0.558500 0.012500 0.006000
0 0.544531 0.557625 0.011979 0.003750
0 0.503385 0.556125 0.005729 0.004750
0 0.511719 0.557500 0.005729 0.005500
0 0.508594 0.556375 0.007812 0.005750
0 0.448437 0.540625 0.012500 0.006250
0 0.457813 0.534500 0.012500 0.007500
0 0.477344 0.532375 0.015104 0.005250
0 0.472396 0.524875 0.012500 0.005750
0 0.434635 0.521000 0.007812 0.007000
0 0.473698 0.516500 0.008854 0.006500
0 0.466667 0.514875 0.012500 0.004250
0 0.436458 0.507750 0.011458 0.007000
0 0.452083 0.497500 0.012500 0.008500
0 0.413802 0.481250 0.010937 0.007000
0 0.422135 0.477625 0.008854 0.004750
0 0.419531 0.471125 0.010937 0.007750
0 0.394010 0.471500 0.010937 0.006000
0 0.401302 0.477375 0.004687 0.006250
0 0.397135 0.477250 0.005729 0.006500
0 0.441667 0.453750 0.012500 0.004000
0 0.445833 0.452250 0.010417 0.004500
0 0.399740 0.453750 0.010937 0.007500
0 0.325521 0.451125 0.011458 0.003750
0 0.410677 0.454000 0.004687 0.006000
0 0.415625 0.453750 0.005208 0.007500
0 0.366146 0.431250 0.008333 0.007000
0 0.400260 0.419750 0.014063 0.005500
0 0.372656 0.425750 0.009896 0.005500
0 0.364844 0.425000 0.009896 0.005000
0 0.352083 0.421875 0.010417 0.003750
0 0.353646 0.420750 0.012500 0.004000
0 0.335938 0.416000 0.009375 0.007000
0 0.320312 0.403500 0.006250 0.006500
0 0.318490 0.396125 0.006771 0.005250
0 0.323177 0.396000 0.008854 0.006000
0 0.423177 0.372125 0.016146 0.007750
0 0.424479 0.371125 0.012500 0.005250
0 0.353125 0.371000 0.015625 0.006500
0 0.352604 0.371125 0.013542 0.005250
0 0.343490 0.360500 0.016146 0.009000
0 0.343229 0.360250 0.012500 0.007500
0 0.509375 0.529750 0.012500 0.003500
0 0.510938 0.527750 0.011458 0.004000
0 0.525781 0.530125 0.010937 0.003250
0 0.523438 0.533000 0.013542 0.004500
0 0.524219 0.537875 0.007812 0.004750
0 0.519792 0.539375 0.008333 0.006750
0 0.739583 0.644500 0.015625 0.007000
0 0.712760 0.657875 0.006771 0.005250
0 0.705469 0.633250 0.013021 0.007500
0 0.724219 0.625625 0.009896 0.007750
0 0.748437 0.620750 0.017708 0.005000
0 0.696094 0.593000 0.010937 0.008500
0 0.658333 0.512000 0.011458 0.005000
0 0.656510 0.505875 0.008854 0.006250
0 0.639844 0.498250 0.011979 0.005500
0 0.688802 0.514250 0.010937 0.004000
0 0.697135 0.515000 0.008854 0.007500
0 0.703125 0.493875 0.011458 0.007750
0 0.696875 0.502250 0.009375 0.005500
0 0.690885 0.503500 0.008854 0.006500
0 0.683333 0.503250 0.009375 0.007500
0 0.673177 0.462000 0.019271 0.005000
0 0.645312 0.450750 0.012500 0.004000
0 0.624740 0.453000 0.006771 0.005000
0 0.630469 0.453250 0.004687 0.005500
0 0.632292 0.449750 0.006250 0.006000
0 0.638021 0.448125 0.006250 0.007250
0 0.666146 0.448000 0.009375 0.006000
0 0.668490 0.447125 0.009896 0.005750
0 0.643490 0.439125 0.005729 0.007250
0 0.639323 0.439875 0.005729 0.006750
0 0.643229 0.433750 0.005208 0.006000
0 0.639323 0.433875 0.004687 0.006250
0 0.616146 0.424750 0.009375 0.008000
0 0.676042 0.418625 0.008333 0.006250
0 0.654427 0.371125 0.009896 0.006750
0 0.616406 0.373750 0.017188 0.004500
0 0.585417 0.366500 0.010417 0.008000
0 0.597135 0.360000 0.015104 0.006000
0 0.617448 0.352375 0.008854 0.006750
0 0.606510 0.346500 0.009896 0.007500
0 0.608073 0.325875 0.015104 0.004750
0 0.586719 0.320875 0.008854 0.004750
0 0.580729 0.320875 0.007292 0.006250
0 0.630208 0.303625 0.006250 0.006250
0 0.624740 0.303500 0.005729 0.007000
0 0.619271 0.304250 0.007292 0.006000
0 0.930729 0.671500 0.019792 0.005500
0 0.908594 0.650750 0.007812 0.005500
0 0.909896 0.639250 0.012500 0.008000
0 0.981250 0.658500 0.015625 0.007000
0 0.964062 0.631625 0.018750 0.005250
0 0.959635 0.621875 0.010937 0.007250
0 0.992969 0.632250 0.007812 0.007000
0 0.986458 0.632250 0.014583 0.006500
