0 0.100875 0.573958 0.009250 0.012500
0 0.107750 0.589583 0.007500 0.010417
0 0.119500 0.588281 0.007500 0.018229
0 0.134375 0.638542 0.008750 0.009375
0 0.137875 0.651042 0.004250 0.016667
0 0.145375 0.627083 0.011250 0.016667
0 0.317500 0.297396 0.007500 0.013542
0 0.220875 0.236198 0.006750 0.019271
0 0.217000 0.216146 0.007000 0.014583
0 0.394625 0.510677 0.007750 0.017188
0 0.420125 0.433333 0.008750 0.013542
0 0.436750 0.416927 0.008000 0.011979
0 0.436250 0.391146 0.007500 0.013542
0 0.418000 0.404167 0.007000 0.013542
0 0.412375 0.395833 0.007750 0.011458
0 0.428125 0.380469 0.004750 0.017188
0 0.423625 0.334375 0.008250 0.018750
0 0.439500 0.325781 0.007000 0.020313
0 0.476500 0.348958 0.004500 0.016667
0 0.472125 0.350260 0.004250 0.016146
0 0.475875 0.331771 0.008250 0.010417
0 0.467375 0.305990 0.006250 0.017188
0 0.476500 0.298438 0.007000 0.009375
0 0.492375 0.270833 0.006750 0.016667
0 0.461375 0.272917 0.006250 0.012500
0 0.459625 0.269271 0.004750 0.010417
0 0.454500 0.230729 0.006500 0.013542
0 0.450000 0.231771 0.004500 0.015625
0 0.472875 0.193750 0.008750 0.010417
0 0.472875 0.174219 0.007750 0.017188
0 0.466750 0.175000 0.007000 0.011458
0 0.455500 0.178385 0.007500 0.018229
0 0.451125 0.147396 0.007750 0.016667
0 0.427125 0.159896 0.010750 0.012500
0 0.482750 0.144531 0.009500 0.011979
0 0.469625 0.088021 0.006250 0.015625
0 0.486875 0.038281 0.005750 0.017188
0 0.495250 0.007552 0.006000 0.014063
0 0.501500 0.019271 0.004000 0.012500
0 0.499875 0.017708 0.004750 0.013542
0 0.547875 0.116927 0.011750 0.019271
0 0.485250 0.185156 0.008500 0.010937
0 0.488500 0.230990 0.005500 0.009896
0 0.487625 0.226562 0.005250 0.009375
0 0.489625 0.633073 0.007750 0.016146
0 0.535500 0.548177 0.008500 0.018229
0 0.547625 0.518490 0.007250 0.015104
0 0.557250 0.508073 0.006000 0.015104
0 0.568500 0.492969 0.007500 0.016146
0 0.550125 0.499479 0.004750 0.008333
0 0.549000 0.497656 0.005500 0.010937
0 0.529500 0.491667 0.006000 0.015625
0 0.546125 0.467708 0.004250 0.012500
0 0.550750 0.469271 0.005000 0.013542
0 0.557250 0.461719 0.006500 0.014063
0 0.565125 0.438281 0.005750 0.013021
0 0.563000 0.433073 0.005500 0.015104
0 0.549500 0.410156 0.007500 0.016146
0 0.567125 0.404167 0.007250 0.015625
0 0.592750 0.389844 0.006000 0.011979
0 0.589750 0.386979 0.005500 0.013542
0 0.589500 0.366927 0.006000 0.014063
0 0.587125 0.353385 0.003750 0.007812
0 0.590500 0.350781 0.008000 0.010937
0 0.605125 0.309896 0.007750 0.016667
0 0.621625 0.311458 0.007750 0.012500
0 0.642125 0.301042 0.007250 0.014583
0 0.664250 0.296875 0.010500 0.012500
0 0.677250 0.309896 0.009000 0.016667
0 0.679125 0.350521 0.008250 0.013542
0 0.664000 0.328906 0.007500 0.014063
0 0.656000 0.359115 0.006500 0.015104
0 0.642750 0.390625 0.009500 0.018750
0 0.621750 0.468750 0.011000 0.016667
0 0.600250 0.457552 0.008500 0.010937
0 0.597000 0.437240 0.008500 0.014063
0 0.555250 0.570312 0.004500 0.011458
0 0.553000 0.567187 0.005000 0.014583
0 0.587125 0.652344 0.007250 0.015104
0 0.607375 0.623958 0.005750 0.016667
0 0.619375 0.648177 0.006250 0.014063
0 0.634500 0.641146 0.008000 0.012500
0 0.642250 0.633854 0.007000 0.013542
0 0.654500 0.621875 0.008500 0.012500
0 0.671750 0.604167 0.007500 0.011458
0 0.667625 0.615104 0.004750 0.013542
0 0.664750 0.615104 0.004000 0.011458
0 0.662625 0.612500 0.004750 0.012500
0 0.696750 0.608333 0.007500 0.014583
0 0.657375 0.677865 0.005750 0.009896
0 0.614500 0.725000 0.005500 0.007292
0 0.615125 0.720313 0.005750 0.007292
0 0.801125 0.806510 0.006250 0.009896
