0 0.842969 0.373750 0.010937 0.006500
0 0.734896 0.357500 0.014583 0.006000
0 0.762760 0.385625 0.016146 0.008750
0 0.760938 0.385375 0.011458 0.004750
0 0.768229 0.387375 0.007292 0.005750
0 0.657552 0.393875 0.011979 0.006250
0 0.625521 0.367875 0.011458 0.004750
0 0.618229 0.397000 0.009375 0.005500
0 0.613802 0.405500 0.013021 0.006000
0 0.604427 0.445125 0.008854 0.006250
0 0.608854 0.455250 0.011458 0.006500
0 0.615365 0.451750 0.006771 0.005500
0 0.665104 0.464875 0.014583 0.006750
0 0.659115 0.468750 0.013021 0.007500
0 0.743490 0.485500 0.015104 0.007000
0 0.683854 0.494875 0.013542 0.005750
0 0.739583 0.504875 0.016667 0.008750
0 0.778385 0.532625 0.016146 0.005750
0 0.606510 0.514375 0.010937 0.007250
0 0.614323 0.515500 0.008854 0.007000
0 0.663021 0.547125 0.015625 0.003750
0 0.622917 0.551375 0.012500 0.006750
0 0.641146 0.570625 0.011458 0.005250
0 0.618750 0.578625 0.008333 0.005250
0 0.615625 0.585500 0.013542 0.006000
0 0.614583 0.590875 0.018750 0.006250
0 0.613542 0.591750 0.011458 0.008000
0 0.694792 0.614625 0.013542 0.006750
0 0.727865 0.625875 0.011979 0.007250
0 0.752344 0.625250 0.010937 0.007000
0 0.647917 0.619625 0.013542 0.007250
0 0.657292 0.650875 0.014583 0.005750
0 0.677083 0.730000 0.009375 0.007500
0 0.417448 0.692000 0.011979 0.006000
0 0.466667 0.674125 0.014583 0.007750
0 0.439583 0.613750 0.015625 0.008000
0 0.438021 0.614000 0.011458 0.005500
0 0.476562 0.601375 0.010417 0.007750
0 0.475521 0.602125 0.010417 0.006750
0 0.410938 0.589750 0.012500 0.006500
0 0.367188 0.616750 0.013542 0.009500
0 0.588802 0.581875 0.010937 0.007250
0 0.583073 0.562000 0.015104 0.009000
0 0.574740 0.545375 0.015104 0.005250
0 0.489844 0.552000 0.009896 0.007500
0 0.495052 0.551000 0.005729 0.006500
0 0.396615 0.550750 0.009896 0.007500
0 0.431250 0.555875 0.009375 0.007750
0 0.460417 0.540875 0.006250 0.007750
0 0.410417 0.529875 0.009375 0.006750
0 0.438542 0.533125 0.008333 0.005250
0 0.441927 0.530375 0.010937 0.006750
0 0.459115 0.529000 0.010937 0.005500
0 0.465365 0.525750 0.008854 0.007000
0 0.447917 0.518625 0.012500 0.007750
0 0.447396 0.518875 0.008333 0.006750
0 0.436719 0.518750 0.006771 0.006500
0 0.427083 0.517750 0.009375 0.007000
0 0.541406 0.508250 0.008854 0.007500
0 0.541146 0.509250 0.010417 0.007000
0 0.585938 0.507625 0.010417 0.008250
0 0.560417 0.502375 0.011458 0.006750
0 0.529427 0.482125 0.013021 0.007250
0 0.522396 0.473250 0.007292 0.008000
0 0.526563 0.483250 0.007292 0.006500
0 0.510677 0.473250 0.011979 0.007000
0 0.510417 0.472875 0.008333 0.006250
0 0.496094 0.454625 0.013021 0.007250
0 0.496094 0.455750 0.010937 0.006500
0 0.443229 0.462125 0.012500 0.005250
0 0.438542 0.488250 0.013542 0.007000
0 0.442448 0.488250 0.008854 0.006500
0 0.422656 0.488375 0.007812 0.005250
0 0.426563 0.475750 0.008333 0.005500
0 0.567708 0.450000 0.006250 0.005500
0 0.529687 0.437375 0.008333 0.007250
0 0.537500 0.439125 0.006250 0.005250
0 0.350260 0.475625 0.010937 0.007750
0 0.349479 0.476000 0.010417 0.005500
0 0.310677 0.465250 0.008854 0.006500
0 0.296875 0.472625 0.011458 0.007250
0 0.303906 0.474250 0.008854 0.006000
0 0.313802 0.475500 0.008854 0.006000
0 0.318490 0.472375 0.006771 0.005750
0 0.325521 0.472250 0.007292 0.007000
0 0.296875 0.502500 0.012500 0.006500
0 0.295312 0.498375 0.009375 0.006250
0 0.307552 0.497375 0.016146 0.005250
0 0.307292 0.492625 0.009375 0.006250
0 0.314063 0.491625 0.009375 0.006250
0 0.198698 0.507875 0.010937 0.005250
0 0.217188 0.522000 0.017708 0.006500
0 0.212500 0.539375 0.014583 0.005750
0 0.212760 0.540625 0.011979 0.005250
0 0.165104 0.565375 0.013542 0.009250
0 0.163021 0.565250 0.009375 0.007000
0 0.930990 0.587000 0.015104 0.015500
0 0.990104 0.604875 0.011458 0.012250
0 0.356250 0.656625 0.018750 0.011250
0 0.366406 0.687875 0.016146 0.009250
