0 0.066625 0.428906 0.005750 0.009896
0 0.295750 0.523177 0.007500 0.008854
0 0.277375 0.491406 0.005250 0.011979
0 0.280125 0.454948 0.005750 0.011979
0 0.257750 0.476042 0.006500 0.009375
0 0.248125 0.442969 0.004750 0.010937
0 0.252500 0.409375 0.005500 0.012500
0 0.236875 0.399219 0.005250 0.014063
0 0.206125 0.321354 0.007250 0.015625
0 0.352625 0.471354 0.003250 0.010417
0 0.350625 0.470052 0.003250 0.011979
0 0.361250 0.297135 0.004000 0.010937
0 0.363375 0.295312 0.003250 0.007292
0 0.387500 0.241667 0.004500 0.013542
0 0.400750 0.230469 0.004500 0.010937
0 0.371625 0.238281 0.005750 0.009896
0 0.371500 0.224219 0.006500 0.010937
0 0.357125 0.230469 0.006750 0.006771
0 0.356125 0.225781 0.005750 0.004687
0 0.388875 0.201823 0.007750 0.011979
0 0.405625 0.194010 0.005250 0.014063
0 0.406250 0.165104 0.006000 0.006250
0 0.396125 0.166146 0.006750 0.008333
0 0.420625 0.132031 0.004750 0.015104
0 0.410750 0.136719 0.005000 0.015104
0 0.403375 0.132552 0.005750 0.011979
0 0.411125 0.123177 0.005750 0.010937
0 0.405500 0.113802 0.002500 0.011979
0 0.403250 0.112760 0.002500 0.016146
0 0.399625 0.109375 0.005250 0.012500
0 0.405375 0.083073 0.007750 0.014063
0 0.393500 0.027865 0.006500 0.013021
0 0.372250 0.037240 0.006000 0.005729
0 0.372000 0.031771 0.007500 0.007292
0 0.377375 0.101562 0.005750 0.013542
0 0.375250 0.098177 0.004000 0.009896
0 0.393375 0.500521 0.004750 0.013542
0 0.425750 0.441406 0.004500 0.010937
0 0.411250 0.438281 0.004000 0.009896
0 0.409750 0.436198 0.004500 0.011979
0 0.436750 0.439062 0.004500 0.008333
0 0.477875 0.318750 0.005750 0.007292
0 0.477750 0.314323 0.006000 0.007812
0 0.472625 0.304948 0.004250 0.013021
0 0.471875 0.288281 0.005750 0.013021
0 0.480750 0.283594 0.007000 0.008854
0 0.480250 0.276302 0.006000 0.007812
0 0.524750 0.235937 0.007000 0.010417
0 0.534500 0.221615 0.006500 0.005729
0 0.534750 0.216667 0.006000 0.006250
0 0.529750 0.183594 0.007000 0.007812
0 0.554125 0.181771 0.005750 0.009375
0 0.553125 0.178646 0.004250 0.009375
0 0.605625 0.080990 0.005250 0.006771
0 0.605625 0.086198 0.005250 0.005729
0 0.605250 0.089583 0.006000 0.007292
0 0.646250 0.065365 0.007000 0.014063
0 0.592500 0.150000 0.004500 0.010417
0 0.572625 0.161719 0.004250 0.010937
0 0.576875 0.152865 0.004250 0.007812
0 0.506750 0.298177 0.005500 0.013021
0 0.423500 0.594271 0.006000 0.010417
0 0.425625 0.591667 0.005250 0.009375
0 0.457250 0.560677 0.006500 0.008854
0 0.456125 0.543750 0.006750 0.008333
0 0.485000 0.543750 0.005500 0.010417
0 0.480375 0.543750 0.005750 0.009375
0 0.479875 0.540365 0.004750 0.007812
0 0.489000 0.504427 0.006000 0.008854
0 0.490250 0.496354 0.006000 0.009375
0 0.527125 0.521094 0.005250 0.006771
0 0.526375 0.517448 0.005750 0.006771
0 0.534875 0.505729 0.006250 0.009375
0 0.540750 0.504167 0.004500 0.013542
0 0.536125 0.494010 0.003750 0.013021
0 0.531750 0.490625 0.005000 0.011458
0 0.541875 0.480729 0.006750 0.008333
0 0.552875 0.478125 0.006250 0.010417
0 0.565500 0.449740 0.004500 0.008854
0 0.561500 0.444531 0.005000 0.007812
0 0.565625 0.416667 0.006250 0.010417
0 0.588125 0.417708 0.005750 0.010417
0 0.589625 0.433333 0.005750 0.007292
0 0.588125 0.428646 0.004250 0.009375
0 0.600750 0.444010 0.007500 0.008854
0 0.619375 0.421354 0.007250 0.009375
0 0.588500 0.464062 0.006500 0.010417
0 0.596250 0.463281 0.005500 0.004687
0 0.595875 0.458854 0.006250 0.005208
0 0.641750 0.399479 0.006500 0.007292
0 0.649625 0.391146 0.006750 0.008333
0 0.654375 0.375260 0.004250 0.007812
0 0.653375 0.372917 0.005750 0.010417
0 0.704750 0.387760 0.006500 0.013021
0 0.684000 0.404948 0.004500 0.006771
0 0.683125 0.400521 0.005750 0.009375
0 0.663125 0.437500 0.005750 0.007292
0 0.660000 0.435677 0.006500 0.008854
0 0.623500 0.465365 0.006000 0.008854
0 0.583375 0.495573 0.005750 0.006771
0 0.541875 0.541146 0.003250 0.011458
0 0.611500 0.534635 0.003500 0.006771
0 0.610000 0.532292 0.005000 0.010417
0 0.405250 0.726042 0.006000 0.011458
0 0.423000 0.718490 0.005000 0.007812
0 0.429125 0.770573 0.005750 0.007812
0 0.454875 0.779427 0.006750 0.008854
0 0.463375 0.765625 0.006250 0.009375
0 0.471500 0.807031 0.006500 0.010937
0 0.474125 0.836979 0.004750 0.012500
0 0.492875 0.813281 0.003750 0.008854
0 0.493625 0.810677 0.004250 0.010937
0 0.502500 0.817187 0.004500 0.007292
0 0.503000 0.814323 0.005500 0.007812
0 0.508250 0.822135 0.003500 0.011979
0 0.518250 0.823177 0.005500 0.008854
0 0.547750 0.863542 0.005000 0.010417
0 0.482750 0.769271 0.005500 0.010417
0 0.490500 0.767969 0.006000 0.009896
