0 0.619010 0.608250 0.010937 0.006000
0 0.881510 0.668000 0.018229 0.007000
0 0.859896 0.354375 0.011458 0.003250
0 0.429427 0.508250 0.013021 0.007500
0 0.564844 0.265500 0.009896 0.007500
0 0.544271 0.225500 0.009375 0.007000
0 0.265104 0.445875 0.014583 0.006750
0 0.160156 0.392125 0.016146 0.005750
0 0.222656 0.350500 0.009896 0.007000
0 0.136979 0.293250 0.013542 0.008500
0 0.147917 0.282250 0.012500 0.008500
0 0.122396 0.262625 0.010417 0.006250
0 0.003646 0.165250 0.007292 0.007500
0 0.011198 0.167875 0.018229 0.008250
0 0.154167 0.082250 0.012500 0.007000
0 0.252865 0.289375 0.015104 0.007750
