0 0.360417 0.634500 0.044792 0.012500
0 0.351042 0.648000 0.029167 0.014500
0 0.388802 0.619125 0.017188 0.009750
0 0.407552 0.640375 0.028646 0.014750
0 0.399479 0.665750 0.044792 0.018000
0 0.421094 0.656750 0.039062 0.014000
0 0.425521 0.656375 0.030208 0.017250
0 0.450260 0.665375 0.035937 0.017250
0 0.455990 0.669125 0.030729 0.016750
0 0.479948 0.651125 0.031771 0.011250
0 0.478385 0.649125 0.023438 0.009750
0 0.531250 0.680625 0.021875 0.017250
0 0.580469 0.683000 0.027604 0.012500
0 0.410417 0.561875 0.022917 0.013250
0 0.435156 0.560250 0.028646 0.019500
0 0.475000 0.559750 0.021875 0.014500
0 0.478385 0.537875 0.023438 0.015250
0 0.524219 0.540000 0.027604 0.011000
0 0.513802 0.537500 0.027604 0.009000
0 0.568229 0.530000 0.022917 0.007500
0 0.573958 0.526500 0.034375 0.012000
0 0.579167 0.517500 0.021875 0.009000
0 0.579688 0.534750 0.026042 0.010500
0 0.594010 0.548750 0.020313 0.016000
0 0.615365 0.549000 0.024479 0.012500
0 0.647656 0.498750 0.023438 0.014500
0 0.745313 0.508500 0.033333 0.016000
0 0.771615 0.498000 0.027604 0.017500
0 0.775781 0.559500 0.024479 0.016500
0 0.872917 0.550375 0.033333 0.016750
0 0.924740 0.541750 0.024479 0.016000
0 0.888542 0.516000 0.030208 0.023000
0 0.889323 0.520625 0.031771 0.016750
0 0.917708 0.520250 0.030208 0.014500
0 0.877083 0.494500 0.047917 0.021500
0 0.911719 0.494875 0.030729 0.016750
0 0.954688 0.477250 0.026042 0.014500
0 0.032292 0.542375 0.026042 0.016750
0 0.060417 0.549750 0.027083 0.013000
0 0.146354 0.538625 0.034375 0.010250
0 0.086198 0.508625 0.029687 0.015750
0 0.086198 0.497875 0.029687 0.017750
0 0.068750 0.500375 0.028125 0.015250
0 0.053385 0.488375 0.035937 0.015250
0 0.020573 0.468250 0.041146 0.013000
0 0.022135 0.468250 0.044271 0.017500
0 0.175000 0.492625 0.026042 0.010750
0 0.170573 0.478000 0.019271 0.011000
0 0.200260 0.490250 0.021354 0.010500
0 0.193750 0.495750 0.027083 0.011500
0 0.214844 0.502000 0.030729 0.013000
0 0.207552 0.513375 0.018229 0.010750
0 0.280469 0.516750 0.028646 0.012500
0 0.285677 0.507625 0.016146 0.009250
0 0.304688 0.487750 0.036458 0.014000
0 0.309375 0.486000 0.029167 0.012500
0 0.297917 0.470750 0.027083 0.013500
0 0.305990 0.464875 0.029687 0.009750
0 0.342708 0.449750 0.028125 0.013000
0 0.201563 0.466625 0.038542 0.017250
0 0.195052 0.466875 0.033854 0.016750
0 0.210938 0.457625 0.029167 0.015750
0 0.206771 0.457750 0.028125 0.012500
0 0.217188 0.446750 0.023958 0.008000
0 0.208073 0.436750 0.019271 0.012000
0 0.219792 0.425500 0.022917 0.013500
0 0.168750 0.410875 0.025000 0.014750
0 0.187500 0.416625 0.023958 0.015250
0 0.200521 0.419875 0.027083 0.013250
0 0.207812 0.410875 0.026042 0.010250
0 0.231250 0.410375 0.025000 0.011250
0 0.243750 0.404000 0.025000 0.012000
0 0.243229 0.377750 0.023958 0.013500
0 0.190104 0.393750 0.026042 0.011000
0 0.185417 0.393000 0.030208 0.013500
0 0.176823 0.381875 0.029687 0.009750
0 0.156510 0.337625 0.031771 0.015750
0 0.334635 0.341000 0.019271 0.011000
0 0.425000 0.377500 0.025000 0.018500
0 0.417969 0.378000 0.029687 0.016500
0 0.389062 0.384750 0.026042 0.011500
0 0.384115 0.408250 0.018229 0.012500
0 0.393750 0.418500 0.023958 0.017000
0 0.343229 0.426375 0.027083 0.011750
0 0.325781 0.414625 0.019271 0.009250
0 0.359635 0.409375 0.019271 0.009250
0 0.473958 0.405375 0.028125 0.010250
0 0.470312 0.374125 0.025000 0.008750
0 0.419792 0.352750 0.023958 0.010500
0 0.461719 0.355500 0.019271 0.011500
0 0.480208 0.346250 0.027083 0.011500
0 0.536458 0.342625 0.026042 0.010750
0 0.532813 0.368500 0.028125 0.012500
0 0.680729 0.418500 0.040625 0.016000
0 0.684635 0.419000 0.023438 0.013500
0 0.725000 0.428625 0.027083 0.016250
0 0.711458 0.458500 0.027083 0.014000
0 0.873177 0.427000 0.018229 0.012000
0 0.595313 0.463375 0.023958 0.010750
0 0.661979 0.449375 0.016667 0.009250
0 0.567448 0.440000 0.031771 0.012000
0 0.563021 0.433125 0.025000 0.010250
0 0.536198 0.469000 0.044271 0.013500
0 0.540885 0.466250 0.034896 0.013500
0 0.543229 0.482125 0.021875 0.008250
0 0.507552 0.491250 0.031771 0.011500
0 0.505990 0.491625 0.019271 0.008750
0 0.474219 0.499250 0.030729 0.013000
0 0.470312 0.501625 0.027083 0.010250
0 0.429948 0.501125 0.030729 0.008250
0 0.439583 0.482125 0.020833 0.009250
0 0.381771 0.521750 0.047917 0.013500
0 0.387500 0.521750 0.036458 0.010500
0 0.394271 0.532625 0.038542 0.014750
0 0.389323 0.532125 0.034896 0.013750
0 0.347135 0.533750 0.030729 0.010500
0 0.419531 0.289750 0.019271 0.013500
0 0.482031 0.284250 0.015104 0.012500
0 0.509115 0.286375 0.028646 0.015750
0 0.513281 0.266875 0.029687 0.009250
0 0.578906 0.165250 0.022396 0.013500
0 0.290104 0.212500 0.020833 0.008000
0 0.290625 0.203000 0.021875 0.012000
0 0.209635 0.239625 0.031771 0.015750
0 0.199479 0.256250 0.027083 0.013000
0 0.140104 0.234875 0.023958 0.009250
0 0.142187 0.293000 0.028125 0.012500
0 0.152083 0.287250 0.022917 0.012000
