0 0.314323 0.624875 0.008854 0.002750
0 0.394010 0.637125 0.008854 0.003250
0 0.392448 0.633750 0.005729 0.004500
0 0.472135 0.608000 0.008854 0.004000
0 0.457552 0.595625 0.004687 0.005250
0 0.381510 0.543375 0.007812 0.004750
0 0.387760 0.542750 0.006771 0.003500
0 0.327083 0.473750 0.010417 0.003500
0 0.661979 0.295125 0.008333 0.004250
0 0.634896 0.322625 0.010417 0.004250
0 0.593490 0.516625 0.009896 0.004750
0 0.594792 0.530250 0.007292 0.005500
0 0.595833 0.602750 0.008333 0.004500
0 0.835156 0.496375 0.005729 0.004250
0 0.968490 0.417625 0.007812 0.004750
0 0.967187 0.387375 0.006250 0.004250
0 0.969271 0.384500 0.007292 0.003000
0 0.944792 0.589625 0.005208 0.004750
0 0.937500 0.592125 0.009375 0.002750
0 0.047656 0.515500 0.014063 0.004500
