0 0.066667 0.408125 0.027083 0.008750
0 0.204167 0.493875 0.020833 0.008250
0 0.334115 0.550750 0.022396 0.008500
0 0.424740 0.607000 0.014063 0.008500
0 0.562240 0.422250 0.014063 0.008500
0 0.713281 0.636875 0.017188 0.005750
0 0.810156 0.621375 0.008854 0.005750
0 0.874740 0.603750 0.014063 0.005000
0 0.882552 0.641250 0.011979 0.004500
0 0.961979 0.630375 0.015625 0.006250
0 0.925260 0.602500 0.008854 0.005000
0 0.930208 0.601250 0.011458 0.006000
0 0.932031 0.582875 0.010937 0.004750
0 0.961719 0.575875 0.010937 0.006750
0 0.989583 0.613875 0.015625 0.007250
