0 0.500260 0.146500 0.021354 0.008500
0 0.551823 0.195000 0.014063 0.010500
0 0.540625 0.195250 0.012500 0.008500
0 0.343750 0.248625 0.014583 0.006250
0 0.444271 0.253875 0.012500 0.007250
0 0.452083 0.274125 0.012500 0.010250
0 0.536198 0.252750 0.011979 0.008500
0 0.526302 0.253000 0.011979 0.008500
0 0.522656 0.298250 0.019271 0.008000
0 0.724219 0.333750 0.015104 0.009000
0 0.637240 0.418375 0.018229 0.005750
0 0.648698 0.288750 0.017188 0.005000
0 0.595833 0.331125 0.028125 0.009750
0 0.498437 0.486375 0.013542 0.006250
0 0.509375 0.482000 0.014583 0.006000
0 0.678906 0.508125 0.019271 0.006750
0 0.715885 0.524750 0.020313 0.006000
0 0.836458 0.470750 0.020833 0.009000
0 0.398698 0.533000 0.015104 0.007500
0 0.475521 0.558875 0.016667 0.008750
0 0.517448 0.577500 0.016146 0.006000
0 0.515104 0.583625 0.016667 0.006250
0 0.542708 0.589750 0.017708 0.009000
0 0.615104 0.565875 0.013542 0.008250
0 0.686719 0.669375 0.020313 0.008750
0 0.681510 0.657125 0.018229 0.007750
0 0.665625 0.661625 0.013542 0.009750
0 0.636719 0.627750 0.018229 0.009500
0 0.652344 0.617875 0.016146 0.007250
0 0.632031 0.613375 0.015104 0.009250
0 0.663021 0.609125 0.014583 0.005250
0 0.649479 0.609000 0.014583 0.006000
0 0.654687 0.597875 0.018750 0.006250
0 0.642708 0.597125 0.009375 0.007250
0 0.733594 0.662625 0.011979 0.007750
0 0.730469 0.674000 0.011979 0.008500
0 0.746094 0.683250 0.018229 0.007500
0 0.858333 0.707250 0.017708 0.008500
0 0.902604 0.710375 0.018750 0.007750
0 0.862760 0.776875 0.019271 0.009250
0 0.946875 0.742000 0.016667 0.007500
0 0.843229 0.680125 0.015625 0.006750
0 0.364583 0.781625 0.016667 0.007750
0 0.373698 0.763500 0.027604 0.011000
0 0.328385 0.796875 0.016146 0.011250
0 0.271875 0.727625 0.011458 0.006250
0 0.314323 0.712875 0.018229 0.006250
0 0.312760 0.650875 0.017188 0.007750
0 0.353385 0.639875 0.020313 0.008750
0 0.343229 0.633125 0.022917 0.005750
0 0.302865 0.618250 0.015104 0.010500
0 0.300521 0.595000 0.015625 0.005500
0 0.300260 0.586750 0.016146 0.006000
0 0.300781 0.575750 0.010937 0.007000
0 0.338281 0.569000 0.016146 0.006000
0 0.343229 0.548250 0.016667 0.006000
0 0.333073 0.599750 0.017188 0.006000
0 0.339583 0.605375 0.017708 0.008750
