0 0.015885 0.364875 0.015104 0.007250
0 0.128125 0.263250 0.011458 0.007500
0 0.241146 0.287250 0.015625 0.006000
0 0.279167 0.208875 0.010417 0.010750
0 0.289323 0.205375 0.011979 0.006250
0 0.269010 0.205375 0.009896 0.009250
0 0.456771 0.134375 0.015625 0.007750
0 0.349219 0.250250 0.009896 0.007000
0 0.026042 0.435000 0.013542 0.004000
0 0.029687 0.432625 0.010417 0.003750
0 0.297917 0.401000 0.011458 0.006500
0 0.310677 0.354500 0.009896 0.009000
0 0.378385 0.387000 0.015104 0.005000
0 0.426823 0.388625 0.014063 0.006250
0 0.430990 0.383125 0.011979 0.005750
0 0.501302 0.361875 0.016146 0.004750
0 0.496875 0.356250 0.011458 0.007000
0 0.504427 0.343875 0.016146 0.007750
0 0.608594 0.349500 0.014063 0.005500
0 0.598177 0.350125 0.008854 0.005750
0 0.607812 0.344375 0.013542 0.005750
0 0.597656 0.344000 0.011979 0.006500
0 0.680990 0.374250 0.019271 0.006500
0 0.597135 0.396125 0.014063 0.004250
0 0.592708 0.392000 0.015625 0.004500
0 0.660156 0.387500 0.010937 0.005000
0 0.690625 0.392500 0.011458 0.004000
0 0.691146 0.389875 0.014583 0.003250
0 0.778125 0.385000 0.020833 0.005000
0 0.054427 0.479875 0.006771 0.007250
0 0.048438 0.475875 0.006250 0.006750
0 0.136198 0.508125 0.010937 0.004750
0 0.328906 0.511000 0.008854 0.007000
0 0.305729 0.527000 0.011458 0.006000
0 0.322917 0.536625 0.007292 0.003250
0 0.318750 0.535750 0.008333 0.006000
0 0.372135 0.546125 0.013021 0.005250
0 0.384635 0.553125 0.013021 0.006750
0 0.430208 0.543750 0.010417 0.007500
0 0.399479 0.518875 0.013542 0.003750
0 0.400000 0.516250 0.009375 0.003000
0 0.433854 0.517250 0.010417 0.006000
0 0.442448 0.525625 0.007812 0.003750
0 0.444531 0.524500 0.010937 0.004500
0 0.464844 0.526625 0.008854 0.003250
0 0.466667 0.525375 0.010417 0.004250
0 0.496875 0.517750 0.012500 0.003500
0 0.503906 0.515500 0.011979 0.005000
0 0.510417 0.510750 0.014583 0.004000
0 0.508594 0.506125 0.008854 0.003250
0 0.509896 0.504750 0.011458 0.004000
0 0.484635 0.512750 0.009896 0.005000
0 0.486719 0.511375 0.008854 0.003750
0 0.559375 0.518375 0.014583 0.003750
0 0.559635 0.526125 0.006771 0.005750
0 0.521615 0.542625 0.009896 0.006750
0 0.513802 0.539625 0.004687 0.005250
0 0.509896 0.539625 0.004167 0.006250
0 0.554167 0.534625 0.009375 0.003750
0 0.553125 0.531750 0.011458 0.004000
0 0.597656 0.501375 0.010937 0.003750
0 0.613021 0.512750 0.013542 0.004000
0 0.577604 0.502500 0.009375 0.003000
0 0.578385 0.500500 0.013021 0.003000
0 0.638802 0.511500 0.011979 0.004000
0 0.639062 0.509750 0.010417 0.003000
0 0.637240 0.505125 0.008854 0.003750
0 0.638542 0.503625 0.011458 0.003750
0 0.608854 0.544500 0.013542 0.005500
0 0.621875 0.552625 0.011458 0.006250
0 0.661719 0.563625 0.014063 0.004250
0 0.732812 0.542500 0.008333 0.006500
0 0.721875 0.542750 0.012500 0.004500
0 0.707812 0.546500 0.011458 0.002500
0 0.708073 0.544000 0.014063 0.003000
0 0.703385 0.535000 0.010937 0.002500
0 0.703125 0.532500 0.013542 0.003000
0 0.771094 0.535250 0.014063 0.004000
0 0.773438 0.556625 0.009375 0.006250
0 0.783073 0.550750 0.008854 0.004000
0 0.772917 0.550250 0.011458 0.003500
0 0.773958 0.548500 0.010417 0.002500
0 0.778385 0.581625 0.017188 0.003750
0 0.872396 0.589125 0.010417 0.004750
0 0.888021 0.572000 0.008333 0.005000
0 0.926823 0.615750 0.018229 0.003500
0 0.803385 0.594375 0.011979 0.005750
0 0.735938 0.619625 0.013542 0.006250
0 0.706250 0.615750 0.015625 0.004000
0 0.694792 0.596500 0.012500 0.005000
0 0.760417 0.598875 0.011458 0.002750
0 0.759635 0.596500 0.015104 0.003000
0 0.633854 0.602750 0.013542 0.006500
0 0.613542 0.591375 0.013542 0.003250
0 0.626823 0.588500 0.010937 0.004000
0 0.636979 0.585875 0.011458 0.004250
0 0.630729 0.581625 0.011458 0.004250
0 0.642708 0.576875 0.010417 0.005250
0 0.660417 0.582000 0.011458 0.004000
0 0.615885 0.569750 0.011979 0.002500
0 0.607812 0.567500 0.010417 0.003500
0 0.610417 0.573625 0.013542 0.002750
0 0.611979 0.576000 0.011458 0.002500
0 0.579167 0.563875 0.012500 0.004750
0 0.594531 0.603000 0.010937 0.003000
0 0.593750 0.601250 0.009375 0.002500
0 0.570573 0.593000 0.014063 0.004500
0 0.557813 0.585625 0.008333 0.004250
0 0.566146 0.586625 0.010417 0.003250
0 0.574479 0.589375 0.012500 0.002750
0 0.532813 0.565500 0.012500 0.002000
0 0.531250 0.563625 0.009375 0.001750
0 0.508594 0.563625 0.008854 0.003250
0 0.502604 0.562375 0.011458 0.002250
0 0.472656 0.555375 0.008854 0.005750
0 0.442448 0.589625 0.006771 0.004250
0 0.017708 0.561125 0.008333 0.005250
0 0.076042 0.568375 0.005208 0.006250
0 0.071354 0.568375 0.004167 0.006250
0 0.216667 0.643875 0.009375 0.005750
0 0.265104 0.639125 0.008333 0.006250
0 0.268750 0.638250 0.006250 0.004500
0 0.267448 0.609875 0.009896 0.006250
0 0.304427 0.638625 0.006771 0.003750
0 0.308594 0.637625 0.010937 0.004750
0 0.309375 0.678750 0.013542 0.006000
0 0.410677 0.768000 0.007812 0.004500
0 0.417187 0.764000 0.008333 0.004500
0 0.461719 0.754625 0.014063 0.005750
0 0.676823 0.793500 0.008854 0.006500
0 0.679688 0.792500 0.007292 0.005000
0 0.650000 0.765375 0.014583 0.004250
0 0.594531 0.760625 0.009896 0.005250
0 0.551302 0.723875 0.009896 0.003250
0 0.550521 0.721750 0.011458 0.003500
0 0.534896 0.718250 0.008333 0.004000
0 0.537500 0.717250 0.010417 0.005500
0 0.486458 0.712625 0.008333 0.007250
0 0.491406 0.707750 0.013021 0.003500
0 0.478125 0.698750 0.009375 0.007000
0 0.413542 0.713625 0.011458 0.004250
0 0.435677 0.700750 0.008854 0.006000
0 0.436458 0.697375 0.009375 0.004250
0 0.439583 0.694750 0.010417 0.006000
0 0.487760 0.678875 0.016146 0.005750
0 0.537240 0.686125 0.010937 0.005750
0 0.543750 0.693750 0.007292 0.004000
0 0.546615 0.692875 0.009896 0.005250
0 0.533333 0.679000 0.009375 0.003000
0 0.533854 0.677250 0.012500 0.003500
0 0.375521 0.652750 0.012500 0.007000
0 0.420312 0.649875 0.008333 0.006750
0 0.421094 0.629000 0.013021 0.006000
0 0.014063 0.589500 0.013542 0.004500
0 0.157552 0.642250 0.009896 0.004500
0 0.133594 0.705500 0.008854 0.004500
0 0.147135 0.731000 0.009896 0.005500
0 0.027344 0.768625 0.010937 0.005250
0 0.432812 0.731750 0.014583 0.007000
0 0.574740 0.924750 0.008854 0.005000
0 0.847396 0.280375 0.013542 0.006750
0 0.718750 0.431250 0.012500 0.007000
