0 0.761625 0.360677 0.010250 0.013021
0 0.674500 0.449479 0.004500 0.017708
0 0.644500 0.498177 0.008000 0.014063
0 0.637125 0.526823 0.005250 0.015104
0 0.505750 0.388021 0.006500 0.015625
0 0.514625 0.403125 0.008750 0.017708
0 0.530000 0.438281 0.008000 0.016146
0 0.704750 0.385156 0.006000 0.020313
0 0.723625 0.380469 0.007250 0.022396
0 0.688500 0.456771 0.009000 0.017708
0 0.689375 0.515625 0.007250 0.017708
0 0.666875 0.488802 0.007750 0.014063
0 0.673750 0.746875 0.008500 0.017708
0 0.733000 0.792448 0.007500 0.015104
0 0.700750 0.788281 0.010000 0.018229
0 0.599250 0.759375 0.008500 0.014583
0 0.579875 0.766927 0.007250 0.014063
0 0.585875 0.771094 0.006750 0.016146
0 0.592875 0.772656 0.008250 0.019271
0 0.601375 0.775781 0.009750 0.015104
0 0.520000 0.615104 0.006500 0.013542
0 0.534875 0.575260 0.007250 0.014063
0 0.537250 0.589323 0.011500 0.018229
0 0.623125 0.624479 0.005750 0.016667
0 0.408250 0.741146 0.007000 0.017708
0 0.402875 0.758073 0.007750 0.009896
0 0.338750 0.770052 0.006000 0.009896
0 0.334375 0.801823 0.005250 0.016146
0 0.328250 0.811198 0.009000 0.010937
0 0.226750 0.918229 0.006500 0.012500
0 0.291250 0.832812 0.010000 0.013542
0 0.394250 0.527604 0.010500 0.011458
0 0.880375 0.203646 0.007250 0.015625
