0 0.293000 0.027344 0.006500 0.007812
0 0.436750 0.269271 0.007000 0.011458
0 0.417750 0.292969 0.004000 0.010937
0 0.443500 0.320052 0.007500 0.006771
0 0.434000 0.342187 0.003500 0.011458
0 0.430875 0.343750 0.003250 0.012500
0 0.429750 0.359115 0.004500 0.009896
0 0.431875 0.375260 0.003750 0.009896
0 0.430125 0.371615 0.005250 0.009896
0 0.419375 0.372396 0.003250 0.007292
0 0.418500 0.368750 0.006000 0.008333
0 0.334375 0.491146 0.002750 0.012500
0 0.336750 0.491406 0.002000 0.011979
0 0.328625 0.533594 0.004250 0.013021
0 0.270500 0.644531 0.005500 0.009896
0 0.278375 0.621094 0.005250 0.013021
0 0.268250 0.614062 0.003500 0.010417
0 0.266500 0.613281 0.004000 0.009896
0 0.493500 0.346875 0.005500 0.011458
0 0.486500 0.378906 0.003500 0.015104
0 0.481750 0.385677 0.006000 0.009896
0 0.483750 0.403646 0.002500 0.011458
0 0.481750 0.403125 0.003000 0.010417
0 0.478750 0.430729 0.006000 0.010417
0 0.469250 0.457292 0.005500 0.010417
0 0.459750 0.464583 0.004500 0.011458
0 0.448125 0.488802 0.005750 0.010937
0 0.457125 0.555469 0.005750 0.010937
0 0.425375 0.583594 0.003750 0.011979
0 0.420625 0.583594 0.004750 0.008854
0 0.418375 0.644271 0.005750 0.008333
0 0.419375 0.667188 0.004250 0.015625
0 0.386375 0.690625 0.004250 0.008333
0 0.388375 0.680990 0.006250 0.008854
0 0.390000 0.692969 0.004000 0.014063
0 0.373250 0.829427 0.004000 0.016146
0 0.370375 0.828125 0.002250 0.011458
0 0.319375 0.827344 0.004250 0.014063
0 0.313750 0.873437 0.005000 0.014583
0 0.392500 0.898958 0.005500 0.015625
0 0.469250 0.448437 0.005500 0.011458
0 0.537625 0.473698 0.005750 0.014063
0 0.504625 0.483073 0.005250 0.011979
0 0.543625 0.596615 0.005250 0.010937
0 0.574625 0.669271 0.007250 0.008333
0 0.542125 0.708333 0.004750 0.012500
0 0.536875 0.699740 0.003250 0.014063
0 0.533500 0.694010 0.004000 0.016146
0 0.529625 0.694792 0.004250 0.009375
0 0.464625 0.840885 0.005750 0.008854
0 0.512125 0.987500 0.004250 0.014583
0 0.527250 0.983594 0.003000 0.013021
0 0.524000 0.982552 0.004000 0.015104
0 0.566875 0.918229 0.007750 0.008333
0 0.549875 0.876042 0.006750 0.008333
0 0.578125 0.832031 0.003250 0.013021
0 0.550750 0.328646 0.002500 0.012500
0 0.548500 0.326823 0.002000 0.010937
0 0.590250 0.486979 0.004000 0.013542
0 0.635000 0.439062 0.003000 0.010417
0 0.655625 0.692448 0.006250 0.010937
0 0.652250 0.706510 0.005500 0.009896
0 0.646625 0.701302 0.005250 0.007812
0 0.675750 0.715885 0.010500 0.015104
0 0.656250 0.776042 0.006000 0.006250
0 0.655500 0.770833 0.005000 0.005208
0 0.717250 0.988802 0.006500 0.007812
0 0.788125 0.877604 0.006250 0.010417
0 0.618750 0.371615 0.006000 0.008854
0 0.810000 0.604167 0.005000 0.015625
0 0.813375 0.590365 0.005750 0.016146
0 0.727625 0.269010 0.006250 0.005729
0 0.728375 0.264323 0.005750 0.004687
0 0.783250 0.014844 0.006500 0.009896
0 0.945375 0.430729 0.006250 0.010417
