0 0.587500 0.576250 0.011458 0.004000
0 0.616146 0.560000 0.011458 0.003000
0 0.647656 0.569250 0.010937 0.007500
0 0.757292 0.619125 0.013542 0.003750
0 0.787500 0.634500 0.007292 0.006000
0 0.809375 0.644875 0.014583 0.003750
0 0.768229 0.633250 0.009375 0.005500
0 0.774479 0.631875 0.010417 0.003750
0 0.766667 0.605625 0.011458 0.005750
0 0.839844 0.605000 0.009896 0.005500
0 0.860938 0.601375 0.007292 0.004750
0 0.848958 0.592500 0.011458 0.003000
0 0.916406 0.612750 0.011979 0.005500
0 0.853906 0.665625 0.019271 0.007250
0 0.899479 0.691250 0.009375 0.007000
0 0.924219 0.697625 0.015104 0.006250
0 0.797135 0.708000 0.011979 0.007000
0 0.989323 0.765000 0.011979 0.004500
0 0.985156 0.717500 0.013021 0.006000
0 0.967187 0.690875 0.006250 0.005250
0 0.979948 0.690000 0.010937 0.006500
0 0.725000 0.567625 0.013542 0.004750
0 0.702865 0.563500 0.013021 0.004000
0 0.705990 0.551000 0.008854 0.005500
0 0.734115 0.552750 0.009896 0.004000
0 0.761198 0.556750 0.006771 0.005500
0 0.726302 0.582000 0.014063 0.005500
0 0.726042 0.586125 0.011458 0.005250
0 0.511979 0.541750 0.005208 0.005000
0 0.519531 0.541125 0.010937 0.003250
0 0.394271 0.547250 0.007292 0.006000
0 0.405469 0.563125 0.009896 0.005250
0 0.432812 0.578125 0.010417 0.005750
0 0.403125 0.614625 0.008333 0.005750
0 0.423958 0.613375 0.008333 0.005250
0 0.473958 0.623375 0.012500 0.005250
0 0.483073 0.612375 0.006771 0.005750
0 0.526042 0.618375 0.010417 0.006250
0 0.395313 0.656625 0.007292 0.006250
0 0.502604 0.677375 0.009375 0.005750
0 0.531771 0.682000 0.014583 0.004000
0 0.518229 0.684000 0.006250 0.006000
0 0.489844 0.683000 0.008854 0.005500
0 0.494792 0.692375 0.011458 0.005250
0 0.505469 0.705125 0.011979 0.005250
0 0.492448 0.698125 0.013021 0.003250
0 0.461719 0.690875 0.010937 0.005250
0 0.585938 0.710500 0.009375 0.006500
0 0.497135 0.720250 0.013021 0.006000
0 0.509635 0.724375 0.011979 0.003750
0 0.526302 0.720250 0.008854 0.007000
0 0.533073 0.727750 0.010937 0.004000
0 0.536198 0.723625 0.010937 0.003750
0 0.547135 0.726000 0.010937 0.005500
0 0.573438 0.741125 0.009375 0.005250
0 0.565365 0.753125 0.013021 0.006250
0 0.566927 0.762625 0.014063 0.003750
0 0.563802 0.758750 0.013021 0.004500
0 0.561458 0.801625 0.006250 0.006750
0 0.529948 0.782750 0.010937 0.003500
0 0.527083 0.786000 0.012500 0.004000
0 0.611979 0.800250 0.012500 0.005500
0 0.643750 0.857625 0.009375 0.006250
0 0.625260 0.934875 0.009896 0.005250
0 0.484896 0.669375 0.014583 0.007750
0 0.524219 0.699750 0.007812 0.006000
0 0.517188 0.699125 0.008333 0.006250
0 0.509896 0.691375 0.008333 0.004750
0 0.512760 0.694625 0.011979 0.005250
0 0.422656 0.601250 0.007812 0.005500
0 0.418750 0.593625 0.009375 0.004750
0 0.417708 0.539125 0.009375 0.004250
0 0.413281 0.534625 0.008854 0.004250
0 0.410677 0.524750 0.005729 0.004500
0 0.409896 0.520875 0.008333 0.003750
0 0.406771 0.516125 0.007292 0.004750
0 0.387760 0.520250 0.007812 0.005000
0 0.404167 0.499500 0.012500 0.003000
0 0.441927 0.484500 0.011979 0.004000
0 0.415365 0.488000 0.008854 0.003500
0 0.400000 0.480000 0.010417 0.005000
0 0.338281 0.494250 0.011979 0.003500
0 0.342969 0.487750 0.006771 0.005500
0 0.379688 0.486125 0.006250 0.004250
0 0.371354 0.483625 0.008333 0.003250
0 0.357031 0.480250 0.006771 0.003500
0 0.364063 0.476625 0.004167 0.005250
0 0.358594 0.476125 0.007812 0.003750
0 0.371094 0.470125 0.011979 0.003750
0 0.315885 0.462500 0.004687 0.004500
0 0.297917 0.485000 0.013542 0.003000
0 0.304167 0.497250 0.013542 0.004000
0 0.278385 0.480625 0.010937 0.005750
0 0.265365 0.461750 0.008854 0.004000
0 0.262760 0.465750 0.010937 0.004500
0 0.192188 0.484500 0.013542 0.003500
0 0.181250 0.493375 0.010417 0.004750
0 0.221875 0.483000 0.011458 0.004500
0 0.242708 0.506250 0.008333 0.004500
0 0.235156 0.518250 0.007812 0.005500
0 0.239323 0.525875 0.009896 0.005750
0 0.248438 0.517625 0.007292 0.005250
0 0.253906 0.514125 0.011979 0.002750
0 0.260156 0.507750 0.010937 0.005000
0 0.277083 0.509625 0.009375 0.005250
0 0.276562 0.517375 0.006250 0.005250
0 0.269531 0.520000 0.009896 0.004000
0 0.246875 0.532000 0.010417 0.004500
0 0.255208 0.533625 0.005208 0.006250
0 0.261719 0.531750 0.007812 0.005000
0 0.236458 0.540375 0.007292 0.005750
0 0.229687 0.549125 0.009375 0.005750
0 0.192708 0.556250 0.012500 0.005500
0 0.276823 0.545500 0.009896 0.004000
0 0.201302 0.569500 0.008854 0.006000
0 0.153646 0.579125 0.009375 0.005250
0 0.235677 0.572250 0.010937 0.003500
0 0.233854 0.566375 0.010417 0.004250
0 0.249219 0.564250 0.015104 0.005500
0 0.310677 0.512250 0.009896 0.004500
0 0.301302 0.518500 0.010937 0.003000
0 0.300781 0.521500 0.009896 0.003000
0 0.182812 0.602750 0.011458 0.004500
0 0.145052 0.607000 0.007812 0.007000
0 0.134635 0.609625 0.014063 0.003750
0 0.120313 0.606375 0.007292 0.005750
0 0.096875 0.612375 0.013542 0.005250
0 0.096354 0.621250 0.015625 0.003000
0 0.135937 0.622000 0.008333 0.006500
0 0.158854 0.621000 0.008333 0.006000
0 0.085156 0.635000 0.010937 0.004500
0 0.076302 0.653500 0.013021 0.003500
0 0.068229 0.668500 0.010417 0.007000
0 0.097656 0.650375 0.005729 0.005750
0 0.107031 0.647750 0.011979 0.005000
0 0.149479 0.629750 0.013542 0.005000
0 0.124219 0.630875 0.011979 0.003750
0 0.126302 0.627000 0.015104 0.004500
0 0.135677 0.599500 0.013021 0.006500
0 0.031771 0.645250 0.012500 0.007500
0 0.725521 0.454500 0.008333 0.006500
0 0.721094 0.443250 0.014063 0.005000
0 0.649479 0.442875 0.010417 0.004250
0 0.679167 0.453500 0.013542 0.002500
0 0.678125 0.456375 0.011458 0.003250
0 0.773177 0.445000 0.010937 0.004000
0 0.784115 0.445625 0.010937 0.002750
0 0.821354 0.432625 0.009375 0.005750
0 0.871354 0.420750 0.015625 0.003500
0 0.912240 0.447375 0.013021 0.005750
0 0.930208 0.429125 0.010417 0.006750
0 0.844010 0.465875 0.011979 0.005250
0 0.847656 0.477625 0.011979 0.003750
0 0.835417 0.457000 0.012500 0.004500
0 0.847396 0.456625 0.011458 0.004250
0 0.836719 0.444500 0.009896 0.005000
0 0.858073 0.445875 0.014063 0.006250
0 0.841667 0.494625 0.008333 0.006250
0 0.614323 0.442000 0.008854 0.005500
0 0.622396 0.423500 0.012500 0.005000
0 0.656510 0.417125 0.010937 0.003750
0 0.549479 0.442125 0.011458 0.003750
0 0.455208 0.450250 0.010417 0.004000
0 0.428646 0.436500 0.010417 0.003500
0 0.418229 0.437125 0.010417 0.004250
0 0.466667 0.413375 0.009375 0.003750
0 0.473438 0.409250 0.005208 0.005500
0 0.494531 0.407500 0.009896 0.005500
0 0.464583 0.397875 0.012500 0.003250
0 0.497396 0.380750 0.009375 0.006000
0 0.538021 0.380250 0.009375 0.004500
0 0.612760 0.370250 0.010937 0.006000
0 0.601823 0.371750 0.011979 0.003500
0 0.601562 0.357375 0.012500 0.004750
0 0.587500 0.356375 0.009375 0.005250
0 0.582552 0.366750 0.008854 0.005000
0 0.583073 0.371250 0.016146 0.004500
0 0.580729 0.331250 0.010417 0.004500
0 0.593750 0.338875 0.012500 0.003750
0 0.637500 0.317375 0.009375 0.004250
0 0.643750 0.304750 0.014583 0.004000
0 0.650000 0.311875 0.011458 0.004250
0 0.639062 0.310000 0.012500 0.004000
0 0.655729 0.329875 0.010417 0.004250
0 0.647135 0.334375 0.010937 0.004250
0 0.682552 0.287250 0.015104 0.004000
0 0.681771 0.298125 0.011458 0.005250
0 0.677604 0.293500 0.012500 0.003500
0 0.662760 0.291000 0.007812 0.004500
0 0.668750 0.293000 0.008333 0.004500
0 0.745313 0.284250 0.009375 0.006000
0 0.681771 0.262625 0.014583 0.003750
0 0.636198 0.270625 0.014063 0.003750
0 0.641667 0.260125 0.011458 0.006250
0 0.720313 0.265375 0.012500 0.003750
0 0.705729 0.282375 0.012500 0.004750
0 0.707552 0.286250 0.013021 0.003000
0 0.796875 0.269750 0.012500 0.006500
0 0.758073 0.263875 0.013021 0.003750
0 0.761719 0.259750 0.008854 0.004500
0 0.780469 0.244250 0.006771 0.005500
0 0.788021 0.248375 0.010417 0.004750
0 0.830729 0.260250 0.007292 0.007000
0 0.841667 0.250250 0.015625 0.005000
0 0.730208 0.230000 0.011458 0.005000
0 0.809896 0.226250 0.012500 0.004500
0 0.761979 0.226125 0.012500 0.007750
0 0.861198 0.215000 0.013021 0.003500
0 0.853385 0.209625 0.013021 0.005750
0 0.902865 0.213250 0.013021 0.005000
0 0.930729 0.215250 0.016667 0.006500
0 0.914323 0.255250 0.010937 0.005000
0 0.899219 0.195500 0.008854 0.008000
0 0.953385 0.169500 0.019271 0.007500
0 0.982812 0.178625 0.007292 0.004750
0 0.985938 0.183750 0.013542 0.005500
0 0.993750 0.174875 0.011458 0.005750
0 0.967187 0.181500 0.010417 0.007000
0 0.973177 0.184875 0.009896 0.006250
0 0.839583 0.138250 0.013542 0.005000
0 0.376302 0.416125 0.005729 0.004750
0 0.295312 0.418375 0.011458 0.005250
0 0.283333 0.393500 0.010417 0.005000
0 0.331250 0.393250 0.008333 0.005500
0 0.324479 0.385750 0.007292 0.005000
0 0.296875 0.376750 0.010417 0.004000
0 0.310156 0.381375 0.008854 0.005250
0 0.354948 0.400250 0.005729 0.006000
0 0.342708 0.401375 0.011458 0.005750
0 0.252604 0.384875 0.013542 0.003750
0 0.248698 0.393375 0.010937 0.004250
0 0.250000 0.397625 0.008333 0.004750
0 0.241406 0.376250 0.008854 0.005500
0 0.255469 0.376500 0.009896 0.005500
0 0.241667 0.367250 0.009375 0.005000
0 0.256510 0.370500 0.008854 0.002500
0 0.263281 0.373500 0.006771 0.004500
0 0.294792 0.366625 0.010417 0.003750
0 0.282813 0.356125 0.007292 0.005750
0 0.274219 0.359250 0.010937 0.003000
0 0.273177 0.362750 0.009896 0.003500
0 0.274219 0.365500 0.008854 0.003500
0 0.195573 0.361125 0.008854 0.005750
0 0.193750 0.353000 0.011458 0.005000
0 0.218750 0.354250 0.011458 0.004000
0 0.213542 0.349875 0.012500 0.003250
0 0.245052 0.349625 0.013021 0.006250
0 0.240625 0.337750 0.010417 0.005000
0 0.205208 0.344000 0.012500 0.005500
0 0.175260 0.333250 0.013021 0.005500
0 0.205469 0.329000 0.010937 0.004000
0 0.253906 0.324875 0.010937 0.003250
0 0.241406 0.331875 0.010937 0.003750
0 0.238281 0.328250 0.011979 0.003500
0 0.116146 0.327500 0.010417 0.004500
0 0.046875 0.298250 0.013542 0.006500
0 0.095052 0.287500 0.009896 0.006000
0 0.065625 0.279500 0.012500 0.004000
0 0.072396 0.271500 0.009375 0.007000
0 0.106250 0.258500 0.013542 0.004000
0 0.051042 0.259750 0.015625 0.006000
0 0.026042 0.271250 0.008333 0.005500
0 0.022396 0.245500 0.009375 0.006000
0 0.057292 0.241125 0.011458 0.006250
0 0.050521 0.221750 0.006250 0.005500
0 0.151562 0.228875 0.008333 0.004750
0 0.187760 0.270375 0.009896 0.003250
0 0.190625 0.280000 0.007292 0.005500
0 0.141667 0.292500 0.009375 0.005000
0 0.146615 0.288375 0.009896 0.005750
0 0.150781 0.295500 0.009896 0.005000
0 0.159115 0.294750 0.005729 0.005500
0 0.163021 0.290125 0.013542 0.006250
0 0.025260 0.192625 0.009896 0.004250
0 0.562760 0.502500 0.009896 0.005500
0 0.612760 0.508875 0.014063 0.004250
0 0.983333 0.467375 0.016667 0.006250
0 0.382552 0.363250 0.009896 0.005500
0 0.386198 0.347625 0.011979 0.005750
0 0.431510 0.329375 0.007812 0.005750
0 0.417708 0.319000 0.009375 0.006500
0 0.394271 0.313000 0.009375 0.006500
0 0.423958 0.296375 0.008333 0.006250
0 0.417448 0.282500 0.013021 0.006000
0 0.388802 0.304500 0.013021 0.004500
0 0.383073 0.298500 0.010937 0.010000
0 0.363021 0.268125 0.009375 0.005750
0 0.397656 0.272750 0.010937 0.004500
0 0.429688 0.269875 0.009375 0.006750
0 0.439062 0.269375 0.008333 0.006750
0 0.390104 0.257250 0.008333 0.007000
0 0.410417 0.254000 0.011458 0.005500
0 0.414844 0.217375 0.013021 0.008250
0 0.458073 0.197750 0.015104 0.005000
0 0.490365 0.164875 0.020313 0.008750
0 0.439844 0.120875 0.017188 0.007750
0 0.477344 0.096375 0.015104 0.008750
0 0.497135 0.100125 0.014063 0.008750
0 0.451823 0.055250 0.011979 0.007000
0 0.508854 0.043875 0.011458 0.005750
0 0.532813 0.036125 0.013542 0.009250
0 0.551823 0.023500 0.017188 0.006000
0 0.608594 0.140500 0.014063 0.007500
0 0.591146 0.185750 0.014583 0.005500
0 0.596615 0.203125 0.008854 0.008250
0 0.553646 0.213000 0.009375 0.007500
0 0.514062 0.197625 0.011458 0.005750
0 0.529687 0.204500 0.010417 0.004500
0 0.535937 0.201750 0.011458 0.005000
0 0.530469 0.262500 0.007812 0.007000
0 0.541927 0.253875 0.007812 0.007250
0 0.536979 0.240250 0.009375 0.006000
0 0.495573 0.240125 0.013021 0.006750
0 0.499740 0.234000 0.011979 0.004500
0 0.468750 0.254625 0.012500 0.005250
0 0.471615 0.251125 0.014063 0.003750
0 0.500781 0.253000 0.008854 0.008500
0 0.516406 0.240000 0.009896 0.005500
0 0.516406 0.249750 0.018229 0.009500
0 0.423177 0.169375 0.009896 0.004750
0 0.531510 0.142875 0.016146 0.004250
0 0.528906 0.138625 0.014063 0.005750
0 0.513542 0.114250 0.009375 0.006500
0 0.527865 0.116250 0.008854 0.009000
0 0.539844 0.109000 0.010937 0.008500
0 0.555990 0.111125 0.015104 0.004750
0 0.557813 0.105375 0.013542 0.006250
0 0.583594 0.110000 0.016146 0.005500
0 0.585156 0.101000 0.010937 0.008500
0 0.603385 0.103750 0.008854 0.007500
0 0.634635 0.108250 0.017188 0.005000
0 0.682813 0.090875 0.011458 0.007250
0 0.617969 0.100625 0.014063 0.007750
0 0.547917 0.082750 0.015625 0.009000
0 0.590885 0.076250 0.017188 0.004000
0 0.594010 0.072250 0.018229 0.006000
0 0.854687 0.308125 0.014583 0.003250
0 0.776042 0.334500 0.014583 0.004500
0 0.797656 0.301250 0.008854 0.007500
0 0.812240 0.295750 0.016146 0.004000
0 0.813281 0.283625 0.007812 0.006250
0 0.818490 0.288250 0.007812 0.005500
0 0.809896 0.289125 0.012500 0.005250
0 0.428646 0.562500 0.015625 0.007000
0 0.551302 0.173000 0.011979 0.006500
0 0.584896 0.176000 0.007292 0.007000
0 0.561979 0.164500 0.011458 0.007000
0 0.594271 0.163250 0.008333 0.006500
0 0.605208 0.159625 0.013542 0.004250
0 0.563021 0.151500 0.012500 0.006500
0 0.573958 0.151500 0.007292 0.006500
0 0.542708 0.187875 0.009375 0.005250
0 0.542448 0.192125 0.015104 0.004250
0 0.691146 0.003625 0.014583 0.007250
