0 0.408875 0.386979 0.004250 0.013542
0 0.410500 0.376302 0.006500 0.015104
0 0.415125 0.389323 0.006750 0.010937
0 0.419250 0.400781 0.004500 0.011979
0 0.421625 0.395833 0.004250 0.016667
0 0.426500 0.397917 0.005000 0.014583
0 0.424000 0.410938 0.005000 0.011458
0 0.433875 0.401562 0.007750 0.010417
0 0.446500 0.432031 0.008000 0.010937
0 0.453750 0.451302 0.008000 0.011979
0 0.417375 0.474740 0.007250 0.009896
0 0.414250 0.464583 0.005500 0.012500
0 0.434125 0.521354 0.007750 0.016667
0 0.459000 0.530990 0.006500 0.009896
0 0.480125 0.523438 0.003750 0.013542
0 0.472125 0.525260 0.003750 0.015104
0 0.470375 0.520573 0.005250 0.011979
0 0.468125 0.515365 0.006250 0.007812
0 0.501375 0.557552 0.008250 0.011979
0 0.507250 0.532813 0.005500 0.012500
0 0.503875 0.489844 0.006250 0.011979
0 0.515875 0.546094 0.003250 0.009896
0 0.503500 0.471615 0.007000 0.011979
0 0.495250 0.460156 0.007500 0.010937
0 0.510375 0.471615 0.002250 0.013021
0 0.511750 0.475260 0.003000 0.011979
0 0.483500 0.424740 0.006500 0.014063
0 0.499125 0.350521 0.005250 0.011458
0 0.499000 0.342708 0.007000 0.008333
0 0.501000 0.335938 0.004000 0.013542
0 0.506500 0.334896 0.003000 0.012500
0 0.512625 0.321354 0.003250 0.014583
0 0.512750 0.284896 0.005000 0.016667
0 0.499625 0.280729 0.003750 0.012500
0 0.496250 0.277865 0.003500 0.015104
0 0.514125 0.250781 0.005250 0.017188
0 0.509500 0.227344 0.004000 0.011979
0 0.513125 0.209896 0.004250 0.010417
0 0.509250 0.217969 0.004000 0.008854
0 0.507000 0.226562 0.003500 0.008333
0 0.505000 0.251042 0.003000 0.008333
0 0.489000 0.186979 0.003000 0.016667
0 0.491375 0.188542 0.002250 0.014583
0 0.481250 0.155729 0.008000 0.013542
0 0.492625 0.128646 0.006250 0.014583
0 0.491875 0.080208 0.004750 0.016667
0 0.505125 0.070052 0.005250 0.014063
0 0.507000 0.088281 0.004000 0.008854
0 0.506500 0.143750 0.005000 0.016667
0 0.511375 0.159896 0.004750 0.015625
0 0.508375 0.167448 0.004250 0.014063
0 0.557500 0.538802 0.005500 0.009896
0 0.558000 0.528125 0.005000 0.013542
0 0.564750 0.505469 0.007000 0.009896
0 0.564375 0.500260 0.005750 0.008854
0 0.575750 0.482552 0.005000 0.008854
0 0.575000 0.478906 0.006000 0.010937
0 0.580750 0.441406 0.007500 0.009896
0 0.582000 0.422656 0.004000 0.015104
0 0.563625 0.443229 0.006750 0.009375
0 0.569625 0.456510 0.005750 0.006771
0 0.568875 0.452344 0.006750 0.008854
0 0.576625 0.414323 0.006750 0.010937
0 0.573750 0.407031 0.006000 0.007812
0 0.590750 0.403385 0.007000 0.009896
0 0.598250 0.391146 0.007000 0.010417
0 0.595500 0.380469 0.005500 0.011979
0 0.593250 0.376302 0.004500 0.007812
0 0.590250 0.373958 0.004500 0.012500
0 0.612625 0.304948 0.005250 0.013021
0 0.618375 0.293750 0.005750 0.008333
0 0.617375 0.290104 0.006250 0.009375
0 0.623750 0.282031 0.007000 0.008854
0 0.617875 0.279167 0.006250 0.009375
0 0.617250 0.273177 0.006000 0.009896
0 0.627000 0.147917 0.005000 0.014583
0 0.627875 0.173698 0.006250 0.010937
0 0.634500 0.178385 0.005500 0.011979
0 0.633000 0.175260 0.004500 0.007812
0 0.684625 0.159375 0.007250 0.010417
0 0.698750 0.158333 0.006500 0.013542
0 0.690125 0.186979 0.007250 0.012500
0 0.678000 0.199740 0.007500 0.010937
0 0.692500 0.224479 0.006500 0.008333
0 0.692625 0.241667 0.005750 0.012500
0 0.687625 0.232552 0.005750 0.013021
0 0.686000 0.248438 0.007000 0.009375
0 0.680375 0.258333 0.005750 0.010417
0 0.680000 0.254427 0.006000 0.008854
0 0.667375 0.212500 0.003250 0.014583
0 0.664875 0.210417 0.001750 0.014583
0 0.652000 0.285677 0.005000 0.015104
0 0.663750 0.283594 0.007000 0.008854
0 0.670625 0.289062 0.005750 0.010417
0 0.672375 0.299479 0.005250 0.010417
0 0.671375 0.295573 0.004750 0.008854
0 0.686375 0.292187 0.004250 0.011458
0 0.684250 0.288542 0.004500 0.013542
0 0.670875 0.336458 0.005750 0.011458
0 0.634875 0.381510 0.005750 0.008854
0 0.636250 0.401042 0.006000 0.009375
0 0.627500 0.407292 0.004500 0.012500
0 0.622250 0.408073 0.006000 0.009896
0 0.619625 0.392708 0.004750 0.008333
0 0.618750 0.384635 0.004500 0.009896
0 0.625250 0.437240 0.007500 0.008854
0 0.607500 0.458073 0.003500 0.010937
0 0.606625 0.453125 0.004750 0.013542
0 0.599875 0.475521 0.004250 0.013542
0 0.588875 0.490885 0.005750 0.009896
0 0.580000 0.505208 0.005000 0.010417
0 0.580625 0.510938 0.005250 0.013542
0 0.584375 0.507031 0.003250 0.009896
0 0.586000 0.506510 0.003500 0.014063
0 0.601500 0.607812 0.005500 0.011458
0 0.609375 0.608073 0.006750 0.010937
0 0.626500 0.598698 0.006000 0.008854
0 0.627875 0.592448 0.005750 0.007812
0 0.625000 0.590104 0.005500 0.006250
0 0.621000 0.588802 0.005500 0.008854
0 0.631875 0.587240 0.006250 0.010937
0 0.644250 0.575781 0.006000 0.007812
0 0.641875 0.574479 0.005250 0.011458
0 0.646875 0.552083 0.005750 0.012500
0 0.663000 0.529948 0.004500 0.010937
0 0.654875 0.508073 0.007250 0.008854
0 0.680875 0.535156 0.006750 0.008854
0 0.680500 0.528906 0.007000 0.005729
0 0.702625 0.512240 0.006250 0.011979
0 0.700750 0.502865 0.004000 0.009896
0 0.714125 0.489063 0.006250 0.009375
0 0.710125 0.487760 0.003750 0.009896
0 0.729125 0.470833 0.008250 0.012500
0 0.760000 0.469531 0.005000 0.011979
0 0.758250 0.467708 0.004000 0.009375
0 0.728250 0.496354 0.003000 0.013542
0 0.724875 0.499740 0.004750 0.010937
0 0.738000 0.597656 0.007000 0.010937
0 0.671375 0.569531 0.004750 0.015104
0 0.666250 0.583594 0.006500 0.009896
0 0.664500 0.578906 0.005500 0.009896
0 0.642000 0.658073 0.007500 0.010937
0 0.589625 0.741146 0.004750 0.008333
0 0.595625 0.792448 0.005750 0.018229
0 0.605750 0.821094 0.007500 0.016146
0 0.643375 0.865365 0.003750 0.015104
0 0.639500 0.864583 0.004500 0.015625
