0 0.136719 0.452500 0.008854 0.005000
0 0.196094 0.443875 0.011979 0.004750
0 0.139844 0.396250 0.015104 0.006000
0 0.147917 0.351375 0.012500 0.004750
0 0.142969 0.343625 0.011979 0.005750
0 0.127865 0.345000 0.011979 0.004500
0 0.043229 0.227125 0.011458 0.005250
0 0.265625 0.387500 0.010417 0.005500
0 0.340885 0.354625 0.013021 0.005750
0 0.377083 0.325000 0.011458 0.005000
0 0.374740 0.306500 0.011979 0.004000
0 0.323958 0.293750 0.009375 0.004500
0 0.351823 0.292625 0.013021 0.004750
0 0.398958 0.289875 0.011458 0.006250
0 0.391667 0.258125 0.015625 0.004250
0 0.476823 0.234000 0.014063 0.006500
0 0.506250 0.172625 0.012500 0.003250
0 0.505469 0.176125 0.008854 0.004750
0 0.426302 0.141625 0.005729 0.006750
0 0.488021 0.116500 0.012500 0.004000
0 0.397135 0.084625 0.007812 0.005250
0 0.289323 0.501125 0.011979 0.003750
0 0.302865 0.492750 0.011979 0.005500
0 0.335156 0.481625 0.014063 0.006250
0 0.380208 0.462375 0.013542 0.003750
0 0.393490 0.455375 0.013021 0.006250
0 0.401302 0.443750 0.013021 0.005000
0 0.430469 0.441750 0.011979 0.006500
0 0.413021 0.432625 0.012500 0.006750
0 0.423177 0.428375 0.013021 0.006250
0 0.496875 0.388375 0.013542 0.005250
0 0.607031 0.397250 0.011979 0.006500
0 0.666146 0.379375 0.009375 0.006750
0 0.700521 0.336125 0.013542 0.006250
0 0.632031 0.312750 0.016146 0.004000
0 0.643490 0.289250 0.014063 0.005000
0 0.755469 0.259500 0.014063 0.006500
0 0.831510 0.296750 0.014063 0.004500
0 0.786979 0.220375 0.012500 0.006250
0 0.795833 0.195375 0.011458 0.006250
0 0.946094 0.242625 0.017188 0.006750
0 0.871875 0.157875 0.007292 0.006250
0 0.288281 0.530375 0.014063 0.003750
0 0.295312 0.524000 0.013542 0.004500
0 0.389583 0.507625 0.013542 0.004250
0 0.417448 0.501750 0.007812 0.007000
0 0.459115 0.503000 0.010937 0.006000
0 0.478385 0.513875 0.016146 0.004250
0 0.296094 0.546250 0.015104 0.004000
0 0.552083 0.575875 0.010417 0.006250
0 0.607031 0.598125 0.010937 0.004250
0 0.713281 0.650250 0.010937 0.006000
0 0.744531 0.679750 0.013021 0.005500
0 0.829948 0.692625 0.013021 0.006250
0 0.827865 0.714625 0.008854 0.004250
0 0.879167 0.725625 0.010417 0.005750
0 0.251042 0.555375 0.011458 0.006250
0 0.478385 0.653500 0.010937 0.004500
0 0.436198 0.657625 0.008854 0.004250
0 0.449219 0.648750 0.013021 0.005500
0 0.503125 0.699875 0.009375 0.004250
0 0.601302 0.697250 0.011979 0.004500
0 0.554427 0.711500 0.006771 0.006000
0 0.561198 0.711625 0.010937 0.003750
0 0.485417 0.833750 0.009375 0.005000
0 0.516667 0.828375 0.010417 0.007250
0 0.179948 0.655250 0.013021 0.004500
0 0.205208 0.613750 0.011458 0.004500
0 0.659115 0.951250 0.010937 0.005000
0 0.672656 0.939125 0.009896 0.004750
0 0.090885 0.101125 0.009896 0.006750
