0 0.509500 0.724479 0.005500 0.008333
0 0.533375 0.733333 0.005750 0.007292
0 0.529125 0.717448 0.005250 0.004687
0 0.538750 0.726562 0.004500 0.008333
0 0.541000 0.720833 0.004500 0.005208
0 0.526625 0.703125 0.002250 0.009375
0 0.525125 0.702865 0.002250 0.007812
0 0.558625 0.671875 0.004750 0.008333
0 0.567000 0.670833 0.006000 0.006250
0 0.577375 0.697396 0.006250 0.008333
0 0.582500 0.675260 0.006000 0.006771
0 0.575375 0.658854 0.005750 0.009375
0 0.583250 0.656771 0.005500 0.007292
0 0.581375 0.653646 0.005250 0.007292
0 0.579500 0.647656 0.005500 0.007812
0 0.608875 0.628125 0.005750 0.009375
0 0.585750 0.531510 0.005000 0.007812
0 0.595375 0.547917 0.004750 0.012500
0 0.580875 0.545052 0.004750 0.010937
0 0.574000 0.577604 0.004500 0.008333
0 0.562625 0.583594 0.006250 0.007812
0 0.566375 0.592969 0.004750 0.010937
0 0.549875 0.618750 0.006250 0.009375
0 0.542375 0.610677 0.006750 0.006771
0 0.552625 0.640365 0.004250 0.013021
0 0.552750 0.658333 0.005000 0.008333
0 0.540500 0.634375 0.004500 0.013542
0 0.534000 0.654427 0.006000 0.010937
0 0.531375 0.630469 0.004750 0.009896
0 0.521625 0.654948 0.005250 0.008854
0 0.514875 0.653906 0.007250 0.004687
0 0.503250 0.628646 0.006000 0.006250
0 0.501000 0.634896 0.006500 0.006250
0 0.505375 0.654427 0.003750 0.008854
0 0.501750 0.653906 0.005500 0.006771
0 0.510000 0.660677 0.006000 0.006771
0 0.508500 0.666406 0.003500 0.008854
0 0.502875 0.665365 0.005250 0.009896
0 0.504500 0.669792 0.003500 0.009375
0 0.504250 0.676302 0.005500 0.006771
0 0.496625 0.683594 0.005250 0.006771
0 0.495625 0.676042 0.004750 0.011458
0 0.422500 0.683333 0.005500 0.010417
0 0.444875 0.673438 0.006250 0.008333
0 0.453500 0.664062 0.005000 0.010417
0 0.453500 0.655990 0.006500 0.006771
0 0.464500 0.657292 0.006500 0.006250
0 0.466375 0.649219 0.005250 0.010937
0 0.483375 0.674740 0.005750 0.004687
0 0.483500 0.670312 0.006000 0.005208
0 0.513750 0.647917 0.007000 0.008333
0 0.512750 0.564323 0.005500 0.007812
0 0.517500 0.572135 0.007000 0.008854
0 0.523000 0.559635 0.004000 0.007812
0 0.513500 0.599219 0.003500 0.010937
0 0.511625 0.592187 0.004250 0.010417
0 0.508000 0.597396 0.003500 0.011458
0 0.498250 0.611458 0.004000 0.005208
0 0.497875 0.609635 0.005250 0.006771
0 0.495125 0.604427 0.005750 0.009896
0 0.486375 0.590104 0.005250 0.009375
0 0.488875 0.598437 0.006750 0.005208
0 0.487625 0.603646 0.005250 0.005208
0 0.484875 0.608854 0.005250 0.004167
0 0.484000 0.603646 0.003500 0.007292
0 0.480500 0.604427 0.003500 0.009896
0 0.479875 0.595052 0.004250 0.009896
0 0.462000 0.599740 0.005500 0.006771
0 0.467250 0.592708 0.005000 0.009375
0 0.472500 0.595313 0.005500 0.005208
0 0.472625 0.600000 0.003250 0.006250
0 0.481625 0.626042 0.005750 0.007292
0 0.478375 0.615365 0.004250 0.010937
0 0.475125 0.610677 0.003250 0.013021
0 0.472125 0.613021 0.003750 0.008333
0 0.472875 0.631510 0.005750 0.008854
0 0.472750 0.625521 0.004500 0.008333
0 0.473000 0.620573 0.004000 0.006771
0 0.469750 0.619792 0.005000 0.006250
0 0.469375 0.625000 0.003250 0.007292
0 0.468375 0.625260 0.004250 0.005729
0 0.443500 0.648177 0.004000 0.011979
0 0.446500 0.641927 0.004500 0.007812
0 0.445625 0.639844 0.003750 0.006771
0 0.430750 0.661719 0.004000 0.013021
0 0.556000 0.571094 0.003500 0.006771
0 0.598625 0.426563 0.005250 0.009375
0 0.583750 0.416146 0.004000 0.011458
0 0.579000 0.412760 0.005500 0.010937
0 0.572500 0.433073 0.006000 0.006771
0 0.570500 0.426042 0.003000 0.007292
0 0.571875 0.423958 0.003250 0.008333
0 0.545625 0.417969 0.005250 0.008854
0 0.548625 0.413281 0.004750 0.006771
0 0.549375 0.409896 0.003750 0.005208
0 0.536250 0.411458 0.006000 0.006250
0 0.538000 0.405729 0.005000 0.006250
0 0.534375 0.402865 0.005750 0.007812
0 0.534875 0.392969 0.005250 0.010937
0 0.530500 0.389844 0.005000 0.011979
0 0.528125 0.381250 0.004750 0.009375
0 0.521125 0.407031 0.006250 0.008854
0 0.511125 0.395313 0.004250 0.013542
0 0.515250 0.393750 0.004000 0.007292
0 0.515875 0.390104 0.004750 0.008333
0 0.511250 0.368229 0.007000 0.012500
0 0.511625 0.368750 0.006750 0.010417
0 0.501625 0.391406 0.003750 0.013021
0 0.498625 0.389844 0.005250 0.009896
0 0.494750 0.388021 0.006000 0.007292
0 0.496750 0.382552 0.006500 0.005729
0 0.494750 0.377344 0.007000 0.005729
0 0.490500 0.374479 0.006000 0.011458
0 0.486250 0.347396 0.004000 0.007292
0 0.485375 0.344792 0.005750 0.008333
0 0.478125 0.342708 0.005250 0.012500
0 0.475000 0.338021 0.004000 0.009375
0 0.413000 0.234115 0.006500 0.007812
0 0.429625 0.249219 0.004250 0.011979
0 0.438625 0.291667 0.005750 0.006250
0 0.441375 0.298958 0.006250 0.008333
0 0.422875 0.313021 0.006250 0.010417
0 0.433000 0.322396 0.005500 0.011458
0 0.440750 0.321615 0.007000 0.006771
0 0.447500 0.328646 0.006500 0.008333
0 0.427125 0.296094 0.004750 0.006771
0 0.426750 0.291927 0.005500 0.007812
0 0.454000 0.375521 0.005000 0.006250
0 0.454500 0.380469 0.006000 0.006771
0 0.462875 0.374740 0.005750 0.007812
0 0.462000 0.366667 0.004500 0.008333
0 0.466750 0.369010 0.005000 0.009896
0 0.471875 0.369271 0.006250 0.008333
0 0.467375 0.362760 0.003750 0.010937
0 0.470500 0.361198 0.005000 0.005729
0 0.473625 0.354427 0.005250 0.003646
0 0.473375 0.359115 0.005750 0.004687
0 0.478125 0.369792 0.003250 0.011458
0 0.474750 0.391146 0.005500 0.005208
0 0.473875 0.407812 0.005750 0.006250
0 0.475125 0.386979 0.005750 0.005208
0 0.474750 0.382552 0.006500 0.004687
0 0.487375 0.398177 0.006750 0.009896
0 0.504875 0.433073 0.005750 0.009896
0 0.500625 0.423177 0.006250 0.006771
0 0.498125 0.418229 0.004250 0.010417
0 0.496875 0.416406 0.004250 0.008854
0 0.505125 0.407552 0.006250 0.005729
0 0.508875 0.405208 0.005750 0.008333
0 0.439750 0.311979 0.005000 0.013542
0 0.468500 0.288021 0.006000 0.007292
0 0.473375 0.282292 0.004750 0.008333
0 0.479000 0.303385 0.005000 0.007812
0 0.493125 0.291667 0.005750 0.006250
0 0.490875 0.326302 0.005250 0.011979
0 0.499625 0.326823 0.002250 0.005729
0 0.498125 0.324479 0.003750 0.008333
0 0.505375 0.340365 0.004250 0.010937
0 0.509625 0.343750 0.004250 0.006250
0 0.512375 0.352604 0.003750 0.009375
0 0.511750 0.330729 0.004500 0.007292
0 0.512125 0.322656 0.003750 0.007812
0 0.511125 0.319792 0.002750 0.005208
0 0.526875 0.325260 0.004250 0.009896
0 0.526500 0.350521 0.005000 0.005208
0 0.538250 0.339844 0.003000 0.005729
0 0.525125 0.354948 0.003750 0.004687
0 0.620500 0.315625 0.005000 0.011458
0 0.617500 0.304948 0.004500 0.010937
0 0.627375 0.312240 0.003250 0.006771
0 0.627875 0.308854 0.003750 0.008333
0 0.621000 0.288802 0.003000 0.008854
0 0.630500 0.266667 0.003500 0.006250
0 0.629875 0.260677 0.003750 0.005729
0 0.625875 0.258333 0.002750 0.006250
0 0.624375 0.253385 0.002750 0.005729
0 0.619125 0.267708 0.003750 0.010417
0 0.619750 0.255990 0.004500 0.008854
0 0.617375 0.252865 0.004750 0.008854
0 0.686000 0.322917 0.004500 0.008333
0 0.680500 0.311458 0.005000 0.010417
0 0.690000 0.265625 0.004000 0.010417
0 0.671750 0.261458 0.003500 0.011458
0 0.665000 0.325260 0.003500 0.004687
0 0.666250 0.320833 0.002500 0.005208
0 0.212000 0.214323 0.011000 0.019271
0 0.170875 0.225781 0.006250 0.017188
0 0.808250 0.442708 0.004500 0.012500
0 0.801375 0.376302 0.004250 0.013021
0 0.804750 0.326042 0.004000 0.008333
0 0.923625 0.175781 0.004750 0.013021
0 0.950125 0.085417 0.004250 0.007292
0 0.312625 0.739062 0.005250 0.011458
