0 0.433625 0.403906 0.005750 0.010937
0 0.434875 0.339583 0.005250 0.012500
0 0.438625 0.333594 0.003750 0.015104
0 0.433000 0.329427 0.006000 0.011979
0 0.426500 0.328385 0.004500 0.014063
0 0.415000 0.325521 0.006000 0.012500
0 0.422000 0.319271 0.003500 0.014583
0 0.426000 0.312240 0.003500 0.013021
0 0.424125 0.308333 0.002750 0.011458
0 0.427125 0.301302 0.003250 0.011979
0 0.434625 0.292187 0.005750 0.015625
0 0.428750 0.284635 0.004000 0.015104
0 0.425500 0.274479 0.003500 0.012500
0 0.425000 0.263542 0.004000 0.011458
0 0.440375 0.258854 0.004250 0.013542
0 0.422875 0.240885 0.006250 0.015104
0 0.424000 0.239844 0.004500 0.015104
0 0.424625 0.204167 0.003750 0.014583
0 0.426625 0.204427 0.002750 0.013021
0 0.434375 0.138542 0.005250 0.009375
0 0.434750 0.134896 0.006500 0.007292
0 0.426250 0.105990 0.005000 0.011979
0 0.449750 0.117188 0.006000 0.010417
0 0.450250 0.108594 0.005500 0.013021
0 0.453000 0.075521 0.004000 0.009375
0 0.450875 0.072135 0.003250 0.013021
0 0.449250 0.070573 0.003500 0.011979
0 0.432000 0.045052 0.005500 0.011979
0 0.435750 0.045052 0.005500 0.010937
0 0.439375 0.046875 0.003750 0.012500
0 0.460000 0.147656 0.005000 0.015104
0 0.476750 0.414844 0.005500 0.010937
0 0.512875 0.320052 0.004750 0.014063
0 0.538125 0.406510 0.004250 0.006771
0 0.536875 0.401042 0.005750 0.010417
0 0.559125 0.378906 0.005250 0.011979
0 0.576500 0.371354 0.005500 0.006250
0 0.578000 0.365885 0.006500 0.006771
0 0.567500 0.350000 0.006500 0.007292
0 0.568625 0.346094 0.005750 0.005729
0 0.557750 0.351042 0.005000 0.010417
0 0.574250 0.349740 0.005500 0.004687
0 0.574125 0.346094 0.005750 0.004687
0 0.575875 0.340885 0.006250 0.005729
0 0.575625 0.336458 0.004750 0.005208
0 0.595750 0.334896 0.006000 0.012500
0 0.597250 0.360156 0.006500 0.011979
0 0.601750 0.373958 0.006500 0.010417
0 0.615750 0.378125 0.006000 0.009375
0 0.611250 0.373437 0.005500 0.008333
0 0.613750 0.368750 0.006500 0.009375
0 0.650000 0.372917 0.004000 0.010417
0 0.648500 0.370573 0.004000 0.008854
0 0.645750 0.355469 0.004500 0.008854
0 0.644500 0.351823 0.004000 0.007812
0 0.671375 0.282813 0.006750 0.008333
0 0.655125 0.287760 0.006750 0.007812
0 0.654375 0.278385 0.006250 0.007812
0 0.695500 0.287760 0.004000 0.008854
0 0.474375 0.497656 0.006750 0.009896
0 0.487625 0.509635 0.002750 0.014063
0 0.485375 0.509115 0.001750 0.014063
0 0.507750 0.498177 0.006500 0.010937
0 0.511500 0.528125 0.003000 0.015625
0 0.515625 0.536458 0.006250 0.013542
0 0.575375 0.528646 0.005250 0.010417
0 0.589625 0.524740 0.006250 0.009896
0 0.609500 0.529948 0.007000 0.005729
0 0.609250 0.526042 0.005500 0.005208
0 0.622125 0.541406 0.005750 0.009896
0 0.625875 0.537500 0.003250 0.013542
0 0.651375 0.526563 0.006750 0.009375
0 0.676000 0.553646 0.004000 0.009375
0 0.676875 0.559635 0.006250 0.004687
0 0.677625 0.564323 0.006750 0.005729
0 0.713000 0.575000 0.006000 0.007292
0 0.712000 0.570052 0.007000 0.006771
0 0.730000 0.641667 0.006500 0.010417
0 0.729250 0.635938 0.005500 0.010417
0 0.698125 0.620833 0.005750 0.011458
0 0.699625 0.618229 0.005250 0.009375
0 0.632125 0.622396 0.006250 0.005208
0 0.631875 0.617448 0.006750 0.005729
0 0.484000 0.590625 0.006000 0.011458
0 0.515875 0.618750 0.004750 0.013542
0 0.535625 0.622135 0.005750 0.013021
0 0.538375 0.640625 0.005750 0.012500
0 0.527625 0.665885 0.006250 0.009896
0 0.523500 0.664323 0.006000 0.005729
0 0.550625 0.672917 0.005250 0.010417
0 0.553125 0.661458 0.004250 0.012500
0 0.546625 0.680729 0.005750 0.010417
0 0.564375 0.688542 0.006250 0.008333
0 0.566750 0.698698 0.004500 0.010937
0 0.584500 0.726823 0.006000 0.009896
0 0.578875 0.734896 0.004750 0.010417
0 0.581000 0.732812 0.003500 0.007292
0 0.582000 0.752865 0.005500 0.011979
0 0.596500 0.746094 0.006000 0.009896
0 0.594625 0.774740 0.005250 0.006771
0 0.599125 0.773958 0.003250 0.007292
0 0.600250 0.771615 0.004500 0.007812
0 0.602875 0.781771 0.005250 0.009375
0 0.606875 0.784896 0.003750 0.009375
0 0.607750 0.779427 0.006000 0.005729
0 0.608250 0.775521 0.005500 0.005208
0 0.594125 0.797656 0.007750 0.008854
0 0.587000 0.798438 0.006000 0.009375
0 0.577375 0.812760 0.006250 0.007812
0 0.579875 0.818490 0.005750 0.005729
0 0.582500 0.815625 0.006500 0.007292
0 0.577500 0.806510 0.006500 0.005729
0 0.579000 0.802865 0.006000 0.003646
0 0.579250 0.799479 0.005500 0.004167
0 0.573750 0.760417 0.007000 0.008333
0 0.560125 0.745313 0.007750 0.008333
0 0.559500 0.753385 0.007500 0.006771
0 0.559625 0.757812 0.005250 0.005208
0 0.552125 0.749219 0.006750 0.008854
0 0.548500 0.733073 0.006500 0.008854
0 0.538875 0.731250 0.005250 0.005208
0 0.538875 0.726562 0.006250 0.006250
0 0.671500 0.164844 0.005500 0.010937
0 0.669250 0.194010 0.004000 0.014063
