0 0.148698 0.777750 0.009896 0.003500
0 0.150260 0.775750 0.009896 0.003000
0 0.185417 0.774625 0.008333 0.004750
0 0.293229 0.746000 0.010417 0.004500
0 0.394531 0.736500 0.007812 0.005500
0 0.265104 0.710000 0.010417 0.006500
0 0.347135 0.645000 0.005729 0.005000
0 0.351042 0.646000 0.005208 0.005500
0 0.353906 0.645750 0.006771 0.005000
0 0.022656 0.572875 0.009896 0.004750
0 0.050000 0.522750 0.010417 0.003500
0 0.004948 0.541500 0.007812 0.004000
0 0.054167 0.547250 0.008333 0.004000
0 0.062760 0.555750 0.008854 0.003000
0 0.064844 0.554750 0.008854 0.003000
0 0.066406 0.553750 0.009896 0.003000
0 0.210156 0.582125 0.010937 0.004250
0 0.233073 0.578125 0.008854 0.004250
0 0.230208 0.577125 0.008333 0.003250
0 0.254167 0.603250 0.013542 0.004000
0 0.298698 0.592000 0.008854 0.005500
0 0.345833 0.622750 0.011458 0.004500
0 0.381771 0.629000 0.013542 0.004000
0 0.310937 0.498625 0.010417 0.004750
0 0.248958 0.439500 0.009375 0.007000
0 0.154948 0.265250 0.004687 0.005500
0 0.159375 0.265000 0.004167 0.006500
0 0.184375 0.345500 0.009375 0.004500
0 0.186719 0.343500 0.008854 0.004500
0 0.220573 0.358875 0.007812 0.003750
0 0.223698 0.357625 0.009896 0.004250
0 0.292969 0.425625 0.011979 0.003750
0 0.372917 0.496500 0.013542 0.005000
0 0.531250 0.565875 0.007292 0.007250
0 0.454687 0.418000 0.005208 0.005500
0 0.451823 0.417625 0.006771 0.006750
0 0.517188 0.371125 0.011458 0.004250
0 0.551042 0.203000 0.011458 0.004000
0 0.541667 0.176875 0.013542 0.005750
0 0.557813 0.148625 0.011458 0.005750
0 0.589844 0.123750 0.007812 0.006500
0 0.633073 0.183875 0.009896 0.005250
0 0.635156 0.197750 0.008854 0.004500
0 0.590885 0.222125 0.008854 0.005250
0 0.567969 0.388875 0.010937 0.006250
0 0.537760 0.465375 0.010937 0.006250
0 0.663021 0.592750 0.013542 0.005000
0 0.745313 0.498750 0.014583 0.004500
0 0.772656 0.491375 0.013021 0.003750
0 0.877865 0.444625 0.010937 0.004250
0 0.892188 0.396625 0.010417 0.003750
0 0.935937 0.404125 0.010417 0.003250
0 0.949219 0.379250 0.014063 0.004000
0 0.977083 0.396375 0.013542 0.003750
0 0.915625 0.469250 0.010417 0.007000
0 0.866146 0.470125 0.009375 0.007250
0 0.800521 0.540750 0.011458 0.006500
0 0.696875 0.650875 0.012500 0.004250
0 0.709115 0.648625 0.008854 0.004750
0 0.815625 0.585500 0.010417 0.005000
0 0.995052 0.579375 0.008854 0.004250
0 0.791667 0.716375 0.012500 0.002250
0 0.792708 0.714500 0.010417 0.002000
