0 0.256375 0.600521 0.005250 0.007292
0 0.347750 0.585677 0.005000 0.013021
0 0.351500 0.534115 0.006000 0.013021
0 0.351375 0.340625 0.005750 0.011458
0 0.355250 0.354427 0.004500 0.015104
0 0.352125 0.438021 0.003750 0.011458
0 0.350875 0.435156 0.003750 0.009896
0 0.360000 0.330208 0.003000 0.011458
0 0.378000 0.617969 0.003500 0.010937
0 0.380125 0.530469 0.005250 0.007812
0 0.379750 0.526823 0.005000 0.005729
0 0.389625 0.457552 0.005750 0.010937
0 0.379000 0.410417 0.005500 0.008333
0 0.410250 0.321615 0.005500 0.010937
0 0.443125 0.307552 0.003750 0.008854
0 0.432000 0.324479 0.004000 0.007292
0 0.426375 0.321354 0.004250 0.012500
0 0.423875 0.273177 0.003750 0.008854
0 0.422875 0.270313 0.003250 0.008333
0 0.445875 0.179688 0.004750 0.012500
0 0.435500 0.555729 0.005500 0.011458
0 0.434500 0.518750 0.006000 0.011458
0 0.511500 0.345052 0.004500 0.009896
0 0.512750 0.335156 0.005000 0.010937
0 0.530875 0.334375 0.002750 0.009375
0 0.529250 0.333594 0.003500 0.011979
0 0.523250 0.129167 0.006000 0.010417
0 0.541125 0.122656 0.004750 0.009896
0 0.560750 0.106771 0.003000 0.010417
0 0.565000 0.108333 0.004500 0.009375
0 0.596000 0.071354 0.006500 0.009375
0 0.582625 0.019271 0.005250 0.007292
0 0.606250 0.129427 0.004500 0.008854
0 0.604625 0.126302 0.005250 0.008854
0 0.594250 0.226823 0.006000 0.010937
0 0.540125 0.181771 0.003750 0.012500
0 0.536500 0.189062 0.004000 0.011458
0 0.536625 0.213021 0.005250 0.013542
0 0.558000 0.212240 0.002000 0.010937
0 0.556125 0.212240 0.002750 0.011979
0 0.425625 0.655729 0.004250 0.012500
0 0.398875 0.664062 0.005250 0.006250
0 0.398625 0.660937 0.004750 0.006250
0 0.478250 0.633073 0.004500 0.011979
0 0.460125 0.600781 0.005250 0.007812
0 0.490500 0.584896 0.004000 0.012500
0 0.500250 0.571875 0.004500 0.012500
0 0.494000 0.556510 0.006000 0.009896
0 0.506875 0.541146 0.003750 0.009375
0 0.510875 0.537500 0.004750 0.007292
0 0.532000 0.524740 0.003000 0.010937
0 0.533750 0.526302 0.002500 0.009896
0 0.525125 0.513021 0.004750 0.006250
0 0.524875 0.510938 0.004250 0.006250
0 0.556500 0.488281 0.002500 0.009896
0 0.559875 0.489844 0.004250 0.011979
0 0.569500 0.452865 0.005000 0.006771
0 0.573500 0.446875 0.005000 0.009375
0 0.592000 0.434115 0.004500 0.008854
0 0.588000 0.379167 0.003500 0.012500
0 0.596375 0.406771 0.004750 0.005208
0 0.595250 0.402604 0.003500 0.008333
0 0.610500 0.386979 0.004000 0.008333
0 0.608500 0.383854 0.004500 0.005208
0 0.615875 0.374219 0.002750 0.007812
0 0.614625 0.373177 0.003750 0.007812
0 0.666875 0.299479 0.004750 0.012500
0 0.409500 0.715365 0.005500 0.011979
0 0.438000 0.719792 0.005500 0.007292
0 0.445250 0.721094 0.006500 0.011979
0 0.457750 0.721354 0.004500 0.007292
0 0.459875 0.726562 0.004750 0.006250
0 0.468250 0.725781 0.005500 0.005729
0 0.468000 0.721615 0.005000 0.004687
0 0.492500 0.747656 0.006000 0.008854
0 0.513875 0.736979 0.005250 0.008333
0 0.520250 0.727344 0.003500 0.014063
0 0.538500 0.725521 0.006500 0.008333
0 0.548500 0.677865 0.004000 0.010937
0 0.583875 0.697917 0.003750 0.014583
0 0.550125 0.784375 0.003250 0.010417
0 0.525250 0.712500 0.004000 0.004167
0 0.524375 0.708594 0.004250 0.004687
0 0.525750 0.706250 0.004000 0.008333
0 0.526875 0.703906 0.003250 0.005729
0 0.545500 0.717708 0.005000 0.004167
0 0.545500 0.722135 0.005000 0.005729
0 0.573500 0.715104 0.005000 0.004167
0 0.573750 0.711458 0.005500 0.005208
0 0.594750 0.704688 0.004000 0.007292
0 0.594375 0.698698 0.005750 0.005729
0 0.606000 0.707031 0.004500 0.007812
0 0.606000 0.702083 0.006000 0.006250
0 0.598500 0.673438 0.005500 0.008333
0 0.623250 0.686719 0.003500 0.009896
0 0.621875 0.679688 0.004750 0.006250
0 0.717125 0.756250 0.007250 0.011458
0 0.671250 0.789844 0.005500 0.007812
0 0.397250 0.758594 0.005500 0.010937
0 0.405250 0.769792 0.005000 0.012500
0 0.421125 0.799219 0.005250 0.010937
0 0.426125 0.791146 0.003750 0.013542
0 0.441375 0.830990 0.005250 0.011979
0 0.452500 0.839062 0.005500 0.009375
0 0.463250 0.839323 0.005000 0.010937
0 0.453875 0.821615 0.004750 0.009896
0 0.453625 0.814323 0.005250 0.006771
0 0.450875 0.808333 0.005750 0.006250
0 0.482875 0.845313 0.006250 0.009375
0 0.468750 0.872656 0.005000 0.009896
0 0.486625 0.859635 0.006250 0.008854
0 0.496125 0.871354 0.006250 0.007292
0 0.504750 0.903385 0.005500 0.010937
0 0.490250 0.899740 0.004000 0.011979
0 0.484750 0.895573 0.004500 0.007812
0 0.485875 0.893490 0.004250 0.008854
0 0.529875 0.978125 0.002250 0.011458
0 0.532250 0.977604 0.003000 0.011458
0 0.556250 0.990885 0.006500 0.008854
0 0.575625 0.965625 0.005750 0.009375
0 0.567750 0.961198 0.005500 0.007812
0 0.560500 0.950260 0.005500 0.006771
0 0.561125 0.946615 0.005250 0.006771
0 0.550000 0.911719 0.006000 0.008854
