0 0.772135 0.680625 0.011979 0.005750
0 0.748437 0.677125 0.012500 0.004750
0 0.708854 0.681250 0.010417 0.005500
0 0.718229 0.662125 0.014583 0.004250
0 0.748698 0.640250 0.011979 0.005500
0 0.753906 0.636875 0.008854 0.006750
0 0.759635 0.636500 0.006771 0.007500
0 0.890625 0.659500 0.011458 0.006500
0 0.958073 0.630375 0.010937 0.004250
0 0.961458 0.621875 0.012500 0.005750
0 0.531510 0.651375 0.017188 0.004750
0 0.644792 0.445500 0.013542 0.008500
0 0.730990 0.459125 0.009896 0.009250
0 0.693490 0.346750 0.010937 0.007000
0 0.885677 0.375750 0.008854 0.005000
0 0.432031 0.577750 0.008854 0.008500
0 0.416146 0.505375 0.010417 0.008250
0 0.419271 0.517750 0.009375 0.004000
0 0.432292 0.516750 0.009375 0.006500
0 0.428385 0.513000 0.008854 0.004500
0 0.456510 0.459000 0.016146 0.007000
0 0.434375 0.387625 0.009375 0.004250
0 0.442969 0.379375 0.011979 0.003750
0 0.328646 0.570500 0.016667 0.004500
0 0.293490 0.553750 0.016146 0.003000
0 0.298177 0.551625 0.011979 0.003250
0 0.272135 0.561625 0.006771 0.006250
0 0.279167 0.562875 0.009375 0.004750
0 0.173958 0.512000 0.012500 0.006000
0 0.625521 0.764375 0.011458 0.003250
0 0.543490 0.743125 0.008854 0.005250
0 0.615365 0.762500 0.008854 0.005500
0 0.898958 0.649625 0.010417 0.003250
