0 0.350000 0.536500 0.006250 0.003000
0 0.350521 0.534500 0.007292 0.003500
0 0.346354 0.530875 0.005208 0.003750
0 0.350781 0.531250 0.003646 0.003000
0 0.359115 0.528000 0.004687 0.003500
0 0.355729 0.527500 0.005208 0.003500
0 0.361198 0.525750 0.006771 0.002000
0 0.364063 0.522375 0.005208 0.004250
0 0.354427 0.530500 0.003646 0.003500
0 0.370312 0.512000 0.005208 0.004500
0 0.360938 0.512250 0.008333 0.004000
0 0.361719 0.510000 0.006771 0.003500
0 0.359375 0.509000 0.010417 0.004000
0 0.377344 0.512500 0.005729 0.005500
0 0.375521 0.505500 0.005208 0.005000
0 0.380990 0.504875 0.005729 0.004750
0 0.370833 0.503750 0.007292 0.003000
0 0.370573 0.502500 0.009896 0.003000
0 0.398177 0.502875 0.008854 0.005250
0 0.389844 0.494875 0.006771 0.005250
0 0.383594 0.498250 0.004687 0.005000
0 0.377344 0.499375 0.004687 0.004750
0 0.375521 0.496375 0.006250 0.003750
0 0.380208 0.497875 0.003125 0.004750
0 0.376042 0.491750 0.005208 0.005000
0 0.382812 0.484500 0.005208 0.005000
0 0.382031 0.478875 0.007812 0.004750
0 0.390365 0.486500 0.005729 0.005000
0 0.372396 0.484750 0.004167 0.004000
0 0.375260 0.484500 0.005729 0.004500
0 0.409896 0.479875 0.007292 0.005250
0 0.433073 0.479625 0.010937 0.002750
0 0.467448 0.476125 0.008854 0.003750
0 0.465885 0.479375 0.008854 0.003250
0 0.473177 0.482500 0.006771 0.004000
0 0.466927 0.484000 0.006771 0.004500
0 0.470312 0.486250 0.005208 0.004500
0 0.472656 0.490375 0.008854 0.004250
0 0.474219 0.499500 0.006771 0.004500
0 0.479427 0.499625 0.006771 0.005250
0 0.480208 0.508375 0.007292 0.005750
0 0.497917 0.544500 0.007292 0.005500
0 0.492188 0.562625 0.007292 0.003250
0 0.505990 0.567000 0.005729 0.004500
0 0.510417 0.565250 0.006250 0.004500
0 0.504167 0.590500 0.008333 0.005000
0 0.528385 0.620000 0.005729 0.005000
0 0.507552 0.672250 0.007812 0.006500
0 0.555469 0.641000 0.006771 0.006000
0 0.566406 0.640375 0.006771 0.005750
0 0.571875 0.640000 0.006250 0.005500
0 0.642969 0.605250 0.008854 0.004000
0 0.653385 0.600625 0.014063 0.003750
0 0.584635 0.589250 0.009896 0.005500
0 0.552604 0.596125 0.006250 0.004750
0 0.546615 0.596875 0.005729 0.005750
0 0.583854 0.572000 0.006250 0.004500
0 0.589063 0.570500 0.008333 0.005000
0 0.590625 0.566625 0.006250 0.005750
0 0.595313 0.565500 0.006250 0.005500
0 0.582552 0.563875 0.009896 0.004750
0 0.572917 0.564500 0.009375 0.005000
0 0.572135 0.556750 0.006771 0.005000
0 0.572917 0.561250 0.004167 0.004000
0 0.575781 0.560625 0.005729 0.004750
0 0.605990 0.564875 0.007812 0.005250
0 0.607812 0.563125 0.005208 0.004750
0 0.610677 0.562875 0.004687 0.004250
0 0.600000 0.552000 0.008333 0.005000
0 0.604948 0.550750 0.008854 0.004000
0 0.541146 0.541750 0.011458 0.003000
0 0.512500 0.526500 0.009375 0.003000
0 0.514323 0.518125 0.004687 0.005750
0 0.518750 0.516500 0.005208 0.005000
0 0.540365 0.515750 0.005729 0.004000
0 0.545833 0.516250 0.006250 0.005000
0 0.529687 0.511500 0.004167 0.004500
0 0.523698 0.511750 0.004687 0.005000
0 0.534635 0.510625 0.005729 0.004750
0 0.537500 0.510000 0.006250 0.003500
0 0.539323 0.508625 0.007812 0.004750
0 0.514323 0.511125 0.008854 0.004250
0 0.522135 0.506375 0.008854 0.004750
0 0.506771 0.508250 0.006250 0.005500
0 0.501823 0.507750 0.004687 0.004000
0 0.510677 0.507000 0.003646 0.004000
0 0.514062 0.506625 0.006250 0.004750
0 0.515625 0.501625 0.006250 0.004750
0 0.518490 0.498375 0.010937 0.002250
0 0.509896 0.498750 0.005208 0.005000
0 0.502083 0.496750 0.009375 0.004000
0 0.512240 0.486625 0.010937 0.003750
0 0.503646 0.488125 0.010417 0.002750
0 0.507812 0.491250 0.005208 0.005000
0 0.510677 0.490250 0.004687 0.005000
0 0.494010 0.488125 0.007812 0.003750
0 0.493490 0.485000 0.003646 0.004000
0 0.489844 0.485125 0.003646 0.004750
0 0.484115 0.476500 0.004687 0.005000
0 0.489583 0.477375 0.005208 0.004750
0 0.486979 0.471875 0.006250 0.004250
0 0.491406 0.472750 0.003646 0.004000
0 0.495573 0.472750 0.007812 0.004500
0 0.477865 0.467250 0.007812 0.002500
0 0.483073 0.466625 0.007812 0.003750
0 0.480208 0.463875 0.008333 0.002750
0 0.563802 0.468375 0.007812 0.004750
0 0.578385 0.469750 0.008854 0.003500
0 0.593750 0.480125 0.006250 0.004250
0 0.602083 0.477125 0.007292 0.002750
0 0.602604 0.476000 0.009375 0.003000
0 0.611198 0.481500 0.009896 0.002500
0 0.609375 0.483125 0.010417 0.002250
0 0.634896 0.487250 0.009375 0.002500
0 0.633854 0.489375 0.009375 0.002250
0 0.633854 0.491375 0.007292 0.002250
0 0.640104 0.496500 0.009375 0.004500
0 0.653906 0.500250 0.005729 0.003500
0 0.658333 0.502625 0.008333 0.002750
0 0.667969 0.505000 0.008854 0.003500
0 0.678385 0.504875 0.009896 0.004250
0 0.679167 0.508625 0.011458 0.002750
0 0.664062 0.513750 0.007292 0.005000
0 0.688021 0.512625 0.008333 0.001750
0 0.686198 0.511000 0.009896 0.002000
0 0.696354 0.517000 0.007292 0.004000
0 0.697656 0.515625 0.008854 0.002750
0 0.715885 0.518875 0.010937 0.002750
0 0.710938 0.530000 0.006250 0.004500
0 0.730729 0.531750 0.008333 0.002000
0 0.730208 0.530000 0.010417 0.001500
0 0.729167 0.528000 0.009375 0.003500
0 0.735677 0.524875 0.008854 0.003250
0 0.729167 0.523375 0.005208 0.004750
0 0.717708 0.522125 0.010417 0.002750
0 0.715365 0.523000 0.008854 0.001500
0 0.747656 0.534125 0.009896 0.003250
0 0.745573 0.538375 0.008854 0.003250
0 0.751042 0.541125 0.010417 0.002750
0 0.759375 0.539375 0.010417 0.004250
0 0.759896 0.536500 0.009375 0.002500
0 0.747656 0.545875 0.006771 0.002250
0 0.745833 0.544500 0.008333 0.003000
0 0.784896 0.545750 0.010417 0.003000
0 0.781510 0.543250 0.009896 0.003000
0 0.791667 0.549625 0.010417 0.003750
0 0.823698 0.559875 0.011979 0.003750
0 0.777344 0.573625 0.006771 0.004750
0 0.746354 0.564000 0.010417 0.003000
0 0.696354 0.548875 0.009375 0.002750
0 0.853906 0.575875 0.011979 0.003250
0 0.833854 0.589875 0.010417 0.002750
0 0.841667 0.597375 0.009375 0.004750
0 0.883594 0.592125 0.008854 0.004250
0 0.889323 0.591625 0.004687 0.004250
0 0.884896 0.625125 0.008333 0.004750
0 0.898438 0.578125 0.012500 0.003750
0 0.912500 0.577750 0.009375 0.005500
0 0.866406 0.567250 0.007812 0.006500
0 0.842708 0.559750 0.009375 0.005000
0 0.852344 0.542125 0.011979 0.003250
0 0.854427 0.539125 0.009896 0.002750
0 0.856510 0.536500 0.008854 0.004000
0 0.860417 0.533875 0.011458 0.002750
0 0.871615 0.533875 0.008854 0.003250
0 0.880990 0.532000 0.009896 0.004500
0 0.842448 0.539625 0.006771 0.005250
0 0.835156 0.542500 0.004687 0.005500
0 0.838802 0.542125 0.004687 0.004250
0 0.972917 0.543625 0.012500 0.004250
0 0.868490 0.500625 0.011979 0.005250
0 0.753906 0.524875 0.007812 0.005750
0 0.765365 0.523375 0.005729 0.005750
0 0.768490 0.521000 0.003646 0.005000
0 0.772135 0.521125 0.004687 0.004250
0 0.787760 0.534000 0.004687 0.005500
0 0.792448 0.534250 0.004687 0.005000
0 0.730990 0.516000 0.007812 0.004500
0 0.739844 0.512750 0.005729 0.004500
0 0.738542 0.509625 0.010417 0.002750
0 0.749479 0.517750 0.006250 0.005000
0 0.747396 0.513750 0.007292 0.004500
0 0.725521 0.508250 0.003125 0.003500
0 0.729948 0.508875 0.004687 0.005250
0 0.713542 0.498500 0.007292 0.005500
0 0.711458 0.492875 0.007292 0.005250
0 0.657552 0.483625 0.003646 0.002750
0 0.653385 0.483500 0.004687 0.004500
0 0.573177 0.455000 0.010937 0.003500
0 0.603906 0.466875 0.004687 0.005250
0 0.607552 0.467125 0.003646 0.003750
0 0.557813 0.425125 0.006250 0.003750
0 0.592448 0.425625 0.005729 0.002750
0 0.611458 0.426375 0.010417 0.002250
0 0.614062 0.424625 0.008333 0.002250
0 0.604427 0.423875 0.007812 0.001250
0 0.637760 0.425000 0.010937 0.002000
0 0.647135 0.430500 0.008854 0.004500
0 0.656771 0.430500 0.009375 0.003000
0 0.650260 0.426125 0.009896 0.001750
0 0.650000 0.424625 0.008333 0.001250
0 0.675781 0.426000 0.010937 0.001500
0 0.675260 0.427625 0.009896 0.001750
0 0.678125 0.429250 0.009375 0.001500
0 0.677604 0.430625 0.007292 0.001750
0 0.692187 0.430500 0.010417 0.002500
0 0.693750 0.433750 0.008333 0.003500
0 0.678125 0.438500 0.010417 0.003000
0 0.705990 0.439875 0.006771 0.003750
0 0.722135 0.437250 0.009896 0.004000
0 0.728906 0.441875 0.007812 0.003250
0 0.726302 0.446500 0.008854 0.004000
0 0.739323 0.444125 0.009896 0.003250
0 0.750521 0.449625 0.007292 0.002750
0 0.757031 0.442750 0.009896 0.003000
0 0.755729 0.444125 0.007292 0.003250
0 0.760156 0.441250 0.011979 0.002500
0 0.756510 0.438250 0.010937 0.003000
0 0.773438 0.440625 0.011458 0.003250
0 0.785156 0.439750 0.007812 0.003000
0 0.772656 0.434750 0.006771 0.003500
0 0.768490 0.432875 0.010937 0.002250
0 0.763542 0.430750 0.010417 0.002500
0 0.804948 0.438125 0.009896 0.002250
0 0.802604 0.437375 0.006250 0.001750
0 0.804948 0.447000 0.010937 0.004500
0 0.810937 0.444250 0.011458 0.003000
0 0.779687 0.437625 0.009375 0.003250
0 0.777865 0.437375 0.005729 0.001750
0 0.859635 0.452875 0.007812 0.003750
0 0.853906 0.449125 0.010937 0.004250
0 0.849740 0.442375 0.008854 0.004750
0 0.872656 0.441875 0.007812 0.004250
0 0.869010 0.441375 0.006771 0.002750
0 0.896875 0.448750 0.008333 0.003000
0 0.897656 0.446375 0.009896 0.003250
0 0.705729 0.428375 0.010417 0.002250
0 0.706250 0.432875 0.011458 0.002750
0 0.707031 0.431000 0.007812 0.002500
0 0.561198 0.412125 0.005729 0.004750
0 0.595052 0.408625 0.009896 0.004250
0 0.629948 0.418875 0.010937 0.004250
0 0.670833 0.418500 0.008333 0.005500
0 0.675000 0.415125 0.005208 0.004750
0 0.732292 0.422625 0.007292 0.003750
0 0.734115 0.420875 0.010937 0.003250
0 0.803125 0.426250 0.007292 0.006500
0 0.800260 0.413500 0.010937 0.004500
0 0.797135 0.406375 0.009896 0.003750
0 0.800521 0.405375 0.010417 0.004250
0 0.803125 0.403875 0.010417 0.004250
0 0.811719 0.401750 0.009896 0.003500
0 0.820052 0.404625 0.009896 0.002750
0 0.822135 0.403000 0.008854 0.003500
0 0.808854 0.394875 0.010417 0.003750
0 0.811458 0.398625 0.010417 0.003750
0 0.815625 0.396625 0.005208 0.003750
0 0.832031 0.392625 0.009896 0.002250
0 0.832031 0.390500 0.010937 0.002500
0 0.808594 0.391875 0.009896 0.003750
0 0.810417 0.390875 0.009375 0.003250
0 0.838802 0.427000 0.010937 0.003000
0 0.839323 0.425125 0.008854 0.002250
0 0.473958 0.404875 0.008333 0.002250
0 0.475000 0.402250 0.007292 0.004000
0 0.519531 0.391875 0.006771 0.004250
0 0.510156 0.380500 0.007812 0.004500
0 0.505729 0.377500 0.005208 0.005500
0 0.536198 0.378375 0.010937 0.002750
0 0.543490 0.372500 0.011979 0.003000
0 0.534115 0.369750 0.008854 0.004500
0 0.549219 0.365625 0.005729 0.005250
0 0.544531 0.364250 0.007812 0.005000
0 0.544531 0.359000 0.007812 0.005500
0 0.577604 0.363375 0.009375 0.004750
0 0.567969 0.362250 0.006771 0.005500
0 0.568750 0.358625 0.009375 0.002250
0 0.567969 0.356625 0.010937 0.003750
0 0.551823 0.342125 0.007812 0.005750
0 0.542708 0.343000 0.008333 0.005500
0 0.616667 0.351125 0.010417 0.003750
0 0.612240 0.349375 0.010937 0.003750
0 0.611979 0.346875 0.008333 0.003750
0 0.641406 0.340375 0.010937 0.004250
0 0.629427 0.338000 0.009896 0.005000
0 0.660156 0.331750 0.010937 0.005500
0 0.639062 0.319125 0.011458 0.003750
0 0.656250 0.324250 0.011458 0.002500
0 0.652604 0.326500 0.008333 0.002500
0 0.654167 0.328000 0.010417 0.003500
0 0.675521 0.326500 0.009375 0.004000
0 0.676562 0.323000 0.010417 0.005000
0 0.690104 0.322250 0.009375 0.004000
0 0.688542 0.320750 0.007292 0.003000
0 0.691667 0.317000 0.010417 0.004500
0 0.700521 0.315125 0.006250 0.005750
0 0.676562 0.318000 0.007292 0.004000
0 0.686979 0.312500 0.006250 0.005500
0 0.680990 0.313625 0.006771 0.004750
0 0.675000 0.313500 0.008333 0.005000
0 0.711458 0.312625 0.010417 0.003250
0 0.709896 0.311125 0.009375 0.002250
0 0.773698 0.288875 0.005729 0.003750
0 0.771875 0.287500 0.008333 0.005000
0 0.735677 0.273500 0.010937 0.006000
0 0.709375 0.300875 0.008333 0.005250
0 0.704167 0.298000 0.009375 0.005500
0 0.701042 0.290875 0.008333 0.002750
0 0.699219 0.289375 0.010937 0.004250
0 0.675521 0.294500 0.007292 0.005500
0 0.680990 0.296000 0.006771 0.005000
0 0.673177 0.308625 0.004687 0.005250
0 0.678385 0.308750 0.006771 0.004000
0 0.643229 0.325375 0.006250 0.004250
0 0.640365 0.324625 0.007812 0.005750
0 0.787760 0.315750 0.010937 0.005000
0 0.720573 0.318500 0.005729 0.004000
0 0.724740 0.322000 0.006771 0.004500
0 0.723437 0.314500 0.004167 0.004000
0 0.728125 0.314250 0.005208 0.004500
0 0.706510 0.320375 0.006771 0.004250
0 0.712240 0.319500 0.006771 0.004500
0 0.715365 0.320625 0.004687 0.004250
0 0.659635 0.351000 0.009896 0.004500
0 0.658333 0.347125 0.004167 0.003750
0 0.662500 0.345375 0.006250 0.003250
0 0.654167 0.345500 0.007292 0.004000
0 0.665885 0.341000 0.005729 0.003000
0 0.662500 0.340500 0.006250 0.005000
0 0.622656 0.363875 0.007812 0.003750
0 0.632552 0.363125 0.007812 0.003250
0 0.626563 0.358500 0.006250 0.004500
0 0.622135 0.359250 0.004687 0.003500
0 0.620052 0.356875 0.006771 0.003250
0 0.567708 0.377125 0.006250 0.004250
0 0.575000 0.377000 0.003125 0.003000
0 0.578646 0.376750 0.004167 0.004000
0 0.581771 0.375625 0.004167 0.004250
0 0.585156 0.375500 0.003646 0.002500
0 0.865885 0.275125 0.006771 0.004750
