0 0.649219 0.696750 0.017188 0.008000
0 0.569271 0.717500 0.017708 0.005000
0 0.566927 0.713375 0.018229 0.005250
0 0.635677 0.670250 0.014063 0.005000
0 0.635938 0.667500 0.014583 0.003000
0 0.615885 0.657000 0.017188 0.007500
0 0.579948 0.654250 0.014063 0.007500
0 0.585156 0.640625 0.011979 0.005750
0 0.547656 0.649125 0.015104 0.005250
0 0.480208 0.634250 0.013542 0.004000
0 0.503906 0.648875 0.018229 0.005250
0 0.511458 0.652875 0.013542 0.003750
0 0.512760 0.656250 0.016146 0.004500
0 0.523698 0.656875 0.006771 0.007250
0 0.532031 0.660000 0.011979 0.004500
0 0.423437 0.664250 0.012500 0.007500
0 0.416406 0.657625 0.010937 0.008250
0 0.380208 0.650500 0.018750 0.005500
0 0.396875 0.652000 0.015625 0.005500
0 0.399740 0.659250 0.013021 0.004000
0 0.399219 0.656625 0.015104 0.003750
0 0.403646 0.637000 0.015625 0.003500
0 0.406771 0.634750 0.012500 0.004000
0 0.316406 0.626750 0.020313 0.006500
0 0.330729 0.597750 0.013542 0.008000
0 0.324219 0.583875 0.015104 0.006250
0 0.375260 0.582875 0.016146 0.004750
0 0.375260 0.593750 0.018229 0.005500
0 0.379427 0.598875 0.015104 0.005750
0 0.394010 0.598125 0.016146 0.005750
0 0.409115 0.595625 0.017188 0.006250
0 0.447135 0.572750 0.017188 0.006500
0 0.497135 0.581125 0.011979 0.008250
0 0.490104 0.564875 0.016667 0.009250
0 0.546094 0.578625 0.015104 0.008250
0 0.573438 0.592625 0.014583 0.005250
0 0.577083 0.588625 0.011458 0.006250
0 0.644271 0.569875 0.016667 0.006750
0 0.697656 0.579125 0.013021 0.010250
0 0.591406 0.552250 0.019271 0.010500
0 0.569010 0.528625 0.008854 0.008250
0 0.544010 0.563125 0.018229 0.002750
0 0.542708 0.560625 0.015625 0.003250
0 0.636719 0.562375 0.010937 0.004750
0 0.632031 0.560000 0.014063 0.007500
0 0.759635 0.590750 0.015104 0.008500
0 0.781250 0.588625 0.013542 0.007250
0 0.787500 0.584625 0.019792 0.007250
0 0.794271 0.556000 0.016667 0.008500
0 0.852865 0.543625 0.020313 0.008250
0 0.821094 0.544125 0.016146 0.005750
0 0.804167 0.541000 0.015625 0.008500
0 0.744792 0.535500 0.017708 0.005000
0 0.773698 0.515875 0.019271 0.007750
0 0.700000 0.530125 0.014583 0.005250
0 0.689583 0.534250 0.014583 0.006000
0 0.994531 0.509625 0.009896 0.004750
0 0.195833 0.579750 0.015625 0.007500
0 0.337240 0.541250 0.008854 0.009500
0 0.320573 0.522125 0.015104 0.007750
0 0.312240 0.520125 0.006771 0.006750
0 0.304688 0.519875 0.010417 0.007250
0 0.319792 0.510875 0.010417 0.005750
0 0.384375 0.502375 0.012500 0.007250
0 0.429688 0.512250 0.014583 0.010000
0 0.450260 0.473250 0.007812 0.008500
0 0.458594 0.473625 0.008854 0.007750
0 0.529167 0.440250 0.014583 0.009000
0 0.467969 0.436000 0.018229 0.007000
0 0.483594 0.429000 0.015104 0.006000
0 0.482812 0.453500 0.007292 0.007000
0 0.475781 0.453375 0.007812 0.008250
0 0.469531 0.461500 0.008854 0.006000
0 0.466406 0.460875 0.010937 0.007750
0 0.496875 0.426125 0.012500 0.004250
0 0.474479 0.397625 0.012500 0.006750
0 0.555469 0.392375 0.016146 0.007750
0 0.583854 0.405000 0.012500 0.008500
0 0.678646 0.397625 0.011458 0.008250
0 0.692448 0.380875 0.017188 0.009750
0 0.660156 0.369250 0.015104 0.006500
0 0.646094 0.358500 0.014063 0.008500
0 0.625000 0.366625 0.009375 0.008250
0 0.603906 0.365250 0.016146 0.004500
0 0.665365 0.377750 0.005729 0.007500
0 0.659375 0.377125 0.006250 0.007250
0 0.601823 0.360125 0.011979 0.003250
0 0.603125 0.357250 0.011458 0.002500
0 0.596354 0.333250 0.014583 0.006500
0 0.632552 0.318500 0.015104 0.007500
0 0.676042 0.314250 0.014583 0.012500
0 0.731250 0.340250 0.017708 0.006000
0 0.800260 0.237750 0.011979 0.007500
0 0.786458 0.242250 0.014583 0.008000
0 0.842448 0.222625 0.009896 0.007250
0 0.834635 0.220125 0.010937 0.004750
0 0.211719 0.481250 0.006771 0.007500
0 0.218229 0.481000 0.008333 0.006500
0 0.228906 0.455375 0.014063 0.008750
0 0.195052 0.440375 0.009896 0.008250
0 0.231250 0.428250 0.018750 0.005500
0 0.270833 0.383875 0.016667 0.008250
0 0.226562 0.386375 0.016667 0.006250
0 0.211979 0.373250 0.012500 0.005500
0 0.237500 0.368250 0.007292 0.007500
0 0.232292 0.367500 0.006250 0.007500
0 0.193490 0.342750 0.011979 0.007000
0 0.200000 0.311000 0.012500 0.007500
0 0.301823 0.336625 0.006771 0.007250
0 0.297135 0.335000 0.005729 0.007500
0 0.227865 0.253625 0.018229 0.009750
0 0.302344 0.206500 0.010937 0.009000
0 0.237240 0.204250 0.010937 0.010000
0 0.326042 0.174875 0.010417 0.006250
0 0.305208 0.178125 0.011458 0.006750
0 0.300781 0.176250 0.009896 0.007000
0 0.374219 0.174875 0.038021 0.017250
0 0.748958 0.007500 0.013542 0.008000
0 0.671615 0.359000 0.005729 0.008000
0 0.676823 0.359125 0.005729 0.007250
0 0.735677 0.371625 0.014063 0.007250
0 0.360938 0.396000 0.018750 0.007500
