0 0.320625 0.796615 0.003750 0.009896
0 0.325000 0.796875 0.005500 0.007292
0 0.332750 0.837500 0.004500 0.011458
0 0.340500 0.791146 0.006000 0.007292
0 0.353375 0.792969 0.003250 0.008854
0 0.356000 0.792708 0.003000 0.009375
0 0.404500 0.815104 0.005500 0.009375
0 0.400500 0.794010 0.003000 0.009896
0 0.425000 0.722396 0.005000 0.009375
0 0.417625 0.714844 0.004750 0.008854
0 0.402875 0.698698 0.005750 0.008854
0 0.397250 0.680208 0.005500 0.006250
0 0.397500 0.676042 0.004500 0.006250
0 0.383750 0.669792 0.004500 0.008333
0 0.387000 0.667969 0.003000 0.010937
0 0.388625 0.664583 0.003750 0.011458
0 0.356375 0.632031 0.004750 0.004687
0 0.355500 0.628906 0.004500 0.003646
0 0.352500 0.599479 0.004500 0.006250
0 0.355500 0.603385 0.003500 0.009896
0 0.357000 0.602344 0.003500 0.009896
0 0.329625 0.589323 0.004250 0.006771
0 0.329750 0.586198 0.005000 0.006771
0 0.283000 0.513021 0.005500 0.008333
0 0.283000 0.508594 0.005500 0.006771
0 0.242125 0.429688 0.003250 0.009375
0 0.244000 0.428646 0.004500 0.010417
0 0.360000 0.649219 0.004500 0.011979
0 0.370750 0.668490 0.003500 0.014063
0 0.364000 0.666667 0.002000 0.010417
0 0.362000 0.665885 0.002500 0.011979
0 0.380125 0.686979 0.006250 0.008333
0 0.387625 0.692448 0.004750 0.009896
0 0.391000 0.701302 0.002000 0.010937
0 0.393125 0.702083 0.002750 0.012500
0 0.446125 0.716927 0.003750 0.013021
0 0.432625 0.662760 0.003750 0.010937
0 0.429750 0.665104 0.004000 0.009375
0 0.431125 0.653385 0.004750 0.010937
0 0.419375 0.585938 0.003750 0.013542
0 0.423250 0.563802 0.005000 0.008854
0 0.422000 0.555990 0.005500 0.009896
0 0.420000 0.544531 0.003500 0.010937
0 0.417625 0.541146 0.003250 0.006250
0 0.418000 0.538802 0.004000 0.006771
0 0.403375 0.535677 0.005750 0.009896
0 0.399000 0.531250 0.005000 0.008333
0 0.399375 0.483333 0.003750 0.013542
0 0.398375 0.466406 0.001750 0.010937
0 0.396500 0.466406 0.002000 0.011979
0 0.392875 0.435937 0.002250 0.011458
0 0.390875 0.436458 0.001750 0.010417
0 0.398750 0.419792 0.003500 0.006250
0 0.396375 0.417969 0.004250 0.007812
0 0.416250 0.471875 0.004500 0.009375
0 0.415250 0.522396 0.003000 0.009375
0 0.416250 0.521094 0.003500 0.010937
0 0.417500 0.520573 0.003000 0.008854
0 0.484625 0.518229 0.004750 0.007292
0 0.479125 0.499219 0.002750 0.011979
0 0.485875 0.481771 0.003250 0.011458
0 0.483750 0.480469 0.003000 0.009896
0 0.481625 0.469010 0.003750 0.011979
0 0.497875 0.370833 0.002750 0.011458
0 0.496625 0.369271 0.003250 0.009375
0 0.486875 0.309896 0.005750 0.008333
0 0.496875 0.305729 0.004250 0.010417
0 0.497000 0.295573 0.003500 0.009896
0 0.509750 0.225260 0.002000 0.011979
0 0.508125 0.225260 0.002250 0.009896
0 0.505000 0.382031 0.006000 0.013021
0 0.499750 0.415625 0.004500 0.013542
0 0.500375 0.469010 0.005750 0.010937
0 0.503000 0.695052 0.005500 0.006771
0 0.500750 0.707812 0.005000 0.006250
0 0.500375 0.703646 0.003750 0.005208
0 0.526250 0.649740 0.004500 0.010937
0 0.545750 0.622917 0.004000 0.005208
0 0.546375 0.618750 0.004250 0.004167
0 0.575125 0.559375 0.005750 0.008333
0 0.577250 0.554167 0.006000 0.007292
0 0.573250 0.520833 0.004000 0.011458
0 0.593500 0.482552 0.005500 0.013021
0 0.707250 0.384635 0.004000 0.010937
0 0.608125 0.511719 0.004250 0.010937
0 0.613375 0.539062 0.005250 0.007292
0 0.611250 0.534896 0.002500 0.011458
0 0.609375 0.533854 0.002250 0.010417
0 0.580125 0.572656 0.003750 0.014063
0 0.576125 0.580208 0.003750 0.011458
0 0.588375 0.604427 0.003250 0.011979
0 0.592000 0.603125 0.004500 0.010417
0 0.595375 0.602083 0.002750 0.013542
0 0.550875 0.800260 0.003750 0.011979
0 0.547125 0.803646 0.003750 0.010417
0 0.563000 0.768750 0.004500 0.011458
0 0.559000 0.797917 0.004000 0.008333
0 0.563125 0.802865 0.003750 0.007812
0 0.561500 0.800781 0.003500 0.009896
0 0.581500 0.777344 0.006500 0.008854
0 0.640625 0.798177 0.005750 0.009896
0 0.445000 0.585677 0.006500 0.011979
