0 0.410375 0.797396 0.007250 0.013542
0 0.437125 0.775521 0.004250 0.018750
0 0.403125 0.720052 0.007250 0.010937
0 0.393500 0.746094 0.008000 0.006771
0 0.394125 0.751823 0.006250 0.006771
0 0.396000 0.722396 0.008000 0.005208
0 0.396250 0.727083 0.006500 0.006250
0 0.451750 0.709115 0.006000 0.006771
0 0.472000 0.660417 0.007500 0.009375
0 0.463750 0.679167 0.006000 0.007292
0 0.461750 0.671875 0.007000 0.009375
0 0.425250 0.669531 0.007500 0.008854
0 0.421000 0.696354 0.005000 0.009375
0 0.400500 0.698177 0.008500 0.010937
0 0.399000 0.670052 0.007500 0.007812
0 0.395250 0.679688 0.007000 0.009375
0 0.406250 0.653906 0.006500 0.008854
0 0.423750 0.650260 0.006500 0.007812
0 0.414125 0.651302 0.007250 0.007812
0 0.351250 0.670052 0.008000 0.009896
0 0.349750 0.661458 0.007500 0.008333
0 0.360000 0.646875 0.006500 0.012500
0 0.315875 0.665625 0.006750 0.011458
0 0.319500 0.663802 0.006500 0.007812
0 0.312000 0.631510 0.007500 0.007812
0 0.305125 0.627865 0.007250 0.008854
0 0.468750 0.603646 0.005500 0.014583
0 0.451625 0.625781 0.005750 0.013021
0 0.434000 0.611719 0.006000 0.015104
0 0.440875 0.603385 0.006750 0.014063
0 0.433625 0.596094 0.006750 0.011979
0 0.426125 0.596094 0.005250 0.009896
0 0.420500 0.596094 0.006500 0.013021
0 0.400875 0.592448 0.007250 0.011979
0 0.407875 0.540625 0.006750 0.012500
0 0.379000 0.542969 0.008000 0.018229
0 0.349500 0.568229 0.007000 0.012500
0 0.344000 0.564583 0.006000 0.014583
0 0.338500 0.567969 0.006500 0.011979
0 0.349500 0.550521 0.007500 0.007292
0 0.349625 0.544271 0.006250 0.007292
0 0.288375 0.510677 0.007250 0.019271
0 0.296625 0.507812 0.008250 0.012500
0 0.304125 0.504687 0.008250 0.006250
0 0.303500 0.499219 0.008000 0.006771
0 0.234750 0.458594 0.009000 0.016146
0 0.442500 0.482292 0.006500 0.012500
0 0.473750 0.494010 0.004500 0.011979
0 0.478625 0.496615 0.005750 0.014063
0 0.428125 0.400260 0.007250 0.014063
0 0.446875 0.370833 0.007750 0.019792
0 0.385375 0.303906 0.008250 0.019271
0 0.395125 0.303125 0.007750 0.012500
0 0.390625 0.294271 0.007250 0.008333
0 0.406375 0.248958 0.005250 0.018750
0 0.401375 0.252865 0.006250 0.016146
0 0.349375 0.244792 0.009250 0.012500
0 0.364875 0.225000 0.006750 0.015625
0 0.370125 0.226302 0.007250 0.015104
0 0.357000 0.208854 0.008000 0.010417
0 0.359500 0.200000 0.007500 0.011458
0 0.355000 0.194531 0.005500 0.009896
0 0.356750 0.183594 0.008000 0.015104
0 0.518375 0.443490 0.007750 0.016146
0 0.508625 0.436198 0.007750 0.014063
0 0.521250 0.403906 0.009500 0.017188
0 0.509125 0.375000 0.004750 0.017708
0 0.499125 0.311198 0.005250 0.017188
0 0.471250 0.312240 0.008500 0.015104
0 0.494125 0.291406 0.005250 0.016146
0 0.485500 0.284115 0.004000 0.017188
0 0.479250 0.279427 0.005500 0.014063
0 0.478375 0.263802 0.005750 0.014063
0 0.468000 0.264323 0.005500 0.017188
0 0.482625 0.255469 0.003250 0.015104
0 0.485750 0.266667 0.004000 0.012500
0 0.488125 0.263802 0.004750 0.016146
0 0.489625 0.254427 0.006250 0.013021
0 0.492875 0.251823 0.005750 0.014063
0 0.487375 0.240625 0.006750 0.014583
0 0.480125 0.235156 0.004750 0.015104
0 0.485750 0.222656 0.003500 0.017188
0 0.482500 0.222917 0.004000 0.016667
0 0.471500 0.215104 0.004500 0.016667
0 0.482250 0.201563 0.003500 0.017708
0 0.480500 0.213281 0.003500 0.016146
0 0.474250 0.198698 0.005500 0.016146
0 0.477125 0.189323 0.004250 0.017188
0 0.496000 0.179948 0.005000 0.017188
0 0.510500 0.195052 0.005500 0.017188
0 0.491875 0.216406 0.005250 0.014063
0 0.496250 0.221354 0.002500 0.017708
0 0.499125 0.222917 0.004750 0.015625
0 0.488500 0.138542 0.004000 0.017708
0 0.471500 0.141146 0.007000 0.014583
0 0.458500 0.110937 0.005000 0.016667
0 0.463500 0.099740 0.005500 0.019271
0 0.479000 0.119010 0.003500 0.015104
0 0.481000 0.117448 0.004500 0.017188
0 0.474000 0.057031 0.009500 0.019271
0 0.569000 0.450781 0.005500 0.014063
0 0.567875 0.436198 0.007250 0.009896
0 0.580125 0.436198 0.004250 0.018229
0 0.570500 0.404167 0.004000 0.015625
0 0.562875 0.404167 0.006250 0.012500
0 0.567375 0.391667 0.003750 0.013542
0 0.576625 0.383594 0.005250 0.017188
0 0.587125 0.344010 0.006250 0.013021
0 0.588375 0.329167 0.007250 0.013542
0 0.505500 0.295573 0.005000 0.018229
0 0.508875 0.296354 0.002750 0.016667
0 0.511125 0.296354 0.004250 0.011458
0 0.580500 0.209375 0.006000 0.010417
0 0.610250 0.251042 0.007000 0.012500
0 0.615875 0.292969 0.005250 0.014063
0 0.642250 0.201042 0.006500 0.016667
0 0.571375 0.344792 0.003250 0.015625
0 0.574875 0.341406 0.003250 0.014063
0 0.576625 0.351562 0.005750 0.011458
0 0.566875 0.323437 0.004750 0.014583
0 0.570750 0.319792 0.003500 0.015625
0 0.577250 0.313542 0.005000 0.010417
0 0.579125 0.304427 0.008750 0.017188
