0 0.692500 0.589063 0.007500 0.018750
0 0.550750 0.805469 0.005000 0.015104
0 0.452875 0.949219 0.004750 0.010937
0 0.452125 0.946094 0.005750 0.007812
0 0.451500 0.920573 0.003500 0.013021
0 0.494500 0.881771 0.005000 0.007292
0 0.492875 0.876302 0.004750 0.007812
0 0.493875 0.858073 0.005250 0.013021
0 0.506375 0.859115 0.005750 0.008854
0 0.511125 0.849740 0.006250 0.009896
0 0.501125 0.845313 0.004250 0.009375
0 0.499375 0.838281 0.004250 0.005729
0 0.496625 0.846615 0.005250 0.011979
0 0.495625 0.841146 0.003750 0.008333
0 0.528000 0.813281 0.005000 0.010937
0 0.528125 0.809115 0.005250 0.007812
0 0.541000 0.775521 0.006500 0.014583
0 0.551250 0.750781 0.004500 0.013021
0 0.558625 0.731771 0.005250 0.014583
0 0.514875 0.594010 0.004250 0.008854
0 0.516875 0.605208 0.007250 0.007292
0 0.504500 0.607552 0.006000 0.006771
0 0.503625 0.610677 0.006250 0.007812
0 0.501625 0.613802 0.006250 0.004687
0 0.500750 0.617969 0.006000 0.005729
0 0.483500 0.637500 0.004500 0.012500
0 0.482375 0.635417 0.003250 0.009375
0 0.479250 0.638281 0.004500 0.013021
0 0.469625 0.645312 0.003750 0.010417
0 0.467875 0.643490 0.005750 0.011979
0 0.434875 0.630729 0.002750 0.008333
0 0.432875 0.631510 0.004250 0.010937
0 0.420625 0.653125 0.004250 0.014583
0 0.435000 0.678646 0.006000 0.011458
0 0.433000 0.672656 0.004000 0.008854
0 0.413625 0.680208 0.006750 0.007292
0 0.413250 0.685937 0.006500 0.005208
0 0.414250 0.693750 0.008000 0.008333
0 0.394000 0.687240 0.005000 0.007812
0 0.394375 0.684115 0.006250 0.007812
0 0.377875 0.694792 0.007750 0.007292
0 0.378500 0.688542 0.006500 0.006250
0 0.351875 0.696094 0.006750 0.007812
0 0.357750 0.710677 0.005500 0.004687
0 0.358250 0.705990 0.006500 0.004687
0 0.370250 0.727344 0.006500 0.009896
0 0.344375 0.707552 0.005750 0.013021
0 0.339625 0.708594 0.005250 0.006771
0 0.337000 0.725260 0.003500 0.013021
0 0.300125 0.758854 0.006750 0.005208
0 0.300375 0.764062 0.007250 0.005208
0 0.305750 0.815365 0.004500 0.008854
0 0.308000 0.810417 0.003500 0.010417
0 0.341250 0.805469 0.006500 0.006771
0 0.341500 0.801042 0.005000 0.007292
0 0.348750 0.779427 0.005000 0.010937
0 0.385250 0.736979 0.005000 0.009375
0 0.392375 0.729688 0.007250 0.008333
0 0.420375 0.707292 0.006750 0.007292
0 0.427750 0.716406 0.005000 0.008854
0 0.427125 0.713021 0.006750 0.008333
0 0.441125 0.694792 0.006250 0.007292
0 0.441625 0.691146 0.004750 0.006250
0 0.462625 0.679948 0.007250 0.009896
0 0.524875 0.486198 0.005250 0.009896
0 0.523750 0.483594 0.004000 0.006771
0 0.461000 0.453125 0.005500 0.009375
0 0.512000 0.352083 0.005500 0.012500
0 0.498375 0.338802 0.007250 0.006771
0 0.497000 0.334635 0.006000 0.005729
0 0.494125 0.329688 0.005750 0.008333
0 0.474500 0.296094 0.003000 0.009896
0 0.477000 0.295573 0.003500 0.013021
0 0.460125 0.285677 0.005750 0.010937
0 0.457000 0.288281 0.007000 0.013021
0 0.455500 0.294271 0.003500 0.012500
0 0.432500 0.277865 0.003500 0.011979
0 0.434000 0.272917 0.005000 0.012500
0 0.435625 0.272135 0.003750 0.010937
0 0.432000 0.258073 0.008000 0.008854
0 0.433125 0.247396 0.004750 0.013542
0 0.418375 0.252865 0.007750 0.010937
0 0.404875 0.255990 0.006750 0.009896
0 0.396000 0.238281 0.007500 0.015104
0 0.427750 0.234115 0.005500 0.014063
0 0.425500 0.232552 0.004000 0.009896
0 0.425625 0.219792 0.004250 0.015625
0 0.416500 0.218229 0.005500 0.011458
0 0.418250 0.215625 0.005500 0.012500
0 0.419625 0.212760 0.004750 0.011979
0 0.414500 0.205729 0.003500 0.014583
0 0.409750 0.201823 0.007000 0.014063
0 0.391375 0.173958 0.007750 0.013542
0 0.362875 0.154167 0.006750 0.011458
0 0.350125 0.160938 0.004750 0.013542
0 0.353125 0.160677 0.005750 0.010937
0 0.353000 0.129427 0.005000 0.015104
0 0.360625 0.112240 0.005750 0.016146
0 0.356125 0.120052 0.007250 0.008854
0 0.355375 0.115625 0.006750 0.007292
0 0.350250 0.100000 0.006500 0.016667
0 0.330000 0.117188 0.007500 0.012500
0 0.333375 0.108333 0.007250 0.012500
0 0.331000 0.098958 0.008500 0.010417
0 0.321375 0.113802 0.007250 0.015104
0 0.315125 0.100781 0.006750 0.014063
0 0.310125 0.104948 0.004250 0.011979
0 0.308375 0.097396 0.006750 0.007292
0 0.306125 0.127604 0.006250 0.015625
0 0.288875 0.101042 0.007250 0.013542
0 0.248000 0.034896 0.008000 0.013542
0 0.269250 0.050781 0.004000 0.013021
0 0.271500 0.050781 0.004500 0.015104
0 0.273875 0.050781 0.004250 0.013021
0 0.286375 0.023698 0.007750 0.005729
0 0.285750 0.017708 0.008000 0.008333
0 0.287625 0.010937 0.007250 0.014583
0 0.311750 0.042969 0.005500 0.013021
0 0.362875 0.090365 0.008250 0.010937
0 0.400000 0.110677 0.005000 0.017188
0 0.410125 0.102344 0.005750 0.015104
0 0.414625 0.100000 0.003750 0.010417
0 0.386375 0.131250 0.005250 0.006250
0 0.385375 0.124740 0.007750 0.008854
0 0.418375 0.152344 0.006750 0.017188
0 0.426000 0.144271 0.004000 0.013542
0 0.433875 0.172656 0.006250 0.016146
0 0.428625 0.194531 0.006250 0.010937
0 0.472500 0.247396 0.006000 0.010417
0 0.469750 0.260156 0.006500 0.014063
0 0.574875 0.147396 0.005750 0.013542
0 0.563125 0.096615 0.007750 0.013021
