0 0.097656 0.471000 0.009896 0.005500
0 0.155469 0.438625 0.010937 0.004750
0 0.159896 0.433250 0.009375 0.005000
0 0.176823 0.436750 0.009896 0.006000
0 0.177344 0.441750 0.006771 0.003000
0 0.232813 0.517000 0.007292 0.004500
0 0.229427 0.515750 0.005729 0.003500
0 0.239583 0.490750 0.015625 0.007000
0 0.280208 0.454750 0.006250 0.005500
0 0.222135 0.451125 0.013021 0.007250
0 0.277083 0.436625 0.010417 0.004750
0 0.282292 0.431250 0.009375 0.003000
0 0.284115 0.432875 0.010937 0.004250
0 0.352604 0.411250 0.008333 0.006000
0 0.332552 0.398000 0.005729 0.003000
0 0.335156 0.395750 0.007812 0.003500
0 0.363542 0.383750 0.010417 0.006000
0 0.378125 0.369250 0.009375 0.005500
0 0.301563 0.376125 0.012500 0.005750
0 0.288802 0.364500 0.013021 0.006000
0 0.373958 0.358250 0.008333 0.006500
0 0.364323 0.348625 0.011979 0.006250
0 0.357031 0.341375 0.014063 0.006250
0 0.372396 0.334875 0.018750 0.009250
0 0.576042 0.145000 0.013542 0.007500
0 0.506771 0.161000 0.013542 0.006500
0 0.605990 0.198000 0.015104 0.006000
0 0.363281 0.245375 0.013021 0.007250
0 0.519271 0.272125 0.009375 0.005250
0 0.509896 0.277750 0.009375 0.006500
0 0.373698 0.314750 0.010937 0.005000
0 0.385937 0.316625 0.010417 0.005250
0 0.326823 0.538250 0.010937 0.004000
0 0.414062 0.514375 0.010417 0.004250
0 0.476042 0.487500 0.013542 0.004000
0 0.526042 0.476875 0.011458 0.003250
0 0.525521 0.474750 0.011458 0.002500
0 0.573698 0.464375 0.009896 0.002750
0 0.572656 0.461875 0.011979 0.002750
0 0.546094 0.454625 0.009896 0.003250
0 0.549740 0.452000 0.011979 0.003500
0 0.587240 0.458125 0.010937 0.004250
0 0.589323 0.454250 0.009896 0.004000
0 0.588021 0.450750 0.010417 0.003500
0 0.648438 0.452500 0.012500 0.005500
0 0.591667 0.433750 0.013542 0.005000
0 0.717448 0.428500 0.014063 0.007500
0 0.714844 0.410875 0.013021 0.005250
0 0.856771 0.373375 0.010417 0.004750
0 0.852604 0.368125 0.011458 0.004250
0 0.876823 0.370500 0.015104 0.004500
0 0.988021 0.422750 0.009375 0.004000
0 0.958854 0.427500 0.008333 0.005000
0 0.889323 0.428750 0.009896 0.004000
0 0.889323 0.401250 0.010937 0.002500
0 0.888281 0.403375 0.010937 0.002750
0 0.689583 0.461875 0.009375 0.003750
0 0.721615 0.449500 0.014063 0.004500
0 0.704688 0.456500 0.008333 0.007000
0 0.540365 0.484625 0.009896 0.003250
0 0.524479 0.487375 0.009375 0.002250
0 0.225000 0.583250 0.010417 0.004000
0 0.231250 0.585375 0.010417 0.004250
0 0.284896 0.572500 0.014583 0.003500
0 0.360417 0.588250 0.013542 0.004000
0 0.362240 0.575500 0.011979 0.005000
0 0.348958 0.574750 0.010417 0.006000
0 0.379688 0.599125 0.009375 0.003750
0 0.378385 0.597375 0.010937 0.003750
0 0.409115 0.583375 0.009896 0.005250
0 0.426823 0.582875 0.013021 0.004750
0 0.447656 0.570750 0.007812 0.005000
0 0.506250 0.591500 0.012500 0.004000
0 0.488021 0.563250 0.011458 0.003500
0 0.489323 0.561125 0.010937 0.002750
0 0.545052 0.564500 0.014063 0.005000
0 0.548958 0.562375 0.007292 0.004250
0 0.552083 0.574875 0.016667 0.006250
0 0.561458 0.580875 0.010417 0.003750
0 0.560417 0.578875 0.009375 0.003250
0 0.597135 0.600125 0.011979 0.005750
0 0.621354 0.598875 0.009375 0.004750
0 0.624479 0.594500 0.006250 0.005500
0 0.613802 0.593625 0.009896 0.003250
0 0.631510 0.589125 0.010937 0.003250
0 0.639323 0.599375 0.011979 0.003750
0 0.645312 0.596875 0.010417 0.003750
0 0.639583 0.602875 0.012500 0.004250
0 0.631250 0.597750 0.010417 0.003500
0 0.641927 0.583000 0.009896 0.002000
0 0.643229 0.585250 0.011458 0.002500
0 0.728906 0.590125 0.011979 0.003750
0 0.733333 0.594375 0.011458 0.003750
0 0.770312 0.604875 0.010417 0.002250
0 0.770833 0.603125 0.010417 0.002250
0 0.791927 0.604875 0.010937 0.002250
0 0.790625 0.602875 0.011458 0.002250
0 0.819531 0.600250 0.011979 0.003500
0 0.962240 0.592000 0.009896 0.004500
0 0.976302 0.611250 0.005729 0.006000
0 0.992969 0.661375 0.008854 0.005750
0 0.871615 0.641000 0.009896 0.003000
0 0.871875 0.639250 0.011458 0.002500
0 0.768490 0.628125 0.010937 0.005250
0 0.737240 0.629500 0.010937 0.005000
0 0.709115 0.626750 0.011979 0.005000
0 0.589583 0.621625 0.009375 0.005750
0 0.554688 0.645000 0.011458 0.005000
0 0.283333 0.612250 0.006250 0.007000
0 0.276302 0.613750 0.003646 0.005500
0 0.272656 0.613750 0.004687 0.006500
0 0.256510 0.633125 0.009896 0.004750
0 0.277344 0.633625 0.008854 0.005750
0 0.402083 0.683750 0.008333 0.008000
0 0.328385 0.679250 0.008854 0.004500
0 0.335417 0.679125 0.006250 0.005250
0 0.338281 0.678250 0.009896 0.005500
0 0.327083 0.698875 0.012500 0.006750
0 0.350521 0.713750 0.010417 0.006500
0 0.366406 0.706500 0.007812 0.005500
0 0.368229 0.705125 0.007292 0.004250
0 0.388802 0.713500 0.007812 0.007000
0 0.392188 0.721375 0.005208 0.005250
0 0.395052 0.720000 0.009896 0.005000
0 0.421354 0.732500 0.011458 0.007500
0 0.371094 0.735000 0.014063 0.007500
0 0.375000 0.749250 0.010417 0.005500
0 0.395052 0.762250 0.010937 0.005000
0 0.456771 0.773375 0.008333 0.007250
0 0.463281 0.773375 0.004687 0.006250
0 0.475781 0.772625 0.007812 0.006250
0 0.447135 0.785250 0.011979 0.004000
0 0.492969 0.800500 0.015104 0.006000
0 0.512240 0.820375 0.011979 0.005250
0 0.653385 0.914875 0.010937 0.006750
0 0.488802 0.754625 0.007812 0.006250
0 0.494271 0.755125 0.008333 0.006750
0 0.458594 0.683250 0.010937 0.002500
0 0.458073 0.680750 0.014063 0.002500
0 0.183854 0.404500 0.009375 0.005500
0 0.140365 0.399875 0.005729 0.006250
0 0.129688 0.384625 0.008333 0.005250
0 0.161198 0.392500 0.013021 0.007000
0 0.161198 0.340375 0.008854 0.004250
0 0.168750 0.341375 0.008333 0.005750
0 0.187500 0.325750 0.013542 0.005000
0 0.333333 0.910375 0.016667 0.009250
0 0.948177 0.245500 0.014063 0.005500
