0 0.003906 0.435125 0.007812 0.006250
0 0.018750 0.419625 0.008333 0.006750
0 0.023958 0.419000 0.009375 0.006500
0 0.041146 0.415750 0.008333 0.006500
0 0.035156 0.414500 0.011979 0.006000
0 0.036719 0.407250 0.011979 0.007500
0 0.052865 0.396000 0.018229 0.004000
0 0.051302 0.389750 0.010937 0.008000
0 0.092448 0.391875 0.006771 0.007250
0 0.088281 0.380625 0.017188 0.005250
0 0.109635 0.378625 0.016146 0.004250
0 0.107812 0.386250 0.014583 0.008000
0 0.083073 0.388375 0.016146 0.008250
0 0.135156 0.374125 0.014063 0.007250
0 0.125521 0.365250 0.011458 0.008000
0 0.170833 0.357125 0.018750 0.006250
0 0.055990 0.335000 0.016146 0.009500
0 0.240365 0.368000 0.009896 0.008000
0 0.229948 0.390750 0.010937 0.005500
0 0.225260 0.405875 0.011979 0.009250
0 0.202604 0.412625 0.013542 0.008750
0 0.200521 0.433625 0.012500 0.009750
0 0.236719 0.420000 0.007812 0.007000
0 0.230990 0.420000 0.008854 0.008000
0 0.233073 0.415875 0.006771 0.005250
0 0.227083 0.446500 0.011458 0.007500
0 0.189062 0.447250 0.020833 0.007500
0 0.172396 0.449625 0.014583 0.008250
0 0.222656 0.461875 0.013021 0.006750
0 0.244010 0.451250 0.007812 0.007500
0 0.225521 0.452250 0.011458 0.004500
0 0.237240 0.453250 0.006771 0.004000
0 0.232813 0.459750 0.005208 0.007500
0 0.238021 0.460250 0.005208 0.006500
0 0.225781 0.480500 0.009896 0.007500
0 0.238281 0.480250 0.011979 0.007000
0 0.237240 0.475250 0.014063 0.004500
0 0.217708 0.502625 0.007292 0.006750
0 0.224740 0.499375 0.014063 0.004750
0 0.233073 0.506750 0.011979 0.007000
0 0.118750 0.546500 0.014583 0.005000
0 0.181250 0.550625 0.006250 0.006750
0 0.187240 0.550375 0.007812 0.007750
0 0.167187 0.585125 0.019792 0.004750
0 0.215625 0.574500 0.011458 0.009000
0 0.011198 0.602625 0.015104 0.008750
0 0.140625 0.658500 0.014583 0.005500
0 0.162240 0.696000 0.006771 0.007500
0 0.156250 0.696500 0.006250 0.007500
0 0.239323 0.766500 0.008854 0.006500
0 0.255469 0.631500 0.007812 0.006000
0 0.250521 0.630625 0.008333 0.006750
0 0.533594 0.781250 0.015104 0.007000
0 0.533854 0.760500 0.007292 0.006500
0 0.527604 0.760125 0.005208 0.005250
0 0.478385 0.747375 0.013021 0.007250
0 0.397396 0.712250 0.011458 0.007000
0 0.369792 0.709000 0.013542 0.006000
0 0.445833 0.705500 0.005208 0.007000
0 0.452083 0.705375 0.006250 0.007250
0 0.533594 0.694125 0.011979 0.010250
0 0.559896 0.698875 0.016667 0.007750
0 0.582552 0.704375 0.018229 0.008250
0 0.536719 0.678625 0.008854 0.008750
0 0.616927 0.671625 0.010937 0.005750
0 0.640104 0.671500 0.013542 0.005500
0 0.433854 0.646875 0.016667 0.005750
0 0.394271 0.649500 0.010417 0.008000
0 0.429167 0.666750 0.011458 0.007500
0 0.434115 0.672375 0.010937 0.006250
0 0.438021 0.671375 0.010417 0.005250
0 0.470833 0.640000 0.020833 0.010500
0 0.429167 0.625375 0.016667 0.006250
0 0.392448 0.623875 0.009896 0.007750
0 0.329167 0.641375 0.018750 0.007250
0 0.407812 0.608250 0.010417 0.008000
0 0.367708 0.558750 0.015625 0.006500
0 0.320312 0.561500 0.008333 0.009500
0 0.313542 0.561625 0.006250 0.007250
0 0.395573 0.560625 0.014063 0.007250
0 0.414062 0.553625 0.007292 0.005750
0 0.409635 0.554125 0.008854 0.007250
0 0.295052 0.371000 0.011979 0.008500
0 0.298698 0.389000 0.018229 0.005000
0 0.298698 0.405375 0.011979 0.006750
0 0.312500 0.408375 0.012500 0.007750
0 0.319010 0.419375 0.007812 0.007250
0 0.323437 0.416875 0.009375 0.007750
0 0.346094 0.410000 0.008854 0.008000
0 0.346354 0.404750 0.011458 0.004500
0 0.358333 0.410500 0.008333 0.006500
0 0.359635 0.416000 0.009896 0.005500
0 0.368750 0.408000 0.010417 0.006500
0 0.369010 0.435500 0.013021 0.005500
0 0.339844 0.439000 0.015104 0.006500
0 0.386198 0.444125 0.017188 0.004250
0 0.394010 0.449000 0.015104 0.004000
0 0.380469 0.456125 0.010937 0.006250
0 0.376042 0.451250 0.012500 0.005500
0 0.358594 0.462750 0.010937 0.007000
0 0.346094 0.464875 0.009896 0.007750
0 0.330990 0.468375 0.015104 0.005750
0 0.335417 0.474500 0.012500 0.005500
0 0.309375 0.497625 0.009375 0.007750
0 0.386198 0.464750 0.005729 0.008000
0 0.390885 0.462875 0.005729 0.005750
0 0.395052 0.466000 0.008854 0.007000
0 0.396354 0.482625 0.012500 0.007250
0 0.447917 0.480750 0.014583 0.004000
0 0.403646 0.495000 0.011458 0.007500
0 0.425781 0.503000 0.009896 0.008500
0 0.409375 0.503000 0.005208 0.008000
0 0.417969 0.505375 0.004687 0.006250
0 0.413542 0.505875 0.006250 0.006250
0 0.391927 0.515750 0.009896 0.006000
0 0.385156 0.508500 0.009896 0.006500
0 0.376042 0.510500 0.012500 0.005500
0 0.439323 0.542125 0.007812 0.006750
0 0.432292 0.535375 0.011458 0.005750
0 0.436198 0.532875 0.005729 0.003250
0 0.444010 0.525625 0.008854 0.004750
0 0.440625 0.523875 0.010417 0.004250
0 0.492708 0.546625 0.013542 0.003750
0 0.519792 0.607250 0.012500 0.008000
0 0.589844 0.615625 0.014063 0.007250
0 0.442188 0.362250 0.014583 0.006000
0 0.418490 0.369750 0.015104 0.005500
0 0.420052 0.375375 0.006771 0.007250
0 0.409896 0.376250 0.013542 0.004000
0 0.448437 0.377500 0.017708 0.003500
0 0.447917 0.383250 0.016667 0.005000
0 0.444271 0.388000 0.016667 0.003500
0 0.442188 0.391125 0.013542 0.003250
0 0.475781 0.392125 0.006771 0.007250
0 0.436458 0.424375 0.012500 0.006750
0 0.434115 0.430125 0.019271 0.004750
0 0.476562 0.440000 0.014583 0.005500
0 0.485937 0.457250 0.011458 0.008000
0 0.811979 0.582875 0.015625 0.005250
0 0.769271 0.568625 0.006250 0.006250
0 0.775000 0.568125 0.007292 0.006250
0 0.658333 0.549875 0.013542 0.003750
0 0.668750 0.547625 0.011458 0.003750
0 0.760156 0.523250 0.008854 0.007000
0 0.765625 0.517750 0.009375 0.006000
0 0.700781 0.493500 0.007812 0.005500
0 0.694010 0.496875 0.009896 0.006750
0 0.616667 0.496750 0.014583 0.003500
0 0.617188 0.494000 0.013542 0.003500
0 0.600521 0.478000 0.014583 0.004500
0 0.692187 0.473750 0.015625 0.004000
0 0.682552 0.468625 0.014063 0.004750
0 0.658333 0.462500 0.012500 0.006000
0 0.560677 0.461000 0.017188 0.007500
0 0.599479 0.446250 0.013542 0.004500
0 0.613281 0.439000 0.017188 0.005500
0 0.563802 0.433500 0.016146 0.004500
0 0.557813 0.437750 0.010417 0.006000
0 0.558333 0.446750 0.010417 0.006500
0 0.562240 0.444875 0.006771 0.005750
0 0.584375 0.444750 0.007292 0.007000
0 0.589063 0.443875 0.006250 0.005750
0 0.542969 0.437250 0.009896 0.006500
0 0.532552 0.422750 0.010937 0.007500
0 0.545052 0.421125 0.007812 0.007750
0 0.554167 0.418125 0.012500 0.006250
0 0.523177 0.405375 0.008854 0.008250
0 0.493229 0.409750 0.009375 0.008000
0 0.491667 0.378250 0.015625 0.004500
0 0.527083 0.374000 0.010417 0.006000
0 0.528646 0.393375 0.014583 0.005250
0 0.528385 0.389250 0.014063 0.004500
0 0.530729 0.387500 0.011458 0.004000
0 0.536719 0.386250 0.007812 0.006500
0 0.540625 0.385500 0.007292 0.005000
0 0.567448 0.393750 0.015104 0.004000
0 0.561458 0.407375 0.014583 0.006750
0 0.626302 0.431625 0.011979 0.006750
0 0.648438 0.430875 0.010417 0.007750
0 0.613021 0.418875 0.008333 0.006750
0 0.616146 0.418375 0.009375 0.005250
0 0.691927 0.438125 0.013021 0.004250
0 0.659375 0.445125 0.010417 0.005750
0 0.661719 0.443500 0.009896 0.003500
0 0.442448 0.342375 0.009896 0.003750
0 0.650260 0.369625 0.007812 0.002750
0 0.659635 0.371000 0.009896 0.004000
0 0.679167 0.389125 0.012500 0.004750
0 0.963021 0.291375 0.014583 0.009750
