0 0.245052 0.411250 0.008854 0.005000
0 0.237240 0.413375 0.005729 0.005250
0 0.230208 0.422375 0.006250 0.005750
0 0.238021 0.385375 0.011458 0.004750
0 0.261458 0.387875 0.006250 0.005250
0 0.261979 0.383500 0.006250 0.004000
0 0.266927 0.379875 0.006771 0.006250
0 0.274740 0.350375 0.006771 0.005750
0 0.306510 0.330000 0.010937 0.005000
0 0.295312 0.321375 0.010417 0.005250
0 0.316667 0.296375 0.009375 0.004750
0 0.274740 0.295875 0.013021 0.005250
0 0.298958 0.271875 0.013542 0.005750
0 0.235156 0.489875 0.009896 0.003750
0 0.232031 0.486500 0.013021 0.003500
0 0.294792 0.468000 0.012500 0.004000
0 0.308594 0.450375 0.010937 0.003750
0 0.372917 0.450500 0.009375 0.005000
0 0.353906 0.438125 0.010937 0.003750
0 0.402083 0.409750 0.007292 0.004000
0 0.455208 0.443000 0.007292 0.004000
0 0.503125 0.399500 0.012500 0.007000
0 0.516146 0.388375 0.012500 0.004250
0 0.545312 0.366750 0.008333 0.004000
0 0.547396 0.377625 0.013542 0.004750
0 0.565625 0.380500 0.011458 0.004500
0 0.606771 0.355000 0.012500 0.004500
0 0.742708 0.329625 0.011458 0.003750
0 0.762760 0.315000 0.013021 0.005000
0 0.217969 0.509000 0.011979 0.004500
0 0.366927 0.499625 0.013021 0.004750
0 0.426823 0.497625 0.011979 0.006250
0 0.522656 0.504125 0.014063 0.004750
0 0.556771 0.501125 0.008333 0.005750
0 0.531771 0.488250 0.012500 0.005000
0 0.550521 0.487125 0.012500 0.004750
0 0.568490 0.487875 0.010937 0.004250
0 0.586719 0.483125 0.009896 0.004750
0 0.602865 0.483875 0.011979 0.004250
0 0.620313 0.483750 0.011458 0.004500
0 0.665625 0.478750 0.010417 0.004000
0 0.665365 0.476000 0.010937 0.003500
0 0.654948 0.465500 0.009896 0.003500
0 0.694531 0.465375 0.015104 0.004250
0 0.701042 0.476250 0.009375 0.006000
0 0.760938 0.468625 0.004167 0.006250
0 0.764844 0.468875 0.003646 0.004750
0 0.946615 0.449500 0.009896 0.005000
0 0.766406 0.505125 0.010937 0.005250
0 0.719531 0.504875 0.010937 0.004750
0 0.329948 0.585375 0.010937 0.006250
0 0.331510 0.579500 0.009896 0.005000
0 0.342448 0.574125 0.010937 0.005750
0 0.377344 0.600250 0.007812 0.005500
0 0.392969 0.600125 0.014063 0.003750
0 0.449219 0.620250 0.008854 0.005500
0 0.450781 0.618875 0.009896 0.003750
0 0.555469 0.656000 0.008854 0.004000
0 0.551562 0.652375 0.011458 0.004250
0 0.552865 0.651125 0.009896 0.003250
0 0.714583 0.713625 0.012500 0.005750
0 0.187240 0.527875 0.011979 0.004750
0 0.186979 0.640125 0.013542 0.005250
0 0.213542 0.655625 0.012500 0.004750
0 0.760938 0.372000 0.011458 0.003500
