0 0.239583 0.564125 0.010417 0.006250
0 0.253125 0.558375 0.010417 0.004250
0 0.328906 0.555125 0.014063 0.006250
0 0.318229 0.533750 0.010417 0.004000
0 0.361198 0.523750 0.013021 0.005500
0 0.360156 0.519125 0.009896 0.003250
0 0.359896 0.516500 0.014583 0.003500
0 0.367969 0.503750 0.010937 0.006000
0 0.394271 0.488625 0.014583 0.005750
0 0.445052 0.511125 0.015104 0.004750
0 0.416667 0.468250 0.010417 0.006000
0 0.409375 0.474750 0.009375 0.004000
0 0.414844 0.474875 0.007812 0.003750
0 0.422656 0.473625 0.009896 0.005250
0 0.470833 0.438375 0.006250 0.005750
0 0.464062 0.439875 0.007292 0.004250
0 0.487240 0.424500 0.013021 0.005500
0 0.501563 0.415750 0.010417 0.006500
0 0.434635 0.440250 0.007812 0.004000
0 0.428125 0.439125 0.006250 0.006750
0 0.384896 0.450625 0.008333 0.007250
0 0.381771 0.448875 0.010417 0.005250
0 0.422656 0.444500 0.008854 0.003000
0 0.422135 0.442250 0.009896 0.002500
0 0.380469 0.473375 0.007812 0.005750
0 0.382812 0.469500 0.009375 0.003000
0 0.394010 0.465750 0.004687 0.005500
0 0.391406 0.465125 0.005729 0.004250
0 0.385417 0.466500 0.007292 0.004500
0 0.381771 0.463625 0.010417 0.006250
0 0.378906 0.461500 0.010937 0.006000
0 0.350781 0.488375 0.011979 0.005750
0 0.349740 0.485375 0.005729 0.005250
0 0.346094 0.484875 0.008854 0.005750
0 0.291146 0.533125 0.014583 0.005250
0 0.318229 0.511250 0.006250 0.007000
0 0.323437 0.511125 0.006250 0.005750
0 0.605469 0.427125 0.005729 0.006750
0 0.598958 0.426375 0.007292 0.005250
0 0.604688 0.440500 0.009375 0.005500
0 0.619271 0.454875 0.006250 0.005750
0 0.597917 0.461500 0.010417 0.003000
0 0.602604 0.465375 0.009375 0.005750
0 0.591146 0.472500 0.010417 0.005000
0 0.594792 0.476625 0.008333 0.007250
0 0.602344 0.479250 0.007812 0.007000
0 0.587760 0.485375 0.009896 0.004750
0 0.585156 0.494500 0.009896 0.003500
0 0.586719 0.499125 0.010937 0.006250
0 0.559635 0.515375 0.010937 0.007750
0 0.591406 0.508500 0.009896 0.004000
0 0.598177 0.504750 0.006771 0.006000
0 0.594792 0.502625 0.005208 0.004750
0 0.601823 0.456375 0.009896 0.006250
0 0.604167 0.450375 0.008333 0.005250
0 0.600260 0.451375 0.005729 0.004250
0 0.647656 0.477125 0.011979 0.004250
0 0.644010 0.514500 0.011979 0.004500
0 0.615625 0.523750 0.012500 0.005500
0 0.599219 0.525375 0.008854 0.005750
0 0.592969 0.528125 0.007812 0.006250
0 0.587760 0.534000 0.015104 0.003500
0 0.594792 0.515250 0.006250 0.006500
0 0.589844 0.515000 0.005729 0.005000
0 0.594010 0.542500 0.009896 0.007000
0 0.595313 0.551375 0.009375 0.006750
0 0.608333 0.548750 0.007292 0.006500
0 0.617969 0.554250 0.014063 0.004500
0 0.627083 0.555125 0.004167 0.005750
0 0.630208 0.554625 0.003125 0.006750
0 0.634896 0.554875 0.006250 0.005750
0 0.608333 0.575875 0.014583 0.005750
0 0.590104 0.577125 0.013542 0.004250
0 0.578906 0.579750 0.011979 0.004500
0 0.574740 0.568375 0.008854 0.004250
0 0.575781 0.564000 0.007812 0.005000
0 0.574219 0.562500 0.007812 0.004500
0 0.565885 0.567250 0.008854 0.004500
0 0.567448 0.563000 0.004687 0.004500
0 0.563281 0.562875 0.005729 0.003750
0 0.558073 0.562125 0.006771 0.004250
0 0.539583 0.577875 0.007292 0.005750
0 0.603385 0.587125 0.011979 0.006250
0 0.569010 0.600625 0.009896 0.007250
0 0.540104 0.608750 0.010417 0.003500
0 0.532552 0.606125 0.006771 0.006750
0 0.584115 0.611750 0.008854 0.006000
0 0.632031 0.615375 0.016146 0.005250
0 0.594010 0.626125 0.009896 0.007750
0 0.567448 0.625250 0.014063 0.005500
0 0.535677 0.641250 0.008854 0.008000
0 0.572917 0.648125 0.013542 0.006250
0 0.621615 0.646875 0.011979 0.003250
0 0.622396 0.649750 0.010417 0.003000
0 0.534115 0.666500 0.008854 0.005000
0 0.534115 0.662250 0.006771 0.005500
0 0.529948 0.661875 0.007812 0.005750
0 0.538542 0.747625 0.013542 0.004750
0 0.756771 0.424250 0.010417 0.004500
0 0.749479 0.423875 0.007292 0.005750
0 0.745833 0.422750 0.006250 0.005000
0 0.757292 0.452375 0.008333 0.005750
0 0.795833 0.480250 0.010417 0.005000
0 0.812240 0.494250 0.013021 0.005500
0 0.834635 0.513375 0.009896 0.006250
0 0.868750 0.547250 0.012500 0.005500
0 0.881250 0.554250 0.010417 0.005500
0 0.917708 0.542500 0.012500 0.005000
0 0.905208 0.562500 0.009375 0.004500
0 0.908073 0.561000 0.010937 0.005000
0 0.785156 0.370625 0.007812 0.007250
0 0.774740 0.380125 0.009896 0.004750
0 0.797135 0.368500 0.013021 0.005000
0 0.798698 0.365125 0.010937 0.004750
0 0.855469 0.356250 0.013021 0.004000
0 0.827083 0.380000 0.006250 0.006000
0 0.821094 0.380500 0.006771 0.006000
0 0.830729 0.390500 0.012500 0.004500
0 0.835417 0.396500 0.009375 0.005000
0 0.835156 0.402375 0.008854 0.004750
0 0.804427 0.395000 0.010937 0.004500
0 0.869792 0.386625 0.010417 0.005250
0 0.872135 0.400250 0.013021 0.004000
0 0.903125 0.401250 0.007292 0.005000
0 0.935417 0.394625 0.014583 0.005250
0 0.883854 0.399750 0.009375 0.004500
0 0.881771 0.403750 0.012500 0.003500
0 0.881510 0.407500 0.011979 0.003500
0 0.883854 0.411000 0.009375 0.003500
0 0.894271 0.406000 0.007292 0.002500
0 0.892448 0.404500 0.010937 0.003500
0 0.171615 0.277250 0.011979 0.004500
0 0.217448 0.242875 0.009896 0.005750
0 0.233073 0.249000 0.007812 0.006000
0 0.331250 0.286250 0.008333 0.004000
