0 0.689323 0.643000 0.032813 0.011500
0 0.688542 0.644875 0.025000 0.013250
0 0.604427 0.626375 0.034896 0.010750
0 0.598177 0.619875 0.029687 0.010750
0 0.589583 0.611250 0.023958 0.006500
0 0.478646 0.606250 0.014583 0.008500
0 0.455469 0.603250 0.022396 0.011500
0 0.436719 0.601375 0.023438 0.007750
0 0.526563 0.591500 0.027083 0.013000
0 0.554427 0.602500 0.023438 0.012000
0 0.576562 0.597000 0.025000 0.026000
0 0.582031 0.599250 0.033854 0.014000
0 0.604948 0.590250 0.018229 0.011500
0 0.386979 0.503250 0.023958 0.010500
0 0.424740 0.505250 0.031771 0.013000
0 0.327865 0.540250 0.030729 0.018000
0 0.345573 0.538875 0.024479 0.009750
0 0.470052 0.487125 0.033854 0.021250
0 0.475781 0.488625 0.049479 0.010250
0 0.503646 0.461750 0.037500 0.013000
0 0.585677 0.440250 0.020313 0.012500
0 0.606510 0.431250 0.019271 0.012000
0 0.658594 0.434750 0.032813 0.011500
0 0.839323 0.407375 0.016146 0.010750
0 0.891406 0.447875 0.018229 0.010250
0 0.142708 0.439125 0.025000 0.011250
0 0.245573 0.457125 0.044271 0.015750
0 0.232813 0.457125 0.053125 0.014750
0 0.279427 0.413250 0.044271 0.018500
0 0.378906 0.404125 0.034896 0.008750
0 0.358594 0.384500 0.023438 0.007500
0 0.401042 0.380500 0.025000 0.017000
0 0.416406 0.380250 0.021354 0.013000
0 0.483854 0.385875 0.025000 0.010250
0 0.435156 0.368500 0.031771 0.017500
0 0.430990 0.366625 0.034896 0.019750
0 0.531250 0.364125 0.025000 0.015750
0 0.455990 0.309250 0.021354 0.011500
0 0.276042 0.325875 0.023958 0.009750
0 0.248177 0.311125 0.031771 0.010750
0 0.222656 0.353000 0.032813 0.012000
