0 0.387250 0.083594 0.015000 0.028646
0 0.298000 0.202604 0.016500 0.025000
0 0.288750 0.240625 0.015000 0.027083
0 0.281875 0.239844 0.012750 0.033854
0 0.257625 0.221875 0.015750 0.031250
0 0.243375 0.148438 0.012750 0.038542
0 0.250125 0.284375 0.012250 0.034375
0 0.262625 0.294271 0.017250 0.041667
0 0.311875 0.238281 0.011250 0.033854
0 0.325875 0.308073 0.017750 0.040104
0 0.385750 0.317969 0.013500 0.026562
0 0.202500 0.572396 0.020000 0.032292
0 0.198625 0.575521 0.017750 0.023958
0 0.263375 0.582031 0.014250 0.033854
0 0.289500 0.593229 0.013500 0.029167
0 0.288625 0.596094 0.015250 0.029687
0 0.300125 0.514844 0.013750 0.025521
0 0.299250 0.518229 0.010000 0.021875
0 0.332500 0.491927 0.013000 0.018229
0 0.397250 0.623177 0.010500 0.021354
0 0.360875 0.742448 0.019250 0.022396
0 0.445625 0.843490 0.010750 0.023438
0 0.444500 0.859115 0.009500 0.022396
0 0.445625 0.876302 0.010750 0.022396
0 0.448125 0.860156 0.011250 0.021354
