0 0.185500 0.223958 0.004500 0.014583
0 0.285125 0.424479 0.005250 0.007292
0 0.285125 0.419010 0.006250 0.005729
0 0.291500 0.321094 0.004500 0.011979
0 0.292750 0.319792 0.004000 0.010417
0 0.288250 0.274740 0.007000 0.013021
0 0.226250 0.199740 0.007000 0.009896
0 0.250250 0.163802 0.004500 0.014063
0 0.252250 0.155729 0.004500 0.011458
0 0.228875 0.085677 0.006250 0.008854
0 0.221125 0.044531 0.003750 0.014063
0 0.225125 0.045833 0.004250 0.015625
0 0.352125 0.374740 0.003750 0.005729
0 0.351500 0.370052 0.005500 0.005729
0 0.347875 0.226823 0.004750 0.015104
0 0.343500 0.227604 0.004500 0.012500
0 0.373750 0.109635 0.007000 0.008854
0 0.392125 0.024219 0.004750 0.016146
0 0.698750 0.112760 0.006500 0.011979
0 0.645875 0.059375 0.004250 0.014583
0 0.548125 0.262760 0.004250 0.013021
0 0.522625 0.279427 0.007750 0.010937
0 0.472750 0.283854 0.007000 0.011458
0 0.488875 0.321354 0.006750 0.014583
0 0.479125 0.336458 0.003750 0.007292
0 0.480500 0.333594 0.006000 0.008854
0 0.450375 0.381771 0.003250 0.009375
0 0.364000 0.453385 0.008000 0.011979
0 0.371875 0.441927 0.006750 0.008854
0 0.379125 0.509115 0.005750 0.009896
0 0.380500 0.504687 0.005000 0.009375
0 0.406375 0.517448 0.006250 0.007812
0 0.407500 0.512240 0.006000 0.006771
0 0.416500 0.519271 0.007500 0.009375
0 0.420500 0.538281 0.007000 0.009896
0 0.434750 0.502083 0.003000 0.011458
0 0.432625 0.501563 0.003250 0.013542
0 0.486375 0.531250 0.004250 0.006250
0 0.489875 0.528906 0.006250 0.006771
0 0.481500 0.533594 0.004500 0.005729
0 0.481750 0.529687 0.005500 0.007292
0 0.515375 0.525260 0.003750 0.016146
0 0.510250 0.521875 0.002000 0.011458
0 0.512125 0.522656 0.002250 0.014063
0 0.515250 0.494010 0.005500 0.013021
0 0.525125 0.494531 0.004750 0.016146
0 0.533125 0.487240 0.004750 0.013021
0 0.556250 0.525000 0.005500 0.012500
0 0.560000 0.536198 0.005000 0.010937
0 0.562375 0.546354 0.005750 0.008333
0 0.553125 0.542969 0.005250 0.003646
0 0.552625 0.538802 0.006250 0.005729
0 0.581375 0.514323 0.004750 0.005729
0 0.580750 0.518750 0.006000 0.007292
0 0.577250 0.544271 0.004500 0.011458
0 0.576375 0.542188 0.003250 0.009375
0 0.573875 0.540104 0.003250 0.008333
0 0.564375 0.532552 0.003750 0.008854
0 0.563000 0.529948 0.005000 0.007812
0 0.600250 0.551042 0.006000 0.006250
0 0.600875 0.547396 0.005250 0.005208
0 0.626625 0.561198 0.003250 0.014063
0 0.632750 0.551823 0.004000 0.008854
0 0.631625 0.548698 0.004750 0.009896
0 0.633500 0.504948 0.005000 0.015104
0 0.655000 0.537240 0.005500 0.011979
0 0.661000 0.533073 0.005500 0.007812
0 0.672125 0.573958 0.006750 0.007292
0 0.718500 0.551562 0.006000 0.008333
0 0.357125 0.586198 0.004750 0.011979
0 0.362625 0.585677 0.004250 0.014063
0 0.356000 0.602083 0.005500 0.011458
0 0.381375 0.622656 0.004750 0.010937
0 0.383250 0.630729 0.005500 0.007292
0 0.374250 0.627604 0.004500 0.007292
0 0.372750 0.623958 0.004000 0.007292
0 0.369500 0.628906 0.005000 0.009896
0 0.383875 0.652083 0.004750 0.011458
0 0.387500 0.654687 0.002500 0.011458
0 0.393375 0.661198 0.005750 0.010937
0 0.402125 0.678385 0.003250 0.010937
0 0.408000 0.712760 0.005500 0.014063
0 0.396000 0.711458 0.005500 0.006250
0 0.396750 0.707552 0.007000 0.008854
0 0.407250 0.685417 0.006500 0.006250
0 0.407125 0.689323 0.006250 0.005729
0 0.393375 0.737500 0.005250 0.011458
0 0.418750 0.744531 0.007500 0.009896
0 0.431250 0.724740 0.007000 0.011979
0 0.423000 0.704948 0.005500 0.011979
0 0.426500 0.705729 0.004500 0.010417
0 0.443625 0.753125 0.003250 0.013542
0 0.447000 0.760677 0.006500 0.007812
0 0.450875 0.763021 0.004750 0.012500
0 0.432875 0.800000 0.004750 0.011458
0 0.429375 0.783594 0.006250 0.008854
0 0.430125 0.779427 0.004750 0.007812
0 0.469875 0.791927 0.004250 0.015104
0 0.462500 0.775000 0.003500 0.009375
0 0.464375 0.774219 0.004750 0.009896
0 0.443875 0.724479 0.004250 0.009375
0 0.454750 0.727865 0.006000 0.007812
0 0.468125 0.757552 0.004750 0.007812
0 0.470875 0.767708 0.003250 0.010417
0 0.484250 0.792708 0.004500 0.009375
0 0.485750 0.790365 0.003500 0.007812
0 0.488875 0.813281 0.004250 0.011979
0 0.491375 0.812500 0.003750 0.010417
0 0.501250 0.823698 0.004500 0.006771
0 0.501500 0.820052 0.005000 0.004687
0 0.510375 0.829948 0.004250 0.005729
0 0.507250 0.825260 0.003500 0.007812
0 0.492500 0.858594 0.006000 0.006771
0 0.484375 0.835156 0.003250 0.007812
0 0.485500 0.833073 0.003500 0.007812
0 0.486000 0.892708 0.004500 0.009375
0 0.497625 0.911719 0.005750 0.009896
