0 0.503385 0.620625 0.032813 0.014750
0 0.516667 0.585625 0.040625 0.018250
0 0.514844 0.588625 0.036979 0.013750
0 0.538542 0.602125 0.028125 0.014750
0 0.537500 0.602625 0.026042 0.009250
0 0.560677 0.611750 0.022396 0.014000
0 0.591667 0.628750 0.026042 0.012500
0 0.609375 0.630125 0.017708 0.010750
0 0.626823 0.563875 0.021354 0.014250
0 0.532552 0.565750 0.020313 0.012500
0 0.510938 0.562250 0.034375 0.013000
0 0.659896 0.579875 0.028125 0.013750
0 0.661458 0.579625 0.031250 0.014250
0 0.683333 0.577500 0.026042 0.014000
0 0.824479 0.479000 0.025000 0.012000
0 0.823437 0.478500 0.027083 0.014000
0 0.798958 0.462000 0.026042 0.012500
0 0.776302 0.450875 0.034896 0.017250
0 0.926562 0.463875 0.025000 0.013250
0 0.939844 0.447875 0.020313 0.007250
0 0.963281 0.411125 0.017188 0.014250
0 0.764583 0.499500 0.029167 0.012500
0 0.759375 0.499250 0.026042 0.012000
0 0.709115 0.502750 0.018229 0.007000
0 0.735677 0.498625 0.023438 0.010750
0 0.690885 0.492375 0.029687 0.008250
0 0.685156 0.491000 0.029687 0.012000
0 0.670312 0.490125 0.013542 0.009250
0 0.668229 0.511125 0.013542 0.009750
0 0.668229 0.512250 0.017708 0.010000
0 0.645573 0.518500 0.022396 0.012500
0 0.640885 0.502500 0.017188 0.011000
0 0.619010 0.507625 0.028646 0.017750
0 0.614844 0.509000 0.020313 0.015000
0 0.582031 0.515125 0.020313 0.009250
0 0.565885 0.521000 0.028646 0.012000
0 0.561979 0.520875 0.025000 0.010750
0 0.475781 0.519875 0.022396 0.013250
0 0.478125 0.487250 0.027083 0.015000
0 0.503906 0.491625 0.031771 0.015250
0 0.505208 0.493000 0.029167 0.012500
0 0.523958 0.480500 0.030208 0.013500
0 0.521615 0.467625 0.028646 0.016250
0 0.528906 0.459750 0.029687 0.012500
0 0.556771 0.453250 0.023958 0.013500
0 0.522917 0.434000 0.026042 0.013000
0 0.535156 0.427250 0.030729 0.011500
0 0.520312 0.418500 0.026042 0.011500
0 0.573177 0.433250 0.024479 0.011500
0 0.596354 0.419250 0.026042 0.013000
0 0.650260 0.407875 0.020313 0.009750
0 0.598177 0.403750 0.031771 0.012500
0 0.548958 0.414125 0.026042 0.014750
0 0.559375 0.406875 0.027083 0.014250
0 0.560677 0.400000 0.022396 0.007000
0 0.553385 0.383500 0.036979 0.014000
0 0.581771 0.368750 0.026042 0.011000
0 0.580469 0.369000 0.028646 0.012500
0 0.591146 0.356250 0.027083 0.012000
0 0.595313 0.359250 0.023958 0.011500
0 0.601823 0.391625 0.019271 0.014250
0 0.602604 0.389375 0.022917 0.014250
0 0.626823 0.385375 0.030729 0.016750
0 0.619792 0.385125 0.027083 0.010750
0 0.629167 0.376625 0.026042 0.013750
0 0.637240 0.365250 0.030729 0.013500
0 0.641667 0.364875 0.030208 0.009750
0 0.640365 0.350000 0.021354 0.010500
0 0.659635 0.350750 0.017188 0.012000
0 0.661979 0.339375 0.023958 0.008750
0 0.625260 0.331000 0.024479 0.010500
0 0.678906 0.324500 0.021354 0.010500
0 0.733854 0.268500 0.040625 0.018000
0 0.726823 0.268000 0.032813 0.011500
0 0.426042 0.525750 0.025000 0.019500
0 0.427083 0.525875 0.025000 0.016250
0 0.395052 0.520625 0.032813 0.015750
0 0.383594 0.507750 0.028646 0.012500
0 0.363021 0.480250 0.023958 0.013000
0 0.396875 0.488500 0.026042 0.012500
0 0.401562 0.473875 0.035417 0.016750
0 0.401042 0.472750 0.040625 0.014000
0 0.410677 0.459500 0.030729 0.011000
0 0.389844 0.461125 0.031771 0.010750
0 0.389583 0.452750 0.027083 0.010500
0 0.378385 0.444875 0.022396 0.010750
0 0.395833 0.437000 0.026042 0.012500
0 0.393750 0.436625 0.037500 0.015250
0 0.342708 0.456625 0.028125 0.014750
0 0.333333 0.455750 0.025000 0.014000
0 0.364323 0.468000 0.032813 0.012500
0 0.301302 0.512000 0.031771 0.013500
0 0.300260 0.512250 0.031771 0.011000
0 0.309896 0.539500 0.028125 0.012000
0 0.229687 0.526625 0.028125 0.011250
0 0.248177 0.534500 0.020313 0.007500
0 0.176302 0.548125 0.028646 0.009750
0 0.147396 0.469875 0.022917 0.010750
0 0.227865 0.464250 0.029687 0.012500
0 0.250521 0.476625 0.022917 0.014750
0 0.265625 0.471500 0.028125 0.011000
0 0.279948 0.488875 0.033854 0.010750
0 0.300260 0.488375 0.020313 0.016250
0 0.283854 0.482125 0.026042 0.014750
0 0.248177 0.433250 0.031771 0.012500
0 0.249219 0.439125 0.022396 0.009250
0 0.120833 0.405750 0.023958 0.011000
0 0.113542 0.402500 0.029167 0.012000
0 0.186979 0.392625 0.038542 0.014250
0 0.183854 0.392750 0.025000 0.013000
0 0.326302 0.387750 0.027604 0.012000
0 0.315625 0.376375 0.028125 0.009750
0 0.337760 0.378250 0.029687 0.013500
0 0.329688 0.341875 0.029167 0.011250
0 0.332031 0.333500 0.020313 0.013000
0 0.290625 0.291875 0.030208 0.014750
0 0.302083 0.292125 0.026042 0.013250
0 0.372135 0.275500 0.028646 0.011500
0 0.288542 0.256625 0.025000 0.011250
