0 0.164750 0.667708 0.007500 0.010417
0 0.194625 0.734115 0.007750 0.022396
0 0.215625 0.694271 0.007750 0.008333
0 0.219500 0.717448 0.008500 0.009896
0 0.230500 0.695833 0.006500 0.014583
0 0.229250 0.728125 0.006000 0.013542
0 0.237875 0.726042 0.006750 0.012500
0 0.231625 0.721615 0.006250 0.015104
0 0.244000 0.719792 0.006500 0.014583
0 0.249625 0.721875 0.006750 0.014583
0 0.255750 0.713281 0.007000 0.016146
0 0.295500 0.753646 0.005500 0.016667
0 0.288125 0.697135 0.008750 0.014063
0 0.284375 0.668229 0.008250 0.010417
0 0.265625 0.709635 0.007250 0.016146
0 0.351625 0.690104 0.005250 0.014583
0 0.358000 0.686719 0.008500 0.015104
0 0.315625 0.655990 0.006250 0.014063
0 0.335250 0.607552 0.006000 0.015104
0 0.343375 0.628906 0.004750 0.011979
0 0.341500 0.620052 0.003000 0.011979
0 0.336875 0.622135 0.004250 0.015104
0 0.321750 0.520312 0.006500 0.011458
0 0.318250 0.490625 0.009000 0.017708
0 0.273750 0.470052 0.006000 0.018229
0 0.276750 0.457552 0.005500 0.016146
0 0.315125 0.406771 0.003750 0.017708
0 0.323500 0.479427 0.006500 0.013021
0 0.313375 0.387500 0.007250 0.014583
0 0.310875 0.400521 0.005250 0.014583
0 0.290875 0.309635 0.005250 0.019271
0 0.297500 0.269010 0.006500 0.015104
0 0.296875 0.308854 0.006250 0.018750
0 0.237750 0.401302 0.008000 0.017188
0 0.276500 0.195312 0.006000 0.014583
0 0.274375 0.171615 0.007250 0.015104
0 0.277750 0.183333 0.004500 0.011458
0 0.273250 0.182292 0.004000 0.011458
0 0.353375 0.667969 0.008750 0.011979
0 0.343500 0.738802 0.005500 0.007812
0 0.375000 0.581771 0.006000 0.011458
0 0.400375 0.522135 0.004250 0.008854
0 0.357125 0.439062 0.007750 0.012500
0 0.403750 0.485417 0.006000 0.015625
0 0.402625 0.501823 0.003250 0.011979
0 0.400625 0.508073 0.002750 0.014063
0 0.370875 0.383854 0.008250 0.012500
0 0.345375 0.359896 0.007250 0.008333
0 0.365000 0.309375 0.008000 0.010417
0 0.390250 0.319792 0.004500 0.017708
0 0.391375 0.259115 0.005750 0.020313
0 0.409750 0.139063 0.006500 0.017708
0 0.404625 0.128906 0.006250 0.018229
0 0.404625 0.244792 0.006250 0.014583
0 0.416250 0.240885 0.003500 0.016146
0 0.413625 0.240104 0.003250 0.014583
0 0.423625 0.263281 0.004750 0.020313
0 0.418750 0.319792 0.006000 0.015625
0 0.414750 0.366406 0.006000 0.021354
0 0.410375 0.401562 0.005250 0.019792
0 0.408250 0.424219 0.004500 0.015104
0 0.409500 0.436458 0.005000 0.012500
0 0.407125 0.447135 0.005750 0.014063
0 0.412500 0.640104 0.005000 0.015625
0 0.416375 0.653125 0.003750 0.010417
0 0.422500 0.563281 0.007500 0.009896
0 0.440500 0.609896 0.005000 0.009375
0 0.441625 0.599219 0.003750 0.009896
0 0.445750 0.598177 0.004500 0.011979
0 0.462000 0.564063 0.004500 0.013542
0 0.470000 0.545312 0.005000 0.012500
0 0.477875 0.526823 0.008250 0.014063
0 0.460000 0.538542 0.006000 0.012500
0 0.456125 0.551823 0.004750 0.010937
0 0.444500 0.552344 0.004000 0.014063
0 0.448250 0.546354 0.006000 0.012500
0 0.431125 0.499479 0.007250 0.015625
0 0.436375 0.480990 0.005750 0.017188
0 0.447000 0.477083 0.005500 0.019792
0 0.432625 0.458333 0.004250 0.015625
0 0.460625 0.489323 0.002750 0.015104
0 0.463250 0.488021 0.003000 0.016667
0 0.443875 0.517188 0.004250 0.012500
0 0.443250 0.529427 0.005000 0.015104
0 0.469125 0.458854 0.008250 0.014583
0 0.492750 0.406510 0.005000 0.013021
0 0.520625 0.387760 0.003750 0.015104
0 0.467250 0.309635 0.004000 0.017188
0 0.467375 0.289844 0.004750 0.016146
0 0.491625 0.258333 0.006250 0.013542
0 0.485125 0.269271 0.004750 0.011458
0 0.495500 0.279167 0.005000 0.013542
0 0.500250 0.289062 0.005000 0.017708
0 0.508125 0.233854 0.008750 0.018750
0 0.516125 0.267188 0.004750 0.019792
0 0.539000 0.217708 0.004000 0.014583
0 0.536375 0.217448 0.004250 0.016146
0 0.544250 0.208073 0.003500 0.015104
0 0.541750 0.206771 0.003000 0.010417
0 0.523125 0.269531 0.005750 0.016146
0 0.516875 0.306771 0.005250 0.013542
0 0.522250 0.317188 0.006500 0.013542
0 0.528500 0.331250 0.005500 0.008333
0 0.525750 0.335417 0.004500 0.014583
0 0.523000 0.341667 0.004500 0.009375
0 0.520375 0.348177 0.005750 0.015104
0 0.515500 0.363802 0.004000 0.015104
0 0.510000 0.364583 0.006000 0.011458
0 0.511000 0.355729 0.004500 0.013542
0 0.495625 0.429688 0.000750 0.005208
0 0.459875 0.478385 0.003250 0.010937
0 0.458000 0.476302 0.004000 0.016146
0 0.474750 0.710417 0.004000 0.014583
0 0.475375 0.700260 0.007250 0.007812
0 0.450250 0.689323 0.006000 0.011979
0 0.454375 0.690625 0.003750 0.013542
0 0.455875 0.697135 0.004750 0.013021
0 0.489500 0.656771 0.010500 0.011458
0 0.483000 0.614323 0.006000 0.016146
0 0.511000 0.596615 0.004000 0.014063
0 0.507625 0.593490 0.005250 0.011979
0 0.499750 0.598958 0.003500 0.011458
0 0.496625 0.600781 0.004250 0.013021
0 0.497750 0.592708 0.005500 0.010417
0 0.500250 0.574740 0.005000 0.011979
0 0.499625 0.583854 0.003750 0.012500
0 0.503750 0.577344 0.004500 0.011979
0 0.503750 0.584375 0.005000 0.009375
0 0.508125 0.583594 0.004250 0.008854
0 0.506500 0.557292 0.003500 0.011458
0 0.509625 0.547917 0.003750 0.012500
0 0.513000 0.541927 0.003500 0.011979
0 0.515125 0.534375 0.003250 0.013542
0 0.526875 0.544271 0.005750 0.012500
0 0.518625 0.540365 0.005250 0.009896
0 0.519500 0.550781 0.003500 0.013021
0 0.516125 0.551562 0.003250 0.015625
0 0.528250 0.558333 0.004500 0.013542
0 0.510875 0.571615 0.004750 0.010937
0 0.512875 0.573177 0.003750 0.010937
0 0.535125 0.553125 0.005750 0.013542
0 0.537625 0.538542 0.006250 0.010417
0 0.542125 0.521615 0.005750 0.010937
0 0.544000 0.524740 0.004500 0.009896
0 0.569625 0.535937 0.009250 0.016667
0 0.548375 0.511979 0.003250 0.013542
0 0.547875 0.621354 0.006750 0.011458
0 0.563250 0.969271 0.006000 0.020833
0 0.589625 0.959635 0.008750 0.017188
0 0.578000 0.983333 0.010000 0.020833
0 0.678250 0.985677 0.007500 0.017188
0 0.690125 0.966927 0.009250 0.015104
0 0.430500 0.524479 0.005000 0.010417
0 0.432125 0.521354 0.005750 0.010417
0 0.104250 0.575260 0.008500 0.011979
0 0.063000 0.292708 0.007500 0.012500
0 0.242125 0.788802 0.004750 0.010937
0 0.192250 0.373177 0.008000 0.015104
0 0.857125 0.267188 0.004750 0.013542
