0 0.346875 0.578375 0.006250 0.003250
0 0.289062 0.510375 0.006250 0.004250
0 0.351823 0.524000 0.004687 0.004000
0 0.355729 0.523750 0.003125 0.004000
0 0.359375 0.523625 0.004167 0.003750
0 0.354167 0.505750 0.005208 0.003500
0 0.352344 0.505000 0.006771 0.003500
0 0.305469 0.468375 0.003646 0.003250
0 0.308854 0.468125 0.004167 0.004250
0 0.421354 0.469500 0.008333 0.003500
0 0.395313 0.456875 0.003125 0.004250
0 0.392708 0.456750 0.003125 0.003500
0 0.464583 0.447625 0.007292 0.004250
0 0.473698 0.455375 0.007812 0.004750
0 0.531250 0.486625 0.007292 0.002750
0 0.527604 0.527125 0.008333 0.002750
0 0.544792 0.531125 0.007292 0.002750
0 0.551562 0.535375 0.007292 0.001750
0 0.551042 0.536625 0.007292 0.001750
0 0.534896 0.554375 0.007292 0.002750
0 0.542708 0.553875 0.006250 0.002250
0 0.554688 0.527000 0.005208 0.003500
0 0.549219 0.511875 0.007812 0.003750
0 0.550260 0.434375 0.008854 0.003750
0 0.586719 0.450250 0.009896 0.004000
0 0.595313 0.455375 0.006250 0.003250
0 0.621615 0.461375 0.006771 0.004250
0 0.648438 0.469250 0.006250 0.004000
0 0.659896 0.479875 0.006250 0.003750
0 0.770312 0.501625 0.007292 0.003750
0 0.749479 0.490375 0.006250 0.003250
0 0.702344 0.484750 0.005729 0.003500
0 0.755469 0.471750 0.006771 0.004000
0 0.707812 0.491250 0.006250 0.003500
0 0.670052 0.465125 0.005729 0.003750
0 0.714063 0.447375 0.005208 0.003750
0 0.649479 0.410750 0.006250 0.003000
0 0.720833 0.406000 0.009375 0.005000
0 0.798698 0.381125 0.006771 0.003750
0 0.740885 0.365625 0.007812 0.003250
0 0.759115 0.385500 0.004687 0.002000
0 0.702865 0.387875 0.007812 0.002750
0 0.694531 0.386875 0.005729 0.002250
0 0.699479 0.386000 0.005208 0.002500
0 0.695052 0.384875 0.006771 0.002250
0 0.625781 0.384250 0.007812 0.003000
0 0.628646 0.386375 0.005208 0.002750
0 0.478385 0.377250 0.013021 0.004500
0 0.466406 0.357250 0.008854 0.002000
0 0.465625 0.355750 0.007292 0.002000
0 0.468490 0.341500 0.007812 0.003500
0 0.464323 0.335375 0.006771 0.002750
0 0.438021 0.329500 0.009375 0.004000
0 0.492188 0.319000 0.009375 0.003500
0 0.535677 0.319250 0.007812 0.003500
0 0.506771 0.319625 0.007292 0.002250
0 0.507292 0.317375 0.006250 0.001750
0 0.496094 0.315750 0.006771 0.002000
0 0.502604 0.316875 0.007292 0.001750
0 0.539323 0.300500 0.005729 0.002500
0 0.545573 0.299375 0.006771 0.003250
0 0.553125 0.292625 0.006250 0.003250
0 0.521354 0.290375 0.006250 0.003750
0 0.507552 0.295875 0.004687 0.003250
0 0.514844 0.295500 0.003646 0.002500
0 0.511979 0.295625 0.003125 0.003250
0 0.515365 0.282875 0.003646 0.002750
0 0.512500 0.282750 0.004167 0.003500
0 0.528125 0.262750 0.008333 0.003500
0 0.569531 0.268875 0.009896 0.003250
0 0.578646 0.253750 0.007292 0.003500
0 0.575781 0.252500 0.002604 0.003500
0 0.574219 0.252250 0.002604 0.003000
0 0.571094 0.252125 0.004687 0.003250
0 0.504427 0.281250 0.003646 0.002500
0 0.501563 0.281125 0.004167 0.003250
0 0.565885 0.284500 0.005729 0.003000
0 0.563542 0.283500 0.006250 0.002500
