0 0.696354 0.522000 0.008333 0.006000
0 0.668750 0.513000 0.010417 0.005500
0 0.644271 0.503125 0.006250 0.004250
0 0.645573 0.501000 0.007812 0.005500
0 0.671094 0.493875 0.007812 0.004250
0 0.679167 0.496125 0.011458 0.003250
0 0.641146 0.452500 0.014583 0.005500
0 0.521875 0.477875 0.003125 0.004250
0 0.525521 0.476625 0.004167 0.004750
0 0.500521 0.498375 0.010417 0.004250
0 0.515625 0.497125 0.007292 0.007750
0 0.503385 0.515500 0.006771 0.006500
0 0.491667 0.522750 0.006250 0.005000
0 0.492448 0.518375 0.008854 0.005250
0 0.481510 0.519625 0.008854 0.003750
0 0.453125 0.540625 0.008333 0.003250
0 0.483854 0.542500 0.008333 0.004000
0 0.486458 0.539250 0.006250 0.005500
0 0.492188 0.532000 0.005208 0.004000
0 0.487500 0.532000 0.006250 0.004500
0 0.477604 0.552750 0.004167 0.005000
0 0.474479 0.551750 0.007292 0.006000
0 0.483594 0.564125 0.014063 0.004750
0 0.417187 0.574125 0.008333 0.003750
0 0.374740 0.578500 0.019271 0.007000
0 0.453385 0.578750 0.008854 0.004500
0 0.448177 0.573375 0.005729 0.005250
0 0.452865 0.573750 0.004687 0.005500
0 0.460677 0.572250 0.008854 0.006500
0 0.458333 0.572375 0.004167 0.004750
0 0.445573 0.581375 0.004687 0.005250
0 0.450260 0.581375 0.005729 0.005750
0 0.409115 0.596250 0.008854 0.003500
0 0.429948 0.603250 0.006771 0.005000
0 0.433073 0.599000 0.005729 0.005500
0 0.429948 0.598500 0.006771 0.004000
0 0.411198 0.603875 0.006771 0.004750
0 0.412760 0.608125 0.006771 0.005250
0 0.403385 0.610250 0.008854 0.005000
0 0.434375 0.610500 0.007292 0.005500
0 0.425260 0.613000 0.007812 0.005000
0 0.424479 0.609250 0.008333 0.004500
0 0.410938 0.617625 0.007292 0.004250
0 0.409896 0.614750 0.007292 0.004000
0 0.404687 0.616750 0.006250 0.004500
0 0.398958 0.618750 0.006250 0.004500
0 0.396354 0.623125 0.006250 0.005250
0 0.409375 0.621375 0.008333 0.003250
0 0.402865 0.623625 0.006771 0.004250
0 0.377083 0.628500 0.008333 0.005000
0 0.405990 0.629625 0.005729 0.003750
0 0.409115 0.628375 0.008854 0.004250
0 0.417448 0.625250 0.005729 0.004500
0 0.414583 0.624875 0.006250 0.003750
0 0.411198 0.642375 0.006771 0.005750
0 0.404948 0.649375 0.005729 0.005250
0 0.404687 0.644750 0.005208 0.005000
0 0.401042 0.644750 0.005208 0.004500
0 0.425260 0.689500 0.009896 0.006500
0 0.032552 0.578500 0.010937 0.007500
0 0.097656 0.579750 0.007812 0.004000
0 0.100260 0.578250 0.011979 0.004500
0 0.077083 0.561500 0.011458 0.005500
0 0.098698 0.534750 0.014063 0.004000
0 0.108854 0.530125 0.013542 0.004250
0 0.141927 0.529375 0.008854 0.004750
0 0.138802 0.528250 0.009896 0.003000
0 0.170313 0.526625 0.015625 0.007250
0 0.219792 0.515125 0.012500 0.006250
0 0.190885 0.509125 0.009896 0.002750
0 0.203906 0.507375 0.006771 0.003750
0 0.259896 0.502375 0.010417 0.004250
0 0.246875 0.499875 0.010417 0.004750
0 0.260156 0.498250 0.007812 0.002500
0 0.261458 0.496500 0.011458 0.004000
0 0.289062 0.490625 0.011458 0.005750
0 0.277604 0.506500 0.007292 0.007000
0 0.270052 0.508500 0.008854 0.006500
0 0.238281 0.535625 0.008854 0.007250
0 0.363281 0.508875 0.009896 0.005250
0 0.382292 0.472500 0.010417 0.005000
0 0.372135 0.466750 0.008854 0.004500
0 0.352083 0.474750 0.009375 0.004000
0 0.392969 0.469875 0.009896 0.002250
0 0.391667 0.468000 0.011458 0.002500
0 0.386979 0.462375 0.007292 0.004750
0 0.387760 0.460000 0.008854 0.003000
0 0.415365 0.405500 0.008854 0.003000
0 0.363021 0.419375 0.010417 0.005750
0 0.310677 0.412375 0.009896 0.002750
0 0.306250 0.411125 0.011458 0.003250
0 0.191146 0.416000 0.009375 0.002500
0 0.192448 0.414375 0.007812 0.002750
0 0.091406 0.458625 0.008854 0.004750
0 0.082292 0.456375 0.010417 0.005250
0 0.075521 0.433625 0.011458 0.003750
0 0.091406 0.437875 0.011979 0.003250
0 0.091667 0.435125 0.011458 0.003750
0 0.092969 0.434000 0.009896 0.002500
0 0.080469 0.443250 0.006771 0.005500
0 0.085156 0.443375 0.007812 0.004250
0 0.033073 0.424250 0.005729 0.004500
0 0.042448 0.423250 0.008854 0.003500
0 0.025000 0.422250 0.009375 0.002500
0 0.026302 0.420500 0.008854 0.002000
0 0.012500 0.426625 0.010417 0.003250
0 0.014323 0.424750 0.009896 0.002500
0 0.359115 0.379875 0.009896 0.003750
0 0.341146 0.372125 0.011458 0.002750
0 0.340625 0.370375 0.011458 0.002250
0 0.305729 0.375250 0.010417 0.003500
0 0.204427 0.383000 0.003646 0.004000
0 0.208854 0.382750 0.005208 0.003500
0 0.229427 0.370250 0.010937 0.004000
0 0.219010 0.368625 0.009896 0.004250
0 0.204948 0.368125 0.007812 0.004250
0 0.076823 0.345375 0.009896 0.005250
0 0.069010 0.343000 0.009896 0.003500
0 0.055729 0.349625 0.007292 0.003750
0 0.046615 0.347000 0.005729 0.004000
0 0.053646 0.347250 0.009375 0.004500
0 0.041406 0.327875 0.007812 0.004750
0 0.036198 0.337750 0.008854 0.004000
0 0.034635 0.336250 0.009896 0.002500
0 0.059896 0.334375 0.005208 0.004750
0 0.063542 0.330875 0.010417 0.002750
0 0.071094 0.332250 0.006771 0.002500
0 0.070052 0.331250 0.009896 0.003500
0 0.459375 0.350125 0.010417 0.004750
0 0.403646 0.318250 0.009375 0.003000
0 0.405990 0.315375 0.009896 0.003750
0 0.339062 0.312875 0.011458 0.004750
0 0.321615 0.296250 0.009896 0.005000
0 0.293490 0.291625 0.006771 0.005250
0 0.312500 0.267000 0.011458 0.004500
0 0.361198 0.267500 0.009896 0.004500
0 0.346875 0.255125 0.010417 0.005250
0 0.354167 0.252125 0.006250 0.003750
0 0.355990 0.247250 0.009896 0.004000
0 0.459375 0.269750 0.007292 0.003500
0 0.463281 0.267250 0.007812 0.004500
0 0.610156 0.718500 0.011979 0.005500
0 0.318490 0.651625 0.007812 0.003250
0 0.323958 0.649375 0.007292 0.003750
