0 0.774500 0.503646 0.007000 0.016667
0 0.756500 0.512240 0.006000 0.016146
0 0.658875 0.563281 0.007750 0.015104
0 0.614250 0.800781 0.010500 0.020313
0 0.585875 0.811458 0.007750 0.017708
0 0.586250 0.668750 0.007500 0.017708
0 0.554375 0.743490 0.010250 0.014063
0 0.546125 0.717969 0.008750 0.015104
0 0.504375 0.479167 0.009250 0.018750
0 0.525625 0.364323 0.007250 0.019271
0 0.544750 0.436719 0.007000 0.014063
0 0.592250 0.483333 0.010000 0.019792
0 0.539000 0.625781 0.006000 0.014063
0 0.555125 0.572396 0.007750 0.015625
0 0.808875 0.505990 0.010750 0.013021
0 0.354625 0.281771 0.008750 0.018750
0 0.359250 0.317188 0.007000 0.021875
0 0.380250 0.357812 0.006000 0.015625
0 0.332375 0.326562 0.007250 0.017708
0 0.322125 0.341406 0.005250 0.017188
0 0.372500 0.384375 0.010000 0.016667
0 0.362250 0.355729 0.009000 0.016667
0 0.379625 0.140365 0.008750 0.015104
0 0.342250 0.658854 0.007000 0.013542
0 0.400250 0.669010 0.008500 0.018229
0 0.374875 0.694010 0.007750 0.019271
0 0.440000 0.776042 0.008000 0.014583
0 0.379000 0.657292 0.010000 0.013542
0 0.378375 0.641927 0.010250 0.023438
0 0.425625 0.478385 0.007250 0.018229
0 0.404000 0.512500 0.008500 0.017708
0 0.584375 0.298958 0.005750 0.015625
0 0.567250 0.276042 0.006000 0.016667
0 0.552375 0.264844 0.008250 0.018229
0 0.575125 0.276823 0.004750 0.020313
0 0.575125 0.527344 0.004250 0.015104
0 0.581750 0.524479 0.005500 0.013542
0 0.578750 0.535937 0.007000 0.010417
0 0.589000 0.507031 0.007000 0.009896
0 0.590875 0.517969 0.007250 0.018229
0 0.674625 0.311979 0.005750 0.012500
0 0.672375 0.318750 0.008250 0.009375
0 0.198250 0.689323 0.006500 0.018229
0 0.280000 0.601823 0.009000 0.015104
0 0.251375 0.559896 0.006250 0.016667
0 0.117375 0.518750 0.009750 0.014583
0 0.242500 0.585417 0.008500 0.014583
0 0.228500 0.571094 0.008000 0.017188
0 0.213250 0.564583 0.009000 0.016667
0 0.299000 0.810937 0.007000 0.016667
0 0.257625 0.191146 0.005250 0.020833
0 0.265875 0.104167 0.007250 0.022917
0 0.267375 0.082552 0.008250 0.014063
0 0.259875 0.106250 0.008750 0.022917
