0 0.550781 0.525000 0.010937 0.006500
0 0.556771 0.596875 0.008333 0.005750
0 0.605990 0.601250 0.007812 0.006500
0 0.619271 0.598125 0.013542 0.005250
0 0.775000 0.596750 0.009375 0.007500
0 0.609375 0.495125 0.016667 0.003250
0 0.596615 0.506750 0.007812 0.007000
0 0.409635 0.531375 0.007812 0.006250
0 0.429688 0.525125 0.008333 0.006750
0 0.364063 0.528500 0.016667 0.004000
0 0.377604 0.519250 0.008333 0.006500
0 0.395573 0.515875 0.020313 0.006750
0 0.342187 0.480375 0.014583 0.006750
0 0.310937 0.553125 0.010417 0.006250
0 0.275781 0.541250 0.005729 0.007500
0 0.281510 0.541500 0.005729 0.007000
0 0.182292 0.515375 0.012500 0.005750
0 0.224479 0.509375 0.014583 0.007250
0 0.168229 0.510375 0.007292 0.006250
0 0.086198 0.549500 0.010937 0.006500
0 0.177604 0.464000 0.007292 0.005500
0 0.280469 0.458625 0.008854 0.004750
0 0.003646 0.482500 0.007292 0.006000
0 0.011458 0.571000 0.015625 0.004500
0 0.279427 0.523750 0.015104 0.008000
0 0.493490 0.491875 0.006771 0.006250
0 0.527604 0.684875 0.014583 0.005750
0 0.372396 0.678000 0.016667 0.004500
0 0.403906 0.692625 0.011979 0.005250
0 0.426823 0.703875 0.017188 0.005750
0 0.459375 0.748500 0.012500 0.005500
0 0.402865 0.800375 0.013021 0.008250
0 0.195312 0.812375 0.019792 0.005250
0 0.116406 0.799125 0.016146 0.008250
0 0.183594 0.752125 0.008854 0.006750
0 0.220833 0.768500 0.019792 0.005000
0 0.212500 0.774750 0.017708 0.006500
0 0.202865 0.856500 0.015104 0.007500
0 0.341667 0.688000 0.013542 0.006500
0 0.342708 0.716750 0.010417 0.006500
0 0.561198 0.649375 0.015104 0.007250
0 0.659115 0.613125 0.009896 0.005750
0 0.765365 0.723125 0.011979 0.003750
0 0.744010 0.732125 0.011979 0.003250
0 0.743750 0.735250 0.013542 0.003500
0 0.771615 0.772875 0.014063 0.004250
0 0.788281 0.780125 0.006771 0.007250
0 0.782292 0.788250 0.007292 0.007500
0 0.754687 0.809250 0.014583 0.004500
0 0.762760 0.894125 0.014063 0.006750
0 0.816146 0.888250 0.015625 0.005500
0 0.897396 0.940125 0.009375 0.006750
0 0.895052 0.857250 0.015104 0.004000
0 0.896615 0.853500 0.013021 0.007000
0 0.907813 0.759875 0.013542 0.004750
0 0.860156 0.719000 0.014063 0.006500
0 0.720833 0.474125 0.012500 0.004750
0 0.742708 0.361125 0.011458 0.006250
0 0.751563 0.346875 0.008333 0.006250
0 0.808854 0.345250 0.009375 0.008000
0 0.838542 0.295000 0.006250 0.006500
0 0.829688 0.292500 0.009375 0.005500
0 0.819531 0.290500 0.010937 0.007500
0 0.773958 0.225750 0.011458 0.007500
0 0.733073 0.193375 0.008854 0.004750
0 0.817969 0.200375 0.009896 0.007250
0 0.525000 0.386750 0.016667 0.004000
0 0.394010 0.351000 0.007812 0.006000
0 0.294792 0.327250 0.009375 0.007000
0 0.293750 0.343500 0.007292 0.006500
0 0.287240 0.347500 0.006771 0.006500
0 0.280469 0.347125 0.006771 0.005750
0 0.200000 0.320375 0.008333 0.006750
0 0.227083 0.290125 0.011458 0.007250
0 0.256771 0.311000 0.011458 0.007500
0 0.104688 0.275750 0.010417 0.005000
0 0.168750 0.273875 0.010417 0.007250
0 0.204427 0.272625 0.008854 0.006750
0 0.269792 0.240125 0.017708 0.004250
0 0.176823 0.233000 0.016146 0.004500
0 0.165625 0.212875 0.010417 0.007750
0 0.166927 0.200250 0.014063 0.007000
0 0.381771 0.250875 0.015625 0.005250
0 0.361719 0.246000 0.014063 0.004500
0 0.471354 0.309125 0.008333 0.006250
0 0.480469 0.308250 0.007812 0.005500
0 0.508854 0.365625 0.013542 0.006250
