0 0.080208 0.417000 0.008333 0.009000
0 0.072656 0.416625 0.006771 0.008750
0 0.148698 0.421625 0.011979 0.009250
0 0.236979 0.437250 0.015625 0.005500
0 0.239844 0.434875 0.018229 0.007750
0 0.253125 0.632250 0.008333 0.006500
0 0.258594 0.631000 0.010937 0.008500
0 0.293229 0.624250 0.013542 0.010000
0 0.341146 0.626000 0.021875 0.006000
0 0.368490 0.786500 0.022396 0.007000
0 0.473438 0.515750 0.017708 0.005500
0 0.507031 0.423500 0.017188 0.005000
0 0.509375 0.417875 0.018750 0.007250
0 0.526823 0.385375 0.015104 0.010750
0 0.673698 0.405000 0.022396 0.006500
0 0.735156 0.426250 0.021354 0.007500
