0 0.053625 0.651823 0.005750 0.009896
0 0.114000 0.920312 0.003500 0.009375
0 0.138875 0.605990 0.006250 0.007812
0 0.362875 0.842969 0.006750 0.005729
0 0.363250 0.838021 0.005500 0.005208
0 0.300625 0.840885 0.003750 0.009896
0 0.302875 0.839062 0.004250 0.013542
0 0.268750 0.418490 0.006000 0.011979
0 0.281750 0.449219 0.004500 0.010937
0 0.270750 0.454167 0.005500 0.009375
0 0.270875 0.460938 0.006250 0.007292
0 0.274375 0.469271 0.006250 0.008333
0 0.274750 0.474740 0.007000 0.007812
0 0.293375 0.485417 0.004250 0.008333
0 0.272500 0.510156 0.010000 0.015104
0 0.301125 0.583854 0.005750 0.011458
0 0.306125 0.580990 0.004750 0.008854
0 0.322125 0.563802 0.003750 0.009896
0 0.321125 0.551562 0.004750 0.010417
0 0.318000 0.545573 0.003500 0.008854
0 0.314875 0.595313 0.004750 0.008333
0 0.318625 0.596615 0.003750 0.010937
0 0.317250 0.587760 0.003500 0.007812
0 0.328000 0.598958 0.004500 0.010417
0 0.327875 0.618490 0.004750 0.010937
0 0.339250 0.616667 0.004000 0.007292
0 0.337375 0.609635 0.003750 0.009896
0 0.335625 0.613021 0.004750 0.011458
0 0.334750 0.617448 0.003500 0.008854
0 0.332750 0.621094 0.005000 0.008854
0 0.333750 0.630990 0.004000 0.010937
0 0.338000 0.629427 0.005500 0.014063
0 0.333125 0.654687 0.005750 0.014583
0 0.342625 0.642969 0.004750 0.010937
0 0.354250 0.671094 0.005500 0.006771
0 0.368375 0.706771 0.005750 0.011458
0 0.368125 0.735938 0.003750 0.008333
0 0.370750 0.737240 0.004500 0.009896
0 0.379000 0.759896 0.004000 0.011458
0 0.382125 0.762500 0.002250 0.010417
0 0.390625 0.768490 0.002750 0.011979
0 0.393875 0.763021 0.004250 0.012500
0 0.404750 0.809896 0.003500 0.009375
0 0.424750 0.841927 0.005500 0.010937
0 0.426250 0.837240 0.003500 0.006771
0 0.341250 0.251823 0.006500 0.017188
0 0.365875 0.248958 0.004250 0.012500
0 0.369875 0.254167 0.003250 0.011458
0 0.366875 0.261198 0.005250 0.008854
0 0.372875 0.266406 0.003750 0.014063
0 0.372750 0.253125 0.003000 0.012500
0 0.370625 0.244271 0.002750 0.011458
0 0.367000 0.240625 0.005000 0.007292
0 0.343875 0.312500 0.002250 0.011458
0 0.346500 0.313802 0.003000 0.014063
0 0.367875 0.285156 0.001750 0.013021
0 0.370125 0.286458 0.002750 0.015625
0 0.385625 0.329427 0.005250 0.013021
0 0.392750 0.332031 0.004500 0.015104
0 0.380625 0.356250 0.005750 0.011458
0 0.377250 0.361719 0.004000 0.011979
0 0.376250 0.369531 0.003000 0.011979
0 0.373500 0.377083 0.004500 0.013542
0 0.367625 0.375260 0.003750 0.015104
0 0.385375 0.378125 0.003750 0.011458
0 0.391875 0.391406 0.007250 0.009896
0 0.392500 0.416406 0.007000 0.013021
0 0.398625 0.417708 0.003750 0.013542
0 0.410250 0.418750 0.007500 0.023958
0 0.410375 0.443490 0.004750 0.014063
0 0.387500 0.488021 0.004500 0.013542
0 0.391750 0.488802 0.003000 0.010937
0 0.394125 0.488021 0.003250 0.012500
0 0.390250 0.511458 0.009500 0.020833
0 0.397750 0.553385 0.004000 0.013021
0 0.402000 0.539062 0.003500 0.013542
0 0.404750 0.541146 0.003000 0.012500
0 0.407875 0.535156 0.004250 0.013021
0 0.398000 0.580208 0.005000 0.012500
0 0.408500 0.591927 0.005500 0.011979
0 0.409375 0.603646 0.004250 0.011458
0 0.407750 0.607031 0.005000 0.013021
0 0.405125 0.608854 0.003750 0.010417
0 0.402250 0.599479 0.004000 0.010417
0 0.422625 0.612760 0.004250 0.010937
0 0.425000 0.651302 0.006500 0.009896
0 0.420000 0.659635 0.003500 0.013021
0 0.422125 0.667448 0.004250 0.011979
0 0.431000 0.721094 0.006000 0.014063
0 0.447875 0.795312 0.005750 0.013542
0 0.345125 0.039062 0.005250 0.011458
0 0.564750 0.057292 0.006000 0.008333
0 0.564000 0.161979 0.005000 0.012500
0 0.507500 0.239323 0.005500 0.006771
0 0.527750 0.263281 0.005000 0.008854
0 0.546125 0.269271 0.003750 0.011458
0 0.571625 0.245312 0.005250 0.010417
0 0.547375 0.193490 0.009250 0.014063
0 0.540250 0.286979 0.004500 0.010417
0 0.519375 0.388542 0.005750 0.010417
0 0.508750 0.390885 0.005000 0.015104
0 0.513000 0.431510 0.002500 0.011979
0 0.515375 0.431771 0.002750 0.012500
0 0.502375 0.563281 0.004250 0.011979
0 0.488750 0.590885 0.004000 0.014063
0 0.495250 0.636719 0.003500 0.014063
0 0.508500 0.618229 0.004000 0.014583
0 0.492000 0.667188 0.003500 0.014583
0 0.493875 0.653906 0.003750 0.014063
0 0.485375 0.744531 0.002750 0.010937
0 0.486125 0.737760 0.002750 0.009896
0 0.484750 0.861458 0.003500 0.014583
0 0.510000 0.532813 0.006000 0.012500
0 0.647500 0.314063 0.005000 0.013542
0 0.623750 0.343750 0.006000 0.011458
0 0.646875 0.341667 0.005250 0.011458
0 0.664500 0.358073 0.004000 0.010937
0 0.659750 0.390625 0.004000 0.012500
0 0.664625 0.368229 0.004250 0.008333
0 0.667125 0.368229 0.002750 0.012500
0 0.600250 0.411719 0.004500 0.014063
0 0.576000 0.457552 0.004500 0.013021
0 0.579375 0.506250 0.003750 0.011458
0 0.585125 0.494792 0.005250 0.010417
0 0.571250 0.505990 0.003500 0.013021
0 0.573000 0.518229 0.004000 0.013542
0 0.569500 0.530990 0.005500 0.010937
0 0.580000 0.542188 0.004000 0.014583
0 0.567375 0.543229 0.004250 0.013542
0 0.575875 0.558854 0.002250 0.010417
0 0.574250 0.557552 0.003000 0.013021
0 0.569125 0.575781 0.003750 0.013021
0 0.562875 0.578646 0.003250 0.011458
0 0.560250 0.573958 0.004500 0.010417
0 0.569125 0.589844 0.003250 0.013021
0 0.566250 0.591406 0.003000 0.011979
0 0.597250 0.563021 0.005000 0.012500
0 0.545375 0.666667 0.005750 0.010417
0 0.568125 0.630469 0.003250 0.013021
0 0.569125 0.626302 0.003250 0.009896
0 0.577125 0.609375 0.005750 0.017708
0 0.542375 0.692448 0.004750 0.013021
0 0.533000 0.722917 0.005000 0.012500
0 0.528000 0.724219 0.004500 0.014063
0 0.536625 0.756771 0.005250 0.016667
0 0.499625 0.864062 0.004250 0.014583
0 0.607375 0.477083 0.004250 0.014583
0 0.639375 0.478385 0.004750 0.011979
0 0.621000 0.428906 0.007000 0.013021
0 0.633750 0.366146 0.006500 0.010417
0 0.610250 0.361458 0.004000 0.010417
0 0.624125 0.230208 0.004250 0.007292
0 0.554375 0.826302 0.007250 0.011979
0 0.566000 0.835156 0.003500 0.010937
0 0.568000 0.833854 0.002500 0.007292
0 0.579750 0.774479 0.004500 0.013542
0 0.580000 0.763021 0.007000 0.006250
0 0.592375 0.761458 0.006750 0.007292
0 0.596375 0.741406 0.006250 0.006771
0 0.594500 0.734115 0.005000 0.009896
0 0.608625 0.736979 0.005750 0.009375
0 0.636000 0.696615 0.007500 0.011979
0 0.650125 0.619792 0.006250 0.013542
0 0.690625 0.594010 0.005750 0.010937
0 0.730375 0.475260 0.004750 0.007812
0 0.704625 0.520312 0.004750 0.007292
0 0.703750 0.516667 0.005000 0.007292
0 0.578250 0.906250 0.007000 0.013542
0 0.615250 0.930990 0.007500 0.010937
0 0.790500 0.026823 0.006000 0.010937
