0 0.207750 0.600521 0.006000 0.012500
0 0.236250 0.691146 0.006500 0.011458
0 0.257625 0.700521 0.004250 0.009375
0 0.261375 0.699740 0.003250 0.013021
0 0.287375 0.732292 0.004250 0.012500
0 0.308875 0.719271 0.004250 0.012500
0 0.316250 0.700260 0.005000 0.011979
0 0.319875 0.694271 0.004250 0.010417
0 0.314375 0.682552 0.002750 0.011979
0 0.299625 0.684896 0.007250 0.011458
0 0.273125 0.662240 0.006250 0.011979
0 0.263625 0.637760 0.004250 0.015104
0 0.260875 0.653906 0.003250 0.014063
0 0.263625 0.652865 0.003750 0.015104
0 0.277375 0.634115 0.002750 0.015104
0 0.280250 0.634896 0.003000 0.013542
0 0.262875 0.622135 0.004750 0.013021
0 0.247375 0.604167 0.004750 0.014583
0 0.241625 0.611719 0.004750 0.015104
0 0.239125 0.615365 0.004250 0.011979
0 0.232250 0.618229 0.004000 0.015625
0 0.231750 0.606771 0.008000 0.008333
0 0.326375 0.585677 0.002750 0.013021
0 0.328250 0.585677 0.004000 0.014063
0 0.268250 0.501823 0.005000 0.015104
0 0.265625 0.486198 0.006250 0.016146
0 0.250875 0.477604 0.003250 0.012500
0 0.254000 0.479427 0.003500 0.014063
0 0.262250 0.403906 0.007500 0.011979
0 0.231750 0.390625 0.005500 0.017708
0 0.241875 0.380729 0.006250 0.008333
0 0.246500 0.384896 0.004000 0.014583
0 0.246375 0.370052 0.004750 0.015104
0 0.247750 0.356510 0.008500 0.015104
0 0.254250 0.366927 0.004000 0.015104
0 0.265625 0.346094 0.004750 0.011979
0 0.394500 0.696354 0.005500 0.015625
0 0.384125 0.661979 0.004750 0.012500
0 0.388250 0.654167 0.003500 0.013542
0 0.383375 0.628906 0.003750 0.008854
0 0.383750 0.623437 0.004500 0.008333
0 0.386875 0.624219 0.003250 0.013021
0 0.362000 0.603906 0.005500 0.016146
0 0.391625 0.673177 0.004750 0.011979
0 0.395250 0.671354 0.002500 0.014583
0 0.394375 0.666406 0.003250 0.011979
0 0.362750 0.554948 0.006000 0.010937
0 0.378000 0.536979 0.007000 0.014583
0 0.368375 0.513542 0.005250 0.016667
0 0.364500 0.515104 0.003500 0.012500
0 0.383625 0.516927 0.002250 0.015104
0 0.386125 0.517969 0.002750 0.015104
0 0.372250 0.471094 0.004500 0.014063
0 0.381125 0.464323 0.007250 0.013021
0 0.355000 0.472135 0.004500 0.015104
0 0.352000 0.441667 0.005500 0.016667
0 0.366875 0.432812 0.004750 0.017708
0 0.365875 0.403646 0.005250 0.015625
0 0.348750 0.417187 0.006500 0.014583
0 0.339875 0.409635 0.007750 0.009896
0 0.362875 0.385677 0.005250 0.015104
0 0.343375 0.377083 0.004250 0.016667
0 0.350250 0.361979 0.004000 0.014583
0 0.356000 0.361719 0.005000 0.016146
0 0.357375 0.345052 0.002250 0.015104
0 0.360000 0.343490 0.003500 0.019271
0 0.350125 0.327344 0.007750 0.015104
0 0.369375 0.328385 0.005250 0.016146
0 0.362125 0.316406 0.003250 0.013021
0 0.356000 0.303385 0.004500 0.019271
0 0.366250 0.308854 0.003500 0.015625
0 0.362625 0.304948 0.005250 0.009896
0 0.351375 0.278906 0.009250 0.016146
0 0.380625 0.264583 0.005250 0.014583
0 0.374125 0.258594 0.008250 0.017188
0 0.356625 0.196875 0.007250 0.016667
0 0.379750 0.195052 0.005500 0.013021
0 0.376500 0.171094 0.004500 0.017188
0 0.370000 0.167969 0.004000 0.016146
0 0.356750 0.148438 0.003000 0.014583
0 0.359125 0.154688 0.004750 0.014583
0 0.385000 0.171354 0.004000 0.009375
0 0.387500 0.098437 0.006500 0.010417
0 0.369000 0.195052 0.004000 0.013021
0 0.367000 0.192188 0.003500 0.012500
0 0.362875 0.222396 0.006750 0.013542
0 0.428125 0.635938 0.003250 0.013542
0 0.428750 0.622396 0.002500 0.011458
0 0.431625 0.616927 0.002750 0.006771
0 0.433375 0.620052 0.004250 0.010937
0 0.437875 0.575000 0.004750 0.011458
0 0.444000 0.554688 0.004500 0.015625
0 0.426250 0.528646 0.006000 0.010417
0 0.452250 0.546094 0.005000 0.011979
0 0.458625 0.535417 0.004250 0.009375
0 0.461750 0.525260 0.005000 0.014063
0 0.430375 0.491927 0.005750 0.010937
0 0.431500 0.483073 0.005000 0.010937
0 0.451625 0.461458 0.004750 0.014583
0 0.433125 0.468229 0.003250 0.012500
0 0.430250 0.468750 0.003500 0.012500
0 0.441125 0.449479 0.004250 0.012500
0 0.435750 0.429167 0.003500 0.013542
0 0.437000 0.410938 0.004000 0.012500
0 0.436375 0.405208 0.005750 0.008333
0 0.448875 0.371094 0.005250 0.010937
0 0.449250 0.382552 0.006500 0.013021
0 0.476750 0.356510 0.005000 0.016146
0 0.459625 0.303125 0.005250 0.011458
0 0.456500 0.294531 0.004000 0.011979
0 0.459375 0.288802 0.002750 0.014063
0 0.461750 0.275000 0.006000 0.011458
0 0.463000 0.287500 0.005000 0.014583
0 0.454750 0.316667 0.004500 0.012500
0 0.455875 0.313021 0.003750 0.009375
0 0.455375 0.336719 0.006250 0.016146
0 0.485500 0.308073 0.006500 0.011979
0 0.498250 0.281250 0.003500 0.012500
0 0.494375 0.279687 0.005750 0.007292
0 0.475250 0.272135 0.003000 0.015104
0 0.478000 0.269271 0.003500 0.012500
0 0.471500 0.252865 0.006000 0.010937
0 0.461625 0.245573 0.004750 0.011979
0 0.461875 0.233854 0.004250 0.011458
0 0.465125 0.241146 0.003750 0.010417
0 0.489000 0.235417 0.005500 0.007292
0 0.491625 0.226042 0.004750 0.013542
0 0.477625 0.176302 0.003750 0.015104
0 0.484750 0.164323 0.005000 0.013021
0 0.490500 0.152865 0.006000 0.015104
0 0.480750 0.161458 0.003500 0.012500
0 0.473750 0.149479 0.004000 0.013542
0 0.470125 0.159115 0.005250 0.013021
0 0.470000 0.175781 0.004500 0.011979
0 0.474000 0.177083 0.004000 0.016667
0 0.458250 0.119271 0.005000 0.013542
0 0.478500 0.119792 0.006500 0.009375
0 0.471500 0.131250 0.005000 0.009375
0 0.473750 0.124740 0.005000 0.005729
0 0.478125 0.153906 0.002750 0.013021
0 0.474750 0.166406 0.003500 0.013021
0 0.469875 0.194792 0.003250 0.013542
0 0.466625 0.198177 0.003250 0.015104
0 0.468625 0.057552 0.007750 0.009896
0 0.466375 0.069531 0.005750 0.015104
0 0.429250 0.252083 0.008000 0.016667
0 0.492125 0.364583 0.004750 0.011458
0 0.492000 0.377083 0.004000 0.012500
0 0.482375 0.401562 0.005250 0.011458
0 0.480375 0.417187 0.004750 0.012500
0 0.484375 0.431771 0.005750 0.013542
0 0.422500 0.558073 0.007000 0.015104
0 0.422625 0.607552 0.006250 0.010937
0 0.458500 0.700000 0.004500 0.013542
0 0.450750 0.666927 0.005500 0.011979
0 0.470125 0.657031 0.005750 0.015104
0 0.473375 0.643229 0.005250 0.012500
0 0.482250 0.620833 0.005000 0.016667
0 0.457375 0.628646 0.004750 0.012500
0 0.464375 0.625260 0.004250 0.010937
0 0.458500 0.606510 0.005500 0.009896
0 0.471250 0.593229 0.005500 0.015625
0 0.454750 0.586719 0.006500 0.008854
0 0.456375 0.578906 0.006250 0.007812
0 0.469625 0.565104 0.003750 0.013542
0 0.472500 0.558073 0.004000 0.016146
0 0.506125 0.506510 0.005250 0.010937
0 0.491375 0.525521 0.005750 0.012500
0 0.511750 0.531771 0.004000 0.009375
0 0.511750 0.525000 0.005000 0.009375
0 0.526375 0.510417 0.006750 0.007292
0 0.518000 0.492708 0.005500 0.016667
0 0.509625 0.493490 0.003750 0.011979
0 0.498875 0.491406 0.006750 0.008854
0 0.494750 0.500000 0.006000 0.013542
0 0.503625 0.470312 0.007750 0.009375
0 0.509375 0.447917 0.006250 0.013542
0 0.500750 0.444792 0.004500 0.011458
0 0.501750 0.441927 0.004000 0.006771
0 0.498250 0.390625 0.004000 0.012500
0 0.502750 0.383854 0.004500 0.012500
0 0.517750 0.384896 0.003000 0.012500
0 0.524875 0.380208 0.004750 0.011458
0 0.511125 0.403385 0.002250 0.013021
0 0.513500 0.402344 0.002500 0.013021
0 0.524000 0.365885 0.003500 0.013021
0 0.518125 0.353906 0.003750 0.011979
0 0.521625 0.346615 0.002250 0.011979
0 0.525500 0.351302 0.002500 0.013021
0 0.523250 0.351562 0.003000 0.011458
0 0.533000 0.319531 0.005000 0.010937
0 0.530625 0.330469 0.005250 0.010937
0 0.538250 0.332292 0.004000 0.015625
0 0.535000 0.338281 0.003500 0.011979
0 0.531375 0.339323 0.004250 0.013021
0 0.531375 0.347917 0.004750 0.007292
0 0.534750 0.351562 0.004500 0.012500
0 0.544750 0.300521 0.005500 0.013542
0 0.540625 0.291667 0.003250 0.014583
0 0.537875 0.289844 0.002750 0.014063
0 0.513625 0.261719 0.006250 0.008854
0 0.510375 0.285156 0.003250 0.005729
0 0.511375 0.291406 0.005750 0.011979
0 0.550000 0.272396 0.004000 0.013542
0 0.546500 0.273698 0.005500 0.011979
0 0.565750 0.254427 0.004500 0.015104
0 0.573000 0.262240 0.004000 0.013021
0 0.569875 0.176823 0.003750 0.013021
0 0.563625 0.178125 0.004250 0.014583
0 0.560500 0.186458 0.005000 0.010417
0 0.568500 0.168490 0.005500 0.008854
0 0.557125 0.308854 0.004250 0.012500
0 0.557375 0.317448 0.005250 0.006771
0 0.557375 0.325000 0.004750 0.012500
0 0.553125 0.319531 0.004750 0.009896
0 0.545625 0.337240 0.005250 0.007812
0 0.547875 0.329688 0.003250 0.011458
0 0.550125 0.332292 0.002250 0.012500
0 0.553250 0.328646 0.004000 0.009375
0 0.579000 0.351823 0.005000 0.016146
0 0.571500 0.338542 0.004500 0.014583
0 0.543375 0.351042 0.005250 0.013542
0 0.536875 0.372917 0.003750 0.014583
0 0.518750 0.368229 0.005000 0.013542
0 0.555625 0.373177 0.005750 0.013021
0 0.561125 0.358854 0.004750 0.005208
0 0.561500 0.354427 0.005500 0.005729
0 0.562500 0.348958 0.005500 0.005208
0 0.562500 0.345052 0.005500 0.004687
0 0.554500 0.355469 0.002500 0.013021
0 0.552125 0.355990 0.002750 0.016146
0 0.544875 0.386458 0.004750 0.013542
0 0.548250 0.358333 0.004000 0.011458
0 0.556125 0.405208 0.004750 0.013542
0 0.540000 0.391667 0.004000 0.011458
0 0.541250 0.395313 0.003000 0.012500
0 0.542375 0.418750 0.003250 0.012500
0 0.540375 0.413542 0.003250 0.013542
0 0.536750 0.413802 0.003500 0.013021
0 0.532375 0.420052 0.004250 0.011979
0 0.521750 0.433594 0.003000 0.013021
0 0.525625 0.434375 0.003250 0.018750
0 0.532625 0.430469 0.002250 0.008854
0 0.535750 0.432812 0.003000 0.013542
0 0.557250 0.424219 0.003000 0.010937
0 0.555500 0.422396 0.003500 0.012500
0 0.560500 0.407031 0.004500 0.011979
0 0.543500 0.460156 0.006000 0.013021
0 0.550250 0.472917 0.004000 0.012500
0 0.545875 0.474219 0.004250 0.009896
0 0.541625 0.473958 0.003250 0.011458
0 0.523625 0.458854 0.004250 0.012500
0 0.525750 0.461979 0.004000 0.009375
0 0.533125 0.477344 0.003750 0.009896
0 0.529750 0.486719 0.004000 0.010937
0 0.526875 0.480990 0.002750 0.011979
0 0.523750 0.485156 0.004000 0.011979
0 0.522250 0.480208 0.004000 0.009375
0 0.530125 0.476042 0.002750 0.012500
0 0.511750 0.477604 0.003000 0.015625
0 0.515500 0.476823 0.004000 0.013021
0 0.496750 0.738542 0.008500 0.016667
0 0.530375 0.761719 0.004750 0.007812
0 0.578500 0.469010 0.006000 0.013021
0 0.269750 0.097135 0.007500 0.016146
0 0.088125 0.226562 0.007250 0.013542
0 0.610000 0.037500 0.004000 0.009375
