0 0.340750 0.942708 0.005500 0.007292
0 0.339750 0.935417 0.005500 0.009375
0 0.399250 0.926823 0.005500 0.014063
0 0.372625 0.833854 0.006750 0.009375
0 0.378500 0.817708 0.005500 0.010417
0 0.401250 0.817969 0.006000 0.011979
0 0.422125 0.776563 0.005250 0.008333
0 0.425375 0.726562 0.004750 0.010417
0 0.490125 0.672135 0.003250 0.009896
0 0.500500 0.669792 0.004000 0.010417
0 0.212375 0.583594 0.004750 0.013021
0 0.445750 0.548177 0.005000 0.007812
0 0.446375 0.539583 0.006250 0.012500
0 0.302875 0.307031 0.006750 0.013021
0 0.314375 0.348438 0.006250 0.012500
0 0.319375 0.342708 0.004750 0.008333
0 0.269500 0.219531 0.006000 0.011979
0 0.180750 0.218750 0.007500 0.012500
0 0.214625 0.150781 0.006250 0.013021
0 0.233125 0.169531 0.005750 0.009896
0 0.212750 0.107552 0.003500 0.010937
0 0.459875 0.039583 0.003750 0.011458
0 0.433375 0.100781 0.005250 0.008854
0 0.437750 0.094792 0.005000 0.007292
0 0.473875 0.116667 0.003750 0.011458
0 0.490375 0.182031 0.004250 0.011979
0 0.481375 0.320052 0.003750 0.014063
0 0.491625 0.348698 0.004250 0.011979
0 0.494500 0.342448 0.003500 0.011979
0 0.511750 0.387240 0.005000 0.010937
0 0.618375 0.368750 0.005750 0.013542
0 0.653000 0.314063 0.006500 0.010417
0 0.655000 0.325000 0.007500 0.011458
0 0.645125 0.342448 0.004250 0.009896
0 0.636625 0.349479 0.004250 0.009375
0 0.641625 0.357812 0.006750 0.014583
0 0.677750 0.172656 0.004000 0.014063
0 0.643500 0.617708 0.005500 0.010417
0 0.677500 0.575521 0.005000 0.009375
0 0.685625 0.586198 0.006250 0.010937
0 0.653750 0.721094 0.006000 0.008854
0 0.662500 0.748958 0.006000 0.012500
0 0.678250 0.777865 0.008500 0.019271
0 0.708500 0.744531 0.007500 0.008854
0 0.656250 0.668750 0.005000 0.006250
0 0.890375 0.887500 0.005750 0.009375
