0 0.061979 0.394125 0.013542 0.004250
0 0.326823 0.382375 0.015104 0.007250
0 0.338021 0.354625 0.009375 0.006750
0 0.337760 0.345750 0.011979 0.006000
0 0.347656 0.325500 0.010937 0.007500
0 0.332813 0.300375 0.005208 0.009250
0 0.338542 0.300625 0.006250 0.007250
0 0.414062 0.280000 0.009375 0.007500
0 0.305208 0.233875 0.013542 0.007750
0 0.351042 0.206625 0.012500 0.006750
0 0.384896 0.205375 0.012500 0.005250
0 0.341406 0.249125 0.007812 0.006250
0 0.336719 0.245875 0.013021 0.005750
0 0.695573 0.114250 0.011979 0.007500
0 0.668490 0.170750 0.008854 0.008500
0 0.733854 0.202375 0.016667 0.005250
0 0.749479 0.229875 0.010417 0.007750
0 0.688542 0.230375 0.014583 0.006250
0 0.658333 0.238875 0.013542 0.006750
0 0.567708 0.250875 0.009375 0.006750
0 0.568490 0.269375 0.008854 0.006250
0 0.589063 0.269750 0.013542 0.009000
0 0.532552 0.348250 0.009896 0.009000
0 0.420052 0.427125 0.011979 0.007250
0 0.432031 0.438875 0.015104 0.004250
0 0.433594 0.489375 0.011979 0.005750
0 0.755990 0.404500 0.013021 0.005500
0 0.834896 0.380750 0.015625 0.004500
0 0.981510 0.547250 0.019271 0.005000
0 0.976302 0.570875 0.018229 0.007250
0 0.860417 0.565500 0.010417 0.005000
0 0.817708 0.562125 0.011458 0.005250
0 0.790885 0.559125 0.014063 0.005250
0 0.635417 0.617875 0.014583 0.005250
0 0.668750 0.605875 0.009375 0.008250
0 0.799479 0.633625 0.009375 0.007250
0 0.865104 0.637500 0.013542 0.005500
0 0.820833 0.657500 0.015625 0.007000
0 0.920312 0.663375 0.012500 0.007750
0 0.928385 0.655000 0.014063 0.007000
0 0.944271 0.660375 0.015625 0.007250
0 0.908333 0.684625 0.012500 0.005250
0 0.871875 0.683500 0.010417 0.006000
0 0.965885 0.675000 0.011979 0.006500
0 0.474740 0.691250 0.011979 0.005500
0 0.416927 0.692375 0.010937 0.005250
0 0.435937 0.712625 0.010417 0.005250
0 0.425521 0.733625 0.008333 0.006250
0 0.469531 0.739750 0.016146 0.004000
0 0.469792 0.744625 0.010417 0.006250
0 0.468490 0.816125 0.010937 0.007250
0 0.370312 0.938250 0.011458 0.005500
0 0.355469 0.787125 0.007812 0.006250
0 0.103646 0.045875 0.007292 0.007750
