0 0.240365 0.509875 0.013021 0.005250
0 0.207031 0.504250 0.010937 0.007000
0 0.186458 0.494125 0.014583 0.004250
0 0.250781 0.481000 0.014063 0.005000
0 0.234896 0.466125 0.010417 0.007250
0 0.204687 0.470750 0.014583 0.007500
0 0.189062 0.475875 0.011458 0.002750
0 0.189323 0.473875 0.015104 0.003250
0 0.175000 0.447375 0.009375 0.006750
0 0.229948 0.445250 0.015104 0.007000
0 0.245833 0.431375 0.014583 0.005250
0 0.176302 0.425250 0.014063 0.005000
0 0.156250 0.412625 0.010417 0.006750
0 0.180729 0.399375 0.012500 0.005750
0 0.156250 0.389250 0.008333 0.006500
0 0.185156 0.407000 0.009896 0.004500
0 0.179948 0.405750 0.007812 0.007500
0 0.216406 0.405875 0.008854 0.006250
0 0.231250 0.405375 0.013542 0.004750
0 0.238021 0.402125 0.011458 0.006250
0 0.247135 0.380375 0.011979 0.006750
0 0.136458 0.370125 0.012500 0.005750
0 0.180990 0.347125 0.013021 0.007250
0 0.153646 0.346000 0.025000 0.008000
0 0.289583 0.519625 0.015625 0.006750
0 0.397135 0.454125 0.009896 0.005250
0 0.384115 0.446625 0.007812 0.005750
0 0.396354 0.439375 0.010417 0.004250
0 0.429167 0.474000 0.010417 0.002500
0 0.435937 0.470250 0.009375 0.005000
0 0.441667 0.459625 0.012500 0.006250
0 0.465885 0.452625 0.014063 0.004250
0 0.459375 0.445625 0.010417 0.004750
0 0.461719 0.441625 0.010937 0.004250
0 0.493490 0.436250 0.009896 0.005000
0 0.496615 0.443250 0.010937 0.004500
0 0.509115 0.441000 0.010937 0.006000
0 0.446615 0.422625 0.013021 0.004750
0 0.446615 0.415750 0.013021 0.005500
0 0.414062 0.410750 0.015625 0.004500
0 0.474740 0.405375 0.006771 0.005750
0 0.480469 0.405375 0.005729 0.004750
0 0.508333 0.393000 0.009375 0.006000
0 0.521875 0.383125 0.009375 0.005750
0 0.507292 0.376375 0.013542 0.004750
0 0.595833 0.373000 0.011458 0.005500
0 0.588021 0.379125 0.012500 0.004250
0 0.581510 0.392000 0.008854 0.006000
0 0.576042 0.384500 0.011458 0.005000
0 0.541927 0.402625 0.015104 0.005250
0 0.562760 0.358500 0.013021 0.004500
0 0.568750 0.355125 0.009375 0.003250
0 0.485156 0.429625 0.010937 0.004750
0 0.482031 0.428000 0.009896 0.003500
0 0.521875 0.460750 0.011458 0.005000
0 0.399479 0.556500 0.006250 0.006000
0 0.421094 0.550500 0.011979 0.004000
0 0.475521 0.528125 0.012500 0.004750
0 0.458854 0.531000 0.012500 0.003500
0 0.458594 0.534875 0.009896 0.003250
0 0.463802 0.536250 0.011979 0.004000
0 0.526302 0.521875 0.007812 0.003750
0 0.523438 0.518125 0.008333 0.005750
0 0.552344 0.514500 0.014063 0.006500
0 0.565885 0.523750 0.010937 0.004500
0 0.646615 0.506125 0.020313 0.007250
0 0.635417 0.500875 0.005208 0.003750
0 0.634115 0.499375 0.009896 0.004750
0 0.585156 0.488125 0.014063 0.003750
0 0.558594 0.484500 0.007812 0.007000
0 0.560677 0.465500 0.013021 0.004000
0 0.599219 0.471375 0.014063 0.004750
0 0.600260 0.466875 0.015104 0.003250
0 0.610156 0.448375 0.015104 0.004750
0 0.642708 0.438125 0.013542 0.005250
0 0.653906 0.450375 0.008854 0.003250
0 0.653385 0.448500 0.011979 0.004000
0 0.699479 0.442875 0.010417 0.004250
0 0.695052 0.439500 0.008854 0.005000
0 0.758073 0.470750 0.015104 0.005500
0 0.732812 0.456625 0.012500 0.004750
0 0.722135 0.455000 0.009896 0.006000
0 0.717708 0.455625 0.009375 0.004750
0 0.714323 0.458750 0.011979 0.003500
0 0.705729 0.456750 0.011458 0.003000
0 0.712500 0.447750 0.013542 0.003500
0 0.701302 0.447250 0.006771 0.005000
0 0.698177 0.454750 0.009896 0.004500
0 0.691406 0.452250 0.004687 0.004500
0 0.696094 0.451500 0.004687 0.004500
0 0.681510 0.466000 0.014063 0.003000
0 0.659635 0.464125 0.014063 0.002750
0 0.651042 0.467500 0.006250 0.006000
0 0.641667 0.469000 0.011458 0.005000
0 0.670052 0.462750 0.009896 0.002500
0 0.669792 0.460375 0.013542 0.002250
0 0.681771 0.460000 0.008333 0.003000
0 0.680208 0.457875 0.012500 0.002750
0 0.646354 0.478000 0.013542 0.004500
0 0.631771 0.480125 0.014583 0.003250
0 0.649219 0.486000 0.013021 0.005000
0 0.624740 0.484000 0.009896 0.005500
0 0.619271 0.477625 0.009375 0.003750
0 0.616406 0.475875 0.010937 0.003250
0 0.605208 0.483625 0.008333 0.005250
0 0.603646 0.482000 0.009375 0.003000
0 0.666406 0.479375 0.013021 0.003750
0 0.667969 0.483000 0.011979 0.003500
0 0.677604 0.483625 0.007292 0.004750
0 0.680469 0.482125 0.011979 0.005250
0 0.407812 0.579625 0.008333 0.005250
0 0.531771 0.584500 0.009375 0.005000
0 0.596615 0.590250 0.009896 0.003000
0 0.570312 0.557625 0.007292 0.005250
0 0.589323 0.559625 0.013021 0.004750
0 0.651302 0.582875 0.010937 0.004250
0 0.675260 0.563750 0.009896 0.007000
0 0.694271 0.552000 0.010417 0.004500
0 0.716406 0.573500 0.017188 0.006000
0 0.740104 0.580125 0.010417 0.004750
0 0.716667 0.598125 0.008333 0.005750
0 0.742708 0.594125 0.009375 0.004750
0 0.751042 0.595000 0.007292 0.006000
0 0.798958 0.581625 0.010417 0.003250
0 0.674740 0.591500 0.007812 0.006500
0 0.659896 0.594500 0.010417 0.002500
0 0.660156 0.592250 0.010937 0.002500
0 0.661979 0.590625 0.010417 0.002750
0 0.415885 0.673125 0.009896 0.004250
0 0.394271 0.744250 0.012500 0.006000
0 0.299479 0.734375 0.011458 0.006250
0 0.217708 0.947375 0.015625 0.006250
0 0.353125 0.995500 0.013542 0.006000
0 0.358073 0.151125 0.015104 0.007750
0 0.221875 0.079500 0.012500 0.006000
0 0.202083 0.075875 0.013542 0.005750
0 0.426042 0.053500 0.013542 0.009000
0 0.100260 0.408625 0.013021 0.006250
0 0.886198 0.696500 0.011979 0.007000
0 0.951042 0.587125 0.012500 0.004750
