0 0.279500 0.483333 0.004000 0.014583
0 0.312000 0.440365 0.005500 0.011979
0 0.342000 0.276562 0.007000 0.008333
0 0.344250 0.257031 0.006000 0.006771
0 0.340250 0.263021 0.004000 0.006250
0 0.341250 0.266927 0.004000 0.008854
0 0.345500 0.236719 0.002500 0.009896
0 0.347875 0.234635 0.002750 0.008854
0 0.358625 0.208594 0.005250 0.006771
0 0.357625 0.205208 0.005750 0.005208
0 0.343000 0.204687 0.005500 0.008333
0 0.338625 0.200000 0.003250 0.011458
0 0.344375 0.186198 0.003750 0.009896
0 0.347000 0.218229 0.004000 0.008333
0 0.346000 0.215365 0.003500 0.009896
0 0.344125 0.332813 0.003750 0.009375
0 0.346875 0.317188 0.003750 0.011458
0 0.567875 0.047656 0.006250 0.014063
0 0.605875 0.095312 0.003750 0.014583
0 0.530125 0.144271 0.002750 0.011458
0 0.518000 0.241667 0.006000 0.008333
0 0.423750 0.167448 0.006000 0.008854
0 0.435500 0.241667 0.004000 0.013542
0 0.433000 0.259115 0.004500 0.010937
0 0.424375 0.236458 0.002750 0.012500
0 0.422500 0.235417 0.003500 0.012500
0 0.447375 0.268229 0.006250 0.008333
0 0.432125 0.294792 0.004750 0.012500
0 0.418750 0.312760 0.005500 0.011979
0 0.399125 0.317448 0.008250 0.010937
0 0.380000 0.309635 0.005000 0.015104
0 0.392500 0.337500 0.004000 0.011458
0 0.386750 0.341927 0.004500 0.011979
0 0.383375 0.350260 0.005750 0.011979
0 0.389375 0.364063 0.005250 0.011458
0 0.384500 0.371875 0.004500 0.010417
0 0.381375 0.367448 0.005750 0.010937
0 0.373375 0.392969 0.005250 0.013021
0 0.370250 0.405469 0.007500 0.006771
0 0.360875 0.410938 0.004250 0.013542
0 0.359375 0.408854 0.003750 0.011458
0 0.344000 0.492969 0.003500 0.015104
0 0.356250 0.466146 0.005500 0.008333
0 0.374000 0.434375 0.006000 0.008333
0 0.376750 0.428125 0.004500 0.006250
0 0.380000 0.418750 0.004500 0.005208
0 0.390375 0.409635 0.004750 0.009896
0 0.385875 0.409896 0.004250 0.010417
0 0.381750 0.411719 0.004500 0.008854
0 0.390250 0.394792 0.004000 0.010417
0 0.395500 0.383333 0.003500 0.009375
0 0.411125 0.374740 0.004750 0.011979
0 0.413000 0.365885 0.004500 0.005729
0 0.413125 0.358594 0.005250 0.009896
0 0.417500 0.357292 0.004500 0.009375
0 0.422125 0.341406 0.004750 0.010937
0 0.426625 0.337500 0.004250 0.010417
0 0.432250 0.325521 0.005500 0.006250
0 0.432125 0.320312 0.004250 0.008333
0 0.443625 0.337500 0.004250 0.008333
0 0.478375 0.285677 0.006750 0.009896
0 0.464625 0.270052 0.005250 0.006771
0 0.464625 0.265885 0.004750 0.009896
0 0.409750 0.297656 0.002500 0.013021
0 0.407000 0.296875 0.003500 0.011458
0 0.344500 0.544531 0.007000 0.007812
0 0.363875 0.525260 0.005250 0.013021
0 0.378500 0.495312 0.005000 0.007292
0 0.412125 0.488021 0.004250 0.009375
0 0.410875 0.483854 0.004750 0.011458
0 0.424500 0.482292 0.005000 0.005208
0 0.422375 0.477083 0.006750 0.006250
0 0.432625 0.472656 0.004750 0.008854
0 0.431750 0.468490 0.005000 0.008854
0 0.445750 0.496615 0.005000 0.010937
0 0.445250 0.483594 0.005500 0.009896
0 0.449000 0.467969 0.006500 0.008854
0 0.453875 0.449740 0.006250 0.008854
0 0.461750 0.457813 0.005500 0.010417
0 0.480750 0.468490 0.003500 0.016146
0 0.480500 0.433854 0.003500 0.011458
0 0.475125 0.437240 0.005250 0.008854
0 0.483625 0.424219 0.005750 0.010937
0 0.474625 0.413802 0.004750 0.009896
0 0.497625 0.436979 0.004750 0.010417
0 0.499000 0.433854 0.004000 0.009375
0 0.503000 0.460677 0.003500 0.009896
0 0.501250 0.458854 0.004000 0.009375
0 0.524625 0.365885 0.005750 0.005729
0 0.414250 0.465104 0.005500 0.009375
0 0.416625 0.584115 0.006750 0.007812
0 0.426375 0.614323 0.005250 0.016146
0 0.436125 0.616146 0.005250 0.009375
0 0.434625 0.609635 0.005750 0.009896
0 0.453000 0.654948 0.007500 0.008854
0 0.446750 0.667969 0.004500 0.016146
0 0.439500 0.590625 0.003000 0.007292
0 0.441500 0.590104 0.004500 0.008333
0 0.459500 0.599479 0.006500 0.007292
0 0.471125 0.603125 0.006250 0.007292
0 0.467250 0.633854 0.004500 0.014583
0 0.457000 0.612760 0.006500 0.007812
0 0.468375 0.616667 0.006750 0.010417
0 0.462125 0.619792 0.004250 0.012500
0 0.458500 0.630729 0.006500 0.006250
0 0.463250 0.630729 0.004000 0.009375
0 0.480125 0.629167 0.002750 0.010417
0 0.478500 0.623698 0.006000 0.008854
0 0.493125 0.637240 0.003750 0.010937
0 0.497750 0.627604 0.003500 0.014583
0 0.501750 0.617969 0.006500 0.009896
0 0.510875 0.620313 0.003750 0.009375
0 0.511750 0.634115 0.004500 0.007812
0 0.512375 0.638021 0.004250 0.008333
0 0.517250 0.638281 0.005500 0.009896
0 0.528000 0.640885 0.005500 0.011979
0 0.521375 0.626042 0.006750 0.008333
0 0.528500 0.626823 0.004500 0.008854
0 0.531625 0.623698 0.003750 0.010937
0 0.539250 0.618490 0.005000 0.008854
0 0.544875 0.625521 0.005750 0.008333
0 0.541625 0.630208 0.006250 0.009375
0 0.544125 0.650000 0.005250 0.008333
0 0.556875 0.627865 0.005250 0.007812
0 0.558500 0.650521 0.006000 0.007292
0 0.567500 0.652604 0.004000 0.012500
0 0.585625 0.652865 0.006750 0.008854
0 0.550625 0.633854 0.006750 0.009375
0 0.632250 0.646094 0.006500 0.008854
0 0.640000 0.645052 0.006500 0.008854
0 0.626125 0.118490 0.006250 0.015104
0 0.652000 0.187500 0.004000 0.012500
0 0.453000 0.342708 0.007000 0.014583
0 0.876000 0.590365 0.009000 0.013021
