0 0.292250 0.174479 0.007000 0.008333
0 0.344250 0.164323 0.005500 0.008854
0 0.334375 0.183854 0.003750 0.010417
0 0.361750 0.218490 0.006500 0.008854
0 0.360750 0.253906 0.006500 0.009896
0 0.425875 0.555208 0.006250 0.007292
0 0.421875 0.563021 0.005250 0.009375
0 0.354750 0.614323 0.005500 0.014063
0 0.380750 0.657552 0.005500 0.014063
0 0.376500 0.641406 0.004000 0.005729
0 0.375875 0.638802 0.005250 0.007812
0 0.376125 0.719271 0.004250 0.012500
0 0.353500 0.725000 0.005500 0.013542
0 0.299250 0.814583 0.005000 0.007292
0 0.533000 0.617188 0.004000 0.010417
0 0.508750 0.700260 0.005000 0.009896
0 0.512000 0.694271 0.002000 0.010417
0 0.510375 0.694271 0.001750 0.011458
0 0.513000 0.680469 0.003500 0.009896
0 0.515750 0.679427 0.002500 0.011979
0 0.501875 0.693229 0.002250 0.012500
0 0.499875 0.692708 0.002250 0.010417
0 0.597625 0.533333 0.003750 0.007292
0 0.607875 0.531250 0.003750 0.012500
0 0.604625 0.534115 0.003750 0.014063
0 0.619250 0.563021 0.005000 0.011458
0 0.618500 0.572656 0.003500 0.011979
0 0.599625 0.594531 0.004750 0.014063
0 0.699250 0.323437 0.006500 0.009375
0 0.478750 0.047135 0.004000 0.010937
0 0.472750 0.042448 0.003000 0.008854
