0 0.049875 0.091406 0.008250 0.018229
0 0.180000 0.125260 0.007500 0.014063
0 0.216875 0.248698 0.009250 0.010937
0 0.138375 0.565885 0.004250 0.008854
0 0.135000 0.563021 0.003000 0.006250
0 0.142625 0.626042 0.004250 0.011458
0 0.109375 0.545833 0.006750 0.012500
0 0.204250 0.597396 0.004500 0.009375
0 0.182250 0.489323 0.006500 0.008854
0 0.212125 0.686198 0.004750 0.011979
0 0.206750 0.698698 0.004500 0.008854
0 0.209250 0.697917 0.004000 0.008333
0 0.265750 0.617188 0.006500 0.008333
0 0.302625 0.590885 0.005250 0.017188
0 0.298875 0.588542 0.003750 0.015625
0 0.292125 0.616146 0.007250 0.013542
0 0.287375 0.603646 0.003250 0.012500
0 0.284750 0.601562 0.004500 0.011458
0 0.293625 0.573698 0.006250 0.009896
0 0.302625 0.545052 0.005250 0.010937
0 0.300750 0.540104 0.003500 0.010417
0 0.273875 0.564844 0.005750 0.007812
0 0.276125 0.560677 0.004750 0.011979
0 0.238875 0.530469 0.007250 0.014063
0 0.298750 0.501563 0.004000 0.012500
0 0.300875 0.408594 0.004250 0.015104
0 0.299125 0.381510 0.005750 0.013021
0 0.302000 0.360156 0.006500 0.011979
0 0.292125 0.336719 0.005250 0.010937
0 0.313375 0.344271 0.003750 0.014583
0 0.323625 0.329167 0.006250 0.011458
0 0.333375 0.277344 0.004250 0.013021
0 0.325500 0.293750 0.006000 0.007292
0 0.325875 0.306250 0.004750 0.012500
0 0.338625 0.300000 0.007750 0.012500
0 0.331375 0.190625 0.003750 0.012500
0 0.386750 0.210417 0.006000 0.011458
0 0.383750 0.185417 0.006000 0.012500
0 0.377125 0.226562 0.004250 0.006250
0 0.374125 0.233854 0.004750 0.012500
0 0.385375 0.114062 0.007250 0.015625
0 0.342125 0.010156 0.007750 0.020313
0 0.392000 0.007031 0.004000 0.014063
0 0.324750 0.379427 0.002500 0.011979
0 0.326875 0.377604 0.002750 0.011458
0 0.318500 0.433333 0.006000 0.006250
0 0.316750 0.436458 0.005000 0.010417
0 0.314375 0.437500 0.003750 0.011458
0 0.318500 0.753906 0.008000 0.009896
0 0.340250 0.762760 0.009000 0.010937
0 0.352750 0.757031 0.005500 0.008854
0 0.351625 0.752604 0.004250 0.009375
0 0.334500 0.738021 0.006500 0.006250
0 0.334125 0.732812 0.005250 0.005208
0 0.369500 0.737240 0.006500 0.010937
0 0.390625 0.751563 0.007250 0.012500
0 0.370000 0.673177 0.006000 0.010937
0 0.394125 0.700260 0.007250 0.011979
0 0.408750 0.690365 0.005000 0.016146
0 0.419750 0.694792 0.004500 0.012500
0 0.426625 0.682813 0.005750 0.006250
0 0.426250 0.678385 0.005500 0.006771
0 0.441500 0.657292 0.005000 0.008333
0 0.437375 0.655469 0.002750 0.013021
0 0.437625 0.646094 0.005250 0.009896
0 0.433375 0.619531 0.004250 0.011979
0 0.400250 0.601302 0.005500 0.010937
0 0.452625 0.621875 0.006250 0.011458
0 0.453250 0.589063 0.006000 0.013542
0 0.456375 0.555469 0.008250 0.008854
0 0.468875 0.567969 0.006750 0.009896
0 0.487750 0.562500 0.005000 0.013542
0 0.499125 0.567969 0.006750 0.009896
0 0.521625 0.538542 0.005250 0.013542
0 0.494625 0.506771 0.004750 0.010417
0 0.503750 0.495833 0.004500 0.010417
0 0.502125 0.493750 0.003250 0.008333
0 0.524000 0.510156 0.005000 0.006771
0 0.528125 0.513021 0.004750 0.010417
0 0.550125 0.521094 0.004750 0.009896
0 0.557250 0.514844 0.003500 0.014063
0 0.560875 0.521354 0.004750 0.010417
0 0.508125 0.612240 0.005750 0.009896
0 0.529375 0.580208 0.007250 0.010417
0 0.598500 0.545052 0.005500 0.014063
0 0.586000 0.493229 0.006500 0.011458
0 0.524375 0.362240 0.006750 0.011979
0 0.529125 0.287760 0.006250 0.011979
0 0.596125 0.245833 0.006750 0.010417
0 0.611125 0.301042 0.006250 0.006250
0 0.609000 0.306771 0.007500 0.011458
0 0.617750 0.353906 0.006500 0.008854
0 0.631125 0.350781 0.007250 0.011979
0 0.627625 0.374740 0.009750 0.014063
0 0.321375 0.879948 0.006250 0.010937
0 0.334250 0.884896 0.006500 0.016667
0 0.374500 0.933073 0.007000 0.010937
0 0.406625 0.919010 0.006250 0.005729
0 0.406875 0.913802 0.005750 0.005729
0 0.437500 0.900521 0.004000 0.014583
0 0.442000 0.898177 0.005500 0.010937
0 0.452750 0.912500 0.007500 0.011458
0 0.443375 0.943750 0.007750 0.008333
0 0.595750 0.945312 0.006500 0.010417
0 0.584125 0.967448 0.005750 0.010937
0 0.579875 0.960156 0.007250 0.013021
0 0.562750 0.947917 0.003500 0.013542
0 0.559625 0.945052 0.003750 0.008854
0 0.554500 0.937760 0.005000 0.008854
0 0.552625 0.945312 0.005750 0.007292
0 0.844750 0.022396 0.006000 0.009375
