0 0.489250 0.614062 0.008000 0.013542
0 0.449875 0.723437 0.008250 0.020833
0 0.432750 0.679427 0.008500 0.016146
0 0.421000 0.688021 0.005500 0.020833
0 0.401750 0.739323 0.007500 0.015104
0 0.403000 0.727083 0.007500 0.010417
0 0.401125 0.713542 0.005250 0.018750
0 0.390625 0.723958 0.009250 0.008333
0 0.391750 0.714323 0.007000 0.013021
0 0.389625 0.708854 0.009750 0.009375
0 0.365750 0.773698 0.007500 0.019271
0 0.382000 0.781250 0.007500 0.016667
0 0.383500 0.767708 0.008000 0.013542
0 0.377500 0.769271 0.005500 0.017708
0 0.357750 0.743750 0.008500 0.013542
0 0.365375 0.737500 0.008250 0.012500
0 0.414875 0.648177 0.008250 0.013021
0 0.396250 0.680990 0.008500 0.011979
0 0.392625 0.675260 0.007250 0.007812
0 0.392625 0.670312 0.008250 0.005208
0 0.392750 0.665625 0.008000 0.007292
0 0.495250 0.501302 0.008000 0.016146
0 0.505375 0.465104 0.007250 0.017708
0 0.467375 0.497656 0.007750 0.011979
0 0.469500 0.489063 0.010000 0.010417
0 0.446375 0.441406 0.007250 0.020313
0 0.453250 0.437760 0.005000 0.007812
0 0.455875 0.441927 0.006250 0.015104
0 0.380250 0.409115 0.007000 0.020313
0 0.370250 0.409896 0.004500 0.013542
0 0.374125 0.412500 0.003750 0.019792
0 0.326125 0.384635 0.011750 0.016146
0 0.247625 0.394792 0.008750 0.012500
0 0.190375 0.313021 0.011750 0.012500
0 0.527625 0.419531 0.010250 0.015104
0 0.510750 0.381510 0.008000 0.019271
0 0.520375 0.357292 0.008750 0.013542
0 0.503250 0.313802 0.007500 0.018229
0 0.496125 0.311458 0.007250 0.017708
0 0.471000 0.286979 0.006500 0.016667
0 0.464000 0.288281 0.008500 0.015104
0 0.478625 0.157812 0.007750 0.027083
0 0.450500 0.190365 0.009000 0.016146
0 0.448750 0.175781 0.009500 0.013021
0 0.454250 0.148698 0.009500 0.010937
0 0.454625 0.138802 0.011250 0.011979
0 0.405250 0.145052 0.010000 0.018229
0 0.400000 0.084375 0.009500 0.014583
0 0.437625 0.072917 0.011750 0.011458
0 0.355750 0.044792 0.012500 0.025000
0 0.388875 0.009375 0.010750 0.017708
0 0.563875 0.325521 0.005250 0.016667
0 0.560375 0.256250 0.006250 0.015625
0 0.557125 0.249740 0.003750 0.016146
0 0.547375 0.217969 0.008250 0.020313
0 0.550625 0.163542 0.006250 0.018750
0 0.538500 0.130208 0.008500 0.017708
0 0.569125 0.016406 0.011750 0.018229
0 0.529500 0.044792 0.004000 0.015625
0 0.533375 0.044531 0.006250 0.021354
0 0.718500 0.390885 0.008000 0.018229
