0 0.421750 0.656771 0.007000 0.013542
0 0.406125 0.659375 0.003750 0.016667
0 0.400125 0.636979 0.004250 0.015625
0 0.415375 0.619010 0.008750 0.011979
0 0.409375 0.625521 0.006250 0.014583
0 0.485000 0.647656 0.004000 0.015104
0 0.424000 0.711198 0.005500 0.016146
0 0.332625 0.741146 0.005750 0.011458
0 0.328250 0.746615 0.006000 0.013021
0 0.334500 0.781250 0.006000 0.013542
0 0.329125 0.794271 0.007250 0.011458
0 0.331000 0.788021 0.006500 0.009375
0 0.335000 0.877083 0.005500 0.019792
0 0.337125 0.933594 0.006250 0.016146
0 0.322375 0.910937 0.006250 0.011458
0 0.315000 0.922135 0.005000 0.010937
0 0.317625 0.928125 0.006250 0.013542
0 0.364500 0.895312 0.009000 0.007292
0 0.373375 0.870052 0.004750 0.015104
0 0.381000 0.869010 0.007000 0.013021
0 0.265500 0.970833 0.008000 0.012500
0 0.270750 0.757292 0.006000 0.011458
0 0.274250 0.750260 0.009000 0.011979
0 0.004125 0.635417 0.008250 0.007292
0 0.004125 0.642188 0.008250 0.007292
0 0.197750 0.740885 0.008500 0.013021
0 0.380750 0.763281 0.005000 0.014063
0 0.382125 0.752083 0.006750 0.009375
0 0.376750 0.746094 0.007000 0.010937
0 0.364625 0.761719 0.007250 0.006771
0 0.358000 0.757812 0.007500 0.007292
0 0.400375 0.564583 0.006250 0.016667
0 0.402375 0.548698 0.007750 0.009896
0 0.384250 0.482292 0.008500 0.009375
0 0.382750 0.495312 0.003000 0.016667
0 0.385875 0.495833 0.003250 0.015625
0 0.382500 0.603906 0.006500 0.011979
0 0.381500 0.583594 0.005000 0.015104
0 0.364750 0.555469 0.003500 0.014063
0 0.368000 0.557292 0.003500 0.014583
0 0.365250 0.544271 0.005500 0.012500
0 0.372375 0.429688 0.003750 0.015625
0 0.358750 0.371875 0.008500 0.008333
0 0.322750 0.318490 0.006000 0.018229
0 0.323500 0.424219 0.003500 0.015104
0 0.320000 0.423958 0.003500 0.012500
0 0.361125 0.473698 0.006750 0.018229
0 0.395750 0.545312 0.004500 0.016667
0 0.391875 0.545052 0.003750 0.016146
0 0.388125 0.558073 0.004750 0.011979
0 0.430625 0.678646 0.005250 0.010417
0 0.523250 0.673177 0.004000 0.016146
0 0.533500 0.611719 0.006500 0.018229
0 0.561500 0.593490 0.004000 0.015104
0 0.567500 0.605208 0.008000 0.009375
0 0.560500 0.611719 0.006500 0.015104
0 0.573625 0.642448 0.007750 0.008854
0 0.591875 0.594792 0.007750 0.008333
0 0.586750 0.750521 0.008000 0.015625
0 0.573125 0.730990 0.004250 0.015104
0 0.544500 0.761198 0.005000 0.013021
0 0.534500 0.810417 0.006000 0.010417
0 0.616125 0.734375 0.004750 0.015625
0 0.611250 0.709115 0.004000 0.014063
0 0.619625 0.695833 0.003250 0.017708
0 0.652625 0.692969 0.006250 0.014063
0 0.646625 0.679688 0.006750 0.012500
0 0.635125 0.712760 0.005750 0.010937
0 0.635625 0.692187 0.004750 0.015625
0 0.640375 0.698698 0.006750 0.009896
0 0.685875 0.664062 0.006250 0.013542
0 0.708750 0.630469 0.007000 0.013021
0 0.700250 0.600521 0.009000 0.009375
0 0.709375 0.653906 0.008250 0.014063
0 0.675375 0.659375 0.007750 0.017708
0 0.707125 0.663802 0.006750 0.010937
0 0.740750 0.600000 0.005000 0.015625
0 0.750500 0.586979 0.005000 0.017708
0 0.760000 0.580469 0.007000 0.013021
0 0.775000 0.567969 0.007000 0.016146
0 0.770125 0.511198 0.008750 0.010937
0 0.851125 0.585938 0.008250 0.010417
0 0.807125 0.588281 0.008250 0.011979
0 0.809000 0.573177 0.009500 0.013021
0 0.814625 0.534896 0.009250 0.015625
0 0.583000 0.697656 0.008000 0.013021
0 0.594500 0.553646 0.005500 0.013542
0 0.600750 0.548958 0.007500 0.008333
0 0.600750 0.542969 0.007500 0.007812
0 0.606125 0.570573 0.005750 0.010937
0 0.535625 0.690104 0.005250 0.010417
0 0.536750 0.682292 0.005500 0.006250
0 0.540750 0.675521 0.004500 0.012500
0 0.491125 0.613802 0.007250 0.007812
0 0.488625 0.622656 0.007250 0.009896
0 0.536875 0.488802 0.004750 0.014063
0 0.528875 0.516927 0.003750 0.014063
0 0.515375 0.571094 0.004750 0.015104
0 0.520125 0.545052 0.005750 0.010937
0 0.508750 0.588021 0.004500 0.014583
0 0.500750 0.619792 0.004500 0.016667
0 0.522750 0.520833 0.003500 0.015625
0 0.527625 0.494792 0.004250 0.012500
0 0.658125 0.518229 0.005250 0.011458
0 0.657625 0.452083 0.008250 0.014583
0 0.649375 0.406771 0.008750 0.014583
0 0.698375 0.415365 0.008750 0.014063
0 0.680375 0.410677 0.007750 0.010937
0 0.674500 0.428125 0.005500 0.015625
0 0.673750 0.417708 0.005000 0.016667
0 0.736875 0.308594 0.006750 0.013021
0 0.777375 0.297135 0.004250 0.018229
0 0.772250 0.298958 0.004000 0.013542
0 0.729625 0.323698 0.008250 0.016146
0 0.774375 0.251823 0.007250 0.006771
0 0.776625 0.257292 0.009750 0.007292
