0 0.181510 0.351875 0.020313 0.009250
0 0.217708 0.394500 0.016667 0.007500
0 0.263802 0.408125 0.013021 0.009250
0 0.551823 0.524125 0.014063 0.007250
0 0.564063 0.496125 0.007292 0.006750
0 0.558333 0.496250 0.008333 0.008000
0 0.585938 0.468875 0.011458 0.004250
0 0.577604 0.464750 0.011458 0.008500
0 0.563542 0.405500 0.010417 0.009000
0 0.600781 0.389375 0.011979 0.008750
0 0.735417 0.260375 0.018750 0.004250
0 0.715365 0.256500 0.011979 0.007500
0 0.987240 0.448375 0.011979 0.009250
0 0.889062 0.506250 0.015625 0.008000
0 0.739323 0.510250 0.017188 0.004500
0 0.724479 0.562125 0.010417 0.008750
0 0.894792 0.582625 0.011458 0.004750
