0 0.184896 0.705500 0.014583 0.007500
0 0.276823 0.699500 0.009896 0.004500
0 0.291927 0.705625 0.013021 0.006250
0 0.408594 0.741125 0.016146 0.005250
0 0.370573 0.652125 0.008854 0.007250
0 0.460677 0.700000 0.006771 0.006500
0 0.456510 0.699750 0.007812 0.007000
0 0.041406 0.523750 0.008854 0.004000
0 0.154427 0.572625 0.010937 0.004750
0 0.327865 0.213125 0.011979 0.006750
0 0.271615 0.341250 0.016146 0.006000
0 0.147135 0.402375 0.011979 0.008250
0 0.216146 0.398125 0.014583 0.004750
0 0.216927 0.396125 0.013021 0.004250
0 0.411979 0.407250 0.011458 0.006500
0 0.349740 0.418000 0.013021 0.003500
0 0.350260 0.415000 0.009896 0.003000
0 0.336979 0.464000 0.013542 0.007000
0 0.339844 0.472000 0.014063 0.005500
0 0.341406 0.477000 0.015104 0.005500
0 0.323177 0.471750 0.009896 0.008000
0 0.308854 0.482750 0.013542 0.004500
0 0.309375 0.500375 0.013542 0.004250
0 0.246615 0.505250 0.013021 0.004000
0 0.320833 0.444750 0.009375 0.005500
0 0.325000 0.445750 0.010417 0.007000
0 0.671875 0.570125 0.007292 0.006250
0 0.665885 0.517500 0.015104 0.004500
0 0.709375 0.545000 0.009375 0.005000
0 0.754167 0.482000 0.007292 0.006500
0 0.744271 0.383750 0.005208 0.008000
0 0.748958 0.383250 0.006250 0.007000
0 0.856771 0.284750 0.012500 0.004500
0 0.870833 0.282625 0.016667 0.004750
0 0.693229 0.665000 0.015625 0.003500
0 0.693750 0.661250 0.014583 0.004500
0 0.734635 0.635500 0.011979 0.004500
0 0.737240 0.633875 0.014063 0.005250
0 0.929948 0.613000 0.011979 0.006500
0 0.831250 0.636125 0.012500 0.003750
0 0.729688 0.749875 0.016667 0.004250
0 0.730990 0.784750 0.009896 0.004000
