0 0.518750 0.734750 0.008333 0.006000
0 0.567187 0.718125 0.010417 0.004750
0 0.479687 0.712875 0.007292 0.004750
0 0.502865 0.699125 0.009896 0.003750
0 0.517448 0.695750 0.007812 0.005000
0 0.557292 0.683000 0.009375 0.004500
0 0.575260 0.676375 0.014063 0.003750
0 0.604427 0.661750 0.013021 0.004500
0 0.625000 0.663250 0.009375 0.006000
0 0.645833 0.670625 0.012500 0.005250
0 0.623958 0.670125 0.010417 0.003750
0 0.616146 0.670375 0.010417 0.005250
0 0.614844 0.665625 0.008854 0.004750
0 0.624479 0.675375 0.009375 0.005750
0 0.619531 0.675250 0.008854 0.003500
0 0.687240 0.628125 0.009896 0.005750
0 0.648177 0.619750 0.007812 0.006500
0 0.634115 0.619250 0.008854 0.006000
0 0.632031 0.614500 0.013021 0.004000
0 0.618229 0.621500 0.012500 0.004000
0 0.610417 0.618500 0.012500 0.005500
0 0.602604 0.623750 0.009375 0.006000
0 0.599219 0.627750 0.010937 0.007000
0 0.580729 0.639875 0.013542 0.006250
0 0.564063 0.645125 0.013542 0.005250
0 0.550000 0.650125 0.015625 0.004250
0 0.547917 0.645375 0.014583 0.005250
0 0.540625 0.633875 0.009375 0.007750
0 0.530208 0.632250 0.011458 0.006500
0 0.498177 0.628625 0.010937 0.006250
0 0.492448 0.634500 0.015104 0.005000
0 0.512500 0.641500 0.013542 0.005000
0 0.524740 0.644750 0.013021 0.005000
0 0.509115 0.650375 0.011979 0.003250
0 0.509375 0.653125 0.014583 0.004250
0 0.526302 0.659000 0.009896 0.007500
0 0.491146 0.645875 0.012500 0.006750
0 0.504948 0.658000 0.016146 0.004000
0 0.505208 0.663625 0.012500 0.006250
0 0.473177 0.658375 0.015104 0.004750
0 0.462240 0.642000 0.011979 0.005500
0 0.447656 0.644625 0.013021 0.005750
0 0.430208 0.653000 0.014583 0.007000
0 0.467187 0.670750 0.014583 0.005500
0 0.483594 0.673000 0.011979 0.004000
0 0.495052 0.673875 0.010937 0.005750
0 0.496615 0.679375 0.010937 0.006250
0 0.461458 0.676250 0.013542 0.005000
0 0.404948 0.668875 0.011979 0.004250
0 0.407812 0.666625 0.012500 0.003750
0 0.393490 0.699625 0.013021 0.004750
0 0.353385 0.673000 0.015104 0.005000
0 0.339583 0.671750 0.012500 0.007500
0 0.323437 0.670875 0.013542 0.007250
0 0.296094 0.679250 0.014063 0.007000
0 0.315104 0.691875 0.013542 0.007250
0 0.294531 0.693250 0.011979 0.004000
0 0.276042 0.691625 0.009375 0.007250
0 0.230469 0.699375 0.013021 0.006250
0 0.310677 0.716625 0.015104 0.003750
0 0.301563 0.713875 0.014583 0.003750
0 0.283854 0.710000 0.013542 0.003500
0 0.279687 0.712125 0.010417 0.005750
0 0.269531 0.710000 0.013021 0.004000
0 0.264583 0.713625 0.013542 0.005250
0 0.254688 0.717625 0.013542 0.004750
0 0.268490 0.723250 0.013021 0.005500
0 0.260156 0.707750 0.011979 0.005000
0 0.250521 0.712000 0.012500 0.006000
0 0.280729 0.707250 0.013542 0.003500
0 0.286198 0.705750 0.013021 0.005000
0 0.290104 0.704500 0.011458 0.004000
0 0.234896 0.729875 0.014583 0.005750
0 0.220573 0.732250 0.009896 0.007000
0 0.223437 0.728125 0.009375 0.006250
0 0.445573 0.696750 0.011979 0.003500
0 0.445833 0.693500 0.012500 0.004500
0 0.649479 0.567500 0.012500 0.005000
0 0.624479 0.577875 0.014583 0.005750
0 0.599740 0.584375 0.013021 0.006250
0 0.606771 0.563250 0.013542 0.004000
0 0.602604 0.560125 0.014583 0.003750
0 0.546615 0.565375 0.016146 0.005250
0 0.555990 0.581000 0.015104 0.004500
0 0.645573 0.556000 0.014063 0.004500
0 0.641667 0.558375 0.008333 0.003750
0 0.632812 0.555750 0.008333 0.005000
0 0.597917 0.546375 0.012500 0.003750
0 0.575521 0.548250 0.009375 0.003500
0 0.561979 0.540750 0.011458 0.003500
0 0.565365 0.545625 0.009896 0.004250
0 0.522396 0.545625 0.008333 0.005750
0 0.494010 0.542750 0.009896 0.007500
0 0.480208 0.537750 0.013542 0.004500
0 0.247396 0.503375 0.019792 0.005250
0 0.200781 0.489250 0.016146 0.005000
0 0.242708 0.491875 0.010417 0.005250
0 0.244271 0.490875 0.009375 0.004750
0 0.085677 0.436125 0.013021 0.004750
0 0.210677 0.457750 0.010937 0.005500
0 0.219531 0.473000 0.008854 0.005000
0 0.212760 0.471250 0.010937 0.003000
0 0.241667 0.476000 0.009375 0.004500
0 0.245833 0.475250 0.009375 0.004500
0 0.239062 0.472125 0.011458 0.003250
0 0.261979 0.478250 0.012500 0.004500
0 0.276042 0.475500 0.010417 0.003000
0 0.277604 0.483625 0.007292 0.004750
0 0.277865 0.490125 0.014063 0.004750
0 0.286719 0.490250 0.005729 0.004000
0 0.298177 0.494000 0.013021 0.005000
0 0.300521 0.488250 0.007292 0.005000
0 0.320833 0.489625 0.007292 0.004250
0 0.329427 0.491250 0.009896 0.004000
0 0.353385 0.505250 0.008854 0.004500
0 0.360156 0.505375 0.009896 0.003250
0 0.372656 0.505000 0.010937 0.003500
0 0.387500 0.514125 0.012500 0.004250
0 0.390625 0.511625 0.006250 0.003750
0 0.395833 0.508875 0.007292 0.005750
0 0.406250 0.510750 0.010417 0.005000
0 0.413281 0.510500 0.009896 0.005500
0 0.418490 0.502375 0.009896 0.004750
0 0.410417 0.500375 0.009375 0.003750
0 0.389844 0.495250 0.014063 0.004000
0 0.388021 0.502750 0.008333 0.004500
0 0.380469 0.500375 0.006771 0.004250
0 0.371875 0.499375 0.007292 0.003250
0 0.372656 0.501500 0.009896 0.003000
0 0.399740 0.502625 0.008854 0.004750
0 0.430990 0.508750 0.009896 0.003500
0 0.432292 0.506875 0.013542 0.003250
0 0.455208 0.510500 0.012500 0.005500
0 0.462240 0.522625 0.009896 0.006250
0 0.497135 0.532125 0.017188 0.005250
0 0.486979 0.522750 0.005208 0.004500
0 0.488281 0.526375 0.008854 0.004250
0 0.498177 0.527375 0.007812 0.003250
0 0.521354 0.538625 0.010417 0.003250
0 0.538281 0.541625 0.008854 0.003250
0 0.443490 0.503875 0.007812 0.004250
0 0.658594 0.560750 0.010937 0.003500
0 0.689323 0.542375 0.011979 0.005750
0 0.665625 0.544875 0.014583 0.003750
0 0.686458 0.527875 0.011458 0.002750
0 0.683854 0.530000 0.011458 0.003500
0 0.623958 0.524875 0.010417 0.006250
0 0.630208 0.523250 0.013542 0.003500
0 0.622917 0.519875 0.011458 0.004250
0 0.600000 0.516875 0.015625 0.004250
0 0.567187 0.510250 0.011458 0.006500
0 0.463802 0.502875 0.011979 0.003750
0 0.450521 0.498125 0.008333 0.006750
0 0.408333 0.464125 0.012500 0.005750
0 0.440104 0.454875 0.009375 0.006250
0 0.425260 0.446875 0.009896 0.006750
0 0.399219 0.454625 0.014063 0.008250
0 0.371354 0.458625 0.012500 0.006250
0 0.346615 0.460000 0.013021 0.007000
0 0.358073 0.449750 0.013021 0.005500
0 0.313021 0.460625 0.011458 0.006250
0 0.295573 0.440375 0.010937 0.003750
0 0.369531 0.426750 0.010937 0.006000
0 0.234375 0.415750 0.016667 0.005000
0 0.263021 0.381625 0.014583 0.004750
0 0.306771 0.396125 0.010417 0.004750
0 0.319010 0.403125 0.013021 0.004250
0 0.344792 0.386500 0.012500 0.004500
0 0.341146 0.393750 0.012500 0.003500
0 0.356510 0.406625 0.015104 0.005250
0 0.427083 0.437375 0.014583 0.003750
0 0.442708 0.430250 0.012500 0.004000
0 0.460156 0.425625 0.013021 0.003750
0 0.426823 0.433125 0.009896 0.005250
0 0.419271 0.431750 0.007292 0.004500
0 0.411198 0.432375 0.011979 0.003750
0 0.431510 0.428625 0.008854 0.004750
0 0.489844 0.455125 0.009896 0.005250
0 0.481250 0.452000 0.009375 0.004000
0 0.517188 0.453125 0.008333 0.004750
0 0.514844 0.463500 0.011979 0.004500
0 0.516146 0.461375 0.007292 0.003750
0 0.520312 0.460750 0.009375 0.004000
0 0.500000 0.457875 0.006250 0.004250
0 0.507292 0.456750 0.010417 0.003000
0 0.507552 0.458375 0.009896 0.005250
0 0.553646 0.453375 0.011458 0.005250
0 0.548958 0.458125 0.011458 0.005750
0 0.565625 0.459250 0.009375 0.004000
0 0.548177 0.466125 0.008854 0.003750
0 0.532552 0.475750 0.014063 0.005500
0 0.547135 0.476375 0.009896 0.003750
0 0.542969 0.474000 0.008854 0.003500
0 0.552344 0.479250 0.008854 0.003000
0 0.561198 0.478375 0.010937 0.003750
0 0.558073 0.472000 0.006771 0.005000
0 0.562240 0.468625 0.007812 0.004750
0 0.586198 0.473000 0.008854 0.005000
0 0.571875 0.489750 0.008333 0.004500
0 0.607552 0.475625 0.007812 0.005250
0 0.611458 0.487500 0.013542 0.006500
0 0.578385 0.491125 0.007812 0.004250
0 0.637760 0.493000 0.010937 0.005000
0 0.630729 0.502500 0.010417 0.004500
0 0.659896 0.507875 0.011458 0.004750
0 0.747656 0.531125 0.007812 0.006250
0 0.733073 0.523375 0.011979 0.003750
0 0.715365 0.519875 0.011979 0.004250
0 0.745052 0.491750 0.009896 0.006500
0 0.704948 0.479875 0.011979 0.006750
0 0.635156 0.476125 0.010937 0.004750
0 0.656510 0.473875 0.009896 0.004750
0 0.664844 0.471000 0.009896 0.006500
0 0.624740 0.470750 0.010937 0.004000
0 0.639323 0.468000 0.009896 0.003500
0 0.630469 0.465750 0.008854 0.003500
0 0.629427 0.462625 0.011979 0.004250
0 0.667969 0.478500 0.006771 0.004000
0 0.664844 0.477375 0.007812 0.004250
0 0.664062 0.480625 0.008333 0.002250
0 0.666146 0.483500 0.011458 0.004000
0 0.614844 0.460250 0.010937 0.004000
0 0.593229 0.456750 0.007292 0.003000
0 0.599479 0.455625 0.007292 0.005250
0 0.607292 0.453875 0.007292 0.005250
0 0.612500 0.454000 0.008333 0.005000
0 0.620313 0.455500 0.009375 0.004500
0 0.611198 0.450500 0.014063 0.003500
0 0.626302 0.445125 0.009896 0.003250
0 0.594010 0.447625 0.011979 0.004750
0 0.587760 0.443375 0.008854 0.002750
0 0.587500 0.440750 0.009375 0.003000
0 0.605469 0.438500 0.007812 0.003000
0 0.609115 0.436250 0.008854 0.005500
0 0.567969 0.426375 0.014063 0.004250
0 0.585417 0.423875 0.010417 0.004750
0 0.582292 0.418875 0.009375 0.006250
0 0.561719 0.420000 0.010937 0.005500
0 0.527083 0.416500 0.012500 0.005000
0 0.543750 0.416500 0.009375 0.004500
0 0.538021 0.410250 0.008333 0.006500
0 0.559896 0.414625 0.008333 0.005250
0 0.564844 0.414375 0.008854 0.005250
0 0.571615 0.414625 0.010937 0.005250
0 0.564844 0.410875 0.009896 0.003250
0 0.553906 0.411500 0.009896 0.002500
0 0.547917 0.409375 0.009375 0.003750
0 0.557292 0.406625 0.008333 0.005250
0 0.510417 0.397750 0.010417 0.004000
0 0.505990 0.394500 0.011979 0.003500
0 0.514062 0.392500 0.009375 0.006500
0 0.502344 0.391125 0.007812 0.004250
0 0.500781 0.387875 0.008854 0.004250
0 0.507292 0.385875 0.010417 0.003750
0 0.501302 0.374750 0.009896 0.007000
0 0.524740 0.389875 0.009896 0.002750
0 0.522917 0.387750 0.009375 0.002000
0 0.480208 0.365500 0.007292 0.006000
0 0.473698 0.364500 0.008854 0.005000
0 0.468750 0.361875 0.011458 0.004250
0 0.460417 0.356000 0.011458 0.006000
0 0.474219 0.367500 0.008854 0.004500
0 0.468490 0.341125 0.009896 0.004750
0 0.481510 0.341625 0.011979 0.004750
0 0.499219 0.354625 0.011979 0.004750
0 0.526563 0.335625 0.011458 0.007750
0 0.547396 0.354125 0.009375 0.006750
0 0.565885 0.359125 0.008854 0.008250
0 0.576823 0.360750 0.010937 0.003500
0 0.576562 0.364125 0.012500 0.003750
0 0.581510 0.365500 0.011979 0.003500
0 0.570052 0.375500 0.011979 0.006000
0 0.570833 0.372125 0.008333 0.005750
0 0.582031 0.373250 0.009896 0.004000
0 0.576823 0.370500 0.010937 0.002500
0 0.578125 0.368750 0.013542 0.002500
0 0.595313 0.377500 0.007292 0.007000
0 0.570573 0.392750 0.010937 0.005000
0 0.574479 0.399125 0.011458 0.005750
0 0.564844 0.397125 0.009896 0.005750
0 0.551823 0.387375 0.006771 0.005250
0 0.545052 0.387875 0.008854 0.005250
0 0.594531 0.413750 0.013021 0.004000
0 0.643490 0.414875 0.011979 0.003250
0 0.644271 0.411500 0.011458 0.005000
0 0.665104 0.425000 0.012500 0.006000
0 0.676562 0.426375 0.006250 0.004750
0 0.688021 0.424500 0.012500 0.008000
0 0.665365 0.433375 0.013021 0.005250
0 0.634115 0.435625 0.011979 0.005750
0 0.677865 0.458375 0.010937 0.007750
0 0.703125 0.457750 0.011458 0.006000
0 0.848177 0.469250 0.014063 0.004500
0 0.888542 0.441500 0.014583 0.005000
0 0.865625 0.365000 0.009375 0.004500
0 0.866927 0.391125 0.007812 0.003250
