0 0.229500 0.036458 0.006000 0.014583
0 0.230250 0.447917 0.004000 0.015625
0 0.358000 0.501823 0.005500 0.010937
0 0.356500 0.473438 0.002000 0.011458
0 0.360375 0.481250 0.002250 0.011458
0 0.362500 0.481250 0.002000 0.010417
0 0.366125 0.482292 0.004250 0.010417
0 0.376125 0.441667 0.004250 0.009375
0 0.375250 0.424219 0.004500 0.010937
0 0.361875 0.413542 0.005250 0.008333
0 0.367000 0.395573 0.005500 0.007812
0 0.375000 0.403125 0.003000 0.009375
0 0.378125 0.401562 0.002750 0.011458
0 0.381875 0.407812 0.004750 0.006250
0 0.383000 0.425260 0.004000 0.010937
0 0.385375 0.417187 0.005250 0.007292
0 0.393000 0.388281 0.005500 0.007812
0 0.394500 0.373177 0.006000 0.007812
0 0.406750 0.338021 0.007000 0.007292
0 0.394375 0.351302 0.003750 0.008854
0 0.378750 0.340625 0.004500 0.008333
0 0.382875 0.336979 0.004750 0.007292
0 0.368625 0.336719 0.003750 0.009896
0 0.380500 0.477604 0.004500 0.012500
0 0.373625 0.509115 0.004250 0.008854
0 0.390875 0.435156 0.003750 0.008854
0 0.390125 0.540104 0.004750 0.014583
0 0.416250 0.521615 0.003500 0.011979
0 0.409125 0.518490 0.005250 0.010937
0 0.424875 0.549479 0.003750 0.008333
0 0.431375 0.506250 0.005750 0.008333
0 0.433750 0.484896 0.006000 0.008333
0 0.421625 0.481510 0.004750 0.010937
0 0.422250 0.496875 0.004500 0.008333
0 0.421625 0.492708 0.003750 0.009375
0 0.408625 0.482552 0.002750 0.010937
0 0.406375 0.476302 0.003250 0.013021
0 0.428250 0.477344 0.005000 0.004687
0 0.428250 0.472396 0.006000 0.005208
0 0.456250 0.446094 0.004500 0.011979
0 0.444500 0.422135 0.006500 0.013021
0 0.429875 0.419792 0.005250 0.007292
0 0.429375 0.402083 0.004750 0.006250
0 0.435125 0.405469 0.003250 0.008854
0 0.455750 0.392188 0.003500 0.009375
0 0.460375 0.389583 0.004250 0.012500
0 0.465125 0.391146 0.005250 0.011458
0 0.468500 0.386719 0.004000 0.009896
0 0.462125 0.419531 0.004250 0.007812
0 0.461125 0.416667 0.004750 0.009375
0 0.478500 0.405729 0.004000 0.012500
0 0.483875 0.405469 0.004750 0.013021
0 0.479125 0.387760 0.006250 0.010937
0 0.473875 0.372135 0.005750 0.008854
0 0.478125 0.367708 0.003250 0.012500
0 0.491000 0.438281 0.005500 0.011979
0 0.460750 0.348438 0.005000 0.009375
0 0.497875 0.337760 0.005750 0.007812
0 0.485000 0.340885 0.005000 0.009896
0 0.485250 0.332552 0.005500 0.006771
0 0.484750 0.328385 0.005000 0.006771
0 0.486750 0.312760 0.003000 0.009896
0 0.483500 0.309896 0.003500 0.009375
0 0.469125 0.327865 0.005750 0.011979
0 0.486500 0.299219 0.004000 0.010937
0 0.492875 0.294792 0.005250 0.008333
0 0.484875 0.289062 0.004750 0.007292
0 0.512875 0.300000 0.005750 0.008333
0 0.506625 0.292708 0.004250 0.009375
0 0.526500 0.277344 0.004000 0.010937
0 0.524750 0.273698 0.003500 0.008854
0 0.539875 0.254167 0.006750 0.009375
0 0.548875 0.244010 0.004750 0.011979
0 0.533000 0.176823 0.004000 0.008854
0 0.538375 0.162760 0.005250 0.007812
0 0.546750 0.145833 0.003500 0.009375
0 0.556750 0.122656 0.006000 0.009896
0 0.517125 0.509375 0.005250 0.013542
0 0.501750 0.460156 0.006000 0.007812
0 0.508250 0.421615 0.003500 0.007812
0 0.513250 0.413542 0.002500 0.010417
0 0.517125 0.403646 0.004250 0.008333
0 0.543375 0.384635 0.004250 0.010937
0 0.549000 0.385677 0.003000 0.008854
0 0.547375 0.384115 0.003750 0.011979
0 0.540750 0.380729 0.004500 0.013542
0 0.549000 0.364063 0.006000 0.010417
0 0.567375 0.345573 0.002750 0.013021
0 0.564500 0.346615 0.004500 0.014063
0 0.559375 0.329427 0.005250 0.010937
0 0.584750 0.305208 0.003500 0.012500
0 0.600250 0.334635 0.003500 0.011979
0 0.626875 0.261719 0.007250 0.007812
0 0.635250 0.299740 0.007500 0.007812
0 0.606500 0.283594 0.002500 0.011979
0 0.609250 0.284896 0.002500 0.010417
0 0.639375 0.530729 0.004250 0.010417
0 0.640375 0.562760 0.006750 0.007812
0 0.667750 0.550521 0.002500 0.009375
0 0.665875 0.549740 0.003250 0.011979
0 0.595625 0.537500 0.004250 0.010417
0 0.583375 0.513281 0.006750 0.007812
0 0.594875 0.560937 0.007250 0.008333
0 0.594250 0.599219 0.007000 0.008854
0 0.588125 0.582552 0.006250 0.007812
0 0.582750 0.579427 0.006000 0.007812
0 0.570125 0.576302 0.004750 0.010937
0 0.566625 0.590104 0.006750 0.007292
0 0.564125 0.583594 0.005750 0.007812
0 0.556625 0.594271 0.007750 0.008333
0 0.562250 0.608333 0.004500 0.011458
0 0.570250 0.604688 0.005000 0.008333
0 0.571875 0.609375 0.006250 0.009375
0 0.578000 0.612760 0.004000 0.011979
0 0.583625 0.601823 0.004250 0.014063
0 0.581875 0.619271 0.004750 0.010417
0 0.578750 0.650781 0.005500 0.009896
0 0.567500 0.633594 0.005000 0.011979
0 0.554750 0.640885 0.006000 0.010937
0 0.531125 0.596354 0.003250 0.011458
0 0.535625 0.593750 0.006250 0.006250
0 0.536625 0.599219 0.004750 0.005729
0 0.540125 0.571094 0.004750 0.009896
0 0.542875 0.565625 0.003750 0.010417
0 0.501750 0.613281 0.007000 0.007812
0 0.515625 0.608073 0.006250 0.006771
0 0.511625 0.603125 0.003750 0.009375
0 0.526875 0.628385 0.005750 0.011979
0 0.525375 0.649219 0.006750 0.010937
0 0.510500 0.664583 0.005000 0.012500
0 0.542875 0.617188 0.006750 0.013542
0 0.512000 0.745833 0.004500 0.011458
0 0.497500 0.754687 0.004000 0.008333
0 0.497125 0.762240 0.006250 0.007812
0 0.490875 0.750000 0.006250 0.008333
0 0.482625 0.763281 0.005250 0.006771
0 0.512500 0.764583 0.005500 0.006250
0 0.512250 0.769792 0.006000 0.005208
0 0.475125 0.730990 0.005250 0.010937
0 0.749125 0.165625 0.004750 0.015625
