0 0.208594 0.520375 0.014063 0.004250
0 0.312760 0.509750 0.017188 0.006500
0 0.296615 0.494125 0.008854 0.008250
0 0.263802 0.473875 0.008854 0.007750
0 0.244531 0.463125 0.011979 0.006750
0 0.238802 0.471750 0.007812 0.006500
0 0.232552 0.470750 0.007812 0.006500
0 0.159375 0.474625 0.014583 0.005250
0 0.153906 0.444875 0.007812 0.007750
0 0.163542 0.448125 0.012500 0.005250
0 0.191406 0.450750 0.016146 0.004500
0 0.192969 0.449125 0.011979 0.004250
0 0.204687 0.448125 0.014583 0.004250
0 0.213021 0.444250 0.006250 0.007000
0 0.208073 0.443750 0.005729 0.006500
0 0.170052 0.437125 0.013021 0.007250
0 0.140625 0.429500 0.008333 0.006500
0 0.155469 0.430750 0.007812 0.006000
0 0.148438 0.427375 0.007292 0.006250
0 0.156250 0.427250 0.013542 0.005500
0 0.153385 0.416000 0.009896 0.006500
0 0.144531 0.420375 0.013021 0.005250
0 0.080729 0.432625 0.015625 0.003750
0 0.080208 0.427750 0.014583 0.007000
0 0.069792 0.416375 0.011458 0.007250
0 0.083854 0.395500 0.017708 0.006500
0 0.125000 0.393375 0.012500 0.006750
0 0.093229 0.385500 0.011458 0.006500
0 0.072656 0.378125 0.013021 0.007750
0 0.092448 0.355500 0.013021 0.004000
0 0.094271 0.353000 0.010417 0.005000
0 0.144531 0.369000 0.014063 0.005000
0 0.171615 0.389250 0.013021 0.006000
0 0.166667 0.385125 0.012500 0.003250
0 0.200000 0.418125 0.007292 0.006750
0 0.300521 0.452000 0.014583 0.006000
0 0.260156 0.459625 0.009896 0.004750
0 0.397917 0.474125 0.010417 0.008250
0 0.406250 0.467500 0.005208 0.007500
0 0.401562 0.467500 0.006250 0.006500
0 0.403646 0.419500 0.014583 0.007000
0 0.408854 0.414250 0.009375 0.008000
0 0.388281 0.419500 0.008854 0.007500
0 0.378906 0.421000 0.007812 0.007000
0 0.398958 0.385000 0.008333 0.009000
0 0.391927 0.383125 0.006771 0.008750
0 0.386198 0.383375 0.005729 0.006750
0 0.365625 0.379000 0.008333 0.009000
0 0.302344 0.379500 0.018229 0.009000
0 0.346875 0.368125 0.012500 0.004750
0 0.352865 0.362875 0.009896 0.008750
0 0.363281 0.357625 0.011979 0.008750
0 0.337760 0.366875 0.011979 0.006250
0 0.358854 0.322625 0.007292 0.007750
0 0.352604 0.325000 0.010417 0.009000
0 0.338802 0.312625 0.007812 0.009250
0 0.346354 0.312500 0.013542 0.008000
0 0.328385 0.312000 0.010937 0.006000
0 0.326562 0.305125 0.010417 0.008750
0 0.350521 0.302500 0.010417 0.007000
0 0.361458 0.299125 0.011458 0.007750
0 0.294010 0.303375 0.010937 0.007750
0 0.328646 0.290625 0.010417 0.010250
0 0.372135 0.288875 0.007812 0.007250
0 0.379688 0.289875 0.010417 0.005750
0 0.400521 0.305500 0.010417 0.010000
0 0.342708 0.234250 0.008333 0.007000
0 0.346615 0.233750 0.010937 0.008500
0 0.323698 0.214250 0.009896 0.006000
0 0.335417 0.220750 0.008333 0.007000
0 0.331250 0.219875 0.009375 0.007750
0 0.326823 0.218500 0.009896 0.007500
0 0.425000 0.229250 0.009375 0.008500
0 0.432031 0.227500 0.010937 0.006000
0 0.430208 0.223250 0.007292 0.005000
0 0.428906 0.245125 0.010937 0.008250
0 0.420833 0.247250 0.010417 0.005500
0 0.424740 0.264750 0.011979 0.007000
0 0.447917 0.266375 0.007292 0.008750
0 0.440885 0.268125 0.008854 0.007750
0 0.431510 0.270875 0.011979 0.005250
0 0.421354 0.272000 0.011458 0.007000
0 0.416667 0.276125 0.011458 0.006750
0 0.417187 0.278000 0.007292 0.004500
0 0.422656 0.289250 0.007812 0.009000
0 0.437240 0.287625 0.010937 0.008250
0 0.438281 0.282750 0.008854 0.005000
0 0.427083 0.280875 0.008333 0.005250
0 0.429948 0.286750 0.007812 0.006500
0 0.435937 0.276375 0.008333 0.008250
0 0.474479 0.269000 0.007292 0.008500
0 0.482031 0.289125 0.010937 0.007250
0 0.479427 0.269250 0.008854 0.008000
0 0.485677 0.281125 0.007812 0.007250
0 0.481250 0.284250 0.010417 0.008000
0 0.414583 0.314750 0.010417 0.008000
0 0.450260 0.314875 0.009896 0.005750
0 0.450260 0.309000 0.005729 0.007000
0 0.456510 0.312625 0.006771 0.008250
0 0.468490 0.301500 0.008854 0.004000
0 0.477083 0.302625 0.007292 0.005750
0 0.470573 0.306125 0.009896 0.008750
0 0.464844 0.318500 0.007812 0.009500
0 0.447917 0.330750 0.008333 0.005500
0 0.420312 0.336125 0.011458 0.005750
0 0.426823 0.342875 0.010937 0.005750
0 0.444792 0.338500 0.010417 0.005500
0 0.448958 0.341375 0.005208 0.006750
0 0.428125 0.353250 0.009375 0.005500
0 0.430990 0.351125 0.008854 0.005750
0 0.453906 0.339000 0.008854 0.009500
0 0.443490 0.357625 0.008854 0.003750
0 0.423437 0.368625 0.008333 0.006250
0 0.445573 0.365500 0.009896 0.005000
0 0.451562 0.371750 0.006250 0.006500
0 0.452865 0.377625 0.007812 0.005250
0 0.453906 0.382875 0.007812 0.005250
0 0.457292 0.388375 0.010417 0.005250
0 0.454167 0.397750 0.010417 0.005500
0 0.425260 0.403750 0.007812 0.005000
0 0.425000 0.399000 0.012500 0.006500
0 0.433594 0.395250 0.009896 0.005000
0 0.427604 0.409375 0.010417 0.006250
0 0.437760 0.414875 0.014063 0.004250
0 0.434115 0.421250 0.010937 0.007500
0 0.429427 0.426500 0.008854 0.005500
0 0.455990 0.419125 0.008854 0.005750
0 0.442708 0.424875 0.006250 0.005750
0 0.439844 0.432500 0.011979 0.005500
0 0.458073 0.423250 0.008854 0.005500
0 0.452344 0.410625 0.009896 0.003750
0 0.454948 0.404000 0.009896 0.007000
0 0.446875 0.407250 0.007292 0.007000
0 0.445052 0.404000 0.008854 0.005000
0 0.460156 0.410250 0.006771 0.005500
0 0.454167 0.445125 0.010417 0.006250
0 0.442708 0.460250 0.011458 0.006000
0 0.460417 0.453125 0.007292 0.007750
0 0.457292 0.450750 0.009375 0.006000
0 0.441406 0.477750 0.009896 0.006500
0 0.454687 0.484875 0.008333 0.005750
0 0.455990 0.489000 0.007812 0.004000
0 0.443490 0.471125 0.006771 0.005750
0 0.445052 0.466750 0.014063 0.003000
0 0.504427 0.499000 0.014063 0.006000
0 0.499219 0.489625 0.013021 0.006250
0 0.503646 0.484625 0.014583 0.003250
0 0.507292 0.477875 0.013542 0.007750
0 0.514323 0.468875 0.009896 0.008250
0 0.540625 0.473125 0.010417 0.006750
0 0.539583 0.433875 0.011458 0.006250
0 0.535677 0.432375 0.014063 0.006250
0 0.545573 0.421750 0.011979 0.007000
0 0.529687 0.420750 0.010417 0.006000
0 0.536719 0.419000 0.006771 0.007500
0 0.552083 0.408000 0.011458 0.005500
0 0.554167 0.398250 0.013542 0.005500
0 0.562760 0.383000 0.008854 0.007500
0 0.562240 0.375625 0.019271 0.005250
0 0.521354 0.366000 0.015625 0.007000
0 0.581771 0.326750 0.011458 0.008000
0 0.579688 0.320125 0.012500 0.006250
0 0.577344 0.318375 0.010937 0.004750
0 0.607031 0.282125 0.014063 0.007250
0 0.597656 0.280250 0.008854 0.008000
0 0.598177 0.251500 0.005729 0.006500
0 0.594010 0.250750 0.008854 0.008000
0 0.678646 0.240500 0.009375 0.008000
0 0.654167 0.255250 0.012500 0.006000
0 0.665104 0.257875 0.008333 0.008750
0 0.647396 0.266125 0.009375 0.007250
0 0.661719 0.280500 0.011979 0.006500
0 0.644792 0.289875 0.011458 0.005750
0 0.661458 0.271625 0.010417 0.007750
0 0.705729 0.278625 0.009375 0.005750
0 0.592187 0.357375 0.013542 0.005250
0 0.601042 0.378125 0.009375 0.005750
0 0.600521 0.384625 0.008333 0.007750
0 0.579427 0.388750 0.010937 0.008500
0 0.575260 0.395750 0.010937 0.005000
0 0.579427 0.411375 0.007812 0.006250
0 0.572135 0.410000 0.008854 0.007500
0 0.582292 0.420125 0.010417 0.006250
0 0.564063 0.417250 0.009375 0.004500
0 0.565885 0.419625 0.014063 0.007250
0 0.610417 0.382500 0.009375 0.007500
0 0.553646 0.514875 0.012500 0.006750
0 0.595313 0.525125 0.013542 0.003750
0 0.586979 0.523125 0.015625 0.005250
0 0.592969 0.498625 0.014063 0.004250
0 0.578385 0.503625 0.008854 0.004250
0 0.601562 0.478875 0.009375 0.007250
0 0.608073 0.469000 0.010937 0.008500
0 0.630469 0.470625 0.008854 0.007250
0 0.626302 0.468750 0.006771 0.006500
0 0.636979 0.460625 0.010417 0.007250
0 0.633854 0.457250 0.014583 0.006500
0 0.657813 0.459375 0.011458 0.005750
0 0.649740 0.461375 0.007812 0.008750
0 0.652604 0.450250 0.011458 0.007000
0 0.647135 0.445250 0.014063 0.004000
0 0.636719 0.439750 0.013021 0.004500
0 0.667188 0.442625 0.011458 0.006750
0 0.654167 0.434625 0.012500 0.004250
0 0.670573 0.429375 0.009896 0.007750
0 0.711458 0.430500 0.017708 0.004000
0 0.696875 0.426625 0.008333 0.006750
0 0.690885 0.424250 0.005729 0.007500
0 0.696094 0.422000 0.005729 0.004500
0 0.714583 0.423375 0.010417 0.005750
0 0.711458 0.422125 0.010417 0.007250
0 0.714063 0.417250 0.011458 0.007000
0 0.707552 0.417625 0.009896 0.007750
0 0.734635 0.408250 0.009896 0.008500
0 0.727344 0.404625 0.006771 0.007750
0 0.725781 0.400750 0.013021 0.006000
0 0.728646 0.395500 0.007292 0.006000
0 0.725521 0.392750 0.012500 0.004500
0 0.756510 0.401250 0.008854 0.004500
0 0.752604 0.398875 0.009375 0.006250
0 0.760417 0.396375 0.012500 0.005750
0 0.835156 0.319750 0.017188 0.004000
0 0.842448 0.311000 0.015104 0.006000
0 0.803906 0.326875 0.016146 0.006250
0 0.950781 0.321875 0.016146 0.007750
0 0.900781 0.376000 0.010937 0.008000
0 0.907813 0.382125 0.011458 0.005750
0 0.873698 0.419500 0.017188 0.010500
0 0.792448 0.434375 0.010937 0.008750
0 0.770312 0.446625 0.012500 0.007750
0 0.775000 0.452500 0.018750 0.005000
0 0.722656 0.475875 0.019271 0.005250
0 0.695833 0.476750 0.011458 0.008000
0 0.670833 0.474625 0.007292 0.007750
0 0.676302 0.474500 0.006771 0.005500
0 0.705990 0.463750 0.011979 0.006500
0 0.701302 0.463250 0.008854 0.005500
0 0.649219 0.495750 0.010937 0.006500
0 0.639323 0.494375 0.009896 0.007750
0 0.584375 0.601250 0.019792 0.011000
0 0.760677 0.568000 0.010937 0.003500
0 0.758073 0.564875 0.015104 0.003250
0 0.944531 0.496625 0.010937 0.004750
0 0.894531 0.482375 0.011979 0.004250
0 0.728906 0.209500 0.011979 0.008500
