0 0.530625 0.597396 0.006750 0.013542
0 0.424250 0.669010 0.006000 0.007812
0 0.421750 0.661198 0.008000 0.007812
0 0.448500 0.529167 0.007500 0.013542
0 0.484000 0.340365 0.004500 0.011979
0 0.359250 0.209635 0.008000 0.016146
0 0.379375 0.191146 0.005750 0.013542
0 0.352750 0.135937 0.008000 0.014583
0 0.597750 0.416927 0.008000 0.017188
0 0.622875 0.370833 0.006750 0.007292
0 0.624875 0.380469 0.007250 0.015104
0 0.639250 0.353906 0.007500 0.020313
0 0.638750 0.349740 0.010000 0.017188
0 0.681875 0.249219 0.007750 0.016146
0 0.684125 0.251823 0.006750 0.017188
