0 0.189844 0.501875 0.008854 0.002750
0 0.244010 0.539875 0.007812 0.004250
0 0.247135 0.531625 0.008854 0.002750
0 0.247135 0.530125 0.007812 0.002250
0 0.271094 0.531000 0.007812 0.003500
0 0.275781 0.550000 0.007812 0.004000
0 0.270052 0.550500 0.005729 0.004000
0 0.269792 0.553375 0.007292 0.004250
0 0.318490 0.566000 0.006771 0.005000
0 0.345833 0.553500 0.007292 0.003500
0 0.350260 0.550250 0.004687 0.005000
0 0.396094 0.582000 0.007812 0.004000
0 0.401302 0.561625 0.008854 0.003250
0 0.428125 0.585375 0.007292 0.005250
0 0.467187 0.577375 0.010417 0.003250
0 0.503125 0.580375 0.010417 0.003750
0 0.453125 0.652000 0.008333 0.003500
0 0.365625 0.692000 0.008333 0.003000
0 0.349479 0.695750 0.007292 0.003500
0 0.458073 0.645875 0.004687 0.003750
0 0.460938 0.647000 0.007292 0.004000
0 0.534635 0.548000 0.007812 0.004000
0 0.520573 0.542625 0.009896 0.004250
0 0.498958 0.523750 0.008333 0.004000
0 0.482292 0.518250 0.007292 0.004000
0 0.422135 0.492750 0.008854 0.004000
0 0.435937 0.494500 0.005208 0.005000
0 0.456771 0.500500 0.006250 0.003500
0 0.457552 0.498875 0.006771 0.002250
0 0.456250 0.497125 0.007292 0.003250
0 0.458854 0.495875 0.008333 0.003250
0 0.390885 0.475125 0.005729 0.005250
0 0.401302 0.466875 0.005729 0.005250
0 0.378385 0.457875 0.008854 0.003250
0 0.385937 0.441625 0.005208 0.004750
0 0.372396 0.440750 0.007292 0.003000
0 0.354948 0.432375 0.005729 0.005250
0 0.329167 0.414500 0.007292 0.005000
0 0.338021 0.424500 0.005208 0.005500
0 0.371615 0.425750 0.004687 0.004000
0 0.373958 0.423875 0.007292 0.003250
0 0.409115 0.437000 0.004687 0.003500
0 0.413542 0.436875 0.008333 0.004750
0 0.348698 0.403250 0.010937 0.005500
0 0.288802 0.397000 0.007812 0.005000
0 0.349219 0.388750 0.004687 0.004500
0 0.353385 0.388250 0.006771 0.004500
0 0.270313 0.372125 0.008333 0.003250
0 0.289323 0.346375 0.010937 0.003250
0 0.257552 0.341375 0.008854 0.003750
0 0.209896 0.343250 0.008333 0.004000
0 0.237240 0.344625 0.007812 0.002750
0 0.239844 0.340750 0.009896 0.003000
0 0.270313 0.340500 0.006250 0.004500
0 0.330208 0.308000 0.009375 0.004500
0 0.329948 0.300000 0.008854 0.004000
0 0.615365 0.576000 0.009896 0.004000
0 0.594271 0.511625 0.006250 0.004250
0 0.597917 0.502875 0.008333 0.004250
0 0.546094 0.477875 0.007812 0.004750
0 0.572396 0.470375 0.010417 0.004250
0 0.594010 0.459500 0.006771 0.004000
0 0.592708 0.456875 0.006250 0.003250
0 0.586979 0.448750 0.007292 0.002500
0 0.588281 0.446875 0.005729 0.002250
0 0.595052 0.482250 0.006771 0.004000
0 0.585156 0.415125 0.006771 0.002750
0 0.603646 0.416750 0.008333 0.004000
0 0.583594 0.366125 0.006771 0.004750
0 0.583854 0.355625 0.008333 0.004250
0 0.572396 0.341125 0.008333 0.005250
0 0.581771 0.254625 0.006250 0.005250
0 0.639583 0.220250 0.006250 0.005000
0 0.666406 0.221875 0.006771 0.003750
0 0.621354 0.134000 0.008333 0.003500
0 0.614062 0.327750 0.008333 0.003000
0 0.723958 0.479125 0.009375 0.004750
0 0.739323 0.482500 0.008854 0.005000
0 0.791927 0.420750 0.010937 0.005000
0 0.796354 0.415000 0.010417 0.003500
0 0.773958 0.425625 0.009375 0.002750
0 0.776563 0.423500 0.008333 0.003000
0 0.818229 0.382375 0.005208 0.003250
0 0.825000 0.382125 0.008333 0.005750
0 0.813542 0.341250 0.008333 0.005000
0 0.983073 0.275875 0.006771 0.004750
0 0.971615 0.316000 0.005729 0.005000
0 0.876302 0.377125 0.007812 0.004250
0 0.692969 0.568750 0.009896 0.003500
0 0.680469 0.588625 0.009896 0.004250
0 0.746354 0.568875 0.009375 0.004250
0 0.752083 0.548000 0.010417 0.003500
0 0.761458 0.549250 0.005208 0.005000
0 0.832812 0.537000 0.007292 0.003000
0 0.939844 0.524125 0.007812 0.003250
0 0.904948 0.475750 0.008854 0.004500
0 0.410417 0.461375 0.009375 0.004750
0 0.643490 0.187750 0.006771 0.003500
