0 0.383000 0.157552 0.004000 0.011979
0 0.382875 0.169531 0.005250 0.010937
0 0.385375 0.163802 0.003750 0.009896
0 0.388000 0.167448 0.003500 0.009896
0 0.389375 0.164844 0.003750 0.010937
0 0.389625 0.189583 0.006250 0.013542
0 0.405000 0.195312 0.002500 0.009375
0 0.404250 0.209896 0.003500 0.010417
0 0.405250 0.227604 0.004000 0.015625
0 0.389750 0.307552 0.007500 0.011979
0 0.406750 0.446354 0.006000 0.012500
0 0.433125 0.470312 0.005750 0.009375
0 0.445750 0.470573 0.005000 0.014063
0 0.452375 0.446615 0.003750 0.013021
0 0.451500 0.438021 0.004000 0.013542
0 0.473750 0.412240 0.005000 0.014063
0 0.465500 0.375000 0.005500 0.011458
0 0.479750 0.315104 0.006000 0.011458
0 0.484750 0.248958 0.007000 0.009375
0 0.483625 0.231771 0.007250 0.011458
0 0.478250 0.226302 0.006500 0.010937
0 0.488500 0.229427 0.004000 0.009896
0 0.488875 0.222135 0.007250 0.006771
0 0.515750 0.219271 0.004000 0.009375
0 0.517750 0.226302 0.004000 0.011979
0 0.531625 0.195573 0.005250 0.007812
0 0.517500 0.085677 0.006500 0.009896
0 0.524250 0.016927 0.005000 0.016146
0 0.453000 0.563281 0.006000 0.014063
0 0.481875 0.497656 0.006250 0.009896
0 0.482750 0.519271 0.006000 0.007292
0 0.480375 0.525781 0.006750 0.007812
0 0.485000 0.522135 0.003000 0.008854
0 0.506250 0.469792 0.006000 0.012500
0 0.517625 0.458333 0.007250 0.010417
0 0.513875 0.444792 0.006250 0.012500
0 0.519375 0.420833 0.003750 0.009375
0 0.547500 0.454427 0.005000 0.007812
0 0.548375 0.447656 0.006250 0.006771
0 0.577000 0.417969 0.005000 0.005729
0 0.577375 0.414323 0.005750 0.007812
0 0.594500 0.432812 0.004000 0.012500
0 0.603250 0.442448 0.004500 0.007812
0 0.595750 0.405469 0.005500 0.014063
0 0.621500 0.385156 0.005000 0.013021
0 0.630250 0.339323 0.007500 0.009896
0 0.655375 0.396875 0.005750 0.014583
0 0.705875 0.343750 0.008750 0.013542
0 0.725625 0.348438 0.008250 0.011458
0 0.712625 0.305208 0.007750 0.009375
0 0.690375 0.303646 0.007250 0.008333
0 0.719125 0.288021 0.007250 0.006250
0 0.718875 0.282031 0.006750 0.005729
0 0.746750 0.265885 0.005500 0.017188
0 0.755750 0.251042 0.007500 0.009375
0 0.760125 0.272396 0.005750 0.008333
0 0.766375 0.252604 0.004750 0.008333
0 0.768500 0.266146 0.004500 0.009375
0 0.772125 0.270573 0.003250 0.005729
0 0.772875 0.267188 0.003750 0.006250
0 0.576500 0.613281 0.007500 0.010937
0 0.600375 0.623177 0.008250 0.009896
0 0.594625 0.645573 0.004750 0.013021
0 0.602875 0.596875 0.005750 0.011458
0 0.624500 0.609896 0.004000 0.011458
0 0.630750 0.595833 0.007000 0.009375
0 0.638000 0.593229 0.004500 0.009375
0 0.666625 0.628385 0.007750 0.010937
0 0.731500 0.616146 0.008000 0.008333
0 0.752750 0.562760 0.005500 0.008854
0 0.835125 0.585938 0.005750 0.011458
0 0.511875 0.800781 0.005750 0.008854
0 0.513500 0.791927 0.003500 0.011979
0 0.520375 0.766667 0.004250 0.011458
0 0.521000 0.785937 0.005500 0.006250
0 0.522000 0.783073 0.005000 0.006771
0 0.542125 0.809896 0.005750 0.008333
0 0.551625 0.822917 0.005250 0.007292
0 0.552375 0.819271 0.005250 0.007292
0 0.598375 0.946875 0.005250 0.012500
0 0.635500 0.922396 0.005000 0.010417
0 0.726875 0.429688 0.009750 0.023958
