0 0.498125 0.396094 0.003750 0.016146
0 0.452875 0.391667 0.006750 0.013542
0 0.478375 0.421354 0.006750 0.012500
0 0.466250 0.428125 0.006500 0.012500
0 0.466625 0.440625 0.005250 0.012500
0 0.471000 0.445052 0.004000 0.014063
0 0.462375 0.513021 0.006750 0.013542
0 0.487750 0.280469 0.005500 0.017188
0 0.473375 0.211458 0.006750 0.011458
0 0.467375 0.179427 0.006750 0.016146
0 0.466500 0.205469 0.005000 0.017188
0 0.428125 0.185417 0.007750 0.011458
0 0.456875 0.107812 0.010250 0.017708
0 0.385250 0.659635 0.005500 0.016146
0 0.394125 0.763021 0.007250 0.014583
0 0.362875 0.764062 0.007250 0.011458
0 0.324000 0.575781 0.009500 0.010937
0 0.338875 0.563021 0.006750 0.014583
0 0.290500 0.533854 0.007500 0.016667
0 0.345375 0.528906 0.005250 0.010937
0 0.263125 0.467708 0.007250 0.010417
0 0.218500 0.441406 0.009500 0.010937
0 0.258500 0.440365 0.006000 0.008854
0 0.570000 0.684375 0.007500 0.009375
0 0.583875 0.735417 0.005250 0.017708
0 0.599125 0.742708 0.006750 0.009375
0 0.643125 0.687240 0.004750 0.019271
0 0.659500 0.662240 0.006500 0.019271
0 0.654250 0.640365 0.008000 0.010937
0 0.676125 0.634896 0.007250 0.014583
0 0.656625 0.585417 0.006750 0.015625
0 0.724125 0.564063 0.007750 0.016667
0 0.704375 0.601823 0.006750 0.010937
0 0.695625 0.619010 0.007750 0.013021
0 0.678875 0.686979 0.004250 0.014583
0 0.674000 0.683854 0.005000 0.012500
0 0.642125 0.723958 0.007250 0.010417
0 0.642000 0.716146 0.005500 0.012500
0 0.751375 0.490365 0.009250 0.009896
0 0.763625 0.431510 0.009250 0.011979
0 0.778750 0.437760 0.006500 0.011979
0 0.779625 0.454427 0.009750 0.014063
0 0.787000 0.493490 0.006500 0.016146
0 0.785750 0.531250 0.006000 0.019792
0 0.777375 0.506510 0.005250 0.016146
0 0.782750 0.504687 0.005500 0.009375
