0 0.259750 0.726562 0.006000 0.011458
0 0.263375 0.720052 0.008750 0.013021
0 0.290625 0.741406 0.009250 0.010937
0 0.340375 0.722135 0.003250 0.011979
0 0.342250 0.714844 0.008000 0.011979
0 0.336875 0.713021 0.003750 0.014583
0 0.353250 0.710938 0.007500 0.010417
0 0.370625 0.717448 0.006750 0.013021
0 0.395125 0.724479 0.005250 0.016667
0 0.366750 0.690885 0.008500 0.014063
0 0.429500 0.613542 0.006000 0.010417
0 0.369750 0.543750 0.009500 0.009375
0 0.374000 0.553906 0.006500 0.014063
0 0.343750 0.499479 0.008500 0.019792
0 0.319375 0.432031 0.007250 0.010937
0 0.284750 0.376302 0.005000 0.010937
0 0.278625 0.365625 0.006250 0.010417
0 0.303625 0.377604 0.007250 0.009375
0 0.429000 0.352344 0.005000 0.017188
0 0.429875 0.343229 0.006250 0.009375
0 0.428375 0.333594 0.005250 0.011979
0 0.438375 0.404427 0.005250 0.015104
0 0.499375 0.622135 0.005250 0.017188
0 0.407125 0.206771 0.006750 0.020833
0 0.496375 0.231250 0.005250 0.020833
0 0.497625 0.367708 0.005750 0.019792
0 0.557125 0.256771 0.002750 0.016667
0 0.560125 0.257812 0.003250 0.016667
0 0.534500 0.300260 0.008000 0.015104
0 0.506375 0.423698 0.007250 0.019271
0 0.538375 0.420312 0.007750 0.014583
0 0.506625 0.452604 0.005750 0.016667
0 0.505625 0.476042 0.004750 0.014583
0 0.507125 0.489844 0.005750 0.015104
0 0.503625 0.543750 0.004750 0.015625
0 0.513875 0.539062 0.006250 0.014583
0 0.516750 0.532031 0.006000 0.015104
0 0.496250 0.521875 0.003500 0.013542
0 0.494125 0.519792 0.003250 0.011458
0 0.542500 0.546354 0.005500 0.011458
0 0.536375 0.531510 0.003750 0.008854
0 0.546625 0.458333 0.005750 0.012500
0 0.570250 0.608333 0.006500 0.019792
0 0.584125 0.637240 0.006750 0.019271
0 0.595750 0.616927 0.009500 0.014063
