0 0.681250 0.420250 0.010417 0.005000
0 0.748958 0.397500 0.011458 0.004000
0 0.748437 0.408750 0.012500 0.004500
0 0.752344 0.416125 0.009896 0.003750
0 0.763542 0.369375 0.020833 0.005750
0 0.569271 0.431500 0.010417 0.006500
0 0.557552 0.431250 0.011979 0.003500
0 0.517969 0.446125 0.013021 0.003250
0 0.474219 0.453250 0.008854 0.006000
0 0.481771 0.449000 0.007292 0.004500
0 0.483333 0.453000 0.011458 0.004000
0 0.401823 0.472875 0.008854 0.005750
0 0.338802 0.480250 0.010937 0.006500
0 0.372135 0.399500 0.007812 0.005500
0 0.357812 0.405250 0.009375 0.006000
0 0.347135 0.401375 0.009896 0.006750
0 0.362240 0.371000 0.008854 0.005500
0 0.366927 0.357125 0.013021 0.003250
0 0.363281 0.381375 0.013021 0.003750
0 0.361719 0.385125 0.014063 0.005250
0 0.378125 0.348625 0.011458 0.003750
0 0.366927 0.346625 0.013021 0.007750
0 0.454167 0.323125 0.008333 0.005250
0 0.381771 0.303250 0.013542 0.003500
0 0.362500 0.267250 0.008333 0.008000
0 0.402604 0.273625 0.011458 0.007250
0 0.386979 0.261750 0.009375 0.005000
0 0.391927 0.266500 0.010937 0.005500
0 0.373698 0.293375 0.013021 0.007250
0 0.360417 0.292625 0.006250 0.006250
0 0.503906 0.236625 0.008854 0.005750
0 0.458333 0.211250 0.012500 0.005500
0 0.475000 0.216875 0.008333 0.006250
0 0.467448 0.216125 0.007812 0.006750
0 0.478646 0.207250 0.014583 0.006500
0 0.438281 0.223250 0.006771 0.006500
0 0.432031 0.223375 0.006771 0.006250
0 0.449740 0.231125 0.013021 0.004250
0 0.455208 0.227250 0.010417 0.003500
0 0.450260 0.224875 0.009896 0.004750
0 0.453125 0.220500 0.009375 0.004500
0 0.458333 0.223125 0.006250 0.006250
0 0.367969 0.246250 0.005729 0.007000
0 0.419271 0.159250 0.011458 0.006500
0 0.398177 0.150250 0.008854 0.007500
0 0.452604 0.122375 0.013542 0.006750
0 0.519271 0.138500 0.010417 0.005000
0 0.536198 0.158125 0.006771 0.006750
0 0.408594 0.123625 0.007812 0.005250
0 0.415885 0.121500 0.006771 0.007500
0 0.497656 0.127000 0.010937 0.004000
0 0.506510 0.124875 0.007812 0.007750
0 0.427865 0.104625 0.011979 0.004750
0 0.434115 0.012125 0.007812 0.008750
0 0.180729 0.376125 0.008333 0.005250
0 0.152344 0.345750 0.008854 0.003000
0 0.156250 0.349125 0.007292 0.002750
0 0.161198 0.357250 0.007812 0.002500
0 0.165625 0.360000 0.009375 0.003500
0 0.030208 0.332625 0.007292 0.006750
0 0.027083 0.324750 0.009375 0.006500
0 0.124219 0.316375 0.009896 0.005750
0 0.140625 0.324625 0.008333 0.003250
0 0.090625 0.291000 0.008333 0.006000
0 0.091406 0.286875 0.006771 0.002750
0 0.088021 0.270500 0.008333 0.006500
0 0.119792 0.302500 0.005208 0.003500
0 0.089063 0.163875 0.006250 0.005250
0 0.133333 0.123750 0.006250 0.006000
0 0.186979 0.116500 0.008333 0.006000
0 0.635677 0.424375 0.015104 0.010750
0 0.736979 0.547750 0.012500 0.008000
0 0.774479 0.553875 0.012500 0.005750
0 0.874219 0.545000 0.015104 0.007500
0 0.816927 0.586375 0.013021 0.007250
0 0.831510 0.590625 0.011979 0.006750
0 0.934115 0.555250 0.014063 0.007000
0 0.960677 0.585375 0.015104 0.008750
0 0.890365 0.570000 0.009896 0.007500
0 0.669271 0.639875 0.010417 0.004750
0 0.608854 0.626000 0.013542 0.006000
0 0.758594 0.680000 0.014063 0.007500
0 0.769531 0.681500 0.010937 0.006000
0 0.801823 0.600875 0.014063 0.004750
0 0.809375 0.605750 0.011458 0.005000
0 0.858594 0.633000 0.011979 0.004500
0 0.865365 0.640000 0.013021 0.005000
0 0.896354 0.648750 0.010417 0.005000
0 0.919271 0.679250 0.012500 0.006000
0 0.982292 0.661375 0.009375 0.004250
0 0.987240 0.676875 0.011979 0.005250
0 0.994531 0.642125 0.009896 0.006250
0 0.910156 0.496875 0.009896 0.006250
0 0.890104 0.504250 0.007292 0.005000
0 0.986198 0.530875 0.011979 0.006250
0 0.524479 0.944000 0.014583 0.004500
0 0.605208 0.918250 0.013542 0.007500
0 0.510677 0.911375 0.016146 0.004750
0 0.590365 0.883375 0.011979 0.005750
0 0.615625 0.855875 0.008333 0.006750
0 0.650000 0.857875 0.011458 0.006250
0 0.484115 0.858500 0.011979 0.006500
0 0.547135 0.848250 0.014063 0.007000
0 0.542188 0.823875 0.017708 0.007750
0 0.527344 0.805000 0.010937 0.005500
0 0.535417 0.807375 0.011458 0.004750
0 0.486198 0.760375 0.006771 0.005750
0 0.523177 0.752500 0.011979 0.003000
0 0.446354 0.755375 0.005208 0.004250
0 0.433854 0.754000 0.008333 0.003000
0 0.425521 0.753875 0.006250 0.004750
0 0.454167 0.740375 0.009375 0.003250
0 0.434896 0.730125 0.010417 0.005750
0 0.467187 0.719750 0.007292 0.006000
0 0.447135 0.733250 0.006771 0.006000
0 0.453385 0.736125 0.007812 0.005250
0 0.441146 0.712750 0.006250 0.004500
0 0.444531 0.691625 0.009896 0.004250
0 0.458333 0.702000 0.012500 0.006500
0 0.427865 0.683250 0.008854 0.006000
0 0.444531 0.668625 0.007812 0.004250
0 0.421875 0.665000 0.006250 0.005000
0 0.429688 0.649750 0.005208 0.006000
0 0.434115 0.650000 0.004687 0.006500
0 0.446354 0.650125 0.005208 0.005750
0 0.441406 0.649000 0.005729 0.005500
0 0.407031 0.608125 0.005729 0.005250
0 0.395833 0.573000 0.010417 0.005500
0 0.369792 0.553250 0.012500 0.004500
0 0.362760 0.548500 0.010937 0.005000
0 0.494271 0.525625 0.012500 0.003750
0 0.580208 0.551125 0.014583 0.003750
0 0.759896 0.773500 0.008333 0.004500
0 0.853646 0.746750 0.010417 0.003500
0 0.818490 0.745125 0.013021 0.003250
0 0.828125 0.757750 0.009375 0.004000
0 0.828646 0.750750 0.013542 0.007000
0 0.984115 0.815125 0.008854 0.004250
0 0.281510 0.634250 0.009896 0.006000
0 0.264323 0.624375 0.007812 0.004750
0 0.273438 0.605500 0.006250 0.006000
0 0.287760 0.612500 0.008854 0.003000
0 0.289583 0.615500 0.011458 0.004000
0 0.273438 0.674500 0.008333 0.005500
0 0.305990 0.691500 0.013021 0.006000
0 0.296094 0.700625 0.011979 0.005250
0 0.277344 0.696250 0.006771 0.005500
0 0.285156 0.697375 0.008854 0.005250
0 0.265625 0.716875 0.012500 0.006750
0 0.255208 0.710375 0.012500 0.005250
0 0.301042 0.759250 0.008333 0.004000
0 0.367448 0.789875 0.005729 0.003750
0 0.369271 0.785625 0.006250 0.004750
0 0.342187 0.365750 0.006250 0.005500
