0 0.016927 0.528625 0.016146 0.003750
0 0.040365 0.544000 0.015104 0.004500
0 0.060937 0.549625 0.015625 0.003750
0 0.067187 0.564500 0.017708 0.004500
0 0.109896 0.564375 0.009375 0.008750
0 0.051823 0.558875 0.013021 0.005750
0 0.059115 0.555125 0.010937 0.004250
0 0.060677 0.554000 0.011979 0.004500
0 0.003906 0.538375 0.007812 0.003750
0 0.155729 0.584875 0.014583 0.005250
0 0.258594 0.585250 0.008854 0.004500
0 0.313281 0.533875 0.006771 0.006750
0 0.307812 0.532875 0.006250 0.005250
0 0.280990 0.511375 0.014063 0.004250
0 0.291146 0.502375 0.009375 0.006750
0 0.278385 0.491000 0.015104 0.005000
0 0.292448 0.481375 0.010937 0.004250
0 0.298438 0.473750 0.009375 0.006000
0 0.234375 0.443125 0.014583 0.004250
0 0.248698 0.398750 0.009896 0.006500
0 0.228125 0.365375 0.011458 0.006750
0 0.295052 0.410000 0.008854 0.003500
0 0.299219 0.437250 0.005729 0.005000
0 0.305469 0.438500 0.007812 0.003500
0 0.534635 0.197625 0.010937 0.006750
0 0.548438 0.203750 0.012500 0.006000
0 0.553385 0.210250 0.014063 0.005500
0 0.528385 0.217500 0.011979 0.006000
0 0.558854 0.232125 0.010417 0.008250
0 0.476562 0.253875 0.013542 0.004250
0 0.532813 0.269625 0.014583 0.006250
0 0.428646 0.273875 0.012500 0.006750
0 0.421615 0.290250 0.007812 0.006000
0 0.455208 0.283250 0.014583 0.006000
0 0.466927 0.291750 0.014063 0.005000
0 0.515885 0.308625 0.013021 0.006750
0 0.512500 0.300000 0.009375 0.006500
0 0.521094 0.300625 0.007812 0.007750
0 0.556771 0.300125 0.010417 0.006750
0 0.555729 0.341750 0.010417 0.007500
0 0.568490 0.348625 0.007812 0.007250
0 0.553385 0.352000 0.008854 0.007000
0 0.531250 0.348250 0.013542 0.003500
0 0.530469 0.343750 0.014063 0.006000
0 0.493750 0.345125 0.014583 0.005750
0 0.463021 0.355000 0.010417 0.008000
0 0.495312 0.358750 0.012500 0.005500
0 0.486719 0.361250 0.008854 0.008000
0 0.536198 0.369375 0.010937 0.005250
0 0.516927 0.373125 0.010937 0.006750
0 0.436198 0.391250 0.009896 0.007000
0 0.472656 0.392500 0.013021 0.005000
0 0.419531 0.377125 0.006771 0.008250
0 0.426563 0.377500 0.008333 0.004000
0 0.429688 0.380375 0.012500 0.003750
0 0.500781 0.415000 0.011979 0.004500
0 0.494792 0.420000 0.011458 0.006000
0 0.476823 0.412625 0.011979 0.005250
0 0.481250 0.411250 0.010417 0.004500
0 0.513542 0.421500 0.009375 0.004500
0 0.452083 0.418500 0.014583 0.004000
0 0.445573 0.423125 0.005729 0.006250
0 0.451562 0.423625 0.007292 0.007250
0 0.458333 0.508750 0.010417 0.006000
0 0.412240 0.496000 0.011979 0.007500
0 0.464583 0.544125 0.009375 0.006250
0 0.424219 0.586625 0.013021 0.006250
0 0.530469 0.585375 0.015104 0.005250
0 0.629167 0.552875 0.009375 0.007250
0 0.681250 0.554375 0.009375 0.008250
0 0.717708 0.561875 0.014583 0.007250
0 0.691927 0.590625 0.014063 0.004750
0 0.760938 0.570875 0.013542 0.005750
0 0.836719 0.541500 0.015104 0.006000
0 0.836719 0.563125 0.009896 0.006250
0 0.869531 0.536875 0.018229 0.006250
0 0.925260 0.533500 0.013021 0.007500
0 0.889323 0.568375 0.017188 0.005750
0 0.782813 0.539375 0.009375 0.003750
0 0.779687 0.538000 0.010417 0.005000
0 0.677344 0.604500 0.011979 0.004500
0 0.692187 0.602250 0.007292 0.005000
0 0.602083 0.610625 0.013542 0.004250
0 0.612240 0.625375 0.010937 0.005750
0 0.685937 0.652375 0.010417 0.005250
0 0.720313 0.649875 0.012500 0.003250
0 0.720052 0.647875 0.011979 0.002750
0 0.758854 0.656875 0.015625 0.004750
0 0.759375 0.672625 0.015625 0.004750
0 0.730729 0.685625 0.008333 0.004750
0 0.864844 0.646250 0.017188 0.006000
0 0.887500 0.657875 0.015625 0.004250
0 0.812240 0.627000 0.015104 0.004500
0 0.899740 0.634625 0.014063 0.004750
0 0.906771 0.640125 0.013542 0.008250
0 0.938021 0.634375 0.010417 0.007250
0 0.944531 0.628250 0.016146 0.004500
0 0.964323 0.644250 0.016146 0.005000
0 0.964583 0.639500 0.008333 0.005500
0 0.983854 0.639250 0.015625 0.004000
0 0.960938 0.672375 0.019792 0.004750
0 0.967708 0.701125 0.012500 0.003750
0 0.503385 0.751000 0.009896 0.005000
0 0.558854 0.281000 0.009375 0.006500
0 0.568229 0.278250 0.011458 0.007500
0 0.902344 0.313000 0.010937 0.008000
0 0.777083 0.082875 0.014583 0.007750
0 0.306250 0.013250 0.008333 0.005000
0 0.042448 0.510875 0.010937 0.007750
