0 0.261719 0.428000 0.015104 0.006000
0 0.297656 0.402250 0.010937 0.007500
0 0.328646 0.392750 0.016667 0.004000
0 0.310937 0.389375 0.008333 0.007250
0 0.290625 0.384000 0.014583 0.006500
0 0.236458 0.352000 0.012500 0.007500
0 0.204687 0.350750 0.013542 0.006000
0 0.293750 0.334875 0.013542 0.007750
0 0.207552 0.318250 0.014063 0.008000
0 0.236979 0.310875 0.013542 0.004250
0 0.252344 0.292125 0.014063 0.007750
0 0.286719 0.289875 0.014063 0.003750
0 0.286198 0.285375 0.010937 0.006250
0 0.256510 0.232500 0.008854 0.008000
0 0.314583 0.218375 0.008333 0.006750
0 0.306771 0.209500 0.011458 0.006000
0 0.316146 0.203625 0.013542 0.005750
0 0.272135 0.197375 0.011979 0.005750
0 0.250521 0.195500 0.009375 0.007500
0 0.141146 0.189750 0.010417 0.007000
0 0.207292 0.223750 0.009375 0.006500
0 0.199479 0.226125 0.008333 0.006250
0 0.193229 0.228875 0.012500 0.006250
0 0.212500 0.230000 0.013542 0.004500
0 0.216146 0.226250 0.010417 0.005000
0 0.293490 0.159375 0.009896 0.008250
0 0.261458 0.138500 0.010417 0.007000
0 0.181250 0.145750 0.009375 0.007000
0 0.186979 0.133375 0.009375 0.007750
0 0.221354 0.130000 0.015625 0.007000
0 0.157031 0.262125 0.008854 0.006750
0 0.011198 0.219750 0.010937 0.005500
0 0.106771 0.191875 0.013542 0.003750
0 0.485417 0.489375 0.013542 0.005250
0 0.531510 0.456750 0.008854 0.008000
0 0.475521 0.424375 0.009375 0.008250
0 0.590625 0.422625 0.015625 0.007750
0 0.578385 0.395625 0.017188 0.009750
0 0.600521 0.353875 0.013542 0.008750
0 0.649479 0.364250 0.015625 0.007000
0 0.592448 0.335250 0.014063 0.009000
0 0.609115 0.330000 0.015104 0.007500
0 0.634375 0.329500 0.014583 0.009000
0 0.643490 0.319000 0.010937 0.008000
0 0.670833 0.289125 0.014583 0.007750
0 0.678906 0.259750 0.017188 0.006000
0 0.729688 0.281250 0.020833 0.009000
0 0.782552 0.291500 0.011979 0.007000
0 0.817448 0.272250 0.008854 0.006500
0 0.823958 0.261125 0.010417 0.008250
0 0.772917 0.272250 0.012500 0.007000
0 0.789062 0.268375 0.012500 0.006750
0 0.784375 0.263375 0.011458 0.003750
0 0.813021 0.246750 0.010417 0.008500
0 0.745313 0.241000 0.016667 0.007500
0 0.858073 0.224625 0.009896 0.008750
0 0.834635 0.232875 0.011979 0.004250
0 0.838021 0.229375 0.013542 0.005250
0 0.866146 0.202375 0.011458 0.007250
0 0.891406 0.188750 0.011979 0.008500
0 0.910417 0.179375 0.012500 0.008250
0 0.811198 0.197625 0.015104 0.008750
0 0.801042 0.183875 0.014583 0.006250
0 0.781510 0.171250 0.014063 0.009000
0 0.875781 0.153625 0.015104 0.007250
0 0.882812 0.144875 0.012500 0.009250
0 0.864062 0.146500 0.015625 0.007000
0 0.869792 0.123750 0.010417 0.008500
0 0.871354 0.117125 0.013542 0.006750
0 0.892969 0.116125 0.009896 0.009250
0 0.906771 0.118625 0.016667 0.005750
0 0.919010 0.138375 0.007812 0.006750
0 0.923438 0.130250 0.012500 0.008500
0 0.933854 0.123750 0.008333 0.008500
0 0.925521 0.119500 0.014583 0.007500
0 0.957812 0.129500 0.010417 0.008000
0 0.954167 0.140000 0.012500 0.008000
0 0.962240 0.148750 0.016146 0.008000
0 0.989062 0.115250 0.008333 0.006500
0 0.802083 0.321000 0.011458 0.004500
0 0.932552 0.367375 0.007812 0.005750
0 0.988542 0.522000 0.008333 0.006000
0 0.862240 0.549125 0.010937 0.006250
0 0.843750 0.538625 0.015625 0.006250
0 0.890104 0.520375 0.009375 0.006750
0 0.893750 0.511500 0.015625 0.005500
0 0.863802 0.506375 0.013021 0.005750
0 0.877083 0.518250 0.012500 0.006500
0 0.806510 0.516125 0.011979 0.005250
0 0.797656 0.517750 0.009896 0.006500
0 0.758333 0.514375 0.010417 0.006750
0 0.741927 0.535250 0.014063 0.005500
0 0.743750 0.525625 0.014583 0.005750
0 0.735938 0.521500 0.014583 0.003500
0 0.719531 0.515625 0.014063 0.004750
0 0.734115 0.515750 0.014063 0.009000
0 0.683333 0.525125 0.012500 0.005750
0 0.655469 0.560125 0.009896 0.006250
0 0.616927 0.566500 0.016146 0.006000
0 0.639583 0.538500 0.008333 0.007500
0 0.633854 0.538375 0.006250 0.006750
0 0.514062 0.577375 0.008333 0.005750
0 0.504167 0.577750 0.008333 0.006000
0 0.577344 0.654000 0.015104 0.005000
0 0.622917 0.641750 0.007292 0.008000
0 0.584115 0.640250 0.010937 0.005500
0 0.573438 0.637500 0.011458 0.004000
0 0.582292 0.634750 0.012500 0.004000
0 0.714844 0.657125 0.013021 0.005750
0 0.752865 0.692375 0.015104 0.005250
0 0.813021 0.696000 0.014583 0.005000
0 0.878125 0.691500 0.009375 0.007500
0 0.922917 0.699000 0.015625 0.006000
0 0.986458 0.719000 0.014583 0.006500
0 0.408854 0.647375 0.009375 0.006250
0 0.419792 0.659250 0.010417 0.006500
0 0.440885 0.703375 0.011979 0.006250
0 0.492448 0.721875 0.014063 0.006250
0 0.480469 0.762375 0.015104 0.005750
0 0.487500 0.754000 0.016667 0.005500
0 0.571354 0.791875 0.012500 0.007750
0 0.501042 0.797250 0.020833 0.007500
0 0.528646 0.805875 0.009375 0.008750
0 0.538542 0.803375 0.010417 0.008250
0 0.531510 0.826375 0.018229 0.002750
0 0.530990 0.830125 0.015104 0.005750
0 0.549740 0.854125 0.009896 0.008750
0 0.585417 0.864625 0.011458 0.007750
0 0.598698 0.843750 0.013021 0.007000
0 0.609375 0.842000 0.013542 0.007000
0 0.534375 0.894125 0.012500 0.007750
0 0.565365 0.896500 0.016146 0.005500
0 0.609115 0.921250 0.016146 0.007000
0 0.559896 0.928375 0.008333 0.007750
0 0.594531 0.946000 0.013021 0.009000
0 0.695573 0.901625 0.016146 0.004750
0 0.707812 0.905750 0.010417 0.007000
0 0.710677 0.923250 0.017188 0.005000
0 0.717187 0.930625 0.015625 0.005750
0 0.617448 0.962625 0.011979 0.007750
0 0.657813 0.987125 0.014583 0.010250
