0 0.486458 0.446500 0.009375 0.003500
0 0.574219 0.454375 0.007812 0.004750
0 0.582031 0.453625 0.009896 0.004750
0 0.584375 0.479500 0.011458 0.003500
0 0.660156 0.461250 0.013021 0.004000
0 0.659375 0.473125 0.012500 0.004250
0 0.650260 0.478000 0.009896 0.003500
0 0.638802 0.475750 0.011979 0.003000
0 0.701042 0.475375 0.011458 0.003750
0 0.753385 0.455750 0.010937 0.004500
0 0.743750 0.465375 0.011458 0.004250
0 0.702344 0.452500 0.006771 0.004000
0 0.729688 0.456000 0.010417 0.003500
0 0.736979 0.458500 0.006250 0.003500
0 0.740365 0.457875 0.009896 0.003750
0 0.841406 0.462125 0.015104 0.003750
0 0.859896 0.467375 0.014583 0.002750
0 0.851562 0.468875 0.013542 0.003250
0 0.930990 0.518375 0.005729 0.005250
0 0.925260 0.515250 0.011979 0.004000
0 0.885417 0.506750 0.012500 0.003000
0 0.931250 0.505625 0.013542 0.002750
0 0.930208 0.508125 0.009375 0.003250
0 0.857552 0.498500 0.011979 0.004000
0 0.833073 0.483750 0.013021 0.004000
0 0.803125 0.498250 0.009375 0.005500
0 0.826302 0.502750 0.006771 0.004500
0 0.833073 0.498875 0.013021 0.002250
0 0.832552 0.501250 0.009896 0.003000
0 0.739583 0.511500 0.009375 0.004000
0 0.741146 0.510125 0.011458 0.003750
0 0.805469 0.474750 0.008854 0.003000
0 0.795573 0.479125 0.011979 0.004250
0 0.779687 0.484750 0.010417 0.003500
0 0.749479 0.484000 0.011458 0.003000
0 0.752344 0.480250 0.013021 0.004000
0 0.471615 0.490875 0.009896 0.005750
0 0.564063 0.505250 0.008333 0.006000
0 0.619531 0.507125 0.008854 0.005750
0 0.667448 0.524750 0.009896 0.004000
0 0.654948 0.532125 0.010937 0.006250
0 0.723958 0.561375 0.009375 0.005250
0 0.772135 0.577250 0.008854 0.006000
0 0.785417 0.592125 0.014583 0.003250
0 0.761198 0.600125 0.009896 0.005250
0 0.727865 0.605375 0.010937 0.004750
0 0.759896 0.587125 0.010417 0.004750
0 0.749219 0.591625 0.005729 0.004250
0 0.752083 0.591125 0.006250 0.005250
0 0.754687 0.590625 0.006250 0.004250
0 0.653906 0.573750 0.010937 0.005000
0 0.663802 0.561000 0.008854 0.005500
0 0.643490 0.555125 0.011979 0.004250
0 0.622917 0.554750 0.008333 0.005000
0 0.630990 0.562750 0.010937 0.003500
0 0.646094 0.560000 0.009896 0.005500
0 0.539844 0.532500 0.013021 0.003000
0 0.534115 0.527750 0.008854 0.005500
0 0.551302 0.533250 0.009896 0.004000
0 0.553646 0.532250 0.008333 0.004000
0 0.679948 0.555250 0.007812 0.003000
0 0.680208 0.557250 0.010417 0.003000
0 0.714844 0.572625 0.007812 0.004250
0 0.736458 0.477375 0.011458 0.002250
0 0.416146 0.556000 0.008333 0.006500
0 0.435156 0.573125 0.009896 0.005250
0 0.431771 0.577125 0.008333 0.004750
0 0.467448 0.586500 0.007812 0.005500
0 0.493490 0.588625 0.014063 0.003750
0 0.430729 0.593125 0.009375 0.003750
0 0.433333 0.590875 0.012500 0.003750
0 0.452344 0.602375 0.008854 0.006250
0 0.483073 0.608875 0.010937 0.005250
0 0.496094 0.608625 0.011979 0.005750
0 0.519010 0.604000 0.011979 0.005500
0 0.516146 0.611625 0.011458 0.005750
0 0.523177 0.626625 0.008854 0.006750
0 0.518490 0.638875 0.009896 0.005750
0 0.536719 0.649375 0.009896 0.006750
0 0.546354 0.648375 0.007292 0.004750
0 0.549740 0.647750 0.008854 0.006000
0 0.587500 0.652750 0.014583 0.009500
0 0.733073 0.702875 0.007812 0.006750
0 0.652083 0.623500 0.009375 0.007500
0 0.542969 0.583125 0.009896 0.005250
0 0.308333 0.573625 0.007292 0.005750
0 0.301823 0.586000 0.008854 0.006500
0 0.317448 0.597625 0.009896 0.004750
0 0.285156 0.560500 0.004687 0.005000
0 0.280990 0.560000 0.004687 0.006500
0 0.304427 0.628125 0.007812 0.004750
0 0.323958 0.629375 0.007292 0.006250
0 0.381771 0.627000 0.009375 0.006500
0 0.368229 0.643000 0.005208 0.005500
0 0.372135 0.646250 0.005729 0.005500
0 0.375521 0.651625 0.009375 0.005750
0 0.344010 0.653250 0.007812 0.006500
0 0.375781 0.664500 0.006771 0.004500
0 0.377083 0.660625 0.005208 0.004250
0 0.376302 0.656500 0.007812 0.004000
0 0.395052 0.716250 0.009896 0.006500
0 0.395313 0.708625 0.006250 0.006750
0 0.388802 0.705250 0.007812 0.005500
0 0.353646 0.607375 0.005208 0.005750
0 0.359115 0.606375 0.004687 0.005750
0 0.355729 0.603750 0.005208 0.004500
0 0.250781 0.581500 0.013021 0.004500
0 0.548958 0.399000 0.011458 0.004000
0 0.641667 0.407250 0.010417 0.004500
0 0.649740 0.408125 0.010937 0.003750
0 0.657552 0.406375 0.009896 0.002750
0 0.683073 0.402000 0.011979 0.004500
0 0.712500 0.403750 0.012500 0.003000
0 0.724740 0.403875 0.008854 0.003250
0 0.722917 0.407375 0.011458 0.003750
0 0.699740 0.410000 0.011979 0.003000
0 0.711719 0.413625 0.011979 0.003250
0 0.745833 0.417500 0.012500 0.002500
0 0.762240 0.412750 0.011979 0.005000
0 0.737760 0.423125 0.009896 0.003250
0 0.733333 0.421000 0.007292 0.005000
0 0.764583 0.427250 0.012500 0.003500
0 0.782552 0.431250 0.011979 0.003500
0 0.793229 0.430250 0.006250 0.005000
0 0.832812 0.432750 0.011458 0.003500
0 0.844010 0.427875 0.010937 0.004250
