0 0.474625 0.388802 0.007250 0.008854
0 0.471625 0.377083 0.005750 0.008333
0 0.489750 0.360677 0.006500 0.010937
0 0.649375 0.139583 0.005750 0.014583
0 0.712500 0.110677 0.009000 0.013021
0 0.817500 0.082292 0.006500 0.013542
0 0.558875 0.562500 0.004750 0.011458
0 0.585875 0.516406 0.004250 0.015104
0 0.588125 0.513281 0.004750 0.011979
0 0.636625 0.552344 0.007250 0.010937
0 0.679875 0.484115 0.005750 0.007812
0 0.680000 0.478906 0.007000 0.007812
0 0.753375 0.551042 0.005750 0.017708
0 0.436875 0.664583 0.006250 0.010417
0 0.441750 0.721875 0.005000 0.011458
0 0.492375 0.865885 0.004250 0.013021
0 0.525625 0.845052 0.006250 0.015104
0 0.507125 0.896615 0.004750 0.010937
