0 0.420312 0.494875 0.010417 0.007250
0 0.368229 0.512500 0.012500 0.004000
0 0.375000 0.516250 0.014583 0.005500
0 0.325521 0.549500 0.016667 0.006500
0 0.386719 0.560750 0.013021 0.006500
0 0.254688 0.574750 0.017708 0.005000
0 0.365104 0.548500 0.008333 0.005500
0 0.367969 0.547250 0.008854 0.006000
0 0.371875 0.588000 0.014583 0.005000
0 0.359896 0.598500 0.010417 0.005000
0 0.324219 0.602375 0.014063 0.003750
0 0.322396 0.608250 0.012500 0.007500
0 0.472917 0.514500 0.010417 0.009000
0 0.462240 0.550000 0.010937 0.005500
0 0.481510 0.544375 0.010937 0.007250
0 0.479167 0.549500 0.011458 0.004500
0 0.478646 0.554625 0.016667 0.005250
0 0.544531 0.574750 0.015104 0.007500
0 0.538542 0.598125 0.011458 0.006250
0 0.525260 0.595125 0.013021 0.004750
0 0.525000 0.609500 0.014583 0.007000
0 0.467187 0.620875 0.011458 0.007250
0 0.433594 0.609750 0.015104 0.004500
0 0.450781 0.589250 0.009896 0.006500
0 0.457813 0.586250 0.012500 0.004500
0 0.457031 0.580000 0.011979 0.007000
0 0.487760 0.666000 0.013021 0.005500
0 0.508594 0.598625 0.005729 0.006250
0 0.512500 0.598875 0.006250 0.007250
0 0.619271 0.546250 0.008333 0.003500
0 0.619271 0.548625 0.009375 0.003750
0 0.630208 0.546750 0.011458 0.007000
0 0.651563 0.570000 0.011458 0.007000
0 0.641406 0.438375 0.015104 0.004750
0 0.631250 0.435750 0.013542 0.005000
0 0.884115 0.471000 0.020313 0.006500
0 0.945312 0.400625 0.013542 0.005250
