0 0.293750 0.451500 0.007292 0.003000
0 0.291927 0.450125 0.007812 0.004250
0 0.275521 0.447250 0.007292 0.004500
0 0.269531 0.446750 0.005729 0.004000
0 0.274740 0.438250 0.007812 0.004500
0 0.268750 0.440625 0.006250 0.004750
0 0.264583 0.427750 0.007292 0.004500
0 0.271094 0.418625 0.007812 0.006250
0 0.306510 0.414375 0.004687 0.006250
0 0.313021 0.415000 0.006250 0.005500
0 0.306771 0.422875 0.012500 0.003750
0 0.302344 0.426500 0.010937 0.003000
0 0.305469 0.431250 0.006771 0.005000
0 0.301563 0.434125 0.006250 0.005250
0 0.298438 0.437875 0.007292 0.004750
0 0.297656 0.441250 0.010937 0.003000
0 0.320573 0.432125 0.005729 0.004750
0 0.330469 0.432375 0.009896 0.003750
0 0.363802 0.410000 0.006771 0.006000
0 0.283854 0.398125 0.008333 0.005250
0 0.283333 0.394625 0.010417 0.003250
0 0.295312 0.403375 0.007292 0.004750
0 0.293490 0.402500 0.005729 0.003500
0 0.297917 0.392375 0.004167 0.005750
0 0.301302 0.392375 0.003646 0.004750
0 0.313021 0.398250 0.005208 0.005500
0 0.315104 0.393375 0.005208 0.005250
0 0.317969 0.391250 0.006771 0.004500
0 0.331510 0.391250 0.010937 0.003500
0 0.324219 0.389250 0.004687 0.005500
0 0.320312 0.385375 0.005208 0.005750
0 0.282813 0.380250 0.008333 0.005500
0 0.286979 0.377625 0.007292 0.005250
0 0.306510 0.381875 0.005729 0.004750
0 0.301823 0.381250 0.004687 0.006000
0 0.332292 0.362875 0.005208 0.005250
0 0.340104 0.348875 0.008333 0.004250
0 0.347396 0.352750 0.004167 0.004500
0 0.343750 0.352750 0.004167 0.006000
0 0.320052 0.339125 0.007812 0.004750
0 0.330729 0.332000 0.004167 0.005500
0 0.326823 0.331750 0.004687 0.007000
0 0.312240 0.317750 0.004687 0.005000
0 0.307812 0.318000 0.005208 0.006000
0 0.316146 0.307375 0.008333 0.005750
0 0.308333 0.308000 0.006250 0.006500
0 0.421354 0.277000 0.004167 0.005000
0 0.416667 0.276750 0.005208 0.007000
0 0.404687 0.274625 0.009375 0.004750
0 0.358073 0.257250 0.005729 0.006000
0 0.354167 0.256875 0.003125 0.005750
0 0.370312 0.290750 0.007292 0.006500
0 0.364583 0.306625 0.004167 0.004250
0 0.360938 0.306625 0.004167 0.007250
0 0.399740 0.377125 0.011979 0.006250
0 0.359115 0.464500 0.009896 0.004000
0 0.491927 0.428875 0.009896 0.005750
0 0.502865 0.412500 0.011979 0.005000
0 0.542708 0.410000 0.009375 0.003000
0 0.541667 0.408375 0.010417 0.003750
0 0.539844 0.407375 0.007812 0.002750
0 0.565365 0.403000 0.010937 0.003000
0 0.575781 0.402500 0.007812 0.005500
0 0.584896 0.391750 0.011458 0.005000
0 0.607552 0.387875 0.010937 0.005750
0 0.631250 0.391500 0.009375 0.006500
0 0.646875 0.379250 0.009375 0.005500
0 0.647396 0.375250 0.013542 0.003500
0 0.619792 0.368500 0.011458 0.005000
0 0.716667 0.332250 0.012500 0.005500
0 0.767448 0.349250 0.013021 0.003500
0 0.766146 0.346500 0.009375 0.003500
0 0.794010 0.332500 0.014063 0.004500
0 0.836458 0.310000 0.012500 0.005000
0 0.827083 0.304625 0.012500 0.003750
0 0.384115 0.519125 0.008854 0.003750
0 0.385156 0.517750 0.007812 0.002500
0 0.409635 0.506500 0.008854 0.004500
0 0.419271 0.505375 0.010417 0.003250
0 0.412240 0.503750 0.010937 0.002000
0 0.441146 0.501375 0.011458 0.003250
0 0.436979 0.506125 0.011458 0.003750
0 0.454687 0.505125 0.010417 0.005250
0 0.431510 0.514375 0.011979 0.002750
0 0.439323 0.519750 0.007812 0.003500
0 0.440365 0.518125 0.009896 0.003250
0 0.456510 0.518625 0.007812 0.002750
0 0.455990 0.516875 0.008854 0.002250
0 0.461458 0.516250 0.010417 0.003000
0 0.477865 0.514750 0.011979 0.003500
0 0.493490 0.513750 0.010937 0.004000
0 0.488542 0.504000 0.008333 0.003000
0 0.479687 0.501000 0.011458 0.002500
0 0.479427 0.503125 0.007812 0.002250
0 0.514323 0.502375 0.009896 0.003750
0 0.524479 0.501375 0.010417 0.002750
0 0.536198 0.496125 0.010937 0.004250
0 0.520833 0.497125 0.011458 0.003750
0 0.509115 0.495250 0.010937 0.003000
0 0.503125 0.490625 0.012500 0.002750
0 0.506250 0.487125 0.008333 0.003250
0 0.507812 0.485625 0.011458 0.002750
0 0.561198 0.495000 0.010937 0.003000
0 0.558073 0.492625 0.010937 0.002750
0 0.571354 0.489625 0.009375 0.002250
0 0.568750 0.487250 0.009375 0.002500
0 0.580208 0.478750 0.009375 0.004000
0 0.577865 0.477250 0.007812 0.003000
0 0.737760 0.466125 0.014063 0.003750
0 0.710677 0.464500 0.008854 0.005000
0 0.707031 0.459250 0.008854 0.004500
0 0.716146 0.454625 0.007292 0.006250
0 0.788802 0.451250 0.009896 0.003500
0 0.786198 0.449250 0.011979 0.002500
0 0.787240 0.446500 0.013021 0.003000
0 0.806250 0.440500 0.014583 0.005000
0 0.771354 0.450500 0.009375 0.003000
0 0.770052 0.448875 0.010937 0.003750
0 0.826302 0.455500 0.013021 0.005000
0 0.810156 0.463625 0.009896 0.005250
0 0.790625 0.460500 0.012500 0.003500
0 0.783073 0.469250 0.010937 0.002500
0 0.784375 0.467500 0.010417 0.002000
0 0.790625 0.474375 0.012500 0.002250
0 0.789844 0.477000 0.011979 0.003500
0 0.764062 0.479000 0.011458 0.005000
0 0.859635 0.480625 0.011979 0.005750
0 0.865365 0.474250 0.013021 0.005500
0 0.862500 0.467500 0.009375 0.002500
0 0.860677 0.465625 0.014063 0.001750
0 0.864062 0.458500 0.012500 0.004000
0 0.856771 0.454750 0.011458 0.004000
0 0.849219 0.452250 0.011979 0.003500
0 0.845052 0.447250 0.011979 0.003500
0 0.852865 0.449625 0.009896 0.001750
0 0.852344 0.448000 0.011979 0.002000
0 0.905990 0.451750 0.011979 0.003500
0 0.931250 0.453125 0.013542 0.006250
0 0.900000 0.457750 0.011458 0.002000
0 0.898958 0.456000 0.011458 0.003000
0 0.846094 0.513500 0.010937 0.004000
0 0.852344 0.508875 0.011979 0.004750
0 0.832031 0.510125 0.007812 0.004250
0 0.834896 0.509125 0.008333 0.004250
0 0.831771 0.505500 0.011458 0.002500
0 0.832292 0.503750 0.011458 0.002000
0 0.795312 0.502125 0.009375 0.004250
0 0.781510 0.497125 0.006771 0.004250
0 0.790365 0.496875 0.011979 0.002750
0 0.802604 0.499000 0.010417 0.002000
0 0.802083 0.500625 0.012500 0.002750
0 0.765885 0.517750 0.010937 0.004500
0 0.773177 0.515375 0.010937 0.004250
0 0.708594 0.530125 0.014063 0.002750
0 0.628646 0.515250 0.007292 0.006000
0 0.634375 0.508500 0.012500 0.003000
0 0.623177 0.510250 0.011979 0.002500
0 0.600000 0.512750 0.008333 0.006000
0 0.580990 0.512375 0.013021 0.004250
0 0.336458 0.522625 0.008333 0.005250
0 0.388021 0.548375 0.008333 0.003750
0 0.436719 0.559750 0.008854 0.005500
0 0.470833 0.556500 0.011458 0.004500
0 0.516406 0.564875 0.007812 0.002750
0 0.523958 0.565250 0.006250 0.004500
0 0.532813 0.553625 0.010417 0.005250
0 0.503125 0.573625 0.007292 0.003750
0 0.507552 0.578000 0.007812 0.005500
0 0.518490 0.576000 0.005729 0.004500
0 0.527344 0.578625 0.013021 0.003250
0 0.538021 0.581000 0.008333 0.002500
0 0.534896 0.583000 0.010417 0.003000
0 0.544271 0.589000 0.011458 0.002500
0 0.543750 0.584375 0.009375 0.003750
0 0.555990 0.586250 0.004687 0.006000
0 0.561719 0.585750 0.007812 0.005000
0 0.766146 0.613000 0.009375 0.004000
0 0.766927 0.610875 0.009896 0.002750
0 0.673698 0.575250 0.005729 0.004500
0 0.686458 0.570125 0.011458 0.003250
0 0.702865 0.582875 0.011979 0.005250
0 0.647917 0.587000 0.012500 0.005000
0 0.657031 0.572250 0.009896 0.004000
0 0.658333 0.570250 0.008333 0.003500
0 0.926823 0.624375 0.011979 0.003750
0 0.922656 0.665750 0.011979 0.004000
0 0.931510 0.664750 0.006771 0.003000
0 0.931510 0.667750 0.005729 0.003000
0 0.887240 0.589875 0.005729 0.003250
0 0.911719 0.575250 0.008854 0.003500
0 0.353125 0.557875 0.011458 0.003250
0 0.362760 0.565875 0.007812 0.005750
0 0.330469 0.566750 0.005729 0.004000
0 0.332552 0.570750 0.008854 0.004000
0 0.343229 0.569500 0.008333 0.005000
0 0.339062 0.574000 0.005208 0.005500
0 0.345052 0.575750 0.004687 0.003000
0 0.350000 0.574875 0.010417 0.004750
0 0.375521 0.571625 0.006250 0.004750
0 0.383073 0.577750 0.009896 0.005000
0 0.359115 0.587375 0.007812 0.005750
0 0.370312 0.588375 0.009375 0.004250
0 0.378125 0.591375 0.012500 0.003250
0 0.398958 0.589625 0.009375 0.004750
0 0.412500 0.595125 0.007292 0.003250
0 0.414062 0.598750 0.006250 0.004500
0 0.427083 0.605250 0.008333 0.004500
0 0.406771 0.607375 0.010417 0.004250
0 0.411979 0.618750 0.008333 0.006000
0 0.400521 0.615750 0.011458 0.003500
0 0.401042 0.611875 0.006250 0.005250
0 0.384635 0.626000 0.007812 0.005500
0 0.396354 0.625375 0.007292 0.005750
0 0.402344 0.622250 0.005729 0.004500
0 0.444531 0.614625 0.009896 0.004750
0 0.459896 0.610000 0.009375 0.004500
0 0.454427 0.612375 0.006771 0.003250
0 0.477083 0.615625 0.010417 0.004750
0 0.468229 0.624625 0.008333 0.003250
0 0.469010 0.627500 0.008854 0.003500
0 0.463542 0.620375 0.010417 0.003250
0 0.461458 0.618125 0.011458 0.002750
0 0.479167 0.656750 0.010417 0.003500
0 0.494271 0.653500 0.006250 0.004500
0 0.496875 0.652250 0.007292 0.004500
0 0.593750 0.715250 0.006250 0.004500
0 0.486979 0.636250 0.007292 0.004000
0 0.488281 0.635000 0.007812 0.003000
0 0.686458 0.729875 0.009375 0.003250
0 0.705469 0.732750 0.007812 0.004000
0 0.732812 0.754250 0.009375 0.005500
0 0.188021 0.951625 0.012500 0.006750
0 0.476302 0.947875 0.011979 0.006250
0 0.485156 0.925375 0.013021 0.007250
0 0.199740 0.696625 0.008854 0.007250
0 0.189583 0.702125 0.008333 0.007250
0 0.178906 0.701000 0.011979 0.007000
0 0.248438 0.724625 0.012500 0.005750
0 0.247396 0.729250 0.009375 0.005500
0 0.358073 0.700000 0.019271 0.008000
0 0.241667 0.690625 0.012500 0.006750
0 0.211458 0.675750 0.014583 0.007000
0 0.172917 0.670375 0.012500 0.005250
0 0.176302 0.661625 0.014063 0.005250
0 0.196875 0.667500 0.014583 0.007500
0 0.222656 0.666375 0.011979 0.008250
0 0.225000 0.647750 0.010417 0.006500
0 0.191927 0.660625 0.009896 0.005750
0 0.195573 0.656875 0.011979 0.005750
0 0.189583 0.652500 0.010417 0.007000
0 0.195573 0.627000 0.008854 0.007000
0 0.208073 0.621500 0.007812 0.007000
0 0.210938 0.614875 0.009375 0.006250
0 0.205990 0.629750 0.010937 0.007500
0 0.219531 0.586875 0.009896 0.004250
0 0.223958 0.579375 0.008333 0.005750
0 0.232292 0.582125 0.007292 0.005250
0 0.234115 0.577625 0.004687 0.004250
0 0.279427 0.566625 0.011979 0.005250
0 0.294531 0.582875 0.008854 0.004250
0 0.296615 0.595500 0.008854 0.007000
