0 0.302750 0.608073 0.008000 0.010937
0 0.308500 0.677083 0.008000 0.010417
0 0.333000 0.651823 0.007500 0.011979
0 0.340125 0.655729 0.005750 0.011458
0 0.344875 0.655729 0.003750 0.015625
0 0.348250 0.647396 0.006500 0.012500
0 0.371750 0.713021 0.006500 0.016667
0 0.372750 0.679688 0.006000 0.011458
0 0.401500 0.766406 0.006000 0.013021
0 0.401125 0.744010 0.006250 0.016146
0 0.398000 0.731510 0.008000 0.009896
0 0.473625 0.808854 0.007250 0.010417
0 0.372500 0.649479 0.004500 0.017708
0 0.382875 0.610677 0.006250 0.007812
0 0.388750 0.608594 0.006000 0.016146
0 0.365375 0.514844 0.006250 0.011979
0 0.328125 0.434375 0.008250 0.016667
0 0.242250 0.401042 0.004000 0.013542
0 0.239250 0.397656 0.005000 0.017188
0 0.249250 0.331250 0.009500 0.018750
0 0.287125 0.281510 0.004750 0.019271
0 0.273875 0.271615 0.004250 0.014063
0 0.233375 0.181510 0.007250 0.015104
0 0.399625 0.071354 0.007250 0.013542
0 0.426375 0.075781 0.006250 0.018229
0 0.416125 0.088542 0.008250 0.011458
0 0.375875 0.070573 0.007750 0.009896
0 0.374375 0.084635 0.006750 0.017188
0 0.393875 0.127865 0.008250 0.013021
0 0.381375 0.219531 0.005750 0.010937
0 0.387500 0.235156 0.004500 0.019271
0 0.420000 0.259896 0.006000 0.011458
0 0.435750 0.201042 0.005500 0.010417
0 0.418375 0.285938 0.006750 0.007292
0 0.420250 0.292969 0.006000 0.011979
0 0.453625 0.323177 0.005750 0.009896
0 0.454000 0.313281 0.004000 0.013021
0 0.466375 0.347396 0.003250 0.011458
0 0.463625 0.339583 0.003250 0.013542
0 0.469250 0.392708 0.006500 0.015625
0 0.444250 0.558073 0.008000 0.013021
0 0.473375 0.547135 0.007250 0.017188
0 0.471250 0.522135 0.007500 0.016146
0 0.487125 0.681250 0.004750 0.016667
0 0.457875 0.242188 0.004250 0.010417
0 0.460625 0.241667 0.004750 0.013542
0 0.450750 0.107552 0.005500 0.017188
0 0.475000 0.458073 0.004000 0.016146
0 0.526250 0.090885 0.006500 0.011979
0 0.541000 0.121875 0.005000 0.016667
0 0.547000 0.178646 0.007000 0.013542
0 0.569375 0.214583 0.006750 0.015625
0 0.581000 0.237240 0.005000 0.016146
0 0.564000 0.219271 0.004000 0.012500
0 0.561750 0.225260 0.003500 0.017188
0 0.549625 0.301042 0.004250 0.017708
0 0.527250 0.211198 0.004500 0.008854
0 0.525250 0.233073 0.003500 0.009896
0 0.524125 0.227604 0.003250 0.010417
0 0.514875 0.341667 0.005750 0.009375
0 0.588875 0.335156 0.006250 0.016146
0 0.560500 0.262500 0.006000 0.010417
0 0.563250 0.267708 0.004500 0.011458
0 0.563000 0.289844 0.005500 0.015104
0 0.569000 0.278646 0.003500 0.015625
0 0.571000 0.277865 0.004000 0.011979
0 0.563250 0.276302 0.004500 0.011979
0 0.531375 0.312760 0.004750 0.013021
0 0.539875 0.315365 0.004250 0.014063
0 0.541250 0.323958 0.004000 0.010417
0 0.547625 0.268490 0.003250 0.010937
0 0.546375 0.264323 0.004250 0.013021
0 0.548375 0.252344 0.003250 0.010937
0 0.550500 0.254688 0.003000 0.012500
0 0.516125 0.414323 0.005750 0.011979
0 0.551125 0.441406 0.007250 0.014063
0 0.544125 0.391146 0.007750 0.012500
0 0.541500 0.405469 0.003500 0.014063
0 0.541375 0.416667 0.004750 0.011458
0 0.537875 0.412240 0.004250 0.017188
0 0.576375 0.322656 0.002250 0.017188
0 0.578500 0.323437 0.002500 0.011458
0 0.542000 0.444531 0.004500 0.015104
0 0.539875 0.455729 0.005750 0.012500
0 0.560500 0.452083 0.005000 0.012500
0 0.559125 0.466667 0.006750 0.009375
0 0.553000 0.470573 0.003500 0.016146
0 0.550000 0.470573 0.003500 0.017188
0 0.565375 0.478906 0.004250 0.014063
0 0.562375 0.484115 0.003250 0.014063
0 0.559250 0.479167 0.004000 0.007292
0 0.547125 0.493750 0.004250 0.015625
0 0.526125 0.519531 0.005250 0.010937
0 0.550625 0.495573 0.002750 0.015104
0 0.553125 0.494010 0.003250 0.016146
0 0.548125 0.540625 0.006750 0.010417
0 0.588750 0.510156 0.003000 0.014063
0 0.591250 0.510938 0.002000 0.011458
0 0.521500 0.570573 0.004500 0.015104
0 0.541000 0.567448 0.004000 0.016146
0 0.529750 0.581771 0.005500 0.008333
0 0.531750 0.572135 0.004000 0.014063
0 0.541375 0.622656 0.002750 0.016146
0 0.538250 0.619531 0.004000 0.016146
0 0.552375 0.627083 0.004250 0.012500
0 0.565000 0.643750 0.005500 0.009375
0 0.549000 0.679167 0.005500 0.012500
0 0.550750 0.677344 0.004000 0.010937
0 0.554750 0.648958 0.006500 0.010417
0 0.558375 0.633594 0.007250 0.010937
0 0.592000 0.580469 0.006000 0.017188
0 0.608750 0.407031 0.003000 0.016146
0 0.608000 0.393229 0.004000 0.010417
