0 0.341406 0.416125 0.005729 0.006250
0 0.337760 0.416375 0.004687 0.004750
0 0.335677 0.406500 0.010937 0.005500
0 0.335938 0.403750 0.007292 0.005000
0 0.379167 0.368875 0.010417 0.007750
0 0.353646 0.364500 0.012500 0.006000
0 0.351823 0.362000 0.010937 0.004500
0 0.379427 0.355375 0.013021 0.006250
0 0.414323 0.291875 0.011979 0.005750
0 0.411458 0.319750 0.011458 0.005000
0 0.400781 0.337875 0.007812 0.005750
0 0.411979 0.339750 0.006250 0.007500
0 0.405990 0.340125 0.006771 0.007250
0 0.418490 0.347750 0.008854 0.004500
0 0.328385 0.485375 0.008854 0.005750
0 0.361458 0.466625 0.011458 0.006250
0 0.406771 0.450000 0.010417 0.006500
0 0.393490 0.445750 0.015104 0.004500
0 0.440104 0.428500 0.011458 0.006500
0 0.467448 0.416750 0.010937 0.006500
0 0.469531 0.412000 0.009896 0.004500
0 0.620833 0.358500 0.008333 0.003500
0 0.623958 0.356875 0.010417 0.004750
0 0.574479 0.328000 0.014583 0.003000
0 0.573698 0.324875 0.013021 0.003250
0 0.466406 0.388500 0.014063 0.003000
0 0.467187 0.386125 0.011458 0.002250
0 0.363021 0.434750 0.010417 0.008000
0 0.384115 0.426625 0.010937 0.003250
0 0.383073 0.424500 0.011979 0.003500
0 0.320312 0.514625 0.009375 0.003750
0 0.393229 0.497875 0.012500 0.002750
0 0.380208 0.501125 0.008333 0.003250
0 0.376302 0.500125 0.010937 0.003750
0 0.433594 0.491750 0.008854 0.003500
0 0.438542 0.491875 0.007292 0.003250
0 0.477604 0.479875 0.007292 0.006250
0 0.488542 0.477625 0.011458 0.006250
0 0.510677 0.474125 0.010937 0.003750
0 0.511198 0.471375 0.015104 0.004250
0 0.532813 0.481000 0.005208 0.004000
0 0.537760 0.480625 0.004687 0.003250
0 0.546094 0.480625 0.011979 0.004750
0 0.556771 0.479625 0.010417 0.004250
0 0.579688 0.477250 0.010417 0.003500
0 0.591406 0.475250 0.011979 0.003000
0 0.596094 0.475625 0.008854 0.003250
0 0.620833 0.477500 0.015625 0.004000
0 0.666146 0.475875 0.015625 0.004750
0 0.625521 0.454500 0.013542 0.006000
0 0.601562 0.443375 0.012500 0.007750
0 0.676823 0.462125 0.014063 0.003750
0 0.672135 0.459375 0.010937 0.003750
0 0.674479 0.457875 0.014583 0.004250
0 0.677344 0.454125 0.009896 0.006750
0 0.723177 0.441500 0.005729 0.007000
0 0.717708 0.441375 0.006250 0.006250
0 0.786979 0.443125 0.015625 0.003750
0 0.794271 0.439500 0.017708 0.004000
0 0.814583 0.449875 0.015625 0.004750
0 0.888281 0.440125 0.014063 0.002750
0 0.889323 0.437375 0.017188 0.003250
0 0.937760 0.433375 0.013021 0.003750
0 0.939063 0.430500 0.016667 0.003000
0 0.988542 0.464000 0.016667 0.004000
0 0.898438 0.456000 0.014583 0.004500
0 0.857292 0.459250 0.016667 0.004500
0 0.825260 0.460375 0.016146 0.005750
0 0.806250 0.464250 0.014583 0.005000
0 0.798177 0.463500 0.006771 0.006000
0 0.794792 0.461750 0.006250 0.004000
0 0.751563 0.467250 0.011458 0.004500
0 0.731510 0.472625 0.010937 0.003750
0 0.435937 0.534000 0.014583 0.003000
0 0.436198 0.530750 0.014063 0.003500
0 0.489063 0.538250 0.012500 0.005500
0 0.488281 0.528625 0.006771 0.005250
0 0.492448 0.528250 0.007812 0.006000
0 0.563281 0.554500 0.011979 0.002500
0 0.563281 0.556375 0.009896 0.002750
0 0.560417 0.560500 0.014583 0.003500
0 0.590104 0.576500 0.013542 0.005500
0 0.641406 0.568000 0.015104 0.002500
0 0.641927 0.566000 0.011979 0.002500
0 0.765885 0.583125 0.009896 0.005750
0 0.769271 0.580875 0.011458 0.003750
0 0.833594 0.592375 0.011979 0.002250
0 0.834896 0.590250 0.012500 0.002500
0 0.832292 0.601250 0.006250 0.005000
0 0.834635 0.600375 0.006771 0.004750
0 0.769010 0.557500 0.009896 0.003000
0 0.766667 0.555875 0.011458 0.002750
0 0.739062 0.546750 0.013542 0.005000
0 0.731510 0.560750 0.009896 0.005500
0 0.708594 0.562250 0.013021 0.004500
0 0.723958 0.557625 0.009375 0.004250
0 0.721094 0.555625 0.009896 0.005250
0 0.719531 0.551000 0.015104 0.004500
0 0.669531 0.545500 0.008854 0.004000
0 0.671875 0.544625 0.010417 0.004250
0 0.650260 0.528375 0.004687 0.004750
0 0.646615 0.527500 0.006771 0.004000
0 0.420573 0.597500 0.007812 0.004000
0 0.518229 0.653500 0.008333 0.002500
0 0.519792 0.655375 0.008333 0.003250
0 0.657031 0.649625 0.016146 0.004250
0 0.660677 0.656875 0.011979 0.006750
0 0.643490 0.667375 0.009896 0.005750
0 0.622396 0.668000 0.012500 0.006500
0 0.613281 0.668250 0.008854 0.007500
0 0.605729 0.669125 0.009375 0.005750
0 0.598437 0.692250 0.008333 0.004500
0 0.627604 0.695125 0.013542 0.003750
0 0.633333 0.698375 0.008333 0.004250
0 0.691667 0.721625 0.010417 0.004750
0 0.648177 0.687375 0.008854 0.005750
0 0.651823 0.681000 0.013021 0.005000
0 0.279167 0.587250 0.009375 0.003500
