0 0.138021 0.421375 0.012500 0.004750
0 0.158854 0.391750 0.011458 0.005000
0 0.244531 0.357250 0.010937 0.006500
0 0.298438 0.330500 0.013542 0.005000
0 0.383333 0.356750 0.012500 0.004500
0 0.328906 0.391250 0.013021 0.004000
0 0.285938 0.439625 0.011458 0.007250
0 0.250521 0.445250 0.015625 0.004500
0 0.253385 0.461750 0.008854 0.007500
0 0.235677 0.464250 0.017188 0.003500
0 0.235156 0.468500 0.013021 0.005000
0 0.241406 0.470625 0.008854 0.004750
0 0.249740 0.472625 0.007812 0.006750
0 0.260417 0.478625 0.010417 0.006750
0 0.274740 0.472875 0.009896 0.004750
0 0.274479 0.467000 0.008333 0.005500
0 0.267708 0.465875 0.006250 0.006750
0 0.274740 0.463375 0.006771 0.006250
0 0.188802 0.493250 0.016146 0.005500
0 0.163281 0.500375 0.016146 0.003250
0 0.233073 0.504625 0.004687 0.005250
0 0.238281 0.504250 0.004687 0.006500
0 0.228385 0.503375 0.006771 0.006250
0 0.222135 0.505375 0.007812 0.006250
0 0.218750 0.503250 0.006250 0.005500
0 0.202344 0.504375 0.005729 0.007750
0 0.206771 0.504375 0.006250 0.005750
0 0.209115 0.511875 0.016146 0.004750
0 0.204948 0.516625 0.009896 0.005750
0 0.195833 0.519375 0.011458 0.004250
0 0.186979 0.521250 0.012500 0.005000
0 0.200260 0.525000 0.007812 0.006500
0 0.193490 0.523250 0.010937 0.004000
0 0.184115 0.527000 0.010937 0.005000
0 0.189583 0.528875 0.012500 0.003750
0 0.188021 0.532250 0.012500 0.004500
0 0.193229 0.534500 0.009375 0.005000
0 0.189062 0.537375 0.006250 0.005750
0 0.184375 0.537125 0.005208 0.006250
0 0.204687 0.542625 0.012500 0.004750
0 0.191146 0.542500 0.009375 0.005500
0 0.199219 0.540125 0.007812 0.004750
0 0.199479 0.536250 0.009375 0.005500
0 0.205208 0.537125 0.003125 0.005750
0 0.209635 0.537625 0.006771 0.005750
0 0.158333 0.542875 0.012500 0.008250
0 0.125521 0.539375 0.013542 0.007750
0 0.146875 0.560250 0.013542 0.007500
0 0.147135 0.568750 0.008854 0.008000
0 0.136979 0.580250 0.007292 0.006000
0 0.132031 0.577875 0.013021 0.004250
0 0.003125 0.603500 0.006250 0.006500
0 0.033854 0.594125 0.013542 0.004750
0 0.062760 0.570625 0.008854 0.007250
0 0.067708 0.554875 0.010417 0.006250
0 0.070052 0.537250 0.005729 0.005500
0 0.073958 0.536500 0.007292 0.006000
0 0.079427 0.497625 0.009896 0.007250
0 0.127083 0.506125 0.010417 0.008250
0 0.167708 0.483500 0.009375 0.007000
0 0.157552 0.478125 0.008854 0.006750
0 0.202865 0.454375 0.003646 0.005750
0 0.208073 0.454500 0.006771 0.007500
0 0.228646 0.434250 0.013542 0.008500
0 0.259375 0.418375 0.014583 0.004750
0 0.279167 0.409750 0.010417 0.006000
0 0.434896 0.396000 0.011458 0.007500
0 0.407292 0.424375 0.015625 0.007250
0 0.409375 0.439500 0.008333 0.007500
0 0.427865 0.440500 0.015104 0.004500
0 0.407292 0.484750 0.013542 0.007000
0 0.393490 0.504500 0.010937 0.009500
0 0.379167 0.521125 0.013542 0.006250
0 0.388542 0.560000 0.010417 0.007000
0 0.383854 0.554375 0.008333 0.006750
0 0.379427 0.553500 0.007812 0.006000
0 0.364063 0.572125 0.013542 0.006250
0 0.353125 0.577625 0.006250 0.006750
0 0.348438 0.577250 0.006250 0.006500
0 0.382031 0.585625 0.006771 0.006750
0 0.383073 0.590500 0.007812 0.006000
0 0.377865 0.616250 0.005729 0.007000
0 0.371875 0.615500 0.007292 0.005500
0 0.373177 0.626375 0.009896 0.008250
0 0.392448 0.648500 0.006771 0.006000
0 0.385417 0.636750 0.011458 0.006500
0 0.400781 0.605875 0.006771 0.005750
0 0.394271 0.608000 0.006250 0.004500
0 0.401302 0.592375 0.006771 0.005250
0 0.394531 0.592875 0.006771 0.005750
0 0.394792 0.604625 0.008333 0.006250
0 0.422135 0.529250 0.007812 0.006000
0 0.418229 0.536750 0.008333 0.005000
0 0.423177 0.546125 0.006771 0.004750
0 0.417448 0.546875 0.009896 0.003750
0 0.424219 0.499500 0.008854 0.005000
0 0.426302 0.501625 0.005729 0.004750
0 0.428125 0.502625 0.005208 0.005250
0 0.436198 0.479500 0.008854 0.004000
0 0.430469 0.485125 0.007812 0.005250
0 0.430208 0.488625 0.005208 0.003750
0 0.538281 0.384375 0.010937 0.005250
0 0.552865 0.414500 0.013021 0.004500
0 0.545312 0.426375 0.009375 0.004250
0 0.541667 0.443625 0.009375 0.006750
0 0.569531 0.448250 0.013021 0.006500
0 0.571354 0.458500 0.009375 0.007000
0 0.581250 0.470125 0.011458 0.005750
0 0.589063 0.528375 0.008333 0.003750
0 0.587760 0.526125 0.009896 0.004750
0 0.588281 0.516000 0.006771 0.004000
0 0.589844 0.514000 0.010937 0.005000
0 0.590625 0.512625 0.009375 0.003750
0 0.604948 0.542375 0.011979 0.005750
0 0.617188 0.560250 0.010417 0.003500
0 0.605469 0.560500 0.010937 0.006000
0 0.622135 0.588500 0.013021 0.004000
0 0.618229 0.592250 0.012500 0.005000
0 0.615885 0.594125 0.009896 0.002750
0 0.619792 0.597750 0.011458 0.006000
0 0.612240 0.616000 0.008854 0.006500
0 0.608854 0.616625 0.006250 0.005250
0 0.584896 0.647625 0.004167 0.005250
0 0.590104 0.648750 0.008333 0.006500
0 0.636719 0.666625 0.004687 0.004750
0 0.643229 0.667250 0.008333 0.006500
0 0.659375 0.792625 0.009375 0.006250
0 0.727083 0.699500 0.010417 0.004000
0 0.716406 0.676375 0.011979 0.004750
0 0.661198 0.661750 0.006771 0.005500
0 0.658333 0.661125 0.009375 0.006250
0 0.652083 0.607875 0.011458 0.005250
0 0.654948 0.594750 0.005729 0.006500
0 0.660937 0.591125 0.009375 0.005250
0 0.647656 0.594875 0.009896 0.003750
0 0.645833 0.593375 0.011458 0.004250
0 0.646354 0.589125 0.012500 0.003750
0 0.628906 0.529875 0.010937 0.005750
0 0.668750 0.543250 0.008333 0.005500
0 0.667448 0.542375 0.006771 0.004750
0 0.678385 0.508375 0.013021 0.007250
0 0.617969 0.495375 0.010937 0.005250
0 0.612240 0.492500 0.006771 0.004500
0 0.609635 0.492000 0.008854 0.005500
0 0.653385 0.480125 0.010937 0.006250
0 0.598698 0.467750 0.009896 0.007000
0 0.596094 0.453750 0.011979 0.007000
0 0.575000 0.411375 0.011458 0.006250
0 0.573177 0.393750 0.013021 0.007000
0 0.641927 0.367125 0.007812 0.007250
0 0.636979 0.362875 0.007292 0.007250
0 0.629427 0.355250 0.005729 0.007500
0 0.634896 0.355250 0.006250 0.006000
0 0.638802 0.356125 0.007812 0.007250
0 0.639583 0.383250 0.008333 0.006500
0 0.676823 0.388000 0.013021 0.005500
0 0.667188 0.387625 0.008333 0.006250
0 0.671615 0.418750 0.008854 0.005000
0 0.663281 0.424125 0.010937 0.004250
0 0.713281 0.452625 0.008854 0.006250
0 0.712760 0.460000 0.010937 0.005500
0 0.684375 0.479250 0.010417 0.005000
0 0.735677 0.475750 0.010937 0.007500
0 0.731510 0.493375 0.010937 0.006750
0 0.739323 0.502375 0.009896 0.006750
0 0.753385 0.504625 0.011979 0.006250
0 0.743490 0.495000 0.011979 0.005500
0 0.746094 0.493500 0.009896 0.004500
0 0.776042 0.513500 0.009375 0.007000
0 0.773958 0.514875 0.008333 0.005750
0 0.760938 0.526125 0.014583 0.006250
0 0.761979 0.541750 0.012500 0.007000
0 0.790104 0.536375 0.011458 0.004750
0 0.791927 0.535000 0.014063 0.005000
0 0.817187 0.556125 0.010417 0.004250
0 0.819792 0.554375 0.013542 0.005250
0 0.828385 0.564625 0.014063 0.004750
0 0.824479 0.539875 0.009375 0.007250
0 0.828385 0.538875 0.008854 0.006250
0 0.758333 0.468375 0.011458 0.008250
0 0.732292 0.443750 0.007292 0.006500
0 0.728385 0.443125 0.006771 0.005750
0 0.774479 0.350250 0.014583 0.004500
0 0.747396 0.357625 0.010417 0.008750
0 0.743490 0.374000 0.008854 0.003000
0 0.746615 0.376750 0.008854 0.003000
0 0.750781 0.374000 0.009896 0.006000
0 0.796615 0.392625 0.013021 0.003250
0 0.804948 0.404875 0.015104 0.005750
0 0.865104 0.427625 0.008333 0.005750
0 0.868750 0.426500 0.011458 0.006000
0 0.879687 0.430750 0.013542 0.006500
0 0.891146 0.443000 0.012500 0.007000
0 0.911198 0.447375 0.011979 0.007250
0 0.992188 0.494250 0.012500 0.007500
0 0.980469 0.469125 0.011979 0.004750
0 0.969271 0.451625 0.012500 0.007750
0 0.990104 0.420625 0.012500 0.006250
0 0.937760 0.431125 0.016146 0.004750
0 0.920573 0.431875 0.009896 0.007250
0 0.945312 0.424125 0.010417 0.007250
0 0.952865 0.421125 0.014063 0.003250
0 0.936198 0.417625 0.008854 0.005250
0 0.940365 0.416500 0.010937 0.006500
0 0.880208 0.415000 0.013542 0.009000
0 0.861979 0.390750 0.008333 0.007000
0 0.627604 0.286500 0.013542 0.005000
0 0.619792 0.281250 0.014583 0.005500
