0 0.191406 0.469500 0.004687 0.005500
0 0.195312 0.469375 0.005208 0.006750
0 0.202604 0.469375 0.008333 0.005250
0 0.205469 0.494125 0.007812 0.006750
0 0.196354 0.489875 0.008333 0.007250
0 0.194531 0.510625 0.006771 0.006750
0 0.185677 0.508125 0.013021 0.004250
0 0.241927 0.527625 0.007812 0.005750
0 0.238542 0.527375 0.006250 0.004750
0 0.251302 0.528750 0.003646 0.005000
0 0.255990 0.528750 0.005729 0.006500
0 0.253906 0.542125 0.005729 0.005750
0 0.249219 0.541000 0.005729 0.006500
0 0.244010 0.541250 0.006771 0.005500
0 0.265365 0.538250 0.008854 0.005500
0 0.268490 0.537625 0.007812 0.004250
0 0.294792 0.559375 0.008333 0.005750
0 0.251823 0.558375 0.007812 0.005750
0 0.282292 0.568875 0.005208 0.006250
0 0.286458 0.569125 0.005208 0.005250
0 0.301302 0.572875 0.014063 0.004750
0 0.284635 0.582125 0.004687 0.006250
0 0.288281 0.582125 0.004687 0.004750
0 0.311458 0.590125 0.009375 0.004750
0 0.312500 0.588625 0.008333 0.003750
0 0.350781 0.555375 0.011979 0.005250
0 0.327083 0.576375 0.010417 0.004250
0 0.328906 0.574375 0.007812 0.003750
0 0.284115 0.527375 0.006771 0.005250
0 0.287760 0.525875 0.005729 0.003750
0 0.247135 0.492375 0.009896 0.006250
0 0.236979 0.484750 0.011458 0.004500
0 0.458073 0.608000 0.007812 0.005500
0 0.467708 0.593375 0.008333 0.005250
0 0.478385 0.583500 0.006771 0.005000
0 0.498958 0.573750 0.008333 0.006000
0 0.488021 0.576000 0.007292 0.005500
0 0.491146 0.575500 0.004167 0.003500
0 0.520833 0.562625 0.011458 0.006250
0 0.530469 0.551750 0.011979 0.004500
0 0.510417 0.550375 0.012500 0.004250
0 0.533333 0.545750 0.010417 0.004500
0 0.531250 0.544500 0.009375 0.003500
0 0.548177 0.540250 0.009896 0.005500
0 0.564063 0.536625 0.011458 0.005750
0 0.549479 0.520875 0.007292 0.006250
0 0.558073 0.522375 0.007812 0.006750
0 0.568750 0.514750 0.013542 0.005000
0 0.581250 0.516750 0.010417 0.004500
0 0.584635 0.512375 0.010937 0.004250
0 0.583594 0.506875 0.015104 0.004250
0 0.567448 0.503250 0.009896 0.006500
0 0.576562 0.498500 0.007292 0.006500
0 0.568490 0.494875 0.008854 0.006250
0 0.587760 0.501625 0.008854 0.006250
0 0.593229 0.501500 0.009375 0.006000
0 0.625260 0.505750 0.007812 0.005000
0 0.621354 0.511625 0.008333 0.005250
0 0.617969 0.511625 0.007812 0.004750
0 0.615104 0.498250 0.010417 0.006500
0 0.606510 0.493875 0.010937 0.005750
0 0.628906 0.494375 0.009896 0.005750
0 0.638542 0.492250 0.010417 0.005500
0 0.624740 0.488500 0.011979 0.006500
0 0.612500 0.485500 0.007292 0.007000
0 0.616146 0.478375 0.008333 0.005750
0 0.625521 0.479500 0.008333 0.006500
0 0.659375 0.479875 0.012500 0.005750
0 0.648698 0.474625 0.008854 0.005250
0 0.643490 0.474500 0.007812 0.004000
0 0.634896 0.470375 0.012500 0.003750
0 0.632292 0.468250 0.010417 0.004500
0 0.680990 0.466625 0.009896 0.006750
0 0.672656 0.465875 0.009896 0.005750
0 0.622917 0.443000 0.013542 0.005500
0 0.676562 0.420250 0.009375 0.005000
0 0.673177 0.419125 0.009896 0.005750
0 0.575260 0.460750 0.014063 0.006000
0 0.547656 0.475875 0.011979 0.005250
0 0.548958 0.488500 0.012500 0.005500
0 0.623437 0.609375 0.010417 0.003750
0 0.744010 0.587875 0.009896 0.004250
0 0.896354 0.512875 0.008333 0.006250
0 0.634375 0.656000 0.009375 0.005000
0 0.618490 0.656875 0.011979 0.003250
0 0.605729 0.655625 0.013542 0.004250
0 0.700781 0.661000 0.008854 0.005500
0 0.715365 0.661125 0.011979 0.004250
0 0.739062 0.657000 0.009375 0.004000
0 0.743750 0.655375 0.009375 0.002750
0 0.744271 0.652125 0.012500 0.003750
0 0.761198 0.653875 0.011979 0.002750
0 0.760156 0.651125 0.013021 0.003250
0 0.786458 0.656250 0.012500 0.004000
0 0.820052 0.660500 0.011979 0.002500
0 0.819271 0.662750 0.011458 0.002500
0 0.952865 0.646250 0.009896 0.003000
0 0.634635 0.723000 0.007812 0.006500
0 0.938802 0.798375 0.006771 0.005250
0 0.946354 0.799625 0.008333 0.005750
0 0.484375 0.718125 0.009375 0.005750
0 0.508854 0.745000 0.009375 0.006000
0 0.513802 0.751875 0.008854 0.006750
0 0.574740 0.814000 0.006771 0.005000
0 0.577865 0.819500 0.006771 0.005500
0 0.557552 0.808500 0.005729 0.006500
0 0.552344 0.817500 0.010937 0.006000
0 0.548698 0.822375 0.009896 0.006250
0 0.519792 0.847625 0.008333 0.006250
0 0.510156 0.839000 0.006771 0.007000
0 0.477865 0.843625 0.007812 0.005750
0 0.481250 0.843000 0.005208 0.005000
0 0.477865 0.815500 0.007812 0.007500
0 0.526563 0.816750 0.007292 0.007500
0 0.509896 0.803875 0.008333 0.006750
0 0.486458 0.801875 0.006250 0.006250
0 0.481250 0.801625 0.004167 0.007750
0 0.470052 0.794125 0.007812 0.006750
0 0.482552 0.775250 0.008854 0.006500
0 0.473958 0.772750 0.007292 0.007000
0 0.471094 0.765375 0.015104 0.003750
0 0.455208 0.763250 0.009375 0.006500
0 0.454948 0.758250 0.010937 0.005000
0 0.459375 0.755875 0.006250 0.006250
0 0.456771 0.751125 0.008333 0.005750
0 0.452344 0.744875 0.004687 0.006250
0 0.441667 0.745625 0.010417 0.004750
0 0.449219 0.740875 0.005729 0.006750
0 0.569010 0.909750 0.009896 0.005500
