0 0.435875 0.693750 0.007250 0.013542
0 0.444875 0.680208 0.006250 0.018750
0 0.363875 0.578125 0.008250 0.011458
0 0.378250 0.578906 0.006000 0.016146
0 0.378625 0.564323 0.007250 0.009896
0 0.385375 0.546875 0.008250 0.014583
0 0.404000 0.572396 0.006500 0.010417
0 0.410000 0.592187 0.005500 0.010417
0 0.404625 0.586458 0.005750 0.007292
0 0.408125 0.585677 0.006250 0.008854
0 0.410000 0.578906 0.003500 0.009896
0 0.370125 0.717448 0.006250 0.010937
0 0.372500 0.688802 0.006000 0.011979
0 0.490625 0.633854 0.007750 0.014583
0 0.483250 0.569010 0.007000 0.013021
0 0.489500 0.561979 0.005500 0.021875
0 0.502250 0.585417 0.004500 0.018750
0 0.500500 0.546615 0.005500 0.013021
0 0.482750 0.510156 0.004000 0.017188
0 0.486875 0.511458 0.004750 0.017708
0 0.490875 0.512240 0.004750 0.017188
0 0.494125 0.521875 0.004250 0.014583
0 0.491750 0.520052 0.004500 0.016146
0 0.478875 0.460938 0.003250 0.017708
0 0.485000 0.467187 0.004500 0.018750
0 0.459375 0.401823 0.008750 0.009896
0 0.464000 0.390104 0.009000 0.009375
0 0.455125 0.378646 0.005250 0.016667
0 0.483500 0.376302 0.011500 0.018229
0 0.456250 0.364583 0.004500 0.011458
0 0.453875 0.361458 0.006750 0.015625
0 0.493875 0.303385 0.004250 0.019271
0 0.471375 0.194010 0.004750 0.010937
0 0.446250 0.335677 0.007000 0.011979
0 0.490125 0.359375 0.005750 0.014583
0 0.330250 0.386198 0.006500 0.011979
0 0.364000 0.288542 0.006500 0.010417
0 0.391375 0.319531 0.005250 0.014063
0 0.414000 0.363542 0.004500 0.013542
0 0.366875 0.222656 0.007750 0.013021
0 0.394625 0.154948 0.007250 0.015104
0 0.517125 0.624479 0.004250 0.019792
0 0.513875 0.605990 0.004250 0.016146
0 0.513250 0.595052 0.007500 0.007812
0 0.528125 0.567708 0.004750 0.019792
0 0.535000 0.575781 0.004500 0.015104
0 0.553125 0.589844 0.006250 0.013021
0 0.525125 0.514062 0.004750 0.020833
0 0.517000 0.501302 0.007000 0.010937
0 0.520375 0.491406 0.004250 0.017188
0 0.529500 0.489323 0.003500 0.014063
0 0.527500 0.479167 0.007000 0.009375
0 0.526375 0.469010 0.005250 0.014063
0 0.532000 0.463281 0.007000 0.011979
0 0.537250 0.450781 0.005000 0.015104
0 0.541750 0.464583 0.004500 0.016667
0 0.545500 0.464323 0.003000 0.019271
0 0.550125 0.453906 0.006750 0.014063
0 0.553000 0.443490 0.007000 0.007812
0 0.546125 0.439844 0.006750 0.011979
0 0.536875 0.435677 0.006250 0.015104
0 0.542125 0.432552 0.005750 0.009896
0 0.537500 0.424479 0.005000 0.016667
0 0.528000 0.399479 0.005000 0.016667
0 0.521500 0.381510 0.003500 0.017188
0 0.548625 0.379167 0.004750 0.013542
0 0.545500 0.367448 0.004500 0.017188
0 0.547875 0.364323 0.004750 0.018229
0 0.554375 0.367448 0.007750 0.010937
0 0.552500 0.360677 0.005500 0.013021
0 0.533625 0.331250 0.003750 0.016667
0 0.543500 0.348438 0.003500 0.019792
0 0.540000 0.353646 0.003500 0.014583
0 0.539500 0.344010 0.005500 0.016146
0 0.553625 0.318750 0.007250 0.010417
0 0.563500 0.248958 0.004500 0.018750
0 0.567875 0.271875 0.004250 0.014583
0 0.560375 0.325260 0.002750 0.016146
0 0.563250 0.324479 0.003500 0.017708
0 0.564500 0.264583 0.005000 0.010417
0 0.589250 0.335938 0.005500 0.016667
0 0.582750 0.344792 0.005500 0.009375
0 0.577500 0.331510 0.005000 0.017188
0 0.574750 0.352604 0.006000 0.010417
0 0.601875 0.333854 0.005250 0.015625
0 0.575750 0.374479 0.005500 0.010417
0 0.570125 0.374219 0.005750 0.015104
0 0.569875 0.386458 0.004750 0.016667
0 0.567375 0.408333 0.005250 0.016667
0 0.567000 0.447917 0.007500 0.012500
0 0.577000 0.301042 0.003000 0.017708
0 0.579750 0.302083 0.004000 0.015625
0 0.611125 0.602865 0.008250 0.011979
0 0.573125 0.580469 0.006250 0.018229
0 0.581500 0.598698 0.003500 0.017188
0 0.620125 0.543229 0.007750 0.023958
0 0.613625 0.492708 0.004250 0.016667
0 0.574250 0.526042 0.006500 0.013542
0 0.581000 0.491146 0.006500 0.010417
0 0.593500 0.444271 0.005500 0.018750
0 0.595000 0.426563 0.006500 0.015625
0 0.601625 0.411719 0.005750 0.019271
0 0.614500 0.427865 0.006500 0.014063
0 0.623250 0.428385 0.004500 0.014063
0 0.660250 0.455990 0.006000 0.014063
0 0.625875 0.376042 0.008250 0.015625
0 0.640750 0.354948 0.008000 0.017188
0 0.620500 0.343490 0.005500 0.020313
0 0.635500 0.328646 0.007500 0.010417
0 0.630625 0.400521 0.008250 0.016667
0 0.611625 0.395313 0.006750 0.008333
0 0.612250 0.389323 0.006500 0.007812
0 0.644750 0.323177 0.003000 0.019271
0 0.647750 0.321615 0.003000 0.020313
0 0.633625 0.301302 0.007250 0.015104
0 0.629000 0.664844 0.008500 0.010937
0 0.768875 0.418229 0.007750 0.013542
0 0.777500 0.406250 0.007500 0.016667
0 0.788500 0.418490 0.008500 0.010937
0 0.786750 0.397396 0.009000 0.012500
0 0.823875 0.450521 0.006250 0.010417
0 0.765250 0.546615 0.010500 0.015104
0 0.801625 0.769531 0.006750 0.029687
0 0.822125 0.865365 0.010250 0.021354
0 0.965625 0.853385 0.007750 0.018229
0 0.859500 0.761979 0.007500 0.012500
0 0.386500 0.950781 0.007000 0.015104
0 0.425625 0.849740 0.007750 0.010937
0 0.253500 0.506771 0.007500 0.013542
0 0.211625 0.477865 0.007750 0.013021
0 0.020875 0.193490 0.008250 0.013021
0 0.076125 0.098177 0.005250 0.014063
0 0.163250 0.113281 0.006000 0.011979
0 0.025750 0.700521 0.007500 0.014583
