0 0.657125 0.586458 0.006250 0.008333
0 0.651000 0.668229 0.005000 0.011458
0 0.657750 0.733333 0.004500 0.013542
0 0.665125 0.702604 0.005250 0.007292
0 0.666250 0.708333 0.005500 0.010417
0 0.635125 0.856510 0.004250 0.013021
0 0.647125 0.862240 0.003750 0.009896
0 0.645875 0.859635 0.003250 0.010937
0 0.632125 0.838542 0.004250 0.011458
0 0.635625 0.840625 0.003750 0.012500
0 0.618375 0.605729 0.006750 0.009375
0 0.584750 0.594792 0.004500 0.010417
0 0.591625 0.666927 0.003750 0.013021
0 0.551500 0.713021 0.006000 0.005208
0 0.552375 0.718490 0.006750 0.005729
0 0.551250 0.764583 0.006000 0.010417
0 0.547000 0.768490 0.003000 0.008854
0 0.520875 0.812500 0.005250 0.007292
0 0.521375 0.817448 0.005750 0.005729
0 0.343625 0.692708 0.007750 0.006250
0 0.343250 0.688021 0.007000 0.006250
0 0.371000 0.699479 0.008000 0.010417
0 0.391875 0.703646 0.009750 0.013542
0 0.343250 0.645052 0.008000 0.006771
0 0.343125 0.639323 0.009250 0.006771
0 0.429750 0.671615 0.009000 0.013021
0 0.421625 0.671094 0.006250 0.006771
0 0.421750 0.666667 0.008000 0.005208
0 0.420250 0.659635 0.008000 0.008854
0 0.437000 0.619010 0.009000 0.013021
0 0.447375 0.606771 0.008250 0.013542
0 0.497875 0.610677 0.007250 0.007812
0 0.498250 0.605729 0.008500 0.008333
0 0.515000 0.619531 0.007000 0.015104
0 0.506625 0.628646 0.007250 0.010417
0 0.498875 0.637760 0.007750 0.011979
0 0.492750 0.635417 0.005500 0.011458
0 0.494125 0.665104 0.006750 0.010417
0 0.500750 0.659115 0.006500 0.016146
0 0.514250 0.638281 0.003000 0.011979
0 0.516750 0.638542 0.002500 0.012500
0 0.525625 0.630990 0.007250 0.008854
0 0.522625 0.636458 0.007250 0.007292
0 0.523250 0.642708 0.005000 0.006250
0 0.539500 0.581510 0.007500 0.010937
0 0.546500 0.578125 0.006000 0.013542
0 0.543875 0.569010 0.007250 0.009896
0 0.543750 0.550521 0.007000 0.009375
0 0.560375 0.552604 0.008750 0.011458
0 0.569750 0.540885 0.007500 0.018229
0 0.590125 0.547917 0.005250 0.009375
0 0.421000 0.705990 0.005500 0.008854
0 0.421625 0.710156 0.007250 0.014063
0 0.441625 0.736458 0.007250 0.011458
0 0.428750 0.749740 0.007000 0.009896
0 0.434625 0.774740 0.007750 0.011979
0 0.412500 0.763281 0.007500 0.010937
0 0.415625 0.757552 0.007250 0.008854
0 0.390250 0.795312 0.008500 0.016667
0 0.425750 0.740885 0.007000 0.007812
0 0.424250 0.746875 0.006500 0.006250
0 0.766375 0.262500 0.007750 0.009375
0 0.762625 0.246354 0.004750 0.014583
0 0.764875 0.227604 0.005750 0.011458
0 0.768125 0.220312 0.005250 0.010417
0 0.750625 0.166406 0.006250 0.011979
0 0.736625 0.066927 0.006250 0.016146
0 0.754875 0.009635 0.005250 0.009896
0 0.758125 0.019531 0.005750 0.018229
0 0.647375 0.205469 0.005750 0.015104
0 0.678125 0.164844 0.004250 0.007812
0 0.679625 0.160417 0.002750 0.011458
0 0.628750 0.147917 0.009000 0.012500
0 0.637250 0.144792 0.005000 0.016667
0 0.641250 0.139063 0.008000 0.013542
0 0.611125 0.137500 0.005750 0.017708
0 0.632000 0.134635 0.005500 0.017188
0 0.599875 0.116146 0.006250 0.014583
0 0.608375 0.093750 0.007250 0.015625
0 0.619875 0.086198 0.005250 0.019271
0 0.605625 0.075521 0.006750 0.014583
0 0.628750 0.077083 0.008500 0.012500
0 0.637250 0.096875 0.006500 0.015625
0 0.609625 0.028125 0.004750 0.015625
0 0.597500 0.009896 0.006000 0.016667
0 0.655250 0.371615 0.006000 0.016146
0 0.602750 0.249219 0.006500 0.011979
0 0.582875 0.233594 0.004250 0.017188
0 0.590500 0.206771 0.005500 0.011458
0 0.585625 0.194531 0.005250 0.013021
0 0.598000 0.269531 0.003000 0.014063
0 0.595375 0.269271 0.002250 0.014583
0 0.573250 0.161979 0.006500 0.011458
0 0.558125 0.181510 0.006250 0.015104
0 0.549875 0.176563 0.007250 0.016667
0 0.532250 0.166927 0.008000 0.015104
0 0.550375 0.098958 0.005750 0.014583
0 0.499000 0.097135 0.007000 0.017188
0 0.493875 0.104167 0.004750 0.011458
0 0.489625 0.095312 0.007750 0.009375
0 0.493000 0.091146 0.006000 0.016667
0 0.513625 0.040104 0.008250 0.015625
0 0.507125 0.010156 0.005750 0.017188
0 0.504125 0.004948 0.005250 0.009896
0 0.579875 0.423437 0.007750 0.013542
0 0.566000 0.384896 0.008000 0.017708
0 0.553500 0.410938 0.008000 0.007292
0 0.554000 0.416667 0.008000 0.006250
0 0.531625 0.413542 0.005750 0.011458
0 0.532875 0.409635 0.006250 0.013021
0 0.497000 0.408333 0.005000 0.018750
0 0.483875 0.388802 0.008750 0.013021
0 0.474125 0.361458 0.007750 0.009375
0 0.483000 0.363021 0.007000 0.013542
0 0.481250 0.358073 0.005000 0.009896
0 0.499000 0.285156 0.007000 0.013021
0 0.465750 0.317969 0.007000 0.011979
0 0.459875 0.390365 0.008750 0.009896
0 0.462250 0.379948 0.008500 0.013021
0 0.449000 0.352604 0.009000 0.011458
0 0.440125 0.333594 0.008250 0.010937
0 0.451000 0.334635 0.006500 0.007812
0 0.452875 0.341667 0.005250 0.013542
0 0.448750 0.328385 0.007500 0.007812
0 0.450000 0.322135 0.009500 0.005729
0 0.400000 0.376823 0.009000 0.013021
0 0.384250 0.377604 0.009500 0.013542
0 0.382875 0.352865 0.010750 0.013021
0 0.382750 0.317448 0.009500 0.010937
0 0.372625 0.271094 0.008750 0.009896
0 0.366750 0.315365 0.007500 0.013021
0 0.362875 0.306250 0.008250 0.009375
0 0.348000 0.307031 0.009500 0.010937
0 0.346125 0.297135 0.009750 0.011979
0 0.361875 0.295573 0.007250 0.011979
0 0.365375 0.297917 0.005750 0.009375
0 0.343625 0.334375 0.009750 0.014583
0 0.312375 0.325260 0.007750 0.020313
0 0.312125 0.296354 0.007750 0.016667
0 0.324000 0.241667 0.010000 0.016667
0 0.333500 0.261719 0.008500 0.010937
0 0.330625 0.275781 0.007250 0.008854
0 0.331875 0.284635 0.007750 0.011979
0 0.285250 0.328646 0.009500 0.015625
0 0.276000 0.276823 0.010500 0.016146
0 0.249875 0.254167 0.008750 0.015625
0 0.233125 0.220312 0.010250 0.012500
0 0.227750 0.212500 0.008000 0.009375
0 0.241375 0.193490 0.008250 0.017188
0 0.244750 0.181771 0.006000 0.015625
0 0.159500 0.322396 0.009000 0.020833
0 0.242750 0.365104 0.011000 0.018750
0 0.162250 0.179688 0.011500 0.014583
0 0.132125 0.167969 0.010250 0.014063
0 0.055625 0.179427 0.011250 0.015104
0 0.267500 0.497396 0.009500 0.014583
0 0.373375 0.508333 0.008250 0.010417
0 0.527625 0.365365 0.003750 0.007812
0 0.529125 0.370573 0.004750 0.011979
