0 0.198125 0.719792 0.012250 0.021875
0 0.251625 0.698958 0.011750 0.031250
0 0.281500 0.738021 0.010000 0.020833
0 0.305625 0.721615 0.012750 0.018229
0 0.323125 0.695052 0.011250 0.029687
0 0.303875 0.684635 0.008250 0.027604
0 0.282750 0.672656 0.015000 0.024479
0 0.226625 0.241406 0.008250 0.027604
0 0.265625 0.369010 0.005250 0.016146
0 0.287000 0.341927 0.010000 0.016146
0 0.254875 0.330469 0.006250 0.011979
0 0.262125 0.350781 0.005250 0.014063
0 0.323000 0.432292 0.006500 0.016667
0 0.325125 0.449219 0.008250 0.015104
0 0.341375 0.471094 0.009750 0.014063
0 0.337375 0.418750 0.007750 0.016667
0 0.323250 0.394010 0.007500 0.017188
0 0.326875 0.381510 0.005250 0.021354
0 0.333125 0.388542 0.006750 0.015625
0 0.348250 0.365885 0.006000 0.018229
0 0.353750 0.411198 0.008500 0.022396
0 0.362250 0.405469 0.008500 0.014063
0 0.376000 0.422396 0.006500 0.020833
0 0.391250 0.422917 0.011000 0.014583
0 0.370875 0.451042 0.008750 0.014583
0 0.364750 0.503646 0.005500 0.016667
0 0.370000 0.511198 0.007500 0.018229
0 0.368375 0.473698 0.008250 0.016146
0 0.378750 0.463021 0.007500 0.018750
0 0.385750 0.485417 0.008000 0.014583
0 0.377250 0.474740 0.007000 0.019271
0 0.375875 0.487760 0.008750 0.017188
0 0.372250 0.497135 0.011000 0.020313
0 0.388250 0.559635 0.009000 0.016146
0 0.394375 0.547135 0.008750 0.014063
0 0.403125 0.552865 0.009250 0.017188
0 0.408500 0.558854 0.005500 0.019792
0 0.413375 0.560156 0.007250 0.019271
0 0.410875 0.534635 0.007750 0.015104
0 0.411750 0.545833 0.007000 0.018750
0 0.438875 0.553906 0.007250 0.017188
0 0.415875 0.590365 0.005250 0.015104
0 0.430500 0.588542 0.006000 0.017708
0 0.418750 0.596615 0.006000 0.019271
0 0.426250 0.605729 0.007500 0.017708
0 0.419500 0.628646 0.008500 0.013542
0 0.397250 0.572917 0.007000 0.012500
0 0.401000 0.594010 0.008000 0.017188
0 0.407500 0.600781 0.008000 0.017188
0 0.294125 0.306510 0.005250 0.015104
0 0.304625 0.351042 0.006750 0.017708
0 0.310625 0.353125 0.007250 0.015625
0 0.307750 0.341146 0.006500 0.016667
0 0.314125 0.320312 0.006750 0.016667
0 0.320250 0.330729 0.008000 0.015625
0 0.312625 0.309375 0.008250 0.017708
0 0.317000 0.304688 0.005500 0.019792
0 0.318125 0.318229 0.006750 0.012500
0 0.327750 0.307292 0.006500 0.016667
0 0.327625 0.295052 0.007750 0.019271
0 0.321250 0.275000 0.009500 0.020833
0 0.327250 0.271094 0.008000 0.018229
0 0.344875 0.259635 0.007250 0.014063
0 0.351125 0.255469 0.006250 0.017188
0 0.290625 0.282552 0.006250 0.017188
0 0.303750 0.290625 0.008500 0.019792
0 0.312125 0.240104 0.007250 0.016667
0 0.296250 0.209375 0.007500 0.021875
0 0.288125 0.246615 0.008750 0.015104
0 0.288500 0.239323 0.006500 0.015104
0 0.365375 0.368750 0.007750 0.018750
0 0.373625 0.343750 0.011250 0.026042
0 0.509750 0.029167 0.006000 0.023958
0 0.496875 0.060677 0.006750 0.016146
0 0.515875 0.077865 0.007750 0.019271
0 0.476125 0.165104 0.006750 0.018750
0 0.577750 0.112500 0.007000 0.019792
0 0.554125 0.169531 0.005250 0.015104
0 0.558000 0.205208 0.007000 0.016667
0 0.552500 0.218490 0.006500 0.015104
0 0.549750 0.249219 0.006500 0.020313
0 0.533125 0.266927 0.009750 0.013021
0 0.531000 0.277344 0.008000 0.021354
0 0.542125 0.288542 0.007750 0.020833
0 0.549875 0.290365 0.007250 0.015104
0 0.537750 0.300781 0.008000 0.024479
0 0.514375 0.329948 0.008250 0.019271
0 0.529500 0.355729 0.007000 0.020833
0 0.532250 0.337240 0.007500 0.018229
0 0.542750 0.327865 0.008500 0.016146
0 0.546875 0.311458 0.011250 0.017708
0 0.546500 0.302083 0.005500 0.019792
0 0.499625 0.495573 0.006250 0.019271
0 0.508000 0.499479 0.006500 0.020833
0 0.492250 0.540365 0.011000 0.021354
0 0.513625 0.572396 0.008250 0.018750
0 0.514875 0.588542 0.007250 0.020833
0 0.577000 0.626823 0.008000 0.024479
0 0.597125 0.644010 0.008750 0.016146
0 0.620375 0.583594 0.009250 0.021354
0 0.600250 0.505208 0.008000 0.015625
0 0.625750 0.542188 0.007500 0.017708
0 0.630375 0.522917 0.011750 0.021875
0 0.636125 0.520833 0.009250 0.019792
0 0.650250 0.557031 0.008500 0.024479
0 0.665250 0.540365 0.007000 0.017188
0 0.640375 0.496615 0.008750 0.017188
0 0.647750 0.487240 0.006500 0.018229
0 0.667875 0.514062 0.005750 0.019792
0 0.677250 0.498177 0.008000 0.025521
0 0.686500 0.504948 0.007000 0.023438
0 0.695250 0.504427 0.005000 0.024479
0 0.690125 0.526563 0.006750 0.021875
0 0.728375 0.513281 0.008250 0.025521
0 0.738875 0.510938 0.008250 0.014583
0 0.749125 0.502865 0.010750 0.018229
0 0.724250 0.490885 0.006500 0.025521
0 0.705875 0.459635 0.011250 0.022396
0 0.712250 0.456250 0.008500 0.022917
0 0.708875 0.445052 0.007250 0.018229
0 0.719250 0.434115 0.007000 0.020313
0 0.727375 0.423437 0.009250 0.018750
0 0.642500 0.387500 0.006500 0.016667
0 0.674000 0.406510 0.011500 0.018229
0 0.689000 0.422135 0.008500 0.023438
0 0.701375 0.419271 0.010250 0.013542
0 0.699000 0.429427 0.010500 0.013021
0 0.702750 0.433073 0.008500 0.015104
0 0.688625 0.449219 0.010250 0.028646
0 0.609875 0.760938 0.009750 0.018750
0 0.638125 0.713021 0.006250 0.017708
0 0.662125 0.722917 0.007750 0.018750
0 0.637375 0.752083 0.009250 0.013542
0 0.635000 0.767448 0.005000 0.013021
0 0.639625 0.772135 0.006250 0.015104
0 0.643250 0.764323 0.006500 0.018229
0 0.642500 0.789583 0.008500 0.015625
0 0.664250 0.796354 0.006500 0.011458
0 0.674125 0.764844 0.011250 0.017188
0 0.687500 0.776823 0.006500 0.015104
0 0.690250 0.790365 0.009000 0.015104
0 0.690000 0.809375 0.005000 0.014583
0 0.698375 0.811458 0.006750 0.015625
0 0.714875 0.770573 0.006250 0.021354
0 0.723125 0.763281 0.006750 0.020313
0 0.766000 0.739062 0.006500 0.021875
0 0.784375 0.776823 0.007250 0.019271
0 0.791000 0.475260 0.013000 0.016146
0 0.806000 0.334375 0.008500 0.018750
0 0.715000 0.332813 0.008500 0.013542
0 0.713750 0.322917 0.005500 0.015625
