0 0.499375 0.061458 0.007250 0.021875
0 0.558375 0.159115 0.013750 0.025521
0 0.563625 0.193229 0.017750 0.033333
0 0.562500 0.184635 0.014500 0.029687
0 0.613375 0.360938 0.012750 0.031250
0 0.640250 0.383333 0.014500 0.031250
0 0.647250 0.423698 0.013000 0.022396
0 0.639500 0.465365 0.020500 0.038021
0 0.636625 0.458594 0.021750 0.035937
0 0.453375 0.302865 0.020750 0.034896
0 0.452000 0.303906 0.013500 0.027604
0 0.574750 0.562500 0.021000 0.033333
0 0.577250 0.558594 0.011500 0.025521
0 0.571750 0.591667 0.010500 0.021875
0 0.641625 0.616927 0.012750 0.028646
0 0.522500 0.673698 0.014500 0.024479
0 0.537500 0.695833 0.011000 0.019792
0 0.516375 0.755208 0.008750 0.020833
0 0.496750 0.686198 0.010500 0.026562
0 0.485000 0.706771 0.015000 0.022917
0 0.466375 0.757031 0.012250 0.028646
0 0.423375 0.763021 0.020750 0.031250
0 0.426125 0.765625 0.017250 0.030208
0 0.406125 0.806771 0.019250 0.023958
0 0.412875 0.809635 0.011750 0.023438
