0 0.280250 0.846875 0.006000 0.009375
0 0.281500 0.828125 0.005500 0.009375
0 0.280250 0.834896 0.005500 0.009375
0 0.319000 0.809635 0.006500 0.008854
0 0.328375 0.786979 0.006750 0.011458
0 0.338000 0.812240 0.003500 0.011979
0 0.356000 0.795833 0.005500 0.007292
0 0.363500 0.790365 0.006000 0.008854
0 0.356125 0.788542 0.002750 0.009375
0 0.381625 0.775781 0.003250 0.011979
0 0.401750 0.759896 0.005500 0.008333
0 0.400875 0.823698 0.005250 0.010937
0 0.372750 0.615885 0.004000 0.010937
0 0.366875 0.587500 0.004750 0.010417
0 0.366000 0.584896 0.004500 0.008333
0 0.320125 0.588802 0.005250 0.006771
0 0.315250 0.587240 0.003500 0.013021
0 0.302250 0.570833 0.003000 0.011458
0 0.246375 0.513802 0.005250 0.008854
0 0.248500 0.540625 0.002500 0.012500
0 0.246000 0.540104 0.002500 0.010417
0 0.231625 0.505469 0.003250 0.009896
0 0.233000 0.504167 0.004500 0.011458
0 0.019250 0.319010 0.002500 0.008854
0 0.021125 0.318750 0.003250 0.011458
0 0.051875 0.350000 0.004750 0.010417
0 0.049500 0.343750 0.003500 0.010417
0 0.098625 0.347396 0.007250 0.009375
0 0.074875 0.352604 0.006750 0.007292
0 0.024500 0.292969 0.003500 0.008854
0 0.026000 0.290625 0.004000 0.007292
0 0.024625 0.307031 0.006750 0.008854
0 0.215625 0.459896 0.005750 0.007292
0 0.217500 0.455990 0.004500 0.008854
0 0.224000 0.472917 0.005000 0.006250
0 0.223750 0.469531 0.006000 0.006771
0 0.254875 0.480469 0.004750 0.013021
0 0.246375 0.469531 0.005250 0.007812
0 0.279250 0.514583 0.006500 0.007292
0 0.278875 0.498177 0.004750 0.009896
0 0.277750 0.495833 0.004500 0.008333
0 0.264875 0.521615 0.005250 0.006771
0 0.260125 0.519010 0.004250 0.008854
0 0.291375 0.510938 0.004750 0.007292
0 0.291875 0.505990 0.007250 0.006771
0 0.304750 0.518750 0.004500 0.010417
0 0.324500 0.512500 0.005500 0.010417
0 0.320750 0.508333 0.005500 0.008333
0 0.336000 0.533073 0.006000 0.005729
0 0.336125 0.528125 0.004750 0.005208
0 0.213125 0.410156 0.005250 0.007812
0 0.213875 0.414062 0.004250 0.008333
0 0.411750 0.447396 0.004000 0.013542
0 0.404750 0.439062 0.003000 0.010417
0 0.406750 0.438021 0.003000 0.013542
0 0.405250 0.408854 0.004500 0.011458
0 0.388000 0.369271 0.002000 0.011458
0 0.386125 0.368490 0.001750 0.010937
0 0.378750 0.350260 0.006000 0.013021
0 0.362250 0.335677 0.002500 0.013021
0 0.364500 0.337760 0.002500 0.008854
0 0.351125 0.306771 0.004750 0.012500
0 0.339500 0.299740 0.004500 0.010937
0 0.344000 0.285156 0.003000 0.013021
0 0.346250 0.285677 0.002500 0.009896
0 0.333750 0.267448 0.002000 0.011979
0 0.332000 0.267448 0.001500 0.014063
0 0.327500 0.298958 0.002500 0.011458
0 0.325750 0.297396 0.002000 0.009375
0 0.316000 0.259896 0.003500 0.013542
0 0.313250 0.250781 0.003500 0.011979
0 0.324750 0.256771 0.002500 0.011458
0 0.323000 0.256250 0.002000 0.010417
0 0.316875 0.199479 0.002750 0.012500
0 0.275625 0.170833 0.005250 0.006250
0 0.293750 0.174479 0.004500 0.010417
0 0.305375 0.159896 0.004250 0.013542
0 0.282375 0.183594 0.002250 0.010937
0 0.280250 0.183333 0.002000 0.014583
0 0.314625 0.197917 0.002250 0.012500
0 0.312500 0.198437 0.002000 0.010417
0 0.279500 0.135677 0.002000 0.011979
0 0.277625 0.135937 0.001750 0.013542
0 0.278875 0.102865 0.005750 0.006771
0 0.271500 0.101302 0.004000 0.007812
0 0.271000 0.110156 0.004500 0.011979
0 0.293125 0.076042 0.004250 0.007292
0 0.295875 0.073177 0.003750 0.008854
0 0.292500 0.096875 0.004500 0.005208
0 0.292000 0.102083 0.006500 0.006250
0 0.314000 0.158594 0.003500 0.011979
0 0.327125 0.152604 0.005750 0.007292
0 0.357125 0.109375 0.004250 0.009375
0 0.367000 0.145313 0.007000 0.008333
0 0.336875 0.189323 0.004250 0.010937
0 0.339750 0.186198 0.006000 0.006771
0 0.377250 0.259896 0.005500 0.007292
0 0.393000 0.334115 0.006000 0.011979
0 0.394125 0.315365 0.005750 0.006771
0 0.395375 0.311719 0.005250 0.006771
0 0.406750 0.348438 0.006000 0.009375
0 0.397500 0.364063 0.006000 0.008333
0 0.403625 0.372396 0.005750 0.008333
0 0.407375 0.382292 0.005750 0.007292
0 0.408250 0.378646 0.005000 0.007292
0 0.442750 0.423177 0.005500 0.009896
0 0.430125 0.446094 0.006750 0.006771
0 0.430750 0.441667 0.005000 0.005208
0 0.523625 0.549219 0.006250 0.013021
0 0.513875 0.296094 0.003750 0.011979
0 0.510875 0.295833 0.002750 0.011458
0 0.505250 0.222396 0.005500 0.010417
0 0.505750 0.192188 0.003500 0.013542
0 0.498500 0.202083 0.004000 0.013542
0 0.501125 0.178646 0.004250 0.013542
0 0.496250 0.155208 0.005500 0.009375
0 0.495750 0.129948 0.005500 0.008854
0 0.488375 0.130990 0.003750 0.013021
0 0.479250 0.146615 0.003500 0.014063
0 0.498500 0.115625 0.004500 0.010417
0 0.494750 0.110677 0.004500 0.010937
0 0.471000 0.089583 0.003500 0.010417
0 0.494125 0.079948 0.004250 0.011979
0 0.490750 0.082031 0.004000 0.008854
0 0.487875 0.078646 0.004250 0.011458
0 0.489125 0.079687 0.003750 0.004167
0 0.488750 0.065885 0.003000 0.007812
0 0.489625 0.069792 0.004750 0.008333
0 0.486875 0.038281 0.003750 0.013021
0 0.481750 0.046354 0.004500 0.015625
0 0.476000 0.009375 0.004000 0.016667
0 0.457250 0.007031 0.002500 0.011979
0 0.459000 0.006510 0.002500 0.011979
0 0.505000 0.042969 0.003500 0.014063
0 0.509250 0.044010 0.004500 0.009896
0 0.516500 0.034115 0.005500 0.010937
0 0.509500 0.076823 0.005500 0.010937
0 0.541875 0.225260 0.004750 0.013021
0 0.541375 0.290365 0.004250 0.011979
0 0.563000 0.217188 0.003000 0.007292
0 0.568625 0.610156 0.006250 0.008854
0 0.663250 0.388281 0.004500 0.006771
0 0.662625 0.384896 0.006250 0.008333
0 0.654000 0.331510 0.007000 0.007812
0 0.682625 0.333073 0.006250 0.007812
0 0.687125 0.327604 0.005250 0.007292
0 0.686875 0.321615 0.004250 0.005729
0 0.691000 0.289062 0.007000 0.010417
0 0.698000 0.242448 0.006500 0.007812
0 0.675250 0.255729 0.003000 0.011458
0 0.673375 0.253906 0.004250 0.013021
0 0.764125 0.087500 0.003750 0.012500
0 0.755750 0.083594 0.006000 0.010937
0 0.790125 0.052344 0.006250 0.011979
0 0.801375 0.020573 0.004250 0.013021
0 0.803375 0.019010 0.003250 0.009896
0 0.843875 0.002865 0.003750 0.005729
0 0.819125 0.029948 0.005750 0.005729
0 0.817250 0.038021 0.005000 0.011458
0 0.806250 0.064844 0.003500 0.014063
0 0.799625 0.055990 0.005250 0.006771
0 0.797875 0.066406 0.005750 0.011979
0 0.786000 0.099740 0.005500 0.014063
0 0.775750 0.214583 0.003500 0.011458
0 0.732000 0.251042 0.005000 0.014583
0 0.706000 0.298958 0.004000 0.011458
0 0.713375 0.327865 0.004250 0.014063
0 0.697000 0.328125 0.003000 0.013542
0 0.699750 0.328385 0.003000 0.009896
0 0.680000 0.403125 0.006000 0.015625
0 0.660000 0.440104 0.004500 0.010417
0 0.646750 0.473438 0.007000 0.006250
0 0.650000 0.456771 0.004000 0.009375
0 0.648500 0.455208 0.004500 0.011458
0 0.637000 0.495052 0.003500 0.008854
0 0.636250 0.505208 0.003500 0.012500
0 0.652125 0.521094 0.003750 0.013021
0 0.612875 0.546094 0.005750 0.006771
0 0.633250 0.661458 0.005000 0.012500
0 0.653625 0.643229 0.005250 0.010417
0 0.654500 0.640104 0.005000 0.008333
0 0.702375 0.627344 0.005750 0.006771
0 0.702750 0.622396 0.005000 0.005208
0 0.735500 0.592969 0.005500 0.007812
0 0.734875 0.585417 0.005750 0.006250
0 0.738000 0.575521 0.004000 0.013542
0 0.783750 0.532552 0.005000 0.014063
0 0.780625 0.575000 0.006250 0.005208
0 0.780375 0.570833 0.005750 0.004167
0 0.818125 0.504687 0.006250 0.009375
0 0.835375 0.522396 0.005750 0.012500
0 0.859875 0.488281 0.007750 0.006771
0 0.855000 0.480469 0.006500 0.007812
0 0.854000 0.500781 0.005500 0.013021
0 0.869875 0.486458 0.005750 0.011458
0 0.925250 0.425260 0.007000 0.009896
0 0.904500 0.453125 0.008000 0.012500
0 0.976500 0.368490 0.006000 0.009896
0 0.976000 0.389062 0.007000 0.009375
0 0.985500 0.416406 0.007000 0.007812
0 0.963625 0.435417 0.006250 0.009375
0 0.970750 0.440885 0.003500 0.010937
0 0.909375 0.502344 0.003750 0.009896
0 0.905000 0.513802 0.004500 0.006771
0 0.878500 0.544010 0.005500 0.011979
0 0.833125 0.576562 0.005750 0.006250
0 0.833750 0.570573 0.006000 0.006771
0 0.832750 0.562760 0.005000 0.008854
0 0.803500 0.577344 0.003500 0.008854
0 0.801250 0.576302 0.004000 0.011979
0 0.774750 0.593750 0.004000 0.009375
0 0.799250 0.646875 0.005500 0.010417
0 0.797000 0.635938 0.003000 0.010417
0 0.794875 0.642448 0.003250 0.009896
0 0.752875 0.623958 0.004750 0.011458
0 0.738750 0.641406 0.006000 0.009896
0 0.720125 0.678646 0.006250 0.009375
0 0.702125 0.646354 0.003250 0.008333
0 0.700000 0.645573 0.003500 0.009896
0 0.597750 0.794531 0.006000 0.009896
0 0.646000 0.853125 0.003500 0.013542
0 0.642125 0.850521 0.006250 0.008333
0 0.641375 0.846094 0.005250 0.006771
0 0.656125 0.869010 0.006250 0.009896
0 0.675750 0.855990 0.006500 0.013021
0 0.705625 0.944531 0.005250 0.009896
0 0.704375 0.941146 0.004250 0.008333
0 0.729375 0.946354 0.007250 0.010417
0 0.733500 0.961979 0.006000 0.007292
0 0.738875 0.951042 0.005250 0.015625
0 0.743625 0.992188 0.007750 0.008333
0 0.768375 0.984375 0.007250 0.010417
0 0.751375 0.932812 0.004750 0.013542
0 0.736250 0.917187 0.005000 0.012500
0 0.760750 0.947656 0.006000 0.007812
0 0.765875 0.951042 0.005750 0.005208
0 0.766500 0.955729 0.005500 0.005208
0 0.779250 0.952604 0.005000 0.013542
0 0.809375 0.992708 0.003750 0.007292
0 0.807625 0.990625 0.004750 0.009375
0 0.178500 0.397396 0.006500 0.009375
0 0.163125 0.380729 0.006750 0.009375
0 0.163625 0.342969 0.006750 0.008854
0 0.143375 0.423437 0.007250 0.013542
0 0.143375 0.422396 0.006250 0.016667
0 0.058750 0.282031 0.009000 0.015104
0 0.058625 0.280729 0.006750 0.022917
0 0.014750 0.287500 0.004500 0.013542
0 0.249875 0.915625 0.007750 0.009375
