0 0.346875 0.304167 0.010250 0.020833
0 0.391125 0.453646 0.009750 0.015625
0 0.424500 0.413802 0.012000 0.017188
0 0.431500 0.336979 0.010500 0.016667
0 0.452500 0.331250 0.008000 0.016667
0 0.472000 0.336979 0.006000 0.009375
0 0.471500 0.327604 0.006500 0.011458
0 0.477750 0.308594 0.006500 0.013021
0 0.468625 0.294531 0.008750 0.019271
0 0.487125 0.289844 0.005750 0.013021
0 0.486750 0.279167 0.007000 0.011458
0 0.498125 0.251563 0.005750 0.018750
0 0.496125 0.238281 0.007750 0.017188
0 0.427375 0.484375 0.007750 0.019792
0 0.467625 0.486198 0.008250 0.018229
0 0.472125 0.490104 0.005250 0.017708
0 0.513000 0.485677 0.008000 0.015104
0 0.529500 0.489583 0.007500 0.016667
0 0.561375 0.424219 0.008250 0.021354
0 0.580250 0.373698 0.006000 0.016146
0 0.578500 0.370573 0.006000 0.014063
0 0.540625 0.361198 0.011250 0.018229
0 0.533000 0.383073 0.009500 0.014063
0 0.508000 0.343750 0.006500 0.017708
0 0.514750 0.404948 0.007500 0.016146
0 0.507125 0.408854 0.005750 0.014583
0 0.503125 0.410938 0.004250 0.020833
0 0.482500 0.430208 0.007500 0.021875
0 0.764250 0.439062 0.007500 0.013542
