0 0.541500 0.692969 0.006500 0.015104
0 0.531750 0.689323 0.006500 0.007812
0 0.532625 0.684115 0.004750 0.006771
0 0.520250 0.646094 0.005500 0.009896
0 0.521750 0.705990 0.006500 0.008854
0 0.526375 0.710938 0.004250 0.015625
0 0.522750 0.722656 0.005500 0.007812
0 0.518000 0.725000 0.004500 0.009375
0 0.507750 0.713021 0.008500 0.007292
0 0.508500 0.696875 0.006000 0.011458
0 0.502125 0.697396 0.005250 0.008333
0 0.501875 0.691667 0.006250 0.009375
0 0.495125 0.712500 0.006750 0.008333
0 0.497875 0.716927 0.006250 0.009896
0 0.498750 0.720833 0.004500 0.008333
0 0.487250 0.699479 0.004500 0.015625
0 0.484625 0.712240 0.006250 0.010937
0 0.478875 0.714063 0.006250 0.007292
0 0.482000 0.719010 0.006000 0.005729
0 0.468500 0.731250 0.006500 0.011458
0 0.459250 0.730729 0.007500 0.007292
0 0.469000 0.720573 0.006000 0.009896
0 0.474250 0.725521 0.005000 0.014583
0 0.426500 0.753385 0.008500 0.008854
0 0.451750 0.684635 0.004000 0.009896
0 0.447125 0.682813 0.004250 0.009375
0 0.444750 0.677083 0.003000 0.010417
0 0.449125 0.675781 0.004750 0.006771
0 0.477875 0.668750 0.005750 0.005208
0 0.480875 0.676562 0.006250 0.009375
0 0.476125 0.675521 0.003250 0.007292
0 0.478125 0.721875 0.006750 0.009375
0 0.477375 0.725521 0.005250 0.008333
0 0.484750 0.749219 0.006000 0.008854
0 0.481375 0.759375 0.005250 0.011458
0 0.471750 0.758073 0.007000 0.008854
0 0.466000 0.768229 0.008000 0.006250
0 0.457750 0.763021 0.005500 0.009375
0 0.462125 0.758594 0.003750 0.011979
0 0.466625 0.758333 0.005250 0.012500
0 0.464875 0.747135 0.005250 0.009896
0 0.458250 0.782552 0.005000 0.015104
0 0.451125 0.721615 0.004750 0.009896
0 0.449375 0.716927 0.006750 0.009896
0 0.390000 0.681771 0.004500 0.009375
0 0.354875 0.700260 0.003750 0.010937
0 0.352125 0.697656 0.005750 0.008854
0 0.356000 0.760417 0.006500 0.011458
0 0.348000 0.763542 0.006500 0.014583
0 0.374625 0.825260 0.007750 0.008854
0 0.371750 0.841146 0.008000 0.010417
0 0.392125 0.815885 0.008250 0.007812
0 0.387875 0.807031 0.007750 0.008854
0 0.381500 0.798177 0.008000 0.009896
0 0.378625 0.852865 0.007750 0.007812
0 0.379000 0.859635 0.007500 0.005729
0 0.379500 0.865365 0.008000 0.005729
0 0.380000 0.871615 0.006500 0.005729
0 0.359250 0.861719 0.009000 0.011979
0 0.348875 0.869531 0.005250 0.008854
0 0.349750 0.863021 0.007000 0.014583
0 0.322625 0.890365 0.008250 0.013021
0 0.320875 0.843490 0.009750 0.009896
0 0.320500 0.833854 0.009500 0.009375
0 0.289375 0.776042 0.003250 0.010417
0 0.286750 0.776042 0.005500 0.014583
0 0.581000 0.488542 0.005500 0.015625
0 0.578875 0.472917 0.006750 0.011458
0 0.571625 0.456250 0.005750 0.014583
0 0.533875 0.515625 0.009250 0.017708
0 0.548625 0.447917 0.007750 0.015625
0 0.537625 0.452083 0.006250 0.012500
0 0.533625 0.440365 0.005750 0.014063
0 0.532125 0.428125 0.006750 0.011458
0 0.548750 0.402604 0.005000 0.009375
0 0.531125 0.396875 0.005750 0.014583
0 0.523750 0.402344 0.007500 0.009896
0 0.500250 0.408594 0.007500 0.007812
0 0.502625 0.398698 0.006250 0.013021
0 0.497250 0.391146 0.006000 0.013542
0 0.481000 0.401823 0.007000 0.008854
0 0.481000 0.390625 0.005000 0.014583
0 0.485625 0.391667 0.004750 0.013542
0 0.488125 0.371354 0.006250 0.013542
0 0.491750 0.368490 0.006500 0.011979
0 0.496000 0.377604 0.008000 0.008333
0 0.502500 0.373698 0.006500 0.011979
0 0.499500 0.358073 0.006500 0.011979
0 0.476125 0.347656 0.006750 0.010937
0 0.477250 0.340885 0.006000 0.009896
0 0.465125 0.313021 0.005750 0.014583
0 0.468500 0.308073 0.006000 0.014063
0 0.500500 0.312240 0.006500 0.017188
0 0.494000 0.355990 0.005000 0.016146
0 0.437500 0.336458 0.006000 0.013542
0 0.439250 0.333073 0.004500 0.010937
0 0.441125 0.299219 0.004250 0.010937
0 0.443000 0.295312 0.005000 0.014583
0 0.421125 0.267448 0.007250 0.016146
0 0.414500 0.280729 0.004000 0.012500
0 0.417000 0.278906 0.006000 0.016146
0 0.480125 0.265365 0.006250 0.011979
0 0.480625 0.261719 0.005750 0.009896
0 0.390625 0.186979 0.004250 0.019792
0 0.394125 0.187760 0.002750 0.016146
0 0.410250 0.204948 0.005500 0.010937
0 0.403375 0.200260 0.004750 0.014063
0 0.405125 0.197396 0.005750 0.014583
0 0.402250 0.133073 0.006000 0.018229
0 0.422500 0.126302 0.005500 0.009896
0 0.407000 0.122656 0.004500 0.010937
0 0.408625 0.118229 0.005750 0.014583
0 0.409500 0.047917 0.008500 0.010417
0 0.385875 0.014583 0.003750 0.014583
0 0.383875 0.017969 0.006250 0.017188
0 0.440375 0.066406 0.005250 0.011979
0 0.449125 0.126302 0.004750 0.009896
0 0.458125 0.161979 0.006250 0.017708
0 0.482000 0.211198 0.004000 0.007812
0 0.497625 0.281510 0.004750 0.009896
0 0.501500 0.292448 0.003500 0.006771
0 0.517125 0.293750 0.004750 0.009375
0 0.499625 0.074479 0.005750 0.014583
0 0.506250 0.086979 0.004000 0.012500
0 0.508250 0.088802 0.004500 0.014063
0 0.522750 0.099479 0.006500 0.017708
0 0.536750 0.023177 0.004000 0.009896
0 0.531375 0.173958 0.007250 0.010417
0 0.529750 0.205729 0.007000 0.013542
0 0.498875 0.208594 0.005750 0.010937
0 0.494500 0.186719 0.006000 0.016146
0 0.613375 0.401562 0.007250 0.011458
0 0.606875 0.385156 0.007250 0.014063
0 0.584375 0.263802 0.002250 0.006771
0 0.610750 0.304167 0.002500 0.004167
0 0.613375 0.029167 0.003750 0.011458
0 0.671250 0.144271 0.003500 0.007292
0 0.749750 0.094271 0.006000 0.008333
0 0.763375 0.058073 0.004750 0.010937
0 0.122375 0.260937 0.008250 0.018750
0 0.128125 0.212760 0.007250 0.016146
0 0.143875 0.238281 0.007750 0.017188
