0 0.195573 0.295875 0.027604 0.011750
0 0.222917 0.338000 0.018750 0.012500
0 0.233854 0.326625 0.019792 0.011750
0 0.281771 0.349375 0.040625 0.014750
0 0.253385 0.374375 0.024479 0.011750
0 0.249219 0.416375 0.024479 0.009750
0 0.263802 0.424500 0.027604 0.009000
0 0.394792 0.433375 0.026042 0.013250
0 0.419271 0.436125 0.022917 0.011750
0 0.416927 0.422375 0.013021 0.007750
0 0.442969 0.418250 0.021354 0.016000
0 0.447396 0.408000 0.021875 0.012500
0 0.485677 0.377875 0.023438 0.013250
0 0.615365 0.358750 0.027604 0.014000
0 0.708594 0.394250 0.028646 0.012500
0 0.712760 0.410500 0.023438 0.014500
0 0.559375 0.443125 0.022917 0.013250
0 0.489323 0.460875 0.024479 0.013750
0 0.350521 0.517500 0.021875 0.016000
0 0.328125 0.530625 0.026042 0.010250
0 0.429167 0.549375 0.029167 0.013250
0 0.633333 0.537875 0.037500 0.020750
0 0.628385 0.538750 0.027604 0.012500
0 0.758333 0.563000 0.030208 0.014000
0 0.727865 0.542750 0.027604 0.012500
0 0.840104 0.536500 0.029167 0.014000
0 0.863281 0.551125 0.020313 0.011250
0 0.789323 0.567500 0.020313 0.016000
0 0.901562 0.554875 0.018750 0.013250
0 0.929167 0.555250 0.015625 0.012500
0 0.283333 0.568125 0.037500 0.014750
0 0.276562 0.578875 0.036458 0.020750
0 0.260677 0.596625 0.027604 0.013250
0 0.341667 0.622625 0.033333 0.015250
0 0.505208 0.614000 0.030208 0.014500
0 0.567448 0.630625 0.024479 0.013250
0 0.533594 0.655250 0.034896 0.018000
0 0.366406 0.652875 0.030729 0.015750
0 0.212240 0.693875 0.028646 0.010250
0 0.409635 0.676500 0.016146 0.013000
0 0.632552 0.671250 0.027604 0.016500
0 0.677344 0.661250 0.030729 0.014500
0 0.680990 0.688000 0.038021 0.018000
0 0.827865 0.716750 0.030729 0.014500
0 0.934896 0.750375 0.021875 0.009750
0 0.756250 0.739000 0.019792 0.012000
0 0.440885 0.710750 0.031771 0.012500
0 0.453906 0.723250 0.017188 0.012500
0 0.474219 0.722250 0.023438 0.016000
0 0.459115 0.747000 0.024479 0.012500
0 0.466927 0.752500 0.020313 0.012500
0 0.495052 0.749750 0.021354 0.014000
0 0.535677 0.777500 0.021354 0.014000
0 0.497135 0.782750 0.031771 0.013000
0 0.514583 0.802250 0.040625 0.016000
0 0.811198 0.833125 0.023438 0.013750
0 0.479167 0.866750 0.033333 0.014500
