0 0.598750 0.840365 0.005500 0.014063
0 0.597125 0.767969 0.008250 0.010937
0 0.635750 0.650000 0.005000 0.012500
0 0.630875 0.625781 0.006750 0.011979
0 0.624375 0.632812 0.005750 0.011458
0 0.645625 0.649740 0.004750 0.015104
0 0.703125 0.596615 0.006750 0.007812
0 0.672000 0.593750 0.005500 0.009375
0 0.659875 0.564844 0.005250 0.006771
0 0.605625 0.606250 0.005750 0.007292
0 0.771750 0.607292 0.004000 0.017708
0 0.749375 0.587760 0.004750 0.009896
0 0.731500 0.573438 0.006000 0.010417
0 0.735375 0.585156 0.004750 0.009896
0 0.693500 0.528125 0.005500 0.010417
0 0.632250 0.597917 0.004500 0.009375
0 0.635250 0.590625 0.006000 0.010417
0 0.546750 0.513802 0.004000 0.013021
0 0.508875 0.525000 0.005750 0.008333
0 0.502250 0.539323 0.004500 0.013021
0 0.494250 0.549479 0.004500 0.012500
0 0.454500 0.540885 0.005000 0.014063
0 0.523875 0.559896 0.004250 0.011458
0 0.521500 0.560417 0.004000 0.011458
0 0.572875 0.430990 0.004250 0.014063
0 0.650500 0.240365 0.005500 0.013021
0 0.673500 0.179167 0.004000 0.010417
0 0.666875 0.214583 0.005750 0.012500
0 0.665750 0.198177 0.004000 0.013021
0 0.642125 0.208594 0.006250 0.010937
0 0.564250 0.164583 0.007000 0.013542
0 0.571125 0.075260 0.004750 0.007812
0 0.572125 0.091146 0.004750 0.011458
0 0.595750 0.064844 0.006500 0.014063
0 0.571000 0.296875 0.003000 0.009375
0 0.564250 0.317708 0.004000 0.007292
0 0.567750 0.304948 0.003500 0.010937
0 0.564250 0.335938 0.003500 0.010417
0 0.560375 0.330729 0.003750 0.010417
0 0.554250 0.262500 0.006000 0.008333
0 0.543500 0.266667 0.006500 0.010417
0 0.564375 0.238021 0.006250 0.013542
0 0.438250 0.374219 0.005500 0.015104
0 0.438000 0.410417 0.006500 0.009375
0 0.432000 0.434115 0.004000 0.016146
0 0.434125 0.423958 0.005750 0.009375
0 0.399000 0.409375 0.008500 0.016667
0 0.400375 0.393490 0.007750 0.010937
0 0.384125 0.236458 0.005750 0.009375
0 0.413750 0.230729 0.004500 0.015625
0 0.398500 0.281250 0.007500 0.012500
0 0.394750 0.291927 0.006000 0.009896
0 0.387625 0.340625 0.006750 0.010417
0 0.202125 0.414062 0.006750 0.010417
0 0.244500 0.401823 0.006000 0.008854
0 0.278500 0.435937 0.006500 0.012500
0 0.242250 0.497656 0.006000 0.013021
0 0.270875 0.516927 0.006250 0.013021
0 0.206750 0.436198 0.007000 0.009896
0 0.187750 0.421354 0.008000 0.011458
0 0.193500 0.355729 0.005500 0.012500
0 0.175625 0.344271 0.007750 0.009375
0 0.165875 0.334635 0.005750 0.010937
0 0.229000 0.334896 0.006500 0.010417
0 0.216500 0.328906 0.006000 0.011979
0 0.113875 0.239583 0.008250 0.010417
0 0.110250 0.292969 0.004500 0.011979
0 0.101750 0.354687 0.006500 0.014583
0 0.177875 0.494792 0.005750 0.013542
0 0.128000 0.475260 0.007500 0.009896
0 0.129375 0.467187 0.008250 0.009375
0 0.169500 0.531771 0.005000 0.010417
0 0.168750 0.522917 0.005500 0.009375
0 0.173000 0.523438 0.006000 0.013542
0 0.349375 0.567969 0.006750 0.013021
0 0.345625 0.601823 0.005750 0.014063
0 0.305750 0.464323 0.006000 0.016146
0 0.356125 0.103906 0.005750 0.013021
0 0.344500 0.111458 0.006000 0.013542
0 0.328625 0.042969 0.005750 0.013021
0 0.318750 0.021094 0.005000 0.013021
0 0.325125 0.062760 0.005250 0.010937
0 0.330500 0.064583 0.005500 0.014583
0 0.321625 0.006250 0.005250 0.012500
0 0.197625 0.457552 0.006250 0.007812
0 0.198000 0.448698 0.004000 0.010937
0 0.321375 0.955208 0.005250 0.014583
0 0.307375 0.929948 0.006750 0.013021
0 0.320875 0.908073 0.007750 0.009896
0 0.301125 0.865625 0.007750 0.013542
0 0.344375 0.805729 0.004750 0.015625
0 0.312125 0.904167 0.005250 0.013542
0 0.193625 0.940365 0.007250 0.013021
