0 0.234625 0.331771 0.003250 0.009375
0 0.237375 0.329167 0.003250 0.011458
0 0.287500 0.423958 0.004500 0.013542
0 0.282000 0.421354 0.004500 0.011458
0 0.278375 0.421094 0.002750 0.011979
0 0.293125 0.449740 0.004250 0.013021
0 0.302750 0.470052 0.004000 0.013021
0 0.312000 0.491406 0.004500 0.008854
0 0.315250 0.478906 0.004500 0.011979
0 0.332750 0.529427 0.004000 0.011979
0 0.350125 0.541406 0.004750 0.011979
0 0.360375 0.571354 0.004750 0.010417
0 0.340000 0.503646 0.004500 0.008333
0 0.340875 0.500260 0.004250 0.006771
0 0.329750 0.471094 0.005000 0.007812
0 0.328125 0.480729 0.004250 0.004167
0 0.327875 0.477865 0.004250 0.003646
0 0.318875 0.446875 0.004750 0.005208
0 0.318250 0.443490 0.004500 0.003646
0 0.311875 0.443750 0.005250 0.005208
0 0.311125 0.439062 0.005250 0.005208
0 0.312000 0.434115 0.005500 0.004687
0 0.294875 0.395052 0.004250 0.006771
0 0.276875 0.360938 0.006750 0.013542
0 0.405875 0.558594 0.004250 0.014063
0 0.405875 0.522135 0.003750 0.013021
0 0.394500 0.530208 0.005000 0.008333
0 0.396750 0.520573 0.004500 0.011979
0 0.380625 0.482292 0.005250 0.012500
0 0.395750 0.460417 0.004000 0.012500
0 0.399875 0.451302 0.004750 0.007812
0 0.400125 0.430469 0.005750 0.010937
0 0.384250 0.391667 0.004500 0.011458
0 0.380875 0.316927 0.005750 0.011979
0 0.393500 0.293229 0.005000 0.012500
0 0.398500 0.296875 0.007000 0.010417
0 0.407000 0.271354 0.003500 0.010417
0 0.406875 0.264844 0.004750 0.007812
0 0.403375 0.251823 0.002250 0.007812
0 0.401375 0.250000 0.003250 0.009375
0 0.406375 0.211198 0.005250 0.008854
0 0.400750 0.210156 0.007500 0.011979
0 0.400625 0.210677 0.006250 0.009896
0 0.407250 0.192708 0.007500 0.014583
0 0.408750 0.194531 0.003000 0.010937
0 0.412500 0.081771 0.003000 0.008333
0 0.410250 0.081250 0.001500 0.009375
0 0.417250 0.192969 0.005000 0.005729
0 0.418250 0.199479 0.003500 0.009375
0 0.417250 0.218229 0.004000 0.009375
0 0.420125 0.226042 0.003250 0.007292
0 0.420250 0.233333 0.002000 0.007292
0 0.423375 0.232552 0.003750 0.006771
0 0.424875 0.246094 0.003750 0.009896
0 0.438000 0.247135 0.002000 0.006771
0 0.437125 0.245312 0.003250 0.008333
0 0.420500 0.280208 0.006000 0.010417
0 0.446750 0.268750 0.005000 0.008333
0 0.431625 0.311719 0.003750 0.011979
0 0.422625 0.327344 0.004250 0.008854
0 0.423375 0.320833 0.001750 0.009375
0 0.425625 0.320312 0.001750 0.008333
0 0.427625 0.317708 0.002250 0.008333
0 0.415000 0.344531 0.004500 0.007812
0 0.421625 0.359896 0.004250 0.008333
0 0.418000 0.358854 0.004500 0.009375
0 0.430875 0.326302 0.005750 0.011979
0 0.431000 0.325521 0.004500 0.010417
0 0.412375 0.401823 0.003750 0.010937
0 0.410375 0.396875 0.004250 0.007292
0 0.412250 0.449219 0.005500 0.009896
0 0.406750 0.452865 0.003500 0.011979
0 0.409875 0.470573 0.005250 0.009896
0 0.415000 0.430208 0.003500 0.007292
0 0.414750 0.426302 0.004000 0.005729
0 0.584000 0.260937 0.005500 0.010417
0 0.567000 0.294271 0.004500 0.004167
0 0.566500 0.290885 0.004500 0.003646
0 0.547875 0.334635 0.006250 0.009896
0 0.560000 0.325781 0.007000 0.011979
0 0.545875 0.407031 0.005250 0.007812
0 0.542125 0.402344 0.002750 0.011979
0 0.544875 0.397396 0.005250 0.010417
0 0.520625 0.428125 0.003750 0.008333
0 0.518000 0.426823 0.004000 0.009896
0 0.529625 0.405208 0.004250 0.011458
0 0.526125 0.403385 0.002750 0.010937
0 0.501625 0.453906 0.004750 0.013021
0 0.491750 0.478385 0.004000 0.013021
0 0.488250 0.480729 0.004000 0.011458
0 0.475625 0.475781 0.006750 0.015104
0 0.473375 0.455208 0.004250 0.011458
0 0.486125 0.452865 0.006750 0.009896
0 0.509750 0.415365 0.004000 0.010937
0 0.494500 0.653385 0.005000 0.009896
0 0.484625 0.668490 0.005750 0.009896
0 0.508625 0.651302 0.005750 0.011979
0 0.514750 0.644010 0.006000 0.010937
0 0.524625 0.627083 0.004750 0.014583
0 0.527750 0.657552 0.006000 0.010937
0 0.540125 0.657813 0.005750 0.013542
0 0.551375 0.642708 0.005250 0.012500
0 0.557375 0.628125 0.005250 0.011458
0 0.574625 0.615625 0.006750 0.010417
0 0.563375 0.664062 0.005250 0.006250
0 0.563375 0.669271 0.005750 0.006250
0 0.592375 0.639062 0.006250 0.012500
0 0.630500 0.679688 0.005500 0.011458
0 0.611500 0.674740 0.006000 0.009896
0 0.627125 0.765365 0.005750 0.010937
0 0.638625 0.726562 0.002250 0.007292
0 0.637000 0.725260 0.003000 0.011979
0 0.590250 0.685156 0.006000 0.008854
0 0.585625 0.686198 0.002250 0.009896
0 0.583375 0.686458 0.002250 0.011458
0 0.559500 0.695573 0.005000 0.010937
0 0.560625 0.686719 0.004250 0.008854
0 0.550375 0.682552 0.006250 0.008854
0 0.525625 0.675781 0.002750 0.008854
0 0.523875 0.672917 0.004250 0.008333
0 0.462875 0.753646 0.004250 0.008333
0 0.476875 0.741406 0.005250 0.010937
0 0.485250 0.782552 0.004500 0.010937
0 0.489375 0.763281 0.003750 0.010937
0 0.505375 0.767969 0.005250 0.009896
0 0.517000 0.803646 0.004000 0.009375
0 0.520750 0.802344 0.003500 0.010937
0 0.534000 0.796875 0.004500 0.010417
0 0.537500 0.830469 0.004500 0.009896
0 0.536000 0.851823 0.006000 0.008854
0 0.516125 0.825781 0.002750 0.008854
0 0.519125 0.826823 0.003250 0.009896
0 0.525500 0.862760 0.004000 0.007812
0 0.471375 0.827604 0.004250 0.009375
