0 0.080990 0.553000 0.024479 0.010000
0 0.083073 0.554000 0.025521 0.009500
0 0.159896 0.563000 0.020833 0.008000
0 0.159375 0.563625 0.020833 0.006750
0 0.246094 0.592875 0.013021 0.005750
0 0.245573 0.599250 0.013021 0.008000
0 0.281510 0.610250 0.014063 0.006000
0 0.271615 0.607250 0.017188 0.004000
0 0.562500 0.649000 0.014583 0.008000
0 0.542969 0.637000 0.014063 0.009000
0 0.527865 0.632750 0.014063 0.008000
0 0.492969 0.616250 0.016146 0.006000
0 0.454427 0.617125 0.013021 0.007250
0 0.459896 0.604500 0.017708 0.005500
0 0.453385 0.599750 0.015104 0.005500
0 0.461719 0.600500 0.014063 0.005500
0 0.384115 0.588625 0.009896 0.008250
0 0.403125 0.575375 0.012500 0.009250
0 0.352604 0.571875 0.017708 0.005750
0 0.321615 0.567125 0.014063 0.006250
0 0.298698 0.554250 0.014063 0.007000
0 0.280469 0.558875 0.014063 0.006250
0 0.196094 0.476250 0.009896 0.010000
0 0.211979 0.480625 0.015625 0.004750
0 0.208333 0.474375 0.012500 0.007750
0 0.215625 0.475000 0.005208 0.007500
0 0.221615 0.474750 0.006771 0.007000
0 0.267188 0.469500 0.017708 0.005500
0 0.295052 0.504000 0.014063 0.004500
0 0.299479 0.500875 0.014583 0.005750
0 0.329688 0.498500 0.012500 0.008500
0 0.338802 0.516500 0.015104 0.006000
0 0.340625 0.524375 0.013542 0.007250
0 0.400260 0.542125 0.016146 0.008750
0 0.386979 0.554125 0.014583 0.003750
0 0.389583 0.559000 0.012500 0.007000
0 0.379688 0.560875 0.006250 0.008250
0 0.384896 0.561250 0.008333 0.007500
0 0.609115 0.586750 0.013021 0.005000
0 0.612760 0.585250 0.015104 0.006000
0 0.583073 0.586000 0.014063 0.005000
0 0.577083 0.587750 0.007292 0.003500
0 0.574479 0.584875 0.007292 0.004750
0 0.561979 0.563125 0.013542 0.008750
0 0.577604 0.552625 0.015625 0.008750
0 0.551042 0.549625 0.016667 0.009250
0 0.555208 0.535375 0.009375 0.007250
0 0.559375 0.534125 0.008333 0.005250
0 0.553906 0.530375 0.016146 0.005250
0 0.526302 0.526875 0.008854 0.007750
0 0.518229 0.526250 0.010417 0.007000
0 0.513802 0.521500 0.010937 0.008500
0 0.479687 0.485125 0.011458 0.008750
0 0.465365 0.474750 0.017188 0.005500
0 0.464844 0.470250 0.015104 0.005500
0 0.447917 0.477500 0.009375 0.008000
0 0.454167 0.477375 0.010417 0.006250
0 0.439323 0.452750 0.011979 0.006000
0 0.442969 0.451625 0.013021 0.006750
0 0.443750 0.443750 0.012500 0.006500
0 0.441667 0.438750 0.016667 0.005500
0 0.432292 0.439875 0.012500 0.003250
0 0.437240 0.433375 0.013021 0.007250
0 0.429948 0.427750 0.017188 0.005000
0 0.386979 0.433125 0.014583 0.007250
0 0.418490 0.417375 0.008854 0.009250
0 0.401562 0.415625 0.011458 0.007250
0 0.396354 0.396375 0.013542 0.005750
0 0.394010 0.394500 0.011979 0.004500
0 0.367188 0.396125 0.008333 0.006750
0 0.373437 0.395500 0.012500 0.008000
0 0.313021 0.347125 0.021875 0.010250
0 0.347917 0.333250 0.018750 0.007500
0 0.419531 0.385250 0.014063 0.008000
0 0.410156 0.394250 0.008854 0.008500
0 0.418750 0.391625 0.015625 0.006750
0 0.430729 0.410125 0.015625 0.004250
0 0.430729 0.407375 0.014583 0.003250
0 0.512240 0.486125 0.011979 0.009250
0 0.538542 0.481125 0.016667 0.006750
0 0.526823 0.496000 0.015104 0.005500
0 0.524219 0.502500 0.013021 0.005500
0 0.531771 0.510875 0.012500 0.005250
0 0.735156 0.597750 0.018229 0.007500
0 0.700000 0.578750 0.012500 0.009000
0 0.730469 0.574875 0.010937 0.008250
0 0.731250 0.562250 0.011458 0.008500
0 0.723177 0.546500 0.018229 0.006000
0 0.657292 0.491000 0.010417 0.006500
0 0.651563 0.488375 0.006250 0.007750
0 0.663542 0.485375 0.012500 0.004250
0 0.663281 0.481750 0.010937 0.005500
0 0.645573 0.483375 0.009896 0.006250
0 0.642448 0.475000 0.009896 0.005000
0 0.636719 0.471500 0.009896 0.006000
0 0.626302 0.464875 0.007812 0.008250
0 0.642969 0.468625 0.007812 0.007250
0 0.648698 0.469500 0.010937 0.006000
0 0.670312 0.473375 0.007292 0.008250
0 0.665104 0.472625 0.006250 0.007250
0 0.637500 0.460500 0.014583 0.006000
0 0.634375 0.466500 0.008333 0.004500
0 0.644271 0.448125 0.013542 0.008250
0 0.664844 0.434250 0.011979 0.008000
0 0.630729 0.435375 0.010417 0.008750
0 0.625000 0.438500 0.010417 0.007500
0 0.618750 0.437250 0.007292 0.008500
0 0.622135 0.430375 0.008854 0.008750
0 0.623437 0.410375 0.015625 0.004250
0 0.629167 0.406625 0.013542 0.005250
0 0.598958 0.405750 0.014583 0.006500
0 0.597135 0.415750 0.011979 0.006500
0 0.601302 0.398250 0.009896 0.008500
0 0.627604 0.393500 0.019792 0.006000
0 0.597135 0.388375 0.013021 0.006750
0 0.600000 0.413125 0.004167 0.007250
0 0.606250 0.414125 0.008333 0.008250
0 0.634115 0.416875 0.013021 0.005250
0 0.637240 0.415000 0.011979 0.006000
0 0.586979 0.379750 0.014583 0.006000
0 0.577083 0.367750 0.011458 0.006500
0 0.578906 0.364375 0.013021 0.003750
0 0.570052 0.362500 0.008854 0.007000
0 0.567969 0.357250 0.009896 0.005500
0 0.583333 0.342625 0.015625 0.007750
0 0.589583 0.354125 0.014583 0.004750
0 0.558854 0.349750 0.009375 0.007000
0 0.570052 0.351625 0.008854 0.006750
0 0.573438 0.350500 0.009375 0.005500
0 0.562240 0.334000 0.011979 0.007500
0 0.641406 0.336250 0.010937 0.006000
0 0.645312 0.334750 0.013542 0.007500
0 0.642969 0.349375 0.013021 0.010250
0 0.719271 0.422000 0.010417 0.008000
0 0.937760 0.556250 0.009896 0.008500
0 0.922396 0.533000 0.018750 0.006000
0 0.929167 0.517125 0.015625 0.005750
0 0.902344 0.517250 0.013021 0.009500
0 0.897135 0.500375 0.009896 0.005750
