0 0.156250 0.637125 0.015625 0.005250
0 0.307292 0.597500 0.013542 0.007000
0 0.291667 0.619750 0.013542 0.005000
0 0.300260 0.647000 0.013021 0.005500
0 0.348177 0.698125 0.010937 0.007750
0 0.341667 0.721750 0.017708 0.005500
0 0.369271 0.876500 0.012500 0.006000
0 0.381250 0.580125 0.015625 0.004250
0 0.433594 0.592000 0.014063 0.007000
0 0.470573 0.642750 0.018229 0.004500
0 0.483073 0.648375 0.014063 0.004250
0 0.533594 0.719750 0.010937 0.006500
0 0.535677 0.695625 0.010937 0.006250
0 0.548958 0.693750 0.013542 0.004500
0 0.770312 0.719125 0.014583 0.005250
0 0.320312 0.534750 0.015625 0.004500
0 0.399479 0.532125 0.014583 0.004750
0 0.420833 0.532000 0.010417 0.007500
0 0.439583 0.550625 0.011458 0.006750
0 0.471094 0.544125 0.009896 0.007750
0 0.526302 0.547000 0.013021 0.004500
0 0.511458 0.543625 0.013542 0.004250
0 0.513281 0.541750 0.013021 0.003500
0 0.547396 0.536500 0.016667 0.005000
0 0.562760 0.531500 0.011979 0.005500
0 0.575521 0.544000 0.010417 0.005500
0 0.601302 0.555375 0.015104 0.004750
0 0.681510 0.563125 0.016146 0.005750
0 0.684896 0.539250 0.015625 0.004500
0 0.723177 0.546875 0.016146 0.005250
0 0.663542 0.421125 0.015625 0.004250
0 0.440885 0.482625 0.011979 0.005750
0 0.430729 0.387500 0.009375 0.005000
0 0.471615 0.419000 0.007812 0.003000
0 0.490104 0.425375 0.006250 0.005250
