0 0.646354 0.396500 0.012500 0.005500
0 0.651563 0.402125 0.014583 0.006250
0 0.771354 0.447250 0.015625 0.006000
0 0.736979 0.459125 0.013542 0.004250
0 0.731771 0.454250 0.012500 0.005000
0 0.739844 0.455000 0.009896 0.005500
0 0.733594 0.449250 0.008854 0.007000
0 0.740885 0.444625 0.011979 0.008250
0 0.751563 0.457000 0.009375 0.005000
0 0.752083 0.452250 0.010417 0.006500
0 0.792969 0.468875 0.010937 0.007250
0 0.782292 0.469625 0.013542 0.004250
0 0.790365 0.482875 0.011979 0.007750
0 0.750000 0.439375 0.012500 0.006750
0 0.971094 0.553250 0.011979 0.007000
0 0.636719 0.625875 0.011979 0.009250
0 0.598177 0.593875 0.013021 0.006250
0 0.613542 0.579750 0.011458 0.009000
0 0.591667 0.583625 0.007292 0.008250
0 0.585677 0.582000 0.004687 0.007500
0 0.628125 0.564875 0.011458 0.010250
0 0.628385 0.595750 0.006771 0.007500
0 0.620833 0.595250 0.008333 0.007500
0 0.590885 0.501750 0.013021 0.008500
0 0.586979 0.518000 0.006250 0.008500
0 0.593229 0.517500 0.006250 0.006500
0 0.616667 0.511625 0.010417 0.008250
0 0.618750 0.507000 0.009375 0.006500
0 0.569792 0.471625 0.014583 0.008750
0 0.556771 0.418625 0.015625 0.009250
0 0.422656 0.430750 0.009896 0.008000
0 0.433333 0.452625 0.011458 0.007250
0 0.442188 0.459250 0.015625 0.008500
0 0.242448 0.577125 0.016146 0.005750
0 0.231510 0.612250 0.010937 0.006500
0 0.242448 0.627875 0.010937 0.007750
0 0.408854 0.372000 0.015625 0.006000
0 0.321094 0.409000 0.020313 0.006000
0 0.135156 0.463625 0.014063 0.006750
0 0.297135 0.349625 0.020313 0.007250
0 0.119271 0.347000 0.018750 0.007000
0 0.073958 0.323750 0.020833 0.006000
0 0.080729 0.352000 0.013542 0.005000
0 0.087500 0.350375 0.016667 0.005750
0 0.007552 0.335250 0.015104 0.004000
0 0.007031 0.339875 0.014063 0.004750
0 0.213542 0.297750 0.009375 0.005000
0 0.221354 0.296875 0.013542 0.005750
0 0.261458 0.113625 0.015625 0.005250
