0 0.248958 0.425375 0.008333 0.005250
0 0.255729 0.433625 0.009375 0.004750
0 0.303906 0.443750 0.013021 0.005000
0 0.278646 0.470875 0.006250 0.004250
0 0.455990 0.511000 0.006771 0.005500
0 0.448698 0.520250 0.006771 0.004000
0 0.454687 0.521750 0.007292 0.004500
0 0.456250 0.439750 0.011458 0.004500
0 0.554688 0.361250 0.013542 0.006000
0 0.560156 0.344000 0.010937 0.004500
0 0.505469 0.344625 0.013021 0.003750
0 0.585677 0.329000 0.008854 0.005000
0 0.679427 0.522625 0.008854 0.005750
0 0.691406 0.516625 0.009896 0.003750
0 0.648698 0.514375 0.008854 0.005250
0 0.802604 0.492250 0.010417 0.004000
0 0.861979 0.477000 0.011458 0.004000
0 0.886458 0.466000 0.010417 0.003500
0 0.844792 0.438375 0.012500 0.006250
0 0.828906 0.425500 0.009896 0.003000
0 0.810937 0.417500 0.012500 0.005500
0 0.799219 0.416000 0.010937 0.004500
0 0.680990 0.580875 0.009896 0.004750
0 0.788542 0.603125 0.009375 0.005250
0 0.765885 0.609875 0.009896 0.003250
0 0.447135 0.898000 0.010937 0.004500
0 0.937500 0.702750 0.011458 0.004000
0 0.632552 0.531500 0.005729 0.005500
0 0.638281 0.534000 0.005729 0.004500
