0 0.312240 0.684750 0.014063 0.005500
0 0.321094 0.633500 0.013021 0.005000
0 0.315104 0.636875 0.010417 0.006250
0 0.174219 0.627375 0.008854 0.006250
0 0.030469 0.620250 0.017188 0.005000
0 0.005469 0.594750 0.010937 0.005500
0 0.317188 0.562000 0.009375 0.006000
0 0.304427 0.558625 0.010937 0.006750
0 0.289323 0.551875 0.011979 0.006750
0 0.247135 0.544500 0.009896 0.006500
0 0.197656 0.528250 0.009896 0.007500
0 0.194271 0.536250 0.009375 0.006000
0 0.183594 0.537000 0.014063 0.004000
0 0.166406 0.513750 0.011979 0.008000
0 0.166667 0.513375 0.017708 0.006250
0 0.124479 0.512375 0.015625 0.007750
0 0.104427 0.496625 0.010937 0.006250
0 0.098437 0.494625 0.008333 0.003750
0 0.008333 0.463625 0.011458 0.005250
0 0.022656 0.444125 0.017188 0.004750
0 0.098177 0.461750 0.009896 0.004000
0 0.101562 0.474375 0.007292 0.004250
0 0.107292 0.473750 0.006250 0.004500
0 0.115365 0.484250 0.007812 0.005500
0 0.211979 0.518250 0.010417 0.004000
0 0.213281 0.516625 0.007812 0.003750
0 0.231771 0.523875 0.009375 0.005250
0 0.333594 0.541250 0.010937 0.003500
0 0.364063 0.569500 0.010417 0.004000
0 0.409896 0.472250 0.011458 0.004000
0 0.404687 0.461125 0.006250 0.006250
0 0.294792 0.265375 0.006250 0.005750
0 0.316927 0.295500 0.009896 0.004500
0 0.319531 0.294375 0.007812 0.004750
0 0.370312 0.356875 0.009375 0.003250
0 0.362500 0.353750 0.007292 0.005500
0 0.361198 0.357375 0.008854 0.005750
0 0.353646 0.361375 0.011458 0.003750
0 0.355729 0.360000 0.008333 0.004500
0 0.392969 0.421625 0.009896 0.003250
0 0.392969 0.423500 0.006771 0.003000
0 0.422396 0.454875 0.006250 0.006250
0 0.451823 0.471250 0.005729 0.006000
0 0.447656 0.471750 0.004687 0.005500
0 0.432812 0.470375 0.011458 0.003750
0 0.434115 0.469125 0.007812 0.002750
0 0.432812 0.480750 0.011458 0.004500
0 0.483073 0.504875 0.006771 0.006250
0 0.472917 0.535000 0.008333 0.004000
0 0.474740 0.533750 0.008854 0.004500
0 0.606250 0.534250 0.007292 0.005500
0 0.621354 0.532250 0.012500 0.003500
0 0.598437 0.506000 0.009375 0.002000
0 0.597917 0.503875 0.012500 0.002250
0 0.622135 0.485875 0.009896 0.003750
0 0.620833 0.483750 0.012500 0.003500
0 0.639583 0.402625 0.008333 0.005750
0 0.632031 0.396750 0.010937 0.005000
0 0.686198 0.397625 0.007812 0.006750
0 0.663281 0.388125 0.008854 0.003250
0 0.661719 0.387875 0.009896 0.005250
0 0.772656 0.299875 0.006771 0.005750
0 0.739844 0.363250 0.008854 0.005500
0 0.728125 0.367500 0.007292 0.004000
0 0.728906 0.370875 0.009896 0.002750
0 0.722135 0.371500 0.007812 0.005500
0 0.706250 0.402000 0.004167 0.005500
0 0.702344 0.402000 0.004687 0.006000
0 0.675781 0.435875 0.007812 0.005750
0 0.671875 0.439000 0.006250 0.006000
0 0.752083 0.537625 0.007292 0.003250
0 0.754687 0.536625 0.010417 0.004250
0 0.754948 0.506625 0.009896 0.005750
0 0.895573 0.457875 0.011979 0.004750
0 0.898438 0.451625 0.011458 0.002750
0 0.898698 0.449625 0.009896 0.002250
0 0.961719 0.438375 0.008854 0.004250
0 0.889844 0.467000 0.009896 0.002000
0 0.889323 0.465000 0.011979 0.002500
0 0.719531 0.568500 0.004687 0.006000
0 0.723698 0.568250 0.003646 0.004500
0 0.761198 0.549875 0.011979 0.004750
0 0.811458 0.553625 0.009375 0.004750
0 0.808333 0.552375 0.006250 0.004750
0 0.782552 0.537875 0.006771 0.005250
0 0.785677 0.537000 0.004687 0.004500
0 0.835417 0.522000 0.011458 0.003500
0 0.833594 0.519625 0.008854 0.004250
0 0.872135 0.506500 0.009896 0.006000
0 0.877604 0.492250 0.007292 0.006500
0 0.889583 0.485250 0.006250 0.006000
0 0.954427 0.620375 0.007812 0.005750
0 0.914323 0.613000 0.016146 0.004500
0 0.853906 0.624250 0.015104 0.004500
0 0.853906 0.616250 0.014063 0.004500
0 0.775781 0.618000 0.008854 0.004000
0 0.734375 0.627875 0.011458 0.004250
0 0.688542 0.636625 0.013542 0.004250
0 0.755990 0.642250 0.010937 0.006000
0 0.776042 0.634750 0.012500 0.004500
0 0.821354 0.634125 0.012500 0.003750
0 0.823177 0.642500 0.008854 0.007000
0 0.879948 0.633250 0.011979 0.004500
0 0.871615 0.647000 0.007812 0.006000
0 0.882552 0.643125 0.005729 0.004750
0 0.879167 0.642625 0.007292 0.006250
0 0.987240 0.631875 0.008854 0.005750
0 0.983333 0.631000 0.006250 0.004500
