0 0.203000 0.538021 0.006000 0.010417
0 0.204500 0.529687 0.006500 0.006250
0 0.219500 0.551302 0.005500 0.014063
0 0.227625 0.555469 0.005250 0.007812
0 0.225250 0.549479 0.007000 0.006250
0 0.260875 0.609896 0.004250 0.014583
0 0.281250 0.594531 0.006000 0.009896
0 0.271750 0.566667 0.006000 0.010417
0 0.214500 0.613021 0.003000 0.013542
0 0.211875 0.613542 0.002250 0.010417
0 0.301375 0.508073 0.003250 0.016146
0 0.298125 0.511198 0.003750 0.014063
0 0.288000 0.467448 0.003500 0.014063
0 0.288250 0.452604 0.006500 0.013542
0 0.284375 0.452083 0.002750 0.013542
0 0.281875 0.451042 0.003250 0.011458
0 0.281000 0.388802 0.004000 0.015104
0 0.265000 0.335677 0.004000 0.015104
0 0.216750 0.263542 0.005500 0.010417
0 0.224375 0.134896 0.003250 0.015625
0 0.244125 0.144010 0.004750 0.013021
0 0.259875 0.166667 0.007250 0.015625
0 0.185750 0.062500 0.005000 0.016667
0 0.359500 0.653646 0.004500 0.013542
0 0.354250 0.580990 0.003500 0.016146
0 0.361750 0.491146 0.004500 0.012500
0 0.365750 0.474740 0.006000 0.008854
0 0.372500 0.465104 0.007500 0.008333
0 0.355750 0.467448 0.004000 0.014063
0 0.367625 0.452865 0.003750 0.013021
0 0.366500 0.444531 0.003500 0.013021
0 0.369250 0.437500 0.003000 0.010417
0 0.367750 0.432812 0.004000 0.010417
0 0.355250 0.424740 0.003500 0.014063
0 0.350125 0.420312 0.004750 0.012500
0 0.347125 0.411719 0.005250 0.013021
0 0.375500 0.419792 0.004000 0.011458
0 0.380750 0.429167 0.002500 0.009375
0 0.382250 0.428385 0.004000 0.011979
0 0.376375 0.406771 0.003750 0.013542
0 0.382125 0.407292 0.003750 0.011458
0 0.383625 0.405990 0.003250 0.009896
0 0.383500 0.392188 0.003000 0.012500
0 0.391375 0.378906 0.003750 0.009896
0 0.401250 0.371615 0.005000 0.008854
0 0.377250 0.385937 0.003500 0.010417
0 0.373125 0.388021 0.004750 0.008333
0 0.363500 0.378125 0.004000 0.010417
0 0.356250 0.375781 0.003000 0.013021
0 0.360125 0.367969 0.002750 0.011979
0 0.364000 0.361979 0.004500 0.008333
0 0.353250 0.367708 0.003000 0.010417
0 0.351875 0.363021 0.004250 0.010417
0 0.351125 0.346354 0.006250 0.009375
0 0.355875 0.356510 0.003250 0.014063
0 0.365125 0.351562 0.004250 0.011458
0 0.366500 0.344792 0.002500 0.011458
0 0.361750 0.346875 0.002500 0.011458
0 0.360875 0.336719 0.002750 0.013021
0 0.357000 0.339583 0.003000 0.012500
0 0.353875 0.339062 0.003750 0.010417
0 0.347750 0.332031 0.003000 0.010937
0 0.351000 0.321615 0.002500 0.013021
0 0.357625 0.321615 0.004750 0.010937
0 0.362625 0.320312 0.002750 0.012500
0 0.367000 0.322656 0.003000 0.013021
0 0.355500 0.307812 0.003000 0.012500
0 0.375625 0.351562 0.003750 0.013542
0 0.369000 0.340885 0.003000 0.010937
0 0.367375 0.335156 0.006750 0.005729
0 0.376500 0.372656 0.002500 0.014063
0 0.387875 0.330990 0.002750 0.013021
0 0.393875 0.328906 0.003250 0.014063
0 0.398000 0.323958 0.003000 0.010417
0 0.398250 0.332813 0.003000 0.010417
0 0.386125 0.366406 0.003750 0.008854
0 0.385500 0.363281 0.004000 0.007812
0 0.394250 0.355990 0.004000 0.009896
0 0.392750 0.353646 0.004000 0.009375
0 0.383875 0.340365 0.002750 0.009896
0 0.381375 0.342969 0.002750 0.009896
0 0.381875 0.333854 0.003250 0.009375
0 0.386250 0.321615 0.003000 0.009896
0 0.402875 0.310937 0.004250 0.009375
0 0.399375 0.310156 0.003250 0.010937
0 0.396375 0.314583 0.003750 0.008333
0 0.392000 0.308594 0.003500 0.007812
0 0.389000 0.305208 0.003000 0.009375
0 0.390125 0.296615 0.003250 0.007812
0 0.387125 0.295573 0.002750 0.007812
0 0.382000 0.303646 0.003000 0.010417
0 0.385375 0.303125 0.003250 0.012500
0 0.374375 0.291406 0.002750 0.011979
0 0.372000 0.291406 0.002000 0.011979
0 0.366500 0.294010 0.003000 0.011979
0 0.363875 0.292708 0.002250 0.012500
0 0.361625 0.293490 0.002250 0.010937
0 0.360125 0.292187 0.002750 0.010417
0 0.360250 0.282031 0.002500 0.010937
0 0.369750 0.277865 0.002500 0.011979
0 0.367750 0.270573 0.002000 0.011979
0 0.370750 0.265625 0.002000 0.011458
0 0.373125 0.273438 0.001750 0.011458
0 0.374750 0.272917 0.002000 0.011458
0 0.387875 0.279427 0.003250 0.009896
0 0.386625 0.276562 0.003250 0.009375
0 0.393625 0.277344 0.001750 0.010937
0 0.396250 0.279167 0.003000 0.009375
0 0.398625 0.282552 0.002750 0.009896
0 0.395250 0.284635 0.004500 0.004687
0 0.406000 0.280729 0.004000 0.010417
0 0.353375 0.255990 0.003250 0.009896
0 0.354500 0.246094 0.002500 0.010937
0 0.357125 0.248698 0.002250 0.011979
0 0.361125 0.261979 0.002750 0.010417
0 0.363500 0.261719 0.002500 0.011979
0 0.370500 0.251042 0.002500 0.011458
0 0.367375 0.249479 0.003250 0.010417
0 0.370625 0.239323 0.004250 0.009896
0 0.373750 0.244271 0.003500 0.008333
0 0.366375 0.258594 0.003750 0.007812
0 0.368750 0.260937 0.003000 0.007292
0 0.378250 0.240885 0.003000 0.010937
0 0.376250 0.232292 0.002000 0.015625
0 0.374125 0.233333 0.002750 0.012500
0 0.397125 0.255990 0.003250 0.011979
0 0.393250 0.251302 0.004000 0.010937
0 0.399625 0.248698 0.004750 0.010937
0 0.406750 0.230990 0.004500 0.008854
0 0.416625 0.235677 0.005750 0.011979
0 0.394875 0.229427 0.004750 0.010937
0 0.396750 0.217969 0.003000 0.008854
0 0.406375 0.206771 0.003750 0.012500
0 0.419125 0.191927 0.004250 0.009896
0 0.424875 0.172656 0.003750 0.011979
0 0.383000 0.220052 0.003500 0.011979
0 0.382000 0.231771 0.005000 0.010417
0 0.362875 0.211458 0.003750 0.012500
0 0.358250 0.214844 0.003500 0.008854
0 0.355750 0.210417 0.004500 0.010417
0 0.364875 0.192448 0.003250 0.010937
0 0.362750 0.183594 0.002500 0.010937
0 0.360625 0.183333 0.002250 0.010417
0 0.357250 0.182031 0.003000 0.010937
0 0.355625 0.180469 0.002750 0.009896
0 0.352250 0.136979 0.005500 0.012500
0 0.369875 0.157812 0.006250 0.011458
0 0.373125 0.166146 0.005250 0.011458
0 0.383875 0.129688 0.005250 0.010417
0 0.398750 0.129427 0.002500 0.010937
0 0.396875 0.127083 0.002250 0.010417
0 0.399500 0.079687 0.006000 0.008333
0 0.408500 0.083594 0.003500 0.009896
0 0.416250 0.095052 0.004000 0.010937
0 0.416500 0.124479 0.005500 0.007292
0 0.422125 0.046354 0.005250 0.016667
0 0.431250 0.014063 0.003500 0.013542
0 0.411750 0.026042 0.002500 0.009375
0 0.410125 0.025260 0.002750 0.009896
0 0.412500 0.004427 0.007000 0.008854
0 0.327750 0.385417 0.005500 0.013542
0 0.409250 0.543750 0.004500 0.011458
0 0.413250 0.527865 0.003500 0.015104
0 0.407250 0.521094 0.004500 0.009896
0 0.408375 0.514323 0.005250 0.007812
0 0.412625 0.544792 0.002750 0.012500
0 0.414750 0.544271 0.002500 0.010417
0 0.433125 0.495833 0.004750 0.010417
0 0.432250 0.488281 0.003500 0.007812
0 0.431625 0.485937 0.004750 0.010417
0 0.428875 0.460677 0.003250 0.011979
0 0.446625 0.452604 0.004250 0.012500
0 0.449375 0.440885 0.002750 0.013021
0 0.455125 0.468229 0.002750 0.010417
0 0.453375 0.467187 0.003250 0.011458
0 0.471375 0.391927 0.003750 0.011979
0 0.477375 0.380729 0.003750 0.012500
0 0.464000 0.412500 0.005000 0.008333
0 0.473750 0.403385 0.004000 0.009896
0 0.472125 0.401823 0.003750 0.011979
0 0.471625 0.356510 0.004750 0.006771
0 0.490875 0.353906 0.004750 0.011979
0 0.500500 0.333594 0.004000 0.014063
0 0.517000 0.375260 0.006500 0.011979
0 0.515000 0.360938 0.006000 0.014583
0 0.515750 0.303646 0.007000 0.014583
0 0.510750 0.209115 0.005000 0.010937
0 0.526875 0.235417 0.006250 0.012500
0 0.548000 0.230208 0.005000 0.014583
0 0.542250 0.222135 0.006000 0.008854
0 0.541500 0.216146 0.005500 0.010417
0 0.560875 0.239844 0.006250 0.016146
0 0.564625 0.234635 0.004250 0.008854
0 0.566500 0.241406 0.004000 0.007812
0 0.567750 0.233073 0.004500 0.009896
0 0.579625 0.212760 0.009750 0.019271
0 0.575625 0.189844 0.005750 0.008854
0 0.585375 0.186719 0.006750 0.015104
0 0.559375 0.171354 0.006250 0.006250
0 0.559500 0.164583 0.005500 0.006250
0 0.532875 0.177344 0.006250 0.009896
0 0.531000 0.163021 0.006500 0.011458
0 0.543000 0.107552 0.006000 0.013021
0 0.622750 0.018229 0.005000 0.010417
0 0.583750 0.028646 0.005500 0.012500
0 0.678375 0.364583 0.005750 0.015625
0 0.712875 0.431250 0.006250 0.008333
0 0.695125 0.464323 0.008750 0.017188
0 0.663000 0.450000 0.007500 0.011458
0 0.646250 0.468229 0.005500 0.010417
0 0.661125 0.501042 0.004750 0.016667
0 0.660125 0.398958 0.008750 0.013542
0 0.675625 0.400000 0.005250 0.012500
0 0.680250 0.398958 0.004000 0.011458
0 0.617875 0.467187 0.007750 0.010417
0 0.612125 0.463281 0.005750 0.008854
0 0.608500 0.471354 0.004000 0.012500
0 0.603500 0.471615 0.004000 0.015104
0 0.588750 0.485937 0.006000 0.013542
0 0.589125 0.524740 0.005750 0.006771
0 0.588250 0.517708 0.005500 0.008333
0 0.624125 0.528125 0.006250 0.009375
0 0.546375 0.538281 0.004750 0.008854
0 0.552500 0.535677 0.005500 0.008854
0 0.551625 0.531510 0.004750 0.007812
0 0.559625 0.539583 0.004750 0.007292
0 0.559250 0.535417 0.005500 0.007292
0 0.619625 0.435677 0.006250 0.009896
0 0.539000 0.598958 0.005500 0.012500
0 0.525250 0.544271 0.004000 0.010417
0 0.523125 0.542708 0.005250 0.011458
0 0.508750 0.577604 0.007000 0.007292
0 0.503750 0.567708 0.004500 0.010417
0 0.500125 0.564583 0.004750 0.010417
0 0.476750 0.588542 0.006000 0.013542
0 0.464500 0.597656 0.005000 0.009896
0 0.462250 0.608854 0.005000 0.011458
0 0.457375 0.607812 0.004250 0.009375
0 0.455875 0.605729 0.004750 0.008333
0 0.447375 0.598437 0.007750 0.010417
0 0.447250 0.620052 0.005500 0.011979
0 0.434250 0.640365 0.004000 0.016146
0 0.429000 0.642708 0.006000 0.009375
0 0.428250 0.638802 0.005000 0.008854
0 0.414625 0.644531 0.004750 0.016146
0 0.707250 0.836979 0.006000 0.004167
0 0.707375 0.841406 0.007250 0.005729
0 0.707375 0.846615 0.006250 0.007812
0 0.655375 0.760417 0.005750 0.009375
0 0.594750 0.862500 0.004500 0.016667
0 0.590125 0.853385 0.004750 0.007812
0 0.589375 0.849740 0.005750 0.008854
0 0.607125 0.795833 0.005250 0.010417
0 0.605250 0.792969 0.005000 0.008854
0 0.569875 0.752344 0.006250 0.008854
0 0.574250 0.774479 0.006000 0.006250
0 0.570625 0.796094 0.004250 0.013021
0 0.564500 0.799479 0.007500 0.008333
0 0.555250 0.795052 0.004500 0.015104
0 0.556875 0.767448 0.004750 0.010937
0 0.531875 0.807292 0.006750 0.010417
0 0.522625 0.782813 0.006250 0.009375
0 0.523000 0.774740 0.007000 0.007812
0 0.536625 0.766667 0.004750 0.016667
0 0.546625 0.765365 0.006750 0.008854
0 0.536375 0.745573 0.007250 0.008854
0 0.570250 0.737760 0.005500 0.010937
0 0.507375 0.769010 0.006750 0.007812
0 0.506750 0.752604 0.006500 0.005208
0 0.507125 0.757031 0.006250 0.005729
0 0.507250 0.760677 0.006000 0.007812
0 0.513875 0.731250 0.003250 0.009375
0 0.511000 0.730729 0.003000 0.010417
0 0.504000 0.731771 0.004000 0.009375
0 0.498875 0.731250 0.003750 0.009375
0 0.490500 0.729167 0.006500 0.007292
0 0.488875 0.720573 0.004250 0.008854
0 0.450500 0.718490 0.005500 0.007812
0 0.434250 0.711719 0.005500 0.009896
0 0.388375 0.711458 0.005750 0.014583
0 0.394875 0.736979 0.005750 0.012500
0 0.412500 0.767969 0.004500 0.013021
0 0.424875 0.834635 0.004250 0.015104
0 0.475375 0.729948 0.004750 0.010937
0 0.428625 0.845573 0.002750 0.014063
0 0.433625 0.844010 0.006750 0.008854
0 0.435625 0.862240 0.006250 0.007812
0 0.437625 0.830729 0.004250 0.011458
0 0.441125 0.833073 0.003250 0.011979
0 0.451250 0.849479 0.004000 0.012500
0 0.451750 0.860938 0.004500 0.010417
0 0.451250 0.867448 0.004000 0.015104
0 0.421125 0.902865 0.006250 0.011979
0 0.456375 0.916146 0.007250 0.008333
0 0.471125 0.913542 0.006250 0.012500
0 0.459000 0.933073 0.006500 0.010937
0 0.460000 0.930469 0.004500 0.007812
0 0.489000 0.921615 0.004500 0.011979
0 0.458375 0.884375 0.005250 0.008333
0 0.465750 0.997656 0.005000 0.003646
