0 0.063021 0.409875 0.013542 0.005250
0 0.107292 0.408250 0.011458 0.005500
0 0.104948 0.396625 0.013021 0.005750
0 0.188542 0.450125 0.012500 0.006250
0 0.258073 0.444500 0.010937 0.007000
0 0.178385 0.485375 0.008854 0.005750
0 0.175781 0.483875 0.008854 0.004750
0 0.148177 0.515000 0.008854 0.007500
0 0.110937 0.518125 0.014583 0.004250
0 0.331771 0.473125 0.009375 0.007250
0 0.367188 0.469000 0.007292 0.005500
0 0.300521 0.464750 0.008333 0.007000
0 0.313802 0.467125 0.008854 0.005250
0 0.316146 0.465750 0.010417 0.005500
0 0.362760 0.487750 0.009896 0.003000
0 0.383594 0.493125 0.009896 0.007250
0 0.362760 0.492250 0.008854 0.006000
0 0.378125 0.500750 0.010417 0.005500
0 0.360677 0.510375 0.009896 0.005750
0 0.363542 0.520250 0.012500 0.004500
0 0.345833 0.520250 0.008333 0.005500
0 0.337760 0.521250 0.008854 0.006000
0 0.360938 0.525250 0.009375 0.006000
0 0.364583 0.530625 0.008333 0.004250
0 0.362760 0.528750 0.009896 0.004500
0 0.363021 0.536000 0.010417 0.004500
0 0.392188 0.539875 0.010417 0.005750
0 0.338802 0.545250 0.007812 0.006000
0 0.332031 0.546500 0.005729 0.006500
0 0.325781 0.546875 0.007812 0.006250
0 0.322917 0.540125 0.006250 0.005750
0 0.317448 0.540750 0.005729 0.007500
0 0.333854 0.552375 0.015625 0.004250
0 0.368229 0.551250 0.008333 0.007500
0 0.383594 0.550375 0.010937 0.005250
0 0.394010 0.547750 0.007812 0.007500
0 0.365365 0.565875 0.009896 0.003250
0 0.363281 0.570250 0.006771 0.006500
0 0.370312 0.571125 0.008333 0.005750
0 0.358854 0.579625 0.010417 0.003750
0 0.360677 0.586500 0.006771 0.007000
0 0.379688 0.585375 0.008333 0.006250
0 0.372917 0.584125 0.008333 0.006250
0 0.379167 0.581125 0.009375 0.002750
0 0.379167 0.577875 0.006250 0.005250
0 0.375000 0.576625 0.007292 0.006250
0 0.370052 0.575875 0.005729 0.004750
0 0.351823 0.582875 0.007812 0.004250
0 0.345052 0.583000 0.009896 0.005000
0 0.373437 0.596250 0.013542 0.004500
0 0.341927 0.620375 0.006771 0.006750
0 0.369010 0.621125 0.009896 0.003250
0 0.362500 0.618250 0.014583 0.004000
0 0.329688 0.645000 0.010417 0.007000
0 0.448177 0.465375 0.013021 0.006250
0 0.495312 0.464375 0.010417 0.007250
0 0.518490 0.467875 0.010937 0.005250
0 0.438802 0.512125 0.011979 0.004750
0 0.491146 0.509750 0.009375 0.003000
0 0.497135 0.508500 0.013021 0.005000
0 0.505469 0.525500 0.007812 0.007000
0 0.518750 0.524125 0.011458 0.006250
0 0.553906 0.521375 0.009896 0.006750
0 0.469271 0.523000 0.005208 0.006000
0 0.465104 0.523000 0.005208 0.005500
0 0.503385 0.572250 0.007812 0.007000
0 0.515365 0.568625 0.011979 0.002750
0 0.513542 0.566000 0.010417 0.002500
0 0.513802 0.562500 0.010937 0.003500
0 0.535156 0.566125 0.005729 0.006250
0 0.540885 0.566500 0.006771 0.005000
0 0.543750 0.564750 0.010417 0.005000
0 0.502604 0.561250 0.007292 0.004500
0 0.496094 0.562375 0.005729 0.005250
0 0.487760 0.565750 0.011979 0.002500
0 0.488542 0.563250 0.010417 0.003500
0 0.480729 0.560750 0.010417 0.003000
0 0.487500 0.559875 0.006250 0.005250
0 0.490104 0.556000 0.007292 0.004000
0 0.541146 0.546250 0.005208 0.005000
0 0.537240 0.545875 0.004687 0.004750
0 0.525521 0.561500 0.011458 0.003000
0 0.527083 0.558500 0.006250 0.004000
0 0.531510 0.554125 0.005729 0.005250
0 0.513281 0.555500 0.006771 0.004000
0 0.512240 0.558500 0.009896 0.002500
0 0.517969 0.554500 0.005729 0.004500
0 0.523177 0.550875 0.013021 0.003250
0 0.523177 0.552875 0.008854 0.001750
0 0.524219 0.555250 0.008854 0.002000
0 0.522396 0.558250 0.006250 0.004000
0 0.537760 0.558375 0.008854 0.003750
0 0.539323 0.556625 0.007812 0.004250
0 0.545573 0.556625 0.010937 0.004250
0 0.551042 0.583750 0.010417 0.006000
0 0.570312 0.592625 0.006250 0.006750
0 0.576042 0.595750 0.006250 0.005500
0 0.573438 0.601000 0.007292 0.006500
0 0.577083 0.608375 0.010417 0.003750
0 0.588542 0.608750 0.011458 0.005500
0 0.590885 0.614000 0.007812 0.006000
0 0.623437 0.605125 0.013542 0.004250
0 0.565625 0.619250 0.010417 0.003500
0 0.582292 0.591500 0.005208 0.004000
0 0.578906 0.590750 0.008854 0.005000
0 0.506771 0.493125 0.005208 0.006750
0 0.501823 0.492875 0.004687 0.005250
0 0.546094 0.456000 0.009896 0.006500
0 0.635938 0.437250 0.008333 0.006500
0 0.585156 0.433625 0.009896 0.003750
0 0.585417 0.429750 0.012500 0.004500
0 0.626302 0.473750 0.009896 0.006500
0 0.660677 0.473875 0.010937 0.005250
0 0.692969 0.489875 0.007812 0.005250
0 0.666667 0.488625 0.007292 0.003750
0 0.671875 0.494875 0.007292 0.004750
0 0.671354 0.490875 0.008333 0.004250
