0 0.086198 0.588125 0.011979 0.003750
0 0.079948 0.587875 0.008854 0.004250
0 0.157552 0.538250 0.013021 0.004000
0 0.165104 0.547500 0.010417 0.005000
0 0.219531 0.606625 0.006771 0.003250
0 0.224740 0.604875 0.008854 0.006250
0 0.292969 0.685250 0.009896 0.006500
0 0.337500 0.729125 0.010417 0.005250
0 0.316927 0.762000 0.008854 0.004000
0 0.389583 0.759000 0.009375 0.002000
0 0.387500 0.756750 0.010417 0.002500
0 0.384896 0.754500 0.009375 0.003500
0 0.439323 0.794375 0.013021 0.003250
0 0.438802 0.792625 0.010937 0.002250
0 0.458333 0.764625 0.010417 0.003250
0 0.458854 0.762250 0.013542 0.003000
0 0.492188 0.726125 0.009375 0.005750
0 0.389323 0.673750 0.013021 0.006000
0 0.325781 0.674875 0.007812 0.005250
0 0.332031 0.673375 0.011979 0.003750
0 0.361198 0.674500 0.006771 0.005000
0 0.364844 0.673750 0.007812 0.005000
0 0.326562 0.665250 0.012500 0.004500
0 0.335938 0.661625 0.010417 0.004750
0 0.321354 0.660750 0.011458 0.004500
0 0.307812 0.657500 0.012500 0.003000
0 0.307292 0.654750 0.013542 0.003000
0 0.367448 0.651375 0.008854 0.005750
0 0.299479 0.615375 0.013542 0.004750
0 0.242969 0.600125 0.010937 0.007250
0 0.230729 0.594250 0.009375 0.007500
0 0.222396 0.583625 0.014583 0.004750
0 0.210938 0.521375 0.010417 0.003250
0 0.210156 0.519000 0.011979 0.003500
0 0.244531 0.542750 0.014063 0.005500
0 0.244531 0.542750 0.011979 0.005500
0 0.265104 0.547000 0.009375 0.003500
0 0.271094 0.546875 0.010937 0.004750
0 0.321875 0.553875 0.009375 0.006250
0 0.325000 0.553125 0.009375 0.005250
0 0.347656 0.567375 0.010937 0.002250
0 0.349740 0.569125 0.009896 0.002750
0 0.408594 0.589500 0.007812 0.006500
0 0.417187 0.590875 0.008333 0.005250
0 0.399479 0.583000 0.008333 0.003000
0 0.397135 0.581375 0.006771 0.002750
0 0.579167 0.645500 0.015625 0.004500
0 0.568750 0.651125 0.009375 0.004250
0 0.566406 0.650375 0.007812 0.002750
0 0.570052 0.634375 0.010937 0.005750
0 0.626042 0.655875 0.008333 0.004750
0 0.625521 0.652000 0.009375 0.003500
0 0.621354 0.665250 0.013542 0.003000
0 0.650000 0.673625 0.013542 0.004750
0 0.929167 0.718500 0.014583 0.006000
0 0.513021 0.609125 0.008333 0.005750
0 0.506250 0.587250 0.006250 0.006500
0 0.510938 0.587000 0.006250 0.005500
0 0.282552 0.503875 0.014063 0.003250
0 0.296875 0.504750 0.013542 0.005000
0 0.297135 0.504500 0.013021 0.005000
0 0.313021 0.504375 0.012500 0.005250
0 0.407031 0.510875 0.009896 0.006750
0 0.435156 0.504625 0.008854 0.007750
0 0.453906 0.515000 0.011979 0.006500
0 0.462240 0.507000 0.009896 0.005500
0 0.514583 0.511500 0.013542 0.005000
0 0.522917 0.519250 0.009375 0.006500
0 0.547396 0.516500 0.013542 0.004000
0 0.546615 0.514875 0.011979 0.002750
0 0.843750 0.520625 0.014583 0.005250
0 0.823698 0.560375 0.011979 0.004250
0 0.822656 0.558750 0.009896 0.003500
0 0.812760 0.494500 0.014063 0.002500
0 0.812760 0.496750 0.014063 0.002500
0 0.777604 0.465250 0.009375 0.004000
0 0.775521 0.464125 0.011458 0.005250
0 0.664323 0.485000 0.008854 0.005000
0 0.660937 0.483750 0.009375 0.005000
0 0.574479 0.490500 0.013542 0.005000
0 0.728385 0.452500 0.013021 0.003000
0 0.728385 0.450125 0.014063 0.003250
0 0.460938 0.474125 0.011458 0.004750
0 0.466667 0.471625 0.013542 0.004250
0 0.419271 0.492500 0.016667 0.005000
0 0.399219 0.477375 0.008854 0.005250
0 0.396615 0.476375 0.009896 0.005750
0 0.354687 0.481875 0.009375 0.005750
0 0.363281 0.489625 0.011979 0.002250
0 0.363542 0.492000 0.014583 0.003000
0 0.338802 0.489375 0.013021 0.004750
0 0.347656 0.484750 0.009896 0.005500
0 0.340625 0.484125 0.010417 0.005750
0 0.329948 0.489750 0.009896 0.007000
0 0.320833 0.490750 0.009375 0.006000
0 0.335417 0.482250 0.013542 0.005000
0 0.333333 0.480500 0.009375 0.004500
0 0.251042 0.496125 0.014583 0.002750
0 0.251823 0.493750 0.013021 0.002500
0 0.226042 0.496125 0.014583 0.004250
0 0.252604 0.468125 0.010417 0.003250
0 0.251042 0.466500 0.012500 0.004500
0 0.284375 0.462125 0.013542 0.004250
0 0.282292 0.458375 0.014583 0.005250
0 0.344792 0.439500 0.008333 0.006500
0 0.376823 0.431375 0.015104 0.004250
0 0.396615 0.426375 0.008854 0.005250
0 0.763802 0.407125 0.008854 0.006750
0 0.777604 0.358750 0.006250 0.006000
0 0.782292 0.359000 0.005208 0.005500
0 0.893229 0.305250 0.010417 0.004000
0 0.891667 0.304000 0.010417 0.003500
0 0.889844 0.302375 0.010937 0.003750
0 0.640104 0.359875 0.014583 0.004250
0 0.567187 0.307250 0.010417 0.004000
0 0.536979 0.383625 0.015625 0.003750
0 0.601302 0.367500 0.009896 0.003500
0 0.599740 0.365875 0.011979 0.003750
0 0.506771 0.378875 0.013542 0.005750
0 0.499479 0.392375 0.015625 0.003750
0 0.479427 0.381000 0.011979 0.004500
0 0.481510 0.379125 0.011979 0.003750
0 0.457031 0.403250 0.013021 0.002500
0 0.457552 0.401000 0.014063 0.002500
0 0.380208 0.419625 0.010417 0.005250
0 0.361719 0.421750 0.013021 0.002500
0 0.360156 0.419375 0.014063 0.002750
0 0.329167 0.433000 0.010417 0.004000
0 0.325521 0.431625 0.013542 0.004250
0 0.274479 0.445750 0.013542 0.003500
0 0.239583 0.454375 0.012500 0.005750
0 0.234115 0.461625 0.009896 0.004750
0 0.167969 0.425875 0.009896 0.005250
0 0.162760 0.423375 0.008854 0.005750
0 0.221615 0.390125 0.011979 0.002750
0 0.227604 0.388750 0.012500 0.004000
0 0.209635 0.383625 0.010937 0.004750
0 0.215365 0.380750 0.008854 0.005500
0 0.163021 0.249875 0.008333 0.006250
0 0.166667 0.249250 0.008333 0.006000
0 0.170573 0.248500 0.007812 0.005000
0 0.147917 0.359250 0.007292 0.006000
0 0.152604 0.360625 0.007292 0.006750
0 0.179948 0.377000 0.004687 0.006000
0 0.185156 0.376375 0.006771 0.007250
0 0.149219 0.389250 0.013021 0.004500
0 0.143490 0.391250 0.008854 0.007000
