0 0.728750 0.880729 0.005000 0.011458
0 0.689750 0.837500 0.009000 0.014583
0 0.791000 0.461458 0.006500 0.016667
0 0.796500 0.459896 0.008000 0.019792
0 0.790125 0.491927 0.008250 0.013021
0 0.758875 0.437760 0.004250 0.017188
0 0.749500 0.430208 0.006500 0.010417
0 0.747750 0.441927 0.007000 0.013021
0 0.737875 0.444271 0.006750 0.010417
0 0.741000 0.461198 0.007500 0.013021
0 0.740875 0.493490 0.006750 0.009896
0 0.734625 0.524219 0.008250 0.015104
0 0.733125 0.523177 0.007250 0.018229
0 0.741250 0.547656 0.007000 0.014063
0 0.737750 0.554167 0.006000 0.014583
0 0.720375 0.540104 0.007750 0.016667
0 0.705375 0.537500 0.008250 0.011458
0 0.708125 0.544531 0.008750 0.014063
0 0.718750 0.510938 0.012500 0.017708
0 0.718500 0.509635 0.009500 0.014063
0 0.715750 0.493229 0.009000 0.022917
0 0.715125 0.492708 0.008750 0.016667
0 0.708875 0.483594 0.006750 0.013021
0 0.708500 0.471094 0.008000 0.016146
0 0.717125 0.474740 0.008250 0.021354
0 0.721000 0.461198 0.008000 0.018229
0 0.675250 0.496875 0.010000 0.017708
0 0.675125 0.498698 0.008750 0.016146
0 0.688750 0.560417 0.007500 0.012500
0 0.692875 0.579948 0.005750 0.013021
0 0.652875 0.537240 0.011750 0.023438
0 0.644500 0.541146 0.007000 0.013542
0 0.651750 0.593750 0.007000 0.019792
0 0.657750 0.595313 0.006500 0.016667
0 0.660750 0.621615 0.006500 0.016146
0 0.650750 0.616406 0.005500 0.011979
0 0.652375 0.626823 0.008250 0.019271
0 0.648625 0.633073 0.004750 0.010937
0 0.639000 0.594271 0.006000 0.012500
0 0.637250 0.580729 0.007000 0.013542
0 0.633375 0.598437 0.007750 0.014583
0 0.617875 0.643750 0.005750 0.013542
0 0.549750 0.544271 0.010000 0.016667
0 0.572875 0.477865 0.009250 0.016146
0 0.570875 0.473958 0.008250 0.017708
0 0.584500 0.422396 0.010000 0.013542
0 0.583250 0.384375 0.007000 0.018750
0 0.555125 0.391406 0.005750 0.014063
0 0.596875 0.389062 0.007750 0.019792
0 0.595375 0.390104 0.009750 0.016667
0 0.607375 0.355208 0.007250 0.013542
0 0.575000 0.340104 0.007500 0.014583
0 0.570375 0.343490 0.008250 0.016146
0 0.606250 0.279687 0.009000 0.019792
0 0.606250 0.279948 0.009500 0.021354
0 0.614375 0.321875 0.011750 0.027083
0 0.614750 0.253646 0.009000 0.021875
0 0.634875 0.223698 0.007250 0.017188
0 0.627375 0.166406 0.008250 0.020313
0 0.629375 0.153125 0.008750 0.019792
0 0.625000 0.142969 0.000000 0.000521
0 0.629125 0.154688 0.008250 0.020833
0 0.631000 0.134375 0.008500 0.018750
0 0.636375 0.129948 0.008250 0.025521
0 0.635250 0.128125 0.006000 0.022917
0 0.643250 0.116146 0.007000 0.018750
0 0.649750 0.110677 0.009000 0.019271
0 0.650750 0.110156 0.009000 0.019271
0 0.638125 0.089063 0.007750 0.018750
0 0.638375 0.087760 0.005750 0.018229
0 0.452375 0.588021 0.006250 0.017708
0 0.450000 0.528125 0.007000 0.013542
0 0.441000 0.515104 0.007500 0.012500
0 0.407875 0.422135 0.009250 0.019271
0 0.409375 0.412240 0.007250 0.016146
0 0.411500 0.393490 0.007500 0.015104
0 0.420125 0.382552 0.007750 0.019271
0 0.429625 0.381771 0.007750 0.016667
0 0.403375 0.367188 0.006750 0.020833
0 0.388625 0.336458 0.005750 0.015625
0 0.391875 0.323958 0.009250 0.016667
0 0.411125 0.293490 0.007750 0.018229
0 0.414750 0.303646 0.007000 0.018750
0 0.390000 0.204167 0.012500 0.026042
0 0.389500 0.202604 0.009500 0.025000
0 0.399625 0.205208 0.009250 0.017708
0 0.424250 0.167448 0.008000 0.017188
0 0.428375 0.145573 0.010250 0.016146
0 0.373125 0.154427 0.006250 0.018229
0 0.362375 0.146354 0.010750 0.021875
0 0.438875 0.121875 0.009250 0.018750
0 0.396625 0.050521 0.007250 0.020833
0 0.388125 0.053906 0.005750 0.025521
0 0.412125 0.009115 0.009250 0.018229
0 0.379250 0.594792 0.006500 0.018750
0 0.367375 0.580729 0.004750 0.012500
0 0.342000 0.533073 0.010500 0.014063
0 0.309750 0.505990 0.007000 0.015104
0 0.316125 0.484115 0.010250 0.013021
0 0.343750 0.492188 0.013000 0.022917
0 0.342000 0.487760 0.009000 0.015104
0 0.272500 0.381250 0.005000 0.011458
0 0.249375 0.371354 0.006250 0.014583
0 0.207500 0.322135 0.007500 0.015104
0 0.197000 0.341406 0.006500 0.016146
0 0.191875 0.304167 0.007250 0.012500
0 0.175500 0.278646 0.007500 0.014583
0 0.157375 0.227083 0.006750 0.019792
0 0.131625 0.222656 0.009250 0.015104
0 0.143375 0.192969 0.006750 0.015104
0 0.122000 0.185938 0.007000 0.012500
0 0.187750 0.642969 0.006000 0.013021
0 0.189125 0.614323 0.005750 0.014063
0 0.218500 0.647135 0.007500 0.019271
0 0.198125 0.702083 0.006250 0.011458
0 0.193625 0.719010 0.009750 0.013021
0 0.241250 0.638802 0.007500 0.020313
0 0.256750 0.623437 0.006000 0.020833
0 0.262000 0.626302 0.006000 0.018229
0 0.273375 0.632552 0.004750 0.011979
0 0.270750 0.585938 0.006500 0.014583
0 0.291375 0.610938 0.007250 0.016667
0 0.291625 0.630469 0.007250 0.014063
0 0.281250 0.648177 0.006500 0.017188
0 0.277250 0.651042 0.008000 0.018750
0 0.292375 0.661979 0.006250 0.014583
0 0.303125 0.666406 0.007750 0.018229
0 0.303125 0.664062 0.006250 0.015625
0 0.313375 0.652083 0.007750 0.015625
0 0.313375 0.650521 0.007750 0.016667
0 0.318875 0.662760 0.005250 0.011979
0 0.335875 0.679167 0.006750 0.015625
0 0.371875 0.709635 0.010250 0.010937
0 0.368750 0.922917 0.015000 0.015625
