0 0.100000 0.350750 0.008333 0.005000
0 0.229948 0.375875 0.010937 0.003750
0 0.238542 0.376125 0.007292 0.006750
0 0.234635 0.369500 0.008854 0.007000
0 0.233594 0.359375 0.007812 0.006750
0 0.236979 0.354125 0.006250 0.005250
0 0.241146 0.354125 0.007292 0.006750
0 0.254427 0.319250 0.004687 0.005500
0 0.250521 0.319000 0.006250 0.007000
0 0.283333 0.272875 0.014583 0.005250
0 0.327604 0.177625 0.009375 0.007250
0 0.389062 0.168875 0.008333 0.007750
0 0.400000 0.154000 0.008333 0.008000
0 0.386458 0.154500 0.011458 0.005000
0 0.357031 0.159125 0.016146 0.006750
0 0.332292 0.139500 0.011458 0.008500
0 0.313281 0.129000 0.011979 0.007500
0 0.336198 0.120000 0.014063 0.006000
0 0.436198 0.127375 0.009896 0.008250
0 0.501823 0.090750 0.010937 0.006000
0 0.287500 0.409875 0.008333 0.006250
0 0.352083 0.370375 0.015625 0.005250
0 0.480990 0.333125 0.011979 0.006250
0 0.459635 0.339750 0.008854 0.004500
0 0.455208 0.338000 0.009375 0.007000
0 0.608594 0.307500 0.014063 0.006000
0 0.636719 0.272250 0.009896 0.007000
0 0.597917 0.265375 0.013542 0.004750
0 0.369010 0.433375 0.013021 0.004750
0 0.517708 0.439750 0.009375 0.003500
0 0.515625 0.438500 0.011458 0.004500
0 0.694531 0.408250 0.016146 0.006500
0 0.639062 0.478500 0.009375 0.006500
0 0.644010 0.457000 0.009896 0.007000
0 0.697396 0.454750 0.016667 0.005500
0 0.680469 0.451125 0.017188 0.005250
0 0.443750 0.465750 0.011458 0.006500
0 0.285156 0.460125 0.015104 0.006250
0 0.426302 0.687875 0.010937 0.006750
