0 0.084896 0.467125 0.016667 0.004750
0 0.050000 0.500875 0.009375 0.007750
0 0.132812 0.482875 0.014583 0.004750
0 0.133854 0.478750 0.011458 0.004500
0 0.141927 0.478250 0.007812 0.005500
0 0.166406 0.481125 0.010937 0.005750
0 0.233594 0.499000 0.016146 0.005000
0 0.236458 0.508625 0.013542 0.005750
0 0.232813 0.514375 0.014583 0.004750
0 0.204948 0.510500 0.011979 0.004000
0 0.205729 0.509125 0.010417 0.004250
0 0.218490 0.510875 0.004687 0.005750
0 0.213542 0.510375 0.005208 0.006750
0 0.248698 0.507500 0.009896 0.003000
0 0.250521 0.510125 0.013542 0.003750
0 0.257031 0.511875 0.015104 0.003750
0 0.275260 0.513625 0.008854 0.004250
0 0.276302 0.510500 0.010937 0.003000
0 0.282552 0.537375 0.010937 0.007250
0 0.372135 0.543750 0.015104 0.006000
0 0.418229 0.552125 0.009375 0.005750
0 0.398177 0.468125 0.011979 0.003250
0 0.399740 0.466500 0.016146 0.003500
0 0.402604 0.464000 0.016667 0.005000
0 0.388542 0.461875 0.014583 0.005750
0 0.338021 0.455625 0.009375 0.006750
0 0.235417 0.444000 0.015625 0.006500
0 0.225260 0.415625 0.011979 0.007750
0 0.225781 0.403250 0.014063 0.006500
0 0.215885 0.389375 0.007812 0.006250
0 0.220312 0.385375 0.011458 0.006750
0 0.203906 0.383375 0.009896 0.007250
0 0.217969 0.381500 0.014063 0.004500
0 0.219531 0.379000 0.014063 0.003500
0 0.136458 0.349000 0.010417 0.007500
0 0.238542 0.332000 0.016667 0.006000
0 0.179948 0.349500 0.014063 0.004500
0 0.230990 0.361625 0.010937 0.007750
0 0.222917 0.361500 0.008333 0.005500
0 0.263021 0.389500 0.014583 0.006000
0 0.278125 0.391250 0.007292 0.005000
0 0.289844 0.405750 0.010937 0.006500
0 0.301563 0.416750 0.015625 0.006000
0 0.319792 0.417750 0.013542 0.003500
0 0.326823 0.423875 0.014063 0.004250
0 0.336458 0.434125 0.011458 0.007250
0 0.317188 0.415125 0.015625 0.002750
0 0.315365 0.412500 0.013021 0.002500
0 0.340885 0.406875 0.011979 0.008250
0 0.545573 0.492375 0.010937 0.008250
0 0.505729 0.421000 0.008333 0.008500
0 0.500781 0.420000 0.006771 0.008000
0 0.470312 0.392875 0.011458 0.008250
0 0.444531 0.340750 0.015104 0.007500
0 0.446094 0.317750 0.018229 0.005000
0 0.490885 0.319375 0.010937 0.007750
0 0.499479 0.354250 0.012500 0.008000
0 0.547656 0.379125 0.013021 0.007250
0 0.530729 0.411375 0.015625 0.004750
0 0.542708 0.428500 0.010417 0.008000
0 0.597396 0.449375 0.011458 0.008750
0 0.911198 0.464125 0.010937 0.005750
0 0.900521 0.463125 0.012500 0.007750
0 0.989323 0.574250 0.010937 0.005000
0 0.993229 0.573250 0.011458 0.006500
0 0.995573 0.571500 0.007812 0.003500
0 0.759115 0.645125 0.008854 0.006250
0 0.761198 0.643750 0.010937 0.005000
0 0.772396 0.651875 0.009375 0.004750
0 0.769531 0.653500 0.006771 0.004000
0 0.800521 0.660625 0.007292 0.006250
0 0.753906 0.694000 0.007812 0.006000
0 0.808594 0.680250 0.009896 0.005500
0 0.766667 0.686875 0.007292 0.003250
0 0.806250 0.825750 0.009375 0.006000
0 0.728125 0.686250 0.007292 0.006000
0 0.706510 0.694000 0.006771 0.004500
