0 0.627000 0.587240 0.008000 0.015104
0 0.668375 0.798177 0.007250 0.016146
0 0.763000 0.404948 0.009000 0.015104
0 0.756625 0.438021 0.008250 0.018750
0 0.541625 0.108333 0.005750 0.017708
0 0.532000 0.259375 0.005000 0.014583
0 0.345750 0.171615 0.006500 0.020313
0 0.345375 0.136198 0.009250 0.013021
0 0.385625 0.136198 0.006250 0.019271
0 0.355000 0.171615 0.007000 0.016146
0 0.364000 0.253125 0.005000 0.019792
0 0.373500 0.255208 0.006000 0.022917
0 0.391375 0.240365 0.006250 0.017188
0 0.414625 0.387240 0.010750 0.016146
0 0.281000 0.449479 0.009000 0.014583
0 0.394750 0.553646 0.009500 0.018750
0 0.331875 0.564323 0.010250 0.017188
0 0.323500 0.549219 0.008000 0.013021
0 0.391250 0.816667 0.009500 0.019792
0 0.179250 0.249740 0.009000 0.013021
0 0.483750 0.195833 0.007000 0.019792
0 0.908250 0.363802 0.005000 0.018229
0 0.903000 0.402604 0.008000 0.016667
0 0.845875 0.588021 0.006250 0.017708
0 0.155875 0.284896 0.009750 0.021875
0 0.130625 0.199479 0.011750 0.018750
