0 0.361458 0.878375 0.011458 0.009250
0 0.213281 0.874750 0.011979 0.010500
0 0.190365 0.815625 0.011979 0.008750
0 0.255729 0.801875 0.016667 0.006750
0 0.488021 0.765000 0.011458 0.009000
0 0.415365 0.687125 0.008854 0.007250
0 0.436979 0.677875 0.016667 0.007250
0 0.466406 0.675250 0.014063 0.005000
0 0.455990 0.659000 0.016146 0.006000
0 0.499479 0.654000 0.012500 0.003500
0 0.498177 0.650625 0.013021 0.004250
0 0.512760 0.649125 0.007812 0.004750
0 0.540365 0.654375 0.011979 0.003250
0 0.547135 0.650125 0.011979 0.004750
0 0.559896 0.650750 0.009375 0.005500
0 0.578125 0.648000 0.010417 0.006000
0 0.585417 0.656250 0.012500 0.004500
0 0.586719 0.653875 0.011979 0.002750
0 0.579427 0.641125 0.014063 0.004750
0 0.560937 0.644125 0.009375 0.004750
0 0.557552 0.635875 0.010937 0.004250
0 0.539062 0.636250 0.012500 0.003500
0 0.615365 0.619125 0.010937 0.003750
0 0.660937 0.627625 0.015625 0.005250
0 0.678906 0.624125 0.015104 0.005250
0 0.435156 0.600750 0.015104 0.004500
0 0.463021 0.585250 0.017708 0.006000
0 0.429427 0.574250 0.010937 0.008000
0 0.389323 0.592125 0.007812 0.007750
0 0.378906 0.611875 0.013021 0.003250
0 0.378646 0.608500 0.015625 0.003500
0 0.348438 0.607875 0.015625 0.004250
0 0.327865 0.608250 0.015104 0.003500
0 0.325000 0.604000 0.016667 0.004000
0 0.291667 0.607250 0.018750 0.006000
0 0.362500 0.589125 0.016667 0.005250
0 0.414583 0.603750 0.013542 0.007000
0 0.383073 0.573875 0.018229 0.008750
0 0.207031 0.589375 0.014063 0.007750
0 0.419010 0.559500 0.009896 0.007500
0 0.600000 0.525375 0.015625 0.006250
0 0.604427 0.534125 0.016146 0.003750
0 0.602604 0.537750 0.016667 0.004500
0 0.570052 0.550125 0.014063 0.005250
0 0.568750 0.547125 0.014583 0.003250
0 0.513021 0.539500 0.019792 0.006000
0 0.497656 0.517375 0.016146 0.004750
0 0.494010 0.502375 0.015104 0.004750
0 0.481510 0.504000 0.009896 0.004000
0 0.466667 0.504125 0.014583 0.003750
0 0.479427 0.514375 0.015104 0.004750
0 0.470052 0.524375 0.013021 0.005750
0 0.474219 0.528000 0.016146 0.004000
0 0.474219 0.535625 0.017188 0.005750
0 0.395573 0.533625 0.014063 0.005750
0 0.405469 0.530250 0.016146 0.004000
0 0.403125 0.524750 0.016667 0.004000
0 0.410938 0.517625 0.014583 0.005250
0 0.431771 0.514750 0.017708 0.004000
0 0.422656 0.522750 0.016146 0.003500
0 0.380729 0.528750 0.016667 0.005000
0 0.386719 0.521250 0.011979 0.006500
0 0.392448 0.516125 0.014063 0.005250
0 0.391927 0.512375 0.015104 0.003750
0 0.372396 0.516000 0.012500 0.006500
0 0.394531 0.508625 0.015104 0.004750
0 0.388542 0.504125 0.009375 0.007250
0 0.379688 0.505500 0.008333 0.006500
0 0.369271 0.507375 0.015625 0.004750
0 0.436979 0.496750 0.015625 0.005000
0 0.444792 0.490125 0.010417 0.006750
0 0.471875 0.496000 0.012500 0.004000
0 0.381510 0.493125 0.018229 0.005250
0 0.317188 0.490625 0.017708 0.004250
0 0.330729 0.498750 0.018750 0.004500
0 0.296354 0.501250 0.016667 0.005500
0 0.315365 0.479875 0.015104 0.004250
0 0.274219 0.486250 0.013021 0.004000
0 0.285417 0.483250 0.009375 0.004500
0 0.700000 0.496875 0.011458 0.007750
0 0.666667 0.484875 0.018750 0.005250
0 0.617448 0.482750 0.017188 0.005500
0 0.614844 0.473000 0.018229 0.005500
0 0.630990 0.471125 0.011979 0.007750
0 0.655990 0.467750 0.016146 0.006500
0 0.639062 0.457000 0.015625 0.007500
0 0.676042 0.446000 0.010417 0.009000
0 0.661198 0.443125 0.015104 0.006250
0 0.647656 0.439750 0.011979 0.007000
0 0.616927 0.445625 0.014063 0.008750
0 0.628385 0.432750 0.018229 0.006500
0 0.602083 0.444000 0.012500 0.006500
0 0.600521 0.436875 0.015625 0.006250
0 0.587240 0.436750 0.014063 0.007000
0 0.589583 0.417625 0.011458 0.008250
0 0.617448 0.402625 0.015104 0.006250
0 0.503125 0.408125 0.017708 0.005750
0 0.496615 0.438250 0.017188 0.005000
0 0.562240 0.429250 0.009896 0.007000
0 0.558854 0.427375 0.009375 0.005750
0 0.433854 0.426000 0.015625 0.006500
0 0.462760 0.387750 0.017188 0.006500
0 0.430208 0.386375 0.014583 0.007250
0 0.340885 0.382375 0.011979 0.007250
0 0.321875 0.358625 0.014583 0.005750
0 0.378906 0.380125 0.013021 0.003250
0 0.380990 0.378125 0.015104 0.003250
0 0.686458 0.398125 0.009375 0.008250
0 0.672917 0.347750 0.020833 0.006500
0 0.907292 0.457000 0.022917 0.009500
0 0.635156 0.689125 0.013021 0.007750
0 0.656250 0.702375 0.009375 0.005750
0 0.648958 0.702000 0.009375 0.007500
0 0.741406 0.667250 0.011979 0.008500
0 0.426302 0.473250 0.017188 0.004000
