0 0.262240 0.617500 0.017188 0.005500
0 0.197656 0.433375 0.016146 0.005750
0 0.655469 0.582750 0.007812 0.004000
0 0.660156 0.580625 0.007812 0.004250
0 0.776563 0.488375 0.013542 0.008750
0 0.781771 0.470375 0.012500 0.008250
0 0.847656 0.484125 0.008854 0.006750
0 0.842969 0.442375 0.017188 0.005750
0 0.841406 0.440500 0.014063 0.004000
0 0.929948 0.590875 0.013021 0.007750
0 0.827083 0.648625 0.010417 0.006750
0 0.892448 0.627625 0.013021 0.006250
0 0.891927 0.623500 0.011979 0.005000
0 0.725521 0.633625 0.016667 0.005250
0 0.741146 0.604250 0.016667 0.007500
0 0.664062 0.628500 0.012500 0.005500
0 0.661458 0.631500 0.012500 0.007000
0 0.647917 0.490375 0.011458 0.005750
