0 0.526125 0.643750 0.006750 0.013542
0 0.520750 0.654948 0.007500 0.014063
0 0.420875 0.743229 0.007250 0.011458
0 0.414500 0.744010 0.005500 0.011979
0 0.545625 0.447396 0.006250 0.013542
0 0.521000 0.442969 0.008000 0.010937
0 0.511875 0.430469 0.005750 0.009896
0 0.504750 0.428906 0.008000 0.009896
0 0.296375 0.196094 0.005250 0.013021
0 0.233000 0.156771 0.007500 0.008333
0 0.594875 0.478125 0.006250 0.011458
0 0.460250 0.102865 0.005500 0.011979
0 0.741875 0.038542 0.005750 0.012500
0 0.727375 0.065104 0.004750 0.017708
0 0.724875 0.129688 0.005250 0.015625
0 0.708625 0.232813 0.005250 0.017708
0 0.709000 0.307292 0.008500 0.015625
0 0.809750 0.275781 0.007000 0.014063
0 0.836250 0.142187 0.006500 0.015625
0 0.845625 0.139583 0.007750 0.013542
0 0.847250 0.156771 0.007500 0.011458
0 0.850500 0.147917 0.006500 0.009375
0 0.842375 0.168750 0.007250 0.007292
0 0.842250 0.175000 0.008500 0.005208
0 0.843625 0.180469 0.007250 0.006771
0 0.856500 0.173698 0.006000 0.008854
