0 0.417448 0.552750 0.017188 0.007000
0 0.323698 0.513125 0.008854 0.006750
0 0.549479 0.529250 0.014583 0.004500
0 0.562500 0.530375 0.010417 0.004250
0 0.493229 0.510000 0.016667 0.005000
0 0.480990 0.498875 0.011979 0.005250
0 0.469792 0.486625 0.010417 0.007750
0 0.488281 0.477875 0.018229 0.005250
0 0.500781 0.468625 0.016146 0.005750
0 0.423698 0.460125 0.016146 0.006250
0 0.394531 0.454000 0.014063 0.006500
0 0.378646 0.446000 0.012500 0.008500
0 0.393490 0.437625 0.016146 0.008250
0 0.408854 0.449125 0.012500 0.006750
0 0.415885 0.448875 0.010937 0.005750
0 0.406510 0.409125 0.017188 0.003750
0 0.407552 0.416250 0.016146 0.010500
0 0.358854 0.404875 0.011458 0.007750
0 0.345313 0.395375 0.011458 0.006250
0 0.315365 0.397000 0.013021 0.006000
0 0.340365 0.417000 0.008854 0.007500
0 0.344271 0.415500 0.008333 0.006000
0 0.370833 0.386375 0.017708 0.003750
0 0.369531 0.381375 0.009896 0.006750
0 0.285677 0.381375 0.010937 0.005750
0 0.269271 0.377500 0.007292 0.007000
0 0.270052 0.373500 0.013021 0.005000
0 0.252083 0.371750 0.014583 0.010500
0 0.309115 0.339000 0.014063 0.004500
0 0.303906 0.334000 0.018229 0.005500
0 0.325781 0.321875 0.015104 0.008250
0 0.242708 0.326125 0.014583 0.008750
0 0.353385 0.372875 0.007812 0.007250
0 0.361979 0.372000 0.008333 0.007500
0 0.400000 0.368875 0.006250 0.006250
0 0.405729 0.369625 0.007292 0.007750
0 0.423698 0.362625 0.010937 0.004750
0 0.442448 0.381500 0.006771 0.007000
0 0.451302 0.382750 0.010937 0.006000
0 0.484115 0.422750 0.015104 0.007500
0 0.478646 0.431500 0.015625 0.006000
0 0.501302 0.436500 0.007812 0.006000
0 0.497917 0.434500 0.007292 0.006000
0 0.509896 0.448250 0.011458 0.006500
0 0.514844 0.454000 0.007812 0.005500
0 0.505990 0.453250 0.009896 0.006500
0 0.503125 0.457375 0.007292 0.006250
0 0.487760 0.457125 0.005729 0.006750
0 0.491927 0.457375 0.004687 0.006250
0 0.495833 0.456625 0.009375 0.004750
0 0.507812 0.178875 0.011458 0.007250
0 0.534635 0.298500 0.011979 0.005500
0 0.529948 0.286750 0.015104 0.004000
0 0.529948 0.283500 0.015104 0.003500
0 0.458073 0.282000 0.014063 0.005500
0 0.568750 0.305125 0.006250 0.007750
0 0.573958 0.304625 0.008333 0.006750
0 0.598177 0.334875 0.013021 0.007750
0 0.608333 0.349625 0.013542 0.008750
0 0.575000 0.347375 0.013542 0.003750
0 0.565885 0.346375 0.007812 0.007750
0 0.561719 0.330375 0.008854 0.005250
0 0.565885 0.331750 0.010937 0.007500
0 0.544271 0.358500 0.011458 0.007500
0 0.553385 0.362250 0.009896 0.005500
0 0.557031 0.358750 0.011979 0.003500
0 0.557813 0.355750 0.012500 0.004000
0 0.582552 0.378000 0.010937 0.008500
0 0.525781 0.379375 0.013021 0.008250
0 0.554167 0.401500 0.009375 0.008000
0 0.569010 0.403750 0.013021 0.008000
0 0.557031 0.396000 0.010937 0.007000
0 0.559115 0.389375 0.007812 0.007250
0 0.551562 0.389000 0.007292 0.008000
0 0.568490 0.391125 0.007812 0.008250
0 0.575781 0.389125 0.011979 0.005250
0 0.600781 0.435000 0.008854 0.008000
0 0.563542 0.429125 0.012500 0.006250
0 0.567969 0.427500 0.015104 0.004000
0 0.614583 0.416750 0.006250 0.008000
0 0.622135 0.416500 0.009896 0.007000
0 0.593229 0.496625 0.015625 0.005250
0 0.584635 0.489000 0.011979 0.005500
0 0.588542 0.490250 0.010417 0.006500
0 0.454687 0.262000 0.011458 0.010500
0 0.455990 0.247000 0.013021 0.009500
0 0.542708 0.366625 0.010417 0.004750
0 0.540365 0.364250 0.010937 0.006000
0 0.724219 0.504375 0.017188 0.008750
0 0.904167 0.374250 0.014583 0.010000
