0 0.667000 0.506510 0.007500 0.018229
0 0.672750 0.425000 0.008000 0.019792
0 0.613375 0.476042 0.009250 0.011458
0 0.603875 0.493490 0.012250 0.018229
0 0.573250 0.505729 0.010000 0.014583
0 0.554625 0.525000 0.007250 0.015625
0 0.555125 0.525781 0.006750 0.016146
0 0.573875 0.592969 0.008750 0.020313
0 0.684625 0.678906 0.007750 0.014063
0 0.739750 0.658594 0.008000 0.019271
0 0.570000 0.680469 0.010000 0.020313
0 0.522125 0.572135 0.010750 0.018229
0 0.601250 0.270313 0.006500 0.013542
0 0.594500 0.310417 0.006000 0.016667
0 0.562250 0.362500 0.007000 0.016667
0 0.562375 0.361719 0.005750 0.011979
0 0.569125 0.376823 0.007750 0.010937
0 0.562750 0.387500 0.006000 0.012500
0 0.567000 0.395313 0.007500 0.012500
0 0.567250 0.396875 0.005000 0.011458
0 0.562875 0.405208 0.004250 0.011458
0 0.544875 0.412760 0.006750 0.015104
0 0.545375 0.411719 0.005250 0.013021
0 0.556750 0.415885 0.006500 0.011979
0 0.535500 0.467969 0.008000 0.014063
0 0.531875 0.476042 0.005250 0.014583
0 0.528375 0.484375 0.006250 0.011458
0 0.535500 0.469792 0.005000 0.011458
0 0.521625 0.551302 0.004250 0.013021
