0 0.556250 0.269000 0.037500 0.018000
0 0.561979 0.255500 0.015625 0.012500
0 0.571354 0.275000 0.023958 0.013500
0 0.590625 0.272000 0.026042 0.017500
0 0.541667 0.296500 0.027083 0.016500
0 0.557292 0.295500 0.017708 0.012000
0 0.616927 0.288000 0.019271 0.011500
0 0.692708 0.219125 0.016667 0.014750
0 0.815885 0.191500 0.019271 0.018500
0 0.815625 0.191000 0.025000 0.012000
0 0.851302 0.186375 0.021354 0.014750
0 0.873177 0.196000 0.018229 0.014000
0 0.786458 0.229875 0.023958 0.009250
0 0.788281 0.248875 0.024479 0.014750
0 0.811458 0.236750 0.021875 0.013000
0 0.833073 0.239375 0.021354 0.009750
0 0.840365 0.259500 0.022396 0.014000
0 0.910677 0.238375 0.016146 0.016250
0 0.958594 0.233000 0.019271 0.012000
0 0.980208 0.212625 0.018750 0.009250
0 0.969531 0.283750 0.018229 0.013500
0 0.457552 0.310625 0.018229 0.007750
0 0.631510 0.361750 0.028646 0.014000
0 0.624740 0.361750 0.028646 0.012000
0 0.614062 0.389625 0.015625 0.014750
0 0.634115 0.381750 0.020313 0.013000
0 0.649219 0.378250 0.020313 0.011500
0 0.665885 0.386750 0.022396 0.012000
0 0.675260 0.405500 0.020313 0.012500
0 0.692708 0.414500 0.014583 0.012000
0 0.721615 0.413625 0.018229 0.010250
0 0.733594 0.422250 0.019271 0.012500
0 0.747135 0.419250 0.019271 0.012000
0 0.764323 0.415750 0.031771 0.012500
0 0.752083 0.404000 0.022917 0.013000
0 0.759375 0.430750 0.014583 0.011000
0 0.755990 0.467750 0.023438 0.012000
0 0.795573 0.483625 0.019271 0.015750
0 0.826302 0.481250 0.023438 0.011000
0 0.853646 0.466250 0.026042 0.011500
0 0.932812 0.517625 0.028125 0.015250
0 0.958594 0.549125 0.019271 0.009750
0 0.915625 0.568250 0.023958 0.007500
0 0.780208 0.572500 0.025000 0.013000
0 0.484896 0.564125 0.022917 0.010250
0 0.480729 0.563625 0.023958 0.011250
0 0.500781 0.550625 0.020313 0.008250
0 0.463281 0.542625 0.020313 0.009750
0 0.419792 0.558125 0.016667 0.009250
0 0.514844 0.596250 0.015104 0.008000
0 0.575000 0.624125 0.023958 0.008750
0 0.584635 0.605125 0.018229 0.014250
0 0.547917 0.689375 0.026042 0.009750
0 0.602604 0.699125 0.031250 0.016250
0 0.596615 0.698125 0.032813 0.011750
0 0.574740 0.746500 0.032813 0.013000
0 0.453646 0.752375 0.028125 0.016250
0 0.401562 0.707125 0.023958 0.014750
0 0.422656 0.696500 0.020313 0.008500
0 0.348438 0.663375 0.012500 0.010750
0 0.568229 0.830125 0.028125 0.009750
0 0.055208 0.676125 0.023958 0.014750
0 0.051302 0.677625 0.029687 0.015750
0 0.100521 0.685125 0.026042 0.014250
0 0.144010 0.680250 0.022396 0.012000
0 0.185938 0.668000 0.020833 0.011500
0 0.091406 0.614375 0.023438 0.009750
0 0.193229 0.614125 0.023958 0.011250
0 0.164844 0.585375 0.019271 0.010250
0 0.155990 0.573375 0.021354 0.009250
0 0.125781 0.579625 0.020313 0.010750
0 0.086979 0.576125 0.026042 0.010250
0 0.052865 0.582375 0.028646 0.013250
0 0.247135 0.575875 0.020313 0.009750
0 0.202344 0.553250 0.028646 0.011500
0 0.163281 0.540250 0.016146 0.008000
0 0.200000 0.535625 0.023958 0.008750
0 0.227083 0.552250 0.026042 0.012500
0 0.245312 0.539875 0.021875 0.009750
0 0.247135 0.529000 0.022396 0.013000
0 0.285156 0.528250 0.017188 0.012500
0 0.251563 0.516625 0.022917 0.010750
0 0.563542 0.487250 0.023958 0.014000
0 0.526563 0.477250 0.025000 0.018000
0 0.529167 0.481000 0.025000 0.014500
0 0.454167 0.472625 0.025000 0.015250
0 0.478646 0.459500 0.026042 0.012000
0 0.457031 0.406625 0.021354 0.015750
0 0.484375 0.403250 0.026042 0.011500
0 0.485417 0.410000 0.018750 0.013000
0 0.235937 0.468500 0.027083 0.012500
0 0.292969 0.465750 0.023438 0.013500
0 0.250521 0.449500 0.022917 0.014500
0 0.251563 0.451375 0.029167 0.011750
0 0.279427 0.449500 0.019271 0.012500
0 0.291406 0.435125 0.020313 0.009750
0 0.313802 0.427375 0.031771 0.016250
0 0.318229 0.419125 0.027083 0.014750
0 0.298177 0.398375 0.031771 0.014750
0 0.054688 0.444625 0.015625 0.015750
0 0.052344 0.387250 0.027604 0.010000
0 0.010937 0.384250 0.014583 0.013500
0 0.031250 0.357625 0.026042 0.013750
0 0.150260 0.381250 0.032813 0.018500
0 0.156510 0.367625 0.016146 0.009750
0 0.153906 0.354125 0.019271 0.014250
0 0.161458 0.352500 0.023958 0.012000
0 0.161719 0.336125 0.021354 0.014250
0 0.178646 0.338125 0.014583 0.015750
0 0.215885 0.329875 0.019271 0.011250
0 0.270313 0.341875 0.030208 0.014750
0 0.239583 0.357000 0.023958 0.012500
0 0.222135 0.354375 0.018229 0.014750
0 0.189323 0.364125 0.020313 0.010250
