0 0.432000 0.755208 0.003500 0.014583
0 0.427750 0.754167 0.004000 0.011458
0 0.403125 0.728646 0.005750 0.014583
0 0.406125 0.710156 0.005750 0.010937
0 0.409875 0.676823 0.003250 0.015104
0 0.409625 0.618750 0.004750 0.014583
0 0.379500 0.634375 0.003500 0.012500
0 0.383125 0.633594 0.004750 0.011979
0 0.375250 0.628646 0.003500 0.012500
0 0.392250 0.577604 0.005000 0.010417
0 0.355125 0.520052 0.003750 0.007812
0 0.359125 0.517708 0.003250 0.010417
0 0.361625 0.515885 0.003250 0.011979
0 0.364750 0.515625 0.005500 0.009375
0 0.360375 0.507812 0.004250 0.006250
0 0.364250 0.509115 0.004500 0.009896
0 0.364500 0.501823 0.003500 0.008854
0 0.367250 0.501302 0.003000 0.011979
0 0.383750 0.516406 0.004000 0.010937
0 0.390000 0.491667 0.004500 0.010417
0 0.399375 0.528646 0.004250 0.006250
0 0.398750 0.535417 0.004500 0.008333
0 0.402250 0.541146 0.002500 0.011458
0 0.407125 0.544010 0.003750 0.014063
0 0.404625 0.545052 0.002250 0.010937
0 0.417375 0.497656 0.003750 0.008854
0 0.426625 0.504427 0.004250 0.010937
0 0.434750 0.502083 0.003500 0.010417
0 0.422875 0.518750 0.005250 0.010417
0 0.431000 0.526302 0.004500 0.011979
0 0.432000 0.539844 0.003500 0.011979
0 0.428375 0.540885 0.003250 0.010937
0 0.425500 0.542448 0.002500 0.014063
0 0.429875 0.549740 0.002750 0.011979
0 0.432375 0.575781 0.005250 0.009896
0 0.434000 0.570312 0.004500 0.011458
0 0.440250 0.529948 0.004000 0.013021
0 0.451500 0.524479 0.003500 0.013542
0 0.455125 0.524479 0.003750 0.012500
0 0.446375 0.550781 0.003250 0.011979
0 0.447000 0.558854 0.004000 0.010417
0 0.443125 0.557031 0.003250 0.013021
0 0.445875 0.572917 0.003250 0.012500
0 0.457625 0.596094 0.004750 0.010937
0 0.450375 0.577604 0.002750 0.011458
0 0.448375 0.577083 0.002750 0.011458
0 0.474625 0.551562 0.003250 0.012500
0 0.478375 0.556771 0.003750 0.012500
0 0.483875 0.555469 0.003250 0.013021
0 0.507750 0.584896 0.004500 0.006250
0 0.494500 0.579427 0.004000 0.010937
0 0.491125 0.600781 0.002250 0.013021
0 0.493250 0.601302 0.002500 0.013021
0 0.495750 0.543490 0.006000 0.015104
0 0.495000 0.522135 0.003500 0.011979
0 0.485625 0.525000 0.005750 0.006250
0 0.487875 0.533854 0.003750 0.013542
0 0.485375 0.532031 0.002750 0.011979
0 0.483125 0.531771 0.002750 0.010417
0 0.484500 0.507292 0.005000 0.006250
0 0.479500 0.501302 0.005500 0.008854
0 0.485750 0.499740 0.004000 0.004687
0 0.486000 0.502865 0.005000 0.004687
0 0.488625 0.486979 0.003250 0.014583
0 0.489875 0.470573 0.002750 0.013021
0 0.487000 0.468750 0.003000 0.012500
0 0.489875 0.457813 0.005750 0.007292
0 0.504000 0.496875 0.005000 0.007292
0 0.508125 0.495573 0.003250 0.008854
0 0.506250 0.485677 0.003500 0.011979
0 0.512875 0.468750 0.004250 0.012500
0 0.509625 0.470573 0.002750 0.008854
0 0.503625 0.477344 0.004750 0.007812
0 0.500875 0.472656 0.004750 0.005729
0 0.507125 0.471094 0.002250 0.011979
0 0.504125 0.463542 0.003750 0.012500
0 0.505875 0.450260 0.005250 0.008854
0 0.500250 0.464062 0.003500 0.010417
0 0.502500 0.467187 0.003000 0.007292
0 0.521500 0.446094 0.005000 0.007812
0 0.526500 0.505208 0.004000 0.006250
0 0.524875 0.500000 0.005250 0.006250
0 0.538750 0.440885 0.005500 0.007812
0 0.529375 0.428646 0.003750 0.009375
0 0.528625 0.425781 0.003750 0.008854
0 0.537625 0.398177 0.004750 0.010937
0 0.533375 0.373958 0.005250 0.010417
0 0.511500 0.376042 0.005000 0.008333
0 0.507750 0.387240 0.004000 0.011979
0 0.492875 0.396875 0.006250 0.008333
0 0.511625 0.357812 0.004750 0.011458
0 0.510250 0.330469 0.003000 0.009896
0 0.508625 0.328385 0.003250 0.011979
0 0.531500 0.349219 0.005000 0.008854
0 0.530000 0.344792 0.003000 0.010417
0 0.526875 0.344531 0.004750 0.008854
0 0.510625 0.321875 0.005250 0.006250
0 0.511500 0.319271 0.005000 0.006250
0 0.541500 0.316667 0.004000 0.011458
0 0.513125 0.285156 0.004750 0.010937
0 0.514125 0.276562 0.004250 0.006250
0 0.508250 0.258333 0.005500 0.008333
0 0.533000 0.242969 0.005500 0.010937
0 0.538000 0.259115 0.005000 0.005729
0 0.538000 0.254948 0.005500 0.005729
0 0.523625 0.233854 0.002750 0.010417
0 0.521375 0.234375 0.001750 0.012500
0 0.521000 0.208333 0.004000 0.011458
0 0.517250 0.197135 0.006000 0.007812
0 0.512500 0.201042 0.003500 0.010417
0 0.461500 0.333854 0.004000 0.006250
0 0.460375 0.333333 0.004750 0.009375
0 0.523875 0.742969 0.002250 0.010937
0 0.521500 0.738021 0.005000 0.008333
0 0.521875 0.743490 0.003250 0.010937
0 0.553500 0.696875 0.005000 0.007292
0 0.542250 0.721875 0.002500 0.010417
0 0.544375 0.720573 0.003250 0.010937
0 0.534500 0.693750 0.003000 0.012500
0 0.529500 0.694271 0.003000 0.015625
0 0.532000 0.692969 0.002000 0.013021
0 0.535500 0.644010 0.002000 0.013021
0 0.537625 0.644010 0.002250 0.010937
0 0.540625 0.638021 0.004250 0.012500
0 0.537875 0.624479 0.003250 0.013542
0 0.536000 0.632552 0.003000 0.010937
0 0.541125 0.631510 0.004750 0.009896
0 0.542625 0.628646 0.003250 0.008333
0 0.528375 0.623177 0.002750 0.009896
0 0.541750 0.550521 0.005000 0.009375
0 0.537625 0.578385 0.002250 0.011979
0 0.535875 0.578385 0.001750 0.011979
0 0.548750 0.563281 0.003000 0.013021
0 0.556000 0.551042 0.002500 0.011458
0 0.554375 0.549740 0.002750 0.013021
0 0.553750 0.527604 0.003500 0.012500
0 0.539625 0.523177 0.002750 0.008854
0 0.537000 0.516146 0.003500 0.009375
0 0.541250 0.508333 0.004500 0.007292
0 0.546125 0.517448 0.003750 0.009896
0 0.542375 0.518229 0.003750 0.012500
0 0.558750 0.487240 0.004000 0.013021
0 0.542250 0.495052 0.003500 0.013021
0 0.545500 0.485937 0.003000 0.009375
0 0.548875 0.486458 0.003250 0.008333
0 0.547000 0.497396 0.002000 0.005208
0 0.549375 0.496615 0.002750 0.011979
0 0.550250 0.451302 0.004000 0.010937
0 0.549500 0.469531 0.003000 0.007812
0 0.546750 0.475781 0.003500 0.006771
0 0.543875 0.476823 0.003250 0.008854
0 0.545125 0.461198 0.003250 0.006771
0 0.544875 0.469792 0.006250 0.005208
0 0.559625 0.436198 0.002750 0.014063
0 0.555125 0.440625 0.004250 0.009375
0 0.565875 0.426823 0.005250 0.007812
0 0.562500 0.435417 0.003000 0.010417
0 0.566625 0.435677 0.005250 0.009896
0 0.572875 0.525000 0.005750 0.009375
0 0.575500 0.414323 0.006500 0.007812
0 0.578250 0.427344 0.004500 0.011979
0 0.575125 0.426042 0.004250 0.011458
0 0.549125 0.427604 0.002750 0.010417
0 0.550750 0.433854 0.002500 0.006250
0 0.526875 0.772917 0.003750 0.008333
0 0.569000 0.683073 0.006500 0.007812
0 0.573500 0.668490 0.004000 0.009896
0 0.563125 0.632292 0.004750 0.014583
0 0.575375 0.628125 0.004250 0.011458
0 0.577000 0.617708 0.003500 0.010417
0 0.582875 0.607812 0.005750 0.012500
0 0.595500 0.622917 0.003500 0.007292
0 0.593000 0.621615 0.004500 0.009896
0 0.608375 0.609375 0.003250 0.009375
0 0.606875 0.605208 0.003250 0.011458
0 0.603875 0.608073 0.003250 0.010937
0 0.601625 0.606510 0.003250 0.010937
0 0.604875 0.596875 0.005750 0.006250
0 0.600375 0.559896 0.006250 0.008333
0 0.611500 0.533854 0.006500 0.007292
0 0.612250 0.517708 0.006000 0.010417
0 0.606000 0.526302 0.006500 0.009896
0 0.603625 0.506250 0.007750 0.008333
0 0.614125 0.499479 0.005750 0.014583
0 0.589500 0.542708 0.003500 0.013542
0 0.586000 0.535677 0.004500 0.013021
0 0.595875 0.527604 0.004750 0.012500
0 0.593000 0.532552 0.003500 0.013021
0 0.588500 0.530469 0.005000 0.010937
0 0.589625 0.527604 0.004250 0.008333
0 0.584000 0.519271 0.004500 0.012500
0 0.587875 0.516406 0.003750 0.011979
0 0.576625 0.501302 0.006250 0.009896
0 0.583250 0.495312 0.004500 0.012500
0 0.588250 0.499219 0.006000 0.007812
0 0.585875 0.506510 0.004750 0.011979
0 0.593250 0.501563 0.004000 0.013542
0 0.592375 0.517448 0.003750 0.010937
0 0.591625 0.509635 0.004750 0.006771
0 0.595375 0.511979 0.003250 0.006250
0 0.575125 0.470052 0.004250 0.014063
0 0.587375 0.466406 0.005250 0.010937
0 0.586000 0.461979 0.003500 0.007292
0 0.604000 0.462760 0.005500 0.013021
0 0.612000 0.457031 0.005000 0.008854
0 0.609250 0.452865 0.003500 0.010937
0 0.635000 0.457292 0.005000 0.014583
0 0.588875 0.419271 0.007250 0.009375
0 0.607000 0.406250 0.004500 0.009375
0 0.603250 0.398698 0.003500 0.011979
0 0.583125 0.384896 0.004250 0.013542
0 0.563750 0.346615 0.004500 0.010937
0 0.590000 0.372917 0.003000 0.011458
0 0.592375 0.373437 0.003250 0.011458
0 0.596625 0.390365 0.003750 0.010937
0 0.595750 0.387240 0.003500 0.009896
0 0.615375 0.394531 0.005250 0.008854
0 0.611625 0.445312 0.003750 0.011458
0 0.608250 0.443490 0.004500 0.009896
0 0.613750 0.381771 0.004000 0.011458
0 0.612375 0.373177 0.005250 0.007812
0 0.617500 0.382812 0.003000 0.010417
0 0.618875 0.382031 0.003250 0.011979
0 0.619875 0.373698 0.002250 0.011979
0 0.622125 0.375000 0.002250 0.011458
0 0.624250 0.374479 0.002500 0.012500
0 0.605000 0.333333 0.004000 0.011458
0 0.606875 0.315625 0.005250 0.005208
0 0.606750 0.311719 0.005500 0.005729
0 0.583625 0.295833 0.004750 0.011458
0 0.588000 0.290885 0.006500 0.006771
0 0.579625 0.295052 0.002750 0.011979
0 0.573875 0.317969 0.003250 0.010937
0 0.571250 0.315885 0.003500 0.011979
0 0.604875 0.289323 0.005250 0.008854
0 0.603750 0.285156 0.003500 0.006771
0 0.623250 0.322396 0.003000 0.010417
0 0.626125 0.323437 0.003750 0.009375
0 0.632625 0.317448 0.005750 0.006771
0 0.631875 0.301823 0.004250 0.013021
0 0.631250 0.308854 0.004500 0.010417
0 0.627625 0.305729 0.004250 0.008333
0 0.609375 0.215104 0.007250 0.009375
0 0.600500 0.219271 0.003000 0.012500
0 0.598375 0.218750 0.002750 0.012500
0 0.600000 0.804948 0.005500 0.011979
0 0.593250 0.792708 0.005000 0.012500
0 0.569875 0.750000 0.008250 0.008333
0 0.592250 0.701042 0.005500 0.013542
0 0.596125 0.690885 0.003750 0.014063
0 0.625125 0.681250 0.006750 0.012500
0 0.614375 0.674740 0.006750 0.011979
0 0.612500 0.664844 0.006500 0.009896
0 0.606625 0.672135 0.004250 0.014063
0 0.603375 0.673438 0.005250 0.011458
0 0.642500 0.652604 0.004000 0.014583
0 0.649625 0.655208 0.004250 0.014583
0 0.654125 0.656510 0.004250 0.014063
0 0.660500 0.655208 0.005000 0.012500
0 0.657750 0.653646 0.003000 0.012500
0 0.650375 0.640365 0.006250 0.010937
0 0.633750 0.633073 0.005000 0.014063
0 0.625000 0.633854 0.003000 0.010417
0 0.623625 0.632552 0.003250 0.013021
0 0.621500 0.632031 0.003000 0.013021
0 0.634625 0.610417 0.004250 0.014583
0 0.629375 0.615885 0.005250 0.010937
0 0.628125 0.612500 0.003750 0.010417
0 0.624875 0.598698 0.003750 0.011979
0 0.628625 0.585677 0.005250 0.010937
0 0.644000 0.631771 0.006000 0.011458
0 0.651375 0.626302 0.004250 0.011979
0 0.647875 0.628125 0.003250 0.012500
0 0.644875 0.621875 0.005750 0.010417
0 0.654625 0.613802 0.004750 0.013021
0 0.668500 0.633073 0.003500 0.011979
0 0.666625 0.624740 0.004250 0.015104
0 0.675000 0.623177 0.005500 0.008854
0 0.650250 0.604427 0.006000 0.006771
0 0.651500 0.599219 0.006500 0.010937
0 0.646250 0.585156 0.006500 0.011979
0 0.653625 0.591667 0.005250 0.014583
0 0.665375 0.602083 0.005250 0.013542
0 0.671625 0.614062 0.003750 0.010417
0 0.671500 0.604427 0.006500 0.009896
0 0.673875 0.613542 0.003750 0.010417
0 0.685125 0.608073 0.006250 0.010937
0 0.680000 0.604948 0.006000 0.007812
0 0.680250 0.595052 0.005000 0.013021
0 0.677125 0.578646 0.005750 0.014583
0 0.666250 0.552344 0.004500 0.013021
0 0.669500 0.548698 0.006000 0.009896
0 0.694500 0.548177 0.005000 0.015104
0 0.695125 0.595313 0.003250 0.014583
0 0.697250 0.594792 0.003000 0.012500
0 0.691750 0.520833 0.003000 0.013542
0 0.696125 0.523958 0.005750 0.010417
0 0.696500 0.521094 0.006000 0.006771
0 0.685625 0.524219 0.005250 0.007812
0 0.686750 0.521615 0.006000 0.007812
0 0.687250 0.517448 0.006500 0.009896
0 0.689125 0.505729 0.006250 0.010417
0 0.694500 0.502865 0.004500 0.013021
0 0.712875 0.502083 0.003750 0.008333
0 0.711000 0.500521 0.004500 0.010417
0 0.704250 0.473438 0.005500 0.010417
0 0.700500 0.473438 0.005000 0.011458
0 0.699875 0.438802 0.005250 0.007812
0 0.704625 0.446094 0.003250 0.007812
0 0.700750 0.446615 0.004500 0.008854
0 0.672750 0.439323 0.006500 0.007812
0 0.663625 0.464583 0.006750 0.008333
0 0.673125 0.452865 0.004250 0.011979
0 0.679625 0.456250 0.003250 0.008333
0 0.677250 0.456510 0.003000 0.011979
0 0.680250 0.460938 0.003500 0.006250
0 0.676250 0.465625 0.006000 0.008333
0 0.686875 0.467187 0.003250 0.013542
0 0.690875 0.468750 0.005250 0.009375
0 0.693000 0.459375 0.007500 0.007292
0 0.694500 0.488542 0.002500 0.012500
0 0.692125 0.489323 0.002750 0.011979
0 0.689125 0.484896 0.005750 0.007292
0 0.688500 0.478646 0.007500 0.007292
0 0.678750 0.482292 0.005000 0.010417
0 0.674000 0.479167 0.006500 0.007292
0 0.670125 0.474740 0.003750 0.005729
0 0.669125 0.478125 0.004750 0.006250
0 0.667500 0.480729 0.003500 0.006250
0 0.663125 0.505990 0.004250 0.008854
0 0.656125 0.506250 0.004250 0.012500
0 0.677125 0.495052 0.006750 0.009896
0 0.679000 0.505990 0.005500 0.013021
0 0.677875 0.521875 0.005250 0.011458
0 0.674625 0.512760 0.005750 0.008854
0 0.668625 0.521354 0.005250 0.012500
0 0.667125 0.525260 0.005250 0.009896
0 0.667375 0.533854 0.006750 0.010417
0 0.653625 0.527344 0.005750 0.008854
0 0.650875 0.533073 0.005250 0.005729
0 0.649750 0.540104 0.003500 0.010417
0 0.646250 0.545833 0.005000 0.008333
0 0.655625 0.553906 0.004250 0.014063
0 0.641375 0.563281 0.003750 0.009896
0 0.639625 0.562500 0.003250 0.009375
0 0.641750 0.554948 0.003500 0.006771
0 0.644625 0.554948 0.003250 0.008854
0 0.610125 0.915365 0.006250 0.014063
0 0.627750 0.881771 0.005500 0.011458
0 0.634000 0.874219 0.006000 0.007812
0 0.655000 0.925781 0.007000 0.009896
0 0.658625 0.904687 0.005250 0.014583
0 0.680500 0.853646 0.006500 0.009375
0 0.685250 0.843490 0.006500 0.008854
0 0.687625 0.854687 0.005750 0.008333
0 0.700000 0.868229 0.006500 0.010417
0 0.703500 0.926042 0.005000 0.015625
0 0.699375 0.910937 0.006750 0.010417
0 0.676000 0.971875 0.007500 0.009375
0 0.724250 0.878385 0.003000 0.013021
0 0.728000 0.878906 0.005000 0.011979
0 0.729000 0.877604 0.004000 0.008333
0 0.657500 0.846615 0.003500 0.007812
0 0.269000 0.488021 0.008500 0.008333
0 0.379625 0.266406 0.005250 0.008854
0 0.775750 0.346354 0.006500 0.010417
0 0.950625 0.336458 0.005750 0.011458
0 0.984250 0.277604 0.006000 0.010417
