0 0.544531 0.450375 0.015104 0.004750
0 0.460677 0.405875 0.017188 0.004750
0 0.407292 0.459125 0.012500 0.004750
0 0.780208 0.492500 0.016667 0.004500
0 0.366146 0.464500 0.011458 0.006000
0 0.350521 0.482375 0.013542 0.005250
0 0.427865 0.559250 0.009896 0.005500
0 0.406250 0.628375 0.008333 0.008250
0 0.428646 0.667625 0.010417 0.007750
0 0.432292 0.649250 0.009375 0.008000
0 0.463802 0.676125 0.010937 0.006250
0 0.455469 0.673750 0.010937 0.006500
0 0.586979 0.766375 0.010417 0.007250
0 0.548698 0.770000 0.015104 0.005000
0 0.540365 0.777750 0.013021 0.007000
0 0.601042 0.810375 0.010417 0.008250
0 0.592187 0.809875 0.013542 0.006250
0 0.545573 0.715125 0.010937 0.007750
0 0.533333 0.746875 0.009375 0.008250
0 0.565625 0.738000 0.016667 0.011000
0 0.480729 0.586250 0.011458 0.007000
0 0.589063 0.597000 0.013542 0.009000
0 0.623958 0.603500 0.013542 0.005500
0 0.644271 0.614750 0.017708 0.006000
0 0.632031 0.626750 0.015104 0.006500
0 0.576562 0.615750 0.013542 0.007500
0 0.842448 0.389250 0.016146 0.004500
0 0.870052 0.374500 0.009896 0.007500
0 0.638021 0.447875 0.018750 0.006750
0 0.784896 0.393375 0.019792 0.007250
0 0.904687 0.310375 0.017708 0.004750
0 0.908073 0.361125 0.013021 0.008250
0 0.916927 0.355375 0.015104 0.004250
0 0.986198 0.349125 0.007812 0.007250
0 0.994010 0.345750 0.010937 0.004500
0 0.733073 0.591625 0.014063 0.005250
0 0.779687 0.601625 0.014583 0.006250
0 0.896875 0.686625 0.016667 0.005250
0 0.841146 0.696000 0.016667 0.005000
0 0.864323 0.675500 0.019271 0.006000
0 0.834375 0.691875 0.016667 0.004750
0 0.680208 0.652875 0.016667 0.006750
0 0.732031 0.649125 0.011979 0.006750
0 0.744271 0.643000 0.021875 0.006500
0 0.819010 0.638750 0.016146 0.006500
0 0.920312 0.626000 0.007292 0.008000
0 0.875000 0.622375 0.018750 0.007250
0 0.779687 0.628625 0.016667 0.005750
0 0.782292 0.625750 0.017708 0.004000
0 0.695833 0.602000 0.011458 0.005000
0 0.764062 0.615000 0.017708 0.003500
0 0.752604 0.609250 0.014583 0.005500
0 0.819531 0.673625 0.017188 0.003750
0 0.820052 0.670875 0.019271 0.004750
0 0.844792 0.644750 0.016667 0.006500
0 0.867969 0.641625 0.010937 0.007750
0 0.860938 0.642500 0.010417 0.007500
0 0.896094 0.656500 0.016146 0.006500
0 0.895052 0.652250 0.015104 0.005000
0 0.884635 0.472375 0.015104 0.006250
0 0.760417 0.507625 0.008333 0.006750
0 0.753125 0.507125 0.008333 0.006750
0 0.775000 0.499375 0.008333 0.008250
0 0.430729 0.637250 0.011458 0.007500
0 0.116927 0.500500 0.014063 0.005000
0 0.141406 0.497250 0.013021 0.005000
0 0.139063 0.492000 0.014583 0.004500
0 0.048177 0.460875 0.015104 0.004250
0 0.052083 0.468125 0.015625 0.004750
0 0.053125 0.488125 0.008333 0.006250
0 0.046354 0.488750 0.006250 0.008500
0 0.174740 0.503375 0.015104 0.003250
0 0.177865 0.508000 0.016146 0.005000
0 0.127344 0.515625 0.010937 0.008250
0 0.030208 0.472750 0.012500 0.008000
0 0.275000 0.421000 0.009375 0.009000
0 0.245312 0.418750 0.011458 0.006500
0 0.283594 0.383250 0.009896 0.008500
0 0.243750 0.386625 0.018750 0.004750
0 0.247656 0.356125 0.008854 0.007250
0 0.237500 0.354375 0.009375 0.007250
0 0.242708 0.376750 0.007292 0.007500
0 0.232292 0.340750 0.011458 0.006000
0 0.248958 0.372875 0.014583 0.008250
0 0.413021 0.349500 0.014583 0.006500
0 0.409375 0.396375 0.014583 0.009250
0 0.426823 0.407625 0.006771 0.007750
0 0.422656 0.414625 0.008854 0.006750
0 0.394531 0.456125 0.014063 0.004750
0 0.115885 0.483250 0.013021 0.005000
0 0.119271 0.480750 0.014583 0.004500
0 0.206250 0.263250 0.012500 0.007500
0 0.206771 0.305000 0.007292 0.007000
0 0.250000 0.313375 0.007292 0.004750
0 0.250260 0.407625 0.013021 0.007750
0 0.032031 0.488625 0.016146 0.005750
0 0.485937 0.342000 0.015625 0.005500
0 0.487240 0.290000 0.015104 0.010500
0 0.532031 0.255250 0.006771 0.008500
0 0.608854 0.228375 0.009375 0.007250
0 0.597135 0.287625 0.016146 0.006250
