0 0.535625 0.945573 0.003750 0.014063
0 0.530250 0.579948 0.007000 0.013021
0 0.521125 0.592708 0.004250 0.010417
0 0.467625 0.648698 0.004250 0.016146
0 0.457375 0.650000 0.004250 0.013542
0 0.364500 0.796354 0.006000 0.008333
0 0.370250 0.742448 0.004500 0.009896
0 0.367375 0.730208 0.006250 0.013542
0 0.390125 0.753385 0.005750 0.011979
0 0.389375 0.749479 0.005250 0.009375
0 0.245375 0.880208 0.007250 0.010417
0 0.481375 0.436458 0.005250 0.012500
0 0.381625 0.378906 0.005750 0.015104
0 0.400000 0.392969 0.005000 0.011979
0 0.403375 0.398438 0.003750 0.012500
0 0.406625 0.401042 0.004250 0.011458
0 0.352750 0.358333 0.005000 0.012500
0 0.354125 0.367969 0.007750 0.007812
0 0.347250 0.335417 0.007500 0.012500
0 0.338125 0.359635 0.005750 0.009896
0 0.339625 0.364063 0.005250 0.008333
0 0.304500 0.357031 0.007500 0.010937
0 0.291250 0.318750 0.008000 0.006250
0 0.292000 0.324479 0.007000 0.006250
0 0.220750 0.429427 0.008500 0.014063
0 0.231250 0.384115 0.007000 0.007812
0 0.233125 0.377865 0.007750 0.009896
0 0.238125 0.366146 0.005750 0.008333
0 0.238875 0.361979 0.008250 0.010417
0 0.158750 0.356250 0.008000 0.011458
0 0.233250 0.296875 0.007000 0.017708
0 0.210375 0.339062 0.006250 0.011458
0 0.211500 0.334635 0.006000 0.014063
0 0.129250 0.227865 0.004500 0.015104
0 0.531500 0.299219 0.006000 0.013021
0 0.518875 0.265104 0.003750 0.015625
0 0.491125 0.207552 0.006250 0.015104
0 0.529000 0.191927 0.007000 0.010937
0 0.473500 0.179948 0.007000 0.016146
0 0.460500 0.154948 0.005000 0.016146
0 0.425750 0.189323 0.006500 0.014063
0 0.488000 0.088542 0.006000 0.010417
0 0.584750 0.110156 0.007000 0.009896
0 0.589250 0.126562 0.008500 0.010417
0 0.602500 0.137760 0.006000 0.013021
0 0.594375 0.021875 0.005750 0.015625
0 0.067250 0.744271 0.005500 0.012500
0 0.072875 0.646354 0.006250 0.011458
