0 0.116375 0.735156 0.005250 0.009896
0 0.257125 0.848958 0.004750 0.015625
0 0.485125 0.629948 0.004250 0.008854
0 0.497125 0.735938 0.003750 0.010417
0 0.507375 0.746354 0.003250 0.009375
0 0.520375 0.759635 0.003750 0.009896
0 0.531625 0.800000 0.004750 0.008333
0 0.524250 0.772917 0.004000 0.011458
0 0.525125 0.916927 0.004750 0.007812
0 0.567125 0.987500 0.004250 0.009375
0 0.581875 0.995052 0.004750 0.008854
0 0.590875 0.980208 0.004750 0.007292
0 0.559750 0.957552 0.003500 0.006771
0 0.560125 0.955729 0.004250 0.006250
0 0.561000 0.903906 0.006000 0.011979
0 0.484125 0.509375 0.005750 0.008333
0 0.525500 0.604427 0.004000 0.007812
0 0.525250 0.599740 0.004500 0.005729
0 0.549750 0.610677 0.004500 0.009896
0 0.534000 0.586979 0.003500 0.007292
0 0.534625 0.584635 0.003250 0.005729
0 0.568125 0.646875 0.004750 0.007292
0 0.592500 0.648698 0.004000 0.011979
0 0.601875 0.691667 0.005250 0.007292
0 0.652500 0.769271 0.004500 0.011458
0 0.665500 0.761458 0.003500 0.011458
0 0.668500 0.773438 0.005000 0.005208
0 0.668750 0.770052 0.004500 0.004687
0 0.702750 0.810417 0.005500 0.010417
0 0.708250 0.858073 0.004000 0.009896
0 0.709625 0.855208 0.003750 0.008333
0 0.761625 0.854948 0.005250 0.007812
0 0.771250 0.854687 0.005000 0.008333
0 0.707750 0.763542 0.003500 0.011458
0 0.704375 0.738021 0.005750 0.011458
0 0.688750 0.759115 0.004000 0.004687
0 0.688750 0.764062 0.005000 0.005208
0 0.678875 0.709896 0.004750 0.008333
0 0.656625 0.683594 0.004250 0.011979
0 0.562250 0.532552 0.004500 0.008854
0 0.571625 0.533073 0.005750 0.007812
0 0.591375 0.535156 0.004750 0.006771
0 0.618500 0.557031 0.003000 0.006771
0 0.625000 0.562500 0.004000 0.007292
0 0.671250 0.564323 0.004500 0.008854
0 0.676125 0.563542 0.004750 0.006250
0 0.718375 0.580990 0.005250 0.010937
0 0.751500 0.598698 0.004000 0.008854
0 0.773375 0.595573 0.003250 0.007812
0 0.693875 0.528385 0.005750 0.008854
0 0.663875 0.517969 0.004250 0.004687
0 0.664125 0.514844 0.004750 0.003646
0 0.537625 0.432552 0.003750 0.010937
0 0.541875 0.443490 0.004750 0.007812
0 0.556250 0.437500 0.005000 0.008333
0 0.573000 0.403385 0.004500 0.004687
0 0.573125 0.400260 0.004250 0.003646
0 0.573500 0.412760 0.004500 0.005729
0 0.571125 0.419792 0.003250 0.004167
0 0.570375 0.417708 0.004250 0.006250
0 0.628250 0.403906 0.007000 0.008854
0 0.621250 0.388021 0.006000 0.007292
0 0.613625 0.377865 0.005750 0.008854
0 0.616000 0.340625 0.005000 0.010417
0 0.623375 0.336979 0.006750 0.007292
0 0.635625 0.366927 0.004750 0.007812
0 0.636375 0.361719 0.004750 0.006771
0 0.636000 0.359115 0.004000 0.005729
0 0.697625 0.279167 0.004250 0.010417
0 0.806250 0.195052 0.006500 0.010937
0 0.800125 0.260417 0.004750 0.011458
0 0.493750 0.424219 0.004500 0.008854
0 0.494125 0.347396 0.004750 0.011458
0 0.491125 0.329688 0.005250 0.007292
0 0.486625 0.325260 0.003750 0.008854
0 0.484500 0.320312 0.003500 0.008333
0 0.491250 0.311198 0.003500 0.011979
0 0.514125 0.302083 0.004250 0.010417
0 0.515500 0.276302 0.004500 0.010937
0 0.486000 0.296615 0.002500 0.007812
0 0.484500 0.295573 0.003000 0.008854
0 0.464750 0.271354 0.004500 0.010417
0 0.537375 0.220573 0.003250 0.011979
0 0.518625 0.224740 0.002750 0.010937
0 0.503875 0.220312 0.004250 0.008333
0 0.500750 0.227344 0.003500 0.007812
0 0.499875 0.223698 0.003750 0.007812
0 0.482875 0.208854 0.003750 0.007292
0 0.482625 0.205469 0.003250 0.004687
0 0.510625 0.171615 0.004750 0.010937
0 0.552875 0.190625 0.003750 0.011458
0 0.505375 0.130469 0.003750 0.010937
0 0.506625 0.150000 0.002750 0.009375
0 0.509875 0.148958 0.003750 0.008333
0 0.509125 0.146354 0.002750 0.007292
0 0.540625 0.104427 0.004750 0.010937
