0 0.084125 0.954688 0.005250 0.014583
0 0.159375 0.908854 0.004250 0.017708
0 0.188875 0.904948 0.006250 0.008854
0 0.223375 0.797396 0.007250 0.014583
0 0.237250 0.718229 0.006000 0.013542
0 0.231500 0.701823 0.004500 0.011979
0 0.219625 0.689063 0.006750 0.007292
0 0.227375 0.676302 0.002250 0.011979
0 0.229875 0.675781 0.003250 0.015104
0 0.226500 0.652865 0.005000 0.013021
0 0.261625 0.653646 0.005250 0.010417
0 0.265875 0.644271 0.003750 0.013542
0 0.275125 0.611198 0.005250 0.011979
0 0.296500 0.570833 0.006500 0.013542
0 0.268250 0.704948 0.004000 0.014063
0 0.281875 0.687240 0.004750 0.008854
0 0.348000 0.689844 0.004500 0.010937
0 0.336000 0.691667 0.003500 0.012500
0 0.328375 0.695573 0.004750 0.006771
0 0.329250 0.690365 0.005000 0.005729
0 0.347750 0.668750 0.005500 0.008333
0 0.337750 0.725260 0.004000 0.011979
0 0.347500 0.739583 0.004000 0.010417
0 0.330125 0.723177 0.004250 0.008854
0 0.334750 0.715625 0.003500 0.009375
0 0.308750 0.785417 0.004000 0.012500
0 0.301500 0.787760 0.003000 0.010937
0 0.344250 0.812760 0.004000 0.014063
0 0.341125 0.783073 0.002250 0.011979
0 0.339125 0.782292 0.001750 0.010417
0 0.332750 0.770052 0.005000 0.014063
0 0.342250 0.931250 0.006000 0.007292
0 0.340875 0.914323 0.005250 0.014063
0 0.313750 0.887760 0.003500 0.007812
0 0.310125 0.885937 0.004250 0.012500
0 0.384875 0.575521 0.002250 0.009375
0 0.387750 0.572396 0.003500 0.012500
0 0.400375 0.608073 0.004250 0.010937
0 0.407625 0.600260 0.004750 0.010937
0 0.417000 0.618229 0.006000 0.008333
0 0.412125 0.621875 0.003250 0.011458
0 0.418750 0.632031 0.004500 0.010937
0 0.424500 0.640625 0.004500 0.010417
0 0.410750 0.645573 0.003000 0.011979
0 0.414750 0.684375 0.004000 0.012500
0 0.430500 0.682292 0.004500 0.012500
0 0.443375 0.686458 0.003750 0.010417
0 0.447625 0.689323 0.004250 0.010937
0 0.438750 0.707031 0.004000 0.011979
0 0.426250 0.727865 0.004500 0.010937
0 0.415250 0.730469 0.004500 0.010937
0 0.418500 0.739583 0.003000 0.009375
0 0.450500 0.756510 0.004500 0.007812
0 0.452375 0.750000 0.005250 0.008333
0 0.475375 0.729948 0.003250 0.007812
0 0.476750 0.728646 0.003500 0.007292
0 0.457125 0.780729 0.003750 0.009375
0 0.463375 0.784896 0.003750 0.008333
0 0.464000 0.781510 0.004500 0.006771
0 0.424250 0.802083 0.002500 0.009375
0 0.422750 0.833333 0.003500 0.010417
0 0.407000 0.769010 0.003500 0.010937
0 0.431250 0.787240 0.003500 0.006771
0 0.435250 0.777604 0.004000 0.007292
0 0.455375 0.793750 0.005250 0.012500
0 0.448625 0.783073 0.002750 0.008854
0 0.450625 0.782813 0.002750 0.010417
0 0.417250 0.466667 0.007500 0.009375
0 0.437750 0.472135 0.004000 0.013021
0 0.459125 0.482031 0.006750 0.007812
0 0.483750 0.455208 0.005500 0.008333
0 0.504750 0.443229 0.007000 0.010417
0 0.499625 0.475521 0.006750 0.009375
0 0.503625 0.488542 0.007250 0.008333
0 0.501000 0.496615 0.007000 0.007812
0 0.531625 0.497656 0.007250 0.008854
0 0.567875 0.422917 0.006750 0.008333
0 0.575375 0.475260 0.006750 0.009896
0 0.588750 0.457813 0.006500 0.012500
0 0.582375 0.526563 0.007250 0.009375
0 0.560750 0.519792 0.006500 0.009375
0 0.564000 0.512240 0.006500 0.009896
0 0.574500 0.504167 0.006000 0.007292
0 0.573875 0.508854 0.006250 0.006250
0 0.577125 0.513542 0.006750 0.007292
0 0.606125 0.513021 0.006750 0.010417
0 0.609375 0.501563 0.007250 0.008333
0 0.621625 0.545052 0.006250 0.004687
0 0.621000 0.541146 0.005500 0.005208
0 0.623625 0.529167 0.006250 0.009375
0 0.624250 0.525000 0.004500 0.006250
0 0.634000 0.460417 0.006500 0.015625
0 0.569500 0.601042 0.006000 0.012500
0 0.576500 0.580208 0.005000 0.009375
0 0.524250 0.560417 0.007000 0.012500
0 0.515125 0.541927 0.004750 0.010937
0 0.507125 0.534635 0.006750 0.015104
0 0.410625 0.380208 0.006250 0.006250
0 0.410250 0.373177 0.006000 0.007812
0 0.397750 0.326823 0.006500 0.007812
0 0.414875 0.336198 0.005750 0.009896
0 0.416750 0.327344 0.005500 0.006771
0 0.416875 0.319010 0.006250 0.009896
0 0.426625 0.299219 0.006250 0.007812
0 0.426750 0.292708 0.007000 0.007292
0 0.450000 0.270313 0.006000 0.006250
0 0.449250 0.265104 0.005500 0.006250
0 0.407000 0.211198 0.005500 0.007812
0 0.444375 0.208854 0.006750 0.009375
0 0.472625 0.178646 0.003250 0.013542
0 0.526000 0.196615 0.003000 0.011979
0 0.560375 0.219010 0.005250 0.011979
0 0.504875 0.278385 0.004250 0.009896
0 0.499750 0.282813 0.003000 0.009375
0 0.499500 0.276042 0.003500 0.010417
0 0.494750 0.278906 0.003500 0.006771
0 0.492000 0.279687 0.004000 0.012500
0 0.506500 0.322396 0.004000 0.010417
0 0.574625 0.967969 0.007250 0.010937
0 0.696500 0.872917 0.005500 0.014583
0 0.632375 0.726823 0.006750 0.009896
0 0.626875 0.812240 0.005250 0.008854
