0 0.558854 0.618375 0.008333 0.005750
0 0.598958 0.606250 0.007292 0.005500
0 0.526823 0.598125 0.007812 0.005750
0 0.531771 0.594125 0.010417 0.005750
0 0.551302 0.583875 0.011979 0.003250
0 0.543229 0.581500 0.010417 0.004500
0 0.583854 0.578500 0.010417 0.003000
0 0.416667 0.574375 0.009375 0.003250
0 0.458073 0.570000 0.011979 0.003500
0 0.463281 0.565250 0.013021 0.002500
0 0.478385 0.562125 0.009896 0.004750
0 0.508854 0.555875 0.005208 0.003750
0 0.479687 0.556750 0.012500 0.003000
0 0.408333 0.553125 0.010417 0.003750
0 0.416927 0.546000 0.009896 0.003000
0 0.425000 0.544750 0.011458 0.003000
0 0.424740 0.534875 0.010937 0.003250
0 0.436719 0.538500 0.004687 0.004000
0 0.455990 0.544500 0.004687 0.003000
0 0.462760 0.545875 0.006771 0.003750
0 0.484896 0.552250 0.006250 0.002500
0 0.647917 0.642250 0.014583 0.004500
0 0.694010 0.612875 0.013021 0.003250
0 0.769531 0.662250 0.007812 0.006000
0 0.821615 0.637000 0.008854 0.003500
0 0.365104 0.566750 0.007292 0.005000
0 0.334896 0.569125 0.008333 0.003750
0 0.318490 0.591000 0.011979 0.003500
0 0.335156 0.583125 0.010937 0.003250
0 0.342708 0.578500 0.007292 0.004500
0 0.357031 0.586000 0.010937 0.003000
0 0.371094 0.579625 0.006771 0.004750
0 0.392448 0.597625 0.009896 0.005750
0 0.366667 0.593750 0.009375 0.003000
0 0.357812 0.597625 0.006250 0.005250
0 0.370052 0.603250 0.009896 0.004500
0 0.384635 0.611875 0.009896 0.004750
0 0.395573 0.627375 0.008854 0.004750
0 0.397656 0.623500 0.005729 0.004500
0 0.373177 0.624125 0.010937 0.004750
0 0.438542 0.658125 0.011458 0.002750
0 0.438281 0.633125 0.010937 0.006750
0 0.395833 0.682000 0.010417 0.003000
0 0.408073 0.673000 0.009896 0.003500
0 0.441146 0.678375 0.009375 0.003750
0 0.467187 0.676250 0.010417 0.004500
0 0.477344 0.669250 0.006771 0.006000
0 0.476562 0.684250 0.011458 0.004500
0 0.479948 0.692500 0.011979 0.005000
0 0.551042 0.717375 0.009375 0.006250
0 0.561458 0.715750 0.007292 0.006000
0 0.569792 0.720750 0.006250 0.006000
0 0.507552 0.709875 0.006771 0.004250
0 0.522135 0.704250 0.007812 0.006000
0 0.528125 0.694500 0.010417 0.003000
0 0.519792 0.696250 0.005208 0.005500
0 0.525781 0.698250 0.006771 0.004500
0 0.514323 0.688875 0.009896 0.002750
0 0.525000 0.687375 0.010417 0.005250
0 0.614062 0.728875 0.008333 0.006250
0 0.607292 0.747625 0.010417 0.004250
0 0.502604 0.735500 0.009375 0.003000
0 0.543750 0.753625 0.010417 0.002750
0 0.564323 0.731625 0.005729 0.006250
0 0.573698 0.731625 0.008854 0.005750
0 0.584375 0.727750 0.005208 0.005500
0 0.580469 0.730250 0.009896 0.006000
0 0.558854 0.787000 0.012500 0.004000
0 0.667969 0.784750 0.013021 0.006000
0 0.660677 0.815625 0.013021 0.005750
0 0.222135 0.588875 0.011979 0.004250
0 0.270833 0.587250 0.007292 0.006000
0 0.223698 0.603750 0.008854 0.005500
0 0.244792 0.609500 0.010417 0.005000
0 0.270833 0.618500 0.007292 0.006000
0 0.267188 0.601250 0.006250 0.006000
0 0.242708 0.626000 0.009375 0.005500
0 0.239323 0.634000 0.009896 0.005500
0 0.269271 0.650500 0.009375 0.005500
0 0.270313 0.658375 0.007292 0.005750
0 0.255729 0.656875 0.008333 0.004250
0 0.189323 0.670250 0.010937 0.006000
0 0.204427 0.664250 0.008854 0.004500
0 0.228906 0.759375 0.009896 0.005750
0 0.171875 0.786125 0.012500 0.004750
0 0.273958 0.787375 0.007292 0.004750
0 0.246094 0.839500 0.013021 0.005500
0 0.194271 0.573000 0.010417 0.005500
0 0.054427 0.174875 0.010937 0.006250
0 0.035937 0.165375 0.013542 0.007250
0 0.332031 0.386875 0.010937 0.005250
0 0.350000 0.354875 0.007292 0.006750
0 0.392708 0.348000 0.007292 0.007000
0 0.388021 0.359875 0.012500 0.007250
0 0.340625 0.369125 0.011458 0.005750
0 0.361458 0.367125 0.012500 0.005250
0 0.356250 0.363250 0.013542 0.004000
0 0.411979 0.327125 0.009375 0.005750
0 0.414323 0.322500 0.011979 0.003500
0 0.429167 0.297375 0.009375 0.006250
0 0.393490 0.293250 0.008854 0.007000
0 0.408594 0.275625 0.015104 0.006250
0 0.474479 0.295750 0.014583 0.007000
0 0.471875 0.255375 0.016667 0.004750
0 0.519531 0.231125 0.013021 0.005250
0 0.533854 0.221625 0.011458 0.005250
0 0.579948 0.223250 0.010937 0.005000
0 0.525521 0.188250 0.016667 0.005500
0 0.457031 0.434875 0.010937 0.007250
0 0.449479 0.429500 0.008333 0.006500
0 0.471094 0.407000 0.011979 0.005000
0 0.454427 0.413000 0.010937 0.005000
0 0.518490 0.447875 0.011979 0.005250
0 0.497135 0.472375 0.011979 0.005250
0 0.478125 0.488375 0.010417 0.004250
0 0.519531 0.496375 0.009896 0.004750
0 0.520573 0.489250 0.010937 0.005000
0 0.527083 0.486000 0.013542 0.003500
0 0.548177 0.487500 0.011979 0.003000
0 0.536198 0.476250 0.011979 0.003500
0 0.556510 0.489375 0.010937 0.003250
0 0.545573 0.505750 0.013021 0.003000
0 0.542708 0.513625 0.011458 0.003750
0 0.594792 0.514000 0.007292 0.006000
0 0.600521 0.513250 0.006250 0.005500
0 0.625781 0.502250 0.009896 0.005500
0 0.651563 0.501375 0.013542 0.004250
0 0.665365 0.505125 0.008854 0.005750
0 0.661979 0.519750 0.013542 0.003500
0 0.651302 0.514750 0.007812 0.005500
0 0.656250 0.512375 0.010417 0.005250
0 0.694792 0.509000 0.013542 0.003000
0 0.689063 0.505125 0.011458 0.005750
0 0.598698 0.495000 0.013021 0.003000
0 0.586458 0.496250 0.013542 0.008000
0 0.618490 0.492625 0.009896 0.005250
0 0.620573 0.487250 0.011979 0.003500
0 0.624740 0.482875 0.007812 0.006250
0 0.654427 0.480500 0.013021 0.005500
0 0.587240 0.474375 0.014063 0.005250
0 0.674479 0.470375 0.012500 0.004250
0 0.689844 0.485375 0.014063 0.004250
0 0.690365 0.480375 0.010937 0.005250
0 0.564323 0.475250 0.013021 0.004000
0 0.557031 0.470875 0.010937 0.005250
0 0.566667 0.470625 0.010417 0.005250
0 0.602865 0.433375 0.006771 0.006750
0 0.607031 0.401500 0.013021 0.005500
0 0.581510 0.405000 0.014063 0.003000
0 0.583333 0.411250 0.008333 0.005500
0 0.603125 0.420000 0.017708 0.006000
0 0.620313 0.349500 0.014583 0.005500
0 0.705208 0.519000 0.013542 0.003500
0 0.726042 0.485375 0.011458 0.005750
0 0.724479 0.520250 0.014583 0.003000
0 0.735677 0.518750 0.007812 0.005000
0 0.767448 0.527500 0.013021 0.006500
0 0.777083 0.485250 0.014583 0.003500
0 0.811458 0.493375 0.008333 0.006250
0 0.829427 0.485000 0.013021 0.004000
0 0.803906 0.478000 0.009896 0.005000
0 0.812500 0.478625 0.008333 0.005750
0 0.753385 0.459875 0.011979 0.003750
0 0.836719 0.460250 0.014063 0.003500
0 0.787240 0.498375 0.010937 0.003250
0 0.784375 0.495000 0.007292 0.004000
0 0.923438 0.505125 0.012500 0.002750
0 0.938542 0.504750 0.008333 0.005500
0 0.952344 0.517375 0.013021 0.004250
0 0.939063 0.474125 0.011458 0.004750
0 0.966667 0.462250 0.014583 0.005000
0 0.927344 0.473375 0.013021 0.007750
0 0.882552 0.481250 0.014063 0.003500
0 0.878906 0.478000 0.021354 0.004000
0 0.991927 0.476500 0.010937 0.003000
0 0.990625 0.480375 0.017708 0.005250
