0 0.075781 0.611625 0.007812 0.005750
0 0.047656 0.543625 0.013021 0.004750
0 0.071875 0.539750 0.011458 0.006500
0 0.087240 0.540000 0.008854 0.006500
0 0.077604 0.558125 0.012500 0.004250
0 0.078385 0.559875 0.009896 0.003750
0 0.132031 0.514500 0.008854 0.006500
0 0.198958 0.516250 0.010417 0.003500
0 0.208073 0.516625 0.005729 0.005750
0 0.215365 0.501250 0.010937 0.006500
0 0.222396 0.484375 0.010417 0.006750
0 0.178906 0.481000 0.010937 0.006500
0 0.230990 0.476750 0.007812 0.006000
0 0.203385 0.456875 0.010937 0.005250
0 0.245312 0.460875 0.009375 0.006750
0 0.264323 0.464875 0.009896 0.005750
0 0.241146 0.448375 0.011458 0.005750
0 0.288281 0.472750 0.007812 0.005500
0 0.288281 0.466250 0.010937 0.005500
0 0.297656 0.463875 0.008854 0.004250
0 0.349219 0.484250 0.010937 0.003000
0 0.347656 0.487250 0.005729 0.004000
0 0.314583 0.543500 0.007292 0.004000
0 0.318229 0.542125 0.007292 0.005750
0 0.332292 0.567500 0.010417 0.004000
0 0.282031 0.616500 0.009896 0.005500
0 0.302344 0.614125 0.009896 0.006250
0 0.299740 0.607125 0.006771 0.006250
0 0.306510 0.608125 0.005729 0.005250
0 0.304948 0.612250 0.009896 0.004000
0 0.325000 0.620125 0.008333 0.006750
0 0.312240 0.624500 0.009896 0.006000
0 0.329688 0.654000 0.010417 0.007500
0 0.311719 0.677625 0.009896 0.007750
0 0.366146 0.678125 0.012500 0.005750
0 0.386458 0.672000 0.010417 0.005000
0 0.357292 0.688500 0.010417 0.007500
0 0.275260 0.765625 0.013021 0.005250
0 0.332552 0.768500 0.013021 0.007500
0 0.342708 0.750875 0.009375 0.006750
0 0.376823 0.757000 0.007812 0.006000
0 0.385417 0.486625 0.012500 0.004250
0 0.408333 0.496000 0.008333 0.006500
0 0.394531 0.502125 0.011979 0.007250
0 0.433333 0.537250 0.006250 0.004500
0 0.431771 0.534875 0.005208 0.005750
0 0.461458 0.606750 0.012500 0.005500
0 0.439323 0.631375 0.013021 0.003750
0 0.461979 0.615750 0.008333 0.006000
0 0.464583 0.614750 0.007292 0.004500
0 0.474740 0.628875 0.004687 0.005750
0 0.479167 0.629250 0.004167 0.007000
0 0.449740 0.659125 0.007812 0.005750
0 0.455729 0.657000 0.008333 0.006500
0 0.484896 0.684625 0.010417 0.006750
0 0.525000 0.684000 0.008333 0.006500
0 0.537240 0.674500 0.010937 0.005500
0 0.525781 0.693625 0.010937 0.006250
0 0.545833 0.720250 0.010417 0.005000
0 0.560156 0.733000 0.008854 0.005000
0 0.564323 0.731125 0.013021 0.004250
0 0.615885 0.811250 0.013021 0.004500
0 0.459896 0.474625 0.011458 0.003750
0 0.462240 0.472750 0.009896 0.005000
0 0.497656 0.490875 0.008854 0.006250
0 0.498437 0.498000 0.006250 0.005000
0 0.513281 0.495875 0.011979 0.004750
0 0.507812 0.511000 0.011458 0.006500
0 0.606771 0.567375 0.008333 0.006250
0 0.611719 0.564875 0.010937 0.005750
0 0.607812 0.585250 0.009375 0.006500
0 0.658594 0.555625 0.011979 0.005250
0 0.560156 0.514500 0.006771 0.004500
0 0.604427 0.611375 0.008854 0.006250
0 0.672917 0.595125 0.011458 0.006750
0 0.696094 0.587250 0.011979 0.006500
0 0.694531 0.571125 0.008854 0.003750
0 0.697135 0.569375 0.014063 0.003750
0 0.757031 0.591875 0.014063 0.004250
0 0.734375 0.612125 0.006250 0.004750
0 0.738281 0.611375 0.008854 0.005750
0 0.817187 0.636250 0.014583 0.005500
0 0.653385 0.504375 0.008854 0.004250
0 0.666406 0.508000 0.011979 0.004500
0 0.673698 0.506625 0.009896 0.004750
0 0.650781 0.491000 0.008854 0.004500
0 0.636458 0.489375 0.011458 0.005250
0 0.604688 0.481250 0.012500 0.004000
0 0.585677 0.472000 0.011979 0.004500
0 0.502604 0.443625 0.010417 0.006250
0 0.491927 0.440500 0.013021 0.003500
0 0.466927 0.444250 0.010937 0.004000
0 0.416146 0.436750 0.012500 0.006000
