0 0.246354 0.490250 0.007292 0.006500
0 0.248177 0.482000 0.008854 0.006500
0 0.220312 0.455750 0.008333 0.003000
0 0.188802 0.440750 0.009896 0.004500
0 0.225521 0.461750 0.010417 0.003500
0 0.217448 0.462500 0.007812 0.006500
0 0.186458 0.455750 0.008333 0.004500
0 0.183594 0.453250 0.005729 0.003500
0 0.190104 0.463125 0.005208 0.006250
0 0.196354 0.464000 0.007292 0.006000
0 0.248177 0.407375 0.011979 0.004250
0 0.198177 0.392250 0.007812 0.006500
0 0.268750 0.434750 0.008333 0.005500
0 0.353385 0.554750 0.009896 0.005500
0 0.315104 0.523875 0.013542 0.006250
0 0.360417 0.539250 0.011458 0.005000
0 0.355469 0.515125 0.013021 0.002750
0 0.355990 0.512750 0.011979 0.002500
0 0.344010 0.491750 0.011979 0.006500
0 0.314583 0.488625 0.011458 0.007250
0 0.319531 0.464750 0.007812 0.007500
0 0.366146 0.454500 0.014583 0.004000
0 0.341406 0.446125 0.013021 0.003750
0 0.330729 0.444000 0.010417 0.004500
0 0.330469 0.438000 0.008854 0.006500
0 0.309115 0.440875 0.013021 0.004750
0 0.350000 0.418625 0.008333 0.005250
0 0.349740 0.412625 0.010937 0.006250
0 0.373177 0.412500 0.015104 0.004000
0 0.376823 0.404875 0.010937 0.004750
0 0.363281 0.405625 0.013021 0.006250
0 0.336458 0.402875 0.013542 0.006250
0 0.361458 0.400000 0.014583 0.004000
0 0.373437 0.398000 0.009375 0.006000
0 0.358333 0.395125 0.015625 0.004750
0 0.354167 0.384375 0.013542 0.005250
0 0.330208 0.381750 0.012500 0.004500
0 0.374219 0.371375 0.014063 0.006750
0 0.362760 0.355750 0.017188 0.006500
0 0.427083 0.320500 0.012500 0.009000
0 0.450521 0.358750 0.013542 0.005000
0 0.452083 0.366750 0.010417 0.007500
0 0.434115 0.380000 0.018229 0.006500
0 0.432292 0.395000 0.010417 0.008000
0 0.436198 0.409000 0.014063 0.006500
0 0.471094 0.405375 0.011979 0.005250
0 0.480469 0.401250 0.011979 0.006500
0 0.476042 0.413375 0.009375 0.005750
0 0.470312 0.412625 0.007292 0.005750
0 0.442708 0.424375 0.009375 0.005750
0 0.449740 0.426500 0.010937 0.004500
0 0.463802 0.426250 0.006771 0.006000
0 0.460938 0.422750 0.008333 0.006000
0 0.457552 0.420750 0.008854 0.006000
0 0.456771 0.431250 0.013542 0.005500
0 0.438281 0.441000 0.008854 0.006500
0 0.410417 0.563250 0.013542 0.004500
0 0.483333 0.527625 0.011458 0.006750
0 0.527344 0.502000 0.014063 0.004500
0 0.572917 0.494000 0.013542 0.005000
0 0.561979 0.485750 0.012500 0.007000
0 0.619010 0.463000 0.015104 0.004500
0 0.592448 0.437500 0.009896 0.006500
0 0.618229 0.423375 0.012500 0.006750
0 0.618750 0.453000 0.006250 0.004500
0 0.616406 0.452000 0.008854 0.007000
0 0.651823 0.448125 0.010937 0.007750
0 0.676042 0.443750 0.012500 0.007500
0 0.709115 0.432250 0.016146 0.005000
0 0.694792 0.431500 0.013542 0.005000
0 0.696094 0.425750 0.014063 0.005000
0 0.709375 0.425625 0.013542 0.005750
0 0.709896 0.420750 0.012500 0.004500
0 0.730469 0.418375 0.019271 0.005250
0 0.746094 0.409875 0.006771 0.007250
0 0.739844 0.410000 0.005729 0.005500
0 0.834115 0.390375 0.015104 0.004750
0 0.828125 0.394125 0.011458 0.004250
0 0.826562 0.396875 0.012500 0.003750
0 0.795833 0.409375 0.009375 0.005750
0 0.789844 0.409750 0.005729 0.006500
0 0.744531 0.428875 0.013021 0.004750
0 0.756771 0.436125 0.008333 0.006750
0 0.760156 0.422250 0.004687 0.006000
0 0.765365 0.422750 0.005729 0.005500
0 0.791146 0.429375 0.006250 0.006750
0 0.799479 0.428875 0.010417 0.005250
0 0.755990 0.443250 0.011979 0.003500
0 0.749479 0.438375 0.008333 0.006250
0 0.746875 0.443625 0.007292 0.005750
0 0.732552 0.441875 0.009896 0.005750
0 0.724479 0.449250 0.010417 0.007000
0 0.751563 0.455750 0.008333 0.006500
0 0.788281 0.447250 0.007812 0.004000
0 0.789062 0.449375 0.010417 0.003750
0 0.798177 0.449500 0.008854 0.004000
0 0.676823 0.467750 0.017188 0.006000
0 0.725260 0.464250 0.011979 0.005500
0 0.726042 0.467125 0.013542 0.004750
0 0.731250 0.468125 0.009375 0.004250
0 0.775521 0.467875 0.010417 0.005250
0 0.769792 0.467375 0.010417 0.005250
0 0.704948 0.483500 0.017188 0.004500
0 0.723698 0.476125 0.011979 0.004750
0 0.651042 0.487250 0.007292 0.005500
0 0.656250 0.486875 0.005208 0.003250
0 0.663542 0.479500 0.007292 0.007500
0 0.670312 0.480125 0.007292 0.004250
0 0.582812 0.505375 0.013542 0.004250
0 0.593750 0.513000 0.007292 0.004500
0 0.588281 0.513750 0.003646 0.003500
0 0.572656 0.565875 0.011979 0.002750
0 0.566927 0.564125 0.009896 0.004750
0 0.653906 0.540750 0.014063 0.006500
0 0.693750 0.530875 0.012500 0.004250
0 0.677083 0.526000 0.013542 0.006500
0 0.699479 0.524250 0.013542 0.006500
0 0.793490 0.511875 0.014063 0.003750
0 0.815104 0.511625 0.013542 0.004250
0 0.812500 0.524250 0.016667 0.004000
0 0.787500 0.518375 0.008333 0.002750
0 0.788021 0.520875 0.014583 0.004250
0 0.843490 0.506625 0.017188 0.005750
0 0.860156 0.502750 0.016146 0.006500
0 0.883333 0.491375 0.012500 0.006750
0 0.897396 0.495500 0.008333 0.006000
0 0.898177 0.500625 0.016146 0.004750
0 0.907552 0.496000 0.014063 0.007500
0 0.917708 0.509000 0.010417 0.005500
0 0.915365 0.513500 0.014063 0.005500
0 0.885417 0.515000 0.012500 0.006500
0 0.888281 0.539000 0.014063 0.006000
0 0.829688 0.519250 0.013542 0.009500
0 0.822656 0.542250 0.017188 0.004000
0 0.868229 0.551125 0.016667 0.004250
0 0.793229 0.556250 0.015625 0.006000
0 0.829688 0.537750 0.013542 0.003000
0 0.830208 0.534625 0.016667 0.003250
0 0.738281 0.557625 0.015104 0.006750
0 0.866406 0.563875 0.006771 0.004750
0 0.861979 0.563000 0.009375 0.006500
0 0.752083 0.589625 0.012500 0.006250
0 0.461198 0.632250 0.010937 0.004500
0 0.626302 0.628375 0.007812 0.005750
0 0.703906 0.614375 0.011979 0.004250
0 0.706250 0.617875 0.009375 0.002750
0 0.695312 0.620750 0.010417 0.002500
0 0.682552 0.693875 0.006771 0.003250
0 0.515365 0.664500 0.005729 0.002500
0 0.481510 0.666000 0.005729 0.002500
0 0.443750 0.665250 0.009375 0.005500
0 0.435417 0.618375 0.007292 0.003750
0 0.461458 0.731125 0.007292 0.003750
0 0.458073 0.730125 0.009896 0.005750
0 0.496094 0.731000 0.009896 0.005000
0 0.526823 0.724250 0.014063 0.004000
0 0.533333 0.742500 0.013542 0.005500
0 0.598698 0.745000 0.009896 0.006000
0 0.610156 0.751000 0.005729 0.005500
0 0.612760 0.742375 0.010937 0.002750
0 0.607812 0.740625 0.010417 0.004750
0 0.607031 0.736125 0.010937 0.003750
0 0.622917 0.737000 0.013542 0.004000
0 0.633854 0.732750 0.009375 0.006000
0 0.615885 0.730500 0.009896 0.006500
0 0.648698 0.744500 0.008854 0.004500
0 0.659115 0.750000 0.006771 0.004500
0 0.674219 0.737500 0.014063 0.003500
0 0.699740 0.743750 0.009896 0.004500
0 0.726823 0.842375 0.007812 0.004750
0 0.726562 0.759875 0.009375 0.003750
0 0.665104 0.830375 0.007292 0.003750
0 0.681510 0.817125 0.005729 0.004250
0 0.682552 0.820250 0.006771 0.002500
0 0.686198 0.826375 0.007812 0.004250
0 0.722135 0.875125 0.009896 0.006250
0 0.677865 0.883875 0.007812 0.003750
0 0.715365 0.860125 0.007812 0.005750
0 0.389062 0.549875 0.008333 0.005750
0 0.395052 0.539125 0.007812 0.004750
0 0.383854 0.539375 0.010417 0.004750
0 0.390885 0.533000 0.005729 0.004000
0 0.405729 0.529750 0.007292 0.004000
0 0.404687 0.524375 0.009375 0.003250
0 0.415104 0.529625 0.008333 0.004250
0 0.428646 0.526000 0.008333 0.003500
0 0.407031 0.535375 0.009896 0.004250
0 0.411979 0.515875 0.011458 0.003750
0 0.443229 0.517125 0.010417 0.004250
0 0.292708 0.263750 0.014583 0.005000
0 0.298698 0.179125 0.010937 0.004750
0 0.328125 0.172875 0.011458 0.006750
0 0.978906 0.090250 0.010937 0.005500
0 0.980469 0.067000 0.008854 0.004000
0 0.970052 0.066625 0.008854 0.004750
0 0.749479 0.233000 0.011458 0.005500
