0 0.266406 0.113750 0.013021 0.012000
0 0.403646 0.117875 0.022917 0.009250
0 0.456510 0.236875 0.019271 0.009750
0 0.500000 0.243750 0.018750 0.013000
0 0.383333 0.255750 0.017708 0.011000
0 0.311719 0.757500 0.013021 0.008000
0 0.316927 0.703500 0.029687 0.011000
0 0.269792 0.659500 0.018750 0.012000
0 0.234896 0.673750 0.015625 0.007000
0 0.229687 0.681375 0.014583 0.006750
0 0.206510 0.678750 0.016146 0.005000
0 0.170833 0.673375 0.019792 0.007750
0 0.211719 0.653250 0.015104 0.006000
0 0.244531 0.639000 0.014063 0.009500
0 0.149219 0.646625 0.013021 0.007750
0 0.024479 0.617125 0.008333 0.007250
0 0.042188 0.610750 0.015625 0.008000
0 0.172917 0.623250 0.021875 0.008500
0 0.240625 0.610625 0.016667 0.009250
0 0.290104 0.577375 0.019792 0.009250
0 0.263021 0.569125 0.016667 0.008250
0 0.265625 0.575500 0.013542 0.006500
0 0.238021 0.571750 0.018750 0.007000
0 0.228906 0.566875 0.011979 0.007750
0 0.213021 0.567000 0.015625 0.007000
0 0.170833 0.581500 0.019792 0.008500
0 0.220052 0.552375 0.014063 0.010750
0 0.237240 0.546375 0.016146 0.007250
0 0.230729 0.545875 0.013542 0.008750
0 0.235417 0.542875 0.010417 0.010250
0 0.261979 0.533500 0.017708 0.008000
0 0.234635 0.525125 0.011979 0.007750
0 0.200000 0.525625 0.013542 0.008250
0 0.260417 0.520875 0.009375 0.007250
0 0.262500 0.515125 0.015625 0.009250
0 0.276302 0.519250 0.013021 0.007500
0 0.289062 0.523375 0.011458 0.009250
0 0.295573 0.516500 0.010937 0.008000
0 0.316406 0.517500 0.014063 0.009000
0 0.329688 0.518375 0.012500 0.008250
0 0.278646 0.508750 0.016667 0.008500
0 0.279427 0.504750 0.014063 0.008000
0 0.239062 0.510625 0.014583 0.008750
0 0.263802 0.505875 0.009896 0.007250
0 0.265885 0.498000 0.014063 0.008500
0 0.296875 0.497625 0.012500 0.006250
0 0.144531 0.477375 0.013021 0.006250
0 0.310417 0.488875 0.014583 0.008750
0 0.310677 0.478000 0.017188 0.008500
0 0.291927 0.483000 0.014063 0.008500
0 0.258594 0.482875 0.010937 0.010250
0 0.265625 0.487000 0.012500 0.009000
0 0.271875 0.485875 0.017708 0.007750
0 0.273438 0.477500 0.011458 0.011000
0 0.277083 0.472875 0.016667 0.006750
0 0.273698 0.465375 0.014063 0.008250
0 0.280990 0.454375 0.015104 0.007250
0 0.284375 0.440875 0.011458 0.008250
0 0.263802 0.441625 0.014063 0.007750
0 0.257292 0.450750 0.012500 0.007000
0 0.247656 0.477625 0.014063 0.006750
0 0.720313 0.698250 0.021875 0.006500
0 0.726302 0.681250 0.015104 0.008500
0 0.578125 0.664625 0.018750 0.005750
0 0.552344 0.655750 0.018229 0.009000
0 0.512240 0.631125 0.009896 0.010750
0 0.616667 0.639125 0.017708 0.006750
0 0.605469 0.624375 0.016146 0.005750
0 0.599740 0.615875 0.015104 0.007250
0 0.607292 0.614125 0.013542 0.007750
0 0.612240 0.618250 0.009896 0.006500
0 0.635156 0.616500 0.013021 0.007500
0 0.664583 0.610250 0.010417 0.005000
0 0.671875 0.602750 0.014583 0.004500
0 0.670312 0.608500 0.010417 0.006000
0 0.674479 0.612625 0.014583 0.009250
0 0.712240 0.624500 0.013021 0.008000
0 0.716667 0.619375 0.010417 0.005750
0 0.731510 0.623250 0.011979 0.006000
0 0.736198 0.607125 0.011979 0.005250
0 0.719271 0.600625 0.013542 0.006750
0 0.726823 0.596875 0.009896 0.007750
0 0.761198 0.592125 0.011979 0.004750
0 0.752865 0.576375 0.014063 0.005750
0 0.771094 0.559625 0.011979 0.006250
0 0.719531 0.586625 0.015104 0.005750
0 0.709115 0.575500 0.016146 0.007000
0 0.633594 0.591875 0.011979 0.007750
0 0.623437 0.583625 0.011458 0.009250
0 0.622135 0.572000 0.017188 0.008500
0 0.523177 0.573000 0.016146 0.011000
0 0.539323 0.564125 0.010937 0.007750
0 0.585938 0.574125 0.012500 0.007750
0 0.561458 0.561125 0.019792 0.006250
0 0.618229 0.560625 0.019792 0.007750
0 0.642969 0.552750 0.014063 0.008500
0 0.693750 0.558375 0.012500 0.006750
0 0.684115 0.549125 0.011979 0.006250
0 0.695052 0.532875 0.010937 0.005750
0 0.624219 0.547625 0.011979 0.007250
0 0.609375 0.548000 0.012500 0.005500
0 0.549219 0.547875 0.014063 0.006750
0 0.562240 0.542625 0.015104 0.007750
0 0.535417 0.551375 0.012500 0.006250
0 0.544531 0.553125 0.015104 0.006250
0 0.460677 0.560750 0.022396 0.005000
0 0.512500 0.549500 0.014583 0.007500
0 0.494792 0.548000 0.014583 0.007000
0 0.500260 0.543250 0.014063 0.009500
0 0.527604 0.543625 0.018750 0.006250
0 0.518490 0.546125 0.014063 0.008250
0 0.534375 0.535000 0.013542 0.007000
0 0.521615 0.540000 0.015104 0.006000
0 0.511979 0.534375 0.013542 0.010750
0 0.516667 0.535875 0.009375 0.007250
0 0.523438 0.534625 0.011458 0.007750
0 0.523438 0.539375 0.011458 0.007250
0 0.532292 0.499375 0.015625 0.010250
0 0.473698 0.522000 0.010937 0.008000
0 0.488542 0.526375 0.018750 0.006250
0 0.490365 0.529750 0.014063 0.008000
0 0.498958 0.527500 0.012500 0.009000
0 0.489583 0.519625 0.012500 0.008250
0 0.498698 0.524375 0.013021 0.006750
0 0.501042 0.517875 0.016667 0.007250
0 0.453125 0.506375 0.012500 0.009750
0 0.480469 0.506250 0.021354 0.009000
0 0.458333 0.497500 0.017708 0.008500
0 0.486979 0.492375 0.016667 0.006750
0 0.494010 0.479625 0.014063 0.010750
0 0.471875 0.477750 0.014583 0.008000
0 0.480990 0.480125 0.011979 0.009250
0 0.449740 0.486625 0.019271 0.007750
0 0.463802 0.471125 0.018229 0.008750
0 0.450000 0.467000 0.009375 0.007000
0 0.450000 0.457000 0.017708 0.008000
0 0.415365 0.470375 0.017188 0.009750
0 0.408073 0.462250 0.022396 0.008500
0 0.402344 0.457500 0.021354 0.007000
0 0.396615 0.452000 0.019271 0.007500
0 0.436458 0.450125 0.018750 0.008250
0 0.424479 0.444625 0.019792 0.008250
0 0.376563 0.444250 0.014583 0.006000
0 0.375781 0.441500 0.010937 0.005000
0 0.398698 0.435625 0.014063 0.007250
0 0.407292 0.432000 0.017708 0.006000
0 0.388802 0.425125 0.019271 0.007250
0 0.384115 0.420875 0.014063 0.006750
0 0.370833 0.379750 0.011458 0.007500
0 0.439844 0.382000 0.014063 0.006500
0 0.397135 0.361375 0.011979 0.006750
0 0.464323 0.388500 0.015104 0.007000
0 0.473958 0.381500 0.017708 0.007000
0 0.490625 0.361875 0.017708 0.009750
0 0.503125 0.385125 0.028125 0.012250
0 0.548177 0.391000 0.014063 0.009000
0 0.623958 0.390500 0.023958 0.009500
0 0.658073 0.379250 0.018229 0.007500
0 0.638021 0.407000 0.018750 0.006000
0 0.647396 0.443625 0.019792 0.009750
0 0.704167 0.417625 0.014583 0.009250
0 0.726562 0.376625 0.021875 0.008750
0 0.476302 0.310375 0.018229 0.007750
0 0.352083 0.347750 0.013542 0.007000
0 0.420052 0.278625 0.018229 0.006750
0 0.426302 0.289000 0.011979 0.007500
0 0.435937 0.283625 0.012500 0.006750
0 0.454948 0.278250 0.019271 0.012000
0 0.449219 0.270125 0.011979 0.007250
0 0.439062 0.273875 0.016667 0.006750
0 0.634896 0.273500 0.020833 0.009500
0 0.664323 0.212000 0.015104 0.007500
0 0.712240 0.218125 0.009896 0.008250
0 0.683854 0.217125 0.012500 0.006750
0 0.711458 0.205750 0.020833 0.006500
0 0.701562 0.194625 0.009375 0.005250
0 0.726823 0.178375 0.017188 0.007250
0 0.709896 0.178125 0.012500 0.005750
0 0.725260 0.157375 0.019271 0.008750
0 0.764062 0.187500 0.012500 0.007000
0 0.816146 0.175750 0.015625 0.009500
0 0.737240 0.196625 0.026562 0.010250
0 0.897396 0.161000 0.010417 0.009000
0 0.833333 0.117000 0.015625 0.006500
0 0.925521 0.109625 0.013542 0.006250
0 0.920573 0.123500 0.016146 0.006000
0 0.946875 0.171625 0.015625 0.008250
0 0.779167 0.378000 0.022917 0.011000
0 0.777083 0.370375 0.011458 0.006750
0 0.780990 0.392750 0.010937 0.005000
0 0.747656 0.415375 0.011979 0.009750
0 0.772917 0.417875 0.013542 0.009250
0 0.808073 0.423375 0.013021 0.006250
0 0.834896 0.413625 0.022917 0.011750
0 0.861198 0.423375 0.018229 0.007250
0 0.823177 0.391875 0.022396 0.008250
0 0.822917 0.388000 0.016667 0.007000
0 0.824740 0.383875 0.021354 0.009750
0 0.805469 0.379000 0.007812 0.006000
0 0.847396 0.383500 0.014583 0.010000
0 0.700781 0.476500 0.018229 0.007500
0 0.742188 0.474000 0.017708 0.008500
0 0.760938 0.477875 0.015625 0.010250
0 0.748437 0.482625 0.015625 0.008250
0 0.730208 0.491250 0.012500 0.008500
0 0.747917 0.494500 0.011458 0.007500
0 0.767969 0.504500 0.013021 0.006500
0 0.785417 0.502375 0.010417 0.007250
0 0.788021 0.496625 0.016667 0.007750
0 0.794792 0.505125 0.011458 0.005750
0 0.801823 0.505500 0.017188 0.008000
0 0.808854 0.491625 0.017708 0.006250
0 0.829688 0.489500 0.022917 0.006500
0 0.815885 0.486125 0.016146 0.006250
0 0.801302 0.483500 0.017188 0.007000
0 0.812240 0.482625 0.019271 0.008750
0 0.814583 0.477875 0.018750 0.009250
0 0.796094 0.474000 0.019271 0.008500
0 0.803646 0.463875 0.013542 0.006250
0 0.815625 0.469750 0.010417 0.005500
0 0.840885 0.479625 0.013021 0.008750
0 0.858594 0.471250 0.014063 0.007500
0 0.791406 0.456125 0.010937 0.007750
0 0.807031 0.453625 0.013021 0.008750
0 0.827083 0.455750 0.010417 0.010000
0 0.875521 0.449250 0.016667 0.007500
0 0.879427 0.437375 0.013021 0.007250
0 0.888542 0.429750 0.010417 0.008500
0 0.899479 0.437125 0.012500 0.005250
0 0.985938 0.450375 0.014583 0.008750
0 0.993229 0.464375 0.010417 0.009250
