0 0.533625 0.295052 0.008250 0.016146
0 0.585500 0.237500 0.006000 0.014583
0 0.632500 0.207812 0.008500 0.014583
0 0.644375 0.089583 0.010750 0.013542
0 0.436000 0.664062 0.006000 0.019792
0 0.441125 0.716927 0.005250 0.016146
0 0.469125 0.890365 0.007750 0.016146
0 0.447375 0.787500 0.005750 0.006250
0 0.455125 0.801823 0.005750 0.017188
0 0.563750 0.773177 0.010000 0.017188
0 0.531875 0.698177 0.005750 0.016146
0 0.514625 0.708854 0.005750 0.014583
0 0.631250 0.553906 0.009500 0.017188
0 0.707125 0.536979 0.007750 0.018750
0 0.733000 0.572917 0.009500 0.018750
