0 0.373177 0.469250 0.010937 0.006000
0 0.384375 0.466875 0.015625 0.004250
0 0.419531 0.488875 0.014063 0.004750
0 0.419792 0.490625 0.012500 0.003750
0 0.453385 0.513500 0.010937 0.007500
0 0.465625 0.518500 0.008333 0.006500
0 0.485417 0.507625 0.014583 0.006750
0 0.601302 0.563250 0.010937 0.006500
0 0.584635 0.577875 0.010937 0.008250
0 0.569010 0.596750 0.010937 0.008000
0 0.508854 0.420875 0.012500 0.002750
0 0.509896 0.423250 0.014583 0.003500
0 0.506771 0.429250 0.013542 0.003000
0 0.506510 0.426625 0.016146 0.003250
0 0.537760 0.426000 0.011979 0.003000
0 0.537240 0.424125 0.014063 0.002750
0 0.560156 0.459375 0.013021 0.004250
0 0.561458 0.457375 0.015625 0.004250
0 0.581510 0.462875 0.014063 0.004250
0 0.594792 0.456375 0.012500 0.003750
0 0.596875 0.454625 0.015625 0.004250
0 0.592187 0.450625 0.014583 0.004750
0 0.617708 0.434500 0.011458 0.004000
0 0.615104 0.433500 0.011458 0.003500
0 0.647917 0.440500 0.007292 0.006000
0 0.644010 0.440250 0.008854 0.005500
0 0.703125 0.448500 0.014583 0.006500
0 0.677865 0.470250 0.010937 0.007500
0 0.666146 0.468500 0.013542 0.004000
0 0.665625 0.466625 0.014583 0.003250
0 0.762500 0.477000 0.015625 0.006500
0 0.880208 0.521250 0.012500 0.005000
0 0.882812 0.519125 0.016667 0.005250
0 0.586458 0.503625 0.008333 0.005750
0 0.388802 0.377125 0.013021 0.008750
0 0.438542 0.373375 0.011458 0.007750
0 0.464323 0.372875 0.011979 0.005750
0 0.466927 0.371000 0.013021 0.006000
0 0.470573 0.369875 0.011979 0.004750
0 0.470573 0.391500 0.008854 0.006500
0 0.469271 0.386500 0.015625 0.003000
0 0.433594 0.390750 0.016146 0.005500
0 0.431510 0.389625 0.014063 0.003750
0 0.531771 0.396250 0.009375 0.006000
0 0.560417 0.388250 0.015625 0.005500
0 0.573438 0.384625 0.009375 0.005250
0 0.584635 0.387625 0.011979 0.005250
0 0.591667 0.384625 0.013542 0.004250
0 0.583854 0.409250 0.012500 0.005500
0 0.620052 0.375500 0.015104 0.007000
0 0.599219 0.376375 0.011979 0.007250
0 0.604167 0.375125 0.010417 0.006250
0 0.422656 0.297500 0.010937 0.007000
0 0.623698 0.239000 0.013021 0.007000
0 0.695312 0.225000 0.011458 0.006000
0 0.793229 0.175125 0.011458 0.006750
0 0.798958 0.171875 0.016667 0.008750
0 0.377604 0.248375 0.007292 0.005750
0 0.372656 0.249000 0.008854 0.007500
0 0.400260 0.198375 0.008854 0.007750
0 0.405469 0.198125 0.006771 0.006750
0 0.369271 0.177625 0.012500 0.007750
0 0.351042 0.210125 0.012500 0.007750
0 0.278906 0.282875 0.015104 0.005750
0 0.060156 0.488500 0.013021 0.007000
0 0.106510 0.495750 0.015104 0.007500
