0 0.071094 0.428125 0.011979 0.004750
0 0.089063 0.443500 0.012500 0.005000
0 0.048438 0.448500 0.008333 0.006000
0 0.073438 0.467875 0.013542 0.005250
0 0.091927 0.467250 0.011979 0.005500
0 0.093490 0.457250 0.008854 0.005500
0 0.102604 0.458375 0.008333 0.004750
0 0.107552 0.461000 0.010937 0.003500
0 0.107292 0.476375 0.010417 0.004250
0 0.110937 0.472375 0.009375 0.005250
0 0.118750 0.473875 0.010417 0.006250
0 0.135677 0.464500 0.011979 0.005000
0 0.067708 0.493750 0.015625 0.005000
0 0.140365 0.487500 0.011979 0.004000
0 0.140104 0.484125 0.007292 0.004750
0 0.170833 0.497125 0.011458 0.005250
0 0.158073 0.496625 0.009896 0.004750
0 0.159635 0.496125 0.010937 0.003750
0 0.161719 0.494500 0.009896 0.004000
0 0.172917 0.471125 0.013542 0.003750
0 0.179948 0.475000 0.011979 0.004500
0 0.184115 0.479750 0.011979 0.005000
0 0.204427 0.479125 0.010937 0.004250
0 0.238802 0.484375 0.013021 0.004250
0 0.217969 0.492000 0.013021 0.004000
0 0.235156 0.503250 0.013021 0.005000
0 0.276042 0.545625 0.012500 0.004250
0 0.316667 0.557625 0.008333 0.006750
0 0.394271 0.481125 0.010417 0.005250
0 0.393490 0.475500 0.007812 0.007000
0 0.426042 0.472000 0.014583 0.005000
0 0.401562 0.471375 0.006250 0.003750
0 0.400000 0.469875 0.007292 0.003750
0 0.453646 0.464375 0.009375 0.005750
0 0.433594 0.455750 0.008854 0.006500
0 0.456250 0.434000 0.006250 0.006000
0 0.459896 0.433500 0.005208 0.004500
0 0.451823 0.415500 0.008854 0.006000
0 0.458594 0.414625 0.006771 0.005750
0 0.448177 0.404750 0.008854 0.006500
0 0.393490 0.377375 0.007812 0.003250
0 0.393750 0.375250 0.010417 0.003500
0 0.446354 0.360875 0.014583 0.004250
0 0.421615 0.354625 0.015104 0.006250
0 0.439323 0.348000 0.007812 0.006000
0 0.465365 0.331750 0.011979 0.006000
0 0.488802 0.281375 0.009896 0.007750
0 0.421875 0.276000 0.014583 0.004000
0 0.460938 0.191125 0.010417 0.007750
0 0.466667 0.178500 0.012500 0.008000
0 0.485417 0.105000 0.010417 0.005500
0 0.693490 0.069375 0.009896 0.007250
0 0.695573 0.073500 0.014063 0.006500
0 0.684115 0.086500 0.015104 0.006500
0 0.701302 0.105750 0.008854 0.007000
0 0.697135 0.105000 0.008854 0.006000
0 0.658854 0.149250 0.011458 0.007500
0 0.613281 0.150625 0.015104 0.005250
0 0.625260 0.139500 0.009896 0.006000
0 0.620833 0.134875 0.017708 0.004250
0 0.621875 0.185000 0.006250 0.007500
0 0.616146 0.185625 0.006250 0.007250
0 0.584896 0.206875 0.007292 0.007750
0 0.597917 0.206875 0.008333 0.008750
0 0.614844 0.213500 0.016146 0.005500
0 0.621354 0.207500 0.014583 0.004500
0 0.613021 0.204250 0.010417 0.007000
0 0.605729 0.197250 0.011458 0.007000
0 0.575521 0.206875 0.009375 0.008250
0 0.634896 0.202750 0.009375 0.008000
0 0.665365 0.205750 0.009896 0.008500
0 0.632812 0.198250 0.010417 0.007500
0 0.628906 0.196875 0.009896 0.006250
0 0.623698 0.238125 0.010937 0.005750
0 0.658854 0.252125 0.011458 0.006750
0 0.547656 0.235375 0.011979 0.007250
0 0.541667 0.246625 0.013542 0.005750
0 0.557813 0.260750 0.012500 0.006500
0 0.541406 0.262750 0.014063 0.004500
0 0.529687 0.259875 0.008333 0.007750
0 0.537240 0.277500 0.009896 0.007000
0 0.530208 0.274250 0.008333 0.006000
0 0.522135 0.274875 0.013021 0.004250
0 0.559635 0.271875 0.011979 0.004250
0 0.554427 0.269875 0.013021 0.003750
0 0.548177 0.328750 0.011979 0.005000
0 0.518750 0.316875 0.010417 0.007250
0 0.513021 0.320250 0.006250 0.005000
0 0.507552 0.319875 0.006771 0.007250
0 0.515104 0.306125 0.005208 0.005750
0 0.510938 0.305875 0.006250 0.006750
0 0.507292 0.305000 0.005208 0.005000
0 0.502604 0.305000 0.005208 0.007500
0 0.538802 0.320250 0.004687 0.006000
0 0.543490 0.320000 0.006771 0.007000
0 0.511719 0.358250 0.009896 0.007500
0 0.522917 0.347875 0.009375 0.008250
0 0.495052 0.367750 0.009896 0.008000
0 0.503385 0.372875 0.010937 0.006750
0 0.461719 0.380125 0.009896 0.006250
0 0.454167 0.579250 0.011458 0.005000
0 0.472656 0.571000 0.014063 0.004000
0 0.586458 0.525000 0.010417 0.002500
0 0.587760 0.521625 0.006771 0.004750
0 0.589583 0.488375 0.012500 0.004250
0 0.602604 0.484375 0.011458 0.003250
0 0.644792 0.494625 0.007292 0.006250
0 0.686458 0.489500 0.009375 0.006500
0 0.742969 0.460500 0.011979 0.004000
0 0.778385 0.446875 0.007812 0.004750
0 0.770833 0.433625 0.010417 0.004250
0 0.732292 0.432625 0.007292 0.005750
0 0.754948 0.435750 0.011979 0.002500
0 0.755990 0.437875 0.011979 0.002250
0 0.798698 0.425125 0.011979 0.003750
0 0.817187 0.417375 0.013542 0.004250
0 0.763021 0.407000 0.013542 0.004000
0 0.932292 0.381000 0.013542 0.005000
0 0.851823 0.411500 0.008854 0.003500
0 0.839323 0.425625 0.006771 0.005250
0 0.833594 0.419750 0.009896 0.006000
0 0.735677 0.475875 0.007812 0.004750
0 0.491406 0.597125 0.011979 0.006750
0 0.511198 0.598125 0.013021 0.003750
0 0.511198 0.593875 0.008854 0.006250
0 0.533594 0.596500 0.007812 0.005500
0 0.550781 0.596750 0.010937 0.003500
0 0.551562 0.595000 0.011458 0.003000
0 0.582552 0.597375 0.013021 0.003250
0 0.633594 0.589750 0.013021 0.004000
0 0.662240 0.588250 0.009896 0.003000
0 0.663802 0.587500 0.011979 0.003500
0 0.732812 0.581000 0.013542 0.004500
0 0.795312 0.560750 0.012500 0.003500
0 0.795573 0.557625 0.013021 0.003250
0 0.854167 0.566125 0.008333 0.006750
0 0.869531 0.564500 0.014063 0.004000
0 0.834375 0.580000 0.012500 0.005000
0 0.736979 0.599375 0.008333 0.004250
0 0.749219 0.594500 0.010937 0.005000
0 0.665625 0.596750 0.015625 0.005000
0 0.644271 0.606875 0.011458 0.005750
0 0.636979 0.603000 0.010417 0.004000
0 0.641927 0.599500 0.010937 0.005000
0 0.633333 0.604375 0.013542 0.002250
0 0.634375 0.606750 0.009375 0.002500
0 0.439323 0.671875 0.008854 0.006250
0 0.507552 0.646500 0.011979 0.007000
0 0.510938 0.673000 0.013542 0.004000
0 0.532292 0.675625 0.008333 0.007750
0 0.529948 0.709000 0.009896 0.007000
0 0.548958 0.701500 0.007292 0.007000
0 0.638802 0.703375 0.007812 0.006750
0 0.642969 0.703375 0.009896 0.005250
0 0.677865 0.718250 0.011979 0.008000
0 0.711719 0.761500 0.011979 0.005500
0 0.771615 0.758125 0.011979 0.005750
0 0.761458 0.752500 0.011458 0.006000
0 0.768750 0.753750 0.010417 0.005000
0 0.805208 0.752625 0.014583 0.006250
0 0.746094 0.809875 0.009896 0.007750
0 0.855990 0.774250 0.014063 0.007500
0 0.911458 0.795625 0.014583 0.006250
