0 0.011250 0.551042 0.008500 0.009375
0 0.039750 0.519271 0.007500 0.006250
0 0.040625 0.525521 0.008250 0.007292
0 0.206625 0.634375 0.007750 0.008333
0 0.307500 0.355469 0.004500 0.016146
0 0.287125 0.282813 0.007750 0.010417
0 0.243250 0.103125 0.007500 0.014583
0 0.189375 0.034896 0.004750 0.017708
0 0.116500 0.055729 0.007500 0.016667
0 0.493125 0.364323 0.004750 0.015104
0 0.489125 0.356510 0.005750 0.015104
0 0.505000 0.125260 0.004500 0.015104
0 0.511750 0.138802 0.005000 0.015104
0 0.529375 0.137240 0.003250 0.011979
0 0.528500 0.100260 0.005000 0.009896
0 0.545375 0.028385 0.003750 0.011979
0 0.537500 0.029167 0.004000 0.015625
0 0.534625 0.006250 0.005250 0.012500
0 0.519750 0.222917 0.004000 0.011458
0 0.555375 0.726562 0.005750 0.011458
0 0.642625 0.367188 0.004250 0.012500
0 0.680875 0.367969 0.004750 0.013021
0 0.628875 0.437760 0.007250 0.013021
0 0.668125 0.293750 0.006750 0.010417
0 0.728750 0.305469 0.005500 0.013021
0 0.690250 0.229167 0.006000 0.012500
0 0.730750 0.054427 0.005000 0.014063
0 0.767125 0.690365 0.004750 0.011979
