0 0.404125 0.964323 0.006250 0.010937
0 0.376625 0.935156 0.005250 0.016146
0 0.434125 0.830990 0.004750 0.013021
0 0.431500 0.829688 0.004500 0.011458
0 0.468125 0.793750 0.006250 0.010417
0 0.463875 0.780990 0.005250 0.011979
0 0.460375 0.776563 0.003750 0.013542
0 0.486500 0.769531 0.007500 0.008854
0 0.476750 0.756250 0.005500 0.012500
0 0.492000 0.728906 0.005000 0.009896
0 0.480000 0.691406 0.007500 0.007812
0 0.422375 0.714844 0.004750 0.013021
0 0.407250 0.704688 0.007000 0.009375
0 0.411125 0.723958 0.006750 0.009375
0 0.408000 0.726302 0.005500 0.009896
0 0.387500 0.715885 0.007500 0.009896
0 0.360750 0.732552 0.006000 0.014063
0 0.359250 0.759115 0.007000 0.008854
0 0.365500 0.776823 0.006500 0.009896
0 0.363000 0.773698 0.005000 0.004687
0 0.364125 0.770312 0.005750 0.005208
0 0.342875 0.780208 0.006250 0.010417
0 0.343625 0.728385 0.008250 0.009896
0 0.281125 0.820833 0.005250 0.012500
0 0.283500 0.818229 0.004500 0.009375
0 0.236250 0.704427 0.006000 0.008854
0 0.235875 0.700521 0.008250 0.008333
0 0.259750 0.667708 0.009500 0.009375
0 0.265000 0.698177 0.008500 0.009896
0 0.328750 0.685677 0.008000 0.008854
0 0.359375 0.703906 0.007750 0.008854
0 0.366250 0.685417 0.006500 0.005208
0 0.365875 0.680208 0.007250 0.005208
0 0.369625 0.674740 0.007250 0.008854
0 0.370500 0.666927 0.005000 0.009896
0 0.381125 0.667708 0.007250 0.007292
0 0.393625 0.668229 0.007750 0.008333
0 0.446000 0.677604 0.007500 0.007292
0 0.486500 0.606771 0.006000 0.011458
0 0.493250 0.596875 0.006000 0.012500
0 0.459375 0.586979 0.002750 0.014583
0 0.461750 0.587760 0.003000 0.010937
0 0.385250 0.481510 0.007500 0.010937
0 0.353875 0.449219 0.007250 0.013021
0 0.336000 0.470052 0.005500 0.014063
0 0.331625 0.507552 0.006750 0.014063
0 0.279500 0.417708 0.006500 0.006250
0 0.280000 0.413021 0.008500 0.008333
0 0.262125 0.389844 0.007750 0.015104
0 0.324125 0.316667 0.006250 0.009375
0 0.301500 0.376042 0.004000 0.013542
0 0.296875 0.374219 0.005750 0.007812
0 0.297250 0.369271 0.006500 0.006250
0 0.374875 0.396875 0.007250 0.010417
0 0.482375 0.537760 0.005750 0.007812
0 0.488250 0.509375 0.006500 0.008333
0 0.437000 0.442969 0.006000 0.008854
0 0.505250 0.209375 0.008000 0.008333
0 0.525375 0.224219 0.005750 0.014063
0 0.515250 0.228646 0.003000 0.015625
0 0.512625 0.227865 0.002750 0.014063
0 0.511125 0.226302 0.002750 0.013021
0 0.508750 0.248958 0.004500 0.016667
0 0.510125 0.271354 0.006250 0.010417
0 0.513875 0.265885 0.004250 0.014063
0 0.528250 0.363542 0.007000 0.009375
0 0.507000 0.398698 0.003500 0.015104
0 0.515125 0.434375 0.005250 0.012500
0 0.529000 0.514844 0.005000 0.014063
0 0.529750 0.552344 0.003500 0.014063
0 0.520125 0.589063 0.006250 0.010417
0 0.521750 0.600781 0.005500 0.009896
0 0.514875 0.432292 0.003250 0.010417
