0 0.219750 0.343490 0.004500 0.009896
0 0.221500 0.341667 0.005000 0.010417
0 0.223250 0.330208 0.006500 0.011458
0 0.246375 0.335938 0.006750 0.007292
0 0.249625 0.342708 0.006750 0.006250
0 0.250250 0.348698 0.006000 0.005729
0 0.252625 0.340104 0.005750 0.005208
0 0.253500 0.336458 0.006000 0.004167
0 0.262750 0.368229 0.007000 0.005208
0 0.261750 0.363802 0.005500 0.004687
0 0.281250 0.392188 0.006000 0.009375
0 0.288125 0.395833 0.006750 0.010417
0 0.287000 0.389323 0.007500 0.009896
0 0.286500 0.389583 0.007500 0.008333
0 0.322750 0.508073 0.006500 0.013021
0 0.278250 0.512500 0.006000 0.008333
0 0.356875 0.608854 0.005250 0.012500
0 0.367625 0.621094 0.005250 0.013021
0 0.383875 0.599219 0.006750 0.009896
0 0.405250 0.586198 0.004000 0.014063
0 0.397375 0.523958 0.004750 0.012500
0 0.395875 0.520052 0.004250 0.010937
0 0.406875 0.487500 0.004250 0.015625
0 0.397250 0.450521 0.007000 0.010417
0 0.394250 0.444531 0.006000 0.011979
0 0.393375 0.388021 0.003250 0.013542
0 0.396750 0.387240 0.003500 0.011979
0 0.401750 0.374479 0.005000 0.013542
0 0.400125 0.372656 0.003750 0.010937
0 0.402750 0.309635 0.006000 0.009896
0 0.404250 0.294271 0.006500 0.010417
0 0.406375 0.255729 0.003750 0.011458
0 0.400500 0.245312 0.004000 0.013542
0 0.403500 0.243490 0.003500 0.011979
0 0.406500 0.233073 0.003500 0.009896
0 0.394625 0.228906 0.005250 0.014063
0 0.384500 0.180729 0.006500 0.009375
0 0.377250 0.179948 0.004500 0.007812
0 0.392125 0.163281 0.003250 0.009896
0 0.416125 0.178125 0.005250 0.010417
0 0.414875 0.230990 0.005750 0.013021
0 0.416250 0.242969 0.005000 0.010937
0 0.414750 0.269531 0.003500 0.014063
0 0.418375 0.276042 0.003250 0.010417
0 0.432250 0.271094 0.005500 0.009896
0 0.413000 0.324219 0.004500 0.015104
0 0.412875 0.336979 0.003250 0.014583
0 0.412000 0.376823 0.004500 0.011979
0 0.416000 0.399740 0.005500 0.013021
0 0.409125 0.420052 0.002250 0.015104
0 0.411500 0.424479 0.003000 0.010417
0 0.431250 0.439844 0.007000 0.014063
0 0.411375 0.364583 0.002750 0.010417
0 0.411750 0.355469 0.003000 0.009896
0 0.414000 0.287240 0.004500 0.006771
0 0.411500 0.164062 0.005000 0.009375
0 0.409250 0.606250 0.004500 0.012500
0 0.443125 0.554688 0.005750 0.011458
0 0.436500 0.555208 0.007000 0.008333
0 0.459875 0.519010 0.007750 0.007812
0 0.458625 0.510938 0.007250 0.008333
0 0.464750 0.506510 0.007000 0.006771
0 0.469000 0.501042 0.007000 0.007292
0 0.459875 0.485937 0.007250 0.009375
0 0.480875 0.473177 0.004250 0.011979
0 0.482125 0.470833 0.003250 0.008333
0 0.476250 0.470573 0.005500 0.009896
0 0.475750 0.466146 0.004000 0.009375
0 0.476125 0.457552 0.006250 0.009896
0 0.471500 0.442708 0.005500 0.013542
0 0.480375 0.447396 0.005250 0.008333
0 0.479625 0.443750 0.005250 0.008333
0 0.489750 0.458854 0.005500 0.010417
0 0.493625 0.453385 0.006750 0.006771
0 0.490625 0.448437 0.006250 0.006250
0 0.492250 0.441667 0.004000 0.008333
0 0.493250 0.433333 0.004000 0.010417
0 0.489500 0.440885 0.004000 0.008854
0 0.487000 0.439583 0.005000 0.008333
0 0.489125 0.432812 0.004750 0.008333
0 0.488000 0.428125 0.005500 0.006250
0 0.487500 0.424740 0.005500 0.006771
0 0.495750 0.413542 0.006500 0.009375
0 0.520625 0.363021 0.005250 0.012500
0 0.515875 0.396875 0.005250 0.010417
0 0.510500 0.418490 0.004500 0.007812
0 0.511750 0.409896 0.005000 0.006250
0 0.524250 0.393750 0.004000 0.010417
0 0.515250 0.377865 0.004000 0.011979
0 0.513125 0.384635 0.004250 0.006771
0 0.514125 0.389583 0.004250 0.006250
0 0.511375 0.396875 0.003250 0.008333
0 0.506125 0.419010 0.003750 0.008854
0 0.581000 0.365104 0.004000 0.012500
0 0.563500 0.409635 0.004000 0.014063
0 0.522250 0.428125 0.004000 0.015625
0 0.498750 0.470833 0.004000 0.010417
0 0.501250 0.481510 0.006000 0.013021
0 0.501125 0.481250 0.004750 0.011458
0 0.424625 0.640885 0.005750 0.015104
0 0.476500 0.639844 0.007000 0.008854
0 0.484125 0.637240 0.006250 0.007812
0 0.570125 0.566927 0.004750 0.011979
0 0.618875 0.617708 0.005750 0.009375
0 0.630875 0.592969 0.006750 0.008854
0 0.642500 0.566406 0.007000 0.008854
0 0.666375 0.514062 0.004250 0.008333
0 0.652625 0.592187 0.005750 0.007292
0 0.665250 0.608073 0.005000 0.011979
0 0.685000 0.610417 0.006000 0.009375
0 0.696250 0.543490 0.005000 0.011979
0 0.742875 0.603125 0.004250 0.006250
0 0.737625 0.624479 0.004750 0.014583
0 0.695375 0.667188 0.006750 0.008333
0 0.613000 0.638021 0.006000 0.008333
0 0.607625 0.653385 0.005750 0.009896
0 0.605750 0.664062 0.005000 0.005208
0 0.606125 0.659115 0.005750 0.004687
0 0.602375 0.645312 0.005250 0.005208
0 0.602500 0.640365 0.006000 0.006771
0 0.592000 0.637500 0.006500 0.007292
0 0.596500 0.655729 0.004000 0.012500
0 0.594875 0.643229 0.005750 0.012500
0 0.581375 0.646875 0.006250 0.005208
0 0.581875 0.643229 0.005750 0.004167
0 0.575500 0.664062 0.006000 0.008333
0 0.576250 0.660677 0.005500 0.006771
0 0.565625 0.652865 0.005750 0.008854
0 0.544750 0.675521 0.004000 0.012500
0 0.542875 0.674479 0.003750 0.010417
0 0.530000 0.651302 0.007000 0.008854
0 0.524625 0.655469 0.004750 0.011979
0 0.536250 0.665104 0.003500 0.009375
0 0.537375 0.661458 0.003750 0.010417
0 0.539000 0.655469 0.006000 0.008854
0 0.494250 0.666146 0.004000 0.007292
0 0.492625 0.662500 0.004750 0.010417
0 0.441500 0.673698 0.007000 0.008854
0 0.525000 0.824479 0.005500 0.013542
0 0.530500 0.814844 0.005000 0.008854
0 0.531375 0.858594 0.005750 0.011979
0 0.431625 0.772656 0.004750 0.015104
0 0.439000 0.783854 0.005000 0.016667
0 0.447250 0.829427 0.003500 0.013021
0 0.450125 0.828125 0.004250 0.010417
0 0.457750 0.905729 0.007000 0.007292
0 0.461000 0.899479 0.004000 0.010417
0 0.483000 0.920312 0.004500 0.013542
0 0.482625 0.958594 0.003750 0.008854
0 0.483875 0.956771 0.005750 0.010417
0 0.485625 0.952604 0.005250 0.006250
