0 0.002344 0.465750 0.004687 0.002500
0 0.004167 0.464000 0.008333 0.004000
0 0.114844 0.516750 0.014063 0.004500
0 0.288802 0.564250 0.008854 0.006000
0 0.354687 0.562250 0.013542 0.005000
0 0.190104 0.509000 0.010417 0.006000
0 0.157812 0.515500 0.013542 0.002500
0 0.158594 0.513625 0.011979 0.002250
0 0.417708 0.509250 0.013542 0.004000
0 0.408073 0.496250 0.005729 0.005000
0 0.401823 0.496000 0.006771 0.004500
0 0.415625 0.489625 0.010417 0.006250
0 0.323698 0.441250 0.011979 0.004500
0 0.347396 0.432750 0.008333 0.006000
0 0.340885 0.434125 0.004687 0.005250
0 0.337240 0.433125 0.004687 0.004750
0 0.290625 0.414125 0.008333 0.005750
0 0.284896 0.390250 0.011458 0.003000
0 0.245573 0.337125 0.013021 0.003250
0 0.234896 0.334000 0.008333 0.005000
0 0.296875 0.381625 0.009375 0.003750
0 0.319531 0.397625 0.010937 0.005750
0 0.540104 0.522875 0.006250 0.006250
0 0.534635 0.522750 0.004687 0.005000
0 0.611458 0.432625 0.010417 0.006250
0 0.575781 0.421875 0.016146 0.004250
0 0.719792 0.304375 0.008333 0.007750
0 0.715625 0.317125 0.008333 0.006250
0 0.725260 0.285625 0.013021 0.003750
0 0.709635 0.292625 0.005729 0.007750
0 0.704427 0.292250 0.006771 0.006000
0 0.735156 0.267750 0.010937 0.007000
0 0.730208 0.238875 0.016667 0.005250
0 0.716927 0.238250 0.008854 0.006500
0 0.794531 0.238375 0.013021 0.005750
0 0.839583 0.221625 0.011458 0.005250
0 0.826042 0.245250 0.013542 0.005000
0 0.804167 0.246500 0.009375 0.006500
0 0.794271 0.259750 0.009375 0.008000
0 0.778906 0.266000 0.007812 0.006000
0 0.730729 0.318375 0.008333 0.005250
0 0.725521 0.324500 0.007292 0.006500
0 0.689844 0.372875 0.007812 0.006250
0 0.673438 0.398125 0.008333 0.004750
0 0.615625 0.449000 0.006250 0.005000
0 0.621094 0.448625 0.007812 0.004250
0 0.624219 0.447375 0.004687 0.003250
0 0.837240 0.542125 0.008854 0.005250
0 0.873958 0.522000 0.008333 0.005500
0 0.755729 0.610250 0.011458 0.004000
0 0.756771 0.608375 0.009375 0.003250
0 0.749740 0.598750 0.008854 0.004000
0 0.819531 0.628750 0.006771 0.005000
0 0.827083 0.631875 0.012500 0.003750
0 0.861198 0.625500 0.014063 0.004500
0 0.890885 0.620875 0.013021 0.005250
0 0.913802 0.602250 0.010937 0.003500
0 0.884896 0.658500 0.010417 0.002500
0 0.883073 0.656000 0.013021 0.003000
