0 0.025781 0.354750 0.005729 0.004500
0 0.062760 0.351250 0.006771 0.005000
0 0.035417 0.375625 0.007292 0.006250
0 0.093490 0.376375 0.009896 0.004250
0 0.111198 0.390750 0.005729 0.005000
0 0.121094 0.390625 0.005729 0.005250
0 0.111979 0.395875 0.008333 0.003250
0 0.114844 0.374375 0.009896 0.003750
0 0.116927 0.372000 0.007812 0.004000
0 0.129948 0.362000 0.011979 0.003500
0 0.105469 0.368375 0.008854 0.004250
0 0.107812 0.367500 0.007292 0.003500
0 0.141667 0.388750 0.011458 0.004500
0 0.133073 0.401750 0.011979 0.003500
0 0.142708 0.411000 0.005208 0.004000
0 0.147135 0.411250 0.006771 0.005500
0 0.193490 0.440125 0.007812 0.005250
0 0.194271 0.446250 0.006250 0.005000
0 0.256771 0.473000 0.009375 0.004000
0 0.240104 0.459250 0.007292 0.004500
0 0.220833 0.445750 0.010417 0.003500
0 0.187500 0.424750 0.005208 0.005000
0 0.194010 0.422625 0.006771 0.003750
0 0.202344 0.429625 0.007812 0.001750
0 0.201302 0.427750 0.010937 0.002500
0 0.188542 0.420125 0.007292 0.002250
0 0.190365 0.419250 0.008854 0.003000
0 0.172917 0.411875 0.012500 0.003250
0 0.154427 0.402750 0.004687 0.004000
0 0.157292 0.402750 0.003125 0.005000
0 0.160417 0.402875 0.004167 0.004250
0 0.153906 0.399250 0.009896 0.002000
0 0.154167 0.397500 0.008333 0.002000
0 0.152344 0.394000 0.003646 0.003000
0 0.148698 0.393250 0.007812 0.004500
0 0.292187 0.451000 0.009375 0.005000
0 0.295573 0.444500 0.007812 0.002500
0 0.293750 0.443000 0.010417 0.002000
0 0.293229 0.440625 0.009375 0.002750
0 0.295833 0.435375 0.006250 0.005750
0 0.302865 0.425000 0.006771 0.004000
0 0.295833 0.424125 0.009375 0.003750
0 0.298177 0.422250 0.008854 0.002500
0 0.303385 0.418875 0.007812 0.004750
0 0.296094 0.419500 0.007812 0.004500
0 0.285677 0.418125 0.005729 0.003750
0 0.290885 0.416375 0.007812 0.004250
0 0.307031 0.403750 0.007812 0.005500
0 0.297656 0.410375 0.003646 0.005250
0 0.294271 0.410875 0.003125 0.005750
0 0.288281 0.407250 0.008854 0.004500
0 0.289323 0.405125 0.008854 0.003250
0 0.316146 0.376000 0.006250 0.005000
0 0.312760 0.375250 0.004687 0.004000
0 0.302865 0.374125 0.006771 0.003750
0 0.299479 0.373000 0.009375 0.004000
0 0.321875 0.355375 0.007292 0.006250
0 0.230729 0.354750 0.008333 0.005000
0 0.259115 0.353750 0.007812 0.003500
0 0.257031 0.352125 0.008854 0.003750
0 0.313542 0.324625 0.009375 0.003750
0 0.331771 0.317250 0.009375 0.005000
0 0.344792 0.301000 0.007292 0.005000
0 0.342187 0.299875 0.005208 0.003750
0 0.356250 0.272125 0.008333 0.006750
0 0.378125 0.264750 0.005208 0.003000
0 0.375000 0.263500 0.009375 0.003500
0 0.412760 0.279125 0.007812 0.004750
0 0.399219 0.281875 0.008854 0.005750
0 0.401302 0.300625 0.009896 0.004250
0 0.360677 0.313875 0.009896 0.003750
0 0.353125 0.311375 0.008333 0.005750
0 0.376302 0.327750 0.009896 0.003000
0 0.388021 0.325250 0.008333 0.004500
0 0.345052 0.332500 0.005729 0.006000
0 0.448177 0.303250 0.005729 0.005500
0 0.445052 0.302625 0.004687 0.004250
0 0.384115 0.344375 0.007812 0.004750
0 0.377083 0.348125 0.007292 0.005750
0 0.361979 0.353375 0.005208 0.005750
0 0.357292 0.353500 0.004167 0.004500
0 0.346615 0.356375 0.005729 0.005750
0 0.340885 0.358000 0.005729 0.005500
0 0.338021 0.357500 0.005208 0.004500
0 0.326823 0.379250 0.006771 0.005500
0 0.333854 0.377500 0.009375 0.004500
0 0.331771 0.373625 0.008333 0.003750
0 0.333333 0.371875 0.006250 0.003750
0 0.341146 0.374875 0.006250 0.004750
0 0.344010 0.374500 0.005729 0.004000
0 0.376042 0.370750 0.009375 0.003000
0 0.371354 0.367000 0.006250 0.005500
0 0.385937 0.361250 0.007292 0.004000
0 0.400000 0.373500 0.009375 0.004500
0 0.380990 0.377125 0.005729 0.003250
0 0.383073 0.376375 0.006771 0.003750
0 0.385937 0.375375 0.005208 0.002750
0 0.375781 0.389875 0.008854 0.001750
0 0.375781 0.387750 0.010937 0.002500
0 0.341146 0.400125 0.004167 0.004250
0 0.336719 0.400625 0.006771 0.005250
0 0.328125 0.405000 0.005208 0.005000
0 0.323177 0.406250 0.007812 0.004500
0 0.319271 0.409375 0.005208 0.005250
0 0.330208 0.409125 0.005208 0.004750
0 0.320573 0.413750 0.006771 0.004000
0 0.335156 0.411125 0.006771 0.003750
0 0.328906 0.414375 0.006771 0.004250
0 0.319271 0.425250 0.008333 0.004500
0 0.316406 0.428625 0.008854 0.002250
0 0.314323 0.431625 0.005729 0.004250
0 0.336458 0.420375 0.005208 0.005250
0 0.332031 0.419125 0.006771 0.004750
0 0.325260 0.434000 0.008854 0.004500
0 0.318490 0.437250 0.009896 0.003000
0 0.312760 0.440000 0.006771 0.006000
0 0.351302 0.432875 0.006771 0.004250
0 0.309375 0.458375 0.006250 0.004750
0 0.323698 0.480875 0.007812 0.003750
0 0.377083 0.447875 0.006250 0.004750
0 0.378646 0.446125 0.007292 0.003250
0 0.395833 0.444750 0.010417 0.003000
0 0.414583 0.437125 0.005208 0.004750
0 0.416667 0.433625 0.010417 0.002750
0 0.419010 0.435875 0.004687 0.002250
0 0.440885 0.424375 0.009896 0.002250
0 0.441406 0.422625 0.007812 0.001750
0 0.446875 0.420375 0.011458 0.002750
0 0.462500 0.411625 0.011458 0.002250
0 0.460417 0.409750 0.007292 0.002000
0 0.436198 0.400750 0.011979 0.005000
0 0.611198 0.349875 0.009896 0.004750
0 0.784635 0.347500 0.008854 0.004000
0 0.782813 0.346125 0.010417 0.004750
0 0.780469 0.339250 0.011979 0.003000
0 0.779948 0.337750 0.009896 0.002500
0 0.772396 0.343500 0.009375 0.002500
0 0.771615 0.341875 0.011979 0.003750
0 0.747396 0.345625 0.007292 0.003250
0 0.744792 0.344250 0.008333 0.005500
0 0.682813 0.330500 0.005208 0.006000
0 0.686979 0.331000 0.005208 0.004000
0 0.675521 0.337500 0.010417 0.005000
0 0.672396 0.336500 0.006250 0.003500
0 0.691406 0.342750 0.009896 0.003000
0 0.689844 0.340750 0.010937 0.004500
0 0.706771 0.342250 0.009375 0.004500
0 0.705990 0.341250 0.009896 0.003500
0 0.704427 0.351000 0.010937 0.005500
0 0.681250 0.351875 0.008333 0.004250
0 0.672135 0.347875 0.009896 0.005250
0 0.659635 0.348875 0.007812 0.005750
0 0.657031 0.348125 0.006771 0.004750
0 0.650000 0.347375 0.010417 0.002750
0 0.648958 0.345750 0.010417 0.002500
0 0.643229 0.356000 0.009375 0.002500
0 0.642188 0.354125 0.011458 0.003750
0 0.677344 0.361000 0.007812 0.005000
0 0.676823 0.357250 0.009896 0.004500
0 0.723177 0.366000 0.011979 0.004000
0 0.709635 0.371000 0.011979 0.005000
0 0.638542 0.369250 0.012500 0.003500
0 0.614323 0.372125 0.011979 0.004250
0 0.615625 0.377750 0.007292 0.005500
0 0.614844 0.363500 0.006771 0.004500
0 0.612500 0.361625 0.011458 0.003250
0 0.609896 0.360500 0.008333 0.002500
0 0.608854 0.359000 0.010417 0.002500
0 0.602865 0.364500 0.003646 0.004000
0 0.598177 0.363875 0.007812 0.004250
0 0.604427 0.376875 0.008854 0.004750
0 0.598437 0.375875 0.005208 0.004750
0 0.595313 0.375625 0.004167 0.003250
0 0.589583 0.378750 0.007292 0.005000
0 0.595833 0.383125 0.008333 0.004250
0 0.578646 0.382000 0.007292 0.004500
0 0.576562 0.381500 0.007292 0.004000
0 0.589583 0.392625 0.009375 0.002250
0 0.588802 0.390375 0.009896 0.003750
0 0.538021 0.396250 0.005208 0.003500
0 0.533594 0.395500 0.004687 0.005500
0 0.556771 0.403375 0.009375 0.003750
0 0.551042 0.400625 0.007292 0.004250
0 0.555990 0.411625 0.010937 0.003250
0 0.533073 0.408375 0.006771 0.004750
0 0.539062 0.402875 0.007292 0.002250
0 0.533594 0.405000 0.011979 0.002500
0 0.534635 0.415375 0.008854 0.004750
0 0.528906 0.414250 0.006771 0.004000
0 0.510677 0.418000 0.010937 0.004000
0 0.487760 0.414250 0.011979 0.003000
0 0.498698 0.416625 0.008854 0.003750
0 0.489583 0.419875 0.008333 0.003250
0 0.490885 0.418750 0.008854 0.003000
0 0.509115 0.413625 0.008854 0.002750
0 0.503125 0.417125 0.007292 0.003750
0 0.479687 0.419750 0.009375 0.004000
0 0.476562 0.418750 0.008333 0.004000
0 0.465625 0.426250 0.005208 0.005000
0 0.457813 0.426750 0.003125 0.004000
0 0.460938 0.426375 0.004167 0.004750
0 0.454948 0.431250 0.008854 0.004500
0 0.484896 0.424000 0.007292 0.002500
0 0.481250 0.422500 0.010417 0.002000
0 0.474740 0.422750 0.005729 0.002500
0 0.475000 0.425375 0.007292 0.003750
0 0.481510 0.427000 0.009896 0.002500
0 0.475000 0.427750 0.010417 0.001500
0 0.475521 0.429625 0.009375 0.001750
0 0.478646 0.434375 0.011458 0.003250
0 0.498437 0.435875 0.011458 0.002750
0 0.478385 0.431625 0.010937 0.002250
0 0.466146 0.438625 0.009375 0.004250
0 0.474740 0.437375 0.006771 0.003750
0 0.458594 0.443000 0.010937 0.004000
0 0.438542 0.446375 0.008333 0.002750
0 0.438021 0.441625 0.005208 0.004250
0 0.440625 0.440875 0.005208 0.004250
0 0.432552 0.443375 0.007812 0.003750
0 0.424219 0.446875 0.007812 0.004250
0 0.431510 0.446625 0.005729 0.002750
0 0.432812 0.448875 0.008333 0.002250
0 0.429948 0.451375 0.009896 0.003750
0 0.443229 0.450625 0.007292 0.002250
0 0.446094 0.452375 0.008854 0.003250
0 0.409635 0.453625 0.005729 0.004750
0 0.402344 0.457000 0.005729 0.005000
0 0.395573 0.458125 0.005729 0.002750
0 0.391406 0.458500 0.004687 0.004000
0 0.390885 0.462250 0.004687 0.004000
0 0.389062 0.464375 0.004167 0.002750
0 0.384635 0.464375 0.006771 0.004250
0 0.377083 0.468375 0.005208 0.005250
0 0.371354 0.469250 0.007292 0.003500
0 0.364063 0.475000 0.005208 0.004000
0 0.369531 0.475875 0.007812 0.003750
0 0.360677 0.482500 0.009896 0.004000
0 0.340104 0.497000 0.008333 0.005000
0 0.365625 0.494875 0.007292 0.006250
0 0.409635 0.491250 0.007812 0.005500
0 0.412240 0.490375 0.006771 0.004250
0 0.425000 0.486625 0.011458 0.003250
0 0.486719 0.482625 0.011979 0.002750
0 0.592969 0.449375 0.008854 0.005250
0 0.594010 0.469375 0.010937 0.003750
0 0.597656 0.480625 0.009896 0.004750
0 0.632292 0.479625 0.007292 0.005250
0 0.635677 0.478625 0.006771 0.004250
0 0.650260 0.481125 0.008854 0.004250
0 0.652083 0.480125 0.007292 0.003250
0 0.658594 0.477625 0.004687 0.005250
0 0.663281 0.477000 0.005729 0.005500
0 0.697396 0.478625 0.008333 0.004750
0 0.699219 0.478000 0.007812 0.003500
0 0.729427 0.480125 0.008854 0.003750
0 0.732031 0.479125 0.007812 0.003250
0 0.817969 0.466750 0.009896 0.005500
0 0.844010 0.474750 0.010937 0.005000
0 0.878125 0.474000 0.010417 0.004500
0 0.772656 0.475875 0.008854 0.004750
0 0.774740 0.474875 0.007812 0.003750
0 0.784375 0.477750 0.008333 0.004000
0 0.785937 0.476375 0.007292 0.003250
0 0.926562 0.437375 0.009375 0.004750
0 0.957552 0.443500 0.010937 0.005000
0 0.951302 0.454375 0.006771 0.003750
0 0.953646 0.453500 0.008333 0.004500
0 0.955990 0.452750 0.006771 0.003500
0 0.971094 0.480750 0.009896 0.004500
0 0.984635 0.491375 0.007812 0.003750
0 0.980729 0.490125 0.009375 0.003250
0 0.954167 0.492125 0.010417 0.002250
0 0.954167 0.490125 0.010417 0.001750
0 0.927865 0.489625 0.013021 0.003250
0 0.909115 0.494750 0.007812 0.004500
0 0.918490 0.522000 0.008854 0.004500
0 0.836979 0.516000 0.007292 0.004000
0 0.836198 0.485750 0.011979 0.003000
0 0.723177 0.486750 0.005729 0.004000
0 0.671094 0.496375 0.011979 0.003250
0 0.709635 0.485750 0.010937 0.001500
0 0.710677 0.487375 0.009896 0.002250
0 0.654948 0.488750 0.004687 0.003500
0 0.651302 0.488250 0.004687 0.003500
0 0.644531 0.488000 0.010937 0.002500
0 0.513542 0.496000 0.010417 0.003000
0 0.545573 0.500875 0.009896 0.003250
0 0.534375 0.491500 0.008333 0.002500
0 0.406250 0.504250 0.007292 0.004500
0 0.913021 0.678500 0.009375 0.005000
0 0.714844 0.619500 0.007812 0.006000
0 0.695312 0.615125 0.009375 0.003250
0 0.394531 0.532875 0.006771 0.004750
0 0.345313 0.526875 0.010417 0.004250
0 0.415885 0.528875 0.008854 0.003750
0 0.416406 0.527250 0.005729 0.003500
0 0.422396 0.527625 0.006250 0.005750
0 0.582292 0.568000 0.006250 0.004500
0 0.591406 0.559000 0.006771 0.004500
0 0.576562 0.552500 0.004167 0.005500
0 0.579948 0.552125 0.003646 0.003750
0 0.621094 0.579750 0.005729 0.003500
0 0.623437 0.579250 0.007292 0.005000
0 0.626563 0.578625 0.007292 0.003750
0 0.636458 0.587750 0.007292 0.004500
0 0.645833 0.587375 0.011458 0.003750
0 0.652344 0.583750 0.009896 0.003000
0 0.645833 0.583125 0.006250 0.004250
0 0.642448 0.581750 0.006771 0.002500
0 0.652344 0.593250 0.009896 0.005500
0 0.957552 0.647875 0.013021 0.005250
0 0.872135 0.636875 0.006771 0.003750
0 0.874219 0.636000 0.008854 0.004500
0 0.852344 0.633750 0.009896 0.005000
0 0.811979 0.640750 0.006250 0.005000
0 0.814583 0.639250 0.006250 0.004500
0 0.834115 0.629500 0.007812 0.005000
0 0.840365 0.630500 0.009896 0.004000
0 0.841146 0.625875 0.009375 0.002250
0 0.840625 0.627250 0.010417 0.002500
0 0.844792 0.629750 0.010417 0.003000
0 0.803906 0.632375 0.009896 0.005250
0 0.820052 0.628125 0.005729 0.004250
0 0.822396 0.627250 0.007292 0.005000
0 0.820833 0.620875 0.007292 0.004750
0 0.823177 0.619875 0.006771 0.003250
0 0.797135 0.612875 0.010937 0.003750
0 0.798177 0.609625 0.006771 0.004750
0 0.799479 0.601375 0.009375 0.003250
0 0.764062 0.610125 0.010417 0.004250
0 0.764844 0.605625 0.009896 0.004750
0 0.750000 0.607500 0.010417 0.006000
0 0.764062 0.624875 0.004167 0.003750
0 0.767448 0.625125 0.005729 0.005250
0 0.811458 0.578000 0.011458 0.003500
0 0.750521 0.579125 0.011458 0.004250
0 0.714063 0.594750 0.006250 0.003500
0 0.716927 0.594125 0.007812 0.004750
0 0.756771 0.554500 0.008333 0.005000
0 0.318490 0.550625 0.006771 0.003750
0 0.345052 0.547625 0.007812 0.005750
0 0.331250 0.567375 0.005208 0.004750
0 0.394531 0.545250 0.010937 0.004000
0 0.392188 0.553875 0.009375 0.003250
0 0.416146 0.554000 0.007292 0.004000
0 0.418229 0.553125 0.006250 0.002750
0 0.405990 0.558750 0.003646 0.003000
0 0.409635 0.558875 0.004687 0.004250
0 0.415625 0.558125 0.007292 0.004250
0 0.419010 0.557750 0.006771 0.003000
0 0.450260 0.566875 0.010937 0.002750
0 0.461979 0.567000 0.007292 0.002500
0 0.462760 0.566125 0.008854 0.003250
0 0.458854 0.574750 0.005208 0.004500
0 0.464844 0.575250 0.007812 0.004500
0 0.428646 0.574250 0.006250 0.003000
0 0.431250 0.573500 0.010417 0.003500
0 0.400521 0.572625 0.010417 0.004750
0 0.408854 0.578000 0.010417 0.004500
0 0.494792 0.580500 0.011458 0.004500
0 0.494271 0.587250 0.010417 0.005000
0 0.498437 0.593000 0.007292 0.005500
0 0.493490 0.594750 0.008854 0.005000
0 0.495833 0.599750 0.011458 0.004500
0 0.516927 0.593000 0.007812 0.004500
0 0.520052 0.588625 0.014063 0.003250
0 0.469792 0.593125 0.009375 0.004250
0 0.471615 0.592000 0.008854 0.002500
0 0.483594 0.607875 0.009896 0.004750
0 0.511719 0.608375 0.010937 0.003750
0 0.519792 0.607625 0.011458 0.004250
0 0.514583 0.612375 0.011458 0.004250
0 0.532552 0.613375 0.009896 0.005250
0 0.538542 0.619875 0.009375 0.003750
0 0.514583 0.600000 0.008333 0.005000
0 0.522917 0.603000 0.009375 0.004000
0 0.527344 0.600250 0.007812 0.003000
0 0.530208 0.603625 0.005208 0.003750
0 0.539583 0.602250 0.011458 0.004000
0 0.497396 0.610125 0.006250 0.003250
0 0.498958 0.609250 0.009375 0.004000
0 0.555990 0.637750 0.009896 0.005000
0 0.569271 0.635250 0.011458 0.004500
0 0.574740 0.624375 0.008854 0.004750
0 0.605729 0.628375 0.011458 0.004750
0 0.585417 0.631250 0.006250 0.004000
0 0.588281 0.630375 0.007812 0.004250
0 0.578385 0.639625 0.007812 0.003250
0 0.580469 0.638875 0.007812 0.003250
0 0.565625 0.665000 0.009375 0.004500
0 0.576562 0.663000 0.006250 0.006000
0 0.596094 0.663750 0.006771 0.004500
0 0.589063 0.661750 0.010417 0.004000
0 0.616927 0.658750 0.009896 0.004500
0 0.605469 0.655250 0.006771 0.005000
0 0.614062 0.653000 0.012500 0.004000
0 0.563281 0.660250 0.006771 0.004000
0 0.565104 0.659250 0.008333 0.005000
0 0.572135 0.658625 0.005729 0.003750
0 0.574219 0.657750 0.007812 0.004500
0 0.584635 0.658625 0.009896 0.002250
0 0.584635 0.657000 0.009896 0.002500
0 0.575000 0.653250 0.007292 0.003000
0 0.576823 0.652000 0.009896 0.004000
0 0.669792 0.675000 0.008333 0.005000
0 0.668490 0.679250 0.008854 0.005500
0 0.616406 0.695625 0.007812 0.005750
0 0.619271 0.693625 0.006250 0.005250
0 0.690625 0.696125 0.010417 0.004750
0 0.669271 0.698625 0.006250 0.005250
0 0.672917 0.697875 0.005208 0.003750
0 0.665104 0.723750 0.005208 0.004500
0 0.668229 0.723250 0.006250 0.005500
0 0.670833 0.722625 0.006250 0.004750
0 0.745052 0.717250 0.008854 0.004500
0 0.736719 0.721375 0.007812 0.004250
0 0.739583 0.720125 0.009375 0.004750
0 0.504427 0.642000 0.007812 0.004500
0 0.495573 0.634500 0.008854 0.005000
0 0.485677 0.639250 0.008854 0.004000
0 0.445833 0.602875 0.007292 0.002250
0 0.445312 0.600625 0.008333 0.002250
0 0.419531 0.590500 0.006771 0.005500
0 0.308594 0.571625 0.006771 0.005250
0 0.316406 0.585125 0.006771 0.003750
0 0.319010 0.584375 0.008854 0.004750
0 0.308333 0.600375 0.011458 0.004250
0 0.341406 0.606500 0.006771 0.005000
0 0.326042 0.614625 0.006250 0.003750
0 0.328646 0.613875 0.007292 0.004250
0 0.350000 0.618375 0.006250 0.005250
0 0.344271 0.618375 0.005208 0.005250
0 0.348177 0.626125 0.005729 0.005250
0 0.353385 0.642375 0.004687 0.004750
0 0.356771 0.639000 0.003125 0.005000
0 0.353385 0.638375 0.003646 0.004750
0 0.347135 0.653125 0.008854 0.004250
0 0.366146 0.679500 0.007292 0.007000
0 0.375000 0.708250 0.006250 0.004500
0 0.365104 0.705625 0.006250 0.003750
0 0.362760 0.706625 0.005729 0.004250
0 0.351042 0.698500 0.009375 0.003000
0 0.341667 0.699875 0.010417 0.003750
0 0.340104 0.697375 0.006250 0.003250
0 0.332292 0.703000 0.007292 0.003000
0 0.321615 0.703250 0.007812 0.004000
0 0.324219 0.700875 0.006771 0.003750
0 0.327865 0.699500 0.004687 0.003500
0 0.332813 0.698875 0.007292 0.003750
0 0.325260 0.696875 0.006771 0.004750
0 0.290625 0.713125 0.006250 0.003750
0 0.293229 0.711750 0.008333 0.003500
0 0.254688 0.681250 0.009375 0.005000
0 0.359635 0.679250 0.005729 0.005000
0 0.345052 0.662500 0.007812 0.004000
0 0.349740 0.662125 0.006771 0.004750
0 0.321354 0.660000 0.009375 0.003000
0 0.324479 0.654875 0.007292 0.004750
0 0.332292 0.652875 0.009375 0.002250
0 0.341146 0.648750 0.005208 0.004000
0 0.344271 0.648750 0.005208 0.004500
0 0.329427 0.637000 0.009896 0.002000
0 0.327604 0.634625 0.009375 0.002250
0 0.323437 0.631750 0.008333 0.004000
0 0.332292 0.632000 0.008333 0.003500
0 0.339062 0.631750 0.007292 0.004500
0 0.448958 0.648000 0.010417 0.005000
0 0.613281 0.400125 0.010937 0.003750
0 0.624219 0.398375 0.009896 0.004750
0 0.664323 0.379875 0.013021 0.004750
0 0.732031 0.386625 0.014063 0.004250
0 0.700260 0.400750 0.007812 0.003500
0 0.702865 0.399250 0.010937 0.005000
0 0.675260 0.383500 0.011979 0.003500
0 0.674479 0.381625 0.010417 0.001750
