0 0.255375 0.839062 0.005250 0.006250
0 0.255375 0.834375 0.007250 0.006250
0 0.274875 0.799740 0.004250 0.011979
0 0.362875 0.797656 0.004250 0.013021
0 0.363250 0.785677 0.005000 0.010937
0 0.368625 0.791146 0.005250 0.014583
0 0.391875 0.799479 0.005750 0.010417
0 0.395625 0.747656 0.005250 0.010937
0 0.432250 0.765365 0.007000 0.010937
0 0.457875 0.708854 0.003750 0.012500
0 0.459500 0.701042 0.006500 0.007292
0 0.435125 0.706250 0.004750 0.013542
0 0.423875 0.711979 0.006250 0.009375
0 0.390875 0.735156 0.005750 0.010937
0 0.367500 0.744792 0.004500 0.011458
0 0.363875 0.750260 0.003750 0.009896
0 0.360000 0.751823 0.005500 0.011979
0 0.464250 0.619271 0.005500 0.009375
0 0.455750 0.628906 0.006500 0.008854
0 0.440875 0.611719 0.006250 0.009896
0 0.436250 0.621354 0.006000 0.007292
0 0.417125 0.610938 0.004250 0.012500
0 0.374250 0.618750 0.008000 0.014583
0 0.320250 0.593229 0.006000 0.011458
0 0.316250 0.576562 0.005500 0.012500
0 0.291500 0.607552 0.003000 0.010937
0 0.294125 0.607552 0.003750 0.010937
0 0.295250 0.604688 0.004500 0.011458
0 0.258125 0.544010 0.005750 0.016146
0 0.301125 0.521094 0.004750 0.008854
0 0.303625 0.518229 0.003250 0.009375
0 0.473875 0.544271 0.004250 0.014583
0 0.467125 0.552865 0.005250 0.010937
0 0.465750 0.539323 0.003500 0.015104
0 0.458500 0.534896 0.004000 0.014583
0 0.454000 0.514844 0.004000 0.011979
0 0.432875 0.470052 0.006750 0.011979
0 0.424250 0.419271 0.006000 0.008333
0 0.421750 0.405990 0.007500 0.011979
0 0.405500 0.345573 0.005000 0.013021
0 0.366375 0.308594 0.007750 0.009896
0 0.316750 0.258073 0.006500 0.009896
0 0.365375 0.265104 0.002250 0.012500
0 0.367500 0.265885 0.002500 0.014063
0 0.500125 0.528385 0.006750 0.011979
0 0.505000 0.485937 0.003500 0.010417
0 0.507375 0.484635 0.002750 0.008854
0 0.498125 0.474740 0.003750 0.010937
0 0.496500 0.472917 0.002500 0.009375
0 0.512625 0.402865 0.004750 0.009896
0 0.491375 0.372656 0.004250 0.013021
0 0.483125 0.364063 0.005750 0.013542
0 0.460625 0.257292 0.007250 0.009375
0 0.482375 0.149479 0.005250 0.010417
0 0.478500 0.145313 0.005500 0.019792
0 0.538500 0.495833 0.006000 0.010417
0 0.541625 0.474479 0.006250 0.010417
0 0.550875 0.417448 0.002250 0.008854
0 0.552875 0.418750 0.002750 0.007292
0 0.555875 0.414583 0.001750 0.008333
0 0.554875 0.412240 0.001750 0.006771
0 0.553625 0.410417 0.002750 0.008333
0 0.550875 0.371354 0.005750 0.009375
