0 0.647500 0.016667 0.006000 0.010417
0 0.560250 0.165104 0.006000 0.010417
0 0.535250 0.271875 0.010500 0.012500
0 0.567125 0.379167 0.003250 0.012500
0 0.682625 0.301042 0.007250 0.015625
0 0.777750 0.332031 0.006500 0.009896
0 0.715875 0.651823 0.003750 0.014063
0 0.718125 0.640104 0.008250 0.011458
0 0.754750 0.696354 0.005000 0.012500
0 0.756750 0.690365 0.007500 0.013021
0 0.513000 0.694792 0.003500 0.014583
0 0.538750 0.751563 0.004500 0.013542
0 0.537875 0.886719 0.006250 0.013021
0 0.570500 0.942708 0.007500 0.010417
0 0.585125 0.931250 0.007250 0.012500
0 0.433750 0.735938 0.006000 0.008333
0 0.437500 0.782813 0.004000 0.011458
