0 0.319625 0.943490 0.007750 0.015104
0 0.343875 0.931771 0.006250 0.010417
0 0.356500 0.890365 0.005500 0.014063
0 0.353625 0.848958 0.005750 0.015625
0 0.338000 0.845573 0.007000 0.011979
0 0.330875 0.843490 0.004250 0.013021
0 0.338750 0.827083 0.005000 0.014583
0 0.332000 0.809896 0.006500 0.017708
0 0.253000 0.839323 0.006000 0.011979
0 0.266625 0.817187 0.004250 0.009375
0 0.267500 0.765885 0.009000 0.010937
0 0.269875 0.788802 0.006250 0.015104
0 0.267000 0.794531 0.005000 0.011979
0 0.260875 0.798698 0.006750 0.010937
0 0.262625 0.791927 0.005250 0.013021
0 0.248125 0.784115 0.004250 0.010937
0 0.230875 0.764062 0.004250 0.009375
0 0.233875 0.768750 0.004250 0.010417
0 0.261750 0.743750 0.005500 0.013542
0 0.249625 0.710417 0.004750 0.011458
0 0.281000 0.745573 0.005500 0.011979
0 0.288750 0.737240 0.006000 0.010937
0 0.288000 0.725260 0.007500 0.009896
0 0.302625 0.747396 0.006250 0.009375
0 0.322625 0.744531 0.006250 0.011979
0 0.313875 0.723698 0.006750 0.014063
0 0.350000 0.781250 0.004000 0.013542
0 0.359375 0.657552 0.007250 0.013021
0 0.372750 0.655729 0.006500 0.013542
0 0.367250 0.642708 0.004500 0.011458
0 0.369750 0.646094 0.005000 0.011979
0 0.352375 0.633854 0.005250 0.012500
0 0.353000 0.625521 0.007500 0.018750
0 0.369250 0.614062 0.005500 0.011458
0 0.383125 0.620833 0.008250 0.015625
0 0.378125 0.607812 0.006250 0.015625
0 0.382625 0.591146 0.007750 0.014583
0 0.388625 0.592969 0.004750 0.016146
0 0.384250 0.560677 0.005500 0.016146
0 0.379125 0.552865 0.003750 0.014063
0 0.332000 0.626823 0.005500 0.015104
0 0.325625 0.577083 0.005250 0.012500
0 0.334750 0.567969 0.006500 0.016146
0 0.318000 0.578385 0.005500 0.011979
0 0.312375 0.587760 0.005750 0.017188
0 0.312125 0.578385 0.005750 0.016146
0 0.306000 0.586979 0.005000 0.012500
0 0.376000 0.534375 0.006000 0.011458
0 0.374000 0.511719 0.005000 0.011979
0 0.378375 0.508073 0.004750 0.009896
0 0.359625 0.523438 0.006750 0.013542
0 0.365125 0.493229 0.005250 0.013542
0 0.374000 0.488021 0.005500 0.011458
0 0.335875 0.511719 0.005250 0.016146
0 0.326625 0.493750 0.005750 0.012500
0 0.330625 0.490365 0.005250 0.011979
0 0.298250 0.568229 0.007500 0.011458
0 0.303250 0.564583 0.006500 0.014583
0 0.312000 0.534375 0.007000 0.013542
0 0.313750 0.549479 0.005500 0.014583
0 0.307875 0.538281 0.004250 0.015104
0 0.351375 0.491406 0.007250 0.010937
0 0.359000 0.483854 0.007500 0.014583
0 0.355750 0.479167 0.005000 0.011458
0 0.351375 0.478646 0.006750 0.011458
0 0.358625 0.463542 0.007250 0.016667
0 0.357250 0.450521 0.005500 0.010417
0 0.351000 0.459635 0.007000 0.010937
0 0.351000 0.467187 0.006500 0.012500
0 0.345125 0.460156 0.007750 0.011979
0 0.344625 0.482031 0.006250 0.009896
0 0.326250 0.451823 0.006500 0.013021
0 0.335625 0.440885 0.006750 0.013021
0 0.296750 0.550000 0.007000 0.013542
0 0.277875 0.547135 0.005750 0.013021
0 0.266000 0.472917 0.009500 0.012500
0 0.286125 0.505990 0.006750 0.010937
0 0.287750 0.520052 0.006500 0.013021
0 0.283375 0.527604 0.005750 0.013542
0 0.279250 0.521615 0.004500 0.013021
0 0.280375 0.515885 0.003750 0.010937
0 0.283875 0.516667 0.004250 0.009375
0 0.301250 0.469271 0.007000 0.014583
0 0.312875 0.440104 0.004250 0.013542
0 0.307500 0.430990 0.006000 0.016146
0 0.309500 0.428385 0.006000 0.013021
0 0.308250 0.405208 0.008000 0.011458
0 0.303250 0.414323 0.007000 0.017188
0 0.303250 0.402604 0.006500 0.014583
0 0.306875 0.374740 0.006250 0.010937
0 0.294750 0.442969 0.006500 0.013021
0 0.290625 0.439062 0.006250 0.013542
0 0.289250 0.429948 0.009500 0.017188
0 0.290875 0.423698 0.011750 0.016146
0 0.289750 0.414323 0.005500 0.013021
0 0.289125 0.404427 0.009250 0.016146
0 0.269000 0.401562 0.006500 0.013542
0 0.239750 0.384896 0.007000 0.013542
0 0.397375 0.704167 0.006750 0.012500
0 0.394375 0.695312 0.005750 0.011458
0 0.397500 0.692969 0.007500 0.010937
0 0.431000 0.758854 0.006000 0.010417
0 0.445875 0.742188 0.005750 0.010417
0 0.442125 0.737240 0.006750 0.014063
0 0.434375 0.723177 0.005750 0.011979
0 0.420625 0.701823 0.006750 0.015104
0 0.427625 0.692969 0.006250 0.015104
0 0.430500 0.675521 0.006500 0.012500
0 0.403125 0.669271 0.007750 0.016667
0 0.408250 0.670312 0.006500 0.016667
0 0.406625 0.662760 0.007750 0.013021
0 0.455750 0.876042 0.007000 0.013542
0 0.472250 0.879427 0.004500 0.010937
0 0.492000 0.750000 0.008000 0.012500
0 0.486750 0.717448 0.006000 0.009896
0 0.496125 0.703646 0.007250 0.013542
0 0.558875 0.770833 0.004750 0.015625
0 0.547250 0.700521 0.004500 0.011458
0 0.539875 0.644010 0.005750 0.019271
0 0.553500 0.640365 0.005500 0.016146
0 0.557750 0.626042 0.006000 0.011458
0 0.566750 0.629167 0.006500 0.010417
0 0.567500 0.619792 0.006500 0.010417
0 0.563250 0.618229 0.006000 0.011458
0 0.558750 0.606510 0.007500 0.013021
0 0.483750 0.679948 0.006000 0.015104
0 0.464250 0.692187 0.005000 0.014583
0 0.483000 0.659896 0.008500 0.016667
0 0.493125 0.657552 0.006250 0.017188
0 0.489250 0.648958 0.005000 0.014583
0 0.476000 0.643490 0.006000 0.016146
0 0.470750 0.622396 0.007500 0.010417
0 0.465375 0.614062 0.004750 0.013542
0 0.477750 0.608594 0.006500 0.020313
0 0.474375 0.597917 0.005250 0.016667
0 0.471125 0.593490 0.007750 0.016146
0 0.489250 0.570052 0.008000 0.011979
0 0.469875 0.569271 0.010750 0.015625
0 0.457875 0.563281 0.005750 0.011979
0 0.452625 0.551302 0.007750 0.013021
0 0.578875 0.630469 0.005750 0.013021
0 0.574500 0.599479 0.007000 0.016667
0 0.577875 0.587240 0.005750 0.016146
0 0.573625 0.580729 0.010250 0.016667
0 0.565000 0.564063 0.006500 0.017708
0 0.567000 0.550521 0.006500 0.014583
0 0.580125 0.555208 0.005250 0.014583
0 0.563750 0.516927 0.006000 0.015104
0 0.455125 0.509635 0.007250 0.014063
0 0.457625 0.511719 0.006250 0.013021
0 0.456000 0.504948 0.005000 0.009896
0 0.451750 0.492708 0.006500 0.012500
0 0.449500 0.487240 0.005500 0.011979
0 0.440875 0.443229 0.005750 0.015625
0 0.442125 0.430990 0.006750 0.013021
0 0.472500 0.517188 0.006000 0.012500
0 0.469125 0.508333 0.006750 0.013542
0 0.479375 0.511458 0.005750 0.016667
0 0.485875 0.491667 0.006250 0.016667
0 0.488125 0.493229 0.005250 0.013542
0 0.488375 0.477604 0.006250 0.014583
0 0.499250 0.482552 0.007000 0.013021
0 0.494125 0.463802 0.006250 0.015104
0 0.485875 0.458073 0.007250 0.014063
0 0.481375 0.464844 0.006250 0.017188
0 0.477500 0.466146 0.006000 0.017708
0 0.489875 0.423177 0.006250 0.014063
0 0.434875 0.403125 0.007750 0.013542
0 0.425125 0.373437 0.006250 0.012500
0 0.406875 0.358073 0.004250 0.013021
0 0.438000 0.359896 0.008000 0.017708
0 0.436750 0.344271 0.005000 0.018750
0 0.439375 0.351562 0.004750 0.014583
0 0.440625 0.343750 0.003750 0.013542
0 0.450000 0.343750 0.004500 0.013542
0 0.553875 0.532552 0.003750 0.014063
0 0.556625 0.501042 0.005250 0.016667
0 0.561375 0.488021 0.006250 0.010417
0 0.572375 0.495312 0.009250 0.013542
0 0.576625 0.505729 0.006750 0.014583
0 0.582375 0.494010 0.004750 0.014063
0 0.579875 0.472656 0.005250 0.013021
0 0.566375 0.472656 0.004750 0.016146
0 0.562250 0.454687 0.005500 0.013542
0 0.561125 0.442188 0.006750 0.014583
0 0.579750 0.399479 0.005000 0.016667
0 0.575875 0.395313 0.005750 0.016667
0 0.577250 0.383854 0.004500 0.016667
0 0.582750 0.390104 0.005500 0.015625
0 0.582000 0.377865 0.008000 0.015104
0 0.585625 0.377604 0.005750 0.015625
0 0.584875 0.362760 0.005250 0.013021
0 0.568625 0.369531 0.004750 0.010937
0 0.569500 0.363021 0.005500 0.014583
0 0.572500 0.346615 0.005000 0.014063
0 0.577000 0.348438 0.005000 0.014583
0 0.466750 0.339844 0.004500 0.016146
0 0.456500 0.344531 0.007000 0.010937
0 0.461375 0.328385 0.006250 0.013021
0 0.480250 0.342708 0.009000 0.013542
0 0.484375 0.329427 0.004250 0.014063
0 0.480500 0.332292 0.006500 0.015625
0 0.478375 0.272135 0.009250 0.013021
0 0.485125 0.251302 0.007250 0.013021
0 0.466125 0.311719 0.006750 0.010937
0 0.463375 0.304948 0.007250 0.017188
0 0.466000 0.299219 0.006500 0.016146
0 0.465000 0.287240 0.006500 0.011979
0 0.459125 0.289062 0.005750 0.013542
0 0.461875 0.259375 0.007250 0.014583
0 0.450500 0.295573 0.004500 0.009896
0 0.443375 0.305208 0.007750 0.016667
0 0.440250 0.311979 0.006000 0.013542
0 0.425125 0.333073 0.006750 0.015104
0 0.427375 0.341406 0.004250 0.014063
0 0.434000 0.325260 0.005500 0.011979
0 0.434375 0.309115 0.007250 0.015104
0 0.433125 0.302604 0.007250 0.011458
0 0.433375 0.299479 0.006750 0.011458
0 0.434625 0.290885 0.006250 0.009896
0 0.434250 0.283333 0.004000 0.011458
0 0.444750 0.285417 0.005000 0.015625
0 0.447750 0.276042 0.007000 0.010417
0 0.412625 0.306250 0.005250 0.011458
0 0.415875 0.278125 0.007250 0.011458
0 0.412500 0.258073 0.006000 0.015104
0 0.428875 0.264323 0.005750 0.013021
0 0.440250 0.259115 0.006000 0.015104
0 0.422250 0.235937 0.008500 0.012500
0 0.434125 0.237760 0.006250 0.010937
0 0.446500 0.243490 0.006000 0.013021
0 0.447750 0.231250 0.008000 0.014583
0 0.459250 0.203646 0.007000 0.015625
0 0.459750 0.183333 0.007000 0.009375
0 0.461750 0.175260 0.007000 0.013021
0 0.462125 0.164062 0.008250 0.013542
0 0.459875 0.139063 0.008250 0.016667
0 0.462625 0.119792 0.006750 0.012500
0 0.474750 0.121354 0.006500 0.015625
0 0.593625 0.758073 0.004250 0.011979
0 0.606250 0.730990 0.005000 0.009896
0 0.620500 0.808594 0.007000 0.014063
0 0.606375 0.837760 0.004750 0.017188
0 0.617625 0.859115 0.007250 0.014063
0 0.629750 0.848177 0.003500 0.017188
0 0.648625 0.887240 0.007250 0.008854
0 0.650750 0.882292 0.007000 0.012500
0 0.676750 0.875521 0.009500 0.012500
0 0.693000 0.860156 0.007000 0.011979
0 0.658625 0.858854 0.005750 0.014583
0 0.651625 0.840365 0.005750 0.016146
0 0.638875 0.831771 0.011250 0.015625
0 0.641375 0.825781 0.007250 0.013021
0 0.650125 0.813542 0.007250 0.016667
0 0.655500 0.797396 0.006500 0.015625
0 0.635125 0.735677 0.005750 0.013021
0 0.627000 0.717448 0.007500 0.015104
0 0.632250 0.717969 0.005500 0.015104
0 0.637625 0.712500 0.005250 0.012500
0 0.639000 0.697396 0.006500 0.012500
0 0.651750 0.698698 0.007500 0.011979
0 0.657125 0.717448 0.005750 0.013021
0 0.674375 0.732552 0.008750 0.015104
0 0.700875 0.658073 0.007250 0.011979
0 0.624375 0.685677 0.005750 0.013021
0 0.621375 0.667188 0.008250 0.014583
0 0.609375 0.657031 0.007250 0.019271
0 0.613500 0.646354 0.007000 0.009375
0 0.626000 0.648438 0.006000 0.011458
0 0.628125 0.645052 0.007750 0.010937
0 0.659750 0.649479 0.008000 0.012500
0 0.657375 0.635677 0.005250 0.013021
0 0.637500 0.617969 0.006500 0.011979
0 0.639625 0.605990 0.009250 0.011979
0 0.652250 0.602604 0.005500 0.014583
0 0.670750 0.591146 0.007000 0.015625
0 0.686500 0.606510 0.006500 0.009896
0 0.696250 0.633073 0.006500 0.014063
0 0.601750 0.564063 0.007000 0.014583
0 0.601500 0.552865 0.004000 0.015104
0 0.603000 0.547135 0.003000 0.011979
0 0.604875 0.551823 0.006250 0.015104
0 0.596875 0.521354 0.004750 0.015625
0 0.592375 0.520573 0.007750 0.013021
0 0.586625 0.501563 0.007250 0.012500
0 0.586375 0.489323 0.004750 0.015104
0 0.591125 0.477083 0.007750 0.012500
0 0.596500 0.484635 0.005000 0.014063
0 0.599375 0.474479 0.005750 0.012500
0 0.585500 0.458073 0.005000 0.007812
0 0.606250 0.530990 0.008000 0.016146
0 0.617875 0.544792 0.004250 0.013542
0 0.622625 0.528906 0.005250 0.014063
0 0.620000 0.518229 0.006000 0.011458
0 0.609750 0.508854 0.006500 0.015625
0 0.610375 0.502083 0.004250 0.010417
0 0.615625 0.498698 0.005750 0.014063
0 0.617375 0.495833 0.004750 0.012500
0 0.622875 0.495052 0.004250 0.010937
0 0.677750 0.585156 0.005500 0.014063
0 0.677375 0.577083 0.005750 0.010417
0 0.681875 0.584375 0.006250 0.013542
0 0.704125 0.603646 0.007250 0.010417
0 0.704875 0.584375 0.009250 0.013542
0 0.686250 0.572917 0.007500 0.014583
0 0.686625 0.563542 0.006250 0.013542
0 0.684250 0.556771 0.006000 0.009375
0 0.618000 0.480990 0.006500 0.011979
0 0.618375 0.466667 0.006250 0.013542
0 0.630625 0.472135 0.004750 0.010937
0 0.643000 0.466146 0.005500 0.011458
0 0.644750 0.451042 0.006500 0.014583
0 0.640125 0.439062 0.004250 0.015625
0 0.618625 0.426563 0.007250 0.013542
0 0.605500 0.433073 0.005000 0.009896
0 0.604250 0.420312 0.007500 0.012500
0 0.609875 0.392969 0.007750 0.011979
0 0.615500 0.407812 0.006000 0.015625
0 0.618125 0.402344 0.004750 0.011979
0 0.620750 0.399740 0.004500 0.013021
0 0.633125 0.412500 0.006250 0.013542
0 0.642250 0.410677 0.005500 0.014063
0 0.643000 0.391927 0.007000 0.010937
0 0.645375 0.401042 0.005250 0.012500
0 0.647500 0.394792 0.004500 0.011458
0 0.650500 0.395052 0.005500 0.016146
0 0.649625 0.426563 0.003250 0.010417
0 0.652625 0.424740 0.003750 0.011979
0 0.654000 0.429427 0.003500 0.013021
0 0.655000 0.420312 0.007000 0.010417
0 0.658375 0.405990 0.003750 0.008854
0 0.653250 0.386719 0.005000 0.014063
0 0.657875 0.390885 0.005250 0.010937
0 0.616500 0.382292 0.008500 0.014583
0 0.620875 0.378646 0.007250 0.016667
0 0.623625 0.356250 0.006750 0.014583
0 0.627875 0.360677 0.007250 0.014063
0 0.637500 0.378125 0.005000 0.013542
0 0.639875 0.369531 0.005250 0.014063
0 0.644375 0.370312 0.007250 0.016667
0 0.661375 0.358854 0.004750 0.012500
0 0.672250 0.336458 0.005500 0.014583
0 0.672250 0.319271 0.004500 0.014583
0 0.677125 0.290885 0.008250 0.014063
0 0.658750 0.286458 0.004500 0.013542
0 0.661125 0.278906 0.004750 0.013021
0 0.650625 0.260677 0.006750 0.018229
0 0.651000 0.223958 0.006500 0.013542
0 0.638500 0.324479 0.007500 0.015625
0 0.640750 0.339323 0.007500 0.011979
0 0.620125 0.317188 0.007750 0.017708
0 0.605125 0.341927 0.010250 0.016146
0 0.609250 0.354687 0.006500 0.014583
0 0.615625 0.360677 0.007250 0.014063
0 0.612750 0.347135 0.007500 0.018229
0 0.612250 0.270573 0.005500 0.017188
0 0.616250 0.273958 0.007500 0.014583
0 0.626375 0.265104 0.004250 0.016667
0 0.629000 0.265365 0.006500 0.015104
0 0.629500 0.252865 0.008500 0.015104
0 0.618750 0.237760 0.007000 0.010937
0 0.731250 0.849219 0.005000 0.011979
0 0.736250 0.535417 0.005500 0.010417
0 0.756375 0.568229 0.005250 0.012500
0 0.750875 0.570312 0.007250 0.013542
0 0.745625 0.570312 0.005750 0.014583
0 0.744125 0.578125 0.006750 0.010417
0 0.740375 0.582812 0.006750 0.010417
0 0.732125 0.603646 0.006250 0.013542
0 0.732125 0.594792 0.005750 0.013542
0 0.741875 0.590885 0.006250 0.011979
0 0.740875 0.596615 0.007250 0.010937
0 0.737625 0.592187 0.006750 0.011458
