0 0.225521 0.543500 0.023958 0.010500
0 0.228385 0.536625 0.022396 0.013750
0 0.244531 0.554500 0.019271 0.013000
0 0.259115 0.554625 0.015104 0.010750
0 0.259635 0.562250 0.014063 0.010000
0 0.262760 0.582375 0.020313 0.010750
0 0.256250 0.599500 0.018750 0.007500
0 0.407292 0.539125 0.013542 0.009750
0 0.440625 0.543500 0.017708 0.011500
0 0.462240 0.543250 0.016146 0.011000
0 0.471094 0.561500 0.020313 0.013000
0 0.463542 0.569125 0.018750 0.010250
0 0.456250 0.570625 0.018750 0.010250
0 0.452865 0.588125 0.023438 0.008750
0 0.482812 0.577750 0.017708 0.008500
0 0.491927 0.581875 0.014063 0.009750
0 0.543229 0.589625 0.015625 0.010250
0 0.576042 0.598000 0.016667 0.009000
0 0.615625 0.584125 0.025000 0.015250
0 0.644010 0.600000 0.017188 0.008500
0 0.672656 0.627125 0.020313 0.010250
0 0.701823 0.625000 0.013021 0.009500
0 0.270573 0.501000 0.021354 0.009000
0 0.239062 0.487000 0.019792 0.011000
0 0.303906 0.487875 0.028646 0.014750
0 0.303906 0.487500 0.021354 0.013000
0 0.380729 0.498250 0.016667 0.008500
0 0.404948 0.507125 0.013021 0.007750
0 0.276042 0.451375 0.025000 0.011250
0 0.370052 0.464875 0.021354 0.009750
0 0.416667 0.462250 0.025000 0.010000
0 0.440885 0.450250 0.023438 0.012500
0 0.452344 0.447250 0.022396 0.013000
0 0.479948 0.462250 0.023438 0.012000
0 0.463281 0.462875 0.021354 0.009250
0 0.463542 0.476500 0.021875 0.005500
0 0.513542 0.462625 0.026042 0.009750
0 0.503646 0.450250 0.018750 0.009000
0 0.529167 0.459375 0.017708 0.009250
0 0.543490 0.465750 0.022396 0.009000
0 0.550000 0.432625 0.018750 0.011250
0 0.548698 0.434500 0.023438 0.011500
0 0.643490 0.431625 0.025521 0.010250
0 0.659375 0.431250 0.015625 0.009500
0 0.675260 0.425500 0.019271 0.008500
0 0.664583 0.415375 0.023958 0.008750
0 0.675521 0.446500 0.033333 0.012500
0 0.638281 0.450625 0.029687 0.008250
0 0.630208 0.457625 0.023958 0.010250
0 0.656250 0.460375 0.026042 0.010750
0 0.686198 0.460875 0.014063 0.009750
0 0.703646 0.459125 0.023958 0.010750
0 0.704688 0.460500 0.026042 0.011500
0 0.697917 0.472750 0.018750 0.009500
0 0.678906 0.474875 0.021354 0.006750
0 0.707292 0.484875 0.028125 0.010250
0 0.675000 0.487250 0.025000 0.012500
0 0.747917 0.492625 0.026042 0.010750
0 0.764323 0.479625 0.019271 0.010750
0 0.795833 0.500875 0.017708 0.010250
0 0.736458 0.457125 0.015625 0.010250
0 0.747656 0.459250 0.019271 0.012000
0 0.767448 0.459500 0.021354 0.009000
0 0.782552 0.464125 0.022396 0.010750
0 0.790365 0.462000 0.021354 0.009500
0 0.806250 0.466750 0.017708 0.008000
0 0.811979 0.454000 0.019792 0.006500
0 0.815625 0.442875 0.029167 0.013750
0 0.807292 0.443500 0.022917 0.010500
0 0.788021 0.449000 0.016667 0.007500
0 0.759635 0.445875 0.021354 0.011250
0 0.737240 0.444250 0.021354 0.008500
0 0.709635 0.432125 0.030729 0.012250
0 0.770052 0.434375 0.023438 0.011250
0 0.772656 0.427625 0.023438 0.010250
0 0.769010 0.416000 0.016146 0.009500
0 0.805469 0.424375 0.021354 0.010750
0 0.841927 0.431875 0.022396 0.010750
0 0.862240 0.448625 0.023438 0.012250
0 0.903906 0.454625 0.019271 0.008750
0 0.321615 0.404500 0.030729 0.012000
0 0.309115 0.365750 0.020313 0.008000
0 0.223177 0.381750 0.026562 0.012000
0 0.229167 0.374750 0.020833 0.010500
0 0.192448 0.355500 0.023438 0.009000
0 0.192969 0.338125 0.029687 0.014250
0 0.189844 0.317625 0.011979 0.009750
0 0.289062 0.326750 0.041667 0.013000
0 0.290625 0.319625 0.021875 0.012250
0 0.283073 0.296375 0.024479 0.010250
0 0.269792 0.298125 0.025000 0.010250
0 0.245573 0.289750 0.023438 0.012000
0 0.267448 0.262250 0.031771 0.010500
0 0.248698 0.249125 0.022396 0.011250
0 0.256510 0.243875 0.021354 0.010750
0 0.260677 0.210625 0.020313 0.009250
0 0.614583 0.195750 0.015625 0.010000
0 0.617448 0.198375 0.021354 0.010750
0 0.539844 0.209750 0.026562 0.009500
0 0.542708 0.218625 0.018750 0.010250
0 0.555208 0.229000 0.019792 0.008500
0 0.609375 0.255500 0.017708 0.011500
0 0.552865 0.241250 0.015104 0.009000
0 0.530208 0.239750 0.025000 0.013000
0 0.528646 0.239500 0.020833 0.011500
0 0.507292 0.222500 0.014583 0.008000
0 0.511458 0.231875 0.012500 0.009750
0 0.501042 0.231250 0.027083 0.014000
0 0.490104 0.226750 0.017708 0.007500
0 0.491927 0.236750 0.023438 0.009000
0 0.484115 0.243125 0.020313 0.009750
0 0.477344 0.249500 0.020313 0.009500
0 0.484115 0.281875 0.027604 0.007250
0 0.450000 0.280625 0.025000 0.014250
0 0.448177 0.278375 0.021354 0.010750
0 0.363281 0.299750 0.022396 0.010500
0 0.348958 0.296875 0.016667 0.009250
0 0.363021 0.294375 0.026042 0.009750
0 0.339323 0.310125 0.021354 0.010250
0 0.372396 0.315000 0.021875 0.008000
0 0.346354 0.332250 0.016667 0.008000
0 0.376563 0.366500 0.025000 0.011000
0 0.373437 0.366625 0.028125 0.009750
0 0.419531 0.360875 0.023438 0.013250
0 0.425260 0.363625 0.020313 0.010750
0 0.395573 0.332750 0.022396 0.011500
0 0.399479 0.320625 0.026042 0.010750
0 0.435677 0.333875 0.022396 0.012750
0 0.447656 0.327000 0.015104 0.011500
0 0.435156 0.322250 0.021354 0.011000
0 0.428125 0.302375 0.023958 0.009750
0 0.528646 0.328625 0.026042 0.010250
