0 0.264500 0.652344 0.008500 0.013021
0 0.303625 0.557031 0.006250 0.014063
0 0.384750 0.697396 0.006000 0.010417
0 0.401875 0.708854 0.006250 0.015625
0 0.388000 0.739323 0.008000 0.014063
0 0.371625 0.760417 0.006750 0.013542
0 0.390500 0.772917 0.007500 0.009375
0 0.382750 0.780469 0.007000 0.016146
0 0.372500 0.803906 0.006500 0.015104
0 0.491625 0.491406 0.008250 0.018229
0 0.500750 0.517969 0.007500 0.014063
0 0.517250 0.586719 0.006500 0.016146
0 0.539750 0.598698 0.008000 0.014063
0 0.523500 0.609115 0.003000 0.014063
0 0.526250 0.608073 0.004500 0.013021
0 0.541625 0.645312 0.004250 0.015625
0 0.551750 0.669792 0.008000 0.014583
0 0.535125 0.707031 0.005250 0.018229
0 0.562375 0.769010 0.006250 0.014063
0 0.570125 0.750000 0.006250 0.016667
0 0.570500 0.736198 0.008000 0.013021
0 0.631250 0.809375 0.007500 0.016667
0 0.625875 0.864844 0.008750 0.019271
0 0.609000 0.893750 0.007500 0.015625
0 0.606875 0.773177 0.003250 0.013021
0 0.604500 0.772135 0.004000 0.018229
0 0.633000 0.923438 0.004500 0.019792
0 0.629875 0.922135 0.002750 0.015104
0 0.956625 0.955469 0.009750 0.015104
0 0.812750 0.613021 0.007000 0.016667
0 0.741500 0.667708 0.008000 0.018750
0 0.757500 0.574219 0.007500 0.011979
0 0.748750 0.546875 0.005500 0.012500
0 0.649375 0.581510 0.009250 0.013021
0 0.672500 0.595052 0.008500 0.016146
0 0.663250 0.499219 0.005000 0.016146
0 0.642375 0.497396 0.007250 0.010417
0 0.639125 0.535156 0.008750 0.019271
0 0.630500 0.479167 0.007500 0.013542
0 0.629750 0.495052 0.007000 0.015104
0 0.615125 0.513542 0.006750 0.013542
0 0.584625 0.483594 0.007750 0.021354
0 0.566000 0.482812 0.007000 0.010417
0 0.564000 0.470052 0.008500 0.010937
0 0.518500 0.434115 0.007500 0.014063
0 0.555875 0.383073 0.007750 0.016146
0 0.531875 0.332292 0.006750 0.007292
0 0.549250 0.329167 0.005000 0.010417
0 0.534750 0.313542 0.008000 0.011458
0 0.521875 0.319531 0.008250 0.015104
0 0.547250 0.281771 0.007500 0.008333
0 0.547000 0.276562 0.007500 0.007292
0 0.575875 0.273177 0.006250 0.016146
0 0.565875 0.294271 0.005750 0.017708
0 0.572875 0.299479 0.006750 0.012500
0 0.579000 0.293490 0.007500 0.009896
0 0.580250 0.303385 0.006500 0.013021
0 0.613750 0.278906 0.007000 0.016146
0 0.617125 0.298698 0.006750 0.014063
0 0.631500 0.319010 0.007500 0.011979
0 0.652875 0.333073 0.006750 0.011979
0 0.644625 0.207812 0.005250 0.013542
0 0.643250 0.203646 0.004500 0.010417
0 0.740250 0.306250 0.008500 0.012500
0 0.736125 0.273958 0.007250 0.007292
0 0.736500 0.268229 0.008000 0.007292
0 0.803500 0.330729 0.008000 0.017708
0 0.644625 0.101302 0.004250 0.014063
0 0.651000 0.096615 0.007000 0.011979
0 0.650625 0.084115 0.004750 0.013021
0 0.655125 0.077344 0.004750 0.013021
0 0.647750 0.076563 0.007500 0.011458
0 0.647250 0.056510 0.009000 0.011979
0 0.643750 0.037500 0.008000 0.011458
0 0.656500 0.019271 0.007500 0.010417
0 0.648875 0.020313 0.006750 0.012500
0 0.624000 0.062240 0.008000 0.011979
0 0.614250 0.061979 0.007000 0.011458
0 0.610375 0.074219 0.007750 0.010937
0 0.605000 0.065625 0.006500 0.009375
0 0.594875 0.078906 0.007750 0.009896
0 0.589500 0.104948 0.008000 0.009896
0 0.607250 0.109635 0.006000 0.009896
0 0.606250 0.105469 0.005500 0.007812
0 0.514500 0.236458 0.006500 0.016667
0 0.549500 0.193229 0.007000 0.016667
0 0.548625 0.142187 0.008750 0.010417
0 0.562625 0.174740 0.003750 0.011979
0 0.559875 0.172656 0.002250 0.011979
0 0.557750 0.172135 0.003500 0.014063
0 0.483500 0.260937 0.006500 0.017708
0 0.478125 0.169271 0.006750 0.014583
0 0.483250 0.126302 0.005000 0.017188
0 0.482500 0.089063 0.007000 0.010417
0 0.488875 0.080729 0.007250 0.010417
0 0.489250 0.090365 0.006500 0.008854
0 0.489500 0.099479 0.003000 0.017708
0 0.493750 0.104427 0.006000 0.019271
0 0.501000 0.071094 0.003000 0.013021
0 0.498625 0.069271 0.002750 0.016667
0 0.492750 0.043229 0.008000 0.016667
0 0.500875 0.007031 0.007750 0.006771
0 0.501250 0.002083 0.006000 0.004167
