0 0.508750 0.879687 0.007500 0.011458
0 0.503875 0.938542 0.005250 0.011458
0 0.514500 0.991927 0.007500 0.010937
0 0.706000 0.826042 0.007500 0.013542
0 0.707500 0.799740 0.011000 0.010937
0 0.667375 0.786979 0.007750 0.014583
0 0.663625 0.805208 0.008750 0.018750
0 0.583750 0.697396 0.006500 0.012500
0 0.635625 0.667969 0.008250 0.009896
0 0.611750 0.729948 0.005000 0.016146
0 0.679125 0.700000 0.007750 0.012500
0 0.729500 0.764062 0.006000 0.014583
0 0.755625 0.753125 0.007250 0.017708
0 0.778125 0.702344 0.007250 0.014063
0 0.760500 0.920052 0.009000 0.017188
0 0.772500 0.884896 0.009000 0.014583
0 0.767125 0.876563 0.006750 0.013542
0 0.641625 0.390104 0.005750 0.015625
0 0.621250 0.289062 0.006000 0.015625
0 0.567000 0.343750 0.005000 0.011458
0 0.528500 0.399740 0.006500 0.010937
0 0.507500 0.268490 0.008000 0.013021
0 0.532375 0.291146 0.005250 0.014583
0 0.528375 0.294271 0.005250 0.013542
0 0.544000 0.278125 0.006000 0.011458
0 0.388625 0.168490 0.007750 0.016146
0 0.515375 0.598958 0.004250 0.012500
0 0.511250 0.575000 0.003500 0.007292
0 0.591250 0.898698 0.004500 0.011979
