0 0.373698 0.477125 0.029687 0.018250
0 0.412500 0.490000 0.016667 0.010000
0 0.469531 0.527375 0.021354 0.010750
0 0.491406 0.535625 0.022396 0.012250
0 0.411198 0.525750 0.022396 0.011500
0 0.229427 0.435500 0.033854 0.009500
0 0.165365 0.414375 0.018229 0.008750
0 0.033854 0.366000 0.019792 0.008000
0 0.090104 0.381500 0.019792 0.011000
0 0.114844 0.391000 0.018229 0.013500
0 0.385156 0.375375 0.023438 0.010750
0 0.392969 0.316250 0.017188 0.007500
0 0.394271 0.293375 0.025000 0.014250
0 0.430990 0.295625 0.014063 0.012250
0 0.870052 0.295750 0.022396 0.008000
0 0.909635 0.299125 0.022396 0.008250
0 0.762240 0.306250 0.009896 0.007500
0 0.724479 0.314875 0.020833 0.008750
0 0.842708 0.341625 0.015625 0.012250
0 0.735677 0.362000 0.029687 0.009500
0 0.738542 0.349000 0.020833 0.009500
0 0.620052 0.400500 0.018229 0.009500
0 0.873698 0.477000 0.026562 0.011500
0 0.601302 0.484250 0.022396 0.013500
0 0.638021 0.572000 0.019792 0.013500
0 0.678906 0.582500 0.013021 0.006000
0 0.522135 0.428750 0.020313 0.006500
0 0.563281 0.383000 0.021354 0.008000
0 0.435677 0.221750 0.011979 0.008500
0 0.414323 0.198625 0.013021 0.008250
0 0.427344 0.184625 0.021354 0.009250
0 0.354687 0.222125 0.013542 0.007750
0 0.308854 0.474875 0.010417 0.008250
