0 0.102865 0.284250 0.017188 0.006500
0 0.121094 0.271375 0.011979 0.005250
0 0.154167 0.303000 0.012500 0.008000
0 0.200260 0.304250 0.008854 0.007000
0 0.209896 0.306500 0.010417 0.008000
0 0.198177 0.311625 0.013021 0.006750
0 0.214583 0.313625 0.011458 0.006250
0 0.230469 0.317250 0.010937 0.007500
0 0.345313 0.344250 0.018750 0.008000
0 0.272917 0.400750 0.009375 0.007000
0 0.257812 0.400625 0.015625 0.005250
0 0.204948 0.388250 0.014063 0.005000
0 0.201563 0.383750 0.015625 0.005000
0 0.179167 0.382500 0.017708 0.004500
0 0.169010 0.380500 0.010937 0.006000
0 0.161979 0.378750 0.013542 0.004500
0 0.160938 0.374750 0.016667 0.004500
0 0.136198 0.374125 0.011979 0.007750
0 0.130469 0.384000 0.017188 0.004000
0 0.108073 0.387375 0.009896 0.007250
0 0.102083 0.378375 0.017708 0.007750
0 0.083594 0.356000 0.008854 0.007000
0 0.075781 0.352750 0.006771 0.007000
0 0.069531 0.352500 0.005729 0.007500
0 0.028125 0.329875 0.010417 0.007250
0 0.024479 0.355500 0.015625 0.006500
0 0.004948 0.376625 0.008854 0.007250
0 0.276562 0.479750 0.014583 0.006500
0 0.233333 0.477000 0.012500 0.006500
0 0.209896 0.467375 0.008333 0.007250
0 0.217188 0.489625 0.009375 0.006750
0 0.210938 0.504500 0.013542 0.005000
0 0.060156 0.562375 0.009896 0.005250
0 0.123177 0.504125 0.018229 0.004250
0 0.136979 0.491750 0.009375 0.007000
0 0.167448 0.494500 0.013021 0.005000
0 0.180990 0.498875 0.014063 0.004750
0 0.183854 0.505375 0.013542 0.008250
0 0.206250 0.482750 0.011458 0.005000
0 0.415885 0.491750 0.011979 0.007000
0 0.390885 0.486875 0.013021 0.006750
0 0.377083 0.503625 0.007292 0.005750
0 0.372917 0.503125 0.011458 0.006250
0 0.375521 0.552875 0.008333 0.008750
0 0.367708 0.549625 0.011458 0.007250
0 0.355729 0.562250 0.015625 0.006500
0 0.322656 0.569000 0.009896 0.007500
0 0.329688 0.563125 0.015625 0.003750
0 0.307292 0.584000 0.014583 0.005500
0 0.285417 0.596125 0.008333 0.006250
0 0.281250 0.594750 0.008333 0.007500
0 0.229427 0.625750 0.011979 0.009000
0 0.299479 0.591250 0.015625 0.007500
0 0.337500 0.635625 0.012500 0.006250
0 0.275260 0.676500 0.017188 0.004500
0 0.139323 0.726125 0.018229 0.007250
0 0.502083 0.544000 0.011458 0.006000
0 0.518229 0.565875 0.013542 0.007250
0 0.520052 0.572250 0.008854 0.008000
0 0.526302 0.589750 0.009896 0.007000
0 0.541667 0.595375 0.011458 0.005750
0 0.539323 0.601250 0.009896 0.007500
0 0.535156 0.630375 0.009896 0.008250
0 0.548958 0.633500 0.009375 0.009000
0 0.571094 0.629750 0.009896 0.009500
0 0.584115 0.630250 0.014063 0.008000
0 0.619271 0.622500 0.016667 0.006000
0 0.598958 0.618625 0.011458 0.008750
0 0.558333 0.601750 0.011458 0.007000
0 0.579688 0.651500 0.017708 0.005000
0 0.570052 0.648250 0.010937 0.006500
0 0.578385 0.680250 0.009896 0.009500
0 0.564583 0.675125 0.008333 0.007250
0 0.559115 0.672750 0.013021 0.007000
0 0.570052 0.663500 0.015104 0.006500
0 0.559375 0.665125 0.012500 0.007250
0 0.546354 0.691125 0.011458 0.007750
0 0.550781 0.715500 0.016146 0.011000
0 0.549740 0.775750 0.013021 0.009000
0 0.536979 0.762000 0.011458 0.009000
0 0.628906 0.688125 0.010937 0.005250
0 0.626563 0.684875 0.013542 0.004750
0 0.566146 0.470625 0.011458 0.007250
0 0.610417 0.484125 0.011458 0.007750
0 0.604427 0.487375 0.007812 0.007750
0 0.615885 0.491625 0.018229 0.006750
0 0.666927 0.492125 0.008854 0.007750
0 0.667188 0.486000 0.015625 0.005500
0 0.655729 0.494875 0.011458 0.006750
0 0.645833 0.499000 0.009375 0.007500
0 0.652604 0.506375 0.012500 0.007750
0 0.671875 0.512625 0.010417 0.005750
0 0.679948 0.511375 0.008854 0.007750
0 0.691406 0.513375 0.008854 0.008250
0 0.691406 0.519250 0.017188 0.006000
0 0.708073 0.517625 0.013021 0.006250
0 0.709115 0.514000 0.016146 0.003500
0 0.734375 0.571625 0.011458 0.007250
0 0.814844 0.584750 0.010937 0.007000
0 0.816667 0.599625 0.014583 0.004750
0 0.881510 0.621125 0.014063 0.005750
0 0.957031 0.637750 0.018229 0.007500
0 0.656510 0.447875 0.008854 0.007250
0 0.669792 0.457375 0.010417 0.007750
0 0.695573 0.452750 0.014063 0.007000
0 0.692708 0.439625 0.013542 0.005250
0 0.700521 0.435500 0.012500 0.007000
0 0.677604 0.428125 0.012500 0.005750
0 0.727083 0.442250 0.010417 0.005500
0 0.770052 0.473750 0.010937 0.009000
0 0.743750 0.451625 0.013542 0.003250
0 0.741146 0.449500 0.015625 0.005000
0 0.853385 0.455500 0.016146 0.006500
