0 0.253906 0.390625 0.024479 0.015250
0 0.127344 0.370250 0.014063 0.012000
0 0.248958 0.423625 0.017708 0.011750
0 0.249219 0.452875 0.009896 0.006750
0 0.276562 0.456625 0.015625 0.007250
0 0.341667 0.520625 0.015625 0.006750
0 0.419271 0.542125 0.014583 0.008250
0 0.421875 0.532000 0.015625 0.008500
0 0.470052 0.547750 0.017188 0.008500
0 0.517969 0.560125 0.014063 0.007750
0 0.569792 0.478500 0.016667 0.009000
0 0.508594 0.494000 0.016146 0.007000
0 0.661719 0.440875 0.008854 0.007750
0 0.335677 0.324375 0.011979 0.007750
0 0.418229 0.343125 0.009375 0.009250
0 0.429427 0.284000 0.008854 0.008000
0 0.491927 0.209500 0.009896 0.007000
0 0.527865 0.573000 0.022396 0.010000
0 0.705729 0.442625 0.026042 0.006250
0 0.505469 0.572750 0.018229 0.010500
