0 0.297135 0.427250 0.013021 0.005000
0 0.350260 0.430125 0.011979 0.006750
0 0.284375 0.394125 0.016667 0.005750
0 0.282552 0.362750 0.008854 0.009000
0 0.301302 0.353250 0.010937 0.007500
0 0.288802 0.348625 0.017188 0.005750
0 0.279427 0.325000 0.011979 0.008500
0 0.328646 0.308750 0.010417 0.008500
0 0.204167 0.265375 0.016667 0.005250
0 0.259115 0.174875 0.013021 0.012750
0 0.339062 0.141125 0.016667 0.006250
0 0.745313 0.147500 0.010417 0.007500
0 0.701042 0.192250 0.008333 0.004500
0 0.691146 0.188000 0.008333 0.005500
0 0.630469 0.242125 0.008854 0.007250
0 0.497917 0.303750 0.016667 0.006000
0 0.655208 0.288125 0.011458 0.006250
0 0.670052 0.284750 0.009896 0.006500
0 0.577344 0.329625 0.011979 0.008250
0 0.522917 0.386375 0.015625 0.006250
0 0.729427 0.497250 0.015104 0.005500
0 0.795573 0.493250 0.011979 0.007500
0 0.836719 0.560250 0.011979 0.006500
0 0.950781 0.584125 0.014063 0.004750
0 0.662760 0.560375 0.014063 0.003250
0 0.657552 0.563000 0.015104 0.004500
0 0.761979 0.726500 0.008333 0.005000
0 0.960417 0.842125 0.012500 0.007250
