0 0.830875 0.755729 0.010750 0.023958
0 0.850375 0.690104 0.011250 0.023958
0 0.815125 0.635417 0.007750 0.025000
0 0.806875 0.636979 0.008750 0.021875
0 0.802250 0.645573 0.009000 0.026562
0 0.793000 0.641406 0.011000 0.022396
0 0.787250 0.651563 0.012000 0.023958
0 0.763625 0.662240 0.006750 0.019271
0 0.738750 0.668229 0.009500 0.019792
0 0.741375 0.695833 0.007750 0.015625
0 0.711500 0.731250 0.008000 0.017708
0 0.705000 0.714844 0.009500 0.016146
0 0.711375 0.699740 0.010750 0.007812
0 0.721000 0.669271 0.008500 0.023958
0 0.720375 0.651823 0.011250 0.022396
0 0.728000 0.657552 0.012500 0.022396
0 0.723750 0.617708 0.009000 0.016667
0 0.708625 0.612760 0.010750 0.018229
0 0.706375 0.658594 0.009250 0.021354
0 0.703375 0.678385 0.011250 0.019271
0 0.696500 0.658854 0.010500 0.014583
0 0.680875 0.624479 0.012250 0.023958
0 0.669625 0.642969 0.008750 0.019271
0 0.661125 0.663281 0.009750 0.020313
0 0.675625 0.670573 0.009250 0.017188
0 0.689500 0.675521 0.010500 0.025000
0 0.690875 0.692969 0.017750 0.026562
0 0.690125 0.689583 0.017750 0.020833
0 0.695375 0.707031 0.008750 0.016146
0 0.693375 0.720573 0.011250 0.019271
0 0.681875 0.715104 0.008250 0.017708
0 0.686500 0.750521 0.007500 0.020833
0 0.679375 0.756771 0.008250 0.020833
0 0.658000 0.807292 0.009500 0.020833
0 0.661125 0.749219 0.007250 0.018229
0 0.664250 0.720313 0.010000 0.025000
0 0.672375 0.688281 0.010750 0.020313
0 0.646625 0.670573 0.010750 0.026562
0 0.645250 0.689323 0.006500 0.019271
0 0.652500 0.696875 0.007000 0.019792
0 0.633500 0.707031 0.013500 0.019271
0 0.636125 0.721615 0.008750 0.016146
0 0.643875 0.727083 0.007250 0.017708
0 0.642500 0.751563 0.010000 0.019792
0 0.621000 0.757552 0.008500 0.027604
0 0.616750 0.709896 0.010000 0.022917
0 0.618750 0.691146 0.010500 0.014583
0 0.603375 0.712760 0.010250 0.019271
0 0.599375 0.732031 0.011750 0.019271
0 0.575500 0.704427 0.013000 0.016146
0 0.556000 0.716146 0.015000 0.019792
0 0.557250 0.715365 0.018000 0.026562
0 0.556375 0.788281 0.017750 0.023438
0 0.716500 0.444010 0.006500 0.016146
0 0.725125 0.429167 0.011750 0.017708
0 0.732375 0.419010 0.012250 0.023438
0 0.730500 0.389062 0.014500 0.023958
0 0.719750 0.393750 0.009000 0.017708
0 0.694250 0.426563 0.013500 0.022917
0 0.684000 0.384896 0.007000 0.015625
0 0.624000 0.414583 0.012500 0.015625
0 0.634250 0.371615 0.015000 0.023438
0 0.641750 0.360677 0.008500 0.011979
0 0.652250 0.347396 0.009000 0.014583
0 0.565875 0.477865 0.007750 0.017188
0 0.569125 0.508854 0.011250 0.020833
0 0.565000 0.543750 0.010500 0.017708
0 0.560500 0.549219 0.015500 0.022396
0 0.549500 0.550000 0.010500 0.017708
0 0.537000 0.567448 0.010000 0.016146
0 0.640500 0.313802 0.012500 0.022396
0 0.616625 0.288542 0.010750 0.020833
0 0.660750 0.309635 0.013500 0.016146
0 0.671500 0.282813 0.017500 0.025000
0 0.660875 0.260417 0.009250 0.016667
0 0.671125 0.283854 0.008250 0.017708
0 0.690625 0.325260 0.010750 0.018229
0 0.694375 0.303646 0.013250 0.021875
0 0.716125 0.273698 0.011750 0.019271
0 0.724000 0.263021 0.013000 0.023958
0 0.737625 0.289844 0.010250 0.023438
0 0.726500 0.311458 0.010500 0.019792
0 0.729875 0.325521 0.011250 0.017708
0 0.734625 0.341146 0.014250 0.018750
0 0.766875 0.290104 0.014250 0.016667
0 0.750750 0.247656 0.011000 0.019271
0 0.762500 0.244792 0.015500 0.023958
0 0.771500 0.229427 0.009500 0.024479
0 0.777750 0.240104 0.015000 0.031250
0 0.783875 0.251563 0.009250 0.019792
0 0.812125 0.274740 0.012250 0.027604
0 0.824125 0.274479 0.015750 0.027083
0 0.819250 0.307031 0.016500 0.016146
0 0.816250 0.219271 0.010000 0.028125
0 0.836750 0.220312 0.013000 0.018750
0 0.833375 0.168750 0.012750 0.023958
0 0.758500 0.185677 0.011500 0.021354
0 0.709625 0.183073 0.011250 0.022396
0 0.699250 0.178646 0.013500 0.019792
0 0.853750 0.074219 0.010500 0.026562
0 0.856500 0.110937 0.010500 0.027083
0 0.870250 0.126562 0.013500 0.025000
0 0.879375 0.151042 0.008250 0.020833
0 0.448625 0.581250 0.013250 0.023958
0 0.434000 0.530729 0.008500 0.020833
0 0.420125 0.530729 0.006750 0.018750
0 0.417625 0.491146 0.008750 0.021875
0 0.464125 0.514062 0.008750 0.020833
0 0.452375 0.473177 0.007750 0.019271
0 0.456500 0.464062 0.009500 0.020833
0 0.457250 0.449219 0.006500 0.019271
0 0.438375 0.454687 0.009750 0.020833
0 0.441500 0.416927 0.012000 0.024479
0 0.442250 0.413542 0.012000 0.020833
0 0.435500 0.383333 0.014000 0.029167
0 0.461125 0.394010 0.010250 0.023438
0 0.479750 0.394531 0.014000 0.019271
0 0.475875 0.361198 0.005250 0.023438
0 0.490750 0.350260 0.008000 0.019271
0 0.462250 0.344792 0.008000 0.015625
0 0.468375 0.359896 0.007250 0.014583
0 0.447625 0.379688 0.008250 0.016667
0 0.439875 0.363281 0.007250 0.017188
0 0.448250 0.364063 0.007000 0.017708
0 0.447375 0.353646 0.009250 0.012500
0 0.450750 0.343490 0.009000 0.015104
0 0.448000 0.333333 0.010500 0.016667
0 0.446875 0.322396 0.007250 0.017708
0 0.451125 0.315365 0.010250 0.016146
0 0.442750 0.308333 0.008500 0.016667
0 0.414125 0.316146 0.009750 0.010417
0 0.409875 0.300260 0.008750 0.015104
0 0.466125 0.300781 0.014250 0.022396
0 0.465000 0.280729 0.009500 0.020833
0 0.469250 0.287240 0.010000 0.016146
0 0.483500 0.277083 0.008500 0.016667
0 0.498000 0.242448 0.007500 0.022396
0 0.466125 0.261198 0.008250 0.018229
0 0.467500 0.251823 0.007000 0.014063
0 0.473125 0.219271 0.010750 0.016667
0 0.444750 0.246615 0.011000 0.015104
0 0.447250 0.235417 0.009500 0.018750
0 0.453125 0.264062 0.009750 0.017708
0 0.455625 0.250260 0.009250 0.014063
0 0.454875 0.230208 0.008750 0.026042
0 0.456750 0.221875 0.010000 0.018750
0 0.459125 0.209375 0.008750 0.020833
0 0.460625 0.185417 0.009250 0.015625
0 0.456250 0.163281 0.010000 0.018229
0 0.470125 0.183333 0.008250 0.019792
0 0.472250 0.173698 0.009000 0.026562
0 0.480625 0.145833 0.004250 0.021875
0 0.481750 0.122917 0.008500 0.014583
0 0.484500 0.099479 0.008000 0.023958
0 0.495500 0.105990 0.006000 0.019271
0 0.500500 0.108333 0.010000 0.014583
0 0.532625 0.115365 0.007250 0.018229
0 0.467250 0.102865 0.009500 0.016146
0 0.440750 0.105208 0.009000 0.015625
0 0.446500 0.136458 0.013500 0.017708
0 0.412625 0.129427 0.011250 0.019271
0 0.448875 0.033073 0.005750 0.016146
0 0.507625 0.035156 0.011250 0.021354
0 0.550875 0.038281 0.010750 0.018229
0 0.377750 0.587240 0.008500 0.014063
0 0.376125 0.576042 0.014250 0.028125
0 0.364000 0.544531 0.010000 0.019271
0 0.359125 0.554688 0.009750 0.014583
0 0.324000 0.541667 0.008500 0.016667
0 0.334000 0.514583 0.007000 0.020833
0 0.349500 0.508333 0.008000 0.014583
0 0.377625 0.536719 0.012750 0.020313
0 0.364750 0.511719 0.009000 0.015104
0 0.358375 0.493229 0.010250 0.014583
0 0.369750 0.475781 0.008500 0.015104
0 0.358000 0.467448 0.007500 0.022396
0 0.357250 0.414583 0.006500 0.026042
0 0.346250 0.458333 0.005500 0.021875
0 0.339250 0.460938 0.013500 0.012500
0 0.340500 0.446615 0.007500 0.016146
0 0.338375 0.410156 0.011250 0.020313
0 0.326500 0.390365 0.015000 0.022396
0 0.325375 0.390365 0.014250 0.025521
0 0.319375 0.429688 0.011750 0.031250
0 0.318000 0.426823 0.009500 0.029687
0 0.322000 0.476823 0.010000 0.022396
0 0.321500 0.479427 0.012500 0.019271
0 0.281500 0.461719 0.008000 0.019271
0 0.288375 0.441927 0.009750 0.016146
0 0.283875 0.411198 0.010750 0.013021
0 0.259875 0.403646 0.011250 0.022917
0 0.274750 0.384115 0.007000 0.014063
0 0.286250 0.384635 0.008500 0.018229
0 0.284500 0.367969 0.008000 0.019271
0 0.284375 0.369271 0.009250 0.019792
0 0.263375 0.355469 0.009750 0.019271
0 0.261125 0.333333 0.009750 0.019792
0 0.270125 0.336458 0.013250 0.022917
0 0.264375 0.315104 0.010750 0.020833
0 0.257500 0.310937 0.010000 0.016667
0 0.282500 0.320312 0.011500 0.022917
0 0.315000 0.329948 0.012000 0.026562
0 0.330250 0.318750 0.008000 0.021875
0 0.334125 0.314323 0.008750 0.022396
0 0.342125 0.269792 0.009250 0.019792
0 0.331500 0.263281 0.010500 0.025521
0 0.320500 0.213281 0.008500 0.019271
0 0.296125 0.314844 0.010250 0.021354
0 0.287750 0.302865 0.010000 0.015104
0 0.285250 0.293229 0.008000 0.019792
0 0.289625 0.288542 0.011250 0.023958
0 0.302125 0.282813 0.010750 0.019792
0 0.293375 0.273958 0.008750 0.015625
0 0.292000 0.252604 0.011500 0.027083
0 0.283625 0.251563 0.007750 0.018750
0 0.242875 0.261198 0.010750 0.018229
0 0.246250 0.235937 0.007000 0.012500
0 0.246000 0.216146 0.010000 0.018750
0 0.259375 0.223437 0.011750 0.025000
0 0.259375 0.235677 0.007750 0.019271
0 0.279500 0.204948 0.008000 0.021354
0 0.277875 0.202083 0.009250 0.030208
0 0.285500 0.195312 0.008500 0.025000
0 0.294000 0.186198 0.008500 0.016146
0 0.301250 0.151562 0.011500 0.020833
0 0.303875 0.118490 0.009250 0.018229
0 0.283750 0.105729 0.010500 0.018750
0 0.277625 0.159896 0.012750 0.027083
0 0.266875 0.149740 0.012750 0.024479
0 0.260250 0.178646 0.012000 0.028125
0 0.235875 0.141927 0.006250 0.019271
0 0.239375 0.096615 0.006750 0.022396
0 0.254375 0.082552 0.014750 0.018229
0 0.258750 0.102344 0.012000 0.023438
0 0.198750 0.099740 0.011000 0.025521
0 0.195125 0.140104 0.010750 0.019792
0 0.183375 0.131771 0.011750 0.023958
0 0.180875 0.163021 0.012250 0.023958
0 0.191500 0.168229 0.009000 0.021875
0 0.205500 0.164583 0.007500 0.017708
0 0.196625 0.183333 0.009250 0.019792
0 0.189125 0.242448 0.010250 0.022396
0 0.137625 0.123437 0.008750 0.016667
0 0.152500 0.114844 0.008500 0.017188
0 0.167250 0.088542 0.009000 0.020833
0 0.157000 0.045312 0.010000 0.020833
0 0.159500 0.017448 0.012000 0.015104
0 0.229750 0.050781 0.016000 0.017188
0 0.254375 0.052604 0.012250 0.016667
0 0.267625 0.032813 0.011250 0.025000
0 0.279125 0.007812 0.008750 0.015625
0 0.335875 0.690885 0.014750 0.022396
0 0.343000 0.691146 0.012000 0.023958
0 0.353500 0.689844 0.008500 0.021354
0 0.283625 0.669792 0.007750 0.019792
0 0.291875 0.681510 0.014250 0.022396
0 0.278000 0.708594 0.008000 0.017188
0 0.264625 0.667188 0.014250 0.034375
0 0.264750 0.669792 0.014000 0.019792
0 0.257625 0.667188 0.007250 0.016667
0 0.247250 0.665625 0.009500 0.021875
0 0.244500 0.650000 0.010500 0.014583
0 0.243125 0.638542 0.014250 0.021875
0 0.231500 0.618750 0.009000 0.023958
0 0.222875 0.581510 0.010750 0.023438
0 0.210625 0.605469 0.012750 0.022396
0 0.217875 0.631250 0.009250 0.018750
0 0.194375 0.636979 0.007750 0.022917
0 0.199750 0.628906 0.011500 0.014063
0 0.193375 0.583854 0.007250 0.025000
0 0.200125 0.576823 0.012250 0.018229
0 0.203375 0.585417 0.009750 0.020833
0 0.195875 0.554427 0.013750 0.018229
0 0.179750 0.583594 0.009000 0.017188
0 0.187000 0.579167 0.008500 0.018750
0 0.175125 0.569531 0.008250 0.017188
0 0.165375 0.553385 0.008750 0.015104
0 0.148125 0.566406 0.010750 0.015104
0 0.142625 0.548698 0.009750 0.017188
0 0.138125 0.577865 0.012250 0.022396
0 0.173375 0.625260 0.012750 0.022396
0 0.182125 0.620313 0.010750 0.023958
0 0.221125 0.696615 0.010250 0.024479
0 0.195375 0.696615 0.008750 0.014063
0 0.181625 0.688281 0.012250 0.023438
0 0.165375 0.682552 0.011250 0.018229
0 0.184125 0.725781 0.010250 0.024479
0 0.204250 0.736979 0.010000 0.019792
0 0.144000 0.743490 0.014000 0.023438
0 0.150375 0.732031 0.008750 0.016146
0 0.144250 0.656510 0.008000 0.014063
0 0.138875 0.628385 0.009250 0.019271
0 0.140250 0.617188 0.012000 0.014583
0 0.109500 0.720573 0.009500 0.027604
0 0.124250 0.705729 0.010000 0.019792
0 0.117875 0.660677 0.007750 0.022396
0 0.129125 0.661458 0.009750 0.017708
0 0.130875 0.678385 0.009250 0.015104
0 0.123000 0.562500 0.010500 0.019792
0 0.125375 0.572917 0.009750 0.019792
0 0.100875 0.601302 0.010750 0.016146
0 0.094875 0.555729 0.008750 0.014583
0 0.086375 0.537500 0.009250 0.018750
0 0.079375 0.549219 0.010750 0.014063
0 0.063750 0.578385 0.012000 0.017188
0 0.055625 0.532813 0.010750 0.016667
0 0.034000 0.536719 0.011500 0.024479
0 0.056750 0.630469 0.010000 0.020313
0 0.033000 0.623958 0.013500 0.021875
0 0.141125 0.963802 0.009750 0.014063
