0 0.378125 0.959896 0.002250 0.014583
0 0.375750 0.959896 0.002500 0.018750
0 0.373125 0.957552 0.002750 0.017188
0 0.371500 0.958333 0.003000 0.014583
0 0.344250 0.834375 0.003500 0.016667
0 0.341625 0.835417 0.002750 0.014583
0 0.353125 0.788542 0.007250 0.013542
0 0.338125 0.787240 0.007250 0.010937
0 0.341375 0.769271 0.006750 0.015625
0 0.335250 0.735677 0.005000 0.018229
0 0.391625 0.623698 0.006750 0.013021
0 0.413875 0.658073 0.007250 0.010937
0 0.422250 0.661458 0.007000 0.010417
0 0.411625 0.707031 0.006750 0.016146
0 0.460000 0.744271 0.005500 0.011458
0 0.474375 0.769271 0.004750 0.017708
0 0.434000 0.819010 0.005500 0.008854
0 0.426000 0.818229 0.005500 0.009375
0 0.444625 0.838021 0.005250 0.009375
0 0.453500 0.839323 0.005000 0.010937
0 0.452500 0.851042 0.005500 0.012500
0 0.497000 0.969010 0.005500 0.013021
0 0.493625 0.951042 0.007750 0.013542
0 0.547125 0.865104 0.007750 0.014583
0 0.499750 0.880469 0.005500 0.009896
0 0.495500 0.884635 0.004000 0.014063
0 0.526250 0.823958 0.005500 0.016667
0 0.517750 0.830990 0.005000 0.015104
0 0.530375 0.788021 0.007250 0.012500
0 0.504500 0.819010 0.006000 0.015104
0 0.490625 0.806250 0.007750 0.013542
0 0.489500 0.784635 0.006000 0.013021
0 0.403750 0.540104 0.009000 0.009375
0 0.439375 0.586458 0.007250 0.011458
0 0.474000 0.669792 0.006000 0.011458
0 0.513000 0.642448 0.005500 0.010937
0 0.504625 0.641146 0.004250 0.012500
0 0.537625 0.675521 0.005250 0.015625
0 0.551250 0.676302 0.007000 0.010937
0 0.551750 0.688802 0.005500 0.013021
0 0.561250 0.686979 0.004000 0.013542
0 0.564000 0.685677 0.004500 0.013021
0 0.586250 0.702604 0.004500 0.013542
0 0.583625 0.738281 0.005250 0.011979
0 0.611125 0.737240 0.006250 0.011979
0 0.602375 0.787760 0.006750 0.010937
0 0.629125 0.780729 0.005750 0.014583
0 0.631500 0.805990 0.003500 0.013021
0 0.633250 0.803646 0.005000 0.011458
0 0.644750 0.729688 0.007000 0.013542
0 0.640000 0.688281 0.007000 0.010937
0 0.628250 0.689323 0.006000 0.008854
0 0.627500 0.699740 0.007500 0.009896
0 0.617250 0.709375 0.006500 0.014583
0 0.614500 0.681771 0.005000 0.016667
0 0.599125 0.690625 0.006250 0.010417
0 0.578250 0.665625 0.008000 0.011458
0 0.565875 0.666927 0.004250 0.015104
0 0.586625 0.608594 0.007250 0.011979
0 0.568125 0.610677 0.007250 0.009896
0 0.560250 0.613542 0.007000 0.011458
0 0.557250 0.634635 0.006000 0.014063
0 0.537000 0.649479 0.006500 0.008333
0 0.510000 0.550521 0.005500 0.012500
0 0.453875 0.373958 0.008250 0.011458
0 0.467250 0.373958 0.004500 0.017708
0 0.478875 0.371094 0.006250 0.013021
0 0.484000 0.370312 0.004000 0.016667
0 0.489875 0.363802 0.006750 0.008854
0 0.492250 0.384896 0.007000 0.008333
0 0.488000 0.404687 0.007500 0.010417
0 0.478000 0.387240 0.004500 0.014063
0 0.504125 0.398698 0.006250 0.011979
0 0.511625 0.410938 0.006250 0.011458
0 0.511375 0.388021 0.004750 0.014583
0 0.503500 0.361979 0.007000 0.011458
0 0.499375 0.367708 0.006750 0.009375
0 0.517250 0.336198 0.006500 0.015104
0 0.517500 0.355469 0.004500 0.014063
0 0.511000 0.343490 0.005000 0.016146
0 0.530125 0.363802 0.006750 0.013021
0 0.532000 0.354167 0.007500 0.009375
0 0.538625 0.346615 0.007250 0.011979
0 0.543875 0.339583 0.005250 0.014583
0 0.546375 0.322396 0.007750 0.008333
0 0.561375 0.305469 0.007250 0.008854
0 0.534750 0.385156 0.004000 0.014063
0 0.530750 0.387500 0.006500 0.008333
0 0.548875 0.398698 0.003750 0.011979
0 0.545750 0.391667 0.004000 0.014583
0 0.583000 0.326823 0.008000 0.009896
0 0.596500 0.369010 0.005500 0.017188
0 0.582750 0.291927 0.007500 0.010937
0 0.675625 0.287760 0.005750 0.014063
0 0.676250 0.279948 0.006000 0.009896
0 0.630250 0.236719 0.006000 0.011979
0 0.624875 0.258854 0.007250 0.009375
0 0.614625 0.243490 0.005750 0.013021
0 0.607875 0.258854 0.007250 0.009375
0 0.599375 0.254167 0.006250 0.010417
0 0.593875 0.256510 0.004750 0.015104
0 0.588875 0.271615 0.005250 0.014063
0 0.584125 0.259115 0.007750 0.009896
0 0.574125 0.251823 0.005250 0.009896
0 0.567000 0.269271 0.006500 0.009375
0 0.571125 0.262500 0.005250 0.009375
0 0.566625 0.253385 0.007750 0.009896
0 0.559250 0.228906 0.007000 0.007812
0 0.538500 0.229687 0.007500 0.009375
0 0.533500 0.226302 0.005500 0.009896
0 0.518625 0.244792 0.004250 0.011458
0 0.526375 0.271094 0.004750 0.015104
0 0.541625 0.295573 0.008250 0.008854
0 0.515125 0.266927 0.006250 0.008854
0 0.509250 0.265885 0.007000 0.008854
0 0.508875 0.291146 0.005250 0.011458
0 0.499375 0.284115 0.006250 0.014063
0 0.496250 0.241927 0.004500 0.011979
0 0.491875 0.292187 0.004750 0.009375
0 0.490375 0.290885 0.005250 0.010937
0 0.482500 0.291146 0.008000 0.008333
0 0.478500 0.321354 0.005500 0.011458
0 0.474500 0.321875 0.004000 0.011458
0 0.358250 0.242969 0.008500 0.014063
0 0.328875 0.126562 0.006250 0.018750
0 0.360875 0.098958 0.007250 0.009375
0 0.364750 0.089583 0.006500 0.012500
0 0.353375 0.083854 0.008250 0.011458
0 0.365375 0.065365 0.007750 0.010937
0 0.378375 0.033333 0.005250 0.011458
0 0.378250 0.024219 0.005500 0.011979
0 0.385500 0.009115 0.005500 0.011979
0 0.352125 0.022917 0.006750 0.012500
0 0.434625 0.016406 0.009750 0.014063
0 0.406125 0.048177 0.007750 0.014063
0 0.409375 0.069271 0.009250 0.013542
0 0.391250 0.091406 0.006000 0.009896
0 0.385125 0.087240 0.006250 0.013021
0 0.401125 0.130208 0.005250 0.013542
