0 0.147135 0.346750 0.011979 0.003000
0 0.162760 0.369125 0.011979 0.005750
0 0.180469 0.361250 0.010937 0.005500
0 0.172656 0.360375 0.009896 0.005750
0 0.257812 0.340250 0.012500 0.005500
0 0.243229 0.336000 0.012500 0.004500
0 0.246094 0.329000 0.016146 0.004500
0 0.261719 0.320000 0.015104 0.004500
0 0.275000 0.315375 0.008333 0.006750
0 0.285156 0.316250 0.013021 0.004000
0 0.291667 0.313125 0.011458 0.004750
0 0.228385 0.308250 0.014063 0.005500
0 0.235677 0.297250 0.013021 0.006000
0 0.261719 0.291625 0.013021 0.007250
0 0.342448 0.289250 0.011979 0.006500
0 0.341146 0.300250 0.012500 0.005500
0 0.352604 0.298250 0.008333 0.005500
0 0.363281 0.297750 0.010937 0.006000
0 0.335677 0.250125 0.007812 0.006750
0 0.384896 0.252375 0.014583 0.005250
0 0.374219 0.269250 0.005729 0.006000
0 0.370052 0.268750 0.006771 0.006500
0 0.397396 0.205875 0.010417 0.005750
0 0.359896 0.182250 0.013542 0.004500
0 0.434896 0.180750 0.007292 0.008000
0 0.495573 0.161375 0.013021 0.004750
0 0.490104 0.175125 0.009375 0.006250
0 0.487240 0.173750 0.007812 0.005000
0 0.461198 0.236000 0.015104 0.008000
0 0.346354 0.312375 0.007292 0.006250
0 0.143490 0.431375 0.006771 0.005750
0 0.198958 0.415125 0.007292 0.005250
0 0.204167 0.416000 0.006250 0.004500
0 0.234375 0.391500 0.012500 0.005000
0 0.294010 0.388250 0.013021 0.004000
0 0.336198 0.380750 0.008854 0.006500
0 0.370573 0.384000 0.009896 0.005500
0 0.364323 0.382000 0.007812 0.005000
0 0.312500 0.373875 0.010417 0.005750
0 0.314063 0.369625 0.013542 0.002750
0 0.314844 0.367375 0.009896 0.002750
0 0.326562 0.360250 0.012500 0.003000
0 0.326302 0.357875 0.009896 0.002250
0 0.389062 0.363000 0.012500 0.004000
0 0.401562 0.348750 0.013542 0.003500
0 0.422917 0.338250 0.011458 0.004000
0 0.414323 0.335875 0.013021 0.003250
0 0.425000 0.316000 0.012500 0.004500
0 0.460417 0.314500 0.014583 0.004000
0 0.548698 0.313875 0.009896 0.006750
0 0.538021 0.309375 0.006250 0.006750
0 0.533333 0.308500 0.005208 0.005500
0 0.655208 0.299125 0.007292 0.006250
0 0.664062 0.299375 0.009375 0.007750
0 0.708333 0.293375 0.014583 0.005250
0 0.703385 0.263250 0.014063 0.005000
0 0.776823 0.255500 0.013021 0.004500
0 0.781510 0.252625 0.009896 0.004250
0 0.757552 0.251250 0.010937 0.003000
0 0.746615 0.255125 0.014063 0.004250
0 0.757812 0.257625 0.010417 0.003750
0 0.760938 0.254750 0.011458 0.004000
0 0.873958 0.278000 0.012500 0.004000
0 0.848958 0.276125 0.012500 0.005750
0 0.804688 0.241625 0.010417 0.004250
0 0.776563 0.309875 0.013542 0.005750
0 0.704688 0.317500 0.014583 0.008000
0 0.706250 0.329000 0.013542 0.005500
0 0.694792 0.328875 0.010417 0.006750
0 0.589583 0.335500 0.011458 0.006500
0 0.582292 0.345500 0.013542 0.006000
0 0.499740 0.353250 0.010937 0.006000
0 0.472917 0.376500 0.012500 0.005500
0 0.490625 0.341125 0.014583 0.005250
0 0.453906 0.348875 0.008854 0.004750
0 0.451562 0.347000 0.010417 0.005500
0 0.319531 0.387125 0.009896 0.004250
0 0.315625 0.385750 0.012500 0.004000
0 0.163021 0.467000 0.009375 0.005500
0 0.242969 0.478750 0.015104 0.004000
0 0.312240 0.475250 0.015104 0.005000
0 0.344792 0.474250 0.007292 0.005500
0 0.343229 0.501125 0.012500 0.005750
0 0.400000 0.478875 0.008333 0.005750
0 0.410677 0.474500 0.014063 0.003500
0 0.398438 0.473875 0.010417 0.005750
0 0.470833 0.483125 0.008333 0.007750
0 0.467187 0.478750 0.011458 0.005500
0 0.506771 0.476000 0.015625 0.003500
0 0.510938 0.503125 0.007292 0.005750
0 0.513542 0.497875 0.013542 0.003750
0 0.530208 0.492000 0.011458 0.002000
0 0.530990 0.494000 0.014063 0.002500
0 0.569792 0.494875 0.011458 0.002750
0 0.570833 0.492625 0.012500 0.003250
0 0.564844 0.490625 0.014063 0.002750
0 0.570573 0.488250 0.011979 0.004000
0 0.593490 0.477000 0.013021 0.004000
0 0.616146 0.473625 0.012500 0.007250
0 0.572135 0.478750 0.007812 0.005000
0 0.576042 0.483625 0.007292 0.005250
0 0.567708 0.482250 0.013542 0.002500
0 0.565885 0.485000 0.011979 0.002500
0 0.685937 0.491125 0.011458 0.004250
0 0.688281 0.495375 0.015104 0.003750
0 0.697917 0.501750 0.008333 0.007000
0 0.748958 0.499000 0.008333 0.006000
0 0.775260 0.494250 0.013021 0.006000
0 0.711979 0.489500 0.014583 0.006000
0 0.714323 0.512500 0.016146 0.005000
0 0.684635 0.525875 0.010937 0.006250
0 0.665625 0.514625 0.011458 0.002750
0 0.667708 0.511250 0.011458 0.005000
0 0.614062 0.515250 0.013542 0.003500
0 0.602083 0.515875 0.013542 0.005250
0 0.645833 0.464250 0.011458 0.004500
0 0.656771 0.465875 0.009375 0.004250
0 0.712240 0.434000 0.011979 0.004000
0 0.854167 0.449875 0.009375 0.005250
0 0.875260 0.448000 0.014063 0.005500
0 0.876823 0.443500 0.007812 0.003500
0 0.088021 0.516750 0.014583 0.006500
0 0.278646 0.581125 0.007292 0.004250
0 0.294010 0.572375 0.008854 0.005750
0 0.339844 0.579375 0.015104 0.004250
0 0.359115 0.569500 0.006771 0.005500
0 0.372917 0.572875 0.012500 0.004750
0 0.327865 0.560375 0.005729 0.004750
0 0.322135 0.560500 0.005729 0.006000
0 0.289062 0.553500 0.008333 0.005500
0 0.292969 0.552750 0.007812 0.004000
0 0.308333 0.569750 0.009375 0.002500
0 0.308073 0.567250 0.013021 0.003000
0 0.326823 0.573625 0.009896 0.002750
0 0.326823 0.571125 0.013021 0.002250
0 0.393229 0.576625 0.015625 0.005750
0 0.439062 0.600250 0.011458 0.005000
0 0.452344 0.601875 0.013021 0.005750
0 0.486458 0.611000 0.008333 0.003000
0 0.484635 0.609250 0.010937 0.003500
0 0.510677 0.588625 0.007812 0.006250
0 0.514583 0.586125 0.006250 0.005750
0 0.530729 0.590000 0.011458 0.003500
0 0.550260 0.575250 0.009896 0.005000
0 0.540104 0.595000 0.005208 0.005500
0 0.544792 0.595625 0.005208 0.005250
0 0.579688 0.608250 0.007292 0.005500
0 0.584115 0.607625 0.008854 0.005250
0 0.618229 0.583375 0.010417 0.004250
0 0.684115 0.598250 0.018229 0.004500
0 0.647917 0.599625 0.014583 0.004250
0 0.647656 0.626250 0.014063 0.005500
0 0.596875 0.617875 0.008333 0.006750
0 0.592969 0.627500 0.009896 0.006000
0 0.538021 0.638375 0.012500 0.003250
0 0.523177 0.635625 0.008854 0.005250
0 0.577865 0.661375 0.011979 0.003250
0 0.592187 0.654875 0.011458 0.003750
0 0.590365 0.646250 0.007812 0.005500
0 0.646615 0.646500 0.016146 0.009500
0 0.675521 0.633875 0.011458 0.006750
0 0.734115 0.642500 0.013021 0.005500
0 0.753125 0.664375 0.010417 0.003750
0 0.757552 0.654875 0.010937 0.002750
0 0.757031 0.652375 0.013021 0.002750
0 0.783854 0.637250 0.005208 0.005000
0 0.787500 0.637125 0.008333 0.006250
0 0.785156 0.628125 0.011979 0.005750
0 0.104948 0.552000 0.011979 0.005000
0 0.122396 0.556500 0.007292 0.006000
0 0.254427 0.597750 0.011979 0.006000
0 0.276042 0.605125 0.011458 0.004750
0 0.323437 0.630375 0.014583 0.003250
0 0.326042 0.634000 0.011458 0.004500
0 0.355990 0.623250 0.011979 0.005500
0 0.381250 0.623625 0.006250 0.004250
0 0.387760 0.631500 0.013021 0.006000
0 0.454427 0.658375 0.011979 0.005250
0 0.519010 0.693125 0.009896 0.005750
0 0.567708 0.731625 0.009375 0.006250
0 0.716667 0.722625 0.007292 0.006750
0 0.095052 0.617375 0.007812 0.005750
0 0.108594 0.616625 0.006771 0.006750
0 0.138021 0.619375 0.008333 0.006750
0 0.086719 0.634625 0.010937 0.004250
0 0.120052 0.658000 0.009896 0.004500
0 0.128646 0.658625 0.007292 0.005250
0 0.131510 0.663250 0.010937 0.004500
0 0.132031 0.667125 0.013021 0.004750
0 0.028385 0.185250 0.013021 0.004500
0 0.004167 0.187250 0.008333 0.005000
0 0.003646 0.130125 0.007292 0.003750
0 0.356510 0.916750 0.008854 0.005000
