0 0.293625 0.908073 0.004750 0.010937
0 0.323125 0.994010 0.005750 0.010937
0 0.366750 0.939844 0.004000 0.014063
0 0.387250 0.937760 0.007000 0.015104
0 0.399750 0.929688 0.008500 0.010417
0 0.419000 0.941667 0.005500 0.012500
0 0.391250 0.890885 0.005500 0.011979
0 0.384375 0.900521 0.006750 0.013542
0 0.408875 0.880990 0.005750 0.013021
0 0.399125 0.862760 0.007750 0.008854
0 0.429000 0.860677 0.005500 0.016146
0 0.455000 0.839844 0.005000 0.013021
0 0.451000 0.911979 0.005000 0.011458
0 0.444000 0.787240 0.008000 0.014063
0 0.439000 0.766406 0.004000 0.013021
0 0.436500 0.771875 0.006000 0.018750
0 0.408250 0.765625 0.005500 0.012500
0 0.384750 0.801302 0.007000 0.011979
0 0.358875 0.759115 0.005750 0.008854
0 0.352000 0.772396 0.005000 0.008333
0 0.346625 0.770573 0.005750 0.010937
0 0.340000 0.773177 0.004000 0.008854
0 0.338750 0.770052 0.004500 0.006771
0 0.294875 0.767188 0.004750 0.013542
0 0.305625 0.758073 0.005750 0.010937
0 0.321125 0.751042 0.005750 0.009375
0 0.359500 0.805729 0.004500 0.011458
0 0.371250 0.766406 0.005500 0.015104
0 0.385750 0.761198 0.005000 0.005729
0 0.465250 0.720313 0.005000 0.007292
0 0.456375 0.715885 0.004750 0.005729
0 0.456750 0.711719 0.004000 0.004687
0 0.460500 0.699219 0.004000 0.011979
0 0.449875 0.689063 0.004750 0.006250
0 0.438625 0.680990 0.004750 0.006771
0 0.416250 0.663542 0.006000 0.006250
0 0.423375 0.671354 0.003750 0.007292
0 0.422250 0.668490 0.002500 0.004687
0 0.408875 0.666406 0.003750 0.006771
0 0.403500 0.664844 0.005500 0.008854
0 0.405000 0.686979 0.006000 0.007292
0 0.401750 0.697656 0.004500 0.008854
0 0.402750 0.694531 0.004000 0.007812
0 0.408375 0.723698 0.004250 0.007812
0 0.411375 0.743750 0.005750 0.008333
0 0.402875 0.741406 0.005750 0.007812
0 0.396625 0.750000 0.006250 0.011458
0 0.389875 0.744531 0.004750 0.015104
0 0.425750 0.720833 0.005500 0.009375
0 0.436875 0.714844 0.005250 0.008854
0 0.430375 0.705990 0.004750 0.010937
0 0.428375 0.697917 0.005250 0.008333
0 0.434625 0.704427 0.004750 0.008854
0 0.435750 0.701562 0.004000 0.006250
0 0.422500 0.697656 0.005000 0.008854
0 0.423500 0.695052 0.004000 0.006771
0 0.447125 0.729948 0.006750 0.004687
0 0.447125 0.736198 0.005750 0.006771
0 0.420625 0.734635 0.005250 0.005729
0 0.420875 0.739323 0.006250 0.003646
0 0.421000 0.743750 0.004000 0.005208
0 0.332250 0.697917 0.008000 0.015625
0 0.330875 0.666667 0.002750 0.012500
0 0.351500 0.680990 0.005500 0.007812
0 0.351125 0.686458 0.005250 0.006250
0 0.286250 0.684375 0.004500 0.011458
0 0.282000 0.673438 0.006500 0.009375
0 0.282875 0.664844 0.003750 0.011979
0 0.284875 0.663542 0.004250 0.012500
0 0.301125 0.675000 0.005750 0.007292
0 0.301875 0.671354 0.005250 0.007292
0 0.301500 0.634375 0.006500 0.010417
0 0.294750 0.637760 0.006500 0.010937
0 0.281125 0.642969 0.003750 0.009896
0 0.283375 0.640365 0.003750 0.013021
0 0.230125 0.647656 0.010250 0.015104
0 0.261125 0.626302 0.006750 0.008854
0 0.271500 0.603646 0.005500 0.021875
0 0.279625 0.607552 0.005750 0.009896
0 0.279250 0.591146 0.004500 0.011458
0 0.223875 0.610417 0.005750 0.011458
0 0.227000 0.607292 0.005000 0.008333
0 0.232875 0.559635 0.006750 0.007812
0 0.252875 0.520312 0.007250 0.019792
0 0.272250 0.508594 0.007500 0.013021
0 0.275875 0.518229 0.006750 0.009375
0 0.281875 0.523177 0.005250 0.007812
0 0.292875 0.526302 0.005750 0.007812
0 0.285375 0.517448 0.002250 0.006771
0 0.283250 0.515625 0.002500 0.006250
0 0.295500 0.558333 0.006500 0.010417
0 0.299125 0.582031 0.007250 0.010937
0 0.333000 0.616927 0.005500 0.009896
0 0.361875 0.604427 0.005250 0.010937
0 0.377500 0.614583 0.005500 0.006250
0 0.379125 0.621615 0.004250 0.006771
0 0.386500 0.654687 0.005500 0.007292
0 0.507875 0.693229 0.006250 0.012500
0 0.498875 0.661198 0.004750 0.005729
0 0.490125 0.646094 0.002750 0.010937
0 0.487750 0.648177 0.002500 0.010937
0 0.485750 0.641927 0.003500 0.010937
0 0.484500 0.639844 0.003000 0.008854
0 0.474250 0.627604 0.006500 0.007292
0 0.476250 0.614062 0.003000 0.011458
0 0.479500 0.613802 0.003000 0.011979
0 0.482375 0.605990 0.002750 0.010937
0 0.471875 0.593750 0.007250 0.013542
0 0.466250 0.582552 0.003500 0.011979
0 0.468500 0.581771 0.002500 0.008333
0 0.461500 0.558333 0.005000 0.011458
0 0.445500 0.525781 0.004500 0.009896
0 0.453625 0.522396 0.001750 0.012500
0 0.455625 0.523698 0.002250 0.009896
0 0.456375 0.511198 0.005250 0.013021
0 0.422625 0.475260 0.004750 0.011979
0 0.425250 0.467969 0.006500 0.009896
0 0.444500 0.458333 0.004500 0.007292
0 0.446500 0.466667 0.004000 0.010417
0 0.438750 0.435417 0.004500 0.012500
0 0.409500 0.442448 0.006000 0.005729
0 0.413375 0.398438 0.005250 0.012500
0 0.416500 0.416406 0.003500 0.011979
0 0.412875 0.420833 0.002250 0.009375
0 0.414750 0.419792 0.003000 0.012500
0 0.395875 0.410677 0.004250 0.008854
0 0.399750 0.408333 0.003500 0.012500
0 0.401250 0.360677 0.004500 0.011979
0 0.388000 0.343229 0.006500 0.012500
0 0.411250 0.340625 0.004500 0.010417
0 0.409250 0.348698 0.005500 0.010937
0 0.411750 0.313281 0.003000 0.010937
0 0.405125 0.305729 0.004750 0.009375
0 0.394750 0.295052 0.006500 0.016146
0 0.383875 0.287500 0.002750 0.010417
0 0.386375 0.286979 0.003250 0.014583
0 0.396500 0.325521 0.004000 0.012500
0 0.398375 0.325260 0.002250 0.008854
0 0.352250 0.317448 0.008000 0.021354
0 0.370250 0.283594 0.007500 0.008854
0 0.381000 0.264844 0.004500 0.007812
0 0.376000 0.258854 0.005500 0.014583
0 0.335875 0.285677 0.006250 0.007812
0 0.352875 0.285938 0.006750 0.012500
0 0.322625 0.248698 0.003750 0.011979
0 0.336250 0.224219 0.003000 0.010937
0 0.337875 0.222396 0.003750 0.013542
0 0.343000 0.174740 0.003000 0.011979
0 0.330125 0.100000 0.005750 0.009375
0 0.354375 0.111979 0.004750 0.011458
0 0.354500 0.123698 0.004500 0.011979
0 0.297500 0.039844 0.005500 0.011979
0 0.384250 0.144531 0.005500 0.014063
0 0.431500 0.393750 0.003500 0.009375
0 0.525750 0.679427 0.004500 0.014063
0 0.519000 0.552083 0.004000 0.009375
0 0.507875 0.537760 0.006750 0.006771
0 0.526500 0.518229 0.002000 0.010417
0 0.528625 0.518490 0.002250 0.011979
0 0.536875 0.521875 0.003750 0.008333
0 0.537875 0.536979 0.003750 0.008333
0 0.533750 0.390885 0.002500 0.011979
0 0.547750 0.415625 0.003500 0.009375
0 0.500875 0.389062 0.005750 0.007292
0 0.495625 0.442708 0.004250 0.012500
0 0.483375 0.331771 0.005750 0.012500
0 0.512000 0.365104 0.005500 0.012500
0 0.495625 0.237500 0.004750 0.007292
0 0.514125 0.262240 0.006250 0.011979
0 0.549500 0.243229 0.004000 0.010417
0 0.538875 0.243750 0.003750 0.008333
0 0.537875 0.240625 0.003750 0.011458
0 0.538375 0.187500 0.002750 0.011458
0 0.540375 0.222656 0.003250 0.008854
0 0.539125 0.221354 0.003750 0.011458
0 0.516625 0.172656 0.004250 0.008854
0 0.528125 0.151562 0.004750 0.008333
0 0.533750 0.153385 0.004000 0.015104
0 0.547750 0.179688 0.004000 0.006250
0 0.548000 0.174740 0.003500 0.004687
0 0.565625 0.132292 0.005750 0.011458
0 0.534375 0.040104 0.003250 0.009375
0 0.506750 0.038281 0.005000 0.006771
0 0.556375 0.017448 0.004250 0.009896
0 0.474750 0.072396 0.008000 0.010417
0 0.384125 0.043229 0.006750 0.012500
0 0.368250 0.026302 0.006500 0.011979
0 0.264125 0.298177 0.004750 0.010937
0 0.326750 0.367188 0.003000 0.007292
0 0.557000 0.616146 0.005000 0.012500
0 0.551125 0.520052 0.003750 0.014063
0 0.560500 0.519271 0.004500 0.009375
0 0.571125 0.505729 0.004250 0.011458
0 0.588125 0.548958 0.002750 0.005208
0 0.576750 0.459896 0.002500 0.008333
0 0.574000 0.456250 0.002500 0.010417
0 0.579000 0.456771 0.003000 0.011458
0 0.578250 0.442708 0.002500 0.012500
0 0.580500 0.443229 0.002000 0.009375
0 0.559625 0.404427 0.003250 0.010937
0 0.571625 0.396875 0.001750 0.010417
0 0.573750 0.397135 0.002500 0.010937
0 0.586625 0.389323 0.003250 0.015104
0 0.595875 0.389583 0.003750 0.011458
0 0.608625 0.398698 0.003750 0.013021
0 0.574500 0.387760 0.004500 0.009896
0 0.592000 0.265365 0.004500 0.009896
0 0.598250 0.251823 0.005000 0.013021
0 0.571125 0.644010 0.004250 0.006771
0 0.585875 0.602344 0.004250 0.008854
0 0.596500 0.667448 0.004000 0.011979
0 0.581875 0.655469 0.002250 0.005729
0 0.611250 0.915365 0.006000 0.010937
