0 0.462125 0.933073 0.007250 0.017188
0 0.479000 0.903906 0.007000 0.011979
0 0.584000 0.737760 0.005500 0.009896
0 0.585250 0.733333 0.004500 0.006250
0 0.604500 0.759375 0.003500 0.010417
0 0.608000 0.760417 0.003000 0.013542
0 0.609750 0.758854 0.003000 0.009375
0 0.597625 0.563021 0.006250 0.008333
0 0.591000 0.568750 0.004500 0.015625
0 0.557250 0.616146 0.003500 0.014583
0 0.552000 0.617708 0.003500 0.009375
0 0.551125 0.614323 0.006250 0.010937
0 0.516625 0.660937 0.005250 0.008333
0 0.517250 0.657813 0.006000 0.009375
0 0.490000 0.690625 0.005500 0.011458
0 0.489625 0.687240 0.004750 0.009896
0 0.544250 0.719531 0.006500 0.008854
0 0.509500 0.447656 0.007500 0.013021
0 0.520000 0.444271 0.003500 0.016667
0 0.523125 0.445833 0.003250 0.012500
0 0.497375 0.435937 0.006750 0.014583
0 0.476875 0.397656 0.007750 0.011979
0 0.382875 0.400521 0.007250 0.009375
0 0.380625 0.393750 0.004750 0.008333
0 0.340500 0.319531 0.009000 0.010937
0 0.609625 0.495312 0.004750 0.011458
0 0.599625 0.384896 0.005750 0.008333
0 0.574500 0.222135 0.006500 0.014063
0 0.563500 0.205990 0.005500 0.008854
0 0.550125 0.059896 0.005250 0.012500
0 0.564250 0.045573 0.007000 0.010937
0 0.559875 0.073438 0.006250 0.013542
0 0.563875 0.102083 0.005750 0.007292
0 0.564125 0.095833 0.005250 0.007292
0 0.672250 0.369010 0.004500 0.014063
0 0.681250 0.334896 0.002500 0.012500
0 0.683625 0.334115 0.001750 0.010937
0 0.684500 0.323698 0.005000 0.010937
0 0.675000 0.260937 0.004000 0.014583
0 0.677125 0.259115 0.003750 0.010937
0 0.679625 0.136458 0.008250 0.010417
0 0.706875 0.129167 0.007250 0.010417
0 0.682750 0.432552 0.005500 0.014063
