0 0.039583 0.499000 0.013542 0.010000
0 0.068229 0.532500 0.012500 0.005000
0 0.066146 0.531000 0.011458 0.004500
0 0.204167 0.574250 0.014583 0.004500
0 0.243490 0.588250 0.008854 0.006000
0 0.252344 0.592375 0.014063 0.004750
0 0.267708 0.596500 0.009375 0.008000
0 0.079687 0.550125 0.013542 0.007250
0 0.059375 0.545875 0.010417 0.006250
0 0.028385 0.537875 0.008854 0.006750
0 0.007812 0.537250 0.012500 0.003000
0 0.007292 0.535000 0.012500 0.003000
0 0.129948 0.623750 0.010937 0.006500
0 0.271615 0.549625 0.009896 0.003250
0 0.272135 0.547500 0.013021 0.004000
0 0.265365 0.540875 0.009896 0.007250
0 0.276823 0.557750 0.011979 0.003000
0 0.276562 0.560125 0.013542 0.003750
0 0.250781 0.513500 0.008854 0.007500
0 0.218490 0.451625 0.009896 0.004250
0 0.216406 0.449500 0.009896 0.005000
0 0.201823 0.430125 0.015104 0.005750
0 0.155469 0.431500 0.013021 0.003000
0 0.155729 0.429000 0.014583 0.003500
0 0.208594 0.408750 0.004687 0.006500
0 0.213542 0.408875 0.005208 0.007250
0 0.207031 0.403250 0.007812 0.003000
0 0.206510 0.401375 0.010937 0.003250
0 0.194271 0.374125 0.010417 0.002750
0 0.186979 0.370875 0.009375 0.005250
0 0.194531 0.376250 0.007812 0.002500
0 0.182812 0.351000 0.006250 0.004500
0 0.180469 0.350000 0.008854 0.005500
0 0.127083 0.338125 0.016667 0.004250
0 0.176563 0.334000 0.004167 0.007000
0 0.172135 0.333875 0.004687 0.005750
0 0.159896 0.323875 0.009375 0.007250
0 0.171615 0.324750 0.009896 0.004500
0 0.170052 0.320875 0.007812 0.004250
0 0.164583 0.315750 0.007292 0.006500
0 0.160677 0.315625 0.006771 0.005750
0 0.153125 0.311000 0.006250 0.007000
0 0.149219 0.311000 0.005729 0.006000
0 0.116667 0.287375 0.012500 0.007250
0 0.121094 0.222625 0.014063 0.007750
0 0.104427 0.176375 0.007812 0.006750
0 0.103385 0.164875 0.007812 0.008250
0 0.155729 0.237875 0.010417 0.008250
0 0.200521 0.238625 0.012500 0.007250
0 0.195833 0.239750 0.006250 0.006000
0 0.181771 0.300500 0.014583 0.006000
0 0.173958 0.294500 0.008333 0.006000
0 0.177083 0.293750 0.007292 0.006000
0 0.204687 0.339875 0.012500 0.004750
0 0.202604 0.343625 0.013542 0.004750
0 0.209375 0.357375 0.011458 0.005750
0 0.217708 0.375375 0.013542 0.004750
0 0.220052 0.391125 0.009896 0.006250
0 0.223698 0.390000 0.009896 0.005000
0 0.310937 0.462875 0.015625 0.004250
0 0.293490 0.490000 0.015104 0.006000
0 0.310937 0.495000 0.012500 0.005000
0 0.305469 0.559625 0.014063 0.004250
0 0.351823 0.589250 0.015104 0.004500
0 0.380729 0.571375 0.013542 0.006250
0 0.392448 0.560750 0.011979 0.006500
0 0.383594 0.559375 0.014063 0.005250
0 0.419271 0.534000 0.010417 0.007500
0 0.445312 0.512125 0.015625 0.004750
0 0.449740 0.502250 0.006771 0.006500
0 0.454427 0.501625 0.006771 0.005250
0 0.477865 0.477375 0.014063 0.005250
0 0.517448 0.459125 0.015104 0.004250
0 0.519010 0.452125 0.013021 0.004250
0 0.517969 0.450000 0.011979 0.003000
0 0.546875 0.442000 0.008333 0.005500
0 0.539583 0.444250 0.007292 0.005500
0 0.531250 0.443000 0.012500 0.003500
0 0.530208 0.440750 0.012500 0.004000
0 0.518750 0.437000 0.015625 0.005000
0 0.552344 0.420250 0.009896 0.007000
0 0.567708 0.409250 0.016667 0.004500
0 0.613542 0.400625 0.009375 0.004750
0 0.609115 0.400375 0.009896 0.004750
0 0.636198 0.375125 0.020313 0.006250
0 0.635156 0.375375 0.015104 0.006250
0 0.657813 0.370500 0.013542 0.006500
0 0.667448 0.368125 0.013021 0.004750
0 0.673958 0.363000 0.009375 0.006000
0 0.636979 0.364625 0.017708 0.005750
0 0.636719 0.364625 0.015104 0.006250
0 0.669531 0.354875 0.014063 0.005250
0 0.668229 0.354250 0.014583 0.006000
0 0.653646 0.352875 0.011458 0.002250
0 0.656510 0.355125 0.011979 0.002750
0 0.631250 0.349875 0.011458 0.002750
0 0.630208 0.347750 0.014583 0.002500
0 0.628906 0.345250 0.009896 0.003500
0 0.645833 0.350500 0.008333 0.003500
0 0.647396 0.346875 0.013542 0.002250
0 0.648958 0.349000 0.013542 0.003000
0 0.695573 0.341875 0.017188 0.006250
0 0.695312 0.341250 0.015625 0.006500
0 0.664844 0.339125 0.016146 0.005750
0 0.664062 0.338750 0.013542 0.006000
0 0.649479 0.334125 0.012500 0.004250
0 0.589063 0.326000 0.012500 0.007000
0 0.570312 0.319500 0.011458 0.005000
0 0.587240 0.320500 0.014063 0.003000
0 0.588281 0.317750 0.009896 0.003000
0 0.629167 0.322250 0.013542 0.006000
0 0.669531 0.319625 0.010937 0.004750
0 0.654427 0.301375 0.010937 0.006250
0 0.702083 0.330000 0.011458 0.004000
0 0.735938 0.326125 0.012500 0.003250
0 0.946875 0.278625 0.011458 0.006250
0 0.932812 0.281875 0.008333 0.007250
0 0.807292 0.303750 0.009375 0.005000
0 0.813542 0.321625 0.010417 0.005750
0 0.843229 0.329000 0.010417 0.005500
0 0.833854 0.328750 0.012500 0.005500
0 0.833594 0.328125 0.010937 0.006250
0 0.718490 0.351750 0.006771 0.006000
0 0.707552 0.360500 0.015104 0.006000
0 0.708594 0.360875 0.013021 0.005250
0 0.708594 0.365125 0.015104 0.004750
0 0.699740 0.368875 0.014063 0.005250
0 0.622656 0.425750 0.010937 0.002500
0 0.622135 0.423375 0.014063 0.002750
0 0.596615 0.434625 0.011979 0.003250
0 0.591927 0.430625 0.008854 0.005250
0 0.617188 0.450125 0.010417 0.003750
0 0.614844 0.448125 0.013021 0.003750
0 0.542448 0.469500 0.013021 0.006000
0 0.551042 0.490125 0.006250 0.005250
0 0.547135 0.489250 0.007812 0.006000
0 0.516406 0.489375 0.007812 0.005250
0 0.512500 0.486625 0.006250 0.006750
0 0.505990 0.487250 0.009896 0.006000
0 0.504948 0.505500 0.013021 0.005000
0 0.503125 0.503250 0.011458 0.004000
0 0.480990 0.507125 0.008854 0.005750
0 0.496354 0.519250 0.015625 0.005500
0 0.466927 0.522875 0.008854 0.007250
0 0.472396 0.524500 0.008333 0.006500
0 0.459896 0.532375 0.011458 0.004750
0 0.457813 0.535125 0.009375 0.004750
0 0.450260 0.534000 0.007812 0.007000
0 0.444271 0.540875 0.009375 0.003250
0 0.445052 0.538500 0.010937 0.003500
0 0.427865 0.564250 0.007812 0.008000
0 0.419271 0.560750 0.010417 0.007500
0 0.391927 0.587875 0.004687 0.007750
0 0.397135 0.589125 0.005729 0.006250
0 0.397135 0.596625 0.017188 0.004750
0 0.429948 0.599500 0.015104 0.003500
0 0.502083 0.587625 0.015625 0.003750
0 0.502083 0.583875 0.014583 0.003750
0 0.503385 0.582500 0.015104 0.004000
0 0.539062 0.577000 0.014583 0.006500
0 0.554167 0.573125 0.010417 0.007250
0 0.555990 0.567000 0.015104 0.005000
0 0.557031 0.564125 0.014063 0.005750
0 0.563021 0.571500 0.004167 0.006000
0 0.568490 0.571500 0.006771 0.007000
0 0.598958 0.564875 0.008333 0.004250
0 0.602344 0.563500 0.013021 0.005500
0 0.586719 0.554875 0.017188 0.005750
0 0.667188 0.547875 0.013542 0.004750
0 0.673177 0.546875 0.014063 0.005250
0 0.706771 0.533500 0.009375 0.007000
0 0.650781 0.520500 0.014063 0.004000
0 0.649740 0.518250 0.013021 0.003500
0 0.753385 0.514875 0.011979 0.005750
0 0.797135 0.515125 0.019271 0.004250
0 0.819271 0.505875 0.011458 0.004750
0 0.827083 0.503250 0.015625 0.004000
0 0.777344 0.486500 0.007812 0.004000
0 0.773177 0.484875 0.010937 0.005750
0 0.832031 0.489750 0.011979 0.006500
0 0.815365 0.465000 0.014063 0.005500
0 0.767448 0.465250 0.006771 0.006000
0 0.761979 0.465000 0.007292 0.006500
0 0.810156 0.446875 0.008854 0.008750
0 0.860156 0.473250 0.011979 0.003500
0 0.857812 0.471375 0.013542 0.003250
0 0.888281 0.470750 0.014063 0.005000
0 0.891406 0.468500 0.013021 0.003000
0 0.904687 0.466000 0.010417 0.003000
0 0.905990 0.464125 0.015104 0.003250
0 0.908333 0.462250 0.014583 0.003500
0 0.855208 0.493375 0.017708 0.003750
0 0.850781 0.502125 0.011979 0.002250
0 0.849219 0.499750 0.015104 0.003000
0 0.909115 0.490625 0.014063 0.003250
0 0.909375 0.488250 0.013542 0.002500
0 0.939323 0.484000 0.014063 0.006500
0 0.981771 0.459375 0.014583 0.005750
0 0.976302 0.453500 0.008854 0.005500
0 0.981771 0.451250 0.013542 0.005000
0 0.988802 0.419000 0.015104 0.003000
0 0.987500 0.416625 0.013542 0.002250
0 0.969271 0.490625 0.012500 0.003750
0 0.967708 0.488125 0.013542 0.004250
0 0.919531 0.511750 0.008854 0.007500
0 0.907292 0.521125 0.010417 0.007750
0 0.791406 0.530500 0.008854 0.007000
0 0.791146 0.536625 0.010417 0.005250
0 0.821354 0.530500 0.011458 0.003500
0 0.819792 0.528250 0.011458 0.004000
0 0.809375 0.526625 0.007292 0.004250
0 0.806771 0.525750 0.010417 0.006000
0 0.822135 0.542375 0.009896 0.003750
0 0.822396 0.538625 0.013542 0.004750
0 0.829948 0.542125 0.007812 0.007250
0 0.803906 0.542875 0.011979 0.004250
0 0.805990 0.541000 0.011979 0.003500
0 0.759375 0.554750 0.011458 0.005500
0 0.758333 0.541500 0.009375 0.005500
0 0.750781 0.539125 0.013021 0.005750
0 0.621615 0.572625 0.016146 0.004250
0 0.641406 0.567625 0.008854 0.004250
0 0.638542 0.566375 0.010417 0.005250
0 0.575000 0.583375 0.011458 0.002750
0 0.570833 0.584625 0.011458 0.003250
0 0.568229 0.587500 0.011458 0.003000
0 0.574479 0.589125 0.011458 0.005750
0 0.584896 0.588625 0.009375 0.004750
0 0.570573 0.598750 0.011979 0.005000
0 0.560417 0.594750 0.008333 0.006500
0 0.557031 0.594125 0.007812 0.005750
0 0.531250 0.595875 0.012500 0.006250
0 0.509115 0.600875 0.011979 0.006750
0 0.453385 0.612750 0.011979 0.006000
0 0.457031 0.646500 0.010937 0.006500
0 0.461458 0.645500 0.010417 0.005500
0 0.497917 0.653125 0.009375 0.007250
0 0.553906 0.673125 0.006771 0.006250
0 0.548177 0.672500 0.004687 0.006000
0 0.825260 0.687750 0.009896 0.010000
0 0.903906 0.782750 0.009896 0.007500
0 0.896875 0.782625 0.006250 0.007250
0 0.836198 0.806375 0.019271 0.004750
0 0.869271 0.799750 0.011458 0.006000
0 0.835677 0.777125 0.008854 0.005750
0 0.783854 0.757375 0.016667 0.005250
0 0.807552 0.753000 0.010937 0.005000
0 0.811979 0.751500 0.012500 0.005000
0 0.661979 0.726875 0.013542 0.003750
0 0.663542 0.725250 0.012500 0.003500
0 0.617448 0.708500 0.009896 0.005000
0 0.620833 0.707250 0.013542 0.006500
0 0.492969 0.674375 0.008854 0.007250
0 0.467448 0.662875 0.009896 0.006250
0 0.203906 0.726375 0.013021 0.005750
0 0.645833 0.252375 0.017708 0.006750
0 0.920052 0.204750 0.014063 0.006000
