0 0.179167 0.452000 0.011458 0.004500
0 0.251042 0.429250 0.011458 0.003500
0 0.271354 0.419000 0.011458 0.003500
0 0.240625 0.433000 0.008333 0.004000
0 0.311198 0.421125 0.005729 0.006750
0 0.316927 0.421625 0.009896 0.005250
0 0.311458 0.443125 0.009375 0.005250
0 0.279167 0.473625 0.011458 0.005250
0 0.274219 0.474125 0.007812 0.004250
0 0.274479 0.479000 0.007292 0.005000
0 0.271615 0.483125 0.010937 0.004250
0 0.271354 0.492750 0.006250 0.006000
0 0.266667 0.492875 0.004167 0.005750
0 0.257031 0.505000 0.006771 0.004000
0 0.259375 0.503750 0.010417 0.004500
0 0.241927 0.517375 0.010937 0.004750
0 0.267708 0.540375 0.007292 0.006250
0 0.241146 0.562875 0.010417 0.005750
0 0.227344 0.554750 0.011979 0.003500
0 0.270833 0.550125 0.005208 0.004250
0 0.267188 0.549125 0.005208 0.004250
0 0.251823 0.581625 0.005729 0.004750
0 0.254948 0.580750 0.006771 0.005000
0 0.259896 0.588750 0.006250 0.005500
0 0.255729 0.588250 0.007292 0.005000
0 0.267188 0.606000 0.006250 0.005500
0 0.262500 0.606125 0.004167 0.005250
0 0.197656 0.635625 0.004687 0.005750
0 0.193490 0.635625 0.003646 0.005250
0 0.279167 0.696750 0.010417 0.005000
0 0.289844 0.563625 0.011979 0.006750
0 0.292969 0.488375 0.007812 0.005750
0 0.305729 0.489500 0.009375 0.004500
0 0.308073 0.488375 0.008854 0.004750
0 0.294010 0.512750 0.004687 0.006000
0 0.289583 0.512250 0.005208 0.005500
0 0.334896 0.431625 0.004167 0.004250
0 0.339583 0.431500 0.006250 0.005500
0 0.345573 0.437750 0.005729 0.005500
0 0.352865 0.444875 0.008854 0.005250
0 0.412500 0.500000 0.009375 0.005000
0 0.416406 0.505375 0.008854 0.004250
0 0.432292 0.522750 0.009375 0.005000
0 0.457031 0.564625 0.009896 0.005250
0 0.461198 0.553375 0.005729 0.002250
0 0.458854 0.552000 0.007292 0.003000
0 0.485937 0.593875 0.009375 0.002750
0 0.485677 0.600750 0.009896 0.006000
0 0.492188 0.613625 0.010417 0.006250
0 0.500000 0.619375 0.008333 0.004750
0 0.519531 0.645500 0.004687 0.005000
0 0.523698 0.644875 0.009896 0.005250
0 0.558854 0.723125 0.007292 0.005250
0 0.622135 0.800875 0.007812 0.005750
0 0.725260 0.801000 0.009896 0.007000
0 0.786979 0.760375 0.010417 0.005750
0 0.549479 0.630625 0.007292 0.005750
0 0.545312 0.631000 0.006250 0.005500
0 0.522135 0.595250 0.008854 0.006500
0 0.502083 0.558500 0.013542 0.004000
0 0.414844 0.474750 0.011979 0.007500
0 0.350521 0.417750 0.007292 0.004500
0 0.353125 0.416500 0.010417 0.005500
0 0.359635 0.415125 0.005729 0.005750
0 0.363802 0.415125 0.006771 0.005250
0 0.375521 0.420000 0.009375 0.006500
0 0.405990 0.426000 0.009896 0.004500
0 0.414844 0.430500 0.014063 0.003500
0 0.438021 0.438250 0.011458 0.003500
0 0.436979 0.440125 0.007292 0.002750
0 0.490625 0.458375 0.011458 0.002750
0 0.493229 0.456875 0.010417 0.003250
0 0.545833 0.483750 0.010417 0.004000
0 0.539844 0.481000 0.007812 0.004500
0 0.537500 0.479875 0.007292 0.003750
0 0.570833 0.495000 0.012500 0.005000
0 0.607031 0.503875 0.011979 0.005250
0 0.607552 0.503875 0.010937 0.006750
0 0.607031 0.517750 0.011979 0.006000
0 0.652865 0.524125 0.015104 0.005750
0 0.664062 0.536125 0.013542 0.006250
0 0.703385 0.542375 0.011979 0.003750
0 0.665365 0.536750 0.009896 0.005500
0 0.717187 0.542125 0.009375 0.004250
0 0.726302 0.551625 0.014063 0.006250
0 0.725260 0.551625 0.009896 0.005750
0 0.984635 0.680000 0.010937 0.006500
0 0.960156 0.540875 0.008854 0.006750
0 0.777865 0.543625 0.005729 0.006250
0 0.782813 0.543000 0.008333 0.005000
0 0.800781 0.530875 0.008854 0.005250
0 0.817187 0.525750 0.010417 0.006500
0 0.711198 0.527750 0.008854 0.006500
0 0.705208 0.523000 0.007292 0.005500
0 0.689844 0.517375 0.008854 0.006750
0 0.652604 0.503625 0.006250 0.006250
0 0.657292 0.503000 0.006250 0.006000
0 0.637500 0.499250 0.007292 0.005500
0 0.625260 0.488875 0.006771 0.006250
0 0.632292 0.488250 0.008333 0.005500
0 0.634375 0.480750 0.006250 0.006000
0 0.638281 0.480375 0.005729 0.005250
0 0.495573 0.444625 0.008854 0.005250
0 0.489063 0.439500 0.009375 0.006000
0 0.492188 0.438250 0.008333 0.005000
0 0.468490 0.436500 0.010937 0.006000
0 0.462500 0.429000 0.008333 0.007000
0 0.437500 0.424875 0.007292 0.006250
0 0.442188 0.422125 0.009375 0.005750
0 0.415885 0.417500 0.011979 0.004000
0 0.418229 0.416375 0.009375 0.004250
0 0.431250 0.416625 0.007292 0.004750
0 0.434896 0.415750 0.011458 0.005500
0 0.367188 0.399375 0.012500 0.005250
0 0.360677 0.394500 0.011979 0.003500
0 0.442969 0.389500 0.011979 0.004500
0 0.473177 0.392625 0.014063 0.004750
0 0.507031 0.399750 0.013021 0.002500
0 0.506771 0.397750 0.011458 0.002500
0 0.578385 0.394250 0.011979 0.003500
0 0.580208 0.402875 0.007292 0.005250
0 0.583073 0.408250 0.013021 0.003500
0 0.586198 0.402875 0.007812 0.003250
0 0.588542 0.401750 0.011458 0.004000
0 0.590104 0.399875 0.012500 0.004750
0 0.623698 0.406000 0.010937 0.002500
0 0.623958 0.408250 0.011458 0.003000
0 0.605990 0.397375 0.006771 0.003250
0 0.602604 0.396500 0.009375 0.004500
0 0.661458 0.405250 0.010417 0.002500
0 0.663021 0.403500 0.012500 0.003000
0 0.753385 0.414250 0.014063 0.004000
0 0.779427 0.411375 0.011979 0.004250
0 0.883333 0.427500 0.009375 0.005000
0 0.885937 0.425500 0.011458 0.003500
0 0.932031 0.454250 0.013021 0.006500
0 0.950260 0.438125 0.014063 0.004750
0 0.946615 0.426625 0.008854 0.003250
0 0.947917 0.424875 0.012500 0.003750
0 0.935937 0.420625 0.010417 0.004750
0 0.796615 0.401000 0.010937 0.004000
0 0.797917 0.399250 0.011458 0.003500
0 0.714583 0.389875 0.008333 0.003750
0 0.717448 0.388500 0.011979 0.004500
0 0.603906 0.364875 0.008854 0.005750
0 0.605729 0.384250 0.006250 0.004500
0 0.609115 0.384125 0.008854 0.006250
0 0.572135 0.384625 0.009896 0.003250
0 0.562500 0.382875 0.011458 0.005250
0 0.379948 0.378250 0.013021 0.004000
0 0.446354 0.353750 0.011458 0.005500
0 0.437760 0.350375 0.006771 0.005750
0 0.431771 0.351750 0.006250 0.006500
0 0.466406 0.343500 0.006771 0.004500
0 0.462240 0.342500 0.007812 0.006000
0 0.602344 0.319500 0.011979 0.003500
0 0.601562 0.317625 0.010417 0.002750
0 0.653385 0.317875 0.009896 0.005250
0 0.675781 0.307375 0.011979 0.003250
0 0.676302 0.303875 0.014063 0.003750
0 0.688802 0.299500 0.010937 0.003000
0 0.688802 0.297250 0.011979 0.003000
0 0.711198 0.298875 0.008854 0.006250
0 0.888281 0.321500 0.007812 0.005500
0 0.897656 0.319125 0.007812 0.005750
0 0.848698 0.234875 0.008854 0.005750
0 0.663281 0.286625 0.016146 0.004250
0 0.612760 0.298125 0.011979 0.003250
0 0.614062 0.296125 0.011458 0.002750
0 0.521615 0.310875 0.008854 0.006750
0 0.507812 0.318000 0.014583 0.004000
0 0.422396 0.341375 0.012500 0.004250
0 0.410938 0.343875 0.007292 0.005250
0 0.387240 0.320375 0.008854 0.005750
0 0.392448 0.314625 0.006771 0.005750
0 0.436198 0.286375 0.007812 0.007750
0 0.456510 0.270375 0.008854 0.006750
0 0.428385 0.278375 0.006771 0.005750
0 0.423177 0.284625 0.010937 0.006250
0 0.482292 0.251000 0.007292 0.005500
0 0.478646 0.247750 0.010417 0.003000
0 0.478125 0.240500 0.005208 0.006500
0 0.482031 0.240625 0.003646 0.005250
0 0.483854 0.235375 0.008333 0.005750
0 0.481771 0.228125 0.004167 0.004750
0 0.477604 0.228000 0.009375 0.007000
0 0.485937 0.219625 0.006250 0.006250
0 0.492188 0.222250 0.008333 0.004500
0 0.492969 0.224000 0.008854 0.004500
0 0.532292 0.141750 0.009375 0.005000
0 0.537240 0.146250 0.011979 0.003000
0 0.534115 0.150500 0.006771 0.006500
0 0.503906 0.188750 0.010937 0.006000
0 0.491927 0.190125 0.011979 0.005250
0 0.492708 0.197125 0.012500 0.004250
0 0.490885 0.195000 0.008854 0.004500
