0 0.319625 0.253646 0.006250 0.010417
0 0.324750 0.379688 0.005000 0.014583
0 0.288750 0.454427 0.009000 0.013021
0 0.347500 0.410677 0.005000 0.008854
0 0.346750 0.407552 0.006000 0.008854
0 0.383875 0.374740 0.005750 0.011979
0 0.388125 0.343229 0.005750 0.007292
0 0.390750 0.336198 0.005000 0.008854
0 0.389875 0.333854 0.004750 0.008333
0 0.407875 0.299219 0.006250 0.011979
0 0.416125 0.313802 0.004750 0.013021
0 0.418625 0.311719 0.004250 0.014063
0 0.448625 0.246094 0.004750 0.010937
0 0.445500 0.230729 0.005500 0.010417
0 0.460000 0.218750 0.004500 0.011458
0 0.456875 0.215104 0.004250 0.011458
0 0.460375 0.207292 0.004250 0.008333
0 0.475625 0.194271 0.006250 0.010417
0 0.352625 0.494531 0.008250 0.010937
0 0.372875 0.479427 0.007250 0.013021
0 0.422250 0.445833 0.008500 0.009375
0 0.452125 0.458854 0.004750 0.013542
0 0.356125 0.540365 0.004750 0.014063
0 0.388000 0.545573 0.007500 0.009896
0 0.402500 0.551302 0.005000 0.008854
0 0.403375 0.547656 0.006250 0.009896
0 0.426625 0.552865 0.007250 0.010937
0 0.418750 0.561458 0.006500 0.007292
0 0.420500 0.556250 0.005500 0.006250
0 0.418500 0.551562 0.007000 0.007292
0 0.462500 0.541406 0.007500 0.011979
0 0.467375 0.574740 0.004750 0.015104
0 0.458125 0.557552 0.007250 0.008854
0 0.473875 0.545052 0.006250 0.007812
0 0.473000 0.539062 0.007000 0.007292
0 0.474375 0.532813 0.006750 0.009375
0 0.522500 0.554948 0.007500 0.008854
0 0.391875 0.611979 0.008750 0.010417
0 0.386125 0.633073 0.006750 0.008854
0 0.390000 0.627604 0.004000 0.012500
0 0.394375 0.636198 0.007750 0.006771
0 0.413375 0.697135 0.008250 0.009896
0 0.428875 0.668229 0.007750 0.008333
0 0.442500 0.660156 0.006500 0.009896
0 0.454625 0.669271 0.007250 0.013542
0 0.476625 0.680469 0.004750 0.011979
0 0.438250 0.692448 0.006000 0.005729
0 0.438125 0.688021 0.006750 0.006250
0 0.432625 0.652865 0.005750 0.008854
0 0.436000 0.652083 0.004000 0.010417
0 0.438125 0.651042 0.003750 0.007292
0 0.497875 0.831250 0.004750 0.017708
