0 0.165365 0.617375 0.008854 0.005250
0 0.164583 0.632875 0.009375 0.004250
0 0.171875 0.637375 0.008333 0.004750
0 0.218229 0.652625 0.006250 0.004250
0 0.238802 0.651875 0.006771 0.003250
0 0.236979 0.648500 0.006250 0.003500
0 0.211979 0.645250 0.011458 0.005000
0 0.197656 0.643250 0.008854 0.004000
0 0.280208 0.669000 0.006250 0.004000
0 0.286198 0.670000 0.006771 0.004000
0 0.290365 0.663250 0.008854 0.004000
0 0.369271 0.632125 0.005208 0.004750
0 0.362500 0.606625 0.008333 0.003750
0 0.365365 0.604875 0.007812 0.003250
0 0.310937 0.588750 0.006250 0.005000
0 0.268490 0.543500 0.007812 0.004500
0 0.283333 0.557000 0.004167 0.004500
0 0.286979 0.556125 0.005208 0.003750
0 0.186458 0.534250 0.007292 0.004000
0 0.233073 0.515500 0.009896 0.003000
0 0.224740 0.506375 0.008854 0.004750
0 0.202604 0.498000 0.007292 0.004500
0 0.139583 0.502375 0.006250 0.004250
0 0.549479 0.400625 0.011458 0.004750
0 0.486198 0.449875 0.008854 0.005250
0 0.484375 0.480250 0.008333 0.005000
0 0.503385 0.481625 0.005729 0.005250
0 0.509115 0.479750 0.006771 0.005000
0 0.508333 0.491500 0.007292 0.005000
0 0.488281 0.490750 0.006771 0.005000
0 0.480469 0.501625 0.009896 0.003750
0 0.456250 0.499250 0.007292 0.005000
0 0.472917 0.509750 0.006250 0.005500
0 0.480729 0.511125 0.006250 0.005250
0 0.504427 0.522250 0.007812 0.004500
0 0.485937 0.530125 0.005208 0.004750
0 0.471094 0.537375 0.009896 0.005750
0 0.483073 0.548250 0.005729 0.005500
0 0.505208 0.542750 0.008333 0.005500
0 0.501042 0.551000 0.003125 0.005000
0 0.503906 0.551250 0.004687 0.005000
0 0.511198 0.562375 0.006771 0.004750
0 0.465625 0.578000 0.009375 0.004500
0 0.467708 0.567875 0.006250 0.005250
0 0.475000 0.565875 0.009375 0.005250
0 0.508333 0.570375 0.004167 0.005250
0 0.513802 0.572000 0.004687 0.005000
0 0.516406 0.569375 0.006771 0.003750
0 0.511719 0.595500 0.005729 0.005500
0 0.505729 0.603750 0.007292 0.005000
0 0.483333 0.607750 0.008333 0.002500
0 0.486198 0.612000 0.005729 0.005000
0 0.503906 0.614875 0.007812 0.004750
0 0.511979 0.616375 0.008333 0.003750
0 0.474219 0.639625 0.007812 0.005750
0 0.486458 0.649125 0.009375 0.003250
0 0.651823 0.616875 0.007812 0.004750
0 0.645833 0.617250 0.004167 0.004000
0 0.700521 0.575375 0.005208 0.005250
0 0.736198 0.558500 0.005729 0.004500
0 0.666927 0.582875 0.006771 0.002750
0 0.669531 0.584750 0.010937 0.003000
0 0.744531 0.548875 0.007812 0.005250
0 0.822656 0.646750 0.005729 0.004500
0 0.836458 0.642000 0.007292 0.004000
0 0.851562 0.644375 0.009375 0.004250
0 0.567187 0.705500 0.010417 0.004000
0 0.651042 0.723750 0.008333 0.005500
0 0.956250 0.326500 0.014583 0.005000
0 0.346094 0.748000 0.010937 0.004000
0 0.529427 0.519750 0.003646 0.004500
0 0.533594 0.519750 0.004687 0.004000
0 0.958333 0.527125 0.005208 0.002750
0 0.962760 0.530875 0.005729 0.002750
0 0.880469 0.703500 0.005729 0.003500
