0 0.237760 0.583875 0.007812 0.004250
0 0.249219 0.584625 0.004687 0.004250
0 0.230990 0.557750 0.007812 0.005500
0 0.246354 0.541000 0.008333 0.005000
0 0.227865 0.538500 0.005729 0.005000
0 0.230469 0.536625 0.007812 0.005250
0 0.243750 0.549375 0.006250 0.004250
0 0.222917 0.466125 0.009375 0.007750
0 0.240365 0.467750 0.006771 0.006000
0 0.212500 0.434750 0.010417 0.006500
0 0.289323 0.365250 0.004687 0.004000
0 0.291406 0.369125 0.005729 0.004750
0 0.338802 0.417625 0.007812 0.004750
0 0.412240 0.508125 0.010937 0.002750
0 0.409375 0.505750 0.012500 0.003000
0 0.419792 0.493750 0.005208 0.006500
0 0.426302 0.495875 0.007812 0.004750
0 0.427865 0.494375 0.009896 0.004250
0 0.405729 0.500500 0.009375 0.004500
0 0.407812 0.499375 0.009375 0.003250
0 0.476302 0.516750 0.010937 0.004000
0 0.483333 0.530625 0.009375 0.005250
0 0.470833 0.527750 0.009375 0.003500
0 0.433333 0.527000 0.008333 0.006000
0 0.427344 0.524250 0.003646 0.005000
0 0.423698 0.524000 0.006771 0.006500
0 0.422656 0.557125 0.010937 0.006250
0 0.464844 0.548250 0.011979 0.004000
0 0.466667 0.545125 0.007292 0.005750
0 0.452604 0.538375 0.009375 0.003750
0 0.453646 0.536750 0.011458 0.004000
0 0.487760 0.545250 0.009896 0.003500
0 0.492708 0.542375 0.010417 0.003250
0 0.500000 0.557125 0.009375 0.004750
0 0.488281 0.564500 0.009896 0.005000
0 0.499740 0.572250 0.009896 0.005500
0 0.452865 0.574875 0.011979 0.006250
0 0.553906 0.561000 0.008854 0.005000
0 0.564323 0.550000 0.010937 0.006000
0 0.508073 0.553500 0.006771 0.005500
0 0.514062 0.552375 0.007292 0.004750
0 0.517708 0.551875 0.008333 0.004750
0 0.526042 0.566000 0.012500 0.005000
0 0.581250 0.583875 0.007292 0.006250
0 0.644010 0.598375 0.013021 0.005750
0 0.570573 0.592750 0.010937 0.003500
0 0.571354 0.588750 0.010417 0.005500
0 0.527344 0.613375 0.011979 0.003750
0 0.511198 0.618125 0.008854 0.006250
0 0.497917 0.634875 0.007292 0.005750
0 0.502865 0.641250 0.006771 0.004500
0 0.519531 0.644500 0.010937 0.005500
0 0.558854 0.627500 0.011458 0.004500
0 0.551042 0.627625 0.005208 0.007250
0 0.544010 0.619875 0.005729 0.006750
0 0.554688 0.616875 0.009375 0.006750
0 0.509635 0.611750 0.005729 0.004000
0 0.507292 0.609750 0.009375 0.004000
0 0.585417 0.617250 0.006250 0.005500
0 0.570573 0.651750 0.010937 0.005500
0 0.581771 0.646750 0.012500 0.004000
0 0.597917 0.649250 0.007292 0.006500
0 0.606771 0.654000 0.009375 0.005500
0 0.612240 0.653375 0.009896 0.005250
0 0.673698 0.667625 0.008854 0.003750
0 0.695312 0.671125 0.011458 0.002750
0 0.696094 0.673625 0.013021 0.002750
0 0.409635 0.512750 0.011979 0.003500
0 0.410417 0.510625 0.010417 0.002750
0 0.447656 0.378750 0.014063 0.004500
0 0.422656 0.374750 0.011979 0.006000
0 0.435156 0.400375 0.010937 0.005750
0 0.442188 0.406500 0.008333 0.006000
0 0.450260 0.405625 0.011979 0.005250
0 0.448958 0.423500 0.011458 0.006500
0 0.466667 0.420000 0.006250 0.004500
0 0.470573 0.418875 0.008854 0.004750
0 0.477604 0.424125 0.007292 0.003750
0 0.479687 0.422750 0.010417 0.004500
0 0.510156 0.440625 0.008854 0.004250
0 0.530469 0.435125 0.007812 0.005250
0 0.502865 0.445375 0.008854 0.004750
0 0.496094 0.451375 0.006771 0.005750
0 0.502083 0.452000 0.009375 0.003000
0 0.505990 0.455125 0.010937 0.003750
0 0.523177 0.467125 0.011979 0.003750
0 0.525781 0.453625 0.007812 0.004250
0 0.527604 0.452375 0.007292 0.004250
0 0.557292 0.459375 0.008333 0.005750
0 0.552604 0.477125 0.009375 0.005250
0 0.563281 0.479500 0.006771 0.003500
0 0.565365 0.478625 0.006771 0.003750
0 0.580469 0.491500 0.009896 0.003500
0 0.604167 0.480625 0.007292 0.003750
0 0.605990 0.479625 0.008854 0.003250
0 0.585417 0.471500 0.006250 0.003500
0 0.583594 0.479500 0.004687 0.004500
0 0.588542 0.480250 0.006250 0.002000
0 0.586719 0.478625 0.005729 0.001750
0 0.598698 0.458250 0.007812 0.004500
0 0.629427 0.466625 0.006771 0.003750
0 0.537240 0.440750 0.006771 0.004000
0 0.540365 0.440000 0.006771 0.004000
0 0.633333 0.521000 0.004167 0.004000
0 0.637240 0.523125 0.003646 0.002750
0 0.624219 0.512625 0.006771 0.003250
0 0.623177 0.510000 0.005729 0.002000
0 0.722135 0.587250 0.005729 0.002500
0 0.724219 0.584375 0.006771 0.002750
0 0.544792 0.412500 0.005208 0.003500
0 0.550521 0.411500 0.005208 0.002500
0 0.615885 0.378000 0.009896 0.003500
0 0.571354 0.383500 0.008333 0.002500
0 0.570312 0.380125 0.008333 0.004750
0 0.587500 0.363875 0.008333 0.004750
0 0.523698 0.370500 0.006771 0.003500
0 0.535417 0.362750 0.007292 0.004500
0 0.530990 0.367750 0.006771 0.003500
0 0.533073 0.366875 0.008854 0.003250
0 0.474479 0.353750 0.011458 0.003500
0 0.475521 0.349375 0.006250 0.005250
0 0.462240 0.349875 0.008854 0.004250
0 0.486979 0.349750 0.007292 0.002500
0 0.492188 0.348625 0.006250 0.003750
0 0.461198 0.334500 0.009896 0.004500
0 0.478906 0.337375 0.014063 0.005250
0 0.497917 0.342125 0.011458 0.004250
0 0.551302 0.354125 0.008854 0.004250
0 0.352344 0.336250 0.007812 0.002000
0 0.352344 0.334000 0.008854 0.002500
0 0.390365 0.333375 0.008854 0.003750
0 0.303385 0.330000 0.007812 0.004500
0 0.749479 0.418125 0.009375 0.003750
0 0.726823 0.408375 0.005729 0.003250
0 0.725521 0.406500 0.005208 0.002500
0 0.738542 0.225000 0.010417 0.006500
0 0.783333 0.136500 0.013542 0.006000
0 0.563542 0.168125 0.008333 0.006750
0 0.375260 0.089000 0.009896 0.006000
0 0.376042 0.081625 0.007292 0.005750
0 0.387500 0.075125 0.011458 0.006250
0 0.407031 0.064375 0.007812 0.006750
0 0.413281 0.054125 0.006771 0.005250
0 0.921354 0.073750 0.010417 0.006500
0 0.735417 0.351875 0.011458 0.004250
0 0.732031 0.353375 0.011979 0.003250
0 0.730208 0.355250 0.011458 0.003000
0 0.989062 0.352750 0.009375 0.006000
0 0.995312 0.404000 0.008333 0.007000
0 0.829427 0.556625 0.010937 0.003750
0 0.394010 0.163250 0.009896 0.005500
0 0.216927 0.111125 0.010937 0.006750
0 0.058854 0.067125 0.008333 0.006250
0 0.084115 0.070750 0.007812 0.006000
0 0.241146 0.082625 0.010417 0.004250
0 0.291667 0.115375 0.008333 0.005250
0 0.253646 0.162250 0.010417 0.004500
