0 0.115104 0.568625 0.012500 0.004750
0 0.122656 0.602250 0.009896 0.005000
0 0.125000 0.601125 0.008333 0.004250
0 0.179427 0.593875 0.015104 0.004250
0 0.177604 0.597250 0.013542 0.003500
0 0.231771 0.618000 0.009375 0.007000
0 0.251563 0.604000 0.013542 0.004500
0 0.308333 0.612375 0.012500 0.003750
0 0.316927 0.621875 0.009896 0.007250
0 0.345833 0.616875 0.013542 0.004750
0 0.366406 0.620000 0.011979 0.004000
0 0.408854 0.576125 0.011458 0.005250
0 0.392969 0.561125 0.009896 0.002750
0 0.391927 0.559750 0.013021 0.003000
0 0.352344 0.549500 0.011979 0.004500
0 0.352083 0.550500 0.008333 0.002500
0 0.298958 0.541375 0.009375 0.005250
0 0.301563 0.540500 0.007292 0.004500
0 0.233073 0.505750 0.015104 0.004500
0 0.199479 0.491125 0.007292 0.006250
0 0.199219 0.486375 0.009896 0.004750
0 0.200781 0.484875 0.008854 0.003750
0 0.007552 0.406375 0.014063 0.005250
0 0.092448 0.392250 0.013021 0.005500
0 0.251823 0.500250 0.010937 0.004000
0 0.504948 0.602875 0.010937 0.007750
0 0.478646 0.553875 0.008333 0.006750
0 0.470312 0.553750 0.010417 0.004500
0 0.468490 0.543750 0.011979 0.004000
0 0.455990 0.546125 0.008854 0.006250
0 0.459635 0.545000 0.006771 0.006000
0 0.456771 0.540375 0.009375 0.005750
0 0.452604 0.517375 0.007292 0.006750
0 0.443229 0.510000 0.009375 0.007000
0 0.422917 0.510250 0.007292 0.005000
0 0.428385 0.509875 0.006771 0.006750
0 0.430469 0.506875 0.008854 0.006250
0 0.416927 0.505375 0.007812 0.006750
0 0.411458 0.508125 0.008333 0.005750
0 0.401562 0.506500 0.007292 0.006000
0 0.405469 0.506250 0.005729 0.005500
0 0.426302 0.497875 0.006771 0.006750
0 0.434635 0.494125 0.007812 0.006750
0 0.414323 0.496000 0.011979 0.005000
0 0.415365 0.493125 0.010937 0.005750
0 0.405990 0.494125 0.008854 0.006750
0 0.395313 0.487625 0.011458 0.007250
0 0.417708 0.482250 0.005208 0.005500
0 0.422917 0.482375 0.006250 0.006750
0 0.420833 0.477375 0.012500 0.005250
0 0.369531 0.475750 0.010937 0.006500
0 0.353646 0.466000 0.011458 0.006500
0 0.373958 0.469750 0.005208 0.006500
0 0.378125 0.473500 0.008333 0.004500
0 0.380990 0.472375 0.009896 0.005750
0 0.396094 0.468000 0.005729 0.006000
0 0.400781 0.467625 0.004687 0.007250
0 0.407552 0.468375 0.010937 0.005250
0 0.408854 0.467250 0.009375 0.004500
0 0.415365 0.463875 0.007812 0.006250
0 0.409115 0.458000 0.011979 0.005500
0 0.386458 0.448750 0.012500 0.006500
0 0.393229 0.445500 0.010417 0.007000
0 0.382031 0.436875 0.016146 0.004250
0 0.366927 0.458500 0.010937 0.003500
0 0.369531 0.456750 0.013021 0.005000
0 0.344271 0.443000 0.011458 0.003500
0 0.346354 0.441125 0.013542 0.004750
0 0.347135 0.439375 0.013021 0.003750
0 0.323698 0.437875 0.007812 0.006750
0 0.327604 0.437125 0.006250 0.005250
0 0.317448 0.436875 0.006771 0.007250
0 0.300781 0.426625 0.010937 0.007250
0 0.255469 0.372000 0.013021 0.005500
0 0.257812 0.370875 0.011458 0.004750
0 0.266146 0.361125 0.012500 0.004250
0 0.287760 0.368375 0.007812 0.007250
0 0.291927 0.368000 0.006771 0.006000
0 0.303646 0.370250 0.012500 0.007500
0 0.262760 0.339000 0.010937 0.008500
0 0.269792 0.324875 0.014583 0.007750
0 0.120573 0.320125 0.009896 0.006750
0 0.338542 0.300000 0.010417 0.006500
0 0.399740 0.372750 0.006771 0.005000
0 0.369271 0.377500 0.008333 0.007000
0 0.382292 0.377125 0.009375 0.003250
0 0.384115 0.379750 0.005729 0.003000
0 0.406250 0.391500 0.011458 0.007500
0 0.405208 0.425375 0.008333 0.002750
0 0.404427 0.422750 0.010937 0.003000
0 0.448958 0.451000 0.008333 0.006000
0 0.443750 0.479625 0.011458 0.005750
0 0.654427 0.557500 0.007812 0.004500
0 0.626823 0.560500 0.009896 0.006000
0 0.678125 0.516500 0.014583 0.004500
0 0.675521 0.509375 0.009375 0.007250
0 0.648177 0.509500 0.011979 0.004500
0 0.703125 0.423750 0.008333 0.007500
0 0.783333 0.433000 0.016667 0.004500
0 0.794271 0.415250 0.012500 0.006000
0 0.787760 0.406625 0.007812 0.006750
0 0.817708 0.403375 0.007292 0.005250
0 0.821615 0.402500 0.008854 0.007000
0 0.867708 0.350000 0.013542 0.005000
0 0.876823 0.379125 0.013021 0.005250
0 0.838021 0.410625 0.012500 0.006750
0 0.933854 0.411000 0.008333 0.003500
0 0.936198 0.405625 0.006771 0.004250
0 0.768490 0.449375 0.011979 0.006750
0 0.759635 0.445250 0.009896 0.007500
0 0.786979 0.473125 0.010417 0.006250
0 0.748958 0.484750 0.012500 0.006500
0 0.718490 0.528500 0.007812 0.005000
0 0.683594 0.532375 0.006771 0.005250
0 0.687500 0.531250 0.005208 0.004500
0 0.700521 0.600500 0.012500 0.005000
0 0.705729 0.595500 0.010417 0.005000
0 0.766406 0.584500 0.013021 0.005000
0 0.850521 0.548375 0.009375 0.004750
0 0.900000 0.548875 0.012500 0.008250
0 0.944010 0.537500 0.014063 0.004500
0 0.937760 0.562250 0.009896 0.005500
0 0.933854 0.560375 0.010417 0.004750
0 0.917708 0.569875 0.008333 0.006750
0 0.915365 0.576000 0.011979 0.003500
0 0.907031 0.561000 0.011979 0.007000
0 0.880208 0.567875 0.007292 0.006250
0 0.886198 0.568875 0.010937 0.006250
0 0.893750 0.570750 0.013542 0.005000
0 0.892448 0.576500 0.014063 0.005500
0 0.896094 0.582875 0.010937 0.006750
0 0.803906 0.598000 0.013021 0.006000
0 0.800521 0.595000 0.006250 0.006000
0 0.813021 0.588625 0.010417 0.008250
0 0.734375 0.605125 0.012500 0.006250
0 0.747396 0.602000 0.012500 0.007000
0 0.605208 0.851500 0.007292 0.005500
0 0.724740 0.346250 0.011979 0.009000
0 0.601042 0.186625 0.011458 0.007750
