0 0.305875 0.864062 0.004750 0.013542
0 0.346625 0.890885 0.005250 0.007812
0 0.340625 0.840625 0.004250 0.012500
0 0.356375 0.821615 0.002750 0.009896
0 0.353000 0.821615 0.004500 0.011979
0 0.342375 0.828906 0.004750 0.010937
0 0.338375 0.826302 0.002750 0.011979
0 0.344750 0.819271 0.003500 0.010417
0 0.391625 0.867448 0.004250 0.014063
0 0.391875 0.828385 0.005750 0.006771
0 0.392125 0.822656 0.006750 0.006771
0 0.406375 0.832031 0.005750 0.007812
0 0.374375 0.844531 0.005250 0.008854
0 0.370125 0.849219 0.004250 0.014063
0 0.370125 0.860417 0.004750 0.009375
0 0.367125 0.857031 0.005250 0.005729
0 0.365750 0.869792 0.005500 0.007292
0 0.363875 0.875521 0.005750 0.005208
0 0.366625 0.886458 0.004750 0.011458
0 0.365000 0.883333 0.004000 0.009375
0 0.362750 0.882552 0.003000 0.009896
0 0.360125 0.874219 0.004250 0.011979
0 0.362500 0.864062 0.006000 0.006250
0 0.377500 0.819792 0.003000 0.011458
0 0.380000 0.818229 0.003500 0.013542
0 0.394625 0.780729 0.005750 0.009375
0 0.392625 0.767708 0.004250 0.010417
0 0.378625 0.777865 0.005750 0.009896
0 0.384625 0.782552 0.006250 0.010937
0 0.379625 0.761458 0.004750 0.011458
0 0.384625 0.760677 0.003250 0.008854
0 0.384750 0.756250 0.004000 0.007292
0 0.388875 0.755729 0.002750 0.008333
0 0.416125 0.803385 0.006250 0.006771
0 0.397750 0.797656 0.006500 0.007812
0 0.421125 0.788281 0.003250 0.010937
0 0.421625 0.780469 0.006250 0.006771
0 0.433000 0.798177 0.003500 0.011979
0 0.432000 0.778906 0.003500 0.014063
0 0.432500 0.768229 0.006500 0.006250
0 0.413125 0.785156 0.007250 0.005729
0 0.415625 0.779948 0.006250 0.006771
0 0.443375 0.774479 0.003750 0.012500
0 0.453750 0.800521 0.005000 0.014583
0 0.459500 0.779948 0.006000 0.010937
0 0.463625 0.779687 0.006250 0.007292
0 0.451750 0.765625 0.007000 0.007292
0 0.463500 0.744010 0.005500 0.010937
0 0.451250 0.755469 0.006000 0.005729
0 0.449375 0.751823 0.006250 0.004687
0 0.453625 0.776563 0.003750 0.011458
0 0.411750 0.816927 0.004500 0.014063
0 0.490750 0.793490 0.008000 0.007812
0 0.486125 0.751042 0.006250 0.006250
0 0.485750 0.746354 0.006000 0.005208
0 0.475500 0.720052 0.003500 0.010937
0 0.463750 0.721615 0.003000 0.009896
0 0.460000 0.723958 0.004500 0.009375
0 0.507125 0.671354 0.004750 0.010417
0 0.515875 0.686979 0.005250 0.009375
0 0.543500 0.717708 0.004000 0.015625
0 0.569000 0.606250 0.003500 0.006250
0 0.572750 0.601302 0.004500 0.007812
0 0.532750 0.609375 0.006000 0.006250
0 0.465375 0.620052 0.007250 0.006771
0 0.464875 0.609635 0.005250 0.007812
0 0.487625 0.618490 0.003750 0.008854
0 0.489250 0.616146 0.004500 0.011458
0 0.461750 0.584635 0.004500 0.009896
0 0.450375 0.605729 0.004250 0.014583
0 0.446500 0.609896 0.005000 0.010417
0 0.492625 0.599219 0.004250 0.004687
0 0.489500 0.594271 0.003000 0.010417
0 0.453250 0.573958 0.004000 0.007292
0 0.448375 0.572396 0.005750 0.008333
0 0.432125 0.566667 0.003750 0.009375
0 0.427750 0.571615 0.006000 0.008854
0 0.406500 0.551302 0.005000 0.006771
0 0.400125 0.541927 0.004750 0.009896
0 0.395250 0.535417 0.005000 0.007292
0 0.375500 0.578385 0.006000 0.010937
0 0.371875 0.547917 0.006250 0.007292
0 0.380625 0.552083 0.006750 0.005208
0 0.380125 0.547917 0.005250 0.005208
0 0.375375 0.539583 0.007250 0.011458
0 0.355500 0.538802 0.007500 0.009896
0 0.346000 0.554948 0.008000 0.009896
0 0.289625 0.560156 0.008750 0.018229
0 0.252125 0.487500 0.008750 0.013542
0 0.219000 0.470052 0.009000 0.014063
0 0.206750 0.458073 0.007500 0.018229
0 0.170875 0.473177 0.008750 0.017188
0 0.138375 0.463021 0.007750 0.010417
0 0.139500 0.459896 0.006000 0.009375
0 0.145500 0.432292 0.005000 0.010417
0 0.351625 0.646094 0.004750 0.014063
0 0.389875 0.628385 0.006750 0.008854
0 0.400500 0.585417 0.004500 0.008333
0 0.401000 0.582552 0.006500 0.011979
0 0.403625 0.560677 0.003250 0.008854
0 0.530250 0.510417 0.004500 0.014583
0 0.522125 0.496615 0.005250 0.008854
0 0.501375 0.459635 0.002750 0.010937
0 0.503875 0.459375 0.003250 0.012500
0 0.505375 0.453385 0.005250 0.010937
0 0.506875 0.450781 0.003750 0.008854
0 0.409625 0.290365 0.004750 0.010937
0 0.427375 0.302865 0.002750 0.013021
0 0.430125 0.300521 0.004250 0.014583
0 0.434000 0.311198 0.003500 0.010937
0 0.435875 0.309635 0.003750 0.013021
0 0.441750 0.304948 0.005000 0.014063
0 0.445375 0.305990 0.003750 0.013021
0 0.433250 0.296615 0.004500 0.010937
0 0.435750 0.294792 0.005000 0.011458
0 0.438500 0.292969 0.006000 0.010937
0 0.439625 0.291406 0.003750 0.008854
0 0.436375 0.243490 0.005750 0.008854
0 0.381250 0.321354 0.005000 0.013542
0 0.417000 0.209375 0.006000 0.012500
0 0.390125 0.174219 0.005250 0.013021
0 0.373125 0.183333 0.007750 0.009375
0 0.399500 0.169531 0.006500 0.009896
0 0.399875 0.160417 0.006250 0.012500
0 0.400000 0.152604 0.006000 0.009375
0 0.369500 0.139323 0.005000 0.015104
0 0.355750 0.147135 0.006500 0.013021
0 0.357750 0.163802 0.004500 0.015104
0 0.353000 0.158333 0.005500 0.014583
0 0.348250 0.160417 0.005500 0.015625
0 0.339375 0.154948 0.003250 0.011979
0 0.337375 0.145833 0.003250 0.014583
0 0.343250 0.131510 0.005500 0.014063
0 0.344625 0.138021 0.006750 0.010417
0 0.343250 0.145833 0.004000 0.007292
0 0.343625 0.155729 0.003750 0.014583
0 0.326250 0.127344 0.006000 0.013021
0 0.328125 0.123177 0.004750 0.011979
0 0.335500 0.128906 0.004500 0.014063
0 0.334000 0.137760 0.005500 0.008854
0 0.331500 0.128385 0.004000 0.014063
0 0.329875 0.112240 0.005250 0.014063
0 0.331500 0.106510 0.006000 0.014063
0 0.347625 0.118229 0.002250 0.013542
0 0.349750 0.119010 0.002500 0.015104
0 0.352500 0.120052 0.003000 0.013021
0 0.380125 0.072135 0.005250 0.008854
0 0.330000 0.035677 0.006000 0.016146
0 0.535250 0.472656 0.004500 0.013021
0 0.557000 0.476302 0.005500 0.008854
0 0.529750 0.422135 0.005500 0.007812
0 0.531250 0.402083 0.005500 0.010417
0 0.581375 0.505469 0.004250 0.013021
0 0.580000 0.477865 0.004500 0.015104
0 0.577375 0.459635 0.005250 0.011979
0 0.580875 0.455990 0.002750 0.013021
0 0.579000 0.440104 0.005500 0.011458
0 0.576625 0.427083 0.004250 0.012500
0 0.588375 0.421875 0.004750 0.013542
0 0.605500 0.430469 0.005000 0.008854
0 0.565000 0.383594 0.005500 0.013021
0 0.563125 0.371354 0.006250 0.008333
0 0.562750 0.349740 0.004500 0.013021
0 0.569875 0.349219 0.004750 0.010937
0 0.568375 0.334375 0.003750 0.009375
0 0.557000 0.361979 0.005000 0.007292
0 0.557750 0.358333 0.005000 0.010417
0 0.575375 0.372135 0.003250 0.011979
0 0.572625 0.370573 0.003250 0.013021
0 0.567875 0.365625 0.002750 0.010417
0 0.570000 0.364063 0.002500 0.012500
0 0.586000 0.383333 0.003000 0.012500
0 0.587750 0.381250 0.002500 0.010417
0 0.575875 0.346615 0.002750 0.011979
0 0.573375 0.347656 0.002250 0.011979
0 0.569125 0.306771 0.003750 0.014583
0 0.560625 0.296354 0.005250 0.010417
0 0.539375 0.298177 0.004750 0.009896
0 0.567750 0.282031 0.004500 0.011979
0 0.553000 0.274479 0.005000 0.009375
0 0.564750 0.260937 0.003500 0.014583
0 0.562000 0.248698 0.004000 0.013021
0 0.554375 0.246615 0.005250 0.008854
0 0.558875 0.261719 0.002750 0.010937
0 0.561500 0.259896 0.003000 0.014583
0 0.581375 0.249219 0.005250 0.008854
0 0.594250 0.245052 0.004500 0.009896
0 0.564875 0.240365 0.005750 0.006771
0 0.565500 0.230990 0.003000 0.014063
0 0.563125 0.226823 0.003750 0.014063
0 0.553625 0.205208 0.004250 0.013542
0 0.547375 0.177083 0.003750 0.014583
0 0.553000 0.175781 0.005000 0.014063
0 0.533500 0.154688 0.006500 0.011458
0 0.555250 0.158073 0.002000 0.011979
0 0.557375 0.157552 0.001750 0.014063
0 0.559250 0.159115 0.002500 0.014063
0 0.578375 0.184375 0.006750 0.010417
0 0.578875 0.165365 0.004750 0.015104
0 0.581000 0.142708 0.004500 0.012500
0 0.560125 0.101562 0.004250 0.012500
0 0.562875 0.107292 0.006750 0.010417
0 0.585625 0.100260 0.003750 0.014063
0 0.585375 0.090104 0.003750 0.007292
0 0.584375 0.085156 0.004250 0.005729
0 0.528375 0.080208 0.006750 0.015625
0 0.504500 0.036458 0.004500 0.009375
0 0.534750 0.012500 0.006000 0.015625
0 0.575625 0.005208 0.005250 0.009375
0 0.593375 0.042188 0.002750 0.012500
0 0.594125 0.027865 0.004250 0.009896
0 0.557500 0.005729 0.003000 0.011458
0 0.560125 0.006250 0.003250 0.012500
0 0.582750 0.197917 0.005500 0.014583
0 0.617000 0.460677 0.004000 0.010937
0 0.627750 0.465365 0.005000 0.008854
0 0.632250 0.434635 0.005000 0.007812
0 0.647750 0.374219 0.007500 0.013021
0 0.629625 0.371094 0.002750 0.011979
0 0.631250 0.355990 0.003500 0.014063
0 0.628125 0.357292 0.003250 0.010417
0 0.631875 0.343490 0.004250 0.008854
0 0.627750 0.345052 0.004500 0.013021
0 0.630750 0.331510 0.004000 0.013021
0 0.627750 0.329948 0.002500 0.010937
0 0.622500 0.358333 0.004000 0.013542
0 0.627000 0.369271 0.003500 0.012500
0 0.623875 0.366667 0.004750 0.014583
0 0.644500 0.310417 0.004500 0.014583
0 0.630875 0.317188 0.003750 0.010417
0 0.627750 0.316406 0.002500 0.014063
0 0.627500 0.294010 0.003500 0.011979
0 0.631500 0.294531 0.004000 0.014063
0 0.635375 0.297917 0.004250 0.012500
0 0.623875 0.273177 0.003750 0.013021
0 0.646125 0.275521 0.004250 0.011458
0 0.632875 0.260677 0.005250 0.010937
0 0.647625 0.259375 0.004750 0.015625
0 0.664375 0.230469 0.004250 0.015104
0 0.656375 0.189062 0.004250 0.014583
0 0.658125 0.153385 0.005250 0.014063
0 0.647000 0.137240 0.003000 0.013021
0 0.650250 0.135156 0.005000 0.014063
0 0.642000 0.005990 0.004500 0.011979
0 0.648875 0.003385 0.004250 0.006771
0 0.653375 0.004167 0.003750 0.008333
0 0.755625 0.401823 0.004250 0.008854
0 0.825875 0.107552 0.005250 0.009896
0 0.386750 0.964323 0.007500 0.009896
