0 0.458125 0.753646 0.005750 0.011458
0 0.559750 0.686198 0.006000 0.013021
0 0.582125 0.644531 0.006250 0.009896
0 0.586750 0.638021 0.006500 0.007292
0 0.610750 0.605990 0.006000 0.010937
0 0.558625 0.619531 0.005750 0.010937
0 0.556125 0.617188 0.004750 0.008333
0 0.541000 0.634896 0.005000 0.011458
0 0.537250 0.628646 0.005500 0.005208
0 0.537000 0.633073 0.006500 0.005729
0 0.535750 0.638021 0.006000 0.007292
0 0.530000 0.638281 0.005500 0.008854
0 0.522250 0.650260 0.007500 0.007812
0 0.514000 0.654948 0.006500 0.010937
0 0.508625 0.657292 0.006250 0.007292
0 0.509375 0.664583 0.007250 0.007292
0 0.497375 0.695312 0.005250 0.013542
0 0.496250 0.690625 0.005500 0.008333
0 0.484125 0.680990 0.006250 0.009896
0 0.484625 0.676302 0.005250 0.006771
0 0.534125 0.514583 0.006250 0.008333
0 0.523125 0.497656 0.005750 0.007812
0 0.519875 0.492188 0.004750 0.007292
0 0.497125 0.514323 0.004750 0.005729
0 0.499000 0.517708 0.004000 0.006250
0 0.499750 0.520833 0.004000 0.007292
0 0.504250 0.514062 0.004500 0.005208
0 0.502875 0.511979 0.003750 0.004167
0 0.453000 0.518229 0.005500 0.009375
0 0.390000 0.463802 0.004500 0.014063
0 0.533500 0.439583 0.003500 0.007292
0 0.596250 0.445312 0.007000 0.011458
0 0.564000 0.407552 0.007000 0.011979
0 0.543500 0.383594 0.006500 0.014063
0 0.525500 0.366667 0.006000 0.009375
0 0.516750 0.340365 0.006500 0.010937
0 0.525625 0.307031 0.005250 0.013021
0 0.521125 0.305990 0.004250 0.014063
0 0.516875 0.303906 0.003250 0.010937
0 0.508625 0.297135 0.007750 0.009896
0 0.517875 0.297917 0.005750 0.012500
0 0.518875 0.279167 0.005250 0.009375
0 0.515000 0.279167 0.006000 0.011458
0 0.511875 0.270313 0.006750 0.008333
0 0.502750 0.269010 0.006000 0.008854
0 0.503250 0.258333 0.006500 0.012500
0 0.497500 0.246094 0.006000 0.014063
0 0.499750 0.214062 0.004500 0.014583
0 0.426375 0.251563 0.006750 0.010417
0 0.425000 0.243750 0.006000 0.007292
