0 0.759625 0.226562 0.005750 0.016667
0 0.700375 0.304688 0.008750 0.013542
0 0.689875 0.319792 0.009250 0.018750
0 0.689500 0.319792 0.010500 0.018750
0 0.666750 0.354427 0.007500 0.009896
0 0.638250 0.338802 0.006500 0.015104
0 0.648000 0.389844 0.007500 0.014063
0 0.634375 0.424740 0.008750 0.015104
0 0.595875 0.455208 0.006750 0.014583
0 0.612375 0.516667 0.007750 0.013542
0 0.600625 0.530208 0.008250 0.017708
0 0.561500 0.605729 0.007500 0.020833
0 0.562250 0.613021 0.007500 0.014583
0 0.594375 0.722656 0.006750 0.015104
0 0.664250 0.711719 0.008000 0.015104
0 0.638250 0.726823 0.007000 0.016146
0 0.635625 0.739844 0.005750 0.009896
0 0.658000 0.775781 0.006500 0.014063
0 0.710750 0.758594 0.006000 0.014063
0 0.726875 0.727604 0.005250 0.014583
0 0.731250 0.729427 0.005500 0.014063
0 0.738250 0.736198 0.006000 0.015104
0 0.724875 0.748437 0.005750 0.013542
0 0.732500 0.741667 0.005500 0.006250
0 0.724125 0.758854 0.007250 0.010417
0 0.720625 0.775000 0.005250 0.016667
0 0.732250 0.753906 0.007500 0.017188
0 0.738250 0.756771 0.006000 0.015625
0 0.736125 0.766927 0.009250 0.016146
0 0.733250 0.772135 0.006000 0.013021
0 0.746125 0.765365 0.005250 0.010937
0 0.752875 0.733854 0.005250 0.013542
0 0.760000 0.704427 0.005000 0.013021
0 0.772750 0.735156 0.007500 0.016146
0 0.761125 0.743750 0.008250 0.014583
0 0.763125 0.753125 0.006750 0.015625
0 0.760750 0.757292 0.005000 0.011458
0 0.762625 0.780208 0.007750 0.016667
0 0.752750 0.776563 0.007000 0.012500
0 0.754125 0.788281 0.004750 0.011979
0 0.733875 0.819792 0.009250 0.013542
0 0.774375 0.797135 0.006250 0.016146
0 0.790625 0.805208 0.011250 0.016667
0 0.798875 0.793229 0.008250 0.013542
0 0.801125 0.779687 0.009250 0.013542
0 0.815875 0.775781 0.006250 0.016146
0 0.828375 0.780469 0.004250 0.016146
0 0.807375 0.807812 0.008250 0.012500
0 0.811625 0.823698 0.008250 0.011979
0 0.825000 0.816927 0.006500 0.010937
0 0.844000 0.871094 0.006000 0.014063
0 0.716500 0.860417 0.006500 0.010417
0 0.688750 0.353125 0.006500 0.012500
0 0.405500 0.056250 0.014000 0.018750
0 0.407750 0.054427 0.009500 0.019271
0 0.411000 0.079687 0.006500 0.021875
0 0.425750 0.075781 0.006000 0.019271
0 0.425750 0.110417 0.006500 0.015625
0 0.418875 0.037500 0.007250 0.015625
0 0.452750 0.075781 0.007500 0.019271
0 0.420750 0.131510 0.007500 0.014063
0 0.394625 0.124479 0.011250 0.014583
0 0.404250 0.161198 0.006500 0.017188
0 0.408250 0.167708 0.006000 0.015625
0 0.423125 0.148698 0.006750 0.015104
0 0.422750 0.165104 0.008500 0.018750
0 0.439250 0.152604 0.005000 0.014583
0 0.445625 0.166667 0.007750 0.016667
0 0.425250 0.186198 0.008000 0.018229
0 0.421375 0.195312 0.007250 0.016667
0 0.421000 0.207031 0.008500 0.018229
0 0.429750 0.218750 0.005500 0.017708
0 0.442750 0.194271 0.004500 0.013542
0 0.400500 0.199219 0.009000 0.017188
0 0.441750 0.224219 0.006000 0.013021
0 0.429750 0.252344 0.006500 0.014063
0 0.434500 0.282031 0.005000 0.011979
0 0.453625 0.259115 0.007750 0.019271
0 0.476125 0.231510 0.008750 0.019271
0 0.501000 0.134896 0.006500 0.015625
0 0.454375 0.301302 0.007250 0.020313
0 0.463000 0.342448 0.007000 0.017188
0 0.466750 0.353125 0.005500 0.012500
0 0.470375 0.341406 0.007250 0.017188
0 0.474250 0.360417 0.007500 0.013542
0 0.445625 0.369271 0.008750 0.014583
0 0.452500 0.401302 0.007500 0.010937
0 0.455250 0.413281 0.007500 0.019271
0 0.469250 0.417969 0.007500 0.016146
0 0.481875 0.435156 0.005750 0.016146
0 0.492500 0.429688 0.008000 0.012500
0 0.480625 0.419531 0.008250 0.014063
0 0.440375 0.496354 0.006750 0.014583
0 0.495125 0.603906 0.007750 0.013021
0 0.507125 0.603385 0.006750 0.016146
0 0.512750 0.612760 0.006500 0.015104
0 0.511375 0.584115 0.006750 0.016146
0 0.507625 0.567969 0.005750 0.016146
0 0.503750 0.471094 0.008000 0.013021
0 0.152375 0.254167 0.007750 0.017708
0 0.193500 0.149740 0.008500 0.023438
0 0.183250 0.283073 0.010500 0.020313
0 0.167625 0.283594 0.006250 0.014063
0 0.159375 0.291927 0.009250 0.014063
0 0.145625 0.279427 0.008750 0.017188
0 0.188500 0.353906 0.013000 0.019271
0 0.301375 0.421094 0.006250 0.016146
0 0.264375 0.497917 0.007750 0.019792
0 0.372375 0.476302 0.006250 0.017188
0 0.348000 0.521875 0.006000 0.014583
0 0.342500 0.540885 0.004500 0.013021
0 0.352750 0.546615 0.006000 0.011979
0 0.344500 0.551823 0.006000 0.011979
0 0.356500 0.566927 0.006000 0.014063
0 0.387375 0.554427 0.006250 0.014063
0 0.389625 0.601823 0.007250 0.018229
0 0.396625 0.591406 0.007750 0.018229
0 0.450375 0.747917 0.009250 0.019792
0 0.421125 0.757292 0.007250 0.018750
0 0.399625 0.771875 0.007750 0.014583
0 0.402125 0.789062 0.006750 0.010417
0 0.375500 0.843750 0.009000 0.018750
0 0.339250 0.859896 0.010500 0.013542
0 0.341250 0.844531 0.008500 0.015104
0 0.334250 0.842448 0.009000 0.013021
0 0.328875 0.849479 0.005250 0.012500
0 0.279500 0.819531 0.008000 0.014063
0 0.267250 0.842448 0.009500 0.020313
0 0.267625 0.850521 0.007750 0.015625
0 0.272250 0.869271 0.009500 0.013542
0 0.224125 0.947656 0.007750 0.014063
0 0.164125 0.946354 0.008750 0.016667
0 0.163375 0.987500 0.008250 0.014583
0 0.156625 0.993490 0.008250 0.011979
0 0.194375 0.985417 0.006250 0.013542
0 0.213875 0.863021 0.006250 0.013542
