0 0.239375 0.771875 0.008250 0.011458
0 0.304625 0.719531 0.005250 0.018229
0 0.332625 0.717187 0.006750 0.015625
0 0.347250 0.669010 0.008500 0.009896
0 0.333375 0.672396 0.007750 0.018750
0 0.323500 0.647656 0.003500 0.016146
0 0.321375 0.648958 0.002750 0.013542
0 0.275250 0.703385 0.007000 0.008854
0 0.277875 0.686458 0.005250 0.011458
0 0.284500 0.685156 0.006500 0.014063
0 0.275375 0.640365 0.008250 0.015104
0 0.263125 0.611719 0.004750 0.010937
0 0.263875 0.602604 0.006250 0.010417
0 0.237375 0.560156 0.004750 0.014063
0 0.188125 0.598437 0.008250 0.013542
0 0.418625 0.678125 0.008250 0.012500
0 0.402500 0.621875 0.005000 0.014583
0 0.384250 0.591406 0.006500 0.017188
0 0.376750 0.522135 0.009000 0.014063
0 0.384625 0.497396 0.004750 0.009375
0 0.383625 0.485937 0.005250 0.012500
0 0.370000 0.454167 0.005500 0.015625
0 0.323750 0.404167 0.005500 0.015625
0 0.320625 0.419010 0.007250 0.011979
0 0.314500 0.422656 0.006000 0.007812
0 0.312500 0.411719 0.005000 0.015104
0 0.349500 0.414844 0.003000 0.011979
0 0.347000 0.415365 0.003000 0.015104
0 0.335375 0.384115 0.005250 0.013021
0 0.337500 0.382031 0.004500 0.011979
0 0.356375 0.386458 0.004750 0.007292
0 0.357125 0.378385 0.005750 0.011979
0 0.352375 0.351562 0.004750 0.009375
0 0.356375 0.346354 0.004250 0.006250
0 0.356250 0.341406 0.004500 0.006771
0 0.314875 0.309896 0.005750 0.011458
0 0.328125 0.296615 0.005250 0.016146
0 0.343625 0.294010 0.004250 0.013021
0 0.343125 0.265365 0.006750 0.014063
0 0.337375 0.294531 0.005250 0.013021
0 0.348875 0.316146 0.005750 0.007292
0 0.349125 0.322396 0.005250 0.005208
0 0.376500 0.308073 0.010500 0.030729
0 0.335625 0.234375 0.005250 0.009375
0 0.335250 0.226042 0.004500 0.009375
0 0.303500 0.194531 0.005500 0.013021
0 0.311250 0.190365 0.004500 0.007812
0 0.305125 0.132812 0.006750 0.014583
0 0.283125 0.106250 0.008250 0.015625
0 0.298250 0.071615 0.004000 0.007812
0 0.294625 0.064062 0.005750 0.016667
0 0.304375 0.152865 0.006250 0.013021
0 0.467625 0.565104 0.005250 0.014583
0 0.440250 0.565625 0.006000 0.009375
0 0.443500 0.584896 0.002500 0.009375
0 0.442500 0.583073 0.005000 0.014063
0 0.450750 0.540885 0.007000 0.007812
0 0.448375 0.546875 0.004750 0.007292
0 0.450000 0.551042 0.005000 0.009375
0 0.454250 0.445833 0.002500 0.017708
0 0.451875 0.447135 0.002250 0.014063
0 0.473375 0.432812 0.006250 0.011458
0 0.477250 0.363021 0.004000 0.010417
0 0.475875 0.348177 0.006250 0.018229
0 0.466875 0.336458 0.008250 0.010417
0 0.467625 0.322917 0.003750 0.016667
0 0.463125 0.328646 0.005750 0.008333
0 0.456375 0.322917 0.004250 0.015625
0 0.460000 0.320052 0.006500 0.009896
0 0.447500 0.325781 0.008000 0.008854
0 0.482875 0.271875 0.010750 0.016667
0 0.519000 0.284375 0.005500 0.012500
0 0.464875 0.259896 0.003250 0.014583
0 0.461625 0.259896 0.002750 0.017708
0 0.494000 0.202344 0.005500 0.013021
0 0.497250 0.195573 0.006000 0.007812
0 0.488875 0.148438 0.004750 0.017708
0 0.468875 0.140104 0.005750 0.017708
0 0.429500 0.094271 0.007500 0.011458
0 0.423500 0.072135 0.006000 0.015104
0 0.502625 0.055208 0.006250 0.012500
0 0.509375 0.089583 0.006250 0.010417
0 0.510375 0.099219 0.007250 0.013021
0 0.467875 0.680729 0.005750 0.016667
0 0.487375 0.670312 0.004750 0.015625
0 0.502125 0.655469 0.006250 0.015104
0 0.510625 0.648177 0.005750 0.009896
0 0.517000 0.648958 0.005000 0.012500
0 0.510000 0.634375 0.007000 0.009375
0 0.535000 0.613802 0.007500 0.014063
0 0.552750 0.605208 0.005000 0.011458
0 0.515000 0.580208 0.006000 0.016667
0 0.524375 0.559896 0.007750 0.011458
0 0.538750 0.577344 0.006000 0.014063
0 0.542000 0.562240 0.007000 0.009896
0 0.534125 0.575521 0.003750 0.014583
0 0.530625 0.572135 0.005750 0.013021
0 0.529375 0.580729 0.006250 0.007292
0 0.561500 0.574479 0.005500 0.014583
0 0.557875 0.570833 0.005750 0.011458
0 0.565750 0.560417 0.002500 0.013542
0 0.568250 0.560937 0.002500 0.014583
0 0.551625 0.538281 0.003750 0.016146
0 0.560750 0.534635 0.006500 0.008854
0 0.562125 0.523177 0.004750 0.014063
0 0.546750 0.550521 0.004000 0.012500
0 0.543375 0.549219 0.005250 0.013021
0 0.519000 0.481510 0.004000 0.011979
0 0.532500 0.491406 0.005500 0.008854
0 0.530250 0.478125 0.003500 0.016667
0 0.526250 0.475521 0.006000 0.016667
0 0.545750 0.460938 0.007500 0.015625
0 0.547750 0.498698 0.007000 0.014063
0 0.593000 0.529948 0.004000 0.015104
0 0.590625 0.528385 0.003750 0.011979
0 0.575250 0.445052 0.007500 0.011979
0 0.556875 0.439583 0.006250 0.013542
0 0.562375 0.461458 0.007750 0.006250
0 0.560875 0.470312 0.006250 0.011458
0 0.564625 0.470052 0.002250 0.014063
0 0.566875 0.470833 0.002750 0.012500
0 0.572500 0.426042 0.006000 0.016667
0 0.561375 0.405208 0.003750 0.016667
0 0.555125 0.381510 0.005250 0.015104
0 0.575000 0.389062 0.005000 0.013542
0 0.580875 0.386198 0.004750 0.015104
0 0.596250 0.337240 0.004000 0.017188
0 0.621875 0.335156 0.005250 0.017188
0 0.627375 0.376302 0.004750 0.014063
0 0.626750 0.442708 0.006000 0.013542
0 0.617125 0.401042 0.007250 0.011458
0 0.597875 0.367188 0.007250 0.016667
0 0.575000 0.409375 0.004000 0.014583
0 0.578000 0.419792 0.005000 0.009375
0 0.580875 0.409375 0.004250 0.013542
0 0.578625 0.407031 0.004250 0.014063
0 0.634000 0.272396 0.008500 0.014583
0 0.615875 0.332813 0.005250 0.016667
0 0.688375 0.255208 0.007250 0.014583
0 0.700375 0.227344 0.005250 0.016146
0 0.712000 0.205729 0.007500 0.012500
0 0.674875 0.222917 0.007750 0.010417
0 0.507375 0.738802 0.008250 0.009896
0 0.536000 0.727604 0.007000 0.014583
0 0.540625 0.765625 0.007250 0.011458
0 0.559500 0.762500 0.007000 0.012500
0 0.586375 0.748177 0.005750 0.013021
0 0.601625 0.754948 0.005250 0.010937
0 0.603125 0.790625 0.006250 0.016667
0 0.598250 0.727604 0.005000 0.005208
0 0.598750 0.733073 0.005000 0.005729
0 0.605875 0.721094 0.003750 0.007812
0 0.617875 0.890104 0.006250 0.009375
0 0.701000 0.865104 0.005000 0.009375
0 0.711500 0.859635 0.007000 0.010937
0 0.849375 0.692187 0.007250 0.017708
0 0.791875 0.692708 0.006250 0.009375
0 0.790250 0.463542 0.005500 0.010417
0 0.796375 0.371354 0.006250 0.012500
0 0.623125 0.565885 0.005250 0.013021
0 0.638250 0.498437 0.005500 0.011458
0 0.668125 0.599740 0.004750 0.007812
0 0.659250 0.630469 0.004000 0.005729
0 0.664125 0.643490 0.003750 0.010937
0 0.749625 0.671875 0.005750 0.010417
0 0.937375 0.475521 0.008750 0.014583
