0 0.091406 0.338750 0.010937 0.005500
0 0.090365 0.335625 0.017188 0.005750
0 0.109635 0.317500 0.017188 0.006500
0 0.143750 0.327125 0.009375 0.009250
0 0.134375 0.325625 0.012500 0.007750
0 0.179948 0.312250 0.007812 0.008000
0 0.174740 0.309500 0.010937 0.008000
0 0.172135 0.307625 0.009896 0.005750
0 0.256250 0.221375 0.012500 0.006750
0 0.328125 0.258000 0.011458 0.010000
0 0.314063 0.294875 0.009375 0.006250
0 0.318490 0.293375 0.011979 0.006750
0 0.300260 0.330375 0.008854 0.006750
0 0.304948 0.329000 0.011979 0.007500
0 0.271354 0.381125 0.008333 0.006750
0 0.276302 0.380375 0.009896 0.007750
0 0.188802 0.377375 0.013021 0.007750
0 0.225260 0.427000 0.009896 0.006500
0 0.230208 0.426375 0.012500 0.008250
0 0.183854 0.476625 0.008333 0.006750
0 0.190625 0.476750 0.008333 0.009500
0 0.250260 0.478375 0.007812 0.008250
0 0.244271 0.478250 0.006250 0.008000
0 0.234375 0.501750 0.011458 0.008000
0 0.221875 0.505125 0.009375 0.008250
0 0.238021 0.508500 0.013542 0.008500
0 0.239062 0.508125 0.012500 0.008750
0 0.209635 0.527125 0.009896 0.007250
0 0.200260 0.528750 0.009896 0.008000
0 0.208854 0.533625 0.007292 0.005750
0 0.187240 0.521000 0.011979 0.008000
0 0.184635 0.516875 0.014063 0.006750
0 0.152344 0.531750 0.013021 0.011000
0 0.160677 0.574125 0.006771 0.008250
0 0.166667 0.573750 0.005208 0.007500
0 0.161198 0.599000 0.015104 0.004000
0 0.163021 0.602250 0.016667 0.004000
0 0.157292 0.606000 0.012500 0.005500
0 0.165625 0.615750 0.011458 0.008000
0 0.354427 0.267125 0.014063 0.009250
0 0.354167 0.267375 0.012500 0.011750
0 0.305729 0.426750 0.012500 0.007000
0 0.301823 0.418500 0.011979 0.008000
0 0.300000 0.414125 0.012500 0.006750
0 0.294010 0.451875 0.013021 0.006750
0 0.297917 0.453875 0.008333 0.005250
0 0.323437 0.474375 0.019792 0.006250
0 0.276302 0.496125 0.014063 0.009250
0 0.261979 0.506750 0.010417 0.009000
0 0.259635 0.526875 0.008854 0.007750
0 0.264583 0.527750 0.006250 0.007000
0 0.245052 0.548250 0.005729 0.007500
0 0.239844 0.548500 0.007812 0.007000
0 0.202604 0.588875 0.009375 0.007750
0 0.206771 0.589625 0.006250 0.007250
0 0.192969 0.596625 0.010937 0.009250
0 0.396615 0.217750 0.014063 0.010000
0 0.406250 0.253250 0.011458 0.008500
0 0.416927 0.304750 0.014063 0.008000
0 0.430208 0.333375 0.008333 0.007250
0 0.435417 0.332000 0.011458 0.007500
0 0.453646 0.455500 0.006250 0.009000
0 0.460156 0.456250 0.006771 0.006500
0 0.471875 0.462250 0.008333 0.006000
0 0.466667 0.460625 0.011458 0.007250
0 0.473958 0.478125 0.010417 0.009250
0 0.486719 0.491750 0.005729 0.007000
0 0.493229 0.491875 0.008333 0.008250
0 0.461198 0.495500 0.006771 0.008500
0 0.454948 0.495375 0.006771 0.007750
0 0.529427 0.590750 0.014063 0.007500
0 0.555469 0.671000 0.011979 0.008500
0 0.570833 0.641125 0.012500 0.005250
0 0.573958 0.639000 0.011458 0.004500
0 0.588021 0.573625 0.011458 0.008250
0 0.578125 0.514875 0.009375 0.009250
0 0.561979 0.513000 0.012500 0.005000
0 0.564323 0.511000 0.011979 0.004500
0 0.560156 0.487625 0.006771 0.008750
0 0.566146 0.487750 0.007292 0.007000
0 0.514323 0.460750 0.006771 0.006000
0 0.518490 0.459250 0.008854 0.008000
0 0.508073 0.430375 0.011979 0.007250
0 0.498698 0.428750 0.007812 0.009500
0 0.588542 0.419250 0.007292 0.007000
0 0.594010 0.418750 0.010937 0.008000
0 0.488802 0.393250 0.005729 0.009000
0 0.496094 0.393375 0.008854 0.007250
0 0.463542 0.333625 0.010417 0.009750
0 0.470573 0.309500 0.014063 0.004500
0 0.475781 0.307250 0.011979 0.006000
0 0.467448 0.303875 0.009896 0.007750
0 0.457813 0.292875 0.008333 0.009250
0 0.464323 0.292375 0.011979 0.006750
0 0.442969 0.260750 0.009896 0.005500
0 0.439844 0.258625 0.010937 0.006750
0 0.442448 0.252125 0.006771 0.008750
0 0.436979 0.248375 0.006250 0.009750
0 0.435677 0.243625 0.011979 0.007750
0 0.432552 0.241250 0.010937 0.005000
0 0.547135 0.278500 0.011979 0.008500
0 0.566146 0.293375 0.013542 0.008250
0 0.565885 0.293875 0.016146 0.007750
0 0.646875 0.364250 0.009375 0.007000
0 0.671354 0.394125 0.016667 0.004250
0 0.670833 0.396750 0.011458 0.004000
0 0.755469 0.410875 0.014063 0.004750
0 0.758594 0.409125 0.016146 0.005750
0 0.710417 0.361000 0.014583 0.008500
0 0.797917 0.358250 0.012500 0.010000
0 0.701302 0.344625 0.009896 0.007250
0 0.705990 0.344000 0.008854 0.006500
0 0.660677 0.357625 0.009896 0.008250
0 0.667448 0.357375 0.008854 0.006750
0 0.655469 0.342000 0.010937 0.009000
0 0.651302 0.338750 0.006771 0.007500
0 0.644792 0.338875 0.007292 0.009250
0 0.630208 0.321125 0.012500 0.006750
0 0.620573 0.318000 0.010937 0.008500
0 0.623437 0.309625 0.012500 0.009250
0 0.628385 0.293750 0.013021 0.009500
0 0.601042 0.293250 0.010417 0.008500
0 0.605729 0.292125 0.009375 0.007250
0 0.578125 0.260125 0.016667 0.011750
0 0.576302 0.261000 0.017188 0.010000
0 0.812240 0.269000 0.016146 0.004500
0 0.801823 0.269250 0.017188 0.005000
0 0.801823 0.272625 0.011979 0.006250
0 0.799219 0.274750 0.011979 0.005500
0 0.835938 0.277000 0.018750 0.004000
0 0.839844 0.281000 0.019271 0.005000
0 0.890625 0.294375 0.015625 0.005250
0 0.885677 0.298125 0.013021 0.005750
0 0.906510 0.300125 0.018229 0.006250
0 0.895573 0.310625 0.008854 0.007750
0 0.580469 0.146000 0.018229 0.007000
0 0.600260 0.144500 0.018229 0.006500
0 0.630729 0.140250 0.013542 0.008000
0 0.649740 0.143875 0.013021 0.005250
0 0.659375 0.146875 0.011458 0.006750
0 0.876302 0.141250 0.013021 0.010000
0 0.759635 0.154000 0.018229 0.003500
0 0.759115 0.157125 0.015104 0.003750
0 0.736979 0.162000 0.015625 0.007000
0 0.709896 0.167125 0.010417 0.007750
0 0.673698 0.164250 0.013021 0.006500
0 0.659635 0.164500 0.015104 0.005000
0 0.649219 0.163375 0.008854 0.005250
0 0.639062 0.163000 0.016667 0.005500
0 0.585417 0.158125 0.009375 0.004250
0 0.571875 0.157500 0.015625 0.004500
0 0.572396 0.157750 0.015625 0.006000
0 0.529948 0.116625 0.014063 0.006750
0 0.659115 0.095125 0.019271 0.005250
