0 0.120573 0.343125 0.010937 0.004250
0 0.133073 0.462000 0.017188 0.006500
0 0.152083 0.416000 0.012500 0.005000
0 0.299219 0.344500 0.013021 0.006000
0 0.282031 0.489750 0.013021 0.004500
0 0.398958 0.476875 0.010417 0.004750
0 0.473438 0.458250 0.010417 0.008000
0 0.528646 0.426250 0.009375 0.006500
0 0.485156 0.423125 0.010937 0.007250
0 0.561198 0.391250 0.015104 0.006500
0 0.649740 0.399500 0.013021 0.007000
0 0.670833 0.407125 0.012500 0.007250
0 0.906250 0.342250 0.015625 0.007500
0 0.427083 0.533500 0.012500 0.005000
0 0.499219 0.529875 0.009896 0.006250
0 0.513802 0.526750 0.011979 0.004000
0 0.555208 0.519250 0.012500 0.004500
0 0.519010 0.539125 0.013021 0.004750
0 0.528125 0.541000 0.008333 0.007000
0 0.607031 0.530875 0.016146 0.005250
0 0.700521 0.539000 0.010417 0.007000
0 0.933594 0.568375 0.011979 0.007750
0 0.888802 0.564625 0.013021 0.006750
0 0.914323 0.549375 0.015104 0.005750
0 0.877344 0.549375 0.008854 0.006250
0 0.885156 0.545750 0.017188 0.005500
0 0.970052 0.540625 0.016146 0.005750
0 0.413021 0.574625 0.013542 0.005250
0 0.352604 0.592625 0.010417 0.004750
0 0.386719 0.585125 0.009896 0.007250
0 0.403906 0.620875 0.009896 0.006250
0 0.401302 0.589875 0.013021 0.004750
0 0.403125 0.593250 0.011458 0.005000
0 0.413281 0.595875 0.007812 0.007250
0 0.444792 0.603000 0.011458 0.004500
0 0.454948 0.601000 0.011979 0.005000
0 0.486719 0.630375 0.016146 0.007750
0 0.597135 0.700625 0.011979 0.007250
0 0.717708 0.690000 0.011458 0.006000
0 0.737240 0.710375 0.010937 0.006250
0 0.753906 0.658625 0.010937 0.005250
0 0.626302 0.772375 0.015104 0.004750
0 0.762500 0.845250 0.011458 0.005500
0 0.234896 0.557375 0.008333 0.006250
0 0.245052 0.566250 0.015104 0.005500
0 0.269792 0.632750 0.010417 0.007500
0 0.405990 0.727000 0.013021 0.005000
0 0.315365 0.782500 0.015104 0.007500
0 0.463802 0.822625 0.010937 0.007750
0 0.471354 0.787750 0.010417 0.005500
0 0.489583 0.790500 0.011458 0.005000
0 0.496094 0.793875 0.009896 0.008750
0 0.033594 0.362375 0.009896 0.004750
