0 0.054125 0.697917 0.008750 0.011458
0 0.268375 0.623698 0.005750 0.007812
0 0.203500 0.722917 0.007000 0.013542
0 0.264125 0.737240 0.006250 0.008854
0 0.281250 0.747135 0.004500 0.014063
0 0.313125 0.777604 0.005750 0.013542
0 0.296250 0.847135 0.005500 0.011979
0 0.333750 0.841146 0.007000 0.012500
0 0.323250 0.862240 0.007500 0.015104
0 0.331500 0.884375 0.008000 0.015625
0 0.353875 0.871615 0.006250 0.009896
0 0.370250 0.870312 0.004500 0.009375
0 0.374500 0.865365 0.003500 0.010937
0 0.368375 0.863281 0.005250 0.009896
0 0.365750 0.833333 0.006000 0.010417
0 0.357750 0.821354 0.008000 0.013542
0 0.327125 0.836198 0.004250 0.009896
0 0.328000 0.829688 0.004500 0.012500
0 0.394875 0.828125 0.008250 0.013542
0 0.436875 0.851823 0.006250 0.010937
0 0.513000 0.896615 0.004500 0.014063
0 0.478125 0.866927 0.008250 0.016146
0 0.537000 0.886198 0.005500 0.014063
0 0.498125 0.820312 0.004250 0.008333
0 0.501250 0.841667 0.006000 0.005208
0 0.500375 0.837500 0.004750 0.005208
0 0.483750 0.820312 0.007000 0.011458
0 0.540000 0.830469 0.004000 0.007812
0 0.408875 0.789583 0.005750 0.011458
0 0.409750 0.750521 0.006500 0.010417
0 0.396500 0.764583 0.006000 0.009375
0 0.356875 0.735417 0.007250 0.009375
0 0.351000 0.720833 0.007500 0.014583
0 0.374625 0.723437 0.005250 0.008333
0 0.377875 0.721354 0.005750 0.008333
0 0.323125 0.692708 0.006750 0.012500
0 0.345875 0.683073 0.004750 0.009896
0 0.533875 0.697917 0.005250 0.012500
0 0.506875 0.715365 0.005750 0.013021
0 0.480125 0.651042 0.006250 0.016667
0 0.479625 0.623698 0.006250 0.010937
0 0.482250 0.597396 0.006500 0.011458
0 0.459625 0.611458 0.005250 0.013542
0 0.455500 0.602604 0.005500 0.014583
0 0.420625 0.639844 0.005250 0.007812
0 0.424000 0.636198 0.007500 0.008854
0 0.440750 0.578906 0.006000 0.013021
0 0.401750 0.578385 0.006000 0.014063
0 0.379875 0.602083 0.007250 0.012500
0 0.383000 0.589583 0.006000 0.011458
0 0.428250 0.572396 0.004500 0.012500
0 0.430000 0.569271 0.004000 0.010417
0 0.359250 0.508594 0.007500 0.011979
0 0.326250 0.502865 0.008000 0.016146
0 0.299625 0.445052 0.008250 0.011979
0 0.357125 0.571615 0.006250 0.010937
0 0.312750 0.382812 0.007500 0.014583
0 0.283125 0.273698 0.005750 0.006771
0 0.283125 0.280469 0.006750 0.008854
0 0.326000 0.300781 0.010500 0.021354
0 0.339125 0.348177 0.006250 0.010937
0 0.371250 0.385156 0.005500 0.009896
0 0.378625 0.389323 0.006750 0.008854
0 0.375125 0.374479 0.004250 0.013542
0 0.379250 0.356771 0.005500 0.013542
0 0.379125 0.376302 0.005250 0.004687
0 0.379250 0.381771 0.006000 0.006250
0 0.394625 0.473698 0.008250 0.017188
0 0.415250 0.496354 0.007000 0.012500
0 0.430125 0.467187 0.007250 0.009375
0 0.433250 0.544531 0.007000 0.010937
0 0.647875 0.851042 0.006750 0.010417
0 0.633875 0.675521 0.004250 0.012500
0 0.600375 0.651042 0.008250 0.012500
0 0.582375 0.440365 0.005250 0.011979
0 0.578250 0.437240 0.005500 0.006771
0 0.579125 0.406250 0.005250 0.015625
0 0.578375 0.478906 0.003750 0.013021
0 0.576375 0.477865 0.002750 0.010937
0 0.540000 0.433594 0.006500 0.016146
0 0.617375 0.389062 0.005250 0.018750
0 0.601125 0.391927 0.006750 0.011979
0 0.610875 0.395313 0.005250 0.010417
0 0.612750 0.389583 0.004000 0.007292
0 0.597750 0.335417 0.005000 0.010417
0 0.598750 0.308594 0.006500 0.016146
0 0.560625 0.317969 0.005750 0.014063
0 0.562875 0.317708 0.003250 0.009375
0 0.596000 0.231771 0.006500 0.014583
0 0.607250 0.251302 0.003500 0.016146
0 0.611000 0.247917 0.005000 0.012500
0 0.624750 0.191927 0.006000 0.015104
0 0.616375 0.146615 0.006750 0.014063
0 0.592250 0.128906 0.004000 0.014063
0 0.586000 0.123958 0.004500 0.014583
0 0.575250 0.147917 0.007000 0.011458
0 0.584250 0.181771 0.003500 0.012500
0 0.588000 0.179688 0.004000 0.015625
0 0.548250 0.237240 0.006500 0.015104
0 0.524125 0.225260 0.004750 0.011979
0 0.519375 0.218490 0.004250 0.013021
0 0.516125 0.212500 0.002750 0.013542
0 0.527250 0.200781 0.004000 0.014063
0 0.524125 0.198437 0.004250 0.016667
0 0.520875 0.201563 0.004250 0.012500
0 0.496000 0.186979 0.006000 0.009375
0 0.513125 0.176563 0.006750 0.007292
0 0.520500 0.179167 0.003500 0.008333
0 0.526250 0.161719 0.005000 0.011979
0 0.541250 0.161198 0.002500 0.009896
0 0.544000 0.161719 0.003000 0.015104
0 0.520625 0.167708 0.004750 0.006250
0 0.520750 0.173177 0.005500 0.004687
0 0.531375 0.119531 0.005250 0.009896
0 0.527625 0.128646 0.002250 0.012500
0 0.525375 0.129427 0.002250 0.016146
0 0.523375 0.115104 0.004750 0.012500
0 0.511625 0.111719 0.004250 0.015104
0 0.503750 0.112760 0.005000 0.008854
0 0.481250 0.096615 0.004000 0.014063
0 0.484375 0.103125 0.002750 0.008333
0 0.486750 0.100521 0.004000 0.013542
0 0.478625 0.070312 0.004250 0.013542
0 0.524625 0.015625 0.003250 0.013542
0 0.531000 0.014583 0.006000 0.012500
0 0.565875 0.033073 0.005750 0.015104
0 0.562625 0.052604 0.005250 0.014583
0 0.551125 0.037760 0.007250 0.010937
0 0.553750 0.021615 0.006500 0.011979
0 0.551750 0.011979 0.005500 0.010417
0 0.558500 0.015104 0.005500 0.011458
0 0.558000 0.004948 0.005500 0.006771
0 0.594500 0.076302 0.004500 0.010937
0 0.591125 0.079427 0.005750 0.010937
0 0.589375 0.095833 0.004250 0.015625
0 0.615750 0.098958 0.005500 0.010417
0 0.446125 0.020052 0.004250 0.010937
0 0.652625 0.613281 0.003750 0.007812
0 0.653750 0.610938 0.003500 0.008333
0 0.640625 0.537500 0.003750 0.010417
0 0.656500 0.537500 0.002000 0.008333
0 0.654500 0.535937 0.002000 0.011458
0 0.660125 0.486719 0.004250 0.010937
0 0.644625 0.447135 0.002750 0.008854
0 0.646875 0.436719 0.003750 0.006771
0 0.684500 0.324479 0.003500 0.012500
0 0.681250 0.326042 0.003000 0.014583
0 0.701625 0.326823 0.003250 0.016146
0 0.697625 0.326042 0.004750 0.015625
0 0.729625 0.253385 0.006250 0.008854
0 0.730250 0.233594 0.006000 0.013021
0 0.720125 0.236719 0.005750 0.015104
0 0.721125 0.213021 0.005750 0.008333
0 0.726500 0.204687 0.006500 0.010417
0 0.734250 0.211979 0.006000 0.011458
0 0.680500 0.207552 0.005500 0.010937
0 0.732750 0.161198 0.004500 0.011979
0 0.729000 0.162240 0.003000 0.016146
0 0.748125 0.178906 0.004750 0.015104
0 0.747000 0.152344 0.004000 0.015104
0 0.750625 0.144010 0.004250 0.017188
0 0.749250 0.119271 0.003500 0.016667
0 0.746250 0.120833 0.002500 0.014583
0 0.781000 0.121354 0.004500 0.015625
0 0.788625 0.118490 0.004750 0.015104
0 0.786250 0.088542 0.006500 0.009375
0 0.765250 0.098698 0.003500 0.017188
0 0.770875 0.101562 0.005250 0.010417
0 0.769375 0.097396 0.004250 0.011458
0 0.760000 0.035417 0.004000 0.012500
0 0.802250 0.048177 0.005500 0.011979
0 0.804500 0.037760 0.005000 0.010937
0 0.807500 0.149740 0.005000 0.016146
0 0.792625 0.222135 0.005750 0.008854
0 0.763875 0.228385 0.004750 0.011979
0 0.778000 0.285156 0.004000 0.009896
0 0.774500 0.300260 0.004000 0.014063
0 0.766250 0.323177 0.004500 0.010937
0 0.743875 0.372396 0.008250 0.008333
0 0.670250 0.563021 0.007000 0.010417
0 0.701375 0.764583 0.002750 0.010417
0 0.767500 0.671615 0.004000 0.007812
0 0.492875 0.984896 0.003750 0.011458
0 0.541000 0.974740 0.006000 0.008854
