0 0.843750 0.526823 0.007000 0.008854
0 0.846875 0.480990 0.007250 0.010937
0 0.869000 0.473958 0.007500 0.012500
0 0.865625 0.558854 0.004250 0.011458
0 0.886000 0.579948 0.004000 0.010937
0 0.897625 0.611458 0.006250 0.012500
0 0.884125 0.600260 0.005250 0.009896
0 0.878875 0.611719 0.004250 0.008854
0 0.850375 0.630990 0.004750 0.009896
0 0.823250 0.549740 0.005500 0.013021
0 0.807250 0.542969 0.008000 0.007812
0 0.809500 0.557552 0.005000 0.009896
0 0.818375 0.614323 0.006250 0.010937
0 0.786500 0.574479 0.005000 0.012500
0 0.786375 0.533594 0.005250 0.008854
0 0.788000 0.546094 0.004500 0.007812
0 0.780625 0.549479 0.005750 0.007292
0 0.755875 0.538542 0.005750 0.008333
0 0.750250 0.478125 0.005000 0.010417
0 0.765875 0.507552 0.005250 0.008854
0 0.747875 0.522135 0.005250 0.009896
0 0.729000 0.553646 0.006000 0.010417
0 0.749250 0.560937 0.007000 0.014583
0 0.742250 0.613542 0.008000 0.013542
0 0.774125 0.633073 0.007750 0.011979
0 0.761375 0.632552 0.006750 0.009896
0 0.673000 0.594271 0.004500 0.013542
0 0.687750 0.529167 0.006500 0.012500
0 0.683125 0.545833 0.006250 0.014583
0 0.605125 0.409635 0.007250 0.008854
0 0.571375 0.529167 0.006250 0.012500
0 0.622000 0.376823 0.006500 0.014063
0 0.572125 0.329688 0.005750 0.018750
0 0.561875 0.324219 0.005250 0.014063
0 0.567250 0.296354 0.009000 0.013542
0 0.651750 0.267448 0.006500 0.014063
0 0.644250 0.297135 0.008000 0.007812
0 0.562375 0.426302 0.007750 0.010937
0 0.563375 0.452083 0.004250 0.011458
0 0.558625 0.451562 0.005250 0.016667
0 0.460875 0.456510 0.006750 0.010937
0 0.463625 0.501042 0.004250 0.011458
0 0.478625 0.522656 0.003750 0.013021
0 0.497625 0.516406 0.006250 0.010937
0 0.503750 0.549479 0.006000 0.009375
0 0.420500 0.402865 0.004000 0.013021
0 0.430500 0.447135 0.006000 0.014063
0 0.407625 0.347396 0.005250 0.011458
0 0.410750 0.373698 0.006500 0.010937
0 0.403875 0.377604 0.007250 0.013542
0 0.407750 0.319271 0.006000 0.013542
0 0.356625 0.414062 0.004750 0.013542
0 0.362500 0.365104 0.006000 0.014583
0 0.329250 0.385156 0.005500 0.013021
0 0.303000 0.576302 0.008500 0.011979
0 0.314250 0.573698 0.005500 0.010937
0 0.303500 0.680990 0.005500 0.013021
0 0.273625 0.734375 0.005750 0.012500
0 0.325500 0.745833 0.006500 0.009375
0 0.330625 0.726823 0.007750 0.009896
0 0.370500 0.656250 0.005500 0.014583
0 0.345500 0.641146 0.006500 0.016667
0 0.337375 0.645312 0.005750 0.014583
0 0.378875 0.617188 0.006750 0.010417
0 0.386125 0.640365 0.004250 0.009896
0 0.387000 0.663281 0.006000 0.013021
0 0.410125 0.606250 0.005750 0.007292
0 0.412750 0.610938 0.006000 0.006250
0 0.427000 0.644531 0.004500 0.013021
0 0.438500 0.603646 0.005500 0.011458
0 0.475125 0.492188 0.003750 0.009375
0 0.262625 0.558594 0.002750 0.016146
0 0.261875 0.607812 0.005250 0.006250
0 0.275625 0.606771 0.005750 0.012500
0 0.239000 0.585677 0.006000 0.013021
0 0.228500 0.594271 0.007000 0.010417
0 0.223250 0.615104 0.008000 0.011458
0 0.134875 0.605729 0.005750 0.012500
0 0.125250 0.619531 0.005000 0.011979
0 0.182625 0.526302 0.007750 0.010937
0 0.192125 0.578385 0.009250 0.009896
0 0.210500 0.688542 0.008500 0.011458
0 0.190250 0.683854 0.007500 0.018750
0 0.236750 0.663281 0.005500 0.021354
0 0.472750 0.642188 0.005000 0.012500
0 0.473500 0.630990 0.006000 0.007812
0 0.523750 0.251302 0.005000 0.011979
0 0.525750 0.234115 0.003500 0.013021
0 0.547500 0.198698 0.005000 0.014063
0 0.501750 0.161719 0.006000 0.016146
0 0.492250 0.130208 0.005000 0.012500
0 0.497875 0.127604 0.003750 0.012500
0 0.501000 0.137760 0.005000 0.011979
0 0.476500 0.064062 0.005000 0.010417
0 0.552375 0.050781 0.004750 0.014063
0 0.542125 0.165625 0.003750 0.015625
0 0.535875 0.107292 0.004250 0.011458
0 0.529500 0.110156 0.005000 0.011979
0 0.526750 0.116927 0.005500 0.009896
0 0.536500 0.122656 0.006000 0.010937
0 0.555250 0.116406 0.007000 0.015104
0 0.320000 0.201302 0.005000 0.009896
0 0.316500 0.188021 0.004000 0.010417
0 0.261875 0.206250 0.006250 0.013542
0 0.265625 0.148177 0.005750 0.010937
0 0.256375 0.149479 0.005750 0.014583
0 0.208750 0.040104 0.007500 0.013542
0 0.254875 0.082031 0.004250 0.013021
0 0.252875 0.121354 0.005750 0.009375
0 0.329500 0.291146 0.004500 0.010417
0 0.382625 0.221354 0.008750 0.013542
0 0.295500 0.171354 0.006000 0.009375
0 0.267875 0.270313 0.004750 0.009375
0 0.443250 0.855729 0.006000 0.014583
0 0.403500 0.882812 0.005500 0.012500
0 0.417375 0.978125 0.008250 0.011458
0 0.425125 0.906510 0.006250 0.013021
0 0.704625 0.049219 0.004250 0.011979
0 0.648750 0.055729 0.005500 0.015625
0 0.657125 0.200781 0.004750 0.010937
0 0.685375 0.107031 0.007250 0.009896
