0 0.487375 0.947135 0.005250 0.010937
0 0.508000 0.941146 0.005000 0.008333
0 0.481750 0.896615 0.005000 0.013021
0 0.491000 0.803385 0.003500 0.011979
0 0.540875 0.731510 0.003750 0.011979
0 0.581250 0.615104 0.006000 0.015625
0 0.498875 0.575000 0.004750 0.007292
0 0.475125 0.572917 0.003750 0.008333
0 0.432250 0.597656 0.005500 0.006771
0 0.422500 0.620313 0.006000 0.009375
0 0.420500 0.672656 0.004500 0.013021
0 0.386875 0.623177 0.005250 0.008854
0 0.388375 0.613021 0.005250 0.010417
0 0.393875 0.633854 0.006750 0.013542
0 0.320000 0.687760 0.004500 0.009896
0 0.317875 0.684375 0.003750 0.008333
0 0.282750 0.692708 0.005000 0.010417
0 0.288250 0.691667 0.006000 0.008333
0 0.289625 0.697396 0.006250 0.008333
0 0.552625 0.401823 0.004250 0.006771
0 0.508000 0.417969 0.005000 0.009896
0 0.484500 0.357031 0.005500 0.011979
0 0.436375 0.316927 0.002750 0.010937
0 0.439125 0.315104 0.003250 0.013542
0 0.400000 0.263021 0.004500 0.013542
0 0.299625 0.111719 0.005250 0.010937
0 0.554000 0.069792 0.004500 0.011458
0 0.559375 0.161979 0.004250 0.011458
0 0.561375 0.182812 0.004250 0.011458
0 0.565000 0.177083 0.004500 0.011458
0 0.579125 0.283073 0.003750 0.011979
0 0.588250 0.355469 0.005000 0.010937
0 0.590625 0.367448 0.003750 0.014063
0 0.568125 0.212500 0.002250 0.011458
0 0.570500 0.210156 0.004000 0.011979
0 0.636000 0.682552 0.006000 0.007812
0 0.582750 0.795312 0.003500 0.012500
0 0.585250 0.785156 0.004000 0.010937
0 0.580250 0.778125 0.003000 0.010417
0 0.543125 0.988021 0.004250 0.008333
0 0.664875 0.923958 0.005250 0.009375
