0 0.433000 0.856250 0.006500 0.014583
0 0.472375 0.878125 0.009250 0.019792
0 0.460625 0.728906 0.009250 0.014063
0 0.461250 0.691146 0.008000 0.014583
0 0.452000 0.690625 0.008000 0.014583
0 0.424750 0.697917 0.008000 0.021875
0 0.401250 0.756250 0.010000 0.012500
0 0.402375 0.750781 0.008750 0.011979
0 0.377625 0.694010 0.009250 0.013021
0 0.353625 0.664323 0.011250 0.009896
0 0.357750 0.701042 0.008500 0.016667
0 0.377125 0.711198 0.011750 0.015104
0 0.353375 0.782031 0.009750 0.015104
0 0.349750 0.685937 0.009500 0.008333
0 0.343375 0.689844 0.009250 0.008854
0 0.344500 0.702865 0.008000 0.010937
0 0.337125 0.704948 0.009250 0.011979
0 0.345250 0.715885 0.008000 0.010937
0 0.344125 0.753646 0.008750 0.015625
0 0.342875 0.747656 0.007250 0.008854
0 0.322000 0.818490 0.008000 0.015104
0 0.320875 0.808073 0.010250 0.011979
0 0.308500 0.759375 0.009500 0.014583
0 0.308375 0.744531 0.008750 0.017188
0 0.318750 0.693490 0.012000 0.011979
0 0.286125 0.686719 0.006750 0.020313
0 0.296500 0.690885 0.010000 0.014063
0 0.294750 0.723437 0.009000 0.010417
0 0.300125 0.727344 0.009250 0.007812
0 0.297250 0.734375 0.010000 0.009375
0 0.297125 0.744531 0.008750 0.015104
0 0.292500 0.757552 0.008000 0.007812
0 0.293750 0.765885 0.010000 0.013021
0 0.287125 0.745573 0.005750 0.019271
0 0.278750 0.755208 0.008000 0.017708
0 0.279750 0.744010 0.009000 0.016146
0 0.268000 0.707031 0.006500 0.022396
0 0.259625 0.724219 0.010250 0.009896
0 0.261000 0.768490 0.009000 0.014063
0 0.264125 0.780469 0.008250 0.009896
0 0.255875 0.780729 0.009750 0.012500
0 0.218875 0.786458 0.010250 0.017708
0 0.477375 0.554948 0.009250 0.011979
0 0.441375 0.553906 0.010250 0.014063
0 0.428000 0.539062 0.006000 0.017708
0 0.429500 0.530729 0.006000 0.013542
0 0.412000 0.478385 0.006500 0.014063
0 0.427000 0.478385 0.007000 0.013021
0 0.412000 0.469271 0.008500 0.010417
0 0.392250 0.517708 0.011000 0.012500
0 0.389250 0.490885 0.008000 0.007812
0 0.391250 0.483073 0.008500 0.010937
0 0.377375 0.428125 0.009250 0.014583
0 0.311625 0.413542 0.008250 0.017708
0 0.305375 0.414844 0.005750 0.017188
0 0.295250 0.375781 0.011000 0.013021
0 0.298625 0.390104 0.005250 0.017708
0 0.305250 0.381510 0.007000 0.016146
0 0.305500 0.392969 0.009500 0.009896
0 0.303000 0.402865 0.008500 0.011979
0 0.342875 0.340104 0.008250 0.009375
0 0.335625 0.336458 0.008250 0.008333
0 0.329125 0.346094 0.009250 0.010937
0 0.342625 0.368750 0.008250 0.011458
0 0.334875 0.365885 0.006750 0.018229
0 0.339750 0.355469 0.007500 0.010937
0 0.334250 0.352604 0.005500 0.006250
0 0.329125 0.445573 0.009250 0.018229
0 0.246500 0.340885 0.007000 0.018229
0 0.249000 0.337240 0.006000 0.015104
0 0.231750 0.231250 0.009000 0.020833
0 0.291250 0.200000 0.007000 0.015625
0 0.517375 0.417969 0.007250 0.021354
0 0.505625 0.412240 0.005250 0.021354
0 0.505250 0.359635 0.007500 0.020313
0 0.498000 0.349740 0.004000 0.018229
0 0.494375 0.352865 0.004250 0.014063
0 0.469875 0.386979 0.006250 0.013542
0 0.471000 0.379427 0.007500 0.016146
0 0.500375 0.326302 0.004750 0.018229
0 0.506375 0.322917 0.005750 0.017708
0 0.449250 0.352344 0.007500 0.017188
0 0.454875 0.314844 0.005750 0.020313
0 0.436875 0.306250 0.004750 0.013542
0 0.440250 0.304948 0.006000 0.020313
0 0.474625 0.293750 0.009250 0.018750
0 0.486750 0.254948 0.007000 0.020313
0 0.471500 0.267448 0.006500 0.019271
0 0.476375 0.262760 0.005750 0.018229
0 0.479500 0.260937 0.005000 0.014583
0 0.408375 0.275000 0.008750 0.014583
0 0.427125 0.258594 0.008250 0.017188
0 0.438250 0.248177 0.006500 0.021354
0 0.426750 0.213281 0.005500 0.017188
0 0.450750 0.218490 0.008500 0.018229
0 0.470000 0.223958 0.010500 0.020833
0 0.462500 0.189323 0.011500 0.021354
0 0.447750 0.169792 0.007000 0.020833
0 0.445625 0.138802 0.006750 0.023438
0 0.435125 0.176563 0.011250 0.022917
0 0.392875 0.142969 0.012250 0.023438
0 0.393875 0.019271 0.009250 0.020833
0 0.568250 0.475781 0.008000 0.015104
0 0.568250 0.447396 0.010000 0.016667
0 0.578375 0.378906 0.008750 0.017188
0 0.578625 0.364063 0.004750 0.016667
0 0.574875 0.360938 0.005250 0.012500
0 0.556750 0.283333 0.009500 0.014583
0 0.590000 0.165365 0.007500 0.021354
0 0.596375 0.061719 0.007250 0.011979
0 0.583500 0.127604 0.008500 0.017708
0 0.683750 0.363802 0.008000 0.016146
0 0.690875 0.400000 0.008250 0.010417
0 0.674875 0.502604 0.007250 0.012500
0 0.636500 0.403385 0.006500 0.008854
0 0.688625 0.271094 0.005750 0.011979
0 0.646625 0.250781 0.007750 0.013021
