0 0.027250 0.219531 0.005000 0.011979
0 0.291625 0.259115 0.004250 0.014063
0 0.308500 0.259375 0.006500 0.013542
0 0.310750 0.244792 0.003500 0.011458
0 0.330125 0.383333 0.006250 0.011458
0 0.316000 0.399740 0.007000 0.009896
0 0.313625 0.389583 0.006250 0.011458
0 0.316500 0.382292 0.003500 0.013542
0 0.319875 0.381510 0.002250 0.013021
0 0.322625 0.383073 0.003250 0.014063
0 0.320625 0.415104 0.003250 0.014583
0 0.328750 0.408073 0.005000 0.009896
0 0.324125 0.409375 0.005250 0.007292
0 0.355375 0.466406 0.006750 0.009896
0 0.382875 0.540625 0.005250 0.013542
0 0.398375 0.294531 0.005750 0.010937
0 0.382875 0.168750 0.005250 0.015625
0 0.464000 0.159115 0.007000 0.018229
0 0.449000 0.188542 0.004000 0.014583
0 0.442875 0.218490 0.004250 0.014063
0 0.447625 0.221354 0.003750 0.016667
0 0.453750 0.237240 0.005000 0.014063
0 0.460000 0.245312 0.003500 0.012500
0 0.463250 0.225781 0.005000 0.013021
0 0.452625 0.262240 0.003750 0.015104
0 0.447125 0.269531 0.005250 0.017188
0 0.439250 0.352865 0.005000 0.017188
0 0.451250 0.338021 0.007000 0.016667
0 0.462750 0.464844 0.004500 0.016146
0 0.482875 0.401042 0.004750 0.008333
0 0.488750 0.298698 0.005500 0.016146
0 0.479375 0.211458 0.004750 0.016667
0 0.481125 0.173437 0.007250 0.008333
0 0.534125 0.396354 0.003750 0.007292
0 0.542000 0.390885 0.004000 0.007812
0 0.296375 0.621094 0.007250 0.009896
0 0.664750 0.213542 0.006000 0.009375
0 0.652375 0.108073 0.004750 0.010937
0 0.645125 0.073177 0.004250 0.015104
