0 0.024740 0.594000 0.016146 0.005000
0 0.045833 0.607750 0.016667 0.004500
0 0.108333 0.625875 0.011458 0.005750
0 0.130208 0.634000 0.015625 0.006000
0 0.131771 0.659625 0.014583 0.008750
0 0.285938 0.668125 0.014583 0.004750
0 0.198437 0.613250 0.014583 0.005500
0 0.055469 0.502125 0.009896 0.008750
0 0.088021 0.500250 0.014583 0.005500
0 0.102344 0.522875 0.005729 0.006250
0 0.097135 0.522250 0.005729 0.007000
0 0.158854 0.552500 0.010417 0.006500
0 0.165365 0.550750 0.009896 0.007000
0 0.161979 0.584875 0.011458 0.008250
0 0.172135 0.585000 0.008854 0.005500
0 0.379948 0.642375 0.016146 0.005750
0 0.335938 0.604500 0.013542 0.007000
0 0.341406 0.600750 0.013021 0.004500
0 0.342969 0.585500 0.013021 0.007000
0 0.319271 0.584000 0.009375 0.009000
0 0.343750 0.571750 0.013542 0.006500
0 0.369792 0.247250 0.012500 0.004500
0 0.346354 0.352000 0.005208 0.007500
0 0.351302 0.353500 0.005729 0.005000
0 0.353646 0.377500 0.008333 0.006000
0 0.367188 0.414000 0.011458 0.007500
0 0.377083 0.420250 0.010417 0.007000
0 0.385417 0.428750 0.014583 0.005500
0 0.369792 0.462875 0.016667 0.004750
0 0.367969 0.486125 0.011979 0.004750
0 0.373437 0.499875 0.011458 0.007250
0 0.384115 0.501375 0.006771 0.007750
0 0.389062 0.501000 0.007292 0.006500
0 0.384375 0.516750 0.005208 0.006000
0 0.379167 0.516250 0.007292 0.008000
0 0.373437 0.534750 0.011458 0.005000
0 0.378385 0.532250 0.005729 0.008000
0 0.384115 0.532000 0.006771 0.007500
0 0.368490 0.548875 0.009896 0.006250
0 0.370312 0.554625 0.011458 0.006250
0 0.370052 0.560875 0.008854 0.006250
0 0.373698 0.559875 0.004687 0.005750
0 0.367188 0.563375 0.006250 0.005750
0 0.368229 0.572250 0.007292 0.007500
0 0.378646 0.576625 0.010417 0.004750
0 0.378125 0.582375 0.011458 0.006250
0 0.368229 0.580125 0.008333 0.007750
0 0.387240 0.600250 0.010937 0.004000
0 0.385156 0.607125 0.010937 0.007250
0 0.403906 0.600375 0.007812 0.003750
0 0.401823 0.595125 0.004687 0.003750
0 0.396615 0.677750 0.015104 0.007500
0 0.526823 0.617875 0.014063 0.004750
0 0.525781 0.615750 0.011979 0.004500
0 0.545833 0.601375 0.012500 0.004250
0 0.553906 0.599375 0.007812 0.007250
0 0.579427 0.589125 0.013021 0.004750
0 0.580990 0.587250 0.010937 0.003500
0 0.659635 0.550125 0.017188 0.003250
0 0.746354 0.508125 0.015625 0.002750
0 0.745573 0.505500 0.010937 0.002500
0 0.802865 0.479500 0.016146 0.004000
0 0.821094 0.471250 0.014063 0.005500
0 0.812760 0.470750 0.014063 0.003500
0 0.812500 0.468250 0.012500 0.003000
0 0.934635 0.433500 0.013021 0.003500
0 0.933333 0.431625 0.016667 0.004750
0 0.846615 0.469750 0.009896 0.006500
0 0.842708 0.478750 0.015625 0.005500
0 0.840104 0.476875 0.011458 0.005250
0 0.631510 0.582875 0.016146 0.004250
0 0.624479 0.587750 0.006250 0.006000
0 0.618490 0.587375 0.006771 0.008250
0 0.611719 0.600375 0.010937 0.005750
0 0.597917 0.598375 0.013542 0.006250
0 0.587760 0.616250 0.014063 0.005500
0 0.441146 0.693625 0.016667 0.004250
0 0.461198 0.696375 0.017188 0.004250
0 0.482292 0.695250 0.010417 0.007500
0 0.565885 0.683125 0.013021 0.002750
0 0.567187 0.680875 0.009375 0.002750
0 0.628646 0.673500 0.011458 0.004500
0 0.631250 0.670750 0.013542 0.004000
0 0.660937 0.670625 0.012500 0.003250
0 0.663802 0.668750 0.010937 0.002500
0 0.739062 0.654500 0.017708 0.004000
0 0.732292 0.660625 0.016667 0.003250
0 0.732552 0.657375 0.016146 0.003750
0 0.813802 0.642000 0.015104 0.005000
0 0.811719 0.637875 0.016146 0.003750
0 0.861719 0.640375 0.015104 0.004250
0 0.863542 0.637750 0.012500 0.003500
0 0.969531 0.637875 0.015104 0.005250
0 0.965885 0.635625 0.017188 0.005750
0 0.785156 0.672375 0.014063 0.008750
0 0.781771 0.690625 0.013542 0.007750
0 0.789583 0.711000 0.020833 0.005500
0 0.733594 0.678750 0.017188 0.005000
0 0.732031 0.681875 0.017188 0.007250
0 0.705990 0.678875 0.016146 0.008250
0 0.639323 0.692375 0.018229 0.005750
0 0.614583 0.691125 0.012500 0.008750
0 0.640365 0.687625 0.011979 0.004250
0 0.637500 0.685250 0.013542 0.005000
0 0.534635 0.739375 0.009896 0.010250
0 0.579948 0.752750 0.015104 0.007500
0 0.624740 0.764125 0.014063 0.006250
0 0.638021 0.766500 0.013542 0.004500
0 0.704688 0.780125 0.018750 0.008750
0 0.806510 0.762375 0.014063 0.009250
0 0.943229 0.845000 0.009375 0.009500
0 0.588802 0.769125 0.015104 0.007750
