0 0.136500 0.588021 0.022000 0.037500
0 0.222250 0.607292 0.012000 0.025000
0 0.219375 0.635677 0.010750 0.022396
0 0.283750 0.538802 0.015000 0.040104
0 0.309000 0.548698 0.013000 0.035937
0 0.231125 0.495052 0.017250 0.032813
0 0.242625 0.454167 0.014250 0.034375
0 0.190125 0.360417 0.017750 0.037500
0 0.212625 0.369271 0.017250 0.042708
0 0.219750 0.370833 0.018500 0.034375
0 0.230875 0.348438 0.010750 0.031250
0 0.241250 0.364063 0.011500 0.020833
0 0.218375 0.333594 0.014250 0.033854
0 0.212625 0.295573 0.012750 0.026562
0 0.373000 0.495833 0.022000 0.028125
0 0.363625 0.463021 0.022250 0.034375
0 0.369000 0.449479 0.017000 0.034375
0 0.347625 0.427865 0.015750 0.029687
0 0.376625 0.413802 0.019250 0.040104
0 0.466125 0.489844 0.015750 0.028646
0 0.492625 0.420052 0.012750 0.022396
0 0.487625 0.390885 0.014250 0.029687
0 0.505500 0.362500 0.010000 0.038542
0 0.502875 0.413281 0.009250 0.026562
0 0.514375 0.315104 0.012250 0.017708
0 0.500125 0.280729 0.012250 0.023958
0 0.495500 0.251563 0.017000 0.034375
0 0.529000 0.300000 0.010000 0.020833
0 0.545125 0.601302 0.020750 0.036979
0 0.561875 0.578385 0.022750 0.029687
0 0.628750 0.544271 0.023500 0.038542
0 0.625500 0.509375 0.020000 0.031250
0 0.661500 0.437500 0.018000 0.031250
0 0.688250 0.314063 0.010000 0.028125
0 0.744375 0.360938 0.019250 0.041667
0 0.741875 0.411719 0.015750 0.039062
0 0.724000 0.434115 0.020000 0.032813
0 0.716875 0.434115 0.017250 0.047396
0 0.351500 0.378125 0.015000 0.028125
0 0.358750 0.346094 0.015000 0.032813
0 0.373625 0.363281 0.017750 0.033854
0 0.349375 0.305208 0.012250 0.028125
0 0.343625 0.276302 0.019250 0.032813
0 0.341500 0.293229 0.013500 0.031250
0 0.359750 0.279948 0.015500 0.036979
0 0.535875 0.274740 0.012250 0.017188
0 0.533375 0.249479 0.010250 0.018750
0 0.536750 0.241927 0.007000 0.020313
0 0.511625 0.232552 0.007750 0.019271
0 0.535125 0.223437 0.014750 0.021875
0 0.530000 0.200000 0.008000 0.023958
0 0.538000 0.198177 0.007500 0.025521
0 0.545125 0.201823 0.007750 0.024479
0 0.556625 0.193750 0.013750 0.021875
0 0.559000 0.178385 0.008500 0.022396
0 0.551375 0.167448 0.014250 0.029687
0 0.532250 0.163802 0.012000 0.025521
0 0.565375 0.222396 0.010250 0.020833
0 0.583000 0.158073 0.009000 0.014063
0 0.580500 0.133073 0.008500 0.022396
0 0.543375 0.108854 0.018250 0.034375
0 0.555000 0.113281 0.012000 0.027604
0 0.578750 0.106250 0.013500 0.020833
0 0.575125 0.103906 0.013250 0.026562
0 0.606875 0.090625 0.012750 0.023958
0 0.579375 0.015365 0.008250 0.022396
0 0.586250 0.026042 0.010000 0.027083
0 0.602250 0.015365 0.009000 0.022396
0 0.611500 0.008594 0.008000 0.017188
0 0.301500 0.034115 0.009000 0.022396
0 0.304750 0.092969 0.011000 0.026562
0 0.327625 0.059635 0.011250 0.022396
0 0.344625 0.087760 0.012750 0.025521
0 0.355875 0.101562 0.015250 0.028125
0 0.362375 0.119271 0.009250 0.016667
0 0.355125 0.136198 0.012250 0.029687
0 0.362125 0.137500 0.010750 0.028125
0 0.367000 0.152865 0.008500 0.021354
0 0.349625 0.162240 0.008750 0.019271
0 0.354875 0.178906 0.012750 0.022396
0 0.365500 0.203125 0.010000 0.023958
0 0.354375 0.223958 0.008250 0.023958
0 0.341500 0.236198 0.011000 0.018229
0 0.344375 0.215365 0.012250 0.020313
0 0.332375 0.195052 0.009250 0.028646
0 0.339375 0.186458 0.012250 0.031250
0 0.339375 0.184635 0.010750 0.025521
0 0.317000 0.140625 0.011500 0.017708
0 0.298125 0.165365 0.012250 0.025521
0 0.305625 0.196354 0.009250 0.025000
0 0.315125 0.188542 0.010750 0.026042
0 0.323125 0.227344 0.009250 0.023438
