0 0.219792 0.207125 0.029167 0.016750
0 0.594271 0.208750 0.026042 0.012500
0 0.616927 0.220125 0.021354 0.013750
0 0.482031 0.244000 0.023438 0.013500
0 0.523438 0.258125 0.036458 0.010250
0 0.516667 0.266875 0.022917 0.010250
0 0.553385 0.267750 0.021354 0.013000
0 0.517708 0.278500 0.036458 0.014000
0 0.468490 0.285875 0.030729 0.013750
0 0.481510 0.288500 0.031771 0.012500
0 0.495052 0.299750 0.022396 0.012000
0 0.482552 0.311875 0.031771 0.015750
0 0.479687 0.312000 0.030208 0.019000
0 0.455469 0.322375 0.016146 0.010250
0 0.442448 0.310375 0.021354 0.011250
0 0.442448 0.290500 0.017188 0.011000
0 0.406771 0.290125 0.036458 0.015750
0 0.373437 0.307125 0.028125 0.010250
0 0.381771 0.315750 0.022917 0.012500
0 0.365365 0.322375 0.021354 0.009250
0 0.346094 0.305750 0.028646 0.014000
0 0.319010 0.315250 0.021354 0.012500
0 0.359896 0.335875 0.026042 0.009250
0 0.453125 0.338625 0.017708 0.008250
0 0.257812 0.385125 0.021875 0.008750
0 0.258333 0.382125 0.029167 0.009250
0 0.358594 0.445875 0.022396 0.007250
0 0.361458 0.450250 0.017708 0.008000
0 0.352083 0.454250 0.020833 0.007500
0 0.404948 0.432875 0.015104 0.006250
0 0.457031 0.442125 0.017188 0.008250
0 0.486198 0.441625 0.015104 0.010250
0 0.454167 0.431750 0.020833 0.011500
0 0.458594 0.424375 0.015104 0.007250
0 0.541927 0.427875 0.011979 0.007750
0 0.549479 0.427500 0.011458 0.011500
0 0.560156 0.425125 0.013021 0.009750
0 0.551823 0.415875 0.011979 0.008750
0 0.529687 0.396375 0.018750 0.007250
0 0.597396 0.396500 0.015625 0.008500
0 0.603906 0.404875 0.011979 0.008250
0 0.582812 0.427375 0.017708 0.007250
0 0.630469 0.429000 0.015104 0.008000
0 0.631250 0.423250 0.012500 0.007500
0 0.641927 0.427750 0.016146 0.010500
0 0.661719 0.413500 0.022396 0.011500
0 0.651823 0.405750 0.014063 0.007500
0 0.680469 0.394250 0.015104 0.009500
0 0.751302 0.401875 0.020313 0.010750
0 0.759115 0.426250 0.018229 0.010000
0 0.769792 0.427375 0.017708 0.010750
0 0.860938 0.426375 0.016667 0.007250
0 0.793750 0.435875 0.013542 0.008250
0 0.809375 0.437875 0.016667 0.009750
0 0.812240 0.445125 0.018229 0.011250
0 0.830729 0.449375 0.022917 0.009750
0 0.799479 0.462375 0.029167 0.012250
0 0.744531 0.434375 0.020313 0.011250
0 0.741667 0.443000 0.018750 0.011000
0 0.752604 0.444000 0.021875 0.014000
0 0.725000 0.464250 0.021875 0.010000
0 0.734375 0.461875 0.015625 0.007750
0 0.748177 0.464625 0.020313 0.007250
0 0.684896 0.442000 0.021875 0.015500
0 0.696094 0.450125 0.017188 0.009750
0 0.690365 0.456250 0.020313 0.010500
0 0.685937 0.460000 0.019792 0.008000
0 0.677344 0.454500 0.023438 0.009500
0 0.670312 0.444875 0.016667 0.011250
0 0.647135 0.440875 0.024479 0.016250
0 0.654427 0.452000 0.022396 0.008000
0 0.661979 0.466375 0.015625 0.009750
0 0.670312 0.480125 0.020833 0.010250
0 0.641406 0.473375 0.022396 0.008250
0 0.629948 0.451250 0.016146 0.010000
0 0.603646 0.450250 0.023958 0.013000
0 0.572135 0.447625 0.018229 0.012750
0 0.575781 0.440250 0.015104 0.006000
0 0.546875 0.448000 0.017708 0.010500
0 0.595052 0.467125 0.016146 0.011750
0 0.608073 0.462000 0.019271 0.009500
0 0.393490 0.491625 0.018229 0.008250
0 0.383073 0.499000 0.017188 0.007000
0 0.398698 0.511875 0.014063 0.007750
0 0.290104 0.479750 0.013542 0.006500
0 0.288281 0.466750 0.016146 0.009500
0 0.242708 0.467500 0.016667 0.009000
0 0.525000 0.507500 0.020833 0.011000
0 0.457031 0.527250 0.021354 0.007500
0 0.461979 0.540625 0.009375 0.007250
0 0.436458 0.546625 0.019792 0.008250
0 0.480469 0.568375 0.027604 0.008750
0 0.519531 0.545125 0.010937 0.007750
0 0.528385 0.553625 0.021354 0.008250
0 0.557552 0.562000 0.017188 0.012500
0 0.568229 0.563250 0.016667 0.009000
0 0.638281 0.550250 0.019271 0.010000
0 0.625521 0.575750 0.011458 0.010500
0 0.630729 0.570000 0.012500 0.010000
0 0.603385 0.588000 0.023438 0.009500
0 0.525781 0.568875 0.016146 0.009750
0 0.536719 0.574875 0.016146 0.008250
0 0.513802 0.580125 0.022396 0.010750
0 0.288281 0.577500 0.016146 0.009500
0 0.235937 0.551000 0.013542 0.008500
