0 0.099740 0.326250 0.014063 0.005500
0 0.194792 0.321875 0.006250 0.004750
0 0.201563 0.316500 0.008333 0.007000
0 0.203385 0.321750 0.010937 0.006500
0 0.251823 0.330625 0.016146 0.005750
0 0.167969 0.334750 0.011979 0.005500
0 0.323437 0.344375 0.011458 0.007750
0 0.277865 0.354250 0.010937 0.004500
0 0.364323 0.354875 0.008854 0.007250
0 0.371875 0.353125 0.012500 0.008250
0 0.379688 0.351750 0.015625 0.007500
0 0.264583 0.379750 0.020833 0.006500
0 0.228646 0.386625 0.012500 0.006250
0 0.208333 0.391000 0.017708 0.003500
0 0.198177 0.394625 0.018229 0.004750
0 0.139323 0.409125 0.018229 0.004750
0 0.138542 0.410750 0.015625 0.004500
0 0.117969 0.415750 0.017188 0.008500
0 0.165885 0.424125 0.022396 0.007750
0 0.093229 0.427500 0.011458 0.008000
0 0.059375 0.433000 0.014583 0.005500
0 0.394531 0.365875 0.011979 0.007750
0 0.381250 0.386375 0.013542 0.009250
0 0.359635 0.409625 0.015104 0.008250
0 0.358333 0.422375 0.011458 0.008250
0 0.353125 0.434250 0.010417 0.009000
0 0.290104 0.442000 0.016667 0.005500
0 0.345833 0.434375 0.010417 0.004250
0 0.325521 0.465750 0.013542 0.006000
0 0.328646 0.478625 0.010417 0.007750
0 0.320312 0.477500 0.009375 0.007000
0 0.318750 0.491500 0.011458 0.008000
0 0.316406 0.497000 0.011979 0.005000
0 0.294010 0.507125 0.018229 0.004750
0 0.305990 0.516750 0.014063 0.005000
0 0.279167 0.528125 0.008333 0.006750
0 0.271094 0.532750 0.018229 0.005000
0 0.292969 0.533750 0.010937 0.008000
0 0.284375 0.524000 0.005208 0.007000
0 0.279948 0.523250 0.005729 0.007000
0 0.292969 0.547750 0.007812 0.007000
0 0.285938 0.547000 0.008333 0.006500
0 0.267448 0.549750 0.010937 0.006000
0 0.256771 0.554625 0.014583 0.004250
0 0.272656 0.556375 0.008854 0.007750
0 0.260156 0.563500 0.008854 0.008500
0 0.275000 0.565375 0.010417 0.007750
0 0.286458 0.559750 0.008333 0.007000
0 0.279948 0.558625 0.005729 0.005750
0 0.215885 0.563875 0.014063 0.008750
0 0.277344 0.577000 0.010937 0.006000
0 0.270052 0.574125 0.007812 0.006250
0 0.264323 0.573875 0.007812 0.006750
0 0.244010 0.582500 0.008854 0.007000
0 0.268490 0.596875 0.006771 0.007250
0 0.263281 0.595750 0.008854 0.005000
0 0.261719 0.604250 0.007812 0.007500
0 0.255469 0.603875 0.005729 0.007250
0 0.248958 0.615125 0.010417 0.006750
0 0.248438 0.620250 0.013542 0.004000
0 0.253906 0.626375 0.010937 0.006750
0 0.235156 0.655875 0.009896 0.007250
0 0.282292 0.657875 0.010417 0.007250
0 0.263802 0.663500 0.006771 0.006000
0 0.266406 0.662250 0.005729 0.005500
0 0.271354 0.664125 0.003125 0.004250
0 0.276042 0.665125 0.007292 0.006250
0 0.255469 0.689000 0.013021 0.008500
0 0.344010 0.710375 0.011979 0.006750
0 0.340365 0.738250 0.017188 0.006000
0 0.397396 0.673125 0.014583 0.006250
0 0.361719 0.647375 0.011979 0.006250
0 0.330729 0.630875 0.012500 0.005750
0 0.311458 0.636625 0.011458 0.005750
0 0.347917 0.609875 0.017708 0.006250
0 0.287500 0.609125 0.013542 0.007750
0 0.315104 0.597250 0.010417 0.007000
0 0.363021 0.582000 0.012500 0.008500
0 0.341667 0.560625 0.012500 0.006250
0 0.313542 0.560500 0.011458 0.005000
0 0.319271 0.565375 0.006250 0.006750
0 0.314063 0.565750 0.006250 0.006000
0 0.308594 0.566750 0.005729 0.007000
0 0.349479 0.541750 0.010417 0.008000
0 0.361719 0.542250 0.010937 0.005000
0 0.400000 0.545125 0.016667 0.005750
0 0.345313 0.526375 0.006250 0.006750
0 0.340365 0.526000 0.007812 0.008000
0 0.334115 0.548625 0.005729 0.007250
0 0.328385 0.548750 0.006771 0.006000
0 0.535417 0.428125 0.017708 0.007250
0 0.520833 0.443625 0.010417 0.008250
0 0.524740 0.452500 0.010937 0.009000
0 0.503385 0.468500 0.013021 0.008500
0 0.510417 0.478375 0.008333 0.007750
0 0.612240 0.692625 0.013021 0.006250
0 0.597135 0.655750 0.011979 0.006500
0 0.592708 0.645625 0.011458 0.008250
0 0.630990 0.621375 0.015104 0.007750
0 0.627604 0.612875 0.011458 0.007250
0 0.614323 0.611625 0.010937 0.006250
0 0.604948 0.608125 0.013021 0.006250
0 0.592708 0.610750 0.008333 0.007000
0 0.594010 0.599125 0.009896 0.008250
0 0.579427 0.604000 0.011979 0.006000
0 0.578385 0.610750 0.009896 0.005000
0 0.581250 0.609500 0.011458 0.006000
0 0.589323 0.607500 0.010937 0.004500
0 0.567708 0.585375 0.011458 0.007750
0 0.563021 0.564000 0.011458 0.008500
0 0.560417 0.554375 0.009375 0.007750
0 0.557552 0.547875 0.006771 0.007250
0 0.563802 0.547125 0.009896 0.005750
0 0.571875 0.535500 0.012500 0.007000
0 0.559896 0.537500 0.011458 0.006500
0 0.561458 0.530750 0.013542 0.006500
0 0.553906 0.524000 0.013021 0.009500
0 0.570312 0.511375 0.012500 0.008750
0 0.561198 0.501000 0.014063 0.007500
0 0.545312 0.492500 0.009375 0.008000
0 0.552083 0.496375 0.011458 0.007750
0 0.547396 0.507000 0.009375 0.006500
0 0.540104 0.507000 0.005208 0.008500
0 0.571354 0.491375 0.007292 0.007750
0 0.564844 0.490875 0.006771 0.007750
0 0.559375 0.490750 0.009375 0.007500
0 0.544531 0.475875 0.010937 0.008750
0 0.535677 0.479125 0.011979 0.008250
0 0.600000 0.556500 0.015625 0.006500
0 0.618750 0.562375 0.013542 0.006750
0 0.633333 0.566500 0.009375 0.007000
0 0.626302 0.587625 0.011979 0.008750
0 0.614844 0.582375 0.007812 0.006250
0 0.620052 0.578875 0.014063 0.007250
0 0.569271 0.382375 0.012500 0.008750
0 0.613802 0.382750 0.022396 0.006000
0 0.602865 0.407750 0.007812 0.008500
0 0.608854 0.401375 0.008333 0.004250
0 0.615104 0.405750 0.007292 0.006500
0 0.620313 0.408375 0.009375 0.007750
0 0.642188 0.395000 0.009375 0.007000
0 0.645833 0.393625 0.011458 0.007750
0 0.650521 0.392500 0.010417 0.007000
0 0.686979 0.411750 0.018750 0.009500
0 0.683333 0.430375 0.019792 0.005750
0 0.763542 0.454625 0.019792 0.005750
0 0.745573 0.500625 0.018229 0.005750
0 0.773438 0.504625 0.015625 0.006750
0 0.823698 0.495000 0.023438 0.006000
0 0.862240 0.532375 0.018229 0.006750
0 0.876042 0.532625 0.008333 0.007250
0 0.879948 0.531250 0.014063 0.009000
0 0.898438 0.571125 0.020833 0.005250
0 0.896875 0.574000 0.018750 0.004000
0 0.902344 0.581250 0.015104 0.009500
0 0.946875 0.586000 0.014583 0.008000
0 0.875000 0.617000 0.017708 0.006500
0 0.932031 0.627375 0.020313 0.005750
0 0.954948 0.642375 0.014063 0.008250
0 0.987760 0.547000 0.015104 0.011500
0 0.551302 0.320625 0.016146 0.005750
0 0.601042 0.322750 0.016667 0.006000
0 0.636719 0.333250 0.014063 0.005000
0 0.656250 0.327375 0.018750 0.005750
0 0.685417 0.330750 0.008333 0.004500
0 0.691927 0.332125 0.008854 0.003750
0 0.701562 0.331875 0.011458 0.004250
0 0.715625 0.339125 0.010417 0.004750
0 0.738802 0.336250 0.009896 0.004000
0 0.760417 0.340375 0.008333 0.006750
0 0.775521 0.340250 0.017708 0.003500
0 0.775521 0.342750 0.013542 0.003500
0 0.792708 0.344250 0.014583 0.007500
0 0.820573 0.351500 0.015104 0.007500
0 0.758854 0.373750 0.017708 0.007000
0 0.844531 0.352250 0.010937 0.008000
0 0.864583 0.356125 0.010417 0.008750
0 0.885417 0.355250 0.013542 0.007000
0 0.932552 0.373500 0.015104 0.005000
0 0.921875 0.378500 0.009375 0.009500
0 0.919010 0.361750 0.015104 0.004000
0 0.920312 0.358750 0.018750 0.004000
0 0.918490 0.321750 0.013021 0.009500
0 0.867708 0.320750 0.016667 0.006000
0 0.762760 0.310000 0.013021 0.010000
0 0.749219 0.295250 0.022396 0.007500
0 0.690104 0.299375 0.016667 0.004750
0 0.693750 0.288125 0.017708 0.006750
0 0.683333 0.292500 0.016667 0.007000
0 0.666667 0.293750 0.010417 0.010500
0 0.791406 0.275500 0.016146 0.008000
