0 0.189844 0.567625 0.010937 0.006250
0 0.230208 0.599625 0.013542 0.006750
0 0.206771 0.613875 0.011458 0.007750
0 0.170052 0.602250 0.025521 0.008000
0 0.143750 0.597625 0.009375 0.005750
0 0.124219 0.604875 0.005729 0.005750
0 0.132552 0.603375 0.013021 0.004750
0 0.183854 0.682125 0.017708 0.006250
0 0.152083 0.659750 0.005208 0.006000
0 0.147135 0.660000 0.006771 0.007500
0 0.155469 0.709500 0.013021 0.009000
0 0.097917 0.771250 0.014583 0.004500
0 0.101042 0.767625 0.017708 0.003250
0 0.078125 0.800000 0.014583 0.006500
0 0.069271 0.811500 0.016667 0.004500
0 0.066667 0.834125 0.009375 0.007750
0 0.067969 0.826625 0.010937 0.009250
0 0.060677 0.824375 0.007812 0.007250
0 0.052344 0.824000 0.008854 0.009000
0 0.091406 0.822375 0.006771 0.008750
0 0.085156 0.822625 0.006771 0.010250
0 0.237240 0.807250 0.014063 0.005000
0 0.242708 0.790875 0.011458 0.009750
0 0.233594 0.749625 0.017188 0.005250
0 0.217708 0.742375 0.008333 0.004750
0 0.215365 0.740750 0.013021 0.005500
0 0.194531 0.717625 0.015104 0.006250
0 0.218229 0.707375 0.011458 0.005250
0 0.216146 0.704875 0.010417 0.003750
0 0.220052 0.689500 0.013021 0.007000
0 0.237240 0.648750 0.011979 0.004500
0 0.235156 0.644875 0.005729 0.006750
0 0.231250 0.643625 0.008333 0.004750
0 0.351823 0.537750 0.008854 0.006500
0 0.534115 0.616000 0.011979 0.006000
0 0.546354 0.631500 0.017708 0.004500
0 0.606250 0.640625 0.012500 0.006750
0 0.597135 0.651750 0.017188 0.005500
0 0.594010 0.719625 0.013021 0.008250
0 0.690365 0.706625 0.020313 0.007750
0 0.714583 0.703000 0.016667 0.007000
0 0.769271 0.726750 0.007292 0.006500
0 0.775260 0.723500 0.015104 0.006000
0 0.791406 0.772375 0.013021 0.007250
0 0.795052 0.770875 0.010937 0.005250
0 0.849740 0.774125 0.011979 0.008750
0 0.775000 0.705750 0.013542 0.006500
0 0.340365 0.507875 0.013021 0.005250
0 0.335677 0.505250 0.008854 0.005000
0 0.345573 0.493375 0.011979 0.005250
0 0.373177 0.499250 0.013021 0.004000
0 0.466406 0.515625 0.011979 0.004750
0 0.482552 0.535000 0.016146 0.006000
0 0.518490 0.523875 0.014063 0.005750
0 0.536979 0.537625 0.011458 0.006750
0 0.551823 0.541000 0.011979 0.003500
0 0.561198 0.540875 0.007812 0.006750
0 0.665104 0.555375 0.010417 0.003250
0 0.664583 0.553625 0.011458 0.003750
0 0.721875 0.554125 0.014583 0.005250
0 0.713281 0.571375 0.015104 0.005750
0 0.777604 0.600125 0.011458 0.002250
0 0.776563 0.598500 0.011458 0.003000
0 0.812760 0.581750 0.008854 0.004000
0 0.814844 0.583000 0.011979 0.003500
0 0.842187 0.574125 0.013542 0.003750
0 0.821354 0.568625 0.009375 0.003250
0 0.820312 0.567000 0.012500 0.004000
0 0.924479 0.599500 0.015625 0.006000
0 0.925781 0.542625 0.017188 0.005250
0 0.889323 0.531750 0.014063 0.005000
0 0.900521 0.543000 0.010417 0.006500
0 0.892188 0.538125 0.009375 0.005250
0 0.887240 0.518750 0.007812 0.006000
0 0.835938 0.529500 0.009375 0.008000
0 0.821615 0.550500 0.014063 0.005000
0 0.833594 0.554250 0.011979 0.003000
0 0.834115 0.551625 0.013021 0.002750
0 0.800260 0.518375 0.014063 0.004750
0 0.806510 0.531875 0.013021 0.002250
0 0.807031 0.534625 0.015104 0.003750
0 0.770052 0.530500 0.016146 0.004500
0 0.756771 0.545750 0.010417 0.003500
0 0.759375 0.543250 0.013542 0.003500
0 0.746615 0.538375 0.009896 0.004250
0 0.672135 0.519875 0.015104 0.003250
0 0.666927 0.517125 0.007812 0.003750
0 0.588802 0.515500 0.011979 0.004500
0 0.598177 0.533250 0.013021 0.003500
0 0.608333 0.535375 0.009375 0.003750
0 0.573177 0.532625 0.011979 0.002750
0 0.571094 0.531000 0.008854 0.001500
0 0.561458 0.528875 0.009375 0.004750
0 0.551042 0.527250 0.012500 0.004500
0 0.546875 0.528125 0.011458 0.003250
0 0.533854 0.527000 0.010417 0.003000
0 0.435417 0.460875 0.012500 0.007250
0 0.494531 0.418750 0.009896 0.007500
0 0.553385 0.453250 0.016146 0.006000
0 0.624479 0.449875 0.015625 0.005250
0 0.628906 0.437625 0.017188 0.005750
0 0.642188 0.447125 0.011458 0.004250
0 0.644271 0.445250 0.013542 0.004000
0 0.659896 0.441375 0.017708 0.004750
0 0.891667 0.436000 0.015625 0.005000
0 0.953385 0.434000 0.014063 0.005500
0 0.954427 0.420750 0.018229 0.002500
0 0.952604 0.418000 0.017708 0.003500
0 0.936719 0.427375 0.016146 0.003750
0 0.927604 0.429250 0.007292 0.006000
0 0.377083 0.346500 0.014583 0.005000
0 0.294792 0.298125 0.009375 0.005250
0 0.292187 0.297375 0.011458 0.005750
0 0.459115 0.342000 0.009896 0.007500
0 0.474740 0.324500 0.009896 0.006000
0 0.471354 0.323000 0.006250 0.005500
0 0.456771 0.312500 0.007292 0.005500
0 0.452344 0.311875 0.006771 0.005750
0 0.489583 0.284125 0.010417 0.006750
0 0.450781 0.287000 0.008854 0.006000
0 0.516927 0.289500 0.008854 0.008500
0 0.508854 0.296625 0.007292 0.005250
0 0.505990 0.295500 0.008854 0.005500
0 0.503906 0.294500 0.008854 0.005000
0 0.524740 0.250750 0.008854 0.007500
0 0.280729 0.464625 0.011458 0.003750
0 0.329427 0.480125 0.013021 0.004750
0 0.234115 0.525875 0.007812 0.003750
0 0.361198 0.046250 0.018229 0.006500
0 0.521094 0.082375 0.016146 0.010250
0 0.022396 0.002750 0.018750 0.005500
