0 0.563542 0.425625 0.009375 0.005250
0 0.527083 0.427125 0.013542 0.003750
0 0.537240 0.423875 0.010937 0.004250
0 0.502344 0.434625 0.014063 0.006750
0 0.512760 0.433375 0.005729 0.004250
0 0.532813 0.438375 0.013542 0.005750
0 0.418229 0.390750 0.015625 0.005000
0 0.422656 0.380875 0.016146 0.003750
0 0.415104 0.410750 0.011458 0.003000
0 0.419792 0.409125 0.012500 0.003750
0 0.426823 0.403000 0.013021 0.006500
0 0.444792 0.408875 0.014583 0.005250
0 0.374740 0.386000 0.013021 0.005500
0 0.380990 0.370750 0.016146 0.004500
0 0.367969 0.371875 0.007812 0.005250
0 0.346094 0.384750 0.013021 0.008500
0 0.328646 0.383125 0.015625 0.004250
0 0.314583 0.386375 0.009375 0.006750
0 0.324740 0.390000 0.010937 0.006000
0 0.334896 0.389375 0.007292 0.007250
0 0.342708 0.400750 0.012500 0.004500
0 0.348958 0.400125 0.011458 0.004750
0 0.350260 0.410250 0.011979 0.004000
0 0.369531 0.401375 0.019271 0.007250
0 0.309896 0.405250 0.012500 0.005000
0 0.285156 0.391625 0.013021 0.005750
0 0.282813 0.389125 0.011458 0.004750
0 0.304167 0.376750 0.011458 0.004000
0 0.268490 0.375625 0.016146 0.006250
0 0.265885 0.366250 0.019271 0.007000
0 0.190365 0.398750 0.009896 0.005500
0 0.574740 0.458875 0.011979 0.006250
0 0.534375 0.464500 0.016667 0.007000
0 0.515885 0.468500 0.011979 0.002500
0 0.512500 0.472750 0.009375 0.005000
0 0.520312 0.471000 0.010417 0.003500
0 0.494271 0.481125 0.013542 0.003750
0 0.482292 0.483375 0.011458 0.003750
0 0.480990 0.481000 0.010937 0.003000
0 0.503646 0.475125 0.009375 0.004750
0 0.494271 0.475500 0.010417 0.004500
0 0.494531 0.462375 0.009896 0.004750
0 0.481771 0.466125 0.010417 0.004750
0 0.466146 0.465375 0.012500 0.004250
0 0.450260 0.469625 0.013021 0.004750
0 0.459115 0.490500 0.015104 0.003500
0 0.479167 0.491875 0.008333 0.006750
0 0.460417 0.485750 0.011458 0.004500
0 0.448958 0.485125 0.011458 0.003250
0 0.459896 0.480750 0.011458 0.005500
0 0.450781 0.482125 0.008854 0.002750
0 0.423437 0.473375 0.011458 0.005750
0 0.422656 0.479750 0.009896 0.006000
0 0.407552 0.484000 0.005729 0.005500
0 0.403906 0.481750 0.013021 0.004500
0 0.400000 0.485625 0.010417 0.003750
0 0.382031 0.482000 0.010937 0.005000
0 0.377083 0.489375 0.006250 0.005750
0 0.385677 0.490375 0.010937 0.004750
0 0.386719 0.487125 0.009896 0.002750
0 0.409896 0.493750 0.009375 0.005500
0 0.403385 0.494625 0.011979 0.003750
0 0.403125 0.500250 0.006250 0.007000
0 0.393229 0.499375 0.009375 0.006250
0 0.396094 0.504625 0.013021 0.003250
0 0.411719 0.499875 0.009896 0.005250
0 0.450781 0.502750 0.008854 0.006500
0 0.443750 0.495125 0.010417 0.007750
0 0.433854 0.495000 0.011458 0.004000
0 0.432552 0.500250 0.013021 0.004000
0 0.433073 0.503750 0.013021 0.003500
0 0.438802 0.506875 0.010937 0.004750
0 0.439583 0.510625 0.011458 0.003750
0 0.405469 0.516000 0.013021 0.004500
0 0.384115 0.531875 0.014063 0.005750
0 0.356250 0.513375 0.011458 0.010250
0 0.345313 0.511375 0.009375 0.003250
0 0.343490 0.509250 0.013021 0.002500
0 0.352604 0.496625 0.005208 0.004750
0 0.303125 0.490000 0.014583 0.005500
0 0.361979 0.495375 0.011458 0.003250
0 0.340885 0.502500 0.013021 0.004500
0 0.377604 0.520375 0.014583 0.007250
0 0.288802 0.524750 0.010937 0.004500
0 0.291146 0.529000 0.013542 0.004000
0 0.289844 0.534875 0.016146 0.008250
0 0.340104 0.533000 0.008333 0.005500
0 0.337500 0.530500 0.009375 0.005500
0 0.225521 0.566250 0.013542 0.007000
0 0.205469 0.537125 0.015104 0.004750
0 0.089063 0.600750 0.014583 0.005500
0 0.113281 0.575375 0.013021 0.004250
0 0.112500 0.573625 0.012500 0.002750
0 0.190104 0.619625 0.011458 0.006250
0 0.184635 0.617625 0.008854 0.006250
0 0.127083 0.625625 0.012500 0.006750
0 0.188542 0.641625 0.009375 0.004750
0 0.210417 0.601250 0.012500 0.007500
0 0.600781 0.482625 0.009896 0.006750
0 0.566927 0.487250 0.013021 0.008000
0 0.512500 0.517500 0.009375 0.007000
0 0.527083 0.516875 0.007292 0.006750
0 0.552604 0.515500 0.008333 0.006500
0 0.549479 0.520750 0.013542 0.005000
0 0.580469 0.509625 0.010937 0.006250
0 0.565365 0.507250 0.015104 0.004500
0 0.580990 0.515000 0.011979 0.007000
0 0.529167 0.541625 0.012500 0.005750
0 0.540104 0.549000 0.011458 0.005000
0 0.541667 0.554000 0.007292 0.005500
0 0.522656 0.554375 0.007812 0.006250
0 0.542188 0.562250 0.012500 0.005500
0 0.547917 0.571000 0.009375 0.007000
0 0.508594 0.529125 0.010937 0.004750
0 0.502865 0.532250 0.011979 0.005500
0 0.496354 0.534500 0.007292 0.006000
0 0.491146 0.535500 0.009375 0.005000
0 0.500781 0.540500 0.013021 0.006500
0 0.500260 0.554875 0.006771 0.005250
0 0.496094 0.554125 0.007812 0.006250
0 0.455729 0.564625 0.009375 0.006250
0 0.485156 0.564875 0.011979 0.003750
0 0.494531 0.568875 0.004687 0.005750
0 0.503646 0.568250 0.011458 0.005000
0 0.513281 0.567000 0.008854 0.003500
0 0.525521 0.566125 0.013542 0.004250
0 0.522656 0.562125 0.007812 0.004750
0 0.497917 0.559625 0.012500 0.004750
0 0.500521 0.563875 0.011458 0.003750
0 0.481771 0.567750 0.012500 0.002500
0 0.485937 0.569625 0.010417 0.002750
0 0.497656 0.574000 0.009896 0.004500
0 0.489583 0.574375 0.008333 0.005250
0 0.492969 0.581875 0.010937 0.004750
0 0.455729 0.577625 0.012500 0.003750
0 0.446094 0.583500 0.010937 0.004500
0 0.457552 0.584625 0.010937 0.002750
0 0.470573 0.579125 0.015104 0.005250
0 0.464583 0.581125 0.010417 0.004250
0 0.468229 0.588875 0.013542 0.003750
0 0.470573 0.593125 0.013021 0.004250
0 0.472656 0.598500 0.009896 0.005000
0 0.457813 0.598375 0.011458 0.005250
0 0.448437 0.593750 0.009375 0.004500
0 0.441927 0.593000 0.009896 0.004500
0 0.406771 0.590375 0.014583 0.006250
0 0.416146 0.612875 0.011458 0.005250
0 0.389583 0.618375 0.011458 0.005750
0 0.364844 0.628250 0.010937 0.004000
0 0.373698 0.628750 0.006771 0.005500
0 0.442448 0.643750 0.018229 0.007000
0 0.386198 0.637000 0.016146 0.006500
0 0.386979 0.652125 0.017708 0.007250
0 0.358333 0.663750 0.019792 0.007500
0 0.402344 0.681125 0.013021 0.007250
0 0.317188 0.686625 0.011458 0.005250
0 0.308594 0.710875 0.015104 0.007750
0 0.317188 0.723875 0.016667 0.006250
0 0.280208 0.717375 0.012500 0.006750
0 0.258854 0.719750 0.012500 0.006000
0 0.239062 0.720250 0.012500 0.007000
0 0.338542 0.728250 0.010417 0.006000
0 0.570833 0.530000 0.022917 0.007500
0 0.665885 0.506500 0.018229 0.006500
0 0.733854 0.499250 0.009375 0.006500
0 0.680729 0.525375 0.015625 0.005750
0 0.707812 0.527375 0.011458 0.006750
0 0.720313 0.532250 0.013542 0.006000
0 0.709635 0.536750 0.011979 0.006000
0 0.686979 0.539250 0.012500 0.006000
0 0.716146 0.548000 0.013542 0.004000
0 0.655208 0.540750 0.009375 0.004000
0 0.703385 0.553750 0.013021 0.006000
0 0.705729 0.559875 0.017708 0.004250
0 0.706250 0.567125 0.009375 0.007250
0 0.712240 0.565250 0.010937 0.005500
0 0.728125 0.571875 0.017708 0.006250
0 0.757812 0.587125 0.020833 0.007750
0 0.736198 0.596125 0.013021 0.004750
0 0.726042 0.605000 0.013542 0.005000
0 0.714583 0.587125 0.010417 0.006250
0 0.725521 0.588500 0.012500 0.005000
0 0.722135 0.594375 0.008854 0.006750
0 0.769271 0.613000 0.013542 0.004500
0 0.755729 0.617875 0.011458 0.007250
0 0.772656 0.620375 0.013021 0.006250
0 0.768750 0.624375 0.009375 0.006750
0 0.783333 0.625750 0.014583 0.004500
0 0.775260 0.631125 0.010937 0.006250
0 0.834635 0.644500 0.017188 0.005500
0 0.806510 0.644250 0.019271 0.007500
0 0.760417 0.657750 0.011458 0.006000
0 0.758854 0.654125 0.013542 0.002750
0 0.815365 0.674000 0.020313 0.007500
0 0.860938 0.673625 0.013542 0.006250
0 0.817708 0.705500 0.016667 0.007500
0 0.839062 0.720125 0.017708 0.007750
0 0.882031 0.706375 0.010937 0.007250
0 0.839323 0.735750 0.017188 0.004500
0 0.775521 0.767875 0.016667 0.009250
0 0.909375 0.772125 0.017708 0.006250
0 0.721354 0.653875 0.014583 0.006750
0 0.690104 0.657125 0.011458 0.005250
0 0.653646 0.470750 0.016667 0.006000
0 0.732552 0.470875 0.010937 0.005750
0 0.748698 0.478125 0.009896 0.003750
0 0.796094 0.486625 0.014063 0.003750
0 0.784115 0.491500 0.011979 0.005500
0 0.810417 0.493750 0.011458 0.005500
0 0.815885 0.501125 0.016146 0.004750
0 0.801302 0.510500 0.011979 0.006000
0 0.776823 0.508750 0.015104 0.004000
0 0.789583 0.504875 0.009375 0.007750
0 0.828385 0.506125 0.008854 0.006750
0 0.850781 0.487375 0.008854 0.006250
0 0.876823 0.489625 0.014063 0.003750
0 0.872917 0.504875 0.011458 0.005750
0 0.916927 0.499875 0.015104 0.006250
0 0.929167 0.496375 0.013542 0.004250
0 0.926562 0.491875 0.016667 0.003750
0 0.944271 0.483500 0.009375 0.005500
0 0.849740 0.527000 0.014063 0.005000
0 0.814063 0.543375 0.011458 0.006750
0 0.895833 0.513250 0.011458 0.005500
0 0.908073 0.524625 0.015104 0.006250
0 0.920312 0.528625 0.013542 0.005750
0 0.971615 0.525875 0.016146 0.004750
0 0.971354 0.535750 0.011458 0.004500
0 0.901823 0.536875 0.007812 0.005250
0 0.906771 0.542000 0.012500 0.005000
0 0.892708 0.543500 0.014583 0.004500
0 0.904948 0.547375 0.015104 0.004250
0 0.905469 0.557000 0.013021 0.006000
0 0.846354 0.567500 0.010417 0.004500
0 0.910677 0.570375 0.013021 0.006250
0 0.935937 0.550000 0.011458 0.005500
0 0.955469 0.561500 0.009896 0.007000
0 0.962500 0.557750 0.014583 0.004500
0 0.982552 0.558125 0.015104 0.005250
0 0.974479 0.561375 0.013542 0.004750
0 0.968750 0.563500 0.014583 0.005500
0 0.949219 0.594125 0.021354 0.007750
0 0.976823 0.599500 0.011979 0.008000
0 0.874219 0.547000 0.015104 0.004000
0 0.884896 0.557375 0.013542 0.008750
0 0.359115 0.701000 0.009896 0.005000
0 0.364063 0.697000 0.006250 0.004000
0 0.367969 0.697375 0.006771 0.005250
0 0.007812 0.827750 0.010417 0.004000
0 0.611458 0.812000 0.012500 0.005500
0 0.438542 0.963750 0.012500 0.008000
0 0.516406 0.929375 0.016146 0.006250
0 0.335156 0.979250 0.014063 0.006500
0 0.787500 0.744750 0.014583 0.006500
