0 0.202865 0.573500 0.009896 0.005000
0 0.233594 0.556375 0.005729 0.006250
0 0.229167 0.554125 0.005208 0.005750
0 0.232813 0.545125 0.008333 0.005750
0 0.227344 0.542000 0.005729 0.006000
0 0.220833 0.542750 0.006250 0.005000
0 0.215625 0.542625 0.005208 0.006250
0 0.210677 0.512000 0.010937 0.004500
0 0.187240 0.511750 0.005729 0.007000
0 0.199219 0.518125 0.005729 0.005750
0 0.203646 0.521750 0.007292 0.005000
0 0.195312 0.521500 0.008333 0.003000
0 0.378385 0.349375 0.009896 0.006250
0 0.381771 0.363125 0.011458 0.006250
0 0.380990 0.374750 0.011979 0.006500
0 0.304948 0.408125 0.009896 0.006750
0 0.283594 0.449000 0.009896 0.006500
0 0.283854 0.454500 0.005208 0.005500
0 0.279948 0.458750 0.011979 0.003500
0 0.289583 0.455000 0.006250 0.006500
0 0.270833 0.474125 0.007292 0.007250
0 0.259896 0.480375 0.008333 0.006750
0 0.324740 0.479250 0.011979 0.005000
0 0.315885 0.472750 0.014063 0.005500
0 0.328906 0.493500 0.008854 0.004500
0 0.320833 0.497500 0.011458 0.004000
0 0.313802 0.502500 0.006771 0.007000
0 0.328906 0.508125 0.008854 0.007250
0 0.304948 0.498250 0.004687 0.005500
0 0.301042 0.498125 0.004167 0.006250
0 0.313802 0.487750 0.004687 0.005500
0 0.319010 0.488000 0.004687 0.006500
0 0.330729 0.522625 0.011458 0.005750
0 0.331771 0.537375 0.010417 0.007250
0 0.309115 0.547000 0.005729 0.005000
0 0.314844 0.547875 0.005729 0.005750
0 0.548438 0.412875 0.009375 0.007250
0 0.532292 0.423250 0.008333 0.008000
0 0.546094 0.440375 0.006771 0.006250
0 0.543750 0.428250 0.006250 0.004500
0 0.539844 0.427000 0.008854 0.006000
0 0.499479 0.457000 0.012500 0.006000
0 0.495573 0.477125 0.008854 0.006750
0 0.472656 0.481125 0.009896 0.006250
0 0.482812 0.492250 0.010417 0.005000
0 0.469271 0.496375 0.012500 0.005750
0 0.498177 0.490875 0.006771 0.005750
0 0.494531 0.489125 0.008854 0.005250
0 0.501042 0.483125 0.008333 0.005750
0 0.492448 0.484500 0.007812 0.006000
0 0.485937 0.487125 0.006250 0.005750
0 0.481510 0.484500 0.007812 0.004000
0 0.487760 0.481125 0.005729 0.006250
0 0.512500 0.486250 0.008333 0.006500
0 0.529948 0.487125 0.005729 0.005750
0 0.543229 0.486250 0.006250 0.006500
0 0.536979 0.481000 0.009375 0.005500
0 0.529167 0.481375 0.006250 0.005750
0 0.539062 0.492875 0.012500 0.005250
0 0.498437 0.506500 0.010417 0.007000
0 0.482031 0.520000 0.007812 0.006500
0 0.467969 0.521750 0.010937 0.006000
0 0.500000 0.535500 0.008333 0.006000
0 0.488281 0.540500 0.006771 0.005000
0 0.416406 0.564250 0.005729 0.005500
0 0.411198 0.564000 0.005729 0.007000
0 0.457292 0.563250 0.006250 0.006500
0 0.464583 0.561000 0.006250 0.005500
0 0.446615 0.555625 0.011979 0.003750
0 0.446354 0.552250 0.012500 0.002500
0 0.452865 0.548000 0.008854 0.006000
0 0.449740 0.547875 0.000521 0.005750
0 0.405729 0.590125 0.007292 0.004250
0 0.404427 0.587625 0.009896 0.004750
0 0.469531 0.555500 0.005729 0.004000
0 0.484896 0.551375 0.008333 0.003750
0 0.481510 0.548375 0.009896 0.005250
0 0.593490 0.474625 0.014063 0.005750
0 0.566146 0.473500 0.006250 0.004500
0 0.562500 0.472500 0.007292 0.006500
0 0.566667 0.449750 0.009375 0.006500
0 0.708594 0.434000 0.008854 0.006000
0 0.734635 0.405250 0.007812 0.006500
0 0.726042 0.402000 0.009375 0.005500
0 0.734115 0.400750 0.007812 0.005500
0 0.727344 0.405250 0.009896 0.004500
0 0.671615 0.529125 0.011979 0.003750
0 0.619010 0.582875 0.015104 0.004750
0 0.611458 0.571875 0.010417 0.004750
0 0.579167 0.575750 0.010417 0.004000
0 0.551302 0.583500 0.010937 0.005000
0 0.544531 0.586750 0.009896 0.005000
0 0.531250 0.588750 0.013542 0.003500
0 0.466667 0.598625 0.012500 0.004750
0 0.436979 0.643125 0.014583 0.003250
0 0.489583 0.647625 0.012500 0.004250
0 0.540365 0.667375 0.008854 0.006750
0 0.611979 0.669875 0.008333 0.005750
0 0.621354 0.666875 0.008333 0.004750
0 0.619792 0.663250 0.013542 0.003000
0 0.630469 0.669125 0.007812 0.005750
0 0.636719 0.671000 0.006771 0.005000
0 0.645573 0.670125 0.004687 0.005250
0 0.641667 0.666625 0.006250 0.005250
0 0.661458 0.666500 0.008333 0.005500
0 0.881771 0.717250 0.013542 0.005000
0 0.546094 0.379875 0.010937 0.006750
0 0.536198 0.368875 0.013021 0.003750
0 0.541406 0.374000 0.008854 0.007500
