0 0.294271 0.095625 0.009375 0.005750
0 0.295573 0.093500 0.010937 0.004500
0 0.353906 0.137000 0.015104 0.006500
0 0.376302 0.221750 0.008854 0.008000
0 0.367448 0.224250 0.009896 0.004500
0 0.304688 0.298375 0.017708 0.005250
0 0.338281 0.313125 0.011979 0.006250
0 0.328906 0.325875 0.008854 0.007750
0 0.220833 0.335000 0.019792 0.005500
0 0.294531 0.361125 0.013021 0.008250
0 0.356510 0.438375 0.010937 0.005750
0 0.384375 0.431375 0.020833 0.005250
0 0.443750 0.414750 0.014583 0.004500
0 0.467187 0.407625 0.017708 0.007250
0 0.521875 0.399875 0.014583 0.005250
0 0.536198 0.397000 0.018229 0.005000
0 0.553125 0.389000 0.014583 0.007000
0 0.611198 0.396125 0.014063 0.005750
0 0.594271 0.389625 0.014583 0.003750
0 0.587760 0.386875 0.014063 0.003250
0 0.570833 0.386625 0.013542 0.003750
0 0.571354 0.382125 0.014583 0.004750
0 0.634635 0.375250 0.015104 0.004000
0 0.647396 0.372125 0.013542 0.005250
0 0.622396 0.369000 0.014583 0.004500
0 0.634115 0.365125 0.016146 0.005250
0 0.664583 0.372625 0.018750 0.006250
0 0.711979 0.382000 0.014583 0.004500
0 0.636979 0.317625 0.014583 0.003750
0 0.735156 0.579375 0.009896 0.006250
0 0.720052 0.610125 0.013021 0.006250
0 0.687500 0.549750 0.016667 0.006000
0 0.649219 0.562750 0.011979 0.007000
0 0.646875 0.553750 0.009375 0.006500
0 0.649219 0.558125 0.015104 0.003750
0 0.655208 0.554250 0.010417 0.007000
0 0.663021 0.554500 0.012500 0.006000
0 0.615625 0.558750 0.013542 0.006000
0 0.625781 0.548500 0.015104 0.004000
0 0.630469 0.546750 0.010937 0.004500
0 0.609896 0.534250 0.009375 0.008500
0 0.585156 0.548375 0.014063 0.009250
0 0.563802 0.566500 0.014063 0.005000
0 0.608333 0.562625 0.013542 0.005250
0 0.619531 0.566125 0.014063 0.006250
0 0.544271 0.534875 0.012500 0.004250
0 0.516406 0.533500 0.011979 0.006500
0 0.525260 0.540250 0.006771 0.007500
0 0.531250 0.538500 0.009375 0.003500
0 0.486458 0.535875 0.007292 0.006250
0 0.496875 0.532625 0.013542 0.004750
0 0.505729 0.529250 0.013542 0.003500
0 0.490625 0.527750 0.014583 0.004500
0 0.465885 0.523750 0.015104 0.006500
0 0.473698 0.512875 0.008854 0.007750
0 0.434635 0.517000 0.017188 0.004000
0 0.420052 0.521750 0.014063 0.004000
0 0.417187 0.518750 0.015625 0.004000
0 0.386198 0.510625 0.016146 0.003750
0 0.395052 0.501125 0.013021 0.006750
0 0.401562 0.497750 0.010417 0.007000
0 0.364583 0.507375 0.014583 0.005750
0 0.670833 0.723625 0.012500 0.006250
0 0.429167 0.695000 0.017708 0.005000
0 0.491406 0.695500 0.015104 0.007000
0 0.511719 0.674875 0.006771 0.007250
0 0.517969 0.674875 0.010937 0.007250
0 0.413021 0.648750 0.012500 0.008000
0 0.489323 0.642750 0.010937 0.007500
0 0.467448 0.642750 0.010937 0.006500
0 0.475781 0.643500 0.006771 0.008000
0 0.481771 0.643500 0.009375 0.006500
0 0.433333 0.617000 0.009375 0.008500
0 0.419010 0.623750 0.011979 0.005000
0 0.423698 0.619500 0.008854 0.007000
0 0.409635 0.616875 0.013021 0.005250
0 0.402604 0.607500 0.012500 0.006000
0 0.395052 0.601875 0.009896 0.007750
0 0.359115 0.627250 0.013021 0.006000
0 0.354687 0.622375 0.013542 0.003750
0 0.360156 0.619750 0.010937 0.004500
0 0.391667 0.585875 0.011458 0.006250
0 0.369010 0.568250 0.013021 0.007500
0 0.355729 0.577250 0.008333 0.006500
0 0.353906 0.581875 0.011979 0.006250
0 0.339323 0.566000 0.009896 0.007500
0 0.304427 0.567500 0.015104 0.004000
0 0.285938 0.564750 0.012500 0.004500
0 0.297135 0.563750 0.013021 0.004000
0 0.296615 0.560750 0.011979 0.004000
0 0.325000 0.554875 0.013542 0.004750
0 0.388542 0.547125 0.008333 0.006750
0 0.308333 0.531375 0.012500 0.006250
0 0.290625 0.534750 0.010417 0.007500
0 0.232031 0.504625 0.009896 0.005750
0 0.173958 0.635875 0.011458 0.007250
0 0.204948 0.594750 0.008854 0.005500
0 0.207292 0.592875 0.009375 0.005750
0 0.141927 0.598000 0.009896 0.008500
0 0.138021 0.577000 0.009375 0.007000
0 0.141667 0.587000 0.004167 0.006000
0 0.145052 0.586625 0.005729 0.005750
0 0.151302 0.591500 0.007812 0.006000
0 0.375000 0.131125 0.011458 0.003750
0 0.449740 0.003375 0.011979 0.006250
