0 0.606250 0.396875 0.027083 0.009250
0 0.622656 0.402875 0.028646 0.015750
0 0.661198 0.441500 0.032813 0.013000
0 0.692969 0.450250 0.042188 0.012000
0 0.759635 0.465000 0.028646 0.017500
0 0.315885 0.559000 0.025521 0.016500
0 0.313021 0.588250 0.022917 0.012000
0 0.254167 0.599750 0.020833 0.018500
0 0.316667 0.608500 0.027083 0.012000
0 0.284115 0.619750 0.030729 0.019500
0 0.483594 0.701625 0.032813 0.014750
0 0.791406 0.709000 0.034896 0.018500
0 0.746875 0.720125 0.038542 0.012750
0 0.650781 0.788625 0.030729 0.012750
