0 0.235937 0.565625 0.011458 0.004750
0 0.184115 0.547875 0.011979 0.003750
0 0.188542 0.545000 0.008333 0.005000
0 0.213802 0.536750 0.006771 0.007000
0 0.243750 0.535125 0.012500 0.005250
0 0.247396 0.542875 0.008333 0.004250
0 0.264583 0.546000 0.011458 0.005000
0 0.256250 0.540000 0.007292 0.006000
0 0.169531 0.524000 0.008854 0.006000
0 0.219531 0.515375 0.005729 0.006250
0 0.226823 0.516875 0.005729 0.005750
0 0.234635 0.515500 0.006771 0.006500
0 0.224219 0.508625 0.005729 0.006750
0 0.211719 0.502750 0.005729 0.006000
0 0.207552 0.502625 0.003646 0.005250
0 0.180208 0.499250 0.005208 0.006000
0 0.175521 0.499375 0.004167 0.005750
0 0.177865 0.472250 0.008854 0.007000
0 0.186458 0.453625 0.009375 0.006750
0 0.130990 0.436500 0.008854 0.007000
0 0.115104 0.438500 0.009375 0.006000
0 0.296875 0.553625 0.014583 0.004750
0 0.375521 0.561625 0.006250 0.007250
0 0.351823 0.557125 0.009896 0.006250
0 0.365885 0.509125 0.014063 0.003750
0 0.340365 0.512750 0.007812 0.005500
0 0.336458 0.512250 0.006250 0.005000
0 0.354167 0.488000 0.008333 0.007000
0 0.376563 0.485000 0.008333 0.006500
0 0.338281 0.480000 0.008854 0.007000
0 0.349479 0.464250 0.007292 0.007000
0 0.374219 0.466500 0.010937 0.006500
0 0.373177 0.456125 0.008854 0.007250
0 0.333333 0.453625 0.009375 0.004750
0 0.327344 0.452375 0.007812 0.006750
0 0.280208 0.434125 0.015625 0.005750
0 0.294792 0.408750 0.010417 0.008000
0 0.366406 0.411375 0.008854 0.007250
0 0.335938 0.386625 0.009375 0.006750
0 0.390885 0.380750 0.009896 0.007500
0 0.398958 0.580250 0.009375 0.006000
0 0.414583 0.576250 0.006250 0.005500
0 0.411198 0.575250 0.007812 0.006000
0 0.420052 0.566500 0.008854 0.006000
0 0.428906 0.564625 0.008854 0.005750
0 0.432292 0.558625 0.007292 0.005750
0 0.425260 0.560750 0.007812 0.005000
0 0.425260 0.555375 0.004687 0.005250
0 0.418229 0.557625 0.008333 0.005750
0 0.451302 0.545125 0.006771 0.006250
0 0.448437 0.543500 0.006250 0.005500
0 0.441927 0.544125 0.009896 0.006250
0 0.448958 0.524875 0.008333 0.006250
0 0.446094 0.519500 0.005729 0.005500
0 0.442188 0.514875 0.006250 0.005250
0 0.439323 0.520125 0.005729 0.005750
0 0.430729 0.521500 0.008333 0.004000
0 0.425521 0.518875 0.008333 0.005750
0 0.460417 0.517250 0.006250 0.005000
0 0.468490 0.519250 0.003646 0.006000
0 0.472917 0.519250 0.005208 0.006000
0 0.458594 0.509375 0.005729 0.006750
0 0.450521 0.511250 0.006250 0.005500
0 0.452865 0.505625 0.005729 0.005750
0 0.491146 0.497500 0.007292 0.005500
0 0.502083 0.495750 0.009375 0.005500
0 0.478385 0.501875 0.003646 0.004250
0 0.474219 0.501750 0.004687 0.006500
0 0.509375 0.507000 0.008333 0.005500
0 0.505208 0.484750 0.009375 0.005500
0 0.526302 0.475500 0.009896 0.004000
0 0.509635 0.480000 0.008854 0.005500
0 0.426042 0.482000 0.007292 0.004000
0 0.428646 0.481125 0.007292 0.004250
0 0.470833 0.472375 0.008333 0.005250
0 0.468229 0.471375 0.006250 0.004750
0 0.506771 0.454000 0.007292 0.006500
0 0.492708 0.435875 0.005208 0.004750
0 0.489583 0.435375 0.006250 0.004750
0 0.598958 0.439125 0.006250 0.005750
0 0.555469 0.592750 0.005729 0.004500
0 0.564583 0.592125 0.010417 0.005250
0 0.606250 0.592000 0.008333 0.003500
0 0.630208 0.586125 0.009375 0.003750
0 0.607031 0.584250 0.008854 0.005000
0 0.576562 0.576375 0.006250 0.005250
0 0.571094 0.575750 0.004687 0.006000
0 0.614583 0.566375 0.006250 0.006750
0 0.631250 0.569875 0.007292 0.006250
0 0.642708 0.568375 0.005208 0.004750
0 0.638802 0.567875 0.003646 0.004750
0 0.643490 0.563625 0.007812 0.003750
0 0.641146 0.562500 0.008333 0.004000
0 0.524740 0.656500 0.009896 0.005500
0 0.526302 0.652125 0.008854 0.002250
0 0.539062 0.651375 0.009375 0.005750
0 0.543490 0.659375 0.009896 0.004250
0 0.543490 0.657250 0.009896 0.004500
0 0.594010 0.662750 0.009896 0.005500
0 0.668229 0.655500 0.013542 0.004500
0 0.654948 0.633500 0.006771 0.004500
0 0.642969 0.631875 0.011979 0.003750
0 0.880990 0.454500 0.006771 0.003000
0 0.870833 0.448625 0.008333 0.003750
0 0.925521 0.447000 0.008333 0.004000
0 0.910156 0.435250 0.007812 0.003500
0 0.915365 0.432250 0.006771 0.003000
0 0.907292 0.430500 0.006250 0.002500
0 0.930729 0.418125 0.006250 0.002750
0 0.899479 0.459875 0.006250 0.002750
0 0.438542 0.571750 0.007292 0.006000
0 0.441927 0.573000 0.004687 0.006000
0 0.404687 0.118750 0.008333 0.004500
