0 0.258854 0.136375 0.012500 0.008250
0 0.264062 0.140500 0.014583 0.009000
0 0.033073 0.282625 0.011979 0.007250
0 0.207812 0.506250 0.009375 0.009500
0 0.220052 0.515250 0.009896 0.008000
0 0.564323 0.695375 0.009896 0.006750
0 0.572135 0.695375 0.006771 0.006250
0 0.527604 0.695875 0.011458 0.005750
0 0.529687 0.693500 0.011458 0.005500
0 0.518750 0.674250 0.013542 0.005500
0 0.568490 0.657875 0.008854 0.006750
0 0.557552 0.653250 0.011979 0.007500
0 0.529948 0.638250 0.018229 0.006500
0 0.563802 0.588000 0.010937 0.007500
0 0.570052 0.584250 0.006771 0.005000
0 0.434375 0.556875 0.012500 0.004250
0 0.436458 0.554625 0.015625 0.004250
0 0.444010 0.519125 0.011979 0.008750
0 0.423698 0.483250 0.008854 0.007500
0 0.433854 0.474375 0.013542 0.009750
0 0.459896 0.439000 0.011458 0.008500
0 0.455729 0.431125 0.010417 0.006750
0 0.426563 0.397125 0.016667 0.007750
0 0.484115 0.272875 0.007812 0.010250
0 0.476823 0.273125 0.005729 0.009750
0 0.595833 0.287875 0.018750 0.007250
0 0.631510 0.347375 0.010937 0.008250
0 0.635677 0.330500 0.009896 0.007000
0 0.639583 0.328875 0.009375 0.007750
0 0.591406 0.403125 0.018229 0.006750
0 0.514062 0.400625 0.018750 0.005250
0 0.572656 0.384875 0.009896 0.007250
0 0.577865 0.383625 0.009896 0.007250
0 0.650781 0.377750 0.011979 0.005500
0 0.663021 0.379125 0.009375 0.007750
0 0.719010 0.403500 0.013021 0.006000
0 0.741406 0.416000 0.010937 0.007500
0 0.619531 0.424750 0.018229 0.005500
0 0.570052 0.432625 0.017188 0.006750
0 0.564063 0.452375 0.010417 0.006750
0 0.568229 0.463375 0.014583 0.006250
0 0.617448 0.465500 0.011979 0.007000
0 0.618750 0.457875 0.015625 0.005750
0 0.599740 0.463750 0.007812 0.005000
0 0.605469 0.468125 0.015104 0.004750
0 0.622656 0.475750 0.013021 0.006000
0 0.663802 0.472625 0.015104 0.005250
0 0.689844 0.470375 0.010937 0.006750
0 0.711719 0.476250 0.015104 0.005500
0 0.730990 0.453375 0.017188 0.004250
0 0.676562 0.437750 0.009375 0.007000
0 0.661979 0.445000 0.011458 0.007000
0 0.653385 0.452625 0.013021 0.006750
0 0.657552 0.459000 0.013021 0.005500
0 0.764323 0.461625 0.008854 0.007250
0 0.769531 0.454875 0.013021 0.004750
0 0.764583 0.477375 0.015625 0.005250
0 0.645052 0.492250 0.009896 0.007000
0 0.662240 0.502875 0.015104 0.007750
0 0.695573 0.498125 0.014063 0.006250
0 0.718750 0.496375 0.014583 0.006250
0 0.695052 0.485500 0.007812 0.005500
0 0.702344 0.485750 0.008854 0.007000
0 0.698438 0.506000 0.014583 0.005500
0 0.714844 0.505625 0.015104 0.004250
0 0.710156 0.510500 0.008854 0.006000
0 0.722135 0.510250 0.007812 0.006000
0 0.719531 0.519625 0.014063 0.006250
0 0.706510 0.524750 0.010937 0.006500
0 0.710677 0.530750 0.009896 0.006500
0 0.678385 0.525125 0.010937 0.005750
0 0.667708 0.519750 0.010417 0.006000
0 0.644010 0.537250 0.016146 0.005000
0 0.687240 0.538500 0.010937 0.006000
0 0.676042 0.554750 0.010417 0.006000
0 0.697396 0.560500 0.012500 0.006000
0 0.720313 0.545125 0.009375 0.006250
0 0.735677 0.541625 0.014063 0.005250
0 0.750521 0.543125 0.011458 0.003750
0 0.753906 0.539750 0.011979 0.006500
0 0.687500 0.575750 0.016667 0.005000
0 0.695052 0.579375 0.005729 0.004250
0 0.701302 0.579625 0.008854 0.003750
0 0.736458 0.590625 0.010417 0.005750
0 0.769531 0.593625 0.013021 0.004750
0 0.779948 0.600500 0.009896 0.006000
0 0.764323 0.603375 0.008854 0.005750
0 0.753646 0.603000 0.006250 0.005000
0 0.747135 0.603250 0.006771 0.006500
0 0.762240 0.618250 0.011979 0.006500
0 0.834896 0.618750 0.013542 0.005500
0 0.821615 0.620000 0.007812 0.006000
0 0.810156 0.622125 0.005729 0.005750
0 0.816667 0.622000 0.007292 0.006000
0 0.847917 0.640875 0.005208 0.005250
0 0.853906 0.640500 0.006771 0.005000
0 0.885417 0.636625 0.009375 0.006750
0 0.842187 0.593625 0.013542 0.004250
0 0.843229 0.587625 0.010417 0.005750
0 0.837500 0.573125 0.010417 0.005750
0 0.858854 0.572500 0.010417 0.005000
0 0.871875 0.571875 0.013542 0.003750
0 0.808854 0.552250 0.009375 0.006500
0 0.813802 0.548750 0.014063 0.003500
0 0.819271 0.536000 0.009375 0.006500
0 0.828906 0.523375 0.013021 0.004750
0 0.805729 0.515000 0.010417 0.005500
0 0.829167 0.499375 0.011458 0.005750
0 0.851823 0.494000 0.013021 0.004500
0 0.805729 0.480125 0.013542 0.004250
0 0.795573 0.479500 0.007812 0.007500
0 0.800260 0.489125 0.007812 0.007250
0 0.793229 0.489000 0.008333 0.006500
0 0.901823 0.535250 0.014063 0.005000
0 0.747917 0.229500 0.010417 0.008500
0 0.727083 0.214750 0.009375 0.009000
0 0.630990 0.168875 0.018229 0.008250
