0 0.746354 0.488750 0.013542 0.005000
0 0.739062 0.519500 0.019792 0.005500
0 0.734115 0.537125 0.008854 0.006750
0 0.742188 0.547250 0.008333 0.006000
0 0.708073 0.557250 0.009896 0.007000
0 0.730208 0.561500 0.015625 0.004500
0 0.710677 0.567625 0.013021 0.005250
0 0.732812 0.574875 0.009375 0.006750
0 0.724740 0.575750 0.006771 0.006000
0 0.734896 0.584000 0.007292 0.005000
0 0.729688 0.581375 0.010417 0.004250
0 0.702083 0.583500 0.010417 0.006500
0 0.721875 0.603625 0.011458 0.005750
0 0.663542 0.605250 0.007292 0.006500
0 0.659635 0.628875 0.008854 0.006250
0 0.663281 0.640250 0.016146 0.007000
0 0.680990 0.646750 0.007812 0.005000
0 0.658854 0.682125 0.012500 0.007250
0 0.634115 0.701250 0.015104 0.007500
0 0.722135 0.635250 0.008854 0.007000
0 0.708073 0.630500 0.008854 0.006000
0 0.723698 0.626875 0.008854 0.006250
0 0.715625 0.626875 0.007292 0.005250
0 0.727083 0.620000 0.008333 0.005500
0 0.730469 0.616000 0.005729 0.005000
0 0.725781 0.615625 0.004687 0.004750
0 0.729167 0.682500 0.011458 0.005000
0 0.581250 0.548375 0.013542 0.003750
0 0.573438 0.539625 0.013542 0.003750
0 0.579948 0.535000 0.007812 0.006500
0 0.572656 0.535375 0.008854 0.005750
0 0.565885 0.523125 0.019271 0.005250
0 0.527604 0.543750 0.012500 0.005500
0 0.531771 0.551250 0.009375 0.006500
0 0.533854 0.557500 0.008333 0.005500
0 0.524219 0.557625 0.013021 0.003250
0 0.518750 0.554375 0.013542 0.004750
0 0.513542 0.563000 0.011458 0.005500
0 0.517448 0.579750 0.010937 0.005000
0 0.435417 0.594000 0.010417 0.007500
0 0.357031 0.588875 0.010937 0.003250
0 0.363021 0.585375 0.010417 0.003750
0 0.331510 0.601000 0.010937 0.007500
0 0.310677 0.595500 0.016146 0.005500
0 0.208333 0.652000 0.014583 0.004000
0 0.265104 0.632375 0.010417 0.003250
0 0.267448 0.629750 0.009896 0.003500
0 0.258854 0.629500 0.010417 0.006000
0 0.302865 0.625625 0.009896 0.004750
0 0.311458 0.625000 0.009375 0.005500
0 0.358594 0.652750 0.011979 0.006000
0 0.449219 0.602625 0.011979 0.005250
0 0.658594 0.534500 0.013021 0.004500
0 0.711719 0.493500 0.013021 0.008500
0 0.612500 0.528375 0.016667 0.009250
0 0.639583 0.465875 0.012500 0.005750
0 0.633594 0.475000 0.013021 0.003000
0 0.622396 0.475375 0.011458 0.002750
0 0.606250 0.468250 0.011458 0.005500
0 0.595052 0.466875 0.015104 0.003250
0 0.588542 0.469750 0.013542 0.003500
0 0.578385 0.467375 0.013021 0.003750
0 0.571354 0.477250 0.011458 0.003500
0 0.512500 0.479875 0.013542 0.003250
0 0.533333 0.470625 0.008333 0.005750
0 0.529687 0.468875 0.009375 0.005750
0 0.521615 0.471250 0.007812 0.006000
0 0.518750 0.467750 0.010417 0.004000
0 0.505208 0.473625 0.013542 0.004250
0 0.486198 0.481875 0.008854 0.003250
0 0.490365 0.480750 0.009896 0.003000
0 0.490104 0.470125 0.010417 0.002750
0 0.489063 0.468625 0.012500 0.003750
0 0.438542 0.477250 0.011458 0.004000
0 0.433854 0.475125 0.012500 0.003250
0 0.390365 0.478625 0.013021 0.005750
0 0.399479 0.486500 0.013542 0.004000
0 0.369531 0.490625 0.017188 0.004750
0 0.367708 0.479500 0.012500 0.003500
0 0.364583 0.476250 0.014583 0.003500
0 0.350000 0.476625 0.012500 0.005750
0 0.348698 0.462000 0.014063 0.006000
0 0.316667 0.472625 0.007292 0.006750
0 0.311719 0.472125 0.005729 0.004750
0 0.158854 0.492000 0.013542 0.003500
0 0.109635 0.490000 0.014063 0.004500
0 0.129948 0.509250 0.008854 0.003500
0 0.133594 0.507625 0.010937 0.003750
0 0.190104 0.513625 0.014583 0.007250
0 0.230208 0.499000 0.011458 0.005000
0 0.266406 0.506375 0.011979 0.006750
0 0.061198 0.484500 0.018229 0.008500
0 0.140885 0.467625 0.017188 0.006750
0 0.637500 0.423875 0.013542 0.005750
0 0.580208 0.391125 0.017708 0.006250
0 0.542448 0.369375 0.014063 0.006750
0 0.477083 0.364000 0.011458 0.006500
0 0.401302 0.338000 0.013021 0.007000
0 0.358594 0.317250 0.011979 0.006500
0 0.354948 0.312000 0.016146 0.004500
0 0.257031 0.269250 0.011979 0.007500
0 0.620573 0.232500 0.015104 0.005000
0 0.605208 0.273875 0.008333 0.003750
0 0.595313 0.286875 0.008333 0.004750
0 0.589583 0.285375 0.011458 0.003750
0 0.663542 0.280000 0.008333 0.006500
0 0.683594 0.270750 0.010937 0.006000
0 0.700521 0.286625 0.012500 0.005250
0 0.699219 0.305625 0.013021 0.005750
0 0.678125 0.322500 0.015625 0.004500
0 0.757031 0.321125 0.010937 0.006250
0 0.755990 0.329500 0.007812 0.005500
0 0.746615 0.326875 0.010937 0.003750
0 0.728125 0.348875 0.011458 0.005750
0 0.727865 0.376625 0.009896 0.005750
0 0.669792 0.346625 0.012500 0.003750
0 0.672135 0.344375 0.010937 0.002750
0 0.696615 0.346625 0.011979 0.005250
0 0.693750 0.336000 0.005208 0.006000
0 0.697396 0.335500 0.007292 0.005000
0 0.723177 0.340125 0.005729 0.005750
0 0.728646 0.341125 0.008333 0.004750
0 0.772917 0.337875 0.010417 0.004250
