0 0.685000 0.958333 0.004000 0.011458
0 0.704000 0.898177 0.004000 0.009896
0 0.651625 0.766406 0.005250 0.006771
0 0.679250 0.761458 0.005000 0.011458
0 0.665500 0.733073 0.005500 0.008854
0 0.683500 0.958854 0.003000 0.010417
0 0.630500 0.657292 0.004000 0.007292
0 0.632500 0.649479 0.003500 0.007292
0 0.660500 0.581771 0.004500 0.007292
0 0.673125 0.572396 0.004750 0.007292
0 0.623500 0.552604 0.004500 0.011458
0 0.566625 0.561719 0.005750 0.011979
0 0.542000 0.723177 0.005500 0.008854
0 0.497750 0.782031 0.005000 0.006771
0 0.498375 0.787500 0.004750 0.006250
0 0.464375 0.852865 0.005750 0.006771
0 0.448625 0.863021 0.003250 0.011458
0 0.467000 0.871094 0.005500 0.005729
0 0.466125 0.875521 0.004750 0.006250
0 0.446625 0.989062 0.004750 0.007292
0 0.323000 0.653125 0.005000 0.007292
0 0.448000 0.571094 0.005000 0.008854
0 0.447750 0.573958 0.004500 0.008333
0 0.463500 0.349479 0.003000 0.007292
0 0.454625 0.346354 0.004250 0.007292
0 0.437000 0.338281 0.005500 0.005729
0 0.426750 0.331771 0.004000 0.006250
0 0.426000 0.324479 0.006500 0.008333
0 0.396875 0.331771 0.004750 0.008333
0 0.377750 0.287760 0.004500 0.006771
0 0.326500 0.262240 0.004500 0.007812
0 0.319750 0.241927 0.004000 0.009896
0 0.289000 0.219792 0.004000 0.007292
0 0.348625 0.004167 0.002750 0.008333
0 0.350875 0.011198 0.003250 0.010937
0 0.352125 0.008854 0.003750 0.009375
0 0.611125 0.219531 0.003250 0.010937
0 0.614250 0.185156 0.004500 0.009896
0 0.613375 0.181771 0.003250 0.006250
0 0.601875 0.083854 0.002750 0.014583
0 0.754250 0.087500 0.006000 0.012500
0 0.725500 0.158594 0.005000 0.013021
0 0.726125 0.161198 0.003750 0.009896
