0 0.264125 0.965885 0.002750 0.014063
0 0.266875 0.964062 0.002750 0.011458
0 0.319500 0.933594 0.002500 0.013021
0 0.318000 0.932812 0.003000 0.011458
0 0.323000 0.911979 0.004500 0.008333
0 0.324750 0.904427 0.004500 0.010937
0 0.321875 0.884635 0.006250 0.018229
0 0.321750 0.884115 0.005500 0.015104
0 0.309000 0.869271 0.005500 0.014583
0 0.310250 0.833333 0.005500 0.010417
0 0.280500 0.764583 0.005500 0.011458
0 0.297875 0.750781 0.006750 0.009896
0 0.305875 0.770312 0.002750 0.009375
0 0.307875 0.769531 0.003750 0.010937
0 0.310500 0.779948 0.007500 0.011979
0 0.308000 0.725521 0.002500 0.011458
0 0.310500 0.726302 0.003000 0.013021
0 0.318750 0.682292 0.003500 0.013542
0 0.318500 0.661979 0.005500 0.012500
0 0.332250 0.614583 0.004500 0.011458
0 0.333250 0.678906 0.003500 0.013021
0 0.330375 0.692187 0.003750 0.011458
0 0.326875 0.718490 0.005250 0.011979
0 0.330750 0.740365 0.005000 0.010937
0 0.327875 0.742708 0.002750 0.008333
0 0.325750 0.741406 0.004000 0.009896
0 0.328750 0.758854 0.004000 0.010417
0 0.325250 0.759896 0.004000 0.011458
0 0.331375 0.766667 0.005250 0.008333
0 0.328375 0.778906 0.006250 0.010937
0 0.331875 0.808854 0.005750 0.011458
0 0.324375 0.809896 0.005250 0.009375
0 0.332250 0.825781 0.004500 0.010937
0 0.323000 0.838802 0.004000 0.010937
0 0.324625 0.839844 0.002250 0.006771
0 0.334500 0.842708 0.004500 0.014583
0 0.322625 0.830729 0.003250 0.007292
0 0.376250 0.666406 0.006500 0.008854
0 0.381875 0.650521 0.005750 0.010417
0 0.410875 0.733594 0.006750 0.009896
0 0.421000 0.752083 0.006000 0.010417
0 0.404625 0.771615 0.005750 0.008854
0 0.453875 0.823437 0.004250 0.009375
0 0.456000 0.818229 0.006000 0.010417
0 0.464375 0.835677 0.006750 0.009896
0 0.458750 0.911458 0.006000 0.008333
0 0.462625 0.919271 0.003750 0.012500
0 0.509750 0.963542 0.006000 0.006250
0 0.509125 0.957292 0.005250 0.007292
0 0.532750 0.966667 0.008000 0.008333
0 0.541250 0.995312 0.006000 0.008333
0 0.558000 0.974219 0.005000 0.013021
0 0.561000 0.967187 0.004000 0.011458
0 0.556875 0.963542 0.004750 0.011458
0 0.545125 0.962500 0.004750 0.013542
0 0.539750 0.934375 0.005500 0.011458
0 0.523500 0.909896 0.005000 0.014583
0 0.523500 0.888542 0.004000 0.013542
0 0.550750 0.885677 0.004500 0.014063
0 0.564000 0.887240 0.005000 0.015104
0 0.492000 0.863021 0.005500 0.015625
0 0.497500 0.839844 0.004000 0.011979
0 0.490625 0.848958 0.005250 0.009375
0 0.483125 0.848437 0.004750 0.012500
0 0.488625 0.776563 0.006750 0.011458
0 0.466750 0.778646 0.005000 0.010417
0 0.460000 0.782552 0.005000 0.011979
0 0.461125 0.795312 0.005250 0.012500
0 0.457250 0.762240 0.006500 0.010937
0 0.447500 0.770573 0.004500 0.009896
0 0.442125 0.762760 0.003750 0.011979
0 0.445000 0.761198 0.006000 0.010937
0 0.439000 0.763021 0.004500 0.012500
0 0.437750 0.748698 0.006000 0.011979
0 0.424250 0.726302 0.005500 0.008854
0 0.415875 0.704948 0.003250 0.013021
0 0.412500 0.706771 0.004000 0.011458
0 0.404625 0.688281 0.006250 0.007812
0 0.399500 0.684635 0.005000 0.010937
0 0.407000 0.548177 0.003000 0.010937
0 0.411250 0.547396 0.005500 0.008333
0 0.412500 0.540104 0.006000 0.008333
0 0.426250 0.549479 0.006500 0.008333
0 0.419125 0.575260 0.004250 0.013021
0 0.439750 0.551042 0.006000 0.009375
0 0.446375 0.572917 0.004250 0.011458
0 0.450250 0.569531 0.003000 0.008854
0 0.454125 0.581510 0.004750 0.011979
0 0.448625 0.588281 0.003750 0.007812
0 0.475375 0.591667 0.005250 0.007292
0 0.474750 0.588021 0.005500 0.005208
0 0.470125 0.576823 0.003250 0.007812
0 0.470875 0.574479 0.003750 0.008333
0 0.475000 0.573438 0.006000 0.007292
0 0.491500 0.589323 0.006500 0.007812
0 0.475750 0.596615 0.003500 0.008854
0 0.494875 0.658073 0.003250 0.010937
0 0.571375 0.591406 0.005750 0.009896
0 0.577125 0.642969 0.005250 0.013021
0 0.618375 0.610938 0.006250 0.010417
0 0.612375 0.683594 0.006750 0.013021
0 0.582125 0.615885 0.004750 0.013021
0 0.682500 0.609115 0.006500 0.011979
0 0.703125 0.628906 0.007250 0.008854
0 0.700125 0.635417 0.004750 0.009375
0 0.736500 0.642448 0.006000 0.009896
0 0.740500 0.651302 0.005500 0.007812
0 0.742625 0.655469 0.004750 0.006771
0 0.752750 0.653906 0.004000 0.013021
0 0.816750 0.675521 0.006000 0.008333
0 0.724625 0.557292 0.005250 0.008333
0 0.713125 0.535417 0.004250 0.008333
0 0.554875 0.571615 0.006250 0.008854
0 0.520875 0.505729 0.005750 0.010417
0 0.514000 0.557813 0.005500 0.010417
0 0.478500 0.541146 0.004000 0.010417
0 0.462500 0.554948 0.005500 0.007812
0 0.460250 0.557031 0.004500 0.006771
0 0.393375 0.458073 0.004750 0.010937
0 0.405375 0.437760 0.005250 0.010937
0 0.400625 0.444531 0.003750 0.006771
0 0.402500 0.434115 0.006000 0.009896
0 0.431375 0.362760 0.004750 0.014063
0 0.487875 0.305469 0.003250 0.011979
0 0.489250 0.297135 0.005500 0.006771
0 0.455625 0.236198 0.004750 0.010937
0 0.493750 0.227604 0.007000 0.008333
0 0.494500 0.239844 0.006500 0.010937
0 0.509625 0.279687 0.006750 0.009375
0 0.555625 0.240885 0.002750 0.010937
0 0.567750 0.231250 0.002000 0.009375
0 0.566625 0.230208 0.002750 0.011458
0 0.564375 0.229687 0.002250 0.011458
0 0.624625 0.243750 0.006250 0.009375
0 0.628375 0.233333 0.003750 0.011458
0 0.618500 0.234896 0.006000 0.011458
0 0.616750 0.194010 0.006500 0.009896
0 0.606750 0.176563 0.004500 0.010417
0 0.604500 0.188802 0.004500 0.008854
0 0.603250 0.186198 0.005500 0.009896
0 0.599000 0.170052 0.006000 0.006771
0 0.596625 0.166146 0.004750 0.008333
0 0.588500 0.179688 0.005000 0.008333
0 0.625125 0.159375 0.003750 0.014583
0 0.630875 0.171354 0.004750 0.011458
0 0.687125 0.019792 0.006750 0.011458
0 0.669250 0.019010 0.004000 0.008854
0 0.661750 0.078385 0.007500 0.011979
0 0.624750 0.074219 0.006000 0.009896
0 0.621625 0.065625 0.006250 0.009375
0 0.556125 0.225521 0.007250 0.010417
0 0.540000 0.243490 0.005500 0.010937
0 0.348000 0.319271 0.005500 0.013542
0 0.346250 0.290365 0.006000 0.008854
0 0.347250 0.257812 0.005000 0.008333
0 0.344750 0.253385 0.004000 0.011979
0 0.345125 0.239583 0.005750 0.014583
0 0.353625 0.243750 0.004250 0.012500
0 0.357500 0.257031 0.003500 0.013021
0 0.369875 0.161198 0.004750 0.015104
0 0.335500 0.209115 0.003000 0.007812
0 0.334000 0.207812 0.003500 0.010417
0 0.333000 0.205469 0.003500 0.011979
0 0.358000 0.140885 0.003500 0.010937
0 0.356250 0.140365 0.002500 0.009896
0 0.358625 0.126042 0.004750 0.010417
0 0.357000 0.119531 0.004000 0.009896
0 0.355500 0.116927 0.004000 0.008854
0 0.359750 0.108594 0.004500 0.009896
0 0.343875 0.099219 0.005250 0.013021
0 0.351250 0.132031 0.003500 0.011979
0 0.349750 0.129688 0.004000 0.011458
0 0.368000 0.048958 0.003500 0.015625
0 0.360750 0.049219 0.005000 0.013021
0 0.347375 0.040885 0.003250 0.015104
0 0.344375 0.037760 0.004250 0.010937
0 0.351625 0.045052 0.002750 0.009896
0 0.350000 0.043750 0.003500 0.011458
0 0.368500 0.020573 0.004500 0.010937
0 0.363750 0.021875 0.004000 0.012500
0 0.359375 0.011719 0.005250 0.010937
