0 0.173177 0.546375 0.008854 0.007250
0 0.132292 0.549625 0.006250 0.007250
0 0.140104 0.547125 0.005208 0.005750
0 0.146094 0.545625 0.005729 0.006250
0 0.146094 0.554500 0.008854 0.006500
0 0.138021 0.554625 0.010417 0.005750
0 0.177865 0.575000 0.010937 0.007000
0 0.155208 0.595750 0.010417 0.005500
0 0.120052 0.635250 0.010937 0.007500
0 0.117188 0.654750 0.009375 0.007500
0 0.140885 0.662000 0.005729 0.007500
0 0.146615 0.662375 0.004687 0.005750
0 0.074740 0.689125 0.009896 0.007750
0 0.100000 0.676750 0.005208 0.008500
0 0.105729 0.676750 0.005208 0.006500
0 0.089063 0.679625 0.011458 0.006250
0 0.140625 0.690625 0.011458 0.004750
0 0.222135 0.731375 0.007812 0.008250
0 0.101042 0.741750 0.009375 0.009000
0 0.129948 0.753750 0.017188 0.007000
0 0.183333 0.779875 0.013542 0.006250
0 0.159896 0.810500 0.012500 0.008000
0 0.025781 0.807750 0.016146 0.004500
0 0.264323 0.573875 0.017188 0.004750
0 0.288281 0.574500 0.011979 0.006500
0 0.251823 0.565125 0.011979 0.003750
0 0.252604 0.563000 0.014583 0.003500
0 0.379948 0.635750 0.011979 0.005500
0 0.390885 0.645625 0.009896 0.005750
0 0.547656 0.709750 0.009896 0.008000
0 0.878125 0.664375 0.011458 0.005250
0 0.901823 0.657500 0.010937 0.007000
0 0.861198 0.655250 0.014063 0.005500
0 0.858594 0.626125 0.013021 0.004750
0 0.510156 0.633500 0.017188 0.004500
0 0.532552 0.628750 0.014063 0.006500
0 0.442708 0.574375 0.008333 0.006250
0 0.430469 0.572375 0.009896 0.005250
0 0.457552 0.563625 0.017188 0.005250
0 0.508073 0.547250 0.016146 0.006000
0 0.433333 0.552625 0.016667 0.007250
0 0.373177 0.548875 0.008854 0.005750
0 0.385677 0.546250 0.011979 0.006500
0 0.418490 0.533250 0.014063 0.004000
0 0.401302 0.533625 0.010937 0.005250
0 0.409115 0.531500 0.013021 0.003000
0 0.370052 0.528500 0.010937 0.005500
0 0.361458 0.529625 0.011458 0.005750
0 0.361979 0.525000 0.007292 0.006000
0 0.347135 0.524625 0.015104 0.004750
0 0.333073 0.533625 0.008854 0.005750
0 0.252083 0.507375 0.014583 0.004250
0 0.282031 0.504625 0.013021 0.005250
0 0.287240 0.503125 0.008854 0.004250
0 0.229687 0.487750 0.012500 0.006500
0 0.648438 0.506375 0.010417 0.005250
0 0.682292 0.507875 0.011458 0.005250
0 0.458073 0.420875 0.014063 0.003750
0 0.515104 0.449500 0.013542 0.005000
0 0.482552 0.430500 0.014063 0.005000
0 0.578125 0.442000 0.009375 0.004500
0 0.572135 0.439250 0.007812 0.007000
0 0.597656 0.425375 0.011979 0.002250
0 0.595573 0.422875 0.011979 0.003250
0 0.553906 0.417375 0.017188 0.004250
0 0.562240 0.414125 0.011979 0.003250
0 0.590365 0.410750 0.011979 0.005500
0 0.612500 0.407000 0.012500 0.006000
0 0.638802 0.404000 0.014063 0.005500
0 0.645312 0.415000 0.013542 0.004500
0 0.629687 0.415000 0.010417 0.003000
0 0.630990 0.417500 0.011979 0.003500
0 0.667188 0.415125 0.014583 0.005250
0 0.704688 0.436875 0.009375 0.003250
0 0.723698 0.438000 0.010937 0.004000
0 0.721875 0.434625 0.010417 0.004750
0 0.743750 0.407125 0.008333 0.007250
0 0.346615 0.392625 0.010937 0.006750
0 0.509115 0.412500 0.011979 0.003500
0 0.510938 0.409375 0.014583 0.003250
0 0.510417 0.406750 0.012500 0.003000
0 0.600260 0.401125 0.014063 0.003750
0 0.589063 0.397875 0.011458 0.003250
0 0.588281 0.395250 0.013021 0.004000
0 0.630469 0.394000 0.015104 0.004000
0 0.654687 0.376125 0.013542 0.004750
0 0.626823 0.389000 0.011979 0.002500
0 0.626823 0.391000 0.011979 0.002500
0 0.598177 0.391500 0.014063 0.004500
0 0.702344 0.385750 0.008854 0.005000
0 0.697396 0.376125 0.008333 0.006250
0 0.699740 0.370875 0.008854 0.003250
0 0.697917 0.368875 0.009375 0.003750
0 0.646354 0.337500 0.009375 0.003500
0 0.686979 0.338625 0.010417 0.003250
0 0.202865 0.096250 0.007812 0.005500
0 0.493750 0.133375 0.010417 0.005250
0 0.485156 0.164000 0.007812 0.005000
0 0.489063 0.168125 0.008333 0.004250
0 0.945312 0.061875 0.010417 0.007250
0 0.355469 0.794875 0.009896 0.006250
0 0.888281 0.199500 0.010937 0.004000
