0 0.563375 0.507031 0.004750 0.007812
0 0.564125 0.565365 0.003750 0.014063
0 0.570875 0.539323 0.003250 0.011979
0 0.573125 0.519531 0.005250 0.011979
0 0.589875 0.462760 0.003750 0.010937
0 0.594625 0.388542 0.004250 0.010417
0 0.593250 0.312240 0.005500 0.007812
0 0.596625 0.318229 0.003250 0.011458
0 0.624875 0.325260 0.006750 0.009896
0 0.629375 0.297396 0.004250 0.012500
0 0.677250 0.560937 0.005000 0.009375
0 0.690125 0.561458 0.006750 0.009375
0 0.657375 0.651302 0.003250 0.010937
0 0.675625 0.638281 0.002750 0.011979
0 0.667750 0.639323 0.004500 0.007812
0 0.671375 0.628385 0.004250 0.010937
0 0.730625 0.602865 0.005750 0.007812
0 0.763250 0.574740 0.006000 0.011979
0 0.767750 0.534896 0.005500 0.007292
0 0.758125 0.524479 0.005750 0.010417
0 0.728625 0.494010 0.005750 0.006771
0 0.801750 0.520312 0.005500 0.009375
0 0.426125 0.757552 0.003750 0.011979
0 0.439750 0.754687 0.004500 0.011458
0 0.464500 0.741667 0.007000 0.007292
0 0.466750 0.746615 0.005000 0.008854
0 0.291250 0.721875 0.004000 0.011458
0 0.293375 0.730469 0.007250 0.007812
0 0.327250 0.664844 0.007000 0.013021
0 0.393625 0.462760 0.007750 0.010937
0 0.422875 0.546615 0.004750 0.013021
0 0.417500 0.558333 0.007500 0.009375
0 0.412500 0.606771 0.004500 0.013542
0 0.368625 0.443750 0.004250 0.014583
0 0.356375 0.446354 0.006250 0.015625
0 0.333750 0.414844 0.007000 0.008854
0 0.324875 0.359635 0.006750 0.011979
0 0.315500 0.438802 0.004000 0.013021
0 0.313875 0.462500 0.004250 0.013542
0 0.315375 0.486979 0.006250 0.011458
0 0.326250 0.487760 0.006000 0.011979
0 0.298500 0.480469 0.006500 0.009896
0 0.275750 0.443229 0.004000 0.015625
0 0.255500 0.422656 0.004500 0.010937
0 0.264125 0.397135 0.005250 0.009896
0 0.273750 0.393229 0.009000 0.012500
0 0.284750 0.335156 0.007000 0.010937
0 0.317625 0.328646 0.006250 0.012500
0 0.252500 0.325781 0.005000 0.013021
0 0.225250 0.376042 0.005500 0.011458
0 0.234250 0.378385 0.008500 0.014063
0 0.202875 0.267188 0.006750 0.016667
0 0.226250 0.187240 0.006500 0.008854
0 0.245125 0.215625 0.007750 0.015625
0 0.244000 0.258333 0.008000 0.017708
0 0.253875 0.281250 0.005250 0.015625
0 0.243500 0.303385 0.006500 0.014063
0 0.215500 0.215365 0.004000 0.017188
0 0.218500 0.213542 0.004500 0.014583
0 0.294250 0.271615 0.008500 0.011979
0 0.311375 0.296354 0.006750 0.013542
0 0.336250 0.446354 0.003500 0.014583
0 0.489000 0.455469 0.006000 0.011979
0 0.476000 0.429948 0.008500 0.010937
0 0.464375 0.412240 0.005750 0.011979
0 0.453625 0.381771 0.005750 0.012500
0 0.472625 0.344271 0.005250 0.014583
0 0.456875 0.291146 0.006750 0.011458
0 0.450125 0.275781 0.005250 0.014063
0 0.494875 0.293750 0.005250 0.010417
0 0.485250 0.310937 0.009000 0.011458
0 0.485875 0.250781 0.003250 0.015104
0 0.479250 0.253385 0.003500 0.010937
0 0.475250 0.249219 0.005000 0.010937
0 0.448250 0.210938 0.004000 0.012500
0 0.452750 0.218490 0.006000 0.014063
0 0.499875 0.219531 0.005750 0.009896
0 0.490875 0.208594 0.003750 0.010937
0 0.490125 0.151302 0.004750 0.011979
0 0.432000 0.098437 0.007000 0.014583
0 0.446500 0.059635 0.008000 0.010937
0 0.469750 0.137500 0.006000 0.008333
0 0.470375 0.144271 0.005750 0.006250
0 0.473625 0.150521 0.004750 0.010417
0 0.411000 0.122135 0.007500 0.015104
0 0.408750 0.066146 0.004000 0.015625
0 0.417500 0.057292 0.008500 0.011458
0 0.413750 0.069271 0.004500 0.015625
0 0.417500 0.068490 0.004000 0.015104
0 0.428750 0.022396 0.006000 0.013542
0 0.447125 0.010677 0.005750 0.008854
0 0.447500 0.017708 0.005500 0.007292
0 0.485625 0.488542 0.003250 0.015625
0 0.493000 0.490104 0.006000 0.008333
0 0.488750 0.490104 0.004000 0.012500
0 0.520375 0.673438 0.005250 0.014583
0 0.614250 0.208854 0.006500 0.010417
0 0.627750 0.202865 0.005500 0.016146
0 0.621875 0.183594 0.005250 0.013021
0 0.665750 0.116146 0.006000 0.011458
0 0.672750 0.025781 0.007000 0.011979
0 0.668875 0.063021 0.004750 0.012500
0 0.707125 0.064583 0.004250 0.016667
0 0.726125 0.014323 0.004750 0.015104
0 0.589875 0.500521 0.004250 0.008333
0 0.585250 0.511719 0.002500 0.009896
0 0.594250 0.709375 0.003500 0.007292
0 0.583875 0.666146 0.003750 0.007292
0 0.779625 0.914583 0.006750 0.009375
