0 0.130469 0.391375 0.035937 0.009250
0 0.142187 0.402375 0.014583 0.009750
0 0.133854 0.414125 0.020833 0.010250
0 0.144010 0.434500 0.018229 0.011000
0 0.127604 0.447000 0.028125 0.012000
0 0.125260 0.459625 0.017188 0.008750
0 0.057552 0.435375 0.030729 0.011250
0 0.187240 0.466625 0.033854 0.017250
0 0.190625 0.466375 0.025000 0.014750
0 0.159115 0.485625 0.032813 0.020750
0 0.158073 0.484875 0.030729 0.016750
0 0.192188 0.493000 0.021875 0.013500
0 0.226823 0.499500 0.018229 0.011500
0 0.233333 0.510625 0.025000 0.010750
0 0.234635 0.517375 0.016146 0.008250
0 0.299740 0.527250 0.019271 0.013500
0 0.246094 0.536750 0.020313 0.012000
0 0.229948 0.541125 0.018229 0.015250
0 0.215365 0.545500 0.022396 0.012000
0 0.269792 0.552500 0.022917 0.014000
0 0.366927 0.576375 0.020313 0.010750
0 0.373958 0.564875 0.011458 0.008750
0 0.406250 0.574250 0.026042 0.012000
0 0.301563 0.584000 0.025000 0.011000
0 0.257292 0.591375 0.017708 0.008250
0 0.452344 0.552125 0.019271 0.010250
0 0.480208 0.549750 0.015625 0.011000
0 0.554427 0.562750 0.021354 0.012000
0 0.384115 0.501625 0.022396 0.011250
0 0.348438 0.472500 0.026042 0.012000
0 0.346615 0.474500 0.022396 0.011500
0 0.341146 0.462500 0.029167 0.010500
0 0.351823 0.448625 0.017188 0.009750
0 0.298698 0.436500 0.034896 0.012500
0 0.303646 0.424000 0.015625 0.011000
0 0.298438 0.461625 0.026042 0.008750
0 0.514844 0.495125 0.021354 0.009250
0 0.540885 0.485375 0.023438 0.016750
0 0.610417 0.432875 0.022917 0.010750
0 0.610938 0.440000 0.023958 0.011000
0 0.629948 0.422250 0.020313 0.013500
0 0.617969 0.404375 0.019271 0.009250
0 0.562500 0.399500 0.023958 0.010500
0 0.564063 0.412250 0.022917 0.007500
0 0.587760 0.371250 0.020313 0.011500
0 0.669792 0.392125 0.026042 0.014250
0 0.666667 0.390500 0.026042 0.012000
0 0.647135 0.357375 0.019271 0.014250
0 0.645833 0.358250 0.025000 0.013500
0 0.696615 0.344875 0.020313 0.009750
0 0.716406 0.358125 0.019271 0.010250
0 0.753125 0.337000 0.015625 0.012500
0 0.742448 0.324000 0.021354 0.011500
0 0.771875 0.323500 0.016667 0.012500
0 0.721615 0.305375 0.018229 0.009250
0 0.651302 0.313375 0.027604 0.007750
0 0.711458 0.233750 0.027083 0.011500
0 0.804167 0.231000 0.022917 0.010500
0 0.812240 0.248625 0.018229 0.008750
0 0.847656 0.269125 0.019271 0.009250
0 0.847656 0.276875 0.019271 0.010750
0 0.770052 0.285875 0.020313 0.010250
0 0.878906 0.158375 0.020313 0.009750
0 0.795573 0.150250 0.021354 0.011000
0 0.727604 0.102500 0.023958 0.011000
0 0.990625 0.460750 0.017708 0.011000
0 0.984115 0.495875 0.029687 0.008750
0 0.973958 0.503000 0.025000 0.011000
0 0.902083 0.502750 0.026042 0.012500
0 0.862240 0.489500 0.032813 0.013000
0 0.851042 0.493500 0.028125 0.008000
0 0.812240 0.464125 0.018229 0.010250
0 0.776042 0.504625 0.025000 0.009750
0 0.750781 0.514125 0.020313 0.009250
0 0.746875 0.510875 0.026042 0.011250
0 0.694271 0.520375 0.027083 0.009750
0 0.810937 0.516500 0.034375 0.013000
0 0.810937 0.517500 0.031250 0.012500
0 0.833594 0.529125 0.024479 0.009750
0 0.849479 0.521000 0.015625 0.011000
0 0.849479 0.506500 0.022917 0.011500
0 0.873698 0.510875 0.017188 0.013750
0 0.900521 0.524000 0.015625 0.011500
0 0.883854 0.536250 0.014583 0.012000
0 0.945833 0.535000 0.013542 0.013000
0 0.989323 0.575375 0.019271 0.015250
0 0.982812 0.604250 0.033333 0.020000
0 0.983073 0.603250 0.029687 0.014500
0 0.894010 0.614125 0.019271 0.009250
0 0.876563 0.604375 0.015625 0.014750
0 0.873177 0.602125 0.022396 0.014750
0 0.846354 0.592375 0.026042 0.011250
0 0.904427 0.592125 0.023438 0.010750
0 0.921875 0.640500 0.025000 0.011000
0 0.950781 0.635000 0.017188 0.012000
0 0.960938 0.647250 0.028125 0.012500
0 0.963021 0.647375 0.026042 0.009250
0 0.978906 0.668125 0.019271 0.009750
0 0.924740 0.653500 0.023438 0.012000
0 0.840885 0.661375 0.023438 0.008250
0 0.803125 0.655750 0.015625 0.007500
0 0.797396 0.630250 0.015625 0.013000
0 0.820573 0.634875 0.023438 0.015750
0 0.819792 0.636000 0.025000 0.012500
0 0.860677 0.623625 0.022396 0.009750
0 0.833594 0.611750 0.027604 0.014000
0 0.785417 0.612875 0.021875 0.009750
0 0.742448 0.621500 0.017188 0.006500
0 0.700000 0.602375 0.020833 0.008750
0 0.747135 0.607125 0.032813 0.016750
0 0.746615 0.606000 0.031771 0.010500
0 0.587760 0.604375 0.022396 0.008250
0 0.565885 0.615750 0.030729 0.012500
0 0.561979 0.615500 0.027083 0.007500
0 0.601823 0.657375 0.019271 0.007750
0 0.607812 0.665750 0.014583 0.010500
0 0.670573 0.697875 0.016146 0.008250
0 0.736198 0.677500 0.024479 0.011000
