0 0.777083 0.062125 0.014583 0.006250
0 0.798438 0.078375 0.012500 0.006750
0 0.807292 0.086000 0.013542 0.006500
0 0.789583 0.111875 0.013542 0.006250
0 0.802083 0.110500 0.013542 0.007500
0 0.686458 0.148875 0.010417 0.006250
0 0.674740 0.151250 0.013021 0.007500
0 0.758073 0.173125 0.011979 0.005750
0 0.756771 0.178250 0.013542 0.005500
0 0.708073 0.165875 0.019271 0.008750
0 0.696615 0.199125 0.019271 0.007250
0 0.747396 0.196875 0.014583 0.007250
0 0.681771 0.208875 0.010417 0.007250
0 0.673177 0.195375 0.014063 0.005250
0 0.680208 0.176500 0.015625 0.005500
0 0.711979 0.205250 0.014583 0.005500
0 0.726562 0.227875 0.013542 0.006750
0 0.753385 0.242375 0.015104 0.006250
0 0.703646 0.247875 0.019792 0.007250
0 0.645833 0.265375 0.012500 0.008250
0 0.660417 0.263125 0.010417 0.006250
0 0.684375 0.268000 0.014583 0.007000
0 0.660156 0.279500 0.015104 0.010000
0 0.686458 0.282125 0.010417 0.006750
0 0.696615 0.285500 0.013021 0.007500
0 0.786198 0.290875 0.011979 0.007250
0 0.680729 0.302875 0.012500 0.007750
0 0.660417 0.296750 0.014583 0.006500
0 0.655469 0.316875 0.017188 0.005750
0 0.682552 0.314500 0.015104 0.008000
0 0.711458 0.316750 0.012500 0.009000
0 0.688802 0.330125 0.015104 0.008250
0 0.677344 0.355250 0.015104 0.007500
0 0.650000 0.354125 0.013542 0.006250
0 0.697396 0.368625 0.015625 0.006250
0 0.650000 0.365375 0.015625 0.005750
0 0.728646 0.375625 0.011458 0.005250
0 0.675781 0.384625 0.010937 0.007250
0 0.642448 0.373500 0.017188 0.008000
0 0.683854 0.379125 0.011458 0.004250
0 0.717708 0.385000 0.013542 0.004500
0 0.709375 0.385625 0.012500 0.007750
0 0.711458 0.377250 0.012500 0.005500
0 0.689063 0.382625 0.010417 0.004750
0 0.692448 0.380000 0.008854 0.005000
0 0.651823 0.430250 0.008854 0.004500
0 0.630208 0.404500 0.011458 0.004500
0 0.593750 0.403500 0.009375 0.004500
0 0.460677 0.359125 0.010937 0.005750
0 0.456250 0.349375 0.011458 0.003250
0 0.464844 0.348250 0.007812 0.003500
0 0.402344 0.332125 0.011979 0.004250
0 0.398958 0.318125 0.008333 0.003750
0 0.400260 0.294750 0.010937 0.004500
0 0.345573 0.305125 0.011979 0.003750
0 0.289583 0.300875 0.009375 0.005250
0 0.286198 0.289750 0.010937 0.004500
0 0.311719 0.286000 0.010937 0.005500
0 0.307552 0.261375 0.011979 0.003750
0 0.203906 0.286500 0.009896 0.004000
0 0.207031 0.271750 0.010937 0.003500
0 0.209115 0.262500 0.009896 0.005500
0 0.174479 0.276500 0.012500 0.003500
0 0.162760 0.281500 0.009896 0.005500
0 0.181510 0.254125 0.009896 0.003250
0 0.188021 0.250000 0.008333 0.005000
0 0.076302 0.243125 0.010937 0.004750
0 0.144531 0.198250 0.010937 0.005000
0 0.219792 0.181000 0.010417 0.004500
0 0.021875 0.131625 0.008333 0.003750
0 0.320573 0.312500 0.013021 0.007000
0 0.572135 0.422750 0.011979 0.003000
0 0.607552 0.434375 0.007812 0.004750
0 0.602865 0.435625 0.007812 0.003750
0 0.429167 0.415500 0.006250 0.006000
0 0.452344 0.401375 0.013021 0.004750
0 0.388021 0.404000 0.009375 0.004000
0 0.368490 0.399500 0.010937 0.005000
0 0.374479 0.392625 0.013542 0.004750
0 0.365625 0.385375 0.013542 0.004750
0 0.342448 0.388500 0.009896 0.003000
0 0.330469 0.385000 0.011979 0.004500
0 0.158594 0.359000 0.007812 0.005000
0 0.167448 0.359750 0.009896 0.005000
0 0.232031 0.351625 0.007812 0.004750
0 0.121094 0.351000 0.010937 0.004500
0 0.119010 0.355750 0.010937 0.005000
0 0.017188 0.349125 0.010417 0.003750
0 0.030208 0.347625 0.008333 0.003250
0 0.043750 0.345625 0.008333 0.004250
0 0.046875 0.344000 0.008333 0.004500
0 0.052083 0.341375 0.006250 0.004750
0 0.056771 0.341000 0.009375 0.003500
0 0.055729 0.298875 0.010417 0.004750
0 0.010156 0.398625 0.007812 0.002750
0 0.003906 0.414125 0.007812 0.002750
0 0.032292 0.427125 0.006250 0.004250
0 0.011719 0.422750 0.006771 0.003000
0 0.086979 0.444875 0.007292 0.004750
0 0.098698 0.440125 0.008854 0.003750
0 0.126562 0.442125 0.011458 0.003250
0 0.095833 0.432250 0.005208 0.004000
0 0.134375 0.427500 0.006250 0.004500
0 0.150521 0.427875 0.006250 0.003750
0 0.180208 0.432750 0.010417 0.004500
0 0.198437 0.453250 0.011458 0.004000
0 0.233594 0.451250 0.010937 0.005000
0 0.253385 0.454000 0.009896 0.004500
0 0.266927 0.450500 0.013021 0.004000
0 0.243229 0.445500 0.012500 0.004000
0 0.246354 0.448500 0.010417 0.004000
0 0.316667 0.455625 0.010417 0.003750
0 0.293229 0.471375 0.010417 0.004750
0 0.284375 0.470625 0.009375 0.004750
0 0.221354 0.467250 0.009375 0.005000
0 0.204167 0.479625 0.007292 0.003750
0 0.198958 0.484000 0.007292 0.003500
0 0.118229 0.478250 0.008333 0.004000
0 0.123177 0.470000 0.008854 0.004000
0 0.070052 0.463375 0.007812 0.005250
0 0.069531 0.459000 0.009896 0.004500
0 0.413281 0.476125 0.010937 0.004750
0 0.480729 0.471625 0.010417 0.004250
0 0.491667 0.470375 0.009375 0.005250
0 0.502604 0.468625 0.010417 0.004250
0 0.552083 0.465375 0.011458 0.004250
0 0.583073 0.452500 0.007812 0.004500
0 0.591146 0.447375 0.010417 0.005250
0 0.610677 0.458375 0.010937 0.004250
0 0.433073 0.545875 0.008854 0.005250
0 0.292969 0.562000 0.009896 0.003500
0 0.395052 0.549625 0.008854 0.003750
0 0.192969 0.576625 0.007812 0.003250
0 0.231771 0.586625 0.011458 0.003250
0 0.171354 0.589875 0.011458 0.003750
0 0.138542 0.588000 0.010417 0.003500
0 0.235677 0.629375 0.009896 0.003250
0 0.158854 0.618625 0.010417 0.003750
0 0.195573 0.628750 0.008854 0.005500
0 0.149219 0.624125 0.010937 0.005750
0 0.127865 0.626875 0.008854 0.004250
0 0.082292 0.637250 0.010417 0.004500
0 0.070312 0.642750 0.008333 0.005500
0 0.085938 0.646875 0.009375 0.004750
0 0.110156 0.669375 0.009896 0.004750
0 0.055469 0.626000 0.006771 0.005000
0 0.043750 0.628625 0.008333 0.003750
0 0.007552 0.684625 0.007812 0.004750
0 0.510156 0.623125 0.008854 0.005750
0 0.396094 0.670750 0.011979 0.006000
0 0.401562 0.676625 0.010417 0.003250
0 0.421094 0.678000 0.009896 0.004500
0 0.435156 0.690375 0.008854 0.004250
0 0.211979 0.760250 0.008333 0.004500
0 0.820052 0.874875 0.010937 0.005250
0 0.914323 0.754000 0.008854 0.006000
0 0.881250 0.693500 0.009375 0.005500
0 0.819531 0.670250 0.008854 0.003500
0 0.848958 0.655875 0.007292 0.005250
0 0.905990 0.667875 0.010937 0.003250
0 0.903125 0.670750 0.008333 0.004500
0 0.831510 0.637875 0.010937 0.004750
0 0.842448 0.620000 0.007812 0.004500
0 0.810417 0.587250 0.009375 0.004500
0 0.806771 0.593250 0.012500 0.005500
0 0.779167 0.594875 0.009375 0.004750
0 0.800521 0.606500 0.010417 0.004000
0 0.786198 0.606000 0.009896 0.003000
0 0.782813 0.609625 0.007292 0.004750
0 0.789323 0.610250 0.008854 0.003000
0 0.789583 0.575375 0.013542 0.004750
0 0.753385 0.564750 0.011979 0.005000
0 0.784375 0.531000 0.009375 0.004500
0 0.762760 0.541625 0.009896 0.002750
0 0.757292 0.543625 0.005208 0.004750
0 0.767448 0.554875 0.005729 0.005250
0 0.772396 0.559000 0.006250 0.004500
0 0.753646 0.559375 0.007292 0.004250
0 0.711458 0.509125 0.011458 0.006250
0 0.723177 0.526250 0.009896 0.002500
0 0.725000 0.528375 0.009375 0.002250
0 0.696094 0.487375 0.011979 0.006250
0 0.789844 0.514500 0.008854 0.004500
0 0.774479 0.502875 0.007292 0.003250
0 0.752083 0.491625 0.009375 0.004750
0 0.710417 0.487875 0.012500 0.005750
0 0.580729 0.965625 0.009375 0.005250
0 0.680729 0.934375 0.009375 0.006250
0 0.856771 0.642000 0.006250 0.006000
0 0.959896 0.596250 0.008333 0.004500
0 0.203125 0.037500 0.007292 0.004500
0 0.737500 0.076250 0.008333 0.005500
0 0.690365 0.109500 0.006771 0.004500
