0 0.611125 0.635938 0.005750 0.011458
0 0.668125 0.589844 0.004750 0.010937
0 0.698125 0.531510 0.004750 0.006771
0 0.539625 0.683073 0.003750 0.008854
0 0.532500 0.667448 0.005000 0.009896
0 0.531500 0.619010 0.005500 0.010937
0 0.494250 0.622656 0.003500 0.009896
0 0.496375 0.549740 0.003250 0.010937
0 0.555000 0.530729 0.004500 0.011458
0 0.552750 0.502083 0.003500 0.012500
0 0.554750 0.482292 0.004000 0.008333
0 0.569750 0.489844 0.006000 0.011979
0 0.578250 0.348958 0.006500 0.009375
0 0.578125 0.302083 0.003750 0.008333
0 0.600625 0.310417 0.006250 0.007292
0 0.628875 0.291667 0.005250 0.010417
0 0.629000 0.277083 0.005500 0.012500
0 0.599125 0.237240 0.006750 0.006771
0 0.611000 0.149740 0.004500 0.011979
0 0.655500 0.146354 0.004500 0.011458
0 0.650125 0.203906 0.006750 0.009896
0 0.688250 0.207552 0.005500 0.007812
0 0.700375 0.160677 0.003750 0.011979
0 0.669625 0.072917 0.005250 0.012500
0 0.684875 0.075781 0.006250 0.013021
0 0.732000 0.010937 0.007000 0.008333
0 0.675000 0.004948 0.008000 0.009896
0 0.604000 0.375260 0.004500 0.018229
0 0.344500 0.523177 0.005000 0.011979
0 0.362250 0.538802 0.004500 0.009896
0 0.396250 0.637500 0.003500 0.009375
0 0.367250 0.598437 0.003500 0.007292
0 0.371125 0.599740 0.004250 0.009896
0 0.365500 0.447135 0.007000 0.007812
0 0.407250 0.515365 0.004500 0.009896
0 0.402625 0.512760 0.004250 0.011979
0 0.370000 0.407552 0.005500 0.013021
0 0.340875 0.359635 0.006750 0.008854
0 0.337875 0.421615 0.005750 0.014063
0 0.285500 0.450000 0.006500 0.009375
0 0.303625 0.405469 0.006250 0.010937
0 0.304625 0.398438 0.005250 0.009375
0 0.261000 0.366927 0.006500 0.009896
0 0.265500 0.348177 0.006500 0.011979
0 0.234875 0.430469 0.006250 0.010937
0 0.267500 0.445312 0.005000 0.010417
0 0.141125 0.239583 0.004250 0.015625
0 0.169250 0.240104 0.006500 0.015625
0 0.249875 0.240365 0.006750 0.013021
0 0.272625 0.271875 0.007250 0.012500
0 0.225875 0.214323 0.006750 0.009896
0 0.228375 0.208594 0.005750 0.008854
0 0.422125 0.884375 0.004250 0.009375
0 0.446375 0.813542 0.005750 0.008333
0 0.347000 0.755729 0.006500 0.009375
0 0.300750 0.800000 0.005000 0.007292
0 0.287875 0.790104 0.003750 0.008333
0 0.284875 0.776302 0.005250 0.008854
0 0.273625 0.698698 0.005250 0.005729
0 0.194375 0.735938 0.004750 0.009375
0 0.218750 0.718229 0.005000 0.008333
0 0.181625 0.701302 0.004750 0.009896
0 0.150500 0.738802 0.005000 0.010937
0 0.101125 0.728906 0.006750 0.008854
0 0.127000 0.638021 0.003500 0.007292
0 0.355375 0.658594 0.009750 0.016146
0 0.172250 0.561719 0.008000 0.019271
0 0.477375 0.444792 0.004750 0.014583
0 0.479375 0.396615 0.007750 0.013021
0 0.481500 0.331250 0.005500 0.016667
0 0.477750 0.307552 0.006000 0.014063
0 0.477250 0.271354 0.005000 0.014583
0 0.480625 0.257031 0.005250 0.013021
0 0.476875 0.192448 0.005250 0.016146
0 0.480125 0.154948 0.006250 0.013021
0 0.493125 0.126302 0.005250 0.018229
0 0.482375 0.097656 0.007250 0.014063
