0 0.177865 0.322750 0.009896 0.008000
0 0.210417 0.336250 0.016667 0.006500
0 0.309115 0.345875 0.015104 0.005750
0 0.352344 0.365375 0.014063 0.004750
0 0.361458 0.369375 0.011458 0.004250
0 0.315885 0.386750 0.010937 0.007500
0 0.425000 0.392375 0.008333 0.005250
0 0.412240 0.388125 0.018229 0.006250
0 0.361458 0.494875 0.008333 0.003250
0 0.361979 0.501625 0.012500 0.005250
0 0.354427 0.506125 0.007812 0.007750
0 0.368750 0.508125 0.012500 0.005250
0 0.365365 0.512125 0.016146 0.003250
0 0.363281 0.516250 0.016146 0.003500
0 0.305990 0.513250 0.015104 0.004500
0 0.312240 0.510250 0.010937 0.005500
0 0.236719 0.517125 0.017188 0.004750
0 0.178125 0.545875 0.018750 0.004750
0 0.133854 0.557000 0.010417 0.008500
0 0.131250 0.532125 0.018750 0.004750
0 0.140365 0.527250 0.019271 0.004500
0 0.082031 0.527000 0.009896 0.005000
0 0.073698 0.553000 0.019271 0.004500
0 0.066146 0.557750 0.018750 0.004500
0 0.057812 0.563375 0.018750 0.005250
0 0.113542 0.541500 0.014583 0.007000
0 0.109635 0.538875 0.013021 0.004250
0 0.146354 0.549125 0.016667 0.003750
0 0.148438 0.551500 0.013542 0.003000
0 0.632552 0.584250 0.011979 0.006500
0 0.637500 0.623250 0.013542 0.006000
0 0.671094 0.606000 0.008854 0.009500
0 0.639583 0.661625 0.011458 0.008750
0 0.662760 0.660500 0.009896 0.009000
0 0.635156 0.679375 0.010937 0.007250
0 0.640885 0.742625 0.009896 0.003750
0 0.645052 0.762625 0.013021 0.008250
0 0.659896 0.791625 0.009375 0.010250
0 0.683594 0.780375 0.015104 0.008250
0 0.778646 0.736250 0.013542 0.005000
0 0.600000 0.543375 0.009375 0.003750
0 0.630729 0.562375 0.009375 0.005250
0 0.602604 0.819125 0.028125 0.010750
0 0.883854 0.942875 0.016667 0.009250
