0 0.289875 0.143750 0.002250 0.012500
0 0.287500 0.143490 0.002500 0.016146
0 0.304250 0.182292 0.004500 0.015625
0 0.306000 0.201823 0.005500 0.013021
0 0.304750 0.210156 0.005000 0.014063
0 0.302125 0.214062 0.004750 0.013542
0 0.299750 0.203385 0.005500 0.011979
0 0.298625 0.213542 0.004250 0.009375
0 0.296750 0.216146 0.004000 0.012500
0 0.307875 0.225781 0.005250 0.010937
0 0.309375 0.222917 0.003750 0.010417
0 0.311250 0.217448 0.006500 0.009896
0 0.312375 0.213281 0.004750 0.008854
0 0.310500 0.250781 0.004000 0.008854
0 0.312125 0.248958 0.004750 0.013542
0 0.321625 0.254948 0.005750 0.009896
0 0.319625 0.266667 0.004750 0.016667
0 0.335125 0.278385 0.006250 0.011979
0 0.337250 0.276302 0.005500 0.014063
0 0.344375 0.421354 0.005750 0.012500
0 0.345875 0.419010 0.004750 0.010937
0 0.360000 0.355208 0.004500 0.013542
0 0.350625 0.449479 0.005250 0.011458
0 0.345500 0.450781 0.006000 0.010937
0 0.345375 0.445573 0.005250 0.008854
0 0.351750 0.457292 0.005000 0.008333
0 0.348000 0.461979 0.007000 0.007292
0 0.349250 0.470312 0.004500 0.012500
0 0.352250 0.481771 0.007000 0.009375
0 0.354875 0.477344 0.006750 0.005729
0 0.354625 0.473438 0.005750 0.006250
0 0.365000 0.522917 0.004000 0.015625
0 0.397250 0.538542 0.007000 0.010417
0 0.406250 0.531250 0.007000 0.011458
0 0.416000 0.528125 0.006500 0.012500
0 0.420625 0.469531 0.005250 0.018229
0 0.402125 0.413021 0.007250 0.010417
0 0.431375 0.355208 0.003750 0.016667
0 0.413500 0.310677 0.006000 0.013021
0 0.458000 0.185677 0.004000 0.016146
0 0.455875 0.183594 0.004250 0.013021
0 0.461375 0.148438 0.003250 0.016667
0 0.457000 0.148958 0.003500 0.015625
0 0.467875 0.122656 0.007250 0.008854
0 0.467375 0.115365 0.005750 0.006771
0 0.483500 0.065365 0.003000 0.008854
0 0.481250 0.078906 0.003000 0.014063
0 0.480500 0.092188 0.003000 0.014583
0 0.477750 0.100000 0.004000 0.017708
0 0.473875 0.126302 0.003750 0.016146
0 0.470125 0.152865 0.003250 0.011979
0 0.464625 0.172656 0.002750 0.011979
0 0.464125 0.188281 0.003250 0.013021
0 0.461125 0.203646 0.004750 0.011458
0 0.454750 0.252083 0.004500 0.014583
0 0.450125 0.282552 0.002750 0.013021
0 0.447625 0.298177 0.002750 0.011979
0 0.446125 0.601562 0.006750 0.009375
0 0.477250 0.533333 0.005500 0.016667
0 0.499625 0.473958 0.004750 0.014583
0 0.495875 0.470312 0.003250 0.015625
0 0.493500 0.468750 0.003500 0.013542
0 0.529750 0.383854 0.006500 0.005208
0 0.530125 0.378906 0.007250 0.006771
0 0.529625 0.371354 0.007750 0.009375
0 0.524875 0.303906 0.005250 0.016146
0 0.620500 0.173958 0.004000 0.014583
0 0.613375 0.170833 0.004250 0.011458
0 0.612000 0.168490 0.006000 0.011979
0 0.610625 0.165104 0.006750 0.011458
0 0.616625 0.234635 0.006750 0.011979
0 0.603625 0.259115 0.005750 0.013021
0 0.593875 0.275000 0.006250 0.013542
0 0.582875 0.286719 0.006750 0.006771
0 0.584625 0.279167 0.007250 0.009375
0 0.583500 0.272917 0.004500 0.011458
0 0.582000 0.270052 0.005500 0.014063
0 0.580375 0.253646 0.005250 0.014583
0 0.575375 0.254427 0.005750 0.013021
0 0.565875 0.261719 0.005750 0.015104
0 0.575750 0.320573 0.005000 0.016146
0 0.567125 0.314844 0.006250 0.010937
0 0.567000 0.328125 0.004000 0.014583
0 0.545125 0.327344 0.006750 0.006771
0 0.544875 0.318490 0.006250 0.011979
0 0.543375 0.340625 0.004750 0.009375
0 0.541875 0.337500 0.006750 0.011458
0 0.545500 0.374479 0.007000 0.005208
0 0.545750 0.380469 0.007500 0.005729
0 0.515375 0.472396 0.005250 0.011458
0 0.539250 0.419271 0.005000 0.013542
0 0.547500 0.400781 0.005000 0.014063
0 0.551375 0.395052 0.003750 0.013021
0 0.575750 0.341146 0.004000 0.011458
0 0.587750 0.315104 0.004500 0.012500
0 0.604250 0.282031 0.007000 0.015104
0 0.636625 0.233333 0.005250 0.012500
0 0.637750 0.223698 0.004000 0.007812
0 0.663375 0.160677 0.005750 0.015104
0 0.442375 0.679427 0.006250 0.009896
0 0.441625 0.675521 0.005250 0.007292
0 0.501875 0.644792 0.004250 0.010417
0 0.500500 0.642188 0.005000 0.013542
0 0.520500 0.627344 0.005000 0.014063
0 0.516500 0.626823 0.006000 0.010937
0 0.532875 0.604427 0.005750 0.016146
0 0.542250 0.593229 0.007500 0.010417
0 0.560000 0.581250 0.006500 0.011458
0 0.560375 0.567448 0.005750 0.013021
0 0.572750 0.553125 0.005500 0.015625
0 0.579750 0.555469 0.007000 0.013021
0 0.587125 0.567708 0.006750 0.012500
0 0.578625 0.543490 0.005250 0.009896
0 0.577625 0.539844 0.005250 0.008854
0 0.599250 0.518229 0.003000 0.015625
0 0.605125 0.520573 0.005750 0.010937
0 0.610875 0.525781 0.007250 0.007812
0 0.604250 0.512240 0.007000 0.007812
0 0.604750 0.506510 0.007000 0.007812
0 0.611000 0.501302 0.006500 0.008854
0 0.615000 0.493229 0.006500 0.009375
0 0.613250 0.490365 0.006000 0.008854
0 0.625500 0.485677 0.007000 0.009896
0 0.622750 0.481250 0.007000 0.007292
0 0.634125 0.487760 0.006750 0.011979
0 0.631250 0.471354 0.006000 0.010417
0 0.638375 0.468750 0.007750 0.009375
0 0.641500 0.458333 0.007500 0.008333
0 0.643500 0.451042 0.007000 0.008333
0 0.650125 0.462240 0.006250 0.004687
0 0.650250 0.458073 0.006500 0.005729
0 0.655375 0.458333 0.005250 0.010417
0 0.650500 0.453125 0.005500 0.005208
0 0.654500 0.436719 0.006000 0.009896
0 0.682000 0.379948 0.005000 0.006771
0 0.681375 0.376563 0.006250 0.008333
0 0.627500 0.453125 0.007000 0.007292
0 0.622125 0.459115 0.006750 0.009896
0 0.614375 0.463802 0.006250 0.006771
0 0.613500 0.457813 0.007000 0.006250
0 0.600625 0.469531 0.007250 0.007812
0 0.586750 0.494531 0.005500 0.006771
0 0.595250 0.500781 0.007000 0.007812
0 0.592250 0.495833 0.006500 0.014583
0 0.570000 0.529687 0.006500 0.006250
0 0.566000 0.534896 0.006500 0.008333
0 0.566750 0.539583 0.006000 0.006250
0 0.574625 0.527083 0.003750 0.008333
0 0.575375 0.520573 0.006750 0.005729
0 0.547000 0.562240 0.006000 0.007812
0 0.544125 0.566406 0.006250 0.006771
0 0.537875 0.577865 0.006750 0.010937
0 0.492500 0.738021 0.007500 0.009375
0 0.521250 0.733854 0.007500 0.010417
0 0.535500 0.710938 0.006000 0.007292
0 0.531625 0.705990 0.006750 0.007812
0 0.525250 0.709896 0.005500 0.011458
0 0.528000 0.712760 0.006000 0.006771
0 0.566750 0.701042 0.006500 0.008333
0 0.567250 0.697135 0.006500 0.006771
0 0.607125 0.668750 0.006750 0.011458
0 0.613250 0.664062 0.004000 0.014583
0 0.637500 0.662500 0.005500 0.008333
0 0.638500 0.659375 0.007000 0.009375
0 0.639125 0.635677 0.004750 0.006771
0 0.640125 0.632812 0.006750 0.008333
0 0.650125 0.630469 0.007750 0.008854
0 0.664625 0.636198 0.008750 0.010937
0 0.677000 0.626563 0.007000 0.006250
0 0.676875 0.622917 0.006250 0.005208
0 0.700250 0.629427 0.008500 0.010937
0 0.683500 0.672135 0.009000 0.009896
0 0.679500 0.659375 0.008000 0.009375
0 0.691750 0.662500 0.007500 0.006250
0 0.692375 0.658073 0.007750 0.004687
0 0.555000 0.729688 0.006500 0.007292
0 0.555000 0.723698 0.007500 0.007812
0 0.676750 0.816927 0.005000 0.008854
0 0.693375 0.817708 0.004250 0.011458
0 0.810375 0.710938 0.008250 0.010417
0 0.917375 0.747656 0.004750 0.016146
