0 0.725000 0.008594 0.010500 0.014063
0 0.671375 0.146875 0.011250 0.021875
0 0.631500 0.306771 0.014500 0.017708
0 0.626875 0.329427 0.012250 0.016146
0 0.621375 0.359375 0.008750 0.018750
0 0.572500 0.424479 0.010000 0.020833
0 0.561125 0.484635 0.009250 0.016146
0 0.333625 0.293490 0.014250 0.027604
0 0.393375 0.382031 0.009250 0.024479
0 0.467625 0.447396 0.007750 0.025000
0 0.495125 0.525521 0.007250 0.019792
0 0.520625 0.470312 0.008250 0.020833
0 0.522250 0.490885 0.010500 0.015104
0 0.524750 0.510417 0.010000 0.023958
0 0.508375 0.609375 0.006250 0.020833
0 0.524500 0.632552 0.008500 0.016146
0 0.545375 0.625000 0.007750 0.023958
0 0.556875 0.634375 0.007750 0.023958
0 0.586875 0.655208 0.007750 0.021875
0 0.548375 0.782552 0.007250 0.026562
0 0.547250 0.805729 0.007000 0.021875
0 0.551625 0.803906 0.007250 0.025521
0 0.535625 0.847917 0.008250 0.022917
0 0.332250 0.692187 0.014000 0.027083
0 0.330500 0.747656 0.010500 0.024479
0 0.341125 0.729688 0.010750 0.018750
0 0.344750 0.739583 0.010000 0.021875
0 0.539000 0.989062 0.009500 0.018750
0 0.549625 0.989583 0.010750 0.019792
0 0.200250 0.072396 0.011000 0.030208
0 0.242750 0.133594 0.009500 0.034896
