0 0.453385 0.608500 0.013021 0.005500
0 0.433333 0.606625 0.011458 0.003250
0 0.419271 0.608250 0.010417 0.004000
0 0.415625 0.605250 0.013542 0.003000
0 0.408333 0.591375 0.008333 0.004750
0 0.411198 0.590875 0.008854 0.005750
0 0.263281 0.562625 0.014063 0.003250
0 0.248698 0.561250 0.010937 0.003000
0 0.250000 0.559625 0.013542 0.002750
0 0.162240 0.523500 0.014063 0.003500
0 0.167708 0.533500 0.007292 0.006500
0 0.148438 0.525375 0.010417 0.006250
0 0.135417 0.521250 0.014583 0.003500
0 0.120313 0.521875 0.015625 0.003750
0 0.121875 0.526125 0.011458 0.005750
0 0.113281 0.526750 0.014063 0.003500
0 0.061719 0.567625 0.008854 0.005250
0 0.183333 0.582250 0.007292 0.005000
0 0.175000 0.581000 0.009375 0.003000
0 0.198698 0.583625 0.010937 0.003750
0 0.184896 0.594750 0.007292 0.004500
0 0.242448 0.592125 0.013021 0.004250
0 0.243490 0.590250 0.005729 0.003500
0 0.257031 0.592125 0.009896 0.004750
0 0.261719 0.596875 0.007812 0.003750
0 0.267188 0.595875 0.007292 0.005250
0 0.335677 0.605875 0.009896 0.004250
0 0.346615 0.509000 0.013021 0.002500
0 0.346615 0.507125 0.009896 0.002250
0 0.276302 0.497625 0.010937 0.004750
0 0.205990 0.453750 0.009896 0.004500
0 0.004427 0.331375 0.008854 0.006250
0 0.012500 0.330250 0.013542 0.003500
0 0.111979 0.389625 0.011458 0.003750
0 0.299740 0.452000 0.013021 0.006000
0 0.567448 0.591125 0.010937 0.005750
0 0.576823 0.507000 0.007812 0.006000
0 0.576562 0.466625 0.011458 0.007750
0 0.503125 0.409000 0.010417 0.005000
0 0.521875 0.368125 0.009375 0.006750
0 0.526302 0.367125 0.006771 0.005250
0 0.502865 0.254375 0.011979 0.008250
0 0.510417 0.267375 0.016667 0.004750
0 0.548958 0.273500 0.011458 0.009000
0 0.600000 0.275750 0.012500 0.008500
0 0.638542 0.272625 0.010417 0.006250
0 0.644010 0.279500 0.014063 0.005500
0 0.610677 0.299500 0.008854 0.009000
0 0.600260 0.300250 0.011979 0.005000
0 0.541927 0.296500 0.008854 0.006000
0 0.536719 0.299250 0.014063 0.005500
0 0.540625 0.336375 0.010417 0.008750
0 0.525000 0.350625 0.005208 0.006750
0 0.519792 0.350125 0.006250 0.008750
0 0.613021 0.373750 0.009375 0.006000
0 0.613281 0.393125 0.007812 0.004250
0 0.588021 0.392500 0.011458 0.005500
0 0.590104 0.410750 0.006250 0.005500
0 0.586979 0.410125 0.007292 0.006750
0 0.246354 0.359125 0.007292 0.004750
0 0.733073 0.549625 0.007812 0.005250
0 0.725000 0.549125 0.011458 0.007250
0 0.865885 0.492125 0.010937 0.006250
0 0.851042 0.473125 0.014583 0.007250
0 0.891146 0.443750 0.006250 0.006500
0 0.896354 0.443750 0.005208 0.006500
0 0.932552 0.430625 0.013021 0.006250
0 0.947917 0.427625 0.009375 0.003250
0 0.939844 0.426250 0.016146 0.004500
0 0.782552 0.440125 0.013021 0.006750
0 0.803385 0.450875 0.009896 0.007750
0 0.845052 0.458000 0.016146 0.004000
0 0.809375 0.477625 0.010417 0.006250
0 0.801562 0.482875 0.012500 0.003750
0 0.800260 0.484875 0.015104 0.003750
0 0.798958 0.486875 0.013542 0.003750
0 0.753125 0.513875 0.013542 0.005250
0 0.750521 0.515500 0.010417 0.005000
0 0.716406 0.513250 0.011979 0.006000
0 0.923958 0.671375 0.011458 0.006750
