0 0.233854 0.667625 0.016667 0.004250
0 0.355469 0.637750 0.016146 0.007000
0 0.395313 0.612500 0.008333 0.008000
0 0.384635 0.589500 0.016146 0.005000
0 0.352865 0.589000 0.017188 0.005000
0 0.310677 0.562500 0.007812 0.008500
0 0.298177 0.543750 0.016146 0.006000
0 0.190625 0.513875 0.010417 0.007750
0 0.238802 0.488875 0.015104 0.005750
0 0.227344 0.512875 0.005729 0.005250
0 0.230990 0.512375 0.008854 0.006750
0 0.104688 0.492125 0.014583 0.005250
0 0.129948 0.486375 0.013021 0.007750
0 0.132812 0.475625 0.018750 0.006250
0 0.093490 0.462375 0.015104 0.003250
0 0.094010 0.459125 0.011979 0.005250
0 0.176302 0.434375 0.014063 0.005250
0 0.143490 0.438250 0.013021 0.006000
0 0.175260 0.453375 0.014063 0.003250
0 0.175781 0.456000 0.013021 0.002500
0 0.137500 0.444500 0.013542 0.002500
0 0.135156 0.442375 0.014063 0.003250
0 0.171615 0.465500 0.008854 0.003500
0 0.169010 0.463625 0.011979 0.002750
0 0.442188 0.573500 0.014583 0.006000
0 0.445573 0.474250 0.009896 0.007500
0 0.405208 0.461500 0.006250 0.007000
0 0.400000 0.463000 0.006250 0.006500
0 0.440365 0.414125 0.010937 0.008250
0 0.356510 0.351000 0.007812 0.007000
0 0.376042 0.365250 0.013542 0.008500
0 0.531510 0.557750 0.008854 0.008500
0 0.543490 0.579125 0.007812 0.007250
0 0.539844 0.578375 0.007812 0.006250
0 0.578646 0.540125 0.007292 0.006250
0 0.575260 0.538875 0.008854 0.006750
0 0.681250 0.503125 0.010417 0.008250
0 0.632552 0.482875 0.013021 0.007750
0 0.623698 0.483750 0.008854 0.007500
0 0.616406 0.483250 0.013021 0.006500
0 0.697917 0.463625 0.009375 0.008250
0 0.657813 0.444125 0.013542 0.008750
0 0.759115 0.458750 0.013021 0.003500
0 0.759635 0.456750 0.015104 0.004000
0 0.769792 0.456375 0.013542 0.007750
0 0.719271 0.487250 0.012500 0.006000
0 0.716927 0.486000 0.009896 0.005000
0 0.775260 0.470375 0.005729 0.003250
0 0.779687 0.468500 0.005208 0.003500
0 0.782813 0.466750 0.007292 0.003000
0 0.590365 0.607500 0.017188 0.004500
0 0.653906 0.609125 0.015104 0.008750
0 0.707812 0.594875 0.021875 0.007250
0 0.751042 0.554250 0.013542 0.009000
0 0.831510 0.536875 0.016146 0.006250
