0 0.200000 0.612760 0.004500 0.007812
0 0.201875 0.608333 0.004250 0.011458
0 0.237375 0.068750 0.006250 0.009375
0 0.218875 0.007292 0.003250 0.010417
0 0.222375 0.012760 0.004250 0.016146
0 0.355125 0.411198 0.005250 0.011979
0 0.389250 0.466667 0.007000 0.009375
0 0.515875 0.581250 0.004750 0.009375
0 0.515500 0.468750 0.004000 0.013542
0 0.461375 0.106510 0.005750 0.009896
0 0.698125 0.027865 0.005750 0.013021
0 0.676500 0.075781 0.004500 0.008854
0 0.666625 0.091146 0.006250 0.014583
0 0.647000 0.200781 0.007000 0.011979
0 0.603625 0.353906 0.006250 0.008854
0 0.594375 0.484375 0.005250 0.011458
0 0.550000 0.644531 0.004000 0.014063
0 0.534375 0.679427 0.007250 0.014063
0 0.661375 0.579948 0.004250 0.008854
0 0.675500 0.507552 0.005500 0.007812
0 0.675250 0.501302 0.005500 0.005729
0 0.719500 0.427344 0.005500 0.007812
0 0.741375 0.524479 0.004250 0.010417
0 0.745500 0.450781 0.007000 0.009896
0 0.468500 0.646354 0.006000 0.010417
