0 0.755500 0.485937 0.003000 0.011458
0 0.774500 0.473438 0.004500 0.010417
0 0.763000 0.422656 0.006000 0.006771
0 0.745375 0.454427 0.004750 0.009896
0 0.747000 0.438021 0.005000 0.008333
0 0.716375 0.483594 0.004750 0.011979
0 0.736375 0.509115 0.005750 0.008854
0 0.743375 0.539323 0.004250 0.008854
0 0.750500 0.510938 0.005500 0.008333
0 0.796875 0.539062 0.002750 0.006250
0 0.777125 0.400000 0.002750 0.011458
0 0.769125 0.407031 0.003250 0.009896
0 0.770250 0.372135 0.003000 0.010937
0 0.784500 0.371615 0.004000 0.013021
0 0.804375 0.360677 0.005250 0.008854
0 0.805375 0.367188 0.005750 0.006250
0 0.715375 0.408073 0.005250 0.006771
0 0.717750 0.434896 0.005000 0.008333
0 0.722500 0.438281 0.004500 0.005729
0 0.724875 0.431250 0.004750 0.009375
0 0.709750 0.480729 0.004000 0.010417
0 0.707750 0.489583 0.005000 0.007292
0 0.696000 0.560156 0.002500 0.008854
0 0.702625 0.536719 0.005750 0.006771
0 0.703125 0.530729 0.006250 0.005208
0 0.703750 0.526563 0.005500 0.005208
0 0.675125 0.540104 0.004750 0.009375
0 0.659750 0.573438 0.003000 0.010417
0 0.658375 0.564844 0.004250 0.007812
0 0.601500 0.486458 0.005000 0.010417
0 0.637000 0.442708 0.003000 0.008333
0 0.635000 0.417187 0.004500 0.007292
0 0.678125 0.384635 0.003750 0.011979
0 0.658875 0.325521 0.004750 0.009375
0 0.670000 0.323958 0.004500 0.005208
0 0.671125 0.333854 0.002750 0.011458
0 0.675875 0.333073 0.005250 0.008854
0 0.683250 0.344531 0.002500 0.011979
0 0.690500 0.338802 0.002500 0.010937
0 0.692375 0.331250 0.003750 0.009375
0 0.711500 0.320573 0.002500 0.010937
0 0.709000 0.304167 0.003000 0.009375
0 0.705125 0.314844 0.002750 0.008854
0 0.707250 0.314583 0.002000 0.010417
0 0.692750 0.290365 0.003000 0.010937
0 0.692500 0.278125 0.004000 0.010417
0 0.713750 0.291927 0.002500 0.010937
0 0.716750 0.292187 0.003000 0.012500
0 0.716250 0.273177 0.003500 0.007812
0 0.700875 0.214323 0.004250 0.009896
0 0.703250 0.227865 0.004500 0.010937
0 0.734625 0.194010 0.002750 0.009896
0 0.734750 0.181771 0.004500 0.010417
0 0.739125 0.221875 0.004250 0.010417
0 0.759750 0.235156 0.004500 0.006771
0 0.761500 0.225781 0.003500 0.009896
0 0.737250 0.136198 0.006000 0.007812
0 0.741250 0.146354 0.005500 0.010417
0 0.775125 0.168750 0.005250 0.010417
0 0.771250 0.157292 0.006500 0.017708
0 0.710375 0.150521 0.004250 0.011458
0 0.799750 0.154688 0.003000 0.011458
0 0.796125 0.121094 0.004750 0.008854
0 0.798000 0.051823 0.004500 0.006771
0 0.793375 0.052344 0.005750 0.007812
0 0.795375 0.021875 0.004250 0.008333
0 0.778750 0.056771 0.005500 0.008333
0 0.818750 0.013542 0.003500 0.011458
0 0.852000 0.025260 0.003500 0.009896
0 0.604375 0.026823 0.003750 0.009896
0 0.585500 0.075781 0.004000 0.008854
0 0.590750 0.089063 0.004000 0.012500
0 0.598750 0.125521 0.003500 0.011458
0 0.568625 0.114323 0.003750 0.008854
0 0.553875 0.161719 0.004250 0.008854
0 0.562375 0.150521 0.003750 0.010417
0 0.552875 0.175000 0.005250 0.010417
0 0.542375 0.240885 0.004250 0.010937
0 0.520000 0.225260 0.004000 0.006771
0 0.568500 0.219271 0.004500 0.008333
0 0.580000 0.210417 0.004000 0.007292
0 0.587750 0.133073 0.005000 0.010937
0 0.600250 0.143229 0.004500 0.010417
0 0.549125 0.105729 0.003250 0.010417
0 0.557125 0.116146 0.002750 0.010417
0 0.558250 0.093229 0.004500 0.008333
0 0.570500 0.073958 0.004000 0.009375
0 0.540250 0.068750 0.004500 0.010417
0 0.531125 0.072135 0.005750 0.007812
0 0.540250 0.305729 0.002500 0.012500
0 0.533750 0.323177 0.002500 0.009896
0 0.531375 0.316667 0.002750 0.011458
0 0.528375 0.443750 0.002250 0.011458
0 0.444625 0.384635 0.003250 0.009896
0 0.449500 0.406250 0.002500 0.010417
0 0.462000 0.428646 0.002500 0.009375
0 0.454250 0.430990 0.003500 0.005729
0 0.456375 0.435156 0.004250 0.005729
0 0.436500 0.303646 0.003000 0.009375
0 0.424750 0.355469 0.003000 0.007812
0 0.431875 0.332031 0.004250 0.011979
0 0.422000 0.242448 0.004500 0.008854
0 0.420000 0.210938 0.003000 0.009375
0 0.395500 0.211198 0.004500 0.008854
0 0.407875 0.205469 0.004750 0.008854
0 0.409000 0.214323 0.004000 0.009896
0 0.406875 0.223958 0.004250 0.007292
0 0.406625 0.231771 0.003250 0.011458
0 0.417375 0.225781 0.003750 0.005729
0 0.415375 0.229167 0.003250 0.010417
0 0.374500 0.120313 0.006000 0.010417
0 0.397375 0.084896 0.002750 0.010417
0 0.365750 0.079427 0.003500 0.009896
0 0.383125 0.075781 0.003250 0.009896
0 0.385875 0.056771 0.002750 0.010417
0 0.393250 0.066667 0.006000 0.011458
0 0.395625 0.104427 0.002750 0.008854
0 0.389875 0.100781 0.002250 0.010937
0 0.392500 0.103646 0.003000 0.009375
0 0.392500 0.097917 0.003500 0.007292
0 0.371875 0.041406 0.003250 0.011979
0 0.379750 0.030208 0.003000 0.010417
0 0.377375 0.082812 0.004250 0.008333
0 0.380625 0.079948 0.004250 0.008854
0 0.254875 0.273958 0.002750 0.009375
0 0.263500 0.242969 0.006000 0.009896
0 0.276125 0.230208 0.003750 0.008333
0 0.288875 0.240104 0.003750 0.009375
0 0.286250 0.249219 0.005500 0.005729
0 0.292375 0.303125 0.004250 0.008333
0 0.296125 0.310677 0.001750 0.010937
0 0.298250 0.314063 0.002000 0.010417
0 0.313625 0.305990 0.003750 0.010937
0 0.291125 0.330208 0.003750 0.010417
0 0.285875 0.350260 0.003750 0.009896
0 0.306250 0.378385 0.005500 0.009896
0 0.293250 0.413542 0.004500 0.010417
0 0.298625 0.422656 0.002250 0.009896
0 0.174750 0.188021 0.004500 0.008333
0 0.192750 0.164323 0.004500 0.006771
0 0.195625 0.195312 0.005750 0.009375
0 0.213250 0.260937 0.004000 0.012500
0 0.331625 0.374479 0.003750 0.008333
0 0.338750 0.385677 0.003000 0.010937
0 0.331875 0.407292 0.004750 0.005208
0 0.338500 0.421875 0.004000 0.008333
0 0.354125 0.388802 0.003750 0.008854
0 0.363875 0.385677 0.003250 0.007812
0 0.375500 0.417187 0.004500 0.007292
0 0.378125 0.453646 0.004750 0.006250
0 0.376500 0.447917 0.004500 0.006250
0 0.379000 0.442969 0.003000 0.009896
0 0.343875 0.425521 0.007250 0.010417
0 0.343750 0.415625 0.006500 0.007292
0 0.022125 0.651563 0.003750 0.008333
0 0.435750 0.633333 0.003500 0.011458
0 0.404875 0.536719 0.003750 0.011979
0 0.395750 0.502083 0.003000 0.010417
0 0.398750 0.522396 0.005000 0.008333
0 0.421500 0.563802 0.005000 0.007812
0 0.431875 0.584375 0.004750 0.008333
0 0.374625 0.527604 0.004750 0.007292
0 0.367500 0.513021 0.003500 0.009375
0 0.359625 0.497135 0.004250 0.010937
0 0.342500 0.496094 0.004000 0.008854
0 0.344500 0.472396 0.003500 0.009375
0 0.359875 0.528385 0.003750 0.010937
0 0.382625 0.779167 0.003250 0.012500
0 0.455375 0.721094 0.003250 0.007812
0 0.457625 0.729688 0.003250 0.007292
0 0.462125 0.725781 0.003250 0.005729
0 0.560000 0.234896 0.004500 0.010417
0 0.556250 0.239323 0.004000 0.005729
0 0.558000 0.251823 0.004000 0.007812
0 0.555000 0.260417 0.004500 0.010417
0 0.553125 0.282292 0.004250 0.017708
0 0.724125 0.057292 0.004250 0.008333
0 0.644625 0.062240 0.003750 0.010937
0 0.662375 0.014063 0.004750 0.010417
0 0.420125 0.152083 0.004250 0.008333
0 0.419250 0.140885 0.002500 0.010937
0 0.422750 0.142448 0.003000 0.008854
0 0.423000 0.133333 0.003000 0.010417
0 0.614750 0.725781 0.003500 0.010937
0 0.625875 0.736458 0.005750 0.008333
0 0.685875 0.721875 0.003250 0.010417
0 0.644375 0.769792 0.004250 0.007292
0 0.684625 0.765625 0.005750 0.006250
0 0.680000 0.768229 0.005500 0.014583
0 0.726375 0.765625 0.006250 0.010417
0 0.751000 0.446615 0.003000 0.009896
0 0.753125 0.437760 0.003750 0.009896
0 0.757875 0.396875 0.005250 0.013542
0 0.789750 0.408594 0.005000 0.010937
0 0.342625 0.787500 0.002250 0.011458
0 0.349000 0.764323 0.005000 0.008854
0 0.309125 0.791406 0.005250 0.007812
0 0.306125 0.799219 0.005750 0.009896
0 0.293375 0.772135 0.004750 0.004687
0 0.296625 0.774740 0.004250 0.007812
0 0.397875 0.743490 0.004250 0.007812
0 0.366125 0.480990 0.003250 0.007812
0 0.370125 0.482552 0.005250 0.009896
0 0.847875 0.364844 0.005250 0.007812
