0 0.407625 0.902865 0.005750 0.011979
0 0.411625 0.881510 0.006750 0.009896
0 0.524125 0.646875 0.006750 0.008333
0 0.365375 0.679688 0.006250 0.010417
0 0.327250 0.691667 0.004500 0.010417
0 0.269125 0.703646 0.007750 0.011458
0 0.243500 0.708333 0.007000 0.011458
0 0.228625 0.685677 0.007750 0.009896
0 0.239250 0.664062 0.006000 0.006250
0 0.238125 0.658594 0.007250 0.004687
0 0.158125 0.690365 0.004750 0.007812
0 0.156625 0.687500 0.005250 0.006250
0 0.220000 0.625260 0.005000 0.014063
0 0.471375 0.526563 0.006250 0.008333
0 0.437875 0.462240 0.005250 0.011979
0 0.388000 0.413802 0.005500 0.006771
0 0.388625 0.410156 0.005250 0.005729
0 0.377625 0.370573 0.007750 0.010937
0 0.373000 0.377604 0.006000 0.010417
0 0.303500 0.298958 0.005500 0.013542
0 0.260500 0.288542 0.006000 0.012500
0 0.262000 0.252865 0.005000 0.010937
0 0.258500 0.240104 0.007000 0.008333
0 0.258625 0.234896 0.005750 0.006250
0 0.249875 0.220833 0.005250 0.014583
0 0.234500 0.221094 0.006000 0.011979
0 0.215625 0.205208 0.006750 0.006250
0 0.214625 0.198698 0.007250 0.007812
0 0.211750 0.176042 0.004500 0.014583
0 0.207125 0.161458 0.006250 0.010417
0 0.248000 0.128646 0.005500 0.013542
0 0.374500 0.277604 0.008500 0.010417
0 0.390375 0.348177 0.006250 0.014063
0 0.469625 0.459635 0.006250 0.010937
0 0.563500 0.594792 0.005000 0.013542
0 0.550500 0.438542 0.005000 0.014583
0 0.547625 0.422656 0.004250 0.013021
0 0.527625 0.366667 0.008750 0.016667
0 0.516500 0.352604 0.005500 0.011458
0 0.510875 0.213542 0.006750 0.010417
0 0.505125 0.200781 0.004750 0.016146
0 0.503875 0.216146 0.005250 0.013542
0 0.449125 0.139583 0.006750 0.013542
0 0.458750 0.132292 0.004000 0.014583
0 0.461375 0.129948 0.004250 0.013021
0 0.462875 0.128125 0.003750 0.011458
0 0.463000 0.120052 0.005000 0.009896
0 0.460750 0.111198 0.005000 0.010937
0 0.439875 0.061719 0.003750 0.008854
0 0.441000 0.058073 0.005500 0.010937
0 0.428875 0.053125 0.006250 0.007292
0 0.428750 0.046354 0.005500 0.007292
0 0.423375 0.030208 0.004250 0.015625
0 0.432500 0.017708 0.005000 0.009375
0 0.457250 0.027344 0.006000 0.009896
0 0.479625 0.101562 0.005750 0.013542
0 0.508125 0.120313 0.007250 0.010417
0 0.502875 0.103125 0.002250 0.015625
0 0.500750 0.102865 0.002000 0.014063
0 0.527250 0.205990 0.005000 0.008854
0 0.527625 0.202083 0.004250 0.007292
0 0.555875 0.398958 0.005250 0.004167
0 0.555875 0.394531 0.004750 0.005729
0 0.558000 0.429948 0.005000 0.009896
0 0.623375 0.510677 0.005250 0.016146
0 0.697375 0.331510 0.004250 0.008854
0 0.696125 0.328906 0.005250 0.008854
0 0.735250 0.311458 0.006500 0.010417
0 0.736000 0.295833 0.005500 0.010417
0 0.754500 0.297917 0.006000 0.007292
0 0.708250 0.208854 0.006500 0.010417
0 0.786750 0.182552 0.006000 0.010937
0 0.786125 0.153385 0.006250 0.010937
0 0.718500 0.809375 0.009000 0.015625
0 0.778875 0.876302 0.008750 0.020313
