0 0.097917 0.496250 0.016667 0.009000
0 0.286458 0.399875 0.013542 0.004750
0 0.296875 0.396625 0.011458 0.004750
0 0.345052 0.410875 0.010937 0.006750
0 0.357812 0.409625 0.014583 0.007750
0 0.369271 0.384625 0.016667 0.006250
0 0.344792 0.367625 0.012500 0.004750
0 0.352865 0.366125 0.013021 0.006750
0 0.425781 0.379000 0.015104 0.004500
0 0.434635 0.375750 0.009896 0.004500
0 0.470312 0.358875 0.019792 0.006250
0 0.401042 0.334125 0.014583 0.005750
0 0.401302 0.330625 0.011979 0.004250
0 0.445573 0.311000 0.013021 0.009000
0 0.484375 0.314875 0.013542 0.008250
0 0.544792 0.284875 0.018750 0.006250
0 0.424479 0.390750 0.005208 0.004500
0 0.428646 0.389125 0.008333 0.006250
0 0.376302 0.488750 0.011979 0.006000
0 0.377344 0.485875 0.013021 0.003750
0 0.477083 0.479125 0.013542 0.002750
0 0.474740 0.476250 0.013021 0.003000
0 0.552083 0.477250 0.013542 0.003000
0 0.556250 0.480250 0.011458 0.005000
0 0.577865 0.474500 0.007812 0.005500
0 0.588542 0.475250 0.012500 0.005000
0 0.598437 0.478000 0.010417 0.004000
0 0.618750 0.470500 0.013542 0.004500
0 0.640365 0.467625 0.013021 0.005750
0 0.719010 0.459250 0.020313 0.005000
0 0.526302 0.425375 0.014063 0.007750
0 0.541406 0.435375 0.015104 0.004750
0 0.550000 0.439375 0.015625 0.004250
0 0.481771 0.551625 0.011458 0.005750
0 0.486198 0.548750 0.006771 0.006000
0 0.556510 0.551250 0.014063 0.005000
0 0.574479 0.537250 0.009375 0.006500
0 0.577604 0.535625 0.011458 0.004250
0 0.615365 0.524375 0.011979 0.006250
0 0.610156 0.560000 0.011979 0.005000
0 0.611198 0.557500 0.010937 0.003500
0 0.600260 0.579125 0.011979 0.004750
0 0.578646 0.593625 0.011458 0.004250
0 0.669271 0.564000 0.009375 0.004000
0 0.673698 0.560250 0.010937 0.004500
0 0.674740 0.558625 0.009896 0.003750
0 0.756510 0.573125 0.013021 0.006250
0 0.776042 0.609250 0.011458 0.007000
0 0.677604 0.730125 0.014583 0.004250
0 0.701562 0.724625 0.008333 0.006750
0 0.695052 0.723875 0.005729 0.007250
0 0.648438 0.733250 0.013542 0.004000
0 0.643490 0.729625 0.011979 0.004250
0 0.690625 0.703500 0.010417 0.007000
0 0.609896 0.703250 0.012500 0.006000
0 0.611198 0.699375 0.014063 0.003750
0 0.567708 0.713625 0.010417 0.005250
0 0.559375 0.712125 0.006250 0.005250
0 0.555729 0.699625 0.008333 0.006750
0 0.540104 0.708375 0.008333 0.005250
0 0.522917 0.702750 0.014583 0.004500
0 0.495573 0.703875 0.009896 0.006250
0 0.500781 0.699875 0.013021 0.005250
0 0.479948 0.696125 0.013021 0.005250
0 0.495312 0.685750 0.010417 0.007000
0 0.526302 0.678000 0.014063 0.004500
0 0.494010 0.677625 0.010937 0.005750
0 0.483594 0.677250 0.007812 0.005500
0 0.468229 0.674125 0.011458 0.005250
0 0.434635 0.670250 0.009896 0.004500
0 0.431510 0.666250 0.013021 0.004000
0 0.422917 0.640750 0.013542 0.004500
0 0.401042 0.629125 0.010417 0.006250
0 0.437240 0.627000 0.013021 0.005500
0 0.461458 0.636000 0.010417 0.007000
0 0.501042 0.634125 0.011458 0.006250
0 0.516146 0.647125 0.011458 0.005750
0 0.538542 0.663375 0.013542 0.006750
0 0.565625 0.680625 0.017708 0.005750
0 0.598958 0.680750 0.012500 0.006000
0 0.604688 0.672125 0.011458 0.006250
0 0.605469 0.667375 0.009896 0.006750
0 0.607031 0.657000 0.008854 0.007000
0 0.590625 0.655375 0.010417 0.006750
0 0.604167 0.648375 0.013542 0.007750
0 0.490885 0.618875 0.010937 0.006750
0 0.479948 0.621500 0.010937 0.007000
0 0.443229 0.614375 0.013542 0.006250
0 0.348177 0.601875 0.010937 0.005750
0 0.369010 0.594375 0.007812 0.007250
0 0.374479 0.595625 0.007292 0.006750
0 0.380729 0.595625 0.009375 0.006250
0 0.286458 0.689375 0.014583 0.003250
0 0.379688 0.717000 0.007292 0.005500
0 0.528906 0.756875 0.008854 0.006250
0 0.631250 0.565125 0.010417 0.003250
0 0.631510 0.563375 0.011979 0.003750
