0 0.140104 0.812125 0.008333 0.005250
0 0.441667 0.696000 0.011458 0.006000
0 0.357292 0.692375 0.009375 0.004750
0 0.288281 0.677875 0.008854 0.005250
0 0.275260 0.678875 0.014063 0.005750
0 0.054948 0.664375 0.013021 0.005750
0 0.472135 0.617125 0.008854 0.006250
0 0.395052 0.597375 0.011979 0.003750
0 0.381510 0.572125 0.013021 0.004250
0 0.378646 0.569000 0.011458 0.004000
0 0.380208 0.565750 0.011458 0.004500
0 0.366146 0.558750 0.009375 0.004000
0 0.337760 0.540875 0.010937 0.003250
0 0.332813 0.533875 0.009375 0.005250
0 0.330729 0.532000 0.008333 0.003000
0 0.284375 0.506500 0.009375 0.005000
0 0.234375 0.463500 0.007292 0.005000
0 0.067969 0.433375 0.008854 0.005250
0 0.061719 0.420625 0.008854 0.005750
0 0.190625 0.423500 0.011458 0.004500
0 0.175000 0.416750 0.011458 0.004500
0 0.189062 0.413750 0.010417 0.005000
0 0.221615 0.367125 0.007812 0.005750
0 0.141146 0.358125 0.013542 0.004750
0 0.030469 0.376875 0.010937 0.005750
0 0.045312 0.362125 0.010417 0.006250
0 0.069271 0.360625 0.008333 0.005750
0 0.004948 0.334250 0.006771 0.005000
0 0.052865 0.335000 0.007812 0.004000
0 0.063281 0.314750 0.009896 0.006500
0 0.161458 0.324625 0.009375 0.005750
0 0.025260 0.305125 0.007812 0.006250
0 0.096875 0.287250 0.007292 0.005000
0 0.140625 0.291250 0.011458 0.004500
0 0.140885 0.285875 0.007812 0.003250
0 0.055469 0.285125 0.005729 0.002750
0 0.049219 0.284000 0.006771 0.005000
0 0.041927 0.285375 0.006771 0.005250
0 0.069531 0.265750 0.010937 0.004500
0 0.031250 0.255125 0.010417 0.003750
0 0.026823 0.253125 0.005729 0.005250
0 0.033594 0.231000 0.009896 0.006500
0 0.602083 0.666000 0.009375 0.006000
0 0.602083 0.592875 0.007292 0.006250
0 0.559635 0.538500 0.009896 0.004000
0 0.587760 0.540250 0.008854 0.003500
0 0.587240 0.538000 0.009896 0.002500
0 0.617969 0.484125 0.008854 0.005750
0 0.582812 0.427250 0.011458 0.004000
0 0.633333 0.413875 0.005208 0.005250
0 0.639062 0.414750 0.005208 0.004000
0 0.686719 0.399375 0.007812 0.005250
0 0.726302 0.390750 0.007812 0.005000
0 0.645833 0.395625 0.009375 0.003750
0 0.642969 0.390250 0.007812 0.004000
0 0.645833 0.393000 0.010417 0.002500
0 0.622135 0.388250 0.010937 0.003500
0 0.617969 0.386250 0.008854 0.004000
0 0.693229 0.370625 0.006250 0.004750
0 0.699479 0.361250 0.009375 0.006000
0 0.690104 0.359625 0.007292 0.004250
0 0.681510 0.371000 0.009896 0.003000
0 0.670573 0.375500 0.006771 0.005000
0 0.677083 0.374375 0.011458 0.003250
0 0.660677 0.345250 0.011979 0.004000
0 0.701042 0.330625 0.010417 0.004250
0 0.611458 0.345500 0.009375 0.005000
0 0.513802 0.347000 0.011979 0.006000
0 0.494792 0.388000 0.009375 0.004000
0 0.625521 0.312125 0.011458 0.005750
0 0.650260 0.316125 0.010937 0.004750
0 0.663281 0.313625 0.007812 0.003250
0 0.697135 0.313875 0.009896 0.005250
0 0.698177 0.308250 0.009896 0.005500
0 0.721615 0.299625 0.010937 0.004750
0 0.695052 0.291875 0.010937 0.003750
0 0.641667 0.268125 0.011458 0.005250
0 0.625781 0.269625 0.010937 0.002750
0 0.624740 0.267000 0.008854 0.002500
0 0.718490 0.269125 0.008854 0.003250
0 0.684896 0.241125 0.009375 0.004750
0 0.759375 0.224750 0.007292 0.005500
0 0.767708 0.217250 0.010417 0.004500
0 0.710156 0.202625 0.009896 0.004750
0 0.726302 0.208500 0.010937 0.004000
0 0.727344 0.211750 0.007812 0.003000
0 0.736198 0.215500 0.007812 0.004500
0 0.744792 0.212250 0.010417 0.005000
0 0.748437 0.250750 0.007292 0.004500
0 0.762500 0.259250 0.006250 0.005000
0 0.542448 0.207250 0.008854 0.004500
0 0.595313 0.206625 0.009375 0.004250
0 0.673177 0.168625 0.010937 0.004750
0 0.791406 0.584125 0.010937 0.005250
0 0.798177 0.589875 0.005729 0.003750
0 0.847656 0.550375 0.009896 0.006750
0 0.855469 0.532375 0.010937 0.003750
0 0.795052 0.535625 0.013021 0.002750
0 0.795573 0.533375 0.010937 0.002250
0 0.904167 0.521625 0.007292 0.004750
0 0.888021 0.528250 0.009375 0.006000
0 0.844531 0.501375 0.013021 0.004750
0 0.854948 0.477500 0.014063 0.003500
0 0.815365 0.454875 0.010937 0.003750
0 0.883073 0.433750 0.007812 0.004500
0 0.939583 0.440125 0.011458 0.004750
0 0.936979 0.435500 0.015625 0.004000
0 0.962240 0.437375 0.010937 0.004250
0 0.957292 0.455750 0.010417 0.005000
0 0.974219 0.423250 0.013021 0.005000
0 0.934375 0.420625 0.008333 0.005750
0 0.924219 0.384250 0.013021 0.005000
0 0.989844 0.356250 0.010937 0.004000
0 0.975521 0.488250 0.009375 0.004000
0 0.974479 0.490750 0.009375 0.003000
0 0.961458 0.625375 0.009375 0.005750
0 0.970052 0.622750 0.009896 0.005000
0 0.897656 0.630750 0.011979 0.005500
0 0.848698 0.644875 0.011979 0.003750
0 0.883854 0.652250 0.009375 0.004000
0 0.839583 0.660000 0.009375 0.005500
0 0.827344 0.661750 0.006771 0.003500
0 0.702865 0.665625 0.010937 0.005750
0 0.727344 0.665125 0.010937 0.005250
0 0.744531 0.661375 0.009896 0.005250
0 0.883594 0.746625 0.013021 0.004750
0 0.858333 0.750375 0.008333 0.003750
0 0.809896 0.759250 0.009375 0.005000
0 0.896094 0.726750 0.009896 0.004000
0 0.901302 0.722375 0.008854 0.004250
0 0.892969 0.720875 0.008854 0.006750
0 0.416406 0.348125 0.010937 0.004250
0 0.789583 0.217250 0.011458 0.006000
