0 0.147917 0.397500 0.008333 0.006500
0 0.210417 0.391250 0.008333 0.004500
0 0.286979 0.535500 0.008333 0.005500
0 0.335938 0.542000 0.009375 0.006500
0 0.370052 0.569875 0.013021 0.004250
0 0.320573 0.571500 0.010937 0.004000
0 0.437500 0.527875 0.008333 0.005750
0 0.436198 0.521500 0.006771 0.006000
0 0.470312 0.513750 0.011458 0.003000
0 0.467187 0.508000 0.008333 0.006000
0 0.453906 0.495625 0.006771 0.006750
0 0.424479 0.493500 0.011458 0.004500
0 0.402604 0.502000 0.008333 0.005000
0 0.425260 0.508625 0.010937 0.004250
0 0.426042 0.514000 0.010417 0.003500
0 0.427083 0.517625 0.008333 0.004250
0 0.451042 0.515250 0.006250 0.006000
0 0.456250 0.516500 0.007292 0.005500
0 0.458333 0.518250 0.005208 0.005500
0 0.462500 0.518500 0.006250 0.004500
0 0.485677 0.507000 0.007812 0.005000
0 0.482812 0.506625 0.007292 0.004750
0 0.486198 0.494875 0.013021 0.003750
0 0.492188 0.490125 0.005208 0.005750
0 0.485937 0.491250 0.007292 0.004500
0 0.484375 0.490125 0.007292 0.004250
0 0.486719 0.484625 0.006771 0.005750
0 0.480990 0.483875 0.005729 0.006750
0 0.492969 0.484000 0.003646 0.006500
0 0.496875 0.483750 0.004167 0.005000
0 0.486458 0.461750 0.008333 0.004500
0 0.478125 0.465125 0.010417 0.006750
0 0.481510 0.448750 0.013021 0.006000
0 0.479948 0.443375 0.010937 0.005250
0 0.453385 0.452375 0.010937 0.005750
0 0.466406 0.432500 0.007812 0.005500
0 0.513802 0.408375 0.014063 0.005750
0 0.482552 0.347500 0.008854 0.008000
0 0.490365 0.549625 0.008854 0.006750
0 0.508594 0.543750 0.015104 0.006000
0 0.558333 0.525625 0.008333 0.006750
0 0.579948 0.512750 0.011979 0.006000
0 0.610677 0.512250 0.015104 0.005000
0 0.622135 0.589000 0.010937 0.004500
0 0.593750 0.596375 0.008333 0.004750
0 0.510417 0.588625 0.011458 0.005750
0 0.806510 0.658500 0.009896 0.007000
