0 0.087760 0.491750 0.009896 0.004000
0 0.083854 0.533000 0.009375 0.005500
0 0.090885 0.538250 0.013021 0.005000
0 0.326823 0.470250 0.005729 0.005500
0 0.330729 0.483750 0.010417 0.003000
0 0.338542 0.481000 0.007292 0.005500
0 0.289844 0.421750 0.007812 0.005000
0 0.271094 0.399375 0.010937 0.003250
0 0.223437 0.439625 0.007292 0.004750
0 0.246615 0.442000 0.009896 0.004000
0 0.230208 0.406625 0.006250 0.005250
0 0.457552 0.512625 0.008854 0.005250
0 0.532292 0.446750 0.009375 0.004000
0 0.494531 0.412000 0.007812 0.005500
0 0.503125 0.421875 0.009375 0.005250
0 0.536198 0.389250 0.008854 0.004500
0 0.543229 0.413875 0.010417 0.005250
0 0.567969 0.408250 0.013021 0.005000
0 0.552083 0.361125 0.010417 0.005250
0 0.592187 0.329250 0.009375 0.005000
0 0.778646 0.506125 0.011458 0.003750
0 0.791667 0.495625 0.011458 0.003750
0 0.468750 0.596625 0.012500 0.007250
0 0.553385 0.656625 0.010937 0.007250
0 0.639062 0.635875 0.006250 0.004750
0 0.642708 0.634500 0.008333 0.004000
0 0.676042 0.664500 0.014583 0.006500
