0 0.391750 0.575521 0.005500 0.014583
0 0.479250 0.713802 0.006500 0.015104
0 0.476375 0.632292 0.006250 0.013542
0 0.484250 0.655208 0.005500 0.019792
0 0.484875 0.660417 0.004250 0.014583
0 0.490000 0.645052 0.004500 0.013021
0 0.485500 0.677865 0.006500 0.017188
0 0.485750 0.678906 0.005500 0.009896
0 0.469750 0.608854 0.005000 0.013542
0 0.460750 0.583073 0.005500 0.017188
0 0.468375 0.561979 0.004250 0.012500
0 0.468750 0.588802 0.005000 0.015104
0 0.471125 0.583333 0.005250 0.011458
0 0.474625 0.589063 0.003750 0.011458
0 0.491250 0.491927 0.004000 0.016146
0 0.500000 0.501563 0.006500 0.013542
0 0.509375 0.504948 0.006250 0.016146
0 0.515250 0.497396 0.004000 0.012500
0 0.521875 0.515365 0.004750 0.013021
0 0.524625 0.523438 0.005250 0.014583
0 0.533875 0.534375 0.005750 0.013542
0 0.539375 0.532813 0.003750 0.016667
0 0.502375 0.447135 0.003250 0.017188
0 0.506000 0.445573 0.004500 0.014063
0 0.520875 0.441667 0.005750 0.014583
0 0.538625 0.441927 0.006250 0.013021
0 0.540750 0.454167 0.004000 0.011458
0 0.548875 0.444792 0.005750 0.015625
0 0.547250 0.427344 0.006500 0.015104
0 0.556875 0.428646 0.005750 0.012500
0 0.566500 0.457031 0.007500 0.018229
0 0.564125 0.421875 0.004250 0.014583
0 0.569750 0.414323 0.007000 0.011979
0 0.573875 0.430469 0.004250 0.014063
0 0.578875 0.450260 0.005750 0.016146
0 0.582375 0.455208 0.005750 0.013542
0 0.594125 0.452083 0.006250 0.012500
0 0.565625 0.525260 0.004250 0.011979
0 0.574500 0.558594 0.008000 0.019271
0 0.574375 0.561198 0.006750 0.017188
0 0.598000 0.589323 0.006000 0.014063
0 0.603000 0.592708 0.007000 0.011458
0 0.601000 0.582812 0.007000 0.019792
0 0.611500 0.590885 0.005000 0.015104
0 0.616375 0.605729 0.006250 0.012500
0 0.621875 0.623698 0.004750 0.014063
0 0.597250 0.649740 0.007500 0.015104
0 0.637375 0.676562 0.006750 0.015625
0 0.625000 0.621875 0.003500 0.013542
0 0.627875 0.616406 0.005250 0.013021
0 0.628875 0.629167 0.003750 0.015625
0 0.632375 0.631250 0.005750 0.013542
0 0.631125 0.623437 0.005750 0.013542
0 0.633125 0.618229 0.005750 0.014583
0 0.646625 0.632292 0.006250 0.010417
0 0.646250 0.642448 0.004500 0.014063
0 0.649375 0.650521 0.004250 0.013542
0 0.642375 0.651302 0.004250 0.014063
0 0.646500 0.654167 0.005000 0.017708
0 0.645375 0.665625 0.004750 0.018750
0 0.661875 0.643229 0.006250 0.014583
0 0.663250 0.672656 0.007000 0.016146
0 0.666625 0.686458 0.006250 0.016667
0 0.670000 0.683594 0.006500 0.017188
0 0.699125 0.530729 0.007250 0.017708
0 0.635250 0.505990 0.005000 0.014063
0 0.666000 0.501823 0.004500 0.010937
0 0.672000 0.482552 0.004500 0.013021
0 0.682125 0.482812 0.006250 0.016667
0 0.671500 0.461979 0.004500 0.011458
0 0.673625 0.470052 0.004750 0.014063
0 0.626375 0.464583 0.005750 0.011458
0 0.596500 0.482552 0.007500 0.014063
0 0.624500 0.452604 0.006500 0.013542
0 0.624250 0.457292 0.005000 0.009375
0 0.627625 0.441146 0.006250 0.014583
0 0.634375 0.439323 0.005750 0.016146
0 0.642250 0.406510 0.006500 0.011979
0 0.670750 0.400260 0.006000 0.014063
0 0.651875 0.442969 0.005750 0.013021
0 0.649750 0.442708 0.005000 0.014583
0 0.656500 0.460156 0.006000 0.010937
0 0.661000 0.445312 0.006500 0.014583
0 0.664125 0.434896 0.005750 0.015625
0 0.673625 0.432812 0.005250 0.011458
0 0.674250 0.442969 0.005000 0.013021
0 0.676750 0.444531 0.005500 0.011979
0 0.688625 0.450781 0.004750 0.013021
0 0.700000 0.446875 0.006500 0.011458
0 0.703125 0.454687 0.006250 0.011458
0 0.715250 0.449740 0.006000 0.013021
0 0.725500 0.432292 0.007000 0.012500
0 0.722750 0.436198 0.006500 0.011979
0 0.723500 0.442969 0.004500 0.011979
0 0.762375 0.451302 0.006250 0.009896
0 0.789125 0.461719 0.004250 0.014063
0 0.801875 0.446354 0.005250 0.014583
0 0.448000 0.091146 0.010000 0.020833
0 0.456250 0.132812 0.007500 0.020833
0 0.461875 0.136979 0.007750 0.021875
0 0.460125 0.151823 0.008750 0.016146
0 0.452375 0.187240 0.008750 0.024479
0 0.582250 0.198958 0.009000 0.014583
0 0.583500 0.216927 0.010000 0.015104
0 0.637250 0.146615 0.008500 0.015104
0 0.648125 0.133594 0.007250 0.019271
0 0.640125 0.157292 0.007250 0.016667
0 0.670875 0.161458 0.008250 0.018750
0 0.646500 0.188021 0.009000 0.015625
0 0.638875 0.202344 0.008250 0.018229
0 0.619375 0.240365 0.008750 0.018229
0 0.601625 0.250781 0.007750 0.019271
0 0.578125 0.254688 0.008750 0.017708
0 0.566375 0.247396 0.009250 0.013542
0 0.567250 0.226302 0.007000 0.020313
0 0.555375 0.273958 0.008750 0.018750
0 0.544500 0.286458 0.012000 0.022917
0 0.545375 0.289062 0.008750 0.011458
0 0.534125 0.296354 0.007250 0.019792
0 0.539500 0.300000 0.009000 0.016667
0 0.527125 0.303906 0.005250 0.017188
