0 0.077604 0.589875 0.009375 0.006250
0 0.076302 0.586750 0.009896 0.006000
0 0.096094 0.605750 0.015104 0.005500
0 0.307031 0.649750 0.008854 0.008000
0 0.242188 0.587625 0.014583 0.005250
0 0.215625 0.515250 0.011458 0.004500
0 0.178646 0.511750 0.011458 0.006000
0 0.156510 0.503750 0.011979 0.006500
0 0.223437 0.494750 0.010417 0.008000
0 0.402604 0.617750 0.015625 0.005000
0 0.412760 0.591250 0.011979 0.005500
0 0.431771 0.585500 0.012500 0.006500
0 0.436458 0.546375 0.012500 0.006250
0 0.483073 0.530500 0.006771 0.006500
0 0.490365 0.528375 0.007812 0.005750
0 0.491146 0.524125 0.007292 0.005250
0 0.487500 0.523375 0.008333 0.004750
0 0.450781 0.526500 0.009896 0.004000
0 0.449479 0.524750 0.011458 0.005000
0 0.434375 0.515750 0.010417 0.006500
0 0.544010 0.480750 0.008854 0.005500
0 0.495312 0.463125 0.009375 0.006250
0 0.505208 0.453000 0.013542 0.004000
0 0.534375 0.453375 0.012500 0.005250
0 0.555469 0.452875 0.015104 0.005250
0 0.513542 0.405000 0.013542 0.006000
0 0.499740 0.391500 0.015104 0.004500
0 0.525260 0.417625 0.007812 0.004750
0 0.529427 0.417125 0.007812 0.004750
0 0.600521 0.403500 0.009375 0.006500
0 0.619010 0.416875 0.011979 0.004750
0 0.528125 0.361250 0.011458 0.002500
0 0.529687 0.358125 0.013542 0.003750
0 0.569010 0.359750 0.015104 0.005000
0 0.591667 0.358750 0.014583 0.005500
0 0.607031 0.337000 0.011979 0.003500
0 0.605990 0.333875 0.010937 0.002750
0 0.436979 0.677625 0.014583 0.005750
0 0.535937 0.627750 0.015625 0.005000
0 0.555729 0.599250 0.014583 0.007000
0 0.626302 0.592375 0.014063 0.004750
0 0.732812 0.582375 0.010417 0.007250
0 0.850521 0.489625 0.011458 0.006750
0 0.934375 0.462750 0.011458 0.004000
0 0.928385 0.448750 0.013021 0.004500
0 0.863021 0.438375 0.007292 0.005250
0 0.891667 0.435750 0.012500 0.004000
0 0.890365 0.433500 0.011979 0.004000
0 0.980990 0.451125 0.009896 0.004250
0 0.980208 0.446625 0.012500 0.004250
0 0.820833 0.673750 0.019792 0.004000
0 0.596875 0.753250 0.008333 0.004000
0 0.419531 0.888625 0.015104 0.008750
0 0.795312 0.805250 0.013542 0.006500
