0 0.515365 0.814625 0.015104 0.006750
0 0.537500 0.808875 0.015625 0.004750
0 0.538021 0.805000 0.010417 0.005000
0 0.558333 0.805750 0.014583 0.005000
0 0.560156 0.801250 0.013021 0.004000
0 0.566927 0.798750 0.013021 0.006000
0 0.571615 0.762125 0.010937 0.005750
0 0.457292 0.769500 0.010417 0.005500
0 0.459896 0.767750 0.010417 0.004500
0 0.510417 0.740625 0.015625 0.005250
0 0.484635 0.743875 0.006771 0.005250
0 0.488542 0.743625 0.008333 0.006250
0 0.473438 0.731500 0.013542 0.006500
0 0.475000 0.717500 0.010417 0.007000
0 0.464583 0.715750 0.008333 0.006000
0 0.454427 0.705500 0.010937 0.007000
0 0.475260 0.703500 0.008854 0.008000
0 0.501823 0.695625 0.010937 0.006750
0 0.494792 0.701125 0.005208 0.003750
0 0.490104 0.700375 0.008333 0.005250
0 0.373437 0.652875 0.014583 0.005750
0 0.581771 0.585000 0.013542 0.005000
0 0.626563 0.581000 0.012500 0.006000
0 0.577604 0.594750 0.009375 0.003500
0 0.574740 0.593375 0.007812 0.003250
0 0.698958 0.599750 0.013542 0.004000
0 0.666406 0.600500 0.010937 0.003000
0 0.670573 0.602000 0.011979 0.003000
0 0.759375 0.593250 0.008333 0.006000
0 0.763021 0.592500 0.008333 0.004500
0 0.986198 0.623000 0.008854 0.004000
0 0.971615 0.598250 0.011979 0.004000
0 0.974219 0.596625 0.011979 0.003750
0 0.979427 0.593625 0.013021 0.003750
0 0.957031 0.586625 0.008854 0.005750
0 0.960938 0.585625 0.009375 0.004750
0 0.916146 0.583125 0.011458 0.004750
0 0.919531 0.580875 0.009896 0.004250
0 0.895573 0.572375 0.013021 0.003250
0 0.893229 0.569000 0.012500 0.004500
0 0.898958 0.585875 0.008333 0.004750
0 0.896875 0.584125 0.009375 0.002750
0 0.872656 0.578750 0.013021 0.002500
0 0.872917 0.576375 0.012500 0.002250
0 0.852865 0.579000 0.013021 0.002000
0 0.852604 0.576750 0.012500 0.002500
0 0.815104 0.605375 0.012500 0.004750
0 0.792969 0.574500 0.010937 0.004500
0 0.793490 0.571750 0.010937 0.004500
0 0.705469 0.576875 0.011979 0.002750
0 0.706510 0.575125 0.013021 0.003250
0 0.686719 0.573750 0.008854 0.005000
0 0.689323 0.569250 0.010937 0.005000
0 0.389062 0.560750 0.008333 0.005000
0 0.397656 0.556250 0.007812 0.005000
0 0.400781 0.556500 0.005729 0.004000
0 0.538281 0.519125 0.007812 0.004250
0 0.544531 0.519375 0.007812 0.006250
0 0.540365 0.520000 0.005729 0.004500
0 0.672656 0.505500 0.008854 0.004500
0 0.655729 0.496000 0.007292 0.004500
0 0.653125 0.494375 0.009375 0.004250
0 0.643490 0.498250 0.006771 0.003500
0 0.640104 0.497000 0.009375 0.005000
0 0.784635 0.471500 0.013021 0.006500
0 0.733073 0.456625 0.011979 0.004250
0 0.737500 0.454500 0.009375 0.004500
0 0.889062 0.411250 0.014583 0.004000
0 0.863021 0.423250 0.011458 0.005000
0 0.879687 0.431250 0.011458 0.005000
0 0.889844 0.431375 0.009896 0.003250
0 0.890365 0.437000 0.011979 0.004500
0 0.944531 0.427625 0.010937 0.006750
0 0.956771 0.415750 0.012500 0.003500
0 0.957031 0.412750 0.013021 0.003000
0 0.893750 0.478375 0.013542 0.005250
0 0.309635 0.528375 0.009896 0.005750
0 0.220312 0.458000 0.012500 0.007000
0 0.442708 0.418500 0.009375 0.006500
0 0.495312 0.406125 0.004167 0.006750
0 0.500000 0.405625 0.005208 0.005250
0 0.489063 0.400625 0.012500 0.003250
0 0.493229 0.397500 0.009375 0.004000
0 0.522656 0.368375 0.005729 0.006750
0 0.528125 0.366125 0.008333 0.007250
0 0.539583 0.368625 0.006250 0.006750
0 0.536719 0.367750 0.005729 0.005500
0 0.559896 0.307500 0.014583 0.004500
0 0.621354 0.318250 0.009375 0.006000
0 0.660677 0.294500 0.009896 0.007000
