0 0.534875 0.603125 0.003750 0.010417
0 0.516250 0.557813 0.004000 0.012500
0 0.515625 0.545833 0.004250 0.009375
0 0.514875 0.538542 0.005750 0.007292
0 0.510875 0.471875 0.003750 0.012500
0 0.514250 0.486458 0.006000 0.007292
0 0.509875 0.496615 0.003250 0.011979
0 0.512625 0.500000 0.004250 0.011458
0 0.502875 0.414062 0.005250 0.013542
0 0.516250 0.418750 0.003500 0.014583
0 0.524000 0.424219 0.003500 0.011979
0 0.530750 0.357812 0.004000 0.013542
0 0.524375 0.330469 0.005750 0.013021
0 0.513250 0.347656 0.005000 0.011979
0 0.514000 0.360156 0.004500 0.010937
0 0.513750 0.376302 0.003500 0.013021
0 0.507625 0.381771 0.004750 0.012500
0 0.498625 0.372656 0.005750 0.010937
0 0.492750 0.360417 0.004000 0.009375
0 0.496125 0.351823 0.003750 0.013021
0 0.497250 0.361979 0.005000 0.009375
0 0.507000 0.361719 0.004000 0.011979
0 0.504625 0.368750 0.004750 0.011458
0 0.546125 0.288802 0.002750 0.009896
0 0.531000 0.283073 0.003000 0.009896
0 0.508375 0.235417 0.003750 0.014583
0 0.498375 0.241406 0.005250 0.010937
0 0.506125 0.195052 0.005750 0.011979
0 0.498625 0.266146 0.005750 0.009375
0 0.502000 0.274479 0.003500 0.014583
0 0.504500 0.268229 0.003500 0.014583
0 0.508250 0.284896 0.006000 0.008333
0 0.509625 0.272135 0.003250 0.014063
0 0.450750 0.094531 0.003500 0.014063
0 0.469000 0.041667 0.003500 0.014583
0 0.480750 0.026562 0.005500 0.015625
0 0.475250 0.016406 0.003500 0.013021
0 0.490625 0.008854 0.006750 0.012500
0 0.448000 0.004427 0.004500 0.008854
0 0.451625 0.300521 0.002750 0.011458
0 0.425625 0.508594 0.004750 0.006771
0 0.407125 0.560417 0.005750 0.009375
0 0.403500 0.592969 0.003500 0.013021
0 0.398375 0.514062 0.005250 0.007292
0 0.396500 0.504427 0.005500 0.011979
0 0.390000 0.487760 0.006000 0.010937
0 0.443250 0.644010 0.005000 0.007812
0 0.447875 0.616667 0.006250 0.008333
0 0.453375 0.630469 0.005250 0.009896
0 0.242750 0.232813 0.006500 0.010417
0 0.271875 0.292448 0.007250 0.015104
0 0.578875 0.758854 0.004750 0.011458
0 0.603625 0.801562 0.005750 0.008333
0 0.637250 0.803646 0.005000 0.009375
0 0.677500 0.817187 0.005000 0.008333
0 0.731875 0.792448 0.005750 0.009896
0 0.753875 0.765625 0.006250 0.007292
0 0.759500 0.871354 0.004000 0.012500
0 0.755375 0.846354 0.006250 0.011458
0 0.742375 0.813281 0.003250 0.009896
0 0.746250 0.817708 0.004500 0.015625
0 0.602000 0.699479 0.005000 0.007292
0 0.621875 0.684375 0.003250 0.011458
0 0.635375 0.653646 0.003750 0.012500
0 0.613875 0.640365 0.005250 0.007812
0 0.616000 0.634635 0.003000 0.010937
0 0.640250 0.616146 0.005000 0.011458
0 0.610125 0.587500 0.004250 0.008333
0 0.636000 0.587760 0.004000 0.009896
0 0.634250 0.548438 0.005500 0.010417
0 0.649750 0.569010 0.004500 0.010937
0 0.673750 0.563542 0.005000 0.010417
0 0.644500 0.600000 0.005500 0.006250
0 0.647250 0.586719 0.002000 0.011979
0 0.650625 0.591667 0.005250 0.007292
0 0.653375 0.580208 0.005250 0.008333
0 0.706750 0.494010 0.005500 0.006771
0 0.655625 0.480729 0.006250 0.007292
0 0.656125 0.473177 0.005750 0.006771
0 0.736250 0.413802 0.005000 0.008854
0 0.710000 0.382812 0.006000 0.009375
0 0.787000 0.311719 0.003500 0.011979
0 0.734750 0.224219 0.005000 0.006771
0 0.809500 0.374740 0.005500 0.011979
