0 0.458854 0.379125 0.027083 0.015250
0 0.434635 0.417375 0.032813 0.015750
0 0.507031 0.402625 0.021354 0.015750
0 0.536979 0.406875 0.022917 0.008750
0 0.552344 0.426750 0.017188 0.012500
0 0.559635 0.444875 0.018229 0.010750
0 0.498437 0.466250 0.031250 0.011500
0 0.433854 0.472250 0.040625 0.019000
0 0.438281 0.472125 0.033854 0.016250
0 0.369010 0.491000 0.032813 0.013000
0 0.484115 0.542375 0.030729 0.014750
0 0.486458 0.535125 0.026042 0.015250
0 0.590104 0.484000 0.029167 0.012000
0 0.591667 0.485875 0.037500 0.013750
0 0.673438 0.503750 0.030208 0.013500
0 0.739062 0.535875 0.030208 0.014750
0 0.722135 0.543250 0.030729 0.013000
0 0.719271 0.635375 0.015625 0.011250
0 0.715104 0.635000 0.026042 0.012000
0 0.668750 0.652500 0.026042 0.012000
0 0.633594 0.650875 0.030729 0.009750
0 0.697656 0.696750 0.031771 0.013500
0 0.702344 0.700500 0.045312 0.011500
0 0.807552 0.665000 0.020313 0.012000
0 0.843750 0.656375 0.020833 0.015250
0 0.870573 0.655375 0.032813 0.015750
0 0.304427 0.577000 0.046354 0.013000
0 0.305990 0.577250 0.041146 0.012500
0 0.324740 0.624125 0.030729 0.016250
0 0.321875 0.622500 0.025000 0.012000
0 0.391406 0.758625 0.030729 0.009250
0 0.390885 0.758250 0.035937 0.012500
0 0.215885 0.699000 0.028646 0.012500
0 0.226042 0.704125 0.028125 0.010750
0 0.236458 0.687625 0.026042 0.009250
0 0.190625 0.624750 0.027083 0.014000
0 0.188802 0.623750 0.030729 0.013000
0 0.206771 0.610375 0.026042 0.013750
0 0.250521 0.613375 0.027083 0.009750
0 0.132812 0.610125 0.040625 0.016250
0 0.132812 0.609000 0.038542 0.016500
0 0.103906 0.629625 0.021354 0.010750
0 0.122135 0.534000 0.019271 0.010000
