0 0.261198 0.411500 0.014063 0.008000
0 0.166406 0.322500 0.015104 0.005000
0 0.208594 0.314125 0.013021 0.005750
0 0.184896 0.123875 0.008333 0.008250
0 0.256250 0.179250 0.015625 0.005000
0 0.260156 0.202375 0.009896 0.007750
0 0.264844 0.158875 0.006771 0.005250
0 0.253385 0.228500 0.015104 0.005000
0 0.252604 0.236625 0.012500 0.007250
0 0.285417 0.259250 0.016667 0.005000
0 0.253906 0.270000 0.014063 0.005500
0 0.260937 0.273875 0.014583 0.005250
0 0.251042 0.280625 0.009375 0.008250
0 0.288802 0.311000 0.009896 0.008500
0 0.285156 0.330625 0.016146 0.005750
0 0.270052 0.333375 0.017188 0.004250
0 0.265365 0.342875 0.009896 0.007750
0 0.293490 0.367875 0.015104 0.005250
0 0.282292 0.365125 0.010417 0.006750
0 0.274479 0.374875 0.008333 0.007750
0 0.300781 0.424625 0.009896 0.008750
0 0.533073 0.335875 0.010937 0.008750
0 0.769792 0.149000 0.011458 0.010500
0 0.640104 0.310125 0.009375 0.007250
0 0.511198 0.530375 0.008854 0.007750
0 0.552865 0.521375 0.014063 0.006750
0 0.601042 0.498000 0.017708 0.005000
0 0.667708 0.472875 0.016667 0.004750
0 0.732812 0.497250 0.015625 0.004500
0 0.741146 0.477375 0.008333 0.006750
0 0.786979 0.483125 0.014583 0.005750
0 0.915885 0.470375 0.010937 0.006750
0 0.910677 0.468500 0.011979 0.005500
0 0.900000 0.491500 0.016667 0.004500
0 0.902083 0.488250 0.011458 0.005000
0 0.889583 0.489750 0.012500 0.004000
0 0.823177 0.506125 0.011979 0.004750
0 0.819531 0.499375 0.008854 0.005250
0 0.804948 0.503625 0.011979 0.004250
0 0.798698 0.503375 0.010937 0.004250
0 0.783073 0.504000 0.007812 0.004500
0 0.672656 0.521250 0.015104 0.003500
0 0.663281 0.518500 0.013021 0.003500
0 0.658073 0.520000 0.013021 0.003000
0 0.541406 0.536625 0.013021 0.003750
0 0.589583 0.592625 0.010417 0.006250
0 0.909375 0.602250 0.016667 0.009000
0 0.555729 0.651750 0.020833 0.007000
0 0.579427 0.693750 0.014063 0.008000
0 0.854427 0.750500 0.013021 0.008000
0 0.879167 0.745500 0.014583 0.005500
0 0.885417 0.744000 0.011458 0.006500
0 0.935937 0.756625 0.013542 0.004250
0 0.943490 0.795375 0.013021 0.006250
0 0.508854 0.619375 0.008333 0.003750
