0 0.011198 0.547250 0.015104 0.006500
0 0.014844 0.546000 0.013021 0.005500
0 0.198437 0.564750 0.013542 0.002500
0 0.196615 0.562375 0.018229 0.002750
0 0.287240 0.605375 0.014063 0.005750
0 0.319531 0.533000 0.013021 0.006000
0 0.245573 0.521375 0.013021 0.006750
0 0.286198 0.513875 0.011979 0.006250
0 0.168229 0.416000 0.015625 0.006000
0 0.157292 0.413000 0.010417 0.003500
0 0.159635 0.409875 0.017188 0.003750
0 0.182812 0.380875 0.013542 0.004250
0 0.427604 0.438750 0.013542 0.006500
0 0.412760 0.437375 0.007812 0.004250
0 0.414844 0.435125 0.013021 0.004750
0 0.391146 0.414500 0.006250 0.005000
0 0.388802 0.413125 0.009896 0.005750
0 0.336979 0.374500 0.010417 0.003500
0 0.346875 0.369750 0.013542 0.007000
0 0.339062 0.357125 0.011458 0.007750
0 0.330208 0.350875 0.008333 0.005750
0 0.323177 0.355750 0.010937 0.008000
0 0.336458 0.333250 0.013542 0.006500
0 0.324219 0.330375 0.017188 0.005750
0 0.325000 0.326000 0.014583 0.004000
0 0.324740 0.273750 0.014063 0.006500
0 0.311719 0.281250 0.007812 0.008000
0 0.307292 0.280625 0.006250 0.006750
0 0.410677 0.296250 0.016146 0.004500
0 0.421615 0.311500 0.013021 0.003000
0 0.418490 0.313625 0.016146 0.003250
0 0.490885 0.313000 0.008854 0.007000
0 0.413021 0.351125 0.011458 0.007250
0 0.420312 0.360875 0.017708 0.005250
0 0.437500 0.373125 0.010417 0.005250
0 0.434635 0.377500 0.010937 0.005500
0 0.437240 0.387875 0.016146 0.005250
0 0.393490 0.383000 0.006771 0.005500
0 0.390625 0.381625 0.009375 0.007250
0 0.447917 0.416125 0.010417 0.004250
0 0.449479 0.414375 0.013542 0.005250
0 0.737760 0.447625 0.007812 0.007750
0 0.733073 0.447375 0.005729 0.006750
0 0.731771 0.442125 0.013542 0.003750
0 0.730469 0.440000 0.010937 0.003000
0 0.752344 0.407500 0.008854 0.007000
0 0.773698 0.404750 0.014063 0.007000
0 0.781510 0.396625 0.013021 0.006750
0 0.776042 0.395250 0.008333 0.007500
0 0.789844 0.385375 0.009896 0.005750
0 0.787760 0.383875 0.013021 0.006750
0 0.815885 0.387625 0.009896 0.007250
0 0.859375 0.374125 0.011458 0.007250
0 0.843229 0.367875 0.016667 0.004750
0 0.866406 0.387875 0.013021 0.008750
0 0.777344 0.354000 0.010937 0.007500
0 0.815104 0.348250 0.010417 0.005500
0 0.813281 0.346125 0.013021 0.006750
0 0.810417 0.345000 0.009375 0.005500
0 0.775781 0.329625 0.014063 0.009750
0 0.875000 0.336500 0.012500 0.007500
0 0.871615 0.335250 0.009896 0.006500
0 0.857031 0.326375 0.008854 0.008250
0 0.773958 0.640625 0.011458 0.008250
0 0.803906 0.630000 0.015104 0.006000
0 0.827344 0.632500 0.016146 0.005500
0 0.829427 0.630000 0.014063 0.004000
0 0.740625 0.647375 0.011458 0.004250
0 0.756771 0.649625 0.009375 0.004250
