0 0.014500 0.715365 0.013000 0.020313
0 0.367625 0.745052 0.018250 0.034896
0 0.423500 0.718229 0.007500 0.010417
0 0.503625 0.714844 0.003750 0.009896
0 0.468000 0.675260 0.004000 0.014063
0 0.473000 0.672135 0.005000 0.010937
0 0.464250 0.681250 0.003500 0.006250
0 0.455000 0.655729 0.004500 0.014583
0 0.467125 0.625260 0.005250 0.010937
0 0.469875 0.621615 0.005750 0.006771
0 0.463250 0.600781 0.003500 0.015104
0 0.420000 0.646354 0.004000 0.009375
0 0.405250 0.633073 0.004000 0.011979
0 0.420500 0.636198 0.006000 0.009896
0 0.421625 0.632812 0.005250 0.006250
0 0.429000 0.568490 0.006000 0.013021
0 0.405000 0.610156 0.006000 0.007812
0 0.406000 0.607031 0.005000 0.007812
0 0.435750 0.528385 0.005500 0.014063
0 0.387250 0.528125 0.005500 0.012500
0 0.421875 0.521354 0.006750 0.013542
0 0.373625 0.550000 0.003750 0.014583
0 0.365625 0.547135 0.003750 0.010937
0 0.415625 0.482812 0.006250 0.008333
0 0.420000 0.475260 0.005000 0.007812
0 0.424125 0.476302 0.005250 0.010937
0 0.368000 0.491667 0.005500 0.009375
0 0.368750 0.487760 0.004500 0.007812
0 0.350125 0.464062 0.005750 0.010417
0 0.356750 0.459896 0.006000 0.009375
0 0.350750 0.445573 0.006000 0.011979
0 0.355375 0.440104 0.003250 0.011458
0 0.372375 0.428646 0.005750 0.009375
0 0.370125 0.417187 0.005750 0.010417
0 0.362375 0.409115 0.006250 0.009896
0 0.345250 0.380208 0.006000 0.012500
0 0.326750 0.366927 0.004000 0.013021
0 0.309375 0.402865 0.004250 0.013021
0 0.311375 0.402344 0.004250 0.010937
0 0.416625 0.074219 0.004250 0.011979
0 0.433500 0.086198 0.004500 0.009896
0 0.453250 0.052865 0.004000 0.015104
0 0.444250 0.094531 0.005500 0.013021
0 0.457125 0.121875 0.005750 0.012500
0 0.448125 0.132552 0.005250 0.014063
0 0.455375 0.134635 0.006250 0.011979
0 0.447750 0.145313 0.006000 0.009375
0 0.441500 0.155990 0.004500 0.011979
0 0.443125 0.163802 0.003750 0.013021
0 0.469500 0.196354 0.005500 0.011458
0 0.452375 0.214062 0.006750 0.008333
0 0.476500 0.230208 0.005000 0.013542
0 0.478750 0.178906 0.003500 0.011979
0 0.475375 0.172396 0.003250 0.015625
0 0.497125 0.169010 0.007250 0.014063
0 0.486375 0.196094 0.004750 0.014063
0 0.492500 0.214583 0.003000 0.012500
0 0.495250 0.208854 0.004000 0.012500
0 0.470250 0.249479 0.004000 0.015625
0 0.449750 0.278906 0.007000 0.010937
0 0.483500 0.270833 0.006000 0.011458
0 0.483750 0.260677 0.004500 0.014063
0 0.509375 0.232292 0.005750 0.011458
0 0.508000 0.244792 0.003500 0.009375
0 0.510750 0.243490 0.004500 0.010937
0 0.501625 0.302604 0.004750 0.014583
0 0.487125 0.296875 0.004250 0.012500
0 0.453125 0.304948 0.006250 0.011979
0 0.449875 0.341667 0.004750 0.012500
0 0.488625 0.330990 0.007250 0.010937
0 0.462750 0.386458 0.005000 0.012500
0 0.468875 0.392969 0.006250 0.007812
0 0.485125 0.387500 0.002750 0.015625
0 0.487875 0.389323 0.002750 0.013021
0 0.540375 0.390104 0.004750 0.014583
0 0.527125 0.445312 0.004250 0.009375
0 0.525375 0.448177 0.005750 0.009896
0 0.549625 0.490625 0.005250 0.013542
0 0.545125 0.548438 0.005250 0.011458
0 0.507625 0.547396 0.005250 0.013542
0 0.482750 0.532552 0.005000 0.015104
0 0.473125 0.465625 0.003750 0.015625
0 0.501375 0.135156 0.006250 0.010937
0 0.578500 0.693490 0.004500 0.008854
0 0.578250 0.686458 0.003000 0.009375
0 0.636750 0.633854 0.006500 0.011458
0 0.598000 0.613802 0.005500 0.009896
0 0.596125 0.623958 0.006250 0.010417
0 0.654875 0.658594 0.007750 0.009896
0 0.660000 0.630469 0.004000 0.013021
0 0.682125 0.580469 0.005750 0.011979
0 0.691250 0.578385 0.004000 0.014063
0 0.678625 0.489323 0.004750 0.008854
0 0.674000 0.492708 0.004000 0.011458
0 0.677875 0.524219 0.004250 0.008854
0 0.676750 0.522396 0.004000 0.008333
0 0.690250 0.434375 0.006000 0.009375
0 0.712000 0.416667 0.004000 0.010417
0 0.710875 0.410677 0.004250 0.007812
0 0.653250 0.724479 0.004500 0.014583
0 0.700875 0.559115 0.004750 0.011979
0 0.614125 0.511979 0.005250 0.005208
0 0.613750 0.508073 0.005500 0.004687
0 0.616125 0.375521 0.007250 0.014583
0 0.594875 0.221354 0.004250 0.012500
0 0.593250 0.210677 0.004000 0.010937
0 0.605750 0.189323 0.005500 0.011979
0 0.614875 0.184375 0.004750 0.013542
0 0.608250 0.176823 0.006000 0.011979
