0 0.443875 0.285938 0.006250 0.018750
0 0.428500 0.485937 0.005000 0.019792
0 0.443250 0.477083 0.008500 0.013542
0 0.461375 0.498958 0.005750 0.019792
0 0.462625 0.553385 0.006750 0.015104
0 0.483625 0.588021 0.007750 0.015625
0 0.482125 0.614844 0.008250 0.015104
0 0.487125 0.648958 0.009250 0.015625
0 0.461750 0.639062 0.006500 0.016667
0 0.457500 0.635938 0.003000 0.014583
0 0.554250 0.857031 0.008000 0.021354
0 0.547375 0.835938 0.008750 0.012500
0 0.544625 0.810677 0.006750 0.023438
0 0.556875 0.801302 0.006750 0.025521
0 0.638625 0.947917 0.010250 0.011458
0 0.641000 0.960417 0.010000 0.018750
0 0.606875 0.770573 0.006750 0.022396
0 0.622750 0.721094 0.010000 0.018229
0 0.597875 0.683333 0.008750 0.015625
0 0.565625 0.657292 0.007750 0.018750
0 0.538750 0.708073 0.008000 0.019271
0 0.623750 0.635677 0.007500 0.014063
0 0.602875 0.600260 0.008750 0.013021
0 0.582500 0.616667 0.009000 0.016667
0 0.573250 0.574479 0.009500 0.019792
0 0.574000 0.606510 0.005500 0.019271
0 0.569375 0.600781 0.004750 0.017188
0 0.583625 0.643750 0.007750 0.016667
0 0.585875 0.639062 0.006750 0.013542
0 0.553375 0.667448 0.007250 0.014063
0 0.551250 0.672135 0.005500 0.011979
0 0.522500 0.474219 0.010000 0.014063
0 0.479750 0.410938 0.006000 0.017708
0 0.498500 0.310156 0.007500 0.014063
0 0.504500 0.299219 0.007000 0.014063
0 0.548750 0.415365 0.009500 0.017188
0 0.580500 0.403385 0.009500 0.013021
0 0.591875 0.397135 0.008250 0.022396
0 0.558250 0.356510 0.006500 0.017188
0 0.559750 0.352083 0.006000 0.011458
0 0.581875 0.462500 0.008250 0.016667
0 0.597500 0.447656 0.007500 0.015104
0 0.607625 0.466927 0.005250 0.021354
0 0.609500 0.451302 0.008500 0.009896
0 0.610625 0.445052 0.007250 0.006771
0 0.648750 0.385156 0.008000 0.027604
0 0.617750 0.508073 0.010000 0.015104
0 0.621250 0.533854 0.007000 0.014583
0 0.643625 0.519010 0.006250 0.020313
0 0.658875 0.544792 0.009750 0.015625
0 0.683375 0.544271 0.011250 0.012500
0 0.669125 0.508333 0.009750 0.012500
0 0.667250 0.496354 0.009000 0.009375
0 0.668250 0.487760 0.009000 0.009896
0 0.679875 0.471354 0.007750 0.021875
0 0.698875 0.643229 0.007750 0.012500
0 0.700125 0.630990 0.009750 0.010937
0 0.682875 0.609635 0.007250 0.014063
0 0.667750 0.590104 0.007500 0.014583
0 0.663250 0.589063 0.008000 0.013542
0 0.666375 0.599479 0.007250 0.008333
0 0.732500 0.693229 0.009500 0.013542
0 0.723125 0.681510 0.009250 0.015104
0 0.724500 0.671615 0.008000 0.008854
0 0.768875 0.670573 0.010750 0.014063
0 0.795125 0.804427 0.008250 0.018229
0 0.798875 0.642708 0.009250 0.014583
0 0.798125 0.633333 0.009250 0.010417
0 0.755500 0.608333 0.012500 0.012500
0 0.760125 0.588021 0.010250 0.011458
0 0.759250 0.596354 0.010000 0.008333
0 0.719625 0.592969 0.010250 0.018229
0 0.721375 0.574479 0.007750 0.019792
0 0.676625 0.596875 0.008250 0.015625
0 0.687250 0.596354 0.008000 0.010417
0 0.724000 0.465885 0.008500 0.020313
0 0.719125 0.470052 0.007250 0.007812
0 0.719250 0.480208 0.008500 0.014583
0 0.523875 0.283594 0.005750 0.014063
0 0.524875 0.278125 0.007750 0.012500
0 0.541500 0.270052 0.007500 0.019271
0 0.550125 0.277344 0.006750 0.015104
0 0.561875 0.307031 0.006750 0.014063
0 0.578375 0.306510 0.009250 0.015104
0 0.584250 0.278385 0.007000 0.014063
0 0.592250 0.260156 0.005500 0.017188
0 0.600875 0.266927 0.008750 0.011979
0 0.599875 0.277865 0.007750 0.014063
0 0.599000 0.284375 0.007500 0.013542
0 0.596500 0.292448 0.006000 0.014063
0 0.593125 0.280729 0.003750 0.015625
0 0.590625 0.276302 0.004250 0.014063
0 0.621000 0.266927 0.005500 0.022396
0 0.617000 0.297396 0.008500 0.010417
0 0.614250 0.309635 0.008000 0.014063
0 0.624250 0.310937 0.005000 0.020833
0 0.631500 0.341927 0.008500 0.009896
0 0.646250 0.273698 0.008000 0.016146
0 0.655625 0.331510 0.006250 0.019271
0 0.697625 0.319792 0.008250 0.015625
0 0.679000 0.342448 0.009500 0.008854
0 0.675750 0.334635 0.008000 0.008854
0 0.670750 0.332292 0.008500 0.014583
0 0.665500 0.322396 0.004500 0.017708
0 0.668500 0.316927 0.007000 0.015104
0 0.678625 0.307552 0.003750 0.018229
0 0.680875 0.300000 0.003750 0.012500
0 0.599500 0.188281 0.010000 0.013021
0 0.547500 0.197396 0.007500 0.012500
0 0.538375 0.210677 0.007250 0.013021
0 0.562500 0.215885 0.007000 0.017188
0 0.478875 0.175000 0.005750 0.020833
0 0.442500 0.102344 0.018500 0.032813
0 0.543125 0.039583 0.013750 0.026042
0 0.692250 0.114062 0.018500 0.036458
