0 0.243000 0.524740 0.007500 0.015104
0 0.392250 0.584896 0.008000 0.018750
0 0.380625 0.583594 0.008750 0.014063
0 0.341000 0.027604 0.003500 0.020833
0 0.344125 0.028646 0.003250 0.018750
0 0.529375 0.580990 0.005250 0.014063
0 0.531125 0.585677 0.005750 0.014063
0 0.530500 0.571354 0.004000 0.011458
0 0.533875 0.571354 0.003250 0.013542
0 0.533875 0.342187 0.007250 0.022917
0 0.559500 0.264583 0.008000 0.023958
0 0.499625 0.229687 0.004750 0.020833
0 0.504375 0.231250 0.005250 0.021875
0 0.515750 0.196094 0.009000 0.011979
0 0.510375 0.184115 0.005250 0.022396
0 0.561750 0.061719 0.009000 0.023438
0 0.630125 0.204687 0.006250 0.008333
0 0.631125 0.212500 0.007750 0.010417
0 0.584875 0.655469 0.008750 0.017188
0 0.656000 0.615365 0.009000 0.017188
0 0.676875 0.602865 0.008750 0.020313
0 0.689625 0.577865 0.009250 0.021354
0 0.678250 0.583594 0.007500 0.015104
0 0.684875 0.537240 0.006750 0.019271
0 0.688250 0.698958 0.006000 0.013542
