0 0.569010 0.633000 0.010937 0.005500
0 0.515365 0.604250 0.010937 0.007000
0 0.478906 0.598625 0.014063 0.006250
0 0.411458 0.553750 0.011458 0.005500
0 0.400521 0.531250 0.010417 0.006000
0 0.670833 0.522375 0.013542 0.006750
0 0.546615 0.494750 0.014063 0.008000
0 0.283854 0.509000 0.015625 0.007500
0 0.461719 0.436875 0.016146 0.003750
0 0.465365 0.440000 0.013021 0.004500
0 0.372656 0.453500 0.010937 0.004000
0 0.742188 0.410750 0.016667 0.007000
0 0.542188 0.318625 0.012500 0.006250
0 0.508854 0.352125 0.016667 0.005750
0 0.475521 0.350250 0.014583 0.005000
0 0.347917 0.141250 0.013542 0.008500
0 0.261198 0.450625 0.014063 0.005250
0 0.265104 0.451250 0.012500 0.005500
