0 0.200781 0.771750 0.011979 0.004000
0 0.215365 0.762500 0.011979 0.003500
0 0.225521 0.776125 0.009375 0.004250
0 0.223958 0.774500 0.009375 0.003500
0 0.270313 0.766375 0.009375 0.004250
0 0.296354 0.763500 0.013542 0.006500
0 0.305729 0.750500 0.012500 0.004000
0 0.259635 0.736500 0.013021 0.004500
0 0.346354 0.749875 0.013542 0.004750
0 0.379167 0.745000 0.011458 0.005500
0 0.326823 0.741875 0.011979 0.005750
0 0.302865 0.734375 0.013021 0.003250
0 0.300000 0.731000 0.011458 0.003500
0 0.290625 0.726875 0.013542 0.004250
0 0.307552 0.724625 0.011979 0.004750
0 0.307552 0.707750 0.008854 0.007000
0 0.330990 0.696375 0.007812 0.004750
0 0.320052 0.687000 0.013021 0.004500
0 0.355469 0.689500 0.013021 0.004000
0 0.364063 0.696125 0.013542 0.003750
0 0.373437 0.703125 0.010417 0.003750
0 0.372656 0.707125 0.014063 0.005250
0 0.395833 0.685250 0.012500 0.005000
0 0.430729 0.676250 0.008333 0.006500
0 0.505208 0.682000 0.012500 0.004000
0 0.472396 0.693625 0.010417 0.003750
0 0.452344 0.697625 0.006771 0.005750
0 0.425781 0.705250 0.011979 0.003500
0 0.431771 0.701875 0.010417 0.003250
0 0.422656 0.701375 0.008854 0.003250
0 0.439062 0.714625 0.011458 0.003250
0 0.420312 0.717250 0.014583 0.004500
0 0.416927 0.722375 0.010937 0.003250
0 0.408333 0.725875 0.013542 0.003750
0 0.392969 0.721750 0.010937 0.004500
0 0.397135 0.730375 0.009896 0.005750
0 0.390625 0.728750 0.011458 0.002500
0 0.390885 0.726375 0.010937 0.002250
0 0.360156 0.728000 0.005729 0.005500
0 0.366667 0.730625 0.011458 0.005250
0 0.515104 0.709750 0.010417 0.004000
0 0.541927 0.700875 0.010937 0.004250
0 0.561458 0.703875 0.009375 0.003250
0 0.567448 0.700125 0.009896 0.005250
0 0.587500 0.690250 0.012500 0.004500
0 0.570573 0.691375 0.013021 0.004250
0 0.571615 0.687250 0.008854 0.005000
0 0.602344 0.679875 0.008854 0.003250
0 0.595052 0.680375 0.008854 0.005750
0 0.555990 0.684000 0.009896 0.003500
0 0.553906 0.688250 0.010937 0.005000
0 0.487500 0.706750 0.010417 0.003500
0 0.486198 0.705000 0.010937 0.002500
0 0.542969 0.661875 0.013021 0.003750
0 0.620833 0.665000 0.013542 0.004000
0 0.577604 0.606625 0.012500 0.004750
0 0.561198 0.579750 0.006771 0.005500
0 0.523698 0.602500 0.013021 0.004500
0 0.500260 0.582875 0.013021 0.004250
0 0.481510 0.567750 0.011979 0.004000
0 0.460417 0.573625 0.010417 0.004750
0 0.456771 0.571000 0.008333 0.004000
0 0.446354 0.597875 0.012500 0.004250
0 0.430990 0.607250 0.006771 0.006000
0 0.406771 0.612500 0.008333 0.005500
0 0.435937 0.628375 0.014583 0.005250
0 0.402083 0.602250 0.011458 0.003500
0 0.406250 0.590125 0.012500 0.003250
0 0.418229 0.582625 0.012500 0.004750
0 0.414062 0.572750 0.012500 0.005500
0 0.392448 0.581375 0.013021 0.005750
0 0.378906 0.585000 0.009896 0.004000
0 0.370573 0.590375 0.013021 0.003750
0 0.371875 0.600375 0.014583 0.003750
0 0.377865 0.608250 0.014063 0.006500
0 0.346875 0.603875 0.011458 0.003750
0 0.346354 0.601000 0.010417 0.003000
0 0.330990 0.602875 0.011979 0.003750
0 0.322135 0.605875 0.010937 0.002750
0 0.255208 0.603375 0.013542 0.003750
0 0.259115 0.606125 0.011979 0.002250
0 0.258854 0.608125 0.011458 0.002250
0 0.230729 0.611375 0.013542 0.004250
0 0.221354 0.607375 0.012500 0.004750
0 0.180208 0.613375 0.012500 0.003750
0 0.161198 0.604500 0.008854 0.004500
0 0.161198 0.627250 0.015104 0.004000
0 0.178385 0.609625 0.013021 0.002250
0 0.178385 0.607500 0.011979 0.002500
0 0.206250 0.600250 0.013542 0.003000
0 0.204687 0.603875 0.009375 0.003750
0 0.196354 0.603125 0.011458 0.003250
0 0.126823 0.591625 0.010937 0.004250
0 0.116927 0.571250 0.008854 0.004000
0 0.119792 0.567500 0.011458 0.003500
0 0.179167 0.554750 0.009375 0.005500
0 0.179948 0.566750 0.014063 0.004500
0 0.207031 0.577125 0.015104 0.004750
0 0.217969 0.589250 0.013021 0.005500
0 0.276042 0.592375 0.012500 0.003250
0 0.248698 0.588000 0.011979 0.003500
0 0.256250 0.586125 0.009375 0.003250
0 0.238542 0.591875 0.009375 0.002750
0 0.240885 0.590250 0.010937 0.003000
0 0.258854 0.574250 0.013542 0.004000
0 0.267448 0.569625 0.014063 0.003750
0 0.244271 0.574750 0.011458 0.003000
0 0.236458 0.578125 0.012500 0.002750
0 0.237760 0.582375 0.011979 0.004750
0 0.241667 0.581500 0.011458 0.003000
0 0.305469 0.582250 0.010937 0.004500
0 0.314323 0.572500 0.007812 0.004500
0 0.307031 0.573250 0.006771 0.005500
0 0.309896 0.592625 0.012500 0.002750
0 0.328646 0.584750 0.011458 0.003500
0 0.328646 0.582500 0.009375 0.003000
0 0.343229 0.582750 0.006250 0.006500
0 0.352344 0.583750 0.010937 0.003500
0 0.359375 0.582125 0.009375 0.004250
0 0.360677 0.580625 0.008854 0.003750
0 0.303385 0.590500 0.010937 0.003500
0 0.302344 0.588750 0.009896 0.002500
0 0.543229 0.573500 0.008333 0.003500
0 0.541667 0.571625 0.011458 0.003750
0 0.623698 0.539750 0.013021 0.004000
0 0.582292 0.517125 0.013542 0.003750
0 0.570312 0.510000 0.010417 0.005500
0 0.560417 0.508750 0.007292 0.005000
0 0.525781 0.509500 0.010937 0.003500
0 0.535937 0.498875 0.011458 0.005750
0 0.525521 0.504875 0.010417 0.002750
0 0.526042 0.502875 0.009375 0.002250
0 0.533854 0.508125 0.009375 0.003750
0 0.536198 0.506250 0.009896 0.003500
0 0.545052 0.508250 0.006771 0.004500
0 0.548177 0.507750 0.006771 0.005500
0 0.504167 0.500500 0.005208 0.005500
0 0.509115 0.499250 0.005729 0.005500
0 0.516927 0.494375 0.009896 0.004750
0 0.510677 0.490875 0.011979 0.002750
0 0.475781 0.496625 0.010937 0.003750
0 0.505990 0.481750 0.008854 0.005000
0 0.519531 0.486375 0.011979 0.004750
0 0.544271 0.453250 0.009375 0.005000
0 0.533594 0.469500 0.005729 0.004000
0 0.537240 0.469250 0.006771 0.005500
0 0.534115 0.479125 0.010937 0.003750
0 0.535417 0.477375 0.008333 0.003250
0 0.551302 0.481125 0.010937 0.004250
0 0.553646 0.479250 0.009375 0.004000
0 0.586198 0.483875 0.007812 0.005750
0 0.591146 0.483125 0.006250 0.005250
0 0.460156 0.467625 0.011979 0.003750
0 0.462500 0.463625 0.010417 0.003750
0 0.438542 0.465125 0.009375 0.002750
0 0.438802 0.462500 0.009896 0.003500
0 0.428385 0.457375 0.013021 0.003750
0 0.407552 0.462125 0.009896 0.005250
0 0.390104 0.459375 0.009375 0.004250
0 0.396875 0.452500 0.011458 0.004500
0 0.412760 0.446125 0.008854 0.005250
0 0.425260 0.447000 0.007812 0.004500
0 0.419531 0.442500 0.008854 0.004000
0 0.388802 0.439125 0.011979 0.004250
0 0.365104 0.449375 0.010417 0.002750
0 0.365625 0.447000 0.010417 0.002500
0 0.370312 0.458875 0.010417 0.002250
0 0.371094 0.461125 0.013021 0.004250
0 0.451823 0.477375 0.008854 0.003750
0 0.452344 0.475750 0.008854 0.003500
0 0.459115 0.475750 0.009896 0.004500
0 0.357812 0.433375 0.011458 0.004250
0 0.370573 0.430500 0.011979 0.004000
0 0.375000 0.428000 0.008333 0.003500
0 0.359375 0.422250 0.010417 0.004000
0 0.348177 0.418750 0.013021 0.003000
0 0.346354 0.422500 0.011458 0.003500
0 0.336458 0.423000 0.009375 0.003500
0 0.305990 0.424250 0.010937 0.004000
0 0.318229 0.417875 0.011458 0.005250
0 0.304948 0.410000 0.010937 0.005000
0 0.310677 0.402000 0.005729 0.006500
0 0.322396 0.407625 0.012500 0.002250
0 0.320052 0.405125 0.009896 0.003750
0 0.328385 0.395000 0.009896 0.005000
0 0.346615 0.390750 0.007812 0.006500
0 0.364063 0.383375 0.010417 0.004250
0 0.351562 0.383125 0.008333 0.004250
0 0.343490 0.384875 0.006771 0.005750
0 0.086198 0.312250 0.006771 0.003500
0 0.141927 0.329375 0.008854 0.002750
0 0.141667 0.327250 0.010417 0.002500
0 0.132031 0.352500 0.013021 0.007000
0 0.216406 0.337500 0.008854 0.006500
0 0.235677 0.334625 0.009896 0.006250
0 0.219792 0.324125 0.009375 0.004750
0 0.225781 0.326000 0.008854 0.003500
0 0.228125 0.325125 0.008333 0.004250
0 0.273958 0.336000 0.008333 0.006000
0 0.240365 0.348500 0.010937 0.006000
0 0.281250 0.355625 0.013542 0.003750
0 0.251823 0.371500 0.010937 0.006000
0 0.268490 0.381125 0.007812 0.004750
0 0.297917 0.373625 0.011458 0.003750
0 0.285677 0.370125 0.010937 0.005250
0 0.294792 0.368625 0.011458 0.005250
0 0.357292 0.357875 0.010417 0.005750
0 0.395573 0.378500 0.011979 0.004000
0 0.402344 0.382625 0.010937 0.004250
0 0.404948 0.390125 0.008854 0.006250
0 0.169792 0.398125 0.008333 0.005250
0 0.225000 0.389500 0.011458 0.004000
0 0.232031 0.388125 0.009896 0.003750
0 0.221094 0.384750 0.010937 0.005000
0 0.231250 0.381625 0.011458 0.004250
0 0.239583 0.377500 0.009375 0.006000
0 0.226042 0.371500 0.009375 0.005000
0 0.326562 0.386000 0.009375 0.003500
0 0.328906 0.384750 0.008854 0.004500
0 0.365104 0.398250 0.006250 0.006500
0 0.361458 0.404125 0.009375 0.003250
0 0.359115 0.407375 0.010937 0.002750
0 0.367708 0.408000 0.006250 0.003500
0 0.373437 0.406875 0.009375 0.004250
0 0.380469 0.404000 0.006771 0.006000
0 0.376302 0.416125 0.008854 0.004250
0 0.374479 0.412375 0.006250 0.004250
0 0.377865 0.412000 0.006771 0.004500
0 0.398958 0.402000 0.009375 0.005500
0 0.405208 0.416375 0.010417 0.005250
0 0.439323 0.410125 0.009896 0.004750
0 0.438281 0.401625 0.011979 0.003250
0 0.446875 0.425000 0.011458 0.003000
0 0.465885 0.415750 0.009896 0.004500
0 0.485937 0.424750 0.010417 0.004000
0 0.484115 0.419750 0.006771 0.005500
0 0.470573 0.431375 0.008854 0.005250
0 0.447656 0.431125 0.008854 0.004250
0 0.413542 0.425875 0.009375 0.003250
0 0.414583 0.424375 0.008333 0.002750
0 0.441927 0.438625 0.009896 0.004750
0 0.468750 0.441750 0.006250 0.005000
0 0.473958 0.442375 0.004167 0.005750
0 0.482031 0.448000 0.008854 0.005000
0 0.501823 0.449750 0.013021 0.003500
0 0.471354 0.454500 0.010417 0.004000
0 0.463021 0.449875 0.008333 0.003750
0 0.467187 0.448875 0.007292 0.003750
0 0.498437 0.459250 0.013542 0.002500
0 0.497917 0.457000 0.010417 0.002500
0 0.426042 0.419250 0.009375 0.004500
0 0.430469 0.418250 0.009896 0.003000
0 0.430729 0.416250 0.009375 0.003000
0 0.516667 0.430375 0.010417 0.005750
0 0.801042 0.524625 0.006250 0.004250
0 0.804688 0.524125 0.008333 0.005250
0 0.793750 0.493625 0.011458 0.006250
0 0.805469 0.491875 0.004687 0.004750
0 0.801302 0.491125 0.004687 0.006750
0 0.753906 0.464500 0.010937 0.003500
0 0.760677 0.480875 0.008854 0.003250
0 0.759375 0.478750 0.006250 0.003000
0 0.736979 0.438125 0.010417 0.006250
0 0.750000 0.428125 0.011458 0.006250
0 0.788542 0.442250 0.006250 0.007500
0 0.795833 0.443875 0.007292 0.006250
0 0.767448 0.397250 0.013021 0.005000
0 0.713802 0.396750 0.011979 0.006500
0 0.786198 0.386625 0.013021 0.004750
0 0.791146 0.384500 0.008333 0.005500
0 0.774219 0.391625 0.007812 0.005250
0 0.779948 0.391125 0.007812 0.006250
0 0.735677 0.358000 0.008854 0.005000
0 0.854687 0.359625 0.009375 0.006750
0 0.834635 0.324500 0.011979 0.006000
0 0.816146 0.338625 0.005208 0.006250
0 0.821354 0.338875 0.006250 0.006250
0 0.794010 0.327125 0.010937 0.005250
0 0.782292 0.323000 0.007292 0.007000
0 0.808073 0.323625 0.004687 0.007250
0 0.803646 0.323125 0.004167 0.005750
0 0.704167 0.325125 0.008333 0.006750
0 0.631250 0.317875 0.013542 0.003750
0 0.670833 0.326625 0.009375 0.004250
0 0.671875 0.324875 0.008333 0.003750
0 0.709115 0.272750 0.010937 0.004500
0 0.726562 0.273250 0.011458 0.004000
0 0.720833 0.294750 0.008333 0.005500
0 0.718490 0.292000 0.006771 0.005000
0 0.680469 0.206000 0.008854 0.005000
0 0.665625 0.197375 0.010417 0.004250
0 0.684375 0.177875 0.008333 0.006750
0 0.848177 0.555875 0.014063 0.006250
0 0.907292 0.471500 0.008333 0.006000
0 0.954688 0.454500 0.011458 0.006000
0 0.896094 0.414875 0.008854 0.005250
0 0.930208 0.398750 0.009375 0.005000
0 0.919010 0.394375 0.008854 0.004750
0 0.908854 0.395875 0.009375 0.004250
0 0.903385 0.394000 0.007812 0.003500
0 0.923177 0.377500 0.006771 0.005000
0 0.919271 0.377000 0.005208 0.004500
0 0.938802 0.385000 0.008854 0.002000
0 0.937760 0.383250 0.010937 0.002500
0 0.923177 0.314125 0.009896 0.005250
0 0.542708 0.179000 0.010417 0.008000
0 0.391667 0.112000 0.012500 0.004500
0 0.667188 0.749875 0.010417 0.003750
0 0.651302 0.739750 0.009896 0.006000
