0 0.144792 0.422250 0.012500 0.005500
0 0.156771 0.413875 0.012500 0.005750
0 0.157552 0.405375 0.011979 0.002750
0 0.165885 0.403250 0.013021 0.004000
0 0.202604 0.399375 0.014583 0.005250
0 0.206250 0.394375 0.011458 0.004750
0 0.149479 0.404250 0.009375 0.005000
0 0.153385 0.400250 0.013021 0.003500
0 0.219531 0.356125 0.015104 0.003750
0 0.200000 0.353625 0.008333 0.005250
0 0.191927 0.354125 0.009896 0.005750
0 0.233854 0.359500 0.008333 0.004500
0 0.308333 0.322500 0.008333 0.006500
0 0.297396 0.292625 0.009375 0.005250
0 0.316927 0.294500 0.009896 0.005500
0 0.273438 0.288000 0.012500 0.006500
0 0.258594 0.280000 0.008854 0.005500
0 0.236719 0.279125 0.006771 0.004250
0 0.224479 0.273250 0.009375 0.002500
0 0.233854 0.276000 0.008333 0.003000
0 0.230990 0.273625 0.002604 0.004750
0 0.327865 0.133750 0.014063 0.008000
0 0.269792 0.103375 0.014583 0.003750
0 0.359896 0.317750 0.008333 0.006000
0 0.417969 0.305250 0.011979 0.004000
0 0.213542 0.435750 0.007292 0.006500
0 0.207552 0.437750 0.006771 0.004500
0 0.203125 0.442500 0.007292 0.004500
0 0.201302 0.446875 0.006771 0.004750
0 0.222135 0.477750 0.015104 0.005500
0 0.261719 0.469000 0.013021 0.006500
0 0.345052 0.464625 0.007812 0.006250
0 0.355208 0.461250 0.011458 0.004500
0 0.371094 0.457875 0.010937 0.003750
0 0.387240 0.444750 0.014063 0.004500
0 0.390104 0.463375 0.010417 0.006750
0 0.392448 0.458875 0.011979 0.003250
0 0.396094 0.456500 0.009896 0.003500
0 0.395052 0.452500 0.009896 0.005500
0 0.410677 0.448625 0.009896 0.004250
0 0.408073 0.453625 0.010937 0.004750
0 0.406510 0.457375 0.007812 0.004750
0 0.446875 0.456000 0.012500 0.004000
0 0.457813 0.450875 0.013542 0.004750
0 0.459375 0.461250 0.011458 0.004500
0 0.430729 0.471125 0.010417 0.004250
0 0.416146 0.471750 0.012500 0.003500
0 0.411979 0.467875 0.010417 0.004250
0 0.417187 0.464000 0.010417 0.004500
0 0.416667 0.461375 0.011458 0.004250
0 0.428646 0.463625 0.009375 0.005750
0 0.436719 0.460375 0.006771 0.006250
0 0.477083 0.461250 0.012500 0.003000
0 0.476562 0.463500 0.011458 0.002000
0 0.524219 0.468375 0.013021 0.003750
0 0.507292 0.454625 0.012500 0.004250
0 0.489583 0.436125 0.010417 0.005750
0 0.467708 0.429000 0.013542 0.003500
0 0.522396 0.431375 0.012500 0.006250
0 0.539323 0.441125 0.011979 0.005250
0 0.561458 0.425125 0.013542 0.004250
0 0.540104 0.425250 0.010417 0.006000
0 0.608073 0.468250 0.013021 0.005000
0 0.591146 0.467000 0.011458 0.004500
0 0.589844 0.462625 0.013021 0.003750
0 0.584375 0.455875 0.010417 0.005250
0 0.575000 0.459875 0.012500 0.003250
0 0.557813 0.457875 0.009375 0.005250
0 0.550000 0.468750 0.009375 0.004000
0 0.552083 0.465375 0.010417 0.002750
0 0.564844 0.465625 0.013021 0.005750
0 0.573958 0.454750 0.010417 0.004500
0 0.566927 0.453250 0.010937 0.004000
0 0.621094 0.452375 0.011979 0.003750
0 0.623437 0.448625 0.010417 0.004750
0 0.508854 0.443125 0.011458 0.003750
0 0.510156 0.445625 0.010937 0.003750
0 0.560156 0.396250 0.015104 0.004000
0 0.752865 0.435250 0.009896 0.004500
0 0.751823 0.422875 0.013021 0.005250
0 0.814844 0.434875 0.007812 0.003750
0 0.812240 0.431375 0.010937 0.005250
0 0.886719 0.380750 0.011979 0.005000
0 0.915365 0.368875 0.018229 0.006250
0 0.710677 0.359375 0.011979 0.004750
0 0.475781 0.550250 0.009896 0.004000
0 0.476302 0.548250 0.009896 0.003500
0 0.452083 0.538000 0.006250 0.004500
0 0.448698 0.537000 0.007812 0.006000
0 0.460156 0.552750 0.005729 0.006500
0 0.455990 0.552250 0.005729 0.005500
0 0.473698 0.516125 0.015104 0.006250
0 0.453646 0.527250 0.010417 0.004000
0 0.456510 0.526125 0.007812 0.003250
0 0.506771 0.559125 0.014583 0.006250
0 0.513542 0.541500 0.011458 0.006500
0 0.534896 0.548125 0.006250 0.005250
0 0.530208 0.546125 0.010417 0.004750
0 0.544271 0.548750 0.009375 0.006500
0 0.542188 0.545000 0.009375 0.005500
0 0.577083 0.530875 0.012500 0.003750
0 0.600260 0.532750 0.010937 0.005500
0 0.633854 0.532375 0.009375 0.004750
0 0.611458 0.545500 0.010417 0.004000
0 0.606771 0.548750 0.006250 0.005000
0 0.603906 0.546875 0.006771 0.005750
0 0.589844 0.553125 0.009896 0.005250
0 0.587760 0.551750 0.008854 0.005000
0 0.558333 0.543750 0.011458 0.002500
0 0.559115 0.541500 0.010937 0.002000
0 0.664583 0.578875 0.007292 0.005750
0 0.677083 0.573375 0.012500 0.004250
0 0.677865 0.569625 0.010937 0.003750
0 0.648958 0.571375 0.006250 0.005250
0 0.647656 0.568000 0.009896 0.004500
0 0.729688 0.552375 0.006250 0.004750
0 0.723958 0.548875 0.010417 0.004250
0 0.701302 0.539750 0.011979 0.005000
0 0.663542 0.538250 0.011458 0.002500
0 0.654427 0.536625 0.009896 0.002750
0 0.661458 0.534500 0.008333 0.004500
0 0.681510 0.527375 0.007812 0.004750
0 0.681250 0.540625 0.010417 0.004250
0 0.683854 0.537500 0.009375 0.004000
0 0.810417 0.546500 0.014583 0.005000
0 0.800781 0.540500 0.009896 0.005500
0 0.833854 0.540000 0.013542 0.005500
0 0.798698 0.531125 0.013021 0.005750
0 0.846094 0.576500 0.008854 0.004500
0 0.861979 0.580250 0.009375 0.005500
0 0.995312 0.550500 0.008333 0.004000
0 0.586458 0.536625 0.012500 0.003250
0 0.585677 0.534625 0.010937 0.002750
0 0.377083 0.632375 0.017708 0.004750
0 0.423958 0.626000 0.016667 0.004000
0 0.418490 0.643250 0.015104 0.004000
0 0.416146 0.647875 0.016667 0.004750
0 0.491927 0.624250 0.014063 0.005500
0 0.472917 0.630000 0.013542 0.005000
0 0.425260 0.609625 0.011979 0.006250
0 0.502604 0.621125 0.009375 0.004750
0 0.522917 0.671875 0.011458 0.006750
0 0.482292 0.687875 0.012500 0.005250
0 0.581771 0.676375 0.014583 0.004750
0 0.565625 0.669875 0.016667 0.005250
0 0.554427 0.657250 0.011979 0.005500
0 0.620833 0.657750 0.012500 0.006500
0 0.613021 0.643625 0.013542 0.006750
0 0.577865 0.644750 0.011979 0.004000
0 0.588802 0.644125 0.011979 0.004750
0 0.633854 0.651750 0.014583 0.005000
0 0.632031 0.720500 0.015104 0.005500
0 0.631250 0.712250 0.016667 0.006500
0 0.620573 0.674625 0.009896 0.008250
0 0.630469 0.676375 0.011979 0.004750
0 0.730990 0.710750 0.010937 0.008000
0 0.717708 0.704500 0.010417 0.004500
0 0.802865 0.790250 0.017188 0.010000
0 0.643750 0.696125 0.014583 0.003250
0 0.642448 0.693000 0.011979 0.002500
0 0.123177 0.862250 0.013021 0.008000
0 0.128906 0.675000 0.013021 0.007500
0 0.138802 0.645375 0.023438 0.006250
0 0.427604 0.815750 0.014583 0.006500
