0 0.464625 0.551823 0.004750 0.015104
0 0.472250 0.539583 0.004500 0.012500
0 0.473375 0.647656 0.004750 0.011979
0 0.533500 0.633073 0.005500 0.010937
0 0.539125 0.628385 0.005750 0.006771
0 0.494500 0.609115 0.005500 0.011979
0 0.500375 0.596354 0.003750 0.007292
0 0.376000 0.424479 0.003000 0.013542
0 0.379625 0.423177 0.004250 0.010937
0 0.304500 0.480208 0.005500 0.008333
0 0.314500 0.484375 0.005500 0.011458
0 0.170125 0.413542 0.006750 0.007292
0 0.216000 0.391146 0.004500 0.007292
0 0.218000 0.397135 0.005000 0.008854
0 0.441375 0.659115 0.005750 0.009896
0 0.437250 0.278646 0.005000 0.008333
0 0.435625 0.187760 0.005250 0.013021
0 0.433000 0.148177 0.004500 0.015104
0 0.413875 0.048438 0.005250 0.012500
0 0.582750 0.605990 0.004500 0.009896
0 0.579625 0.592448 0.004250 0.013021
0 0.562250 0.637240 0.005000 0.008854
0 0.559500 0.630729 0.005000 0.005208
0 0.618375 0.605990 0.006250 0.011979
0 0.611500 0.619271 0.006500 0.008333
0 0.610500 0.609635 0.005000 0.010937
