0 0.320625 0.390625 0.005250 0.012500
0 0.325500 0.406771 0.007500 0.012500
0 0.341625 0.433854 0.005250 0.016667
0 0.362875 0.439062 0.005750 0.007292
0 0.366500 0.434115 0.005500 0.007812
0 0.379375 0.400521 0.005250 0.011458
0 0.403875 0.390625 0.005250 0.012500
0 0.429375 0.375781 0.006250 0.008854
0 0.430250 0.364844 0.006000 0.009896
0 0.481500 0.429948 0.007000 0.007812
0 0.471625 0.451562 0.006250 0.013542
0 0.431000 0.532552 0.006500 0.011979
0 0.437875 0.545312 0.005750 0.012500
0 0.442875 0.550260 0.004250 0.010937
0 0.424125 0.563802 0.004750 0.014063
0 0.407875 0.589583 0.003250 0.010417
0 0.406875 0.587240 0.005250 0.010937
0 0.343875 0.748698 0.006750 0.013021
0 0.516875 0.527344 0.003750 0.010937
0 0.516375 0.522917 0.003750 0.010417
0 0.517000 0.515885 0.003500 0.009896
0 0.501500 0.661979 0.004500 0.010417
0 0.497750 0.643750 0.004000 0.010417
0 0.494875 0.650260 0.003750 0.013021
0 0.500250 0.771094 0.004500 0.010937
0 0.498000 0.780208 0.004000 0.010417
0 0.495250 0.776563 0.003000 0.011458
0 0.467375 0.878385 0.005250 0.011979
0 0.453000 0.912760 0.005500 0.011979
0 0.465375 0.939844 0.004750 0.008854
0 0.463000 0.931771 0.003500 0.013542
0 0.501875 0.908854 0.004750 0.011458
0 0.563625 0.451562 0.004750 0.013542
0 0.575000 0.486719 0.004000 0.014063
0 0.571875 0.598177 0.006250 0.013021
0 0.580125 0.664323 0.002750 0.010937
0 0.582250 0.663281 0.003500 0.014063
0 0.582625 0.703646 0.005750 0.010417
0 0.593250 0.701042 0.003500 0.012500
0 0.597750 0.752604 0.004000 0.014583
0 0.676500 0.777083 0.004500 0.011458
0 0.737750 0.967708 0.007000 0.012500
0 0.600000 0.329427 0.006000 0.016146
0 0.699750 0.553385 0.004500 0.013021
0 0.702000 0.549740 0.004500 0.011979
0 0.732125 0.586719 0.005250 0.013021
0 0.739250 0.597917 0.006500 0.010417
0 0.707875 0.597656 0.005750 0.010937
0 0.702250 0.592708 0.005000 0.010417
0 0.764625 0.689063 0.006750 0.012500
