0 0.308750 0.524740 0.008000 0.013021
0 0.387500 0.455990 0.006500 0.016146
0 0.371500 0.368229 0.006500 0.013542
0 0.376125 0.353906 0.006250 0.014063
0 0.379500 0.342187 0.005000 0.007292
0 0.394125 0.353385 0.005250 0.014063
0 0.391375 0.324740 0.006250 0.011979
0 0.392125 0.301563 0.006750 0.010417
0 0.399750 0.260156 0.005500 0.014063
0 0.416750 0.321354 0.006000 0.009375
0 0.399500 0.329948 0.006000 0.011979
0 0.414375 0.356250 0.008250 0.010417
0 0.434750 0.307292 0.007000 0.013542
0 0.437250 0.288281 0.006000 0.013021
0 0.444000 0.326042 0.007500 0.011458
0 0.445875 0.352083 0.008250 0.018750
0 0.451125 0.935417 0.006750 0.010417
0 0.371125 0.853125 0.005750 0.009375
0 0.386000 0.834115 0.004500 0.017188
0 0.463000 0.851302 0.006500 0.015104
0 0.483500 0.822396 0.004500 0.015625
0 0.491250 0.828125 0.004000 0.012500
0 0.490500 0.821094 0.004500 0.010937
0 0.493125 0.780729 0.005750 0.013542
0 0.486750 0.780990 0.004000 0.013021
0 0.481125 0.762760 0.004250 0.011979
0 0.479750 0.736979 0.004000 0.014583
0 0.523750 0.784896 0.009500 0.016667
0 0.468125 0.777604 0.006750 0.013542
0 0.474875 0.780208 0.005250 0.016667
0 0.480000 0.779427 0.005000 0.009896
0 0.482750 0.782031 0.004000 0.015104
0 0.437250 0.778646 0.006000 0.007292
0 0.434875 0.761719 0.008250 0.010937
0 0.441625 0.773177 0.004750 0.016146
0 0.483375 0.919792 0.006750 0.015625
0 0.474250 0.955729 0.004500 0.012500
0 0.467250 0.964323 0.006500 0.009896
0 0.433875 0.684115 0.005750 0.011979
0 0.497750 0.726042 0.005500 0.014583
0 0.474500 0.723177 0.003500 0.013021
0 0.477875 0.719531 0.004750 0.014063
0 0.477500 0.711458 0.008000 0.009375
0 0.487375 0.695052 0.005750 0.013021
0 0.474750 0.669271 0.007500 0.011458
0 0.454125 0.661458 0.004250 0.015625
0 0.507750 0.670833 0.005000 0.015625
0 0.498500 0.657813 0.006000 0.013542
0 0.491375 0.645052 0.005250 0.015104
0 0.469000 0.622135 0.004500 0.017188
0 0.488125 0.609375 0.004750 0.014583
0 0.481000 0.631250 0.002000 0.014583
0 0.483375 0.629167 0.002750 0.014583
0 0.435625 0.619531 0.005250 0.017188
0 0.473875 0.593750 0.008250 0.011458
0 0.465875 0.581250 0.006750 0.011458
0 0.475250 0.582031 0.008000 0.011979
0 0.453500 0.538021 0.005000 0.015625
0 0.511625 0.575260 0.006750 0.015104
0 0.519250 0.565625 0.004000 0.016667
0 0.518750 0.548438 0.007500 0.008333
0 0.509375 0.553125 0.006250 0.013542
0 0.492625 0.695312 0.004750 0.015625
0 0.500750 0.685677 0.005500 0.013021
0 0.504375 0.677604 0.004750 0.013542
0 0.493000 0.529427 0.005000 0.015104
0 0.504875 0.517708 0.004750 0.014583
0 0.514750 0.509115 0.005000 0.015104
0 0.527500 0.505990 0.007500 0.010937
0 0.511125 0.527604 0.003250 0.015625
0 0.507000 0.531250 0.007000 0.010417
0 0.484500 0.458073 0.005500 0.010937
0 0.500000 0.469792 0.007000 0.012500
0 0.506750 0.457292 0.004000 0.015625
0 0.528000 0.478906 0.007500 0.009896
0 0.525625 0.489323 0.005750 0.011979
0 0.552250 0.499219 0.006000 0.015104
0 0.534625 0.460677 0.004250 0.015104
0 0.530125 0.463281 0.003250 0.011979
0 0.526250 0.463281 0.004000 0.014063
0 0.529625 0.451562 0.004250 0.012500
0 0.523625 0.442708 0.006750 0.013542
0 0.526000 0.423958 0.004500 0.016667
0 0.538625 0.423698 0.005750 0.011979
0 0.531500 0.426823 0.005500 0.009896
0 0.505875 0.425260 0.005250 0.017188
0 0.504375 0.392708 0.006750 0.014583
0 0.519375 0.406771 0.005250 0.012500
0 0.519625 0.398177 0.007750 0.009896
0 0.547750 0.363281 0.004500 0.018229
0 0.558625 0.363802 0.005250 0.009896
0 0.543875 0.380990 0.005250 0.014063
0 0.538375 0.378906 0.006250 0.005729
0 0.539125 0.384375 0.005750 0.006250
0 0.545250 0.338542 0.007000 0.011458
0 0.552875 0.322656 0.007250 0.009896
0 0.539250 0.305469 0.002000 0.014063
0 0.542000 0.305469 0.003500 0.020313
0 0.565500 0.252604 0.006000 0.015625
0 0.590125 0.231771 0.007750 0.011458
0 0.591000 0.244531 0.003500 0.013021
0 0.594000 0.254427 0.008500 0.009896
0 0.600500 0.324740 0.008500 0.016146
0 0.610625 0.395052 0.007750 0.014063
0 0.589250 0.415104 0.006000 0.010417
0 0.598000 0.423698 0.004000 0.014063
0 0.590125 0.433333 0.006750 0.018750
0 0.597375 0.447396 0.004750 0.010417
0 0.601500 0.453646 0.004500 0.013542
0 0.587500 0.497135 0.004500 0.015104
0 0.582625 0.486979 0.004750 0.015625
0 0.569375 0.528385 0.005250 0.013021
0 0.585125 0.527604 0.004250 0.011458
0 0.602875 0.578125 0.005750 0.016667
0 0.600125 0.600000 0.007750 0.009375
0 0.553375 0.670833 0.006750 0.010417
0 0.570375 0.665625 0.007250 0.009375
0 0.604250 0.688802 0.004000 0.015104
0 0.596125 0.703125 0.007250 0.015625
0 0.627250 0.721094 0.006500 0.011979
0 0.629625 0.729688 0.006250 0.009375
0 0.645125 0.870833 0.008750 0.013542
0 0.712750 0.812760 0.009000 0.013021
0 0.628375 0.236198 0.005250 0.014063
0 0.638625 0.252344 0.006250 0.016146
0 0.646000 0.271094 0.007000 0.015104
0 0.628375 0.269531 0.006750 0.016146
0 0.634375 0.285677 0.006250 0.009896
0 0.634000 0.304167 0.007000 0.010417
0 0.624375 0.301042 0.005250 0.013542
0 0.627625 0.297656 0.004250 0.017188
0 0.613625 0.246875 0.006250 0.011458
0 0.611875 0.243229 0.003750 0.007292
0 0.637125 0.316406 0.005750 0.008854
0 0.666250 0.311719 0.004000 0.013021
0 0.677625 0.313542 0.006750 0.014583
0 0.656500 0.344792 0.006000 0.007292
0 0.639000 0.380208 0.005500 0.017708
0 0.641125 0.410417 0.004250 0.018750
0 0.651250 0.391146 0.008500 0.014583
0 0.653000 0.374479 0.008000 0.011458
0 0.664625 0.383594 0.008750 0.010937
0 0.678875 0.394792 0.006750 0.013542
0 0.675125 0.413802 0.004750 0.016146
0 0.682750 0.387240 0.007500 0.009896
0 0.690750 0.403906 0.008000 0.013021
0 0.666625 0.415104 0.005750 0.012500
0 0.661625 0.405208 0.006750 0.012500
0 0.702500 0.665365 0.010000 0.016146
0 0.725250 0.707812 0.005500 0.015625
0 0.728875 0.706510 0.004750 0.011979
0 0.720875 0.619010 0.006250 0.017188
0 0.718000 0.644792 0.006500 0.013542
0 0.719125 0.640625 0.005750 0.010417
0 0.733000 0.601562 0.006500 0.018750
0 0.684750 0.354167 0.003000 0.015625
0 0.688000 0.357031 0.003500 0.013021
0 0.770000 0.867969 0.008000 0.016146
0 0.811000 0.825260 0.009000 0.018229
0 0.651750 0.186458 0.007500 0.010417
0 0.671250 0.197396 0.005500 0.019792
0 0.684875 0.159896 0.008750 0.010417
0 0.691625 0.173437 0.005250 0.015625
0 0.688250 0.176302 0.006000 0.011979
0 0.691000 0.202344 0.007500 0.008854
0 0.690125 0.209375 0.006250 0.008333
0 0.715125 0.208333 0.008750 0.010417
0 0.765375 0.270573 0.007250 0.011979
0 0.775250 0.259896 0.007500 0.011458
0 0.746250 0.180208 0.006500 0.017708
0 0.756750 0.182812 0.006000 0.016667
0 0.769125 0.140885 0.008750 0.017188
0 0.802750 0.194271 0.006500 0.017708
0 0.921625 0.476562 0.005750 0.012500
0 0.910875 0.437760 0.006250 0.015104
0 0.947750 0.430729 0.007500 0.014583
0 0.945500 0.378125 0.007500 0.012500
0 0.920000 0.593229 0.006500 0.016667
0 0.953500 0.798698 0.007000 0.013021
0 0.967000 0.867708 0.006500 0.015625
0 0.976125 0.929688 0.007250 0.014583
