0 0.226250 0.476823 0.007000 0.022396
0 0.243125 0.476562 0.008250 0.018750
0 0.217875 0.466146 0.006250 0.017708
0 0.260000 0.508073 0.006000 0.016146
0 0.258625 0.535677 0.007750 0.018229
0 0.206500 0.416146 0.008500 0.016667
0 0.205625 0.432292 0.010250 0.016667
0 0.242250 0.439062 0.007500 0.016667
0 0.238000 0.432812 0.004000 0.014583
0 0.235000 0.438542 0.005000 0.013542
0 0.237125 0.420312 0.009250 0.016667
0 0.235625 0.412760 0.006250 0.015104
0 0.230875 0.408073 0.006750 0.015104
0 0.227875 0.400260 0.005250 0.016146
0 0.192000 0.363021 0.007000 0.016667
0 0.223750 0.359115 0.006500 0.009896
0 0.225875 0.367969 0.007750 0.015104
0 0.235500 0.378385 0.005000 0.011979
0 0.234375 0.368229 0.005750 0.010417
0 0.268000 0.286979 0.007500 0.015625
0 0.276750 0.240365 0.005000 0.011979
0 0.275250 0.222135 0.005000 0.011979
0 0.232125 0.248438 0.005750 0.011458
0 0.228875 0.230990 0.005250 0.014063
0 0.234750 0.236198 0.005500 0.016146
0 0.311875 0.173698 0.006750 0.014063
0 0.228375 0.046615 0.010750 0.018229
0 0.303875 0.332552 0.003250 0.016146
0 0.306625 0.332813 0.003750 0.014583
0 0.318000 0.519271 0.010500 0.012500
0 0.311750 0.501823 0.007000 0.016146
0 0.312250 0.489063 0.008000 0.012500
0 0.319625 0.489583 0.006750 0.017708
0 0.333125 0.419531 0.009750 0.016146
0 0.353250 0.362240 0.007500 0.018229
0 0.334750 0.349479 0.008000 0.012500
0 0.336500 0.339844 0.006500 0.010937
0 0.332250 0.267188 0.007500 0.018750
0 0.378250 0.299740 0.005500 0.018229
0 0.366625 0.315365 0.003250 0.020313
0 0.369875 0.317708 0.003250 0.018750
0 0.373250 0.316927 0.003500 0.019271
0 0.392125 0.282292 0.004250 0.019792
0 0.399000 0.290365 0.007000 0.013021
0 0.397375 0.284115 0.005250 0.010937
0 0.421625 0.210417 0.004750 0.021875
0 0.394750 0.234896 0.006000 0.016667
0 0.393500 0.232031 0.005000 0.014063
0 0.434625 0.141667 0.009250 0.012500
0 0.362375 0.085417 0.010750 0.017708
0 0.400625 0.070833 0.004750 0.017708
0 0.439125 0.076823 0.007750 0.015104
0 0.418500 0.062760 0.005000 0.016146
0 0.414625 0.074740 0.003750 0.013021
0 0.397500 0.040885 0.007500 0.014063
0 0.401000 0.033594 0.004500 0.017188
0 0.414750 0.037240 0.005000 0.016146
0 0.408375 0.023698 0.004750 0.019271
0 0.407500 0.039583 0.006500 0.012500
0 0.406750 0.050521 0.005500 0.012500
0 0.392750 0.063281 0.005500 0.015104
0 0.395750 0.065104 0.003500 0.018750
0 0.382250 0.029427 0.006500 0.018229
0 0.414250 0.020573 0.005000 0.019271
0 0.432750 0.015365 0.006500 0.013021
0 0.419625 0.012760 0.005250 0.018229
0 0.425875 0.014583 0.006250 0.016667
0 0.414625 0.057552 0.004750 0.014063
0 0.410375 0.060677 0.005750 0.015104
0 0.412250 0.070312 0.005000 0.012500
0 0.338125 0.225260 0.009750 0.015104
0 0.384000 0.201823 0.005000 0.013021
0 0.381125 0.197917 0.006750 0.013542
0 0.374625 0.588021 0.006250 0.019792
0 0.361375 0.590365 0.005250 0.019271
0 0.387000 0.527604 0.010000 0.013542
0 0.355250 0.556510 0.006000 0.015104
0 0.477875 0.345833 0.005250 0.019792
0 0.483250 0.286719 0.006500 0.018229
0 0.475375 0.271875 0.007750 0.015625
0 0.453125 0.244010 0.008250 0.016146
0 0.467625 0.274219 0.005750 0.016146
0 0.466500 0.222656 0.007000 0.010937
0 0.468250 0.212240 0.007000 0.011979
0 0.501375 0.137760 0.005750 0.017188
0 0.531250 0.070573 0.008000 0.010937
0 0.499875 0.178906 0.009750 0.027604
0 0.493375 0.164323 0.006750 0.014063
0 0.492250 0.155729 0.007500 0.014583
0 0.513500 0.275260 0.008000 0.011979
0 0.514625 0.261979 0.007250 0.016667
0 0.493625 0.316667 0.010250 0.021875
0 0.517250 0.346615 0.007500 0.016146
0 0.518625 0.357031 0.007750 0.009896
0 0.531875 0.033854 0.008250 0.017708
0 0.561500 0.112500 0.008500 0.018750
0 0.550875 0.161979 0.012250 0.020833
0 0.542250 0.182031 0.007500 0.015104
0 0.531750 0.167448 0.008000 0.015104
0 0.563250 0.138281 0.010500 0.024479
0 0.544125 0.195312 0.008250 0.017708
0 0.498250 0.261719 0.007000 0.014063
0 0.491500 0.271875 0.009500 0.019792
0 0.386125 0.682031 0.008750 0.022396
0 0.409125 0.682292 0.007250 0.016667
0 0.434000 0.708333 0.009500 0.013542
0 0.419500 0.655208 0.009000 0.008333
0 0.421875 0.661458 0.007250 0.008333
0 0.422125 0.667708 0.006250 0.010417
0 0.455250 0.651823 0.009000 0.015104
0 0.461250 0.622656 0.006500 0.018229
0 0.452875 0.676042 0.007750 0.007292
0 0.453125 0.669531 0.007250 0.007812
0 0.514750 0.582292 0.009000 0.011458
0 0.501625 0.584635 0.006250 0.016146
0 0.507000 0.567969 0.006500 0.014063
0 0.488250 0.563021 0.009500 0.011458
0 0.445500 0.519792 0.009000 0.018750
0 0.410750 0.576823 0.008000 0.011979
0 0.407000 0.549219 0.005500 0.016146
0 0.417000 0.560677 0.005500 0.013021
0 0.415250 0.558594 0.005000 0.015104
0 0.481500 0.502344 0.008500 0.020313
0 0.461000 0.488021 0.005000 0.018750
0 0.456750 0.488021 0.006500 0.016667
0 0.459750 0.458854 0.006500 0.017708
0 0.480500 0.429427 0.010500 0.023438
0 0.500000 0.448177 0.007000 0.013021
0 0.496375 0.445312 0.007250 0.009375
0 0.502375 0.437240 0.004250 0.013021
0 0.498000 0.436198 0.007000 0.013021
0 0.493250 0.426302 0.006500 0.007812
0 0.494000 0.433073 0.008500 0.011979
0 0.560375 0.389062 0.009750 0.015625
0 0.584625 0.394531 0.012250 0.028646
0 0.553125 0.413542 0.009750 0.016667
0 0.553625 0.435677 0.008750 0.018229
0 0.558000 0.465625 0.009000 0.016667
0 0.564875 0.441927 0.008250 0.017188
0 0.555500 0.331250 0.014000 0.031250
0 0.529750 0.520312 0.008000 0.019792
0 0.538125 0.508594 0.008250 0.015104
0 0.563250 0.526563 0.010000 0.021875
0 0.407375 0.811198 0.009750 0.015104
0 0.394375 0.773698 0.006250 0.017188
0 0.395125 0.805469 0.007250 0.014063
0 0.397375 0.815885 0.007250 0.017188
0 0.398500 0.784896 0.006000 0.011458
0 0.399000 0.791406 0.006500 0.008854
0 0.441375 0.869531 0.009250 0.011979
0 0.467750 0.867969 0.008500 0.010937
0 0.478750 0.848177 0.006000 0.009896
0 0.478000 0.837500 0.006500 0.006250
0 0.477875 0.830729 0.008250 0.008333
0 0.491375 0.787760 0.008250 0.009896
0 0.513750 0.802604 0.006500 0.010417
0 0.521250 0.797396 0.006000 0.012500
