0 0.412750 0.932292 0.004000 0.009375
0 0.411250 0.930729 0.005000 0.012500
0 0.431375 0.672917 0.005750 0.011458
0 0.418250 0.703125 0.002500 0.009375
0 0.421250 0.702344 0.004000 0.013021
0 0.435375 0.652344 0.004250 0.004687
0 0.434125 0.649479 0.006250 0.007292
0 0.364750 0.689063 0.002000 0.010417
0 0.367375 0.688021 0.003250 0.014583
0 0.384875 0.660156 0.003750 0.013021
0 0.386500 0.657813 0.004500 0.010417
0 0.395000 0.632812 0.006500 0.011458
0 0.351500 0.619271 0.003500 0.008333
0 0.353375 0.617708 0.003750 0.010417
0 0.367000 0.616927 0.004500 0.011979
0 0.388125 0.620052 0.004250 0.007812
0 0.377625 0.601562 0.005750 0.005208
0 0.376000 0.595573 0.003500 0.005729
0 0.391250 0.589844 0.005000 0.005729
0 0.395000 0.598698 0.005500 0.007812
0 0.388000 0.600781 0.005500 0.005729
0 0.400750 0.599740 0.003500 0.009896
0 0.386375 0.609115 0.004250 0.009896
0 0.390500 0.609115 0.004000 0.007812
0 0.394625 0.609635 0.004250 0.007812
0 0.395375 0.605729 0.005250 0.006250
0 0.506750 0.627083 0.006000 0.007292
0 0.486250 0.595573 0.005500 0.010937
0 0.492875 0.585938 0.004250 0.012500
0 0.494750 0.582552 0.004500 0.009896
0 0.474875 0.569271 0.003750 0.012500
0 0.476000 0.520833 0.006500 0.008333
0 0.458000 0.466927 0.004000 0.008854
0 0.461875 0.477865 0.005750 0.008854
0 0.463750 0.471615 0.003500 0.010937
0 0.467000 0.433594 0.003000 0.011979
0 0.459250 0.437500 0.003500 0.012500
0 0.453250 0.429948 0.005000 0.010937
0 0.446750 0.423177 0.004000 0.010937
0 0.453750 0.422656 0.003000 0.010937
0 0.455750 0.420312 0.004000 0.012500
0 0.459750 0.420052 0.005000 0.013021
0 0.468625 0.420573 0.004250 0.009896
0 0.414500 0.413021 0.007500 0.010417
0 0.441875 0.376563 0.004750 0.010417
0 0.462125 0.364063 0.003750 0.012500
0 0.458875 0.352083 0.004250 0.011458
0 0.423500 0.363542 0.006000 0.014583
0 0.441250 0.355469 0.004000 0.010937
0 0.443500 0.352083 0.005500 0.007292
0 0.440750 0.323437 0.005000 0.009375
0 0.428500 0.319010 0.006000 0.010937
0 0.433250 0.276562 0.003500 0.008333
0 0.432625 0.267448 0.003750 0.010937
0 0.389125 0.225781 0.006750 0.007812
0 0.411750 0.206510 0.004000 0.011979
0 0.413000 0.197135 0.006000 0.007812
0 0.403125 0.182292 0.004750 0.006250
0 0.384500 0.134375 0.002500 0.010417
0 0.382250 0.134635 0.003000 0.011979
0 0.564500 0.600000 0.005000 0.013542
0 0.533250 0.506771 0.004500 0.014583
0 0.554750 0.512240 0.003500 0.014063
0 0.557625 0.514844 0.002750 0.011979
0 0.559375 0.512760 0.004250 0.008854
0 0.550000 0.481771 0.004000 0.006250
0 0.550875 0.477865 0.004750 0.005729
0 0.547875 0.467187 0.004750 0.011458
0 0.550250 0.461458 0.002000 0.011458
0 0.552625 0.460417 0.003750 0.011458
0 0.552125 0.427083 0.003750 0.013542
0 0.530125 0.391406 0.003250 0.009896
0 0.528625 0.390104 0.003750 0.011458
0 0.552125 0.347396 0.004750 0.008333
0 0.548750 0.360156 0.002500 0.010937
0 0.550500 0.359635 0.002500 0.011979
0 0.533875 0.274740 0.002250 0.008854
0 0.532750 0.272917 0.004000 0.011458
0 0.540000 0.214062 0.005000 0.012500
0 0.522875 0.206771 0.003250 0.008333
0 0.521875 0.205469 0.004250 0.009896
0 0.537750 0.182292 0.002500 0.013542
0 0.539875 0.184375 0.001750 0.011458
0 0.541625 0.184115 0.002250 0.010937
0 0.550625 0.118490 0.004250 0.006771
0 0.549875 0.114583 0.004250 0.005208
0 0.546750 0.026302 0.003500 0.011979
0 0.538500 0.025781 0.003500 0.013021
0 0.608625 0.618229 0.005750 0.009375
0 0.621500 0.620052 0.004000 0.010937
0 0.633750 0.505469 0.006000 0.007812
0 0.630500 0.501563 0.006000 0.004167
0 0.630375 0.497656 0.004750 0.004687
0 0.635875 0.495573 0.005750 0.006771
0 0.641375 0.475521 0.005750 0.008333
0 0.640750 0.471875 0.004000 0.007292
0 0.643750 0.459375 0.006000 0.007292
0 0.646500 0.387240 0.006500 0.008854
0 0.656125 0.389583 0.004250 0.006250
0 0.655625 0.387240 0.005250 0.007812
0 0.654750 0.383854 0.004000 0.007292
0 0.648375 0.307031 0.005250 0.010937
0 0.665875 0.300521 0.005250 0.013542
0 0.671875 0.326823 0.004750 0.009896
0 0.680500 0.287500 0.005500 0.011458
0 0.674875 0.285156 0.004750 0.008854
0 0.717875 0.300000 0.004250 0.013542
0 0.681125 0.243750 0.002750 0.010417
0 0.679125 0.244271 0.003750 0.011458
0 0.690750 0.192708 0.002000 0.010417
0 0.688750 0.194271 0.002500 0.009375
0 0.742875 0.142448 0.004750 0.010937
0 0.742250 0.127604 0.004500 0.012500
0 0.657750 0.706771 0.006000 0.011458
0 0.687250 0.653646 0.005500 0.014583
0 0.713000 0.658333 0.004000 0.010417
0 0.807375 0.512760 0.006750 0.011979
