0 0.745500 0.362500 0.007000 0.012500
0 0.671625 0.174219 0.008250 0.018229
0 0.685375 0.175260 0.007250 0.015104
0 0.666000 0.148958 0.009500 0.015625
0 0.666125 0.118750 0.008750 0.012500
0 0.655750 0.088542 0.010000 0.016667
0 0.662750 0.054427 0.008000 0.015104
0 0.647250 0.031250 0.007000 0.020833
0 0.707375 0.056250 0.006250 0.014583
0 0.666750 0.008854 0.007000 0.016667
0 0.634250 0.333073 0.004500 0.015104
0 0.553500 0.245052 0.008500 0.016146
0 0.521500 0.322396 0.009000 0.014583
0 0.498125 0.252083 0.004750 0.012500
0 0.501250 0.257812 0.005500 0.011458
0 0.416875 0.265625 0.007250 0.018750
0 0.399000 0.225781 0.007000 0.015104
0 0.383750 0.158333 0.007000 0.016667
0 0.384250 0.296354 0.008000 0.011458
0 0.374125 0.309635 0.006250 0.015104
0 0.322750 0.313542 0.008500 0.012500
0 0.340750 0.234896 0.008000 0.014583
0 0.327625 0.235156 0.006750 0.011979
0 0.321000 0.226302 0.005000 0.008854
0 0.323625 0.222135 0.006750 0.014063
0 0.373375 0.267188 0.004750 0.014583
0 0.370375 0.257552 0.003750 0.014063
0 0.232250 0.240365 0.008500 0.011979
0 0.267375 0.126562 0.008250 0.011458
0 0.250625 0.150260 0.007750 0.008854
0 0.249375 0.143229 0.007250 0.009375
0 0.272750 0.030208 0.006000 0.010417
0 0.270500 0.026302 0.005000 0.007812
0 0.702125 0.449740 0.008250 0.009896
0 0.572500 0.453646 0.007500 0.010417
0 0.485375 0.467708 0.007250 0.013542
0 0.481000 0.532552 0.006000 0.014063
0 0.453625 0.611719 0.007750 0.014063
0 0.428125 0.612760 0.007750 0.018229
0 0.403750 0.625781 0.008000 0.016146
0 0.403750 0.557031 0.010000 0.011979
0 0.337375 0.632812 0.008750 0.013542
0 0.308750 0.681510 0.005000 0.016146
0 0.260875 0.696354 0.009250 0.015625
0 0.284250 0.724219 0.007500 0.009896
0 0.285750 0.715104 0.007000 0.014583
0 0.358250 0.877604 0.004500 0.016667
0 0.418625 0.882031 0.005750 0.016146
0 0.376875 0.784115 0.004750 0.008854
0 0.437500 0.801823 0.005000 0.016146
0 0.420250 0.799479 0.007000 0.010417
0 0.418875 0.789844 0.006250 0.011979
0 0.466500 0.741406 0.008000 0.011979
0 0.477250 0.825521 0.007500 0.017708
0 0.489500 0.826042 0.006500 0.015625
0 0.500125 0.887760 0.004750 0.014063
0 0.502750 0.884115 0.007500 0.011979
0 0.491875 0.763021 0.007750 0.006250
0 0.491500 0.758073 0.007500 0.007812
0 0.526750 0.728906 0.006000 0.017188
0 0.560625 0.731250 0.005750 0.017708
0 0.545875 0.698698 0.009250 0.011979
0 0.586875 0.702604 0.005750 0.017708
0 0.604250 0.705990 0.007000 0.009896
0 0.604500 0.700000 0.007500 0.007292
0 0.698375 0.727344 0.007750 0.017188
0 0.655875 0.872135 0.010250 0.009896
0 0.644250 0.913281 0.008500 0.010937
0 0.654125 0.957812 0.007250 0.015625
