0 0.177500 0.010937 0.005500 0.010417
0 0.177625 0.038542 0.004750 0.009375
0 0.186875 0.053646 0.005750 0.009375
0 0.263750 0.079687 0.003500 0.010417
0 0.348750 0.211979 0.004000 0.008333
0 0.410375 0.289844 0.003750 0.007812
0 0.471250 0.505990 0.003500 0.010937
0 0.495000 0.434115 0.007000 0.007812
0 0.490875 0.306510 0.003250 0.010937
0 0.511000 0.339583 0.004500 0.010417
0 0.509125 0.336719 0.004750 0.010937
0 0.518000 0.328646 0.004000 0.010417
0 0.516000 0.323698 0.004000 0.009896
0 0.512125 0.321615 0.002750 0.011979
0 0.509125 0.327083 0.003250 0.011458
0 0.507125 0.327865 0.002250 0.008854
0 0.505750 0.326042 0.003000 0.011458
0 0.508875 0.312500 0.005250 0.009375
0 0.525500 0.316146 0.003000 0.010417
0 0.519250 0.265885 0.004000 0.014063
0 0.531375 0.254167 0.003750 0.012500
0 0.550750 0.240625 0.004500 0.012500
0 0.516000 0.397396 0.005000 0.008333
0 0.527000 0.347135 0.002500 0.007812
0 0.525750 0.353385 0.002500 0.005729
0 0.500250 0.561198 0.003500 0.013021
0 0.501750 0.545573 0.004000 0.008854
0 0.499250 0.549740 0.003000 0.006771
0 0.498125 0.547396 0.004250 0.007292
0 0.504125 0.543229 0.003750 0.008333
0 0.504000 0.484896 0.004000 0.009375
0 0.522500 0.466667 0.005500 0.008333
0 0.514875 0.445052 0.005750 0.007812
0 0.517500 0.433854 0.004000 0.010417
0 0.528125 0.437240 0.003750 0.009896
0 0.511250 0.459115 0.002500 0.010937
0 0.509750 0.458854 0.002500 0.010417
0 0.530750 0.409375 0.006500 0.008333
0 0.530250 0.403906 0.005000 0.005729
0 0.531125 0.398177 0.002250 0.005729
0 0.529250 0.397917 0.002500 0.008333
0 0.538250 0.348438 0.004500 0.008333
0 0.555750 0.325781 0.006000 0.008854
0 0.545875 0.322917 0.004750 0.011458
0 0.527375 0.581510 0.003750 0.009896
0 0.590750 0.484375 0.004000 0.012500
0 0.557750 0.509375 0.004000 0.008333
0 0.625625 0.376823 0.004250 0.009896
0 0.619875 0.333073 0.005750 0.008854
0 0.619750 0.325000 0.003500 0.007292
0 0.618250 0.317708 0.005000 0.006250
0 0.627500 0.320052 0.005000 0.009896
0 0.631375 0.314583 0.003250 0.009375
0 0.621750 0.306510 0.003000 0.009896
0 0.620500 0.299219 0.003500 0.007812
0 0.625000 0.312500 0.004000 0.005208
0 0.628375 0.308073 0.003750 0.006771
0 0.625125 0.305990 0.003250 0.007812
0 0.645250 0.278385 0.005000 0.006771
0 0.646375 0.273438 0.004250 0.005208
0 0.549125 0.635677 0.003250 0.010937
0 0.546000 0.631250 0.004500 0.008333
0 0.552125 0.658594 0.004750 0.009896
0 0.557250 0.660677 0.004500 0.008854
0 0.556625 0.658073 0.003250 0.007812
0 0.554750 0.632031 0.004000 0.011979
0 0.563250 0.619792 0.004000 0.011458
0 0.565500 0.606510 0.005500 0.007812
0 0.569375 0.617969 0.005250 0.007812
0 0.570125 0.612760 0.004250 0.005729
0 0.570750 0.628646 0.006000 0.008333
0 0.576625 0.622135 0.004250 0.009896
0 0.576375 0.615625 0.005250 0.010417
0 0.577250 0.607031 0.004500 0.008854
0 0.586125 0.607031 0.003750 0.009896
0 0.586000 0.601823 0.004000 0.009896
0 0.581250 0.600781 0.002500 0.007812
0 0.583125 0.604167 0.002250 0.008333
0 0.580875 0.610156 0.003750 0.006771
0 0.587000 0.590104 0.004500 0.010417
0 0.591125 0.590625 0.004250 0.011458
0 0.602875 0.604427 0.004750 0.006771
0 0.607125 0.600781 0.004250 0.010937
0 0.603500 0.585417 0.006000 0.008333
0 0.609625 0.578385 0.005250 0.011979
0 0.603625 0.572396 0.005750 0.008333
0 0.585750 0.573438 0.003500 0.008333
0 0.595750 0.571354 0.004000 0.008333
0 0.597000 0.578125 0.005500 0.007292
0 0.614875 0.563021 0.005750 0.010417
0 0.609000 0.550260 0.005000 0.010937
0 0.619250 0.523438 0.006000 0.009375
0 0.631250 0.516927 0.006500 0.010937
0 0.627375 0.541146 0.005250 0.007292
0 0.633375 0.545833 0.005250 0.008333
0 0.634000 0.540104 0.005000 0.005208
0 0.637375 0.534896 0.004250 0.009375
0 0.631125 0.536458 0.002750 0.008333
0 0.640375 0.542448 0.003750 0.011979
0 0.644750 0.545833 0.004500 0.010417
0 0.644250 0.529427 0.004000 0.011979
0 0.650500 0.516406 0.005500 0.009896
0 0.655750 0.510938 0.005500 0.013542
0 0.649125 0.570052 0.005750 0.006771
0 0.649500 0.565885 0.005500 0.005729
0 0.692625 0.514062 0.006250 0.004167
0 0.692000 0.509896 0.006000 0.005208
0 0.749500 0.419271 0.006500 0.010417
0 0.751500 0.513802 0.006000 0.011979
0 0.746625 0.587500 0.005750 0.008333
0 0.749750 0.563021 0.006500 0.005208
0 0.749250 0.558333 0.006500 0.005208
0 0.738375 0.542969 0.004250 0.009896
0 0.723750 0.552604 0.006000 0.009375
0 0.716375 0.567708 0.008250 0.009375
0 0.737750 0.551823 0.006000 0.007812
0 0.737250 0.555990 0.004500 0.003646
0 0.737875 0.559635 0.006750 0.005729
0 0.620000 0.621875 0.004500 0.011458
0 0.616000 0.629167 0.005500 0.006250
0 0.615750 0.626042 0.004500 0.005208
0 0.604750 0.643490 0.006000 0.010937
0 0.573125 0.644271 0.006250 0.010417
0 0.555000 0.706510 0.002500 0.010937
0 0.559000 0.710417 0.005000 0.008333
0 0.558750 0.703906 0.005000 0.007812
0 0.583750 0.703385 0.002500 0.008854
0 0.582125 0.701562 0.003250 0.010417
0 0.553250 0.820573 0.003500 0.011979
0 0.568125 0.888281 0.005250 0.009896
0 0.573750 0.886458 0.005500 0.009375
0 0.084875 0.606510 0.005250 0.014063
