0 0.321750 0.299479 0.009500 0.019792
0 0.448625 0.269792 0.008250 0.017708
0 0.381500 0.403125 0.006500 0.023958
0 0.309875 0.380729 0.007250 0.011458
0 0.384625 0.548958 0.010250 0.019792
0 0.320875 0.585417 0.007750 0.023958
0 0.339000 0.638281 0.009500 0.009896
0 0.348250 0.645573 0.004000 0.011979
0 0.475250 0.528385 0.009500 0.016146
0 0.536000 0.532813 0.012000 0.012500
0 0.552500 0.406771 0.009000 0.018750
0 0.485750 0.312500 0.009000 0.011458
0 0.435750 0.189844 0.011500 0.016146
0 0.405375 0.037760 0.007750 0.017188
0 0.491125 0.021094 0.008750 0.021354
0 0.609625 0.079948 0.007750 0.015104
0 0.600625 0.124219 0.007750 0.023438
0 0.704500 0.636198 0.008500 0.016146
0 0.804875 0.545312 0.007750 0.012500
0 0.669125 0.964844 0.007750 0.016146
0 0.761125 0.511198 0.008250 0.016146
0 0.630125 0.100521 0.007250 0.011458
0 0.598000 0.006250 0.007000 0.011458
0 0.331875 0.423698 0.007250 0.015104
0 0.574125 0.303125 0.008250 0.012500
0 0.574250 0.352865 0.006000 0.017188
0 0.173250 0.076042 0.009500 0.022917
0 0.231375 0.227344 0.011750 0.019271
0 0.188875 0.518229 0.005250 0.007292
0 0.156750 0.635938 0.006000 0.007292
0 0.230500 0.614844 0.005000 0.009896
0 0.316125 0.597917 0.003750 0.011458
0 0.346375 0.641667 0.004750 0.007292
0 0.860375 0.544271 0.004250 0.010417
0 0.837375 0.576823 0.003750 0.010937
0 0.862875 0.540885 0.003250 0.009896
0 0.908125 0.511719 0.004250 0.013021
0 0.491500 0.554688 0.005500 0.011458
0 0.582250 0.254948 0.004000 0.011979
0 0.687125 0.052083 0.004250 0.010417
0 0.680250 0.033333 0.004000 0.011458
0 0.324750 0.415365 0.006500 0.011979
0 0.425875 0.487500 0.003250 0.012500
0 0.434125 0.267448 0.004750 0.006771
0 0.446500 0.300781 0.003500 0.010937
