0 0.309375 0.277083 0.005750 0.009375
0 0.301750 0.319531 0.005500 0.007812
0 0.307500 0.317969 0.003500 0.010937
0 0.306125 0.315625 0.003250 0.009375
0 0.309875 0.350781 0.004750 0.013021
0 0.303500 0.453125 0.004500 0.013542
0 0.311875 0.441927 0.004250 0.011979
0 0.309375 0.440625 0.002750 0.012500
0 0.366875 0.503385 0.004250 0.014063
0 0.360125 0.505729 0.004250 0.011458
0 0.363125 0.510417 0.002250 0.010417
0 0.361250 0.498437 0.004000 0.011458
0 0.361250 0.536979 0.004000 0.009375
0 0.363000 0.533854 0.004500 0.011458
0 0.373875 0.566146 0.005250 0.009375
0 0.351625 0.537500 0.005250 0.013542
0 0.385000 0.636719 0.004000 0.008854
0 0.388000 0.638281 0.004500 0.010937
0 0.324125 0.773177 0.006250 0.010937
0 0.362625 0.763021 0.005750 0.009375
0 0.446125 0.575521 0.004250 0.007292
0 0.438250 0.556250 0.005000 0.010417
0 0.434500 0.548177 0.006000 0.006771
0 0.441750 0.518490 0.004000 0.011979
0 0.435625 0.522396 0.002750 0.014583
0 0.433000 0.522656 0.002500 0.013021
0 0.428875 0.491146 0.005250 0.015625
0 0.437375 0.457552 0.004250 0.013021
0 0.401625 0.442969 0.005250 0.009896
0 0.400250 0.401823 0.005500 0.006771
0 0.390500 0.373437 0.005000 0.015625
0 0.420500 0.399479 0.004000 0.016667
0 0.422750 0.385156 0.007000 0.009896
0 0.415375 0.361198 0.006250 0.008854
0 0.411250 0.353906 0.005000 0.010937
0 0.414125 0.338542 0.003250 0.014583
0 0.416750 0.332552 0.003000 0.015104
0 0.423875 0.320052 0.005750 0.008854
0 0.419750 0.313281 0.004000 0.014063
0 0.423500 0.295312 0.006000 0.012500
0 0.402000 0.296615 0.005500 0.010937
0 0.408375 0.308594 0.005750 0.007812
0 0.408000 0.303385 0.007000 0.006771
0 0.383750 0.301823 0.006000 0.011979
0 0.378500 0.276823 0.003500 0.014063
0 0.386125 0.273177 0.005250 0.007812
0 0.388250 0.267969 0.004500 0.008854
0 0.382375 0.264583 0.003750 0.011458
0 0.383125 0.258073 0.005750 0.009896
0 0.381000 0.248438 0.004000 0.010417
0 0.393875 0.267188 0.005750 0.005208
0 0.393625 0.262760 0.005750 0.005729
0 0.398500 0.218229 0.006500 0.011458
0 0.399750 0.215885 0.005000 0.009896
0 0.384875 0.190365 0.005250 0.020313
0 0.378625 0.180990 0.003250 0.011979
0 0.377000 0.178906 0.003000 0.011979
0 0.385500 0.152344 0.008000 0.010937
0 0.378500 0.123958 0.003000 0.011458
0 0.380375 0.124219 0.003750 0.015104
0 0.505125 0.657292 0.004750 0.011458
0 0.515875 0.590625 0.004250 0.016667
0 0.527625 0.557292 0.005250 0.012500
0 0.513875 0.520833 0.003750 0.013542
0 0.517000 0.513802 0.005500 0.006771
0 0.546500 0.450781 0.004000 0.013021
0 0.547750 0.447656 0.003000 0.010937
0 0.543750 0.402344 0.005500 0.014063
0 0.578500 0.326302 0.006500 0.009896
0 0.576375 0.338802 0.003250 0.014063
0 0.573500 0.339583 0.003500 0.013542
0 0.565625 0.351562 0.004750 0.012500
0 0.568125 0.343229 0.003250 0.014583
0 0.571000 0.312240 0.005000 0.014063
0 0.576125 0.316406 0.004750 0.007812
0 0.576625 0.307292 0.002750 0.014583
0 0.580500 0.311458 0.005000 0.011458
0 0.588500 0.305990 0.003500 0.016146
0 0.587625 0.294792 0.003750 0.011458
0 0.586250 0.293229 0.003000 0.011458
0 0.582000 0.286458 0.003500 0.015625
0 0.585625 0.267708 0.005250 0.011458
0 0.587375 0.257292 0.003750 0.011458
0 0.576625 0.261979 0.006250 0.011458
0 0.564625 0.282031 0.005750 0.013021
0 0.526500 0.335677 0.005500 0.016146
0 0.575125 0.240365 0.005250 0.014063
0 0.582125 0.236198 0.003250 0.015104
0 0.584000 0.235156 0.003000 0.010937
0 0.595375 0.213281 0.004750 0.016146
0 0.595500 0.196094 0.003000 0.009896
0 0.593250 0.195573 0.003000 0.015104
0 0.593625 0.167187 0.003750 0.015625
0 0.575125 0.165365 0.005250 0.007812
0 0.578250 0.159635 0.006500 0.007812
0 0.573125 0.115104 0.005250 0.012500
0 0.617250 0.114583 0.005500 0.010417
0 0.611875 0.119271 0.003250 0.012500
0 0.610500 0.117969 0.003000 0.010937
0 0.556750 0.627083 0.002500 0.008333
0 0.558750 0.626823 0.003000 0.009896
0 0.637125 0.554167 0.003750 0.012500
0 0.630875 0.543750 0.005750 0.010417
0 0.635750 0.535677 0.005500 0.008854
0 0.639000 0.527344 0.005000 0.009896
0 0.652875 0.517188 0.003750 0.014583
0 0.653000 0.573698 0.004500 0.010937
0 0.612750 0.551042 0.004500 0.009375
0 0.610625 0.550260 0.003250 0.010937
0 0.613375 0.541146 0.005250 0.009375
0 0.680125 0.476302 0.005250 0.011979
0 0.666750 0.441146 0.006500 0.014583
0 0.682250 0.414062 0.003500 0.013542
0 0.678625 0.413021 0.002750 0.012500
0 0.672625 0.365885 0.005250 0.013021
0 0.694250 0.404687 0.005500 0.014583
0 0.578875 0.790885 0.006250 0.013021
0 0.597875 0.786458 0.006750 0.010417
0 0.595750 0.776042 0.006500 0.008333
0 0.652250 0.805990 0.005500 0.009896
0 0.662125 0.780208 0.003250 0.013542
