0 0.114583 0.556000 0.011458 0.004000
0 0.233333 0.548000 0.007292 0.004500
0 0.238021 0.547875 0.008333 0.004750
0 0.336458 0.550625 0.012500 0.004250
0 0.332813 0.545375 0.013542 0.004750
0 0.324479 0.540125 0.010417 0.005250
0 0.320833 0.525125 0.008333 0.006750
0 0.340625 0.533250 0.013542 0.004500
0 0.346615 0.527875 0.013021 0.004750
0 0.330729 0.535000 0.010417 0.006500
0 0.363542 0.536250 0.009375 0.005500
0 0.365885 0.534250 0.008854 0.006000
0 0.376042 0.535125 0.008333 0.005750
0 0.379688 0.542625 0.011458 0.003750
0 0.384635 0.540375 0.007812 0.004750
0 0.375521 0.539500 0.011458 0.003500
0 0.353125 0.577125 0.011458 0.003250
0 0.463542 0.499250 0.008333 0.005500
0 0.459635 0.497250 0.006771 0.005500
0 0.363281 0.506500 0.011979 0.004000
0 0.491146 0.509500 0.008333 0.006000
0 0.422135 0.466625 0.015104 0.003750
0 0.403125 0.455125 0.012500 0.004250
0 0.396094 0.450750 0.006771 0.006000
0 0.298177 0.361375 0.009896 0.007250
0 0.294792 0.343125 0.010417 0.006750
0 0.279427 0.325125 0.009896 0.002750
0 0.281510 0.321625 0.009896 0.004750
0 0.253125 0.316125 0.010417 0.006750
0 0.192188 0.253375 0.009375 0.007250
0 0.197135 0.230125 0.010937 0.006250
0 0.142969 0.206000 0.014063 0.003500
0 0.132292 0.200375 0.008333 0.005750
0 0.136719 0.199000 0.009896 0.006500
0 0.122917 0.190875 0.016667 0.003750
0 0.237500 0.284625 0.008333 0.004750
0 0.554948 0.486500 0.007812 0.004000
0 0.551823 0.485625 0.008854 0.005250
0 0.566146 0.471375 0.011458 0.004250
0 0.564583 0.469250 0.008333 0.003500
0 0.563281 0.465500 0.009896 0.005000
0 0.572917 0.455250 0.007292 0.006000
0 0.596615 0.436625 0.008854 0.004750
0 0.578646 0.437250 0.009375 0.005500
0 0.548958 0.431625 0.012500 0.003750
0 0.596615 0.423125 0.009896 0.006250
0 0.612760 0.351625 0.008854 0.003250
0 0.564844 0.342500 0.008854 0.005000
0 0.587240 0.334375 0.009896 0.004750
0 0.625000 0.306750 0.007292 0.004000
0 0.630990 0.285750 0.006771 0.006500
0 0.613802 0.247250 0.011979 0.004500
0 0.604167 0.244750 0.010417 0.004000
0 0.633333 0.195125 0.009375 0.003250
0 0.633854 0.188250 0.007292 0.005000
0 0.632292 0.187625 0.008333 0.005250
0 0.650521 0.206125 0.008333 0.005250
0 0.648438 0.218500 0.009375 0.004000
0 0.727083 0.485750 0.010417 0.005000
0 0.752604 0.481625 0.010417 0.003250
0 0.762240 0.477750 0.013021 0.002500
0 0.763281 0.475875 0.010937 0.002250
0 0.822135 0.467625 0.007812 0.006750
0 0.844271 0.461875 0.006250 0.005250
0 0.849219 0.462000 0.003646 0.005000
0 0.834375 0.441875 0.009375 0.006250
0 0.811979 0.441500 0.013542 0.005500
0 0.791406 0.448500 0.013021 0.004500
0 0.784375 0.452000 0.009375 0.004000
0 0.876563 0.422250 0.007292 0.005500
0 0.882552 0.419250 0.009896 0.005500
0 0.889323 0.415375 0.008854 0.004250
0 0.900260 0.414750 0.011979 0.004500
0 0.917187 0.394875 0.011458 0.006750
0 0.959635 0.370250 0.015104 0.005500
0 0.618750 0.559000 0.013542 0.005000
0 0.698698 0.549625 0.011979 0.004250
0 0.922917 0.549625 0.013542 0.004250
0 0.913281 0.530000 0.008854 0.003000
0 0.911458 0.528625 0.013542 0.003250
0 0.977083 0.528375 0.009375 0.002750
0 0.988802 0.534375 0.014063 0.004250
0 0.991927 0.542000 0.006771 0.004500
0 0.778646 0.646625 0.013542 0.003750
0 0.779427 0.644375 0.009896 0.002750
0 0.844271 0.677125 0.009375 0.006250
0 0.903125 0.677500 0.014583 0.005000
0 0.916927 0.673500 0.006771 0.006000
0 0.941146 0.686375 0.008333 0.006250
0 0.944271 0.692625 0.013542 0.005250
0 0.876823 0.658125 0.006771 0.005250
0 0.884896 0.658875 0.008333 0.005750
0 0.889844 0.659000 0.005729 0.005000
0 0.866146 0.651125 0.005208 0.004750
0 0.861979 0.650375 0.005208 0.004750
0 0.343750 0.513875 0.013542 0.004250
0 0.269010 0.500000 0.011979 0.006000
0 0.256510 0.499500 0.010937 0.005000
0 0.259115 0.498000 0.010937 0.004500
0 0.201823 0.511375 0.010937 0.004250
0 0.200521 0.508375 0.012500 0.002750
0 0.230469 0.466500 0.014063 0.005500
0 0.147135 0.453500 0.013021 0.005500
0 0.108854 0.443125 0.012500 0.003750
0 0.093750 0.440250 0.013542 0.004500
0 0.109375 0.439875 0.011458 0.003750
0 0.134635 0.438875 0.008854 0.004750
0 0.075781 0.414750 0.014063 0.004000
0 0.055208 0.390250 0.013542 0.004500
0 0.020313 0.378625 0.009375 0.004250
