0 0.277500 0.632292 0.006000 0.009375
0 0.325375 0.554167 0.006250 0.011458
0 0.340375 0.565625 0.006750 0.011458
0 0.357375 0.585677 0.006750 0.011979
0 0.363375 0.652344 0.005750 0.007812
0 0.352875 0.709115 0.005750 0.006771
0 0.362500 0.723698 0.004500 0.013021
0 0.363375 0.737500 0.005250 0.014583
0 0.350000 0.775000 0.004000 0.006250
0 0.350250 0.766927 0.003500 0.009896
0 0.331875 0.807552 0.005250 0.014063
0 0.328375 0.755729 0.003750 0.013542
0 0.323500 0.752083 0.006500 0.010417
0 0.310750 0.757292 0.007500 0.013542
0 0.311500 0.824479 0.007000 0.008333
0 0.314875 0.835156 0.003750 0.015104
0 0.317000 0.876823 0.007000 0.007812
0 0.336125 0.845573 0.003750 0.017188
0 0.341625 0.836458 0.002750 0.015625
0 0.339125 0.834375 0.003750 0.011458
0 0.373125 0.355990 0.006750 0.009896
0 0.380000 0.337760 0.005500 0.014063
0 0.399000 0.514844 0.007500 0.007812
0 0.399125 0.527083 0.005750 0.014583
0 0.394500 0.555208 0.004000 0.015625
0 0.404000 0.579167 0.007000 0.010417
0 0.399625 0.660677 0.005750 0.008854
0 0.418125 0.633594 0.003750 0.009896
0 0.414375 0.635938 0.003750 0.015625
0 0.436125 0.655469 0.003250 0.011979
0 0.438875 0.651042 0.003750 0.011458
0 0.442500 0.755990 0.006000 0.014063
0 0.437250 0.804167 0.003500 0.013542
0 0.440375 0.809375 0.003250 0.015625
0 0.436625 0.823437 0.010250 0.014583
0 0.452625 0.796094 0.005250 0.009896
0 0.449250 0.789323 0.005500 0.010937
0 0.447875 0.796094 0.005250 0.015104
0 0.457875 0.790625 0.002750 0.011458
0 0.460250 0.790625 0.003500 0.014583
0 0.464375 0.785417 0.004750 0.014583
0 0.469375 0.784635 0.004250 0.016146
0 0.476625 0.816927 0.007750 0.008854
0 0.462625 0.819271 0.005250 0.015625
0 0.451000 0.850260 0.007500 0.008854
0 0.496000 0.897656 0.005500 0.015104
0 0.501375 0.868490 0.008250 0.014063
0 0.485375 0.813542 0.005750 0.011458
0 0.499250 0.780469 0.005000 0.010937
0 0.483750 0.797917 0.007000 0.009375
0 0.478500 0.788542 0.006000 0.009375
0 0.478250 0.781771 0.007000 0.010417
0 0.474500 0.767448 0.007000 0.011979
0 0.475375 0.761979 0.003250 0.010417
0 0.493000 0.727083 0.004500 0.010417
0 0.462125 0.704688 0.005250 0.007292
0 0.458875 0.707292 0.002750 0.012500
0 0.435000 0.592708 0.005000 0.007292
0 0.433250 0.540885 0.003000 0.007812
0 0.416625 0.513021 0.004250 0.009375
0 0.414250 0.405208 0.006500 0.009375
0 0.450500 0.404948 0.005000 0.009896
0 0.461375 0.505729 0.006750 0.009375
0 0.494375 0.582031 0.008250 0.008854
0 0.484625 0.599219 0.006250 0.010937
0 0.517875 0.585417 0.006250 0.013542
0 0.512500 0.601823 0.004000 0.013021
0 0.542875 0.628906 0.005250 0.011979
0 0.551250 0.642448 0.004000 0.015104
0 0.568875 0.656510 0.006750 0.007812
0 0.564750 0.669010 0.007000 0.014063
0 0.569500 0.681771 0.007000 0.008333
0 0.576875 0.692187 0.003750 0.014583
0 0.568625 0.694531 0.007250 0.009896
0 0.567250 0.739323 0.007000 0.011979
0 0.581125 0.729427 0.004250 0.009896
0 0.582500 0.726042 0.005500 0.011458
0 0.589625 0.732031 0.007250 0.007812
0 0.595500 0.750781 0.006000 0.011979
0 0.599375 0.737500 0.006250 0.010417
0 0.596750 0.725260 0.007000 0.008854
0 0.618125 0.760417 0.006250 0.014583
0 0.615500 0.710677 0.007000 0.008854
0 0.594250 0.676823 0.004500 0.011979
0 0.594375 0.670573 0.003750 0.008854
0 0.590125 0.668490 0.003250 0.008854
0 0.586250 0.673698 0.003500 0.011979
0 0.589625 0.674740 0.004750 0.008854
0 0.582250 0.667188 0.003500 0.011458
0 0.569375 0.647135 0.006250 0.011979
0 0.518250 0.502083 0.004500 0.010417
0 0.498500 0.510156 0.006500 0.015104
0 0.479375 0.486979 0.007250 0.010417
0 0.474375 0.473698 0.004250 0.007812
0 0.449625 0.342187 0.005750 0.008333
0 0.445375 0.347917 0.006750 0.007292
0 0.435250 0.364583 0.005500 0.010417
0 0.459875 0.382292 0.005750 0.009375
0 0.497250 0.416667 0.006000 0.009375
0 0.507250 0.419271 0.005000 0.012500
0 0.502000 0.434375 0.004000 0.012500
0 0.495625 0.429167 0.005750 0.011458
0 0.495250 0.447917 0.005500 0.008333
0 0.504375 0.449219 0.006250 0.008854
0 0.508500 0.465885 0.003000 0.014063
0 0.514875 0.483594 0.004250 0.007812
0 0.519500 0.484896 0.004500 0.007292
0 0.525125 0.462240 0.005750 0.007812
0 0.518250 0.461198 0.004500 0.010937
0 0.515125 0.457813 0.003250 0.009375
0 0.516875 0.449740 0.006750 0.008854
0 0.530875 0.446615 0.003250 0.013021
0 0.537625 0.457552 0.005250 0.011979
0 0.535125 0.469531 0.005750 0.006771
0 0.534375 0.483594 0.005750 0.007812
0 0.539375 0.478385 0.005250 0.010937
0 0.546250 0.465365 0.006500 0.011979
0 0.546625 0.494792 0.003250 0.012500
0 0.553000 0.490365 0.005500 0.008854
0 0.552250 0.514323 0.005000 0.013021
0 0.554750 0.529948 0.005500 0.011979
0 0.555875 0.540885 0.005250 0.011979
0 0.576875 0.549219 0.004250 0.015104
0 0.582125 0.540104 0.006250 0.011458
0 0.571000 0.523958 0.006500 0.009375
0 0.561500 0.495833 0.004500 0.010417
0 0.563000 0.493750 0.005000 0.009375
0 0.560750 0.475781 0.004000 0.013021
0 0.590875 0.515625 0.005250 0.009375
0 0.594000 0.514583 0.003000 0.011458
0 0.586000 0.522396 0.004000 0.012500
0 0.604125 0.523177 0.007750 0.009896
0 0.592625 0.561198 0.004750 0.014063
0 0.585375 0.563802 0.005750 0.010937
0 0.581875 0.570312 0.004750 0.012500
0 0.591375 0.589583 0.006250 0.012500
0 0.589375 0.576302 0.005750 0.007812
0 0.605375 0.599740 0.005750 0.014063
0 0.598000 0.554688 0.004500 0.012500
0 0.598750 0.548958 0.005000 0.008333
0 0.603625 0.549479 0.006750 0.012500
0 0.612125 0.564583 0.004750 0.014583
0 0.611750 0.550000 0.005000 0.014583
0 0.622500 0.534896 0.006500 0.009375
0 0.647875 0.567448 0.006250 0.008854
0 0.661625 0.589583 0.005250 0.014583
0 0.662125 0.610677 0.007250 0.013021
0 0.652625 0.532552 0.005250 0.015104
0 0.644000 0.506250 0.004500 0.012500
0 0.647375 0.502604 0.006750 0.010417
0 0.652125 0.501302 0.004750 0.013021
0 0.629125 0.490625 0.005750 0.013542
0 0.616875 0.488281 0.006750 0.010937
0 0.617375 0.478646 0.006250 0.011458
0 0.622125 0.475260 0.005750 0.014063
0 0.619875 0.452865 0.004750 0.013021
0 0.607500 0.452604 0.004500 0.015625
0 0.622625 0.451562 0.003250 0.011458
0 0.624500 0.449740 0.003500 0.008854
0 0.584875 0.474479 0.006750 0.010417
0 0.588500 0.468490 0.006000 0.008854
0 0.585375 0.450000 0.005750 0.014583
0 0.579875 0.397917 0.005250 0.012500
0 0.546625 0.405729 0.006250 0.009375
0 0.547750 0.401823 0.005500 0.006771
0 0.540625 0.409115 0.005750 0.008854
0 0.541250 0.404427 0.006000 0.008854
0 0.526375 0.399740 0.004750 0.014063
0 0.520000 0.399479 0.004000 0.014583
0 0.506750 0.389583 0.006000 0.007292
0 0.510250 0.365885 0.007000 0.007812
0 0.508375 0.355469 0.006750 0.008854
0 0.484375 0.365104 0.004250 0.012500
0 0.480875 0.365365 0.002750 0.014063
0 0.473125 0.341667 0.006750 0.008333
0 0.479750 0.286198 0.005000 0.011979
0 0.504875 0.283854 0.004250 0.008333
0 0.502625 0.278646 0.004250 0.008333
0 0.509000 0.282031 0.003000 0.008854
0 0.507875 0.276302 0.002250 0.008854
0 0.506125 0.276823 0.002250 0.008854
0 0.518750 0.274219 0.002000 0.009896
0 0.521125 0.274740 0.002750 0.011979
0 0.555500 0.249740 0.005500 0.008854
0 0.560750 0.245833 0.004000 0.009375
0 0.567000 0.248698 0.005000 0.009896
0 0.565375 0.243229 0.006250 0.007292
0 0.639500 0.233854 0.007500 0.010417
0 0.625625 0.245312 0.006750 0.013542
0 0.621500 0.236198 0.005500 0.008854
0 0.613000 0.234635 0.006000 0.010937
0 0.638500 0.193750 0.005500 0.011458
0 0.631000 0.168750 0.008000 0.011458
0 0.615875 0.183073 0.004750 0.013021
0 0.611000 0.198958 0.007000 0.009375
0 0.608375 0.188281 0.006750 0.008854
0 0.593875 0.159115 0.006250 0.009896
0 0.602750 0.170313 0.006000 0.009375
0 0.602375 0.166146 0.005250 0.006250
0 0.569875 0.186198 0.004750 0.011979
0 0.572625 0.201823 0.005750 0.006771
0 0.575375 0.216146 0.006250 0.009375
0 0.576625 0.210677 0.005250 0.004687
0 0.577375 0.205469 0.006750 0.006771
0 0.556625 0.220312 0.006250 0.008333
0 0.558000 0.213281 0.007000 0.007812
0 0.539125 0.219531 0.004250 0.013021
0 0.535375 0.230208 0.006250 0.008333
0 0.530500 0.234635 0.006500 0.013021
0 0.512500 0.242969 0.006000 0.010937
0 0.504125 0.190104 0.005250 0.016667
0 0.500875 0.006510 0.005250 0.009896
0 0.502750 0.016406 0.006500 0.010937
