0 0.567125 0.583594 0.006750 0.016146
0 0.631750 0.527083 0.005000 0.011458
0 0.638875 0.510677 0.003750 0.009896
0 0.624250 0.513021 0.007000 0.011458
0 0.628625 0.491927 0.004250 0.015104
0 0.634250 0.472917 0.006000 0.010417
0 0.641875 0.450000 0.007250 0.010417
0 0.634875 0.434896 0.006250 0.015625
0 0.653500 0.492969 0.004000 0.010937
0 0.669750 0.480208 0.004500 0.011458
0 0.665875 0.500260 0.004750 0.011979
0 0.676500 0.485937 0.004000 0.009375
0 0.675750 0.414323 0.006000 0.013021
0 0.677375 0.425521 0.007250 0.009375
0 0.693125 0.392708 0.006750 0.014583
0 0.693750 0.438021 0.004000 0.011458
0 0.690500 0.440104 0.003000 0.014583
0 0.686750 0.449740 0.004500 0.009896
0 0.685500 0.455990 0.004500 0.006771
0 0.652875 0.381510 0.003750 0.014063
0 0.656875 0.371615 0.007750 0.009896
0 0.672750 0.340885 0.007000 0.014063
0 0.688750 0.341667 0.006500 0.013542
0 0.699000 0.365365 0.007000 0.015104
0 0.716125 0.373958 0.005250 0.013542
0 0.724375 0.392708 0.006250 0.012500
0 0.737250 0.388281 0.005000 0.011979
0 0.744000 0.380729 0.004500 0.013542
0 0.766625 0.381510 0.005250 0.010937
0 0.763625 0.362240 0.006250 0.010937
0 0.746250 0.288021 0.004500 0.012500
0 0.746375 0.300260 0.004250 0.010937
0 0.732125 0.339583 0.006750 0.007292
0 0.728875 0.347917 0.005750 0.013542
0 0.721750 0.362240 0.005500 0.007812
0 0.724375 0.356250 0.005250 0.010417
0 0.755375 0.370833 0.003750 0.011458
0 0.748125 0.362500 0.003750 0.014583
0 0.751000 0.356771 0.003500 0.016667
0 0.754125 0.360417 0.003250 0.011458
0 0.788250 0.335417 0.003500 0.011458
0 0.775375 0.341406 0.005750 0.009896
0 0.770875 0.332552 0.003750 0.013021
0 0.774500 0.329427 0.003500 0.010937
0 0.772500 0.286979 0.004000 0.012500
0 0.803500 0.298958 0.007000 0.013542
0 0.790625 0.315885 0.003750 0.022396
0 0.782625 0.323437 0.009250 0.014583
0 0.757625 0.248958 0.006750 0.013542
0 0.773125 0.237760 0.006750 0.016146
0 0.798625 0.214583 0.005750 0.018750
0 0.785250 0.262500 0.004500 0.013542
0 0.789625 0.262760 0.004250 0.016146
0 0.820750 0.241406 0.004000 0.014063
0 0.815625 0.259115 0.005250 0.013021
0 0.804000 0.267708 0.003500 0.014583
0 0.806250 0.277344 0.007500 0.008854
0 0.817625 0.333594 0.003750 0.010937
0 0.763750 0.149219 0.004500 0.015104
0 0.796125 0.176042 0.007250 0.012500
0 0.812250 0.143490 0.007000 0.019271
0 0.819750 0.161719 0.006000 0.011979
0 0.833625 0.108854 0.006750 0.013542
0 0.851875 0.154948 0.005250 0.014063
0 0.845875 0.218229 0.004250 0.014583
0 0.859500 0.192188 0.003500 0.014583
0 0.862500 0.186458 0.003000 0.008333
0 0.864375 0.195833 0.003250 0.011458
0 0.498750 0.495052 0.004500 0.014063
0 0.504250 0.490885 0.005000 0.013021
0 0.511875 0.534375 0.004250 0.015625
0 0.520625 0.501563 0.004250 0.013542
0 0.513875 0.511979 0.005750 0.009375
0 0.513875 0.504427 0.005250 0.007812
0 0.528125 0.423437 0.005250 0.009375
0 0.526750 0.395052 0.004500 0.014063
0 0.506000 0.429948 0.007500 0.010937
0 0.496250 0.322917 0.008000 0.010417
0 0.519250 0.288542 0.008000 0.010417
0 0.563000 0.253646 0.005500 0.014583
0 0.520125 0.223958 0.006750 0.014583
0 0.508250 0.252604 0.006500 0.011458
0 0.518625 0.262500 0.007250 0.012500
0 0.509000 0.267188 0.004500 0.010417
0 0.511375 0.261979 0.003250 0.016667
0 0.520250 0.158073 0.006000 0.011979
0 0.528375 0.150260 0.006750 0.010937
0 0.548500 0.111458 0.004500 0.014583
0 0.582750 0.116146 0.004500 0.016667
0 0.543875 0.126562 0.004750 0.011458
0 0.547500 0.135417 0.006000 0.008333
0 0.574625 0.146875 0.005250 0.014583
0 0.570125 0.150000 0.004250 0.012500
0 0.534500 0.073177 0.006000 0.017188
0 0.551875 0.064323 0.002750 0.016146
0 0.550875 0.046875 0.006250 0.012500
0 0.558250 0.039583 0.006000 0.010417
0 0.572500 0.040104 0.004000 0.011458
0 0.575125 0.035677 0.005250 0.011979
0 0.589500 0.027865 0.005000 0.010937
0 0.595000 0.022917 0.005500 0.013542
0 0.421000 0.466927 0.004000 0.015104
0 0.441250 0.484635 0.004500 0.013021
0 0.451125 0.549219 0.005250 0.014063
0 0.387375 0.297656 0.006750 0.016146
0 0.402750 0.302083 0.004500 0.012500
0 0.405875 0.289844 0.005750 0.014063
0 0.406750 0.225260 0.006500 0.010937
0 0.402250 0.216146 0.005500 0.011458
0 0.405500 0.157292 0.005500 0.013542
0 0.383500 0.202083 0.006000 0.008333
0 0.390250 0.215885 0.004500 0.011979
0 0.366500 0.237240 0.007000 0.015104
0 0.347875 0.186719 0.006250 0.014063
0 0.350750 0.132552 0.004500 0.017188
0 0.305625 0.044531 0.006250 0.009896
0 0.336375 0.028646 0.006250 0.015625
0 0.373375 0.017969 0.006250 0.013021
0 0.314250 0.007292 0.004500 0.014583
0 0.325625 0.540625 0.008250 0.009375
0 0.344375 0.557813 0.006250 0.012500
0 0.317500 0.595313 0.004000 0.011458
0 0.323875 0.620313 0.004750 0.013542
0 0.332875 0.661198 0.006250 0.011979
0 0.361250 0.626823 0.005500 0.013021
0 0.351750 0.613542 0.006000 0.008333
0 0.351125 0.619271 0.007250 0.007292
0 0.297375 0.522135 0.006250 0.010937
0 0.287500 0.521354 0.005000 0.009375
0 0.286250 0.512760 0.006500 0.010937
0 0.241375 0.516146 0.006750 0.009375
0 0.248750 0.489063 0.007500 0.007292
0 0.261250 0.466667 0.006500 0.009375
0 0.267250 0.452865 0.006000 0.011979
0 0.273625 0.419531 0.005750 0.010937
0 0.277750 0.468750 0.009000 0.008333
0 0.272250 0.463802 0.007000 0.008854
0 0.252500 0.415625 0.007000 0.013542
0 0.243750 0.437240 0.008000 0.008854
0 0.236375 0.458854 0.006750 0.009375
0 0.247125 0.451562 0.004750 0.016667
0 0.225375 0.396615 0.007750 0.013021
0 0.222750 0.539323 0.004500 0.013021
0 0.234750 0.501823 0.008500 0.015104
0 0.138625 0.491927 0.006250 0.009896
0 0.160750 0.506771 0.005000 0.016667
0 0.163125 0.440365 0.005250 0.014063
0 0.152375 0.424479 0.007250 0.014583
0 0.174625 0.378906 0.006250 0.010937
0 0.141625 0.357031 0.006250 0.009896
0 0.141000 0.338802 0.007000 0.013021
0 0.152875 0.340625 0.006250 0.013542
0 0.144375 0.314063 0.006750 0.010417
0 0.098375 0.300260 0.006250 0.010937
0 0.179625 0.335677 0.005250 0.009896
0 0.175375 0.321094 0.003750 0.015104
0 0.180125 0.321094 0.006250 0.013021
0 0.210875 0.691927 0.007250 0.010937
0 0.132000 0.639844 0.007500 0.009896
0 0.133875 0.675781 0.005250 0.009896
0 0.153500 0.667188 0.006000 0.010417
0 0.115375 0.681771 0.007750 0.010417
0 0.202750 0.627604 0.005500 0.010417
0 0.217375 0.648698 0.003750 0.010937
0 0.182000 0.248958 0.008000 0.011458
0 0.186250 0.267448 0.005500 0.009896
0 0.211375 0.240625 0.007250 0.009375
0 0.230125 0.232031 0.005750 0.008854
0 0.234625 0.176823 0.005750 0.013021
0 0.195625 0.137240 0.007250 0.008854
0 0.163000 0.210156 0.005500 0.010937
0 0.410375 0.644792 0.006750 0.008333
0 0.112875 0.937500 0.007250 0.011458
0 0.141750 0.989844 0.013500 0.018229
0 0.020375 0.649740 0.007750 0.011979
0 0.748875 0.732292 0.011250 0.016667
0 0.784875 0.848958 0.005250 0.016667
0 0.786000 0.734896 0.007000 0.013542
0 0.787250 0.724219 0.006000 0.013021
0 0.929250 0.803385 0.009000 0.017188
0 0.854375 0.751823 0.006250 0.011979
0 0.849250 0.756771 0.006500 0.010417
0 0.836375 0.721615 0.005250 0.014063
0 0.586375 0.218229 0.010750 0.020833
0 0.603500 0.358594 0.014500 0.022396
0 0.539375 0.722135 0.006750 0.009896
