0 0.373698 0.632750 0.007812 0.003000
0 0.367448 0.634000 0.006771 0.004000
0 0.474740 0.613500 0.014063 0.006000
0 0.493490 0.603375 0.009896 0.003750
0 0.310417 0.549375 0.009375 0.004750
0 0.315625 0.545750 0.012500 0.003000
0 0.200781 0.532375 0.013021 0.004250
0 0.152083 0.518875 0.011458 0.004250
0 0.143229 0.504250 0.012500 0.004000
0 0.092708 0.489625 0.009375 0.003250
0 0.088802 0.487750 0.006771 0.004500
0 0.144271 0.375625 0.008333 0.004750
0 0.147917 0.374250 0.008333 0.006000
0 0.034115 0.247875 0.007812 0.004750
0 0.036979 0.247000 0.009375 0.004500
0 0.305208 0.397875 0.008333 0.004750
0 0.522917 0.455500 0.008333 0.006500
0 0.515625 0.425625 0.012500 0.005250
0 0.514323 0.421375 0.013021 0.003250
0 0.513281 0.413125 0.008854 0.007250
0 0.509635 0.402000 0.005729 0.006000
0 0.513281 0.402250 0.004687 0.005500
0 0.511198 0.385750 0.010937 0.004500
0 0.507552 0.384125 0.006771 0.003750
0 0.472656 0.361500 0.007812 0.007000
0 0.463281 0.285375 0.005729 0.006750
0 0.458854 0.285625 0.005208 0.005250
0 0.410417 0.006625 0.013542 0.005750
0 0.497917 0.193250 0.010417 0.007000
0 0.514583 0.343125 0.010417 0.004250
0 0.516927 0.341500 0.007812 0.003500
0 0.544792 0.354375 0.009375 0.004750
0 0.560677 0.373250 0.009896 0.004500
0 0.557552 0.375625 0.008854 0.004250
0 0.550521 0.422000 0.010417 0.004500
0 0.553385 0.420750 0.006771 0.004000
0 0.563281 0.428375 0.006771 0.005250
0 0.554167 0.430750 0.006250 0.004000
0 0.556771 0.429250 0.008333 0.005000
0 0.690625 0.535250 0.005208 0.003500
0 0.692448 0.533500 0.006771 0.004500
0 0.721615 0.506375 0.007812 0.005750
0 0.751042 0.463250 0.010417 0.005500
0 0.746615 0.459000 0.013021 0.004500
0 0.769010 0.431500 0.011979 0.003500
0 0.767188 0.429500 0.010417 0.003000
0 0.827083 0.413000 0.013542 0.005000
0 0.933594 0.320500 0.009896 0.006500
0 0.924479 0.318500 0.006250 0.005500
0 0.921354 0.318125 0.008333 0.006250
0 0.972656 0.307250 0.011979 0.006500
0 0.975781 0.338000 0.008854 0.007000
0 0.901562 0.372375 0.008333 0.005750
0 0.903906 0.379000 0.008854 0.005500
0 0.902344 0.364000 0.005729 0.005500
0 0.858854 0.408375 0.011458 0.005250
0 0.844531 0.418375 0.009896 0.007250
0 0.842708 0.432750 0.007292 0.004500
0 0.787240 0.558875 0.008854 0.003750
0 0.790104 0.557625 0.012500 0.003750
0 0.831250 0.538625 0.010417 0.002250
0 0.831510 0.536750 0.014063 0.003000
0 0.858594 0.542000 0.010937 0.002500
0 0.858854 0.539875 0.012500 0.002750
0 0.951562 0.662000 0.011458 0.002000
0 0.953125 0.663750 0.011458 0.002500
