0 0.099479 0.571125 0.008333 0.006750
0 0.078125 0.556500 0.009375 0.006500
0 0.083594 0.542250 0.009896 0.007000
0 0.075260 0.550625 0.015104 0.004750
0 0.033594 0.540875 0.011979 0.003750
0 0.027604 0.532875 0.010417 0.006250
0 0.105469 0.539125 0.010937 0.006750
0 0.103385 0.533875 0.008854 0.005750
0 0.082292 0.517125 0.013542 0.003250
0 0.053646 0.513625 0.015625 0.006250
0 0.078385 0.505250 0.010937 0.008000
0 0.115625 0.493125 0.010417 0.008250
0 0.007812 0.487375 0.015625 0.005250
0 0.022917 0.480500 0.009375 0.004000
0 0.010156 0.456500 0.008854 0.006000
0 0.093750 0.457625 0.018750 0.008250
0 0.085677 0.439625 0.009896 0.007750
0 0.090885 0.438000 0.008854 0.005000
0 0.099219 0.394875 0.013021 0.007250
0 0.148698 0.407000 0.015104 0.007500
0 0.146875 0.323250 0.011458 0.006000
0 0.228125 0.282750 0.019792 0.005500
0 0.284115 0.309875 0.011979 0.004750
0 0.123958 0.610500 0.010417 0.006500
0 0.151823 0.589500 0.009896 0.005500
0 0.129427 0.599125 0.009896 0.008750
0 0.160417 0.568625 0.009375 0.005250
0 0.223437 0.538500 0.008333 0.006000
0 0.239062 0.530500 0.010417 0.006000
0 0.206510 0.511875 0.011979 0.007250
0 0.293229 0.497375 0.013542 0.006250
0 0.310677 0.472000 0.011979 0.009500
0 0.379167 0.453500 0.014583 0.007000
0 0.350781 0.459000 0.006771 0.008500
0 0.356510 0.459000 0.005729 0.005500
0 0.416667 0.465375 0.009375 0.005750
0 0.364844 0.392500 0.009896 0.007000
0 0.421354 0.343750 0.015625 0.010000
0 0.567187 0.306625 0.015625 0.007750
0 0.598437 0.302625 0.011458 0.006750
0 0.620833 0.320250 0.012500 0.006000
0 0.621615 0.290125 0.013021 0.005250
0 0.734635 0.335000 0.010937 0.008000
0 0.750781 0.337875 0.011979 0.004250
0 0.837500 0.334875 0.011458 0.006750
0 0.876302 0.379125 0.015104 0.006250
0 0.131250 0.620125 0.014583 0.004750
0 0.165625 0.612500 0.011458 0.004500
0 0.179427 0.598625 0.013021 0.005250
0 0.201302 0.595625 0.015104 0.005250
0 0.184635 0.607375 0.009896 0.005250
0 0.202083 0.581625 0.012500 0.004250
0 0.213281 0.583125 0.006771 0.006750
0 0.213802 0.590125 0.007812 0.006250
0 0.223698 0.589500 0.009896 0.006500
0 0.232552 0.580500 0.013021 0.004000
0 0.241406 0.582875 0.013021 0.002750
0 0.235937 0.586500 0.011458 0.003500
0 0.248698 0.585375 0.007812 0.005750
0 0.254167 0.573875 0.012500 0.005750
0 0.266406 0.582000 0.013021 0.004500
0 0.284115 0.579875 0.016146 0.003750
0 0.275521 0.576875 0.013542 0.005750
0 0.269531 0.569750 0.015104 0.004000
0 0.265104 0.561500 0.009375 0.004500
0 0.271615 0.563500 0.010937 0.005000
0 0.260417 0.566500 0.008333 0.006500
0 0.313021 0.574125 0.012500 0.002750
0 0.315365 0.551000 0.016146 0.003500
0 0.297917 0.553625 0.013542 0.004750
0 0.298698 0.557000 0.013021 0.003000
0 0.304427 0.558875 0.013021 0.004750
0 0.314063 0.554750 0.013542 0.004000
0 0.312240 0.564375 0.008854 0.005750
0 0.325260 0.560375 0.013021 0.004750
0 0.320312 0.563375 0.010417 0.003250
0 0.317708 0.566250 0.011458 0.003000
0 0.319271 0.568875 0.012500 0.003750
0 0.323437 0.569500 0.008333 0.006000
0 0.332031 0.568125 0.008854 0.005750
0 0.341406 0.567500 0.010937 0.004500
0 0.341146 0.562500 0.007292 0.005500
0 0.345052 0.555875 0.014063 0.006250
0 0.351823 0.564875 0.015104 0.004750
0 0.282292 0.587250 0.008333 0.004500
0 0.370833 0.569875 0.009375 0.003750
0 0.395313 0.556250 0.015625 0.004500
0 0.408594 0.551625 0.008854 0.007250
0 0.417708 0.551375 0.010417 0.004750
0 0.422917 0.545875 0.011458 0.006250
0 0.432031 0.545375 0.010937 0.003750
0 0.443750 0.546125 0.007292 0.006750
0 0.438281 0.542250 0.009896 0.006000
0 0.527083 0.523625 0.015625 0.003750
0 0.526563 0.529000 0.013542 0.003000
0 0.525521 0.531875 0.012500 0.003750
0 0.519271 0.480250 0.013542 0.007500
0 0.601562 0.473750 0.008333 0.008000
0 0.620573 0.477125 0.009896 0.006750
0 0.557552 0.512875 0.015104 0.007250
0 0.598437 0.510250 0.011458 0.003000
0 0.600781 0.512875 0.013021 0.003250
0 0.626823 0.508750 0.013021 0.006500
0 0.635938 0.526750 0.008333 0.006000
0 0.660156 0.518625 0.008854 0.005750
0 0.789844 0.446875 0.014063 0.006750
0 0.841146 0.493125 0.014583 0.005750
0 0.915625 0.463375 0.014583 0.005750
0 0.896615 0.473500 0.014063 0.004500
0 0.954688 0.468500 0.015625 0.006000
0 0.940885 0.434500 0.007812 0.005500
0 0.829688 0.589125 0.010417 0.006250
0 0.681510 0.612875 0.016146 0.005750
0 0.636719 0.604000 0.015104 0.005000
0 0.638802 0.608875 0.014063 0.005250
0 0.671354 0.607625 0.012500 0.003250
0 0.670573 0.605125 0.010937 0.002250
0 0.663802 0.604125 0.010937 0.005250
0 0.553646 0.626125 0.008333 0.006250
0 0.555990 0.622000 0.015104 0.003000
0 0.553125 0.618125 0.014583 0.003750
0 0.556250 0.614625 0.010417 0.005250
0 0.555469 0.600375 0.014063 0.004250
0 0.583333 0.593500 0.009375 0.005000
0 0.572135 0.595875 0.014063 0.006250
0 0.491406 0.597625 0.011979 0.006750
0 0.470833 0.616125 0.012500 0.007250
0 0.450521 0.615375 0.013542 0.003250
0 0.452344 0.612375 0.011979 0.002750
0 0.458333 0.609625 0.012500 0.004750
0 0.447656 0.611250 0.006771 0.005500
0 0.440885 0.612125 0.008854 0.006250
0 0.425000 0.593875 0.011458 0.004750
0 0.413281 0.617625 0.015104 0.004250
0 0.410156 0.603750 0.011979 0.004500
0 0.380729 0.604000 0.011458 0.004000
0 0.361198 0.604625 0.010937 0.004250
0 0.369531 0.615250 0.010937 0.005500
0 0.347917 0.613375 0.013542 0.002750
0 0.354687 0.615375 0.013542 0.004250
0 0.356510 0.617875 0.007812 0.005250
0 0.358073 0.620875 0.010937 0.006250
0 0.296875 0.632000 0.014583 0.006000
0 0.280990 0.626875 0.010937 0.006250
0 0.317188 0.615250 0.011458 0.004000
0 0.328385 0.608250 0.010937 0.003000
0 0.313802 0.609375 0.013021 0.003750
0 0.305469 0.613500 0.010937 0.003500
0 0.277865 0.616250 0.010937 0.003000
0 0.287240 0.616125 0.009896 0.005250
0 0.298698 0.619625 0.006771 0.006750
0 0.305469 0.619875 0.006771 0.005750
0 0.303646 0.616875 0.007292 0.004750
0 0.313542 0.618625 0.009375 0.006250
0 0.441667 0.718000 0.011458 0.006500
0 0.513802 0.687625 0.011979 0.004250
0 0.442969 0.656875 0.013021 0.007250
0 0.436719 0.701500 0.011979 0.004500
0 0.428906 0.700500 0.010937 0.007000
0 0.406250 0.692000 0.013542 0.005000
0 0.412760 0.695500 0.010937 0.006500
0 0.373698 0.689375 0.009896 0.006250
0 0.371094 0.679875 0.009896 0.005250
0 0.373698 0.678375 0.008854 0.004750
0 0.337500 0.680375 0.008333 0.006750
0 0.263542 0.670375 0.008333 0.007750
0 0.273698 0.658875 0.014063 0.005750
0 0.260677 0.654875 0.010937 0.007250
0 0.248958 0.658250 0.014583 0.005000
0 0.228385 0.656375 0.015104 0.005750
0 0.138021 0.698375 0.009375 0.006750
0 0.147656 0.695000 0.015104 0.004000
0 0.109635 0.709125 0.014063 0.003250
0 0.121354 0.715750 0.009375 0.007500
0 0.120573 0.724125 0.010937 0.007250
0 0.104948 0.717750 0.006771 0.005000
0 0.111198 0.718875 0.007812 0.007250
0 0.093490 0.736500 0.009896 0.007000
0 0.078646 0.740125 0.011458 0.004750
0 0.148698 0.752500 0.009896 0.008500
0 0.090365 0.764875 0.016146 0.005750
0 0.125000 0.793500 0.014583 0.006500
0 0.132031 0.814375 0.016146 0.007250
0 0.146354 0.728375 0.008333 0.006750
0 0.146875 0.723500 0.005208 0.007000
0 0.152344 0.724500 0.005729 0.006000
0 0.533073 0.815875 0.010937 0.005750
0 0.866406 0.898875 0.010937 0.005250
0 0.921615 0.956125 0.014063 0.006250
0 0.917969 0.971250 0.010937 0.006000
0 0.916667 0.995375 0.011458 0.004750
0 0.504427 0.926750 0.015104 0.005000
0 0.451042 0.926875 0.009375 0.004750
