0 0.083073 0.254750 0.011979 0.004500
0 0.083073 0.275250 0.008854 0.002500
0 0.083854 0.273875 0.007292 0.002750
0 0.120313 0.298625 0.009375 0.004750
0 0.205469 0.300000 0.009896 0.004500
0 0.224479 0.300625 0.010417 0.003250
0 0.221094 0.310875 0.009896 0.004750
0 0.204687 0.320125 0.010417 0.004250
0 0.196615 0.325750 0.009896 0.003500
0 0.195052 0.328875 0.009896 0.002750
0 0.208073 0.351625 0.008854 0.004250
0 0.225000 0.334125 0.007292 0.004750
0 0.211719 0.329500 0.009896 0.003500
0 0.262240 0.322750 0.010937 0.003000
0 0.261458 0.334750 0.012500 0.004500
0 0.288021 0.340750 0.009375 0.004000
0 0.279948 0.348250 0.004687 0.004500
0 0.284896 0.347375 0.009375 0.003750
0 0.154948 0.344000 0.004687 0.004000
0 0.159635 0.344000 0.005729 0.004500
0 0.236719 0.388375 0.013021 0.003750
0 0.333854 0.367625 0.012500 0.003750
0 0.334115 0.353875 0.010937 0.003250
0 0.348438 0.383375 0.012500 0.004250
0 0.417969 0.404125 0.009896 0.005250
0 0.524740 0.400625 0.006771 0.003250
0 0.489323 0.326750 0.007812 0.005500
0 0.489323 0.313750 0.009896 0.005000
0 0.485677 0.302625 0.007812 0.005250
0 0.475781 0.299875 0.007812 0.002750
0 0.477083 0.293250 0.007292 0.005000
0 0.435417 0.292375 0.011458 0.003250
0 0.436198 0.289750 0.010937 0.003500
0 0.411198 0.293250 0.014063 0.003500
0 0.451042 0.277750 0.008333 0.006500
0 0.467969 0.276625 0.007812 0.004750
0 0.477604 0.273875 0.005208 0.005750
0 0.477865 0.281000 0.008854 0.004000
0 0.469531 0.273125 0.009896 0.002750
0 0.422396 0.259375 0.008333 0.005250
0 0.430469 0.259375 0.009896 0.004750
0 0.449479 0.234250 0.009375 0.003500
0 0.452344 0.232000 0.007812 0.002500
0 0.455729 0.230375 0.008333 0.002750
0 0.449219 0.223500 0.007812 0.003500
0 0.469010 0.220125 0.007812 0.005750
0 0.477604 0.227000 0.006250 0.006000
0 0.458854 0.211625 0.006250 0.005750
0 0.462500 0.210250 0.009375 0.004500
0 0.423177 0.192250 0.010937 0.006500
0 0.457552 0.177875 0.008854 0.005250
0 0.448698 0.180125 0.006771 0.006250
0 0.443490 0.179875 0.006771 0.004750
0 0.440104 0.176500 0.009375 0.002500
0 0.440625 0.168000 0.009375 0.004000
0 0.376563 0.175250 0.010417 0.007500
0 0.350521 0.220625 0.011458 0.004750
0 0.316146 0.206875 0.004167 0.005250
0 0.320833 0.207000 0.005208 0.005500
0 0.310677 0.127750 0.010937 0.006500
0 0.320312 0.140875 0.006250 0.005250
0 0.322396 0.136750 0.007292 0.005000
0 0.399479 0.079125 0.008333 0.003250
0 0.444792 0.115125 0.008333 0.006250
0 0.428385 0.115500 0.007812 0.003500
0 0.432812 0.118625 0.006250 0.003750
0 0.436458 0.118000 0.006250 0.005000
0 0.459896 0.266000 0.006250 0.003000
0 0.459635 0.264125 0.005729 0.002250
0 0.478385 0.250875 0.007812 0.003750
0 0.595573 0.397750 0.011979 0.004000
0 0.702083 0.303500 0.007292 0.006500
0 0.710938 0.295250 0.010417 0.005500
0 0.673438 0.328750 0.011458 0.004500
0 0.726823 0.236125 0.008854 0.006250
0 0.757292 0.195375 0.010417 0.005750
0 0.825000 0.185750 0.008333 0.004000
0 0.826823 0.184125 0.009896 0.002250
0 0.960156 0.062375 0.008854 0.007250
0 0.795312 0.269125 0.011458 0.003750
0 0.771875 0.275500 0.007292 0.005500
0 0.640885 0.432250 0.008854 0.004500
0 0.652865 0.430375 0.007812 0.004250
0 0.737240 0.410875 0.009896 0.004750
0 0.750521 0.419625 0.008333 0.005750
0 0.722656 0.411375 0.010937 0.004250
0 0.769792 0.399250 0.010417 0.005500
0 0.771354 0.407250 0.012500 0.004500
0 0.826562 0.375875 0.010417 0.004250
0 0.835677 0.386000 0.009896 0.005000
0 0.911198 0.389625 0.007812 0.005750
0 0.914323 0.371375 0.010937 0.005750
0 0.927083 0.362750 0.010417 0.005500
0 0.937760 0.356250 0.013021 0.005000
0 0.994792 0.384750 0.009375 0.005000
0 0.755729 0.464250 0.011458 0.004500
0 0.760677 0.459125 0.011979 0.003750
0 0.764583 0.456375 0.008333 0.003250
0 0.774479 0.461250 0.009375 0.004500
0 0.788542 0.461750 0.010417 0.003500
0 0.788021 0.464375 0.008333 0.003250
0 0.801302 0.463875 0.013021 0.004250
0 0.810937 0.457375 0.013542 0.004250
0 0.852344 0.454500 0.007812 0.004500
0 0.874740 0.455875 0.014063 0.004250
0 0.931771 0.464750 0.009375 0.004500
0 0.923177 0.469500 0.009896 0.005000
0 0.948177 0.454625 0.014063 0.004250
0 0.966146 0.458875 0.010417 0.003750
0 0.978125 0.461500 0.009375 0.004500
0 0.859896 0.464500 0.011458 0.005500
0 0.582812 0.496625 0.009375 0.004250
0 0.594792 0.531500 0.009375 0.005500
0 0.677344 0.552625 0.008854 0.004750
