0 0.016667 0.397750 0.015625 0.005000
0 0.035937 0.410750 0.012500 0.003500
0 0.044792 0.411250 0.009375 0.006500
0 0.046354 0.407250 0.009375 0.006000
0 0.209375 0.271125 0.010417 0.008750
0 0.209896 0.322875 0.009375 0.008250
0 0.261458 0.320375 0.010417 0.005250
0 0.269792 0.319125 0.007292 0.005750
0 0.265104 0.319250 0.009375 0.006000
0 0.291146 0.332000 0.009375 0.007000
0 0.285938 0.338250 0.007292 0.007500
0 0.279427 0.343250 0.007812 0.006500
0 0.282292 0.347500 0.009375 0.003000
0 0.271875 0.351125 0.012500 0.003750
0 0.285938 0.350875 0.012500 0.005250
0 0.264583 0.358500 0.009375 0.007000
0 0.202083 0.370375 0.008333 0.007250
0 0.216146 0.376000 0.010417 0.007000
0 0.221354 0.383000 0.015625 0.005000
0 0.266406 0.377500 0.008854 0.008000
0 0.205990 0.395000 0.008854 0.008000
0 0.241406 0.402375 0.009896 0.006250
0 0.264844 0.404125 0.006771 0.006250
0 0.259635 0.403875 0.006771 0.007250
0 0.226823 0.412250 0.008854 0.007000
0 0.191406 0.413000 0.014063 0.005000
0 0.171615 0.417250 0.006771 0.007000
0 0.176302 0.421625 0.011979 0.003750
0 0.208073 0.428000 0.004687 0.006500
0 0.213542 0.428125 0.006250 0.007750
0 0.241146 0.417625 0.012500 0.006750
0 0.247135 0.422250 0.011979 0.004500
0 0.272396 0.417625 0.011458 0.006750
0 0.268229 0.427125 0.007292 0.006750
0 0.276562 0.424625 0.011458 0.005250
0 0.309896 0.376750 0.011458 0.008000
0 0.308594 0.391125 0.009896 0.006750
0 0.304427 0.442875 0.010937 0.005750
0 0.250781 0.453375 0.014063 0.005250
0 0.205208 0.452250 0.009375 0.007500
0 0.211979 0.449500 0.012500 0.008000
0 0.185938 0.457500 0.009375 0.007500
0 0.176042 0.455125 0.011458 0.006250
0 0.171615 0.443125 0.011979 0.004250
0 0.171615 0.439875 0.011979 0.003750
0 0.196094 0.442375 0.014063 0.006250
0 0.153385 0.471875 0.011979 0.007750
0 0.209115 0.467125 0.009896 0.004750
0 0.213021 0.466125 0.012500 0.005750
0 0.213542 0.461375 0.008333 0.007250
0 0.208073 0.461000 0.007812 0.006000
0 0.206771 0.485250 0.013542 0.007000
0 0.233854 0.488500 0.009375 0.007000
0 0.242188 0.486750 0.007292 0.007000
0 0.247656 0.491000 0.005729 0.006500
0 0.255469 0.493875 0.010937 0.005250
0 0.207292 0.504750 0.012500 0.006000
0 0.230729 0.509250 0.006250 0.007500
0 0.234115 0.508875 0.007812 0.006750
0 0.239062 0.522750 0.012500 0.005000
0 0.248177 0.525125 0.014063 0.004250
0 0.242448 0.531875 0.007812 0.006750
0 0.237500 0.536000 0.010417 0.007000
0 0.266406 0.544125 0.005729 0.006750
0 0.270573 0.544250 0.005729 0.005500
0 0.297917 0.543250 0.008333 0.003500
0 0.298438 0.538625 0.007292 0.003250
0 0.293750 0.534500 0.007292 0.006500
0 0.293229 0.526125 0.006250 0.007250
0 0.298438 0.524000 0.007292 0.003500
0 0.285938 0.497250 0.007292 0.007500
0 0.280990 0.471625 0.008854 0.005750
0 0.209115 0.576000 0.005729 0.006000
0 0.204427 0.576125 0.005729 0.006750
0 0.213281 0.559000 0.008854 0.006500
0 0.182812 0.555375 0.012500 0.003750
0 0.170052 0.557500 0.007812 0.007000
0 0.165625 0.558625 0.005208 0.005750
0 0.118750 0.531375 0.005208 0.005750
0 0.109375 0.527125 0.011458 0.003750
0 0.143750 0.527250 0.009375 0.004500
0 0.144792 0.533875 0.006250 0.007750
0 0.152083 0.535875 0.008333 0.005250
0 0.177604 0.530625 0.008333 0.006750
0 0.161198 0.522125 0.004687 0.005750
0 0.159635 0.518125 0.005729 0.005750
0 0.154167 0.518625 0.006250 0.006250
0 0.162500 0.493500 0.008333 0.006500
0 0.116146 0.494375 0.009375 0.005750
0 0.119792 0.491125 0.009375 0.006250
0 0.080729 0.482500 0.011458 0.006000
0 0.103125 0.480000 0.008333 0.004000
0 0.101042 0.478125 0.009375 0.005250
0 0.053385 0.507625 0.004687 0.006250
0 0.060937 0.509000 0.009375 0.005500
0 0.065625 0.500500 0.009375 0.006000
0 0.073177 0.500250 0.005729 0.006500
0 0.070312 0.478875 0.010417 0.002750
0 0.064583 0.477375 0.012500 0.004250
0 0.118490 0.451875 0.005729 0.005250
0 0.121094 0.449000 0.013021 0.003000
0 0.094792 0.433375 0.014583 0.004250
0 0.049479 0.437125 0.012500 0.005250
0 0.066927 0.435625 0.007812 0.005250
0 0.072396 0.434750 0.011458 0.005000
0 0.101302 0.552500 0.006771 0.006000
0 0.180990 0.588125 0.011979 0.006250
0 0.214062 0.603750 0.008333 0.007500
0 0.404167 0.554250 0.010417 0.007000
0 0.620052 0.290875 0.009896 0.008250
0 0.541927 0.335750 0.009896 0.009000
0 0.568229 0.340500 0.014583 0.006000
0 0.694531 0.320125 0.008854 0.007750
0 0.654427 0.315875 0.014063 0.008250
0 0.666406 0.343750 0.010937 0.005000
0 0.675260 0.340625 0.018229 0.005750
0 0.497656 0.344625 0.008854 0.008250
0 0.523958 0.354500 0.015625 0.003500
0 0.531510 0.357500 0.007812 0.005500
0 0.542708 0.360375 0.011458 0.005250
0 0.533854 0.361500 0.012500 0.004000
0 0.544010 0.368875 0.010937 0.008250
0 0.573177 0.372000 0.008854 0.006500
0 0.604167 0.379000 0.011458 0.004000
0 0.601823 0.368375 0.011979 0.003750
0 0.516667 0.385000 0.012500 0.006500
0 0.503646 0.388125 0.010417 0.006250
0 0.483594 0.395375 0.013021 0.005750
0 0.501302 0.401250 0.006771 0.005000
0 0.497396 0.400250 0.010417 0.007000
0 0.501302 0.407750 0.011979 0.006500
0 0.526042 0.410500 0.007292 0.006500
0 0.518229 0.413500 0.010417 0.007500
0 0.500781 0.378750 0.005729 0.006000
0 0.505729 0.378250 0.007292 0.007000
0 0.477865 0.427375 0.014063 0.004250
0 0.470312 0.432500 0.006250 0.007500
0 0.471875 0.440125 0.009375 0.006750
0 0.505729 0.437875 0.010417 0.005250
0 0.523177 0.438125 0.013021 0.006250
0 0.567708 0.399750 0.012500 0.006000
0 0.586979 0.387125 0.012500 0.006750
0 0.436719 0.483500 0.009896 0.007500
0 0.430469 0.481625 0.008854 0.005750
0 0.415365 0.508125 0.011979 0.006250
0 0.413021 0.506500 0.010417 0.004500
0 0.451042 0.585750 0.012500 0.004000
0 0.460677 0.577250 0.009896 0.003500
0 0.459375 0.573375 0.012500 0.004250
0 0.492448 0.582375 0.015104 0.004750
0 0.509375 0.574250 0.011458 0.006000
0 0.518750 0.570000 0.012500 0.006500
0 0.543229 0.541875 0.015625 0.004750
0 0.589583 0.542250 0.011458 0.007000
0 0.625521 0.538250 0.014583 0.006000
0 0.585677 0.528875 0.011979 0.007250
0 0.691927 0.529500 0.011979 0.007500
0 0.573438 0.546000 0.011458 0.005500
0 0.571875 0.550500 0.007292 0.006500
0 0.563281 0.550375 0.010937 0.006250
0 0.605990 0.519875 0.014063 0.007750
0 0.628646 0.517375 0.011458 0.006750
0 0.598698 0.509000 0.010937 0.008500
0 0.569792 0.517375 0.014583 0.005250
0 0.552865 0.518250 0.009896 0.007000
0 0.543229 0.514125 0.012500 0.003750
0 0.531510 0.518625 0.008854 0.008250
0 0.525781 0.523875 0.010937 0.007750
0 0.555990 0.508375 0.009896 0.004250
0 0.556771 0.512500 0.010417 0.006000
0 0.532292 0.501250 0.011458 0.006000
0 0.535937 0.506000 0.009375 0.007500
0 0.541146 0.507125 0.010417 0.006250
0 0.556250 0.497625 0.013542 0.002750
0 0.557292 0.495375 0.011458 0.002750
0 0.597656 0.484375 0.014063 0.003750
0 0.584115 0.486500 0.008854 0.006500
0 0.609896 0.495125 0.010417 0.007250
0 0.598958 0.498000 0.011458 0.007500
0 0.599740 0.493000 0.009896 0.006500
0 0.591927 0.493375 0.006771 0.006750
0 0.591406 0.489375 0.011979 0.004750
0 0.603906 0.480375 0.007812 0.006250
0 0.599219 0.475375 0.007812 0.006250
0 0.608333 0.471625 0.014583 0.004250
0 0.603646 0.468000 0.014583 0.004500
0 0.609115 0.457500 0.009896 0.007000
0 0.630990 0.438000 0.013021 0.007500
0 0.657552 0.438625 0.011979 0.006750
0 0.682552 0.434125 0.015104 0.004250
0 0.694792 0.440875 0.013542 0.004750
0 0.642708 0.445125 0.011458 0.006750
0 0.653125 0.447500 0.013542 0.005500
0 0.850000 0.396750 0.017708 0.009000
0 0.954427 0.392500 0.014063 0.005500
0 0.874219 0.426125 0.021354 0.007250
0 0.605208 0.597750 0.011458 0.006000
0 0.588281 0.598125 0.014063 0.003750
0 0.577083 0.600500 0.011458 0.004500
0 0.566667 0.604875 0.011458 0.003750
0 0.565365 0.601750 0.010937 0.004000
0 0.595573 0.594625 0.014063 0.004750
0 0.641146 0.585625 0.012500 0.005250
0 0.671615 0.589750 0.015104 0.003000
0 0.672396 0.587750 0.014583 0.003000
0 0.703646 0.597000 0.010417 0.005500
0 0.695052 0.615625 0.011979 0.007750
0 0.855990 0.592250 0.008854 0.005500
0 0.828385 0.600625 0.016146 0.005250
0 0.800521 0.601750 0.010417 0.005000
0 0.809896 0.596000 0.010417 0.004500
0 0.810937 0.587875 0.008333 0.005750
0 0.810937 0.583500 0.012500 0.004500
0 0.803125 0.585875 0.010417 0.006750
0 0.778125 0.594375 0.011458 0.005750
0 0.769531 0.598750 0.007812 0.005000
0 0.765104 0.603250 0.008333 0.007500
0 0.666406 0.570625 0.014063 0.004250
0 0.624740 0.605625 0.014063 0.005750
0 0.663542 0.599375 0.013542 0.006750
0 0.580208 0.614750 0.013542 0.004000
0 0.592448 0.611250 0.010937 0.004000
0 0.585938 0.609375 0.008333 0.005750
0 0.473177 0.658750 0.008854 0.005000
0 0.634896 0.699250 0.015625 0.004000
0 0.737500 0.693250 0.007292 0.005000
0 0.478646 0.727875 0.010417 0.004250
