0 0.402865 0.443750 0.013021 0.007500
0 0.380729 0.442375 0.018750 0.008250
0 0.395052 0.456625 0.014063 0.006250
0 0.350521 0.466625 0.011458 0.006750
0 0.342187 0.476375 0.011458 0.006250
0 0.336719 0.481625 0.011979 0.006750
0 0.322396 0.478750 0.014583 0.008000
0 0.327604 0.487625 0.013542 0.006750
0 0.316667 0.490625 0.011458 0.008250
0 0.289323 0.489000 0.013021 0.008000
0 0.287500 0.489625 0.014583 0.008750
0 0.303646 0.496625 0.016667 0.006750
0 0.302865 0.496875 0.011979 0.006750
0 0.298177 0.504625 0.015104 0.007250
0 0.365625 0.480500 0.011458 0.008000
0 0.365365 0.489625 0.010937 0.007250
0 0.352344 0.509750 0.015104 0.009000
0 0.305729 0.521875 0.020833 0.006250
0 0.311458 0.527500 0.011458 0.006000
0 0.306771 0.532375 0.015625 0.005750
0 0.236458 0.521375 0.015625 0.007250
0 0.254427 0.524625 0.018229 0.006750
0 0.248698 0.531500 0.016146 0.009500
0 0.250521 0.533000 0.014583 0.007000
0 0.252604 0.533750 0.011458 0.007000
0 0.217188 0.533625 0.009375 0.006250
0 0.232813 0.537125 0.017708 0.009250
0 0.234375 0.537250 0.013542 0.007500
0 0.232813 0.544625 0.016667 0.006250
0 0.247135 0.547625 0.010937 0.006750
0 0.276042 0.544625 0.015625 0.007250
0 0.297396 0.549000 0.011458 0.006000
0 0.299740 0.559500 0.008854 0.007000
0 0.286719 0.561375 0.013021 0.008250
0 0.255729 0.559375 0.012500 0.005750
0 0.269010 0.565625 0.016146 0.008250
0 0.237240 0.554625 0.013021 0.009250
0 0.212760 0.560750 0.016146 0.009500
0 0.191927 0.569625 0.015104 0.006750
0 0.244271 0.572750 0.013542 0.008500
0 0.222917 0.576875 0.015625 0.007750
0 0.212240 0.559750 0.015104 0.007000
0 0.224219 0.576625 0.010937 0.005250
0 0.238021 0.594750 0.012500 0.007500
0 0.174219 0.572000 0.018229 0.007500
0 0.173177 0.571250 0.014063 0.007500
0 0.140625 0.584000 0.015625 0.007000
0 0.159635 0.585750 0.011979 0.007000
0 0.167187 0.585500 0.008333 0.007500
0 0.173177 0.585125 0.010937 0.006250
0 0.185417 0.585250 0.014583 0.007000
0 0.180729 0.582750 0.012500 0.009000
0 0.174479 0.590625 0.015625 0.008250
0 0.176042 0.590625 0.010417 0.008750
0 0.120313 0.608375 0.012500 0.007750
0 0.149219 0.605000 0.010937 0.008500
0 0.158594 0.604000 0.009896 0.008000
0 0.197135 0.595625 0.011979 0.007750
0 0.217188 0.595250 0.015625 0.008000
0 0.210677 0.606375 0.011979 0.007750
0 0.229427 0.612000 0.015104 0.009500
0 0.430208 0.478250 0.013542 0.007000
0 0.434115 0.479000 0.010937 0.007000
0 0.451562 0.476750 0.012500 0.008000
0 0.453646 0.479000 0.011458 0.007500
0 0.426302 0.494000 0.011979 0.008000
0 0.432812 0.489625 0.011458 0.008750
0 0.451302 0.492250 0.014063 0.009000
0 0.448698 0.502125 0.011979 0.007750
0 0.489323 0.538500 0.010937 0.007000
0 0.426302 0.528125 0.016146 0.007750
0 0.429688 0.533625 0.015625 0.006250
0 0.411198 0.561000 0.010937 0.009000
0 0.421354 0.561625 0.013542 0.007750
0 0.426563 0.567000 0.011458 0.008000
0 0.426042 0.555625 0.011458 0.008250
0 0.429167 0.553125 0.011458 0.009250
0 0.435677 0.552750 0.010937 0.007500
0 0.437500 0.561625 0.013542 0.007750
0 0.457813 0.560500 0.010417 0.009000
0 0.461979 0.582750 0.017708 0.009500
0 0.490365 0.586500 0.014063 0.008000
0 0.424740 0.587250 0.023438 0.010000
0 0.424740 0.589625 0.015104 0.008750
0 0.432031 0.585250 0.016146 0.008500
0 0.091667 0.653500 0.013542 0.007000
0 0.090625 0.678625 0.014583 0.006750
0 0.408333 0.615000 0.010417 0.008500
0 0.421875 0.621750 0.013542 0.008500
0 0.381771 0.618500 0.018750 0.010000
0 0.380469 0.618750 0.014063 0.007500
0 0.388281 0.627375 0.023438 0.008750
0 0.390104 0.627750 0.016667 0.007500
0 0.383333 0.635625 0.013542 0.007250
0 0.428646 0.649375 0.017708 0.009750
0 0.428125 0.649000 0.013542 0.009000
0 0.435677 0.666500 0.014063 0.008500
0 0.434115 0.665125 0.017188 0.011750
0 0.415625 0.694750 0.011458 0.007000
0 0.520052 0.699375 0.016146 0.009750
0 0.520052 0.700375 0.021354 0.008750
0 0.053125 0.708625 0.014583 0.005750
0 0.426823 0.731000 0.011979 0.010000
0 0.444010 0.759125 0.016146 0.008250
0 0.397135 0.798000 0.014063 0.011000
0 0.587500 0.646125 0.011458 0.008250
0 0.857552 0.596125 0.017188 0.009250
0 0.792448 0.565000 0.016146 0.007500
0 0.708854 0.555500 0.015625 0.009000
0 0.704688 0.554625 0.021875 0.009750
0 0.747396 0.517125 0.011458 0.007750
0 0.704688 0.519375 0.015625 0.005250
0 0.681771 0.527750 0.013542 0.008500
0 0.728906 0.535625 0.023438 0.011750
0 0.728125 0.536000 0.014583 0.008000
0 0.701302 0.532125 0.021354 0.009250
0 0.704948 0.537000 0.011979 0.009500
0 0.975781 0.686125 0.015104 0.011750
0 0.686458 0.496000 0.011458 0.008500
0 0.662240 0.495625 0.016146 0.007250
0 0.646094 0.501625 0.018229 0.009250
0 0.603646 0.503750 0.014583 0.007500
0 0.603646 0.513250 0.011458 0.006500
0 0.625781 0.512750 0.018229 0.009500
0 0.645573 0.471250 0.013021 0.009500
0 0.614062 0.466375 0.016667 0.007250
0 0.630469 0.467250 0.013021 0.009500
0 0.577344 0.479875 0.011979 0.006750
0 0.569792 0.464125 0.016667 0.007250
0 0.553646 0.468750 0.016667 0.006500
0 0.623958 0.448125 0.016667 0.008250
0 0.594531 0.442500 0.014063 0.006500
0 0.560156 0.438000 0.013021 0.008500
0 0.535156 0.433625 0.014063 0.008250
0 0.498698 0.434375 0.010937 0.007250
0 0.504687 0.439125 0.010417 0.007250
0 0.517969 0.440250 0.010937 0.007000
0 0.485937 0.445250 0.015625 0.004500
0 0.496354 0.448750 0.016667 0.004000
0 0.499740 0.451625 0.016146 0.004250
0 0.504687 0.455250 0.013542 0.006000
0 0.526302 0.458000 0.015104 0.008500
0 0.538802 0.459500 0.011979 0.006500
0 0.549740 0.458000 0.010937 0.007000
