0 0.122500 0.456771 0.012000 0.015625
0 0.159000 0.490625 0.012500 0.015625
0 0.233750 0.780729 0.005500 0.010417
0 0.240125 0.779167 0.005750 0.015625
0 0.297375 0.818750 0.005750 0.008333
0 0.261625 0.809896 0.004750 0.009375
0 0.246500 0.802865 0.004500 0.007812
0 0.250375 0.808594 0.004250 0.007812
0 0.370875 0.690885 0.005250 0.009896
0 0.364750 0.655990 0.005500 0.011979
0 0.357500 0.599479 0.005000 0.013542
0 0.344125 0.571615 0.004750 0.014063
0 0.330125 0.580208 0.005750 0.014583
0 0.338875 0.596615 0.006750 0.014063
0 0.342125 0.538802 0.005750 0.009896
0 0.326875 0.536979 0.004250 0.015625
0 0.336250 0.523698 0.004500 0.011979
0 0.335875 0.497135 0.005250 0.014063
0 0.327750 0.478125 0.006000 0.010417
0 0.317125 0.440885 0.006750 0.015104
0 0.341625 0.548958 0.003750 0.010417
0 0.344625 0.554948 0.004250 0.008854
0 0.416375 0.462500 0.005750 0.010417
0 0.416125 0.437500 0.002750 0.013542
0 0.416875 0.413281 0.004750 0.007812
0 0.412125 0.391667 0.004250 0.015625
0 0.400875 0.378385 0.005250 0.015104
0 0.412375 0.347917 0.005250 0.010417
0 0.413375 0.362760 0.004250 0.010937
0 0.416125 0.361198 0.005250 0.009896
0 0.415750 0.307812 0.004500 0.014583
0 0.420250 0.282552 0.004500 0.006771
0 0.448000 0.470573 0.004500 0.013021
0 0.458750 0.469010 0.003500 0.013021
0 0.456750 0.467448 0.002500 0.010937
0 0.464125 0.416146 0.003250 0.014583
0 0.481875 0.448958 0.003250 0.015625
0 0.487875 0.422135 0.003750 0.014063
0 0.489125 0.406250 0.006750 0.008333
0 0.480375 0.358854 0.004250 0.011458
0 0.482625 0.347135 0.003750 0.013021
0 0.472500 0.344271 0.003000 0.012500
0 0.488375 0.320312 0.005250 0.009375
0 0.475625 0.327865 0.003750 0.013021
0 0.471375 0.313021 0.005750 0.006250
0 0.472500 0.321094 0.002500 0.013021
0 0.474500 0.320573 0.003000 0.009896
0 0.479875 0.261458 0.005750 0.011458
0 0.483625 0.249219 0.006750 0.007812
0 0.497500 0.237500 0.003500 0.016667
0 0.506750 0.247135 0.005000 0.014063
0 0.474250 0.656510 0.004000 0.014063
0 0.494250 0.660677 0.006500 0.015104
0 0.501375 0.619531 0.004250 0.015104
0 0.508250 0.600781 0.004000 0.015104
0 0.498125 0.589583 0.003750 0.014583
0 0.487375 0.586979 0.004250 0.014583
0 0.500625 0.558073 0.003750 0.015104
0 0.473375 0.544792 0.003250 0.014583
0 0.484375 0.528646 0.005250 0.013542
0 0.499125 0.530729 0.003250 0.014583
0 0.504750 0.533594 0.005000 0.007812
0 0.506500 0.542448 0.003000 0.011979
0 0.507000 0.553906 0.004500 0.013021
0 0.515875 0.560156 0.004250 0.010937
0 0.535750 0.571615 0.003500 0.011979
0 0.537000 0.546354 0.002500 0.010417
0 0.535000 0.545052 0.003500 0.014063
0 0.522000 0.518490 0.003500 0.013021
0 0.531875 0.516667 0.004250 0.009375
0 0.526750 0.509115 0.005000 0.009896
0 0.513375 0.540104 0.002750 0.013542
0 0.504000 0.517448 0.003000 0.011979
0 0.501625 0.513802 0.004250 0.015104
0 0.496875 0.517708 0.004750 0.010417
0 0.487875 0.502604 0.004250 0.012500
0 0.498500 0.497396 0.004000 0.014583
0 0.507875 0.483073 0.004250 0.013021
0 0.521125 0.487240 0.003750 0.011979
0 0.533375 0.488281 0.004750 0.010937
0 0.514125 0.468750 0.003250 0.013542
0 0.519000 0.475521 0.005500 0.007292
0 0.509875 0.469010 0.004250 0.015104
0 0.502500 0.465625 0.004500 0.008333
0 0.511125 0.451562 0.004750 0.007292
0 0.507375 0.455990 0.003750 0.011979
0 0.504500 0.454427 0.003500 0.013021
0 0.500250 0.457552 0.004500 0.009896
0 0.496500 0.454427 0.003000 0.014063
0 0.505875 0.437760 0.006750 0.009896
0 0.522375 0.454427 0.004250 0.013021
0 0.526500 0.432031 0.003500 0.013021
0 0.530750 0.432292 0.003000 0.014583
0 0.542000 0.427344 0.003500 0.013021
0 0.539750 0.439844 0.005000 0.009896
0 0.540125 0.450781 0.005250 0.014063
0 0.547875 0.472396 0.003250 0.012500
0 0.550500 0.462760 0.004500 0.007812
0 0.538375 0.469531 0.005750 0.006771
0 0.508500 0.406771 0.006000 0.008333
0 0.524250 0.414062 0.004000 0.009375
0 0.528375 0.408333 0.004250 0.009375
0 0.524500 0.401042 0.004000 0.015625
0 0.540750 0.378385 0.004000 0.013021
0 0.542000 0.390625 0.004000 0.010417
0 0.552875 0.387760 0.004250 0.011979
0 0.560125 0.400000 0.004250 0.008333
0 0.543250 0.359896 0.003000 0.012500
0 0.540500 0.354687 0.004000 0.013542
0 0.524625 0.680729 0.003250 0.011458
0 0.503625 0.864062 0.005250 0.007292
0 0.520750 0.863802 0.004000 0.009896
0 0.505750 0.816927 0.006000 0.005729
0 0.510000 0.803646 0.005500 0.006250
0 0.587000 0.870833 0.004000 0.009375
0 0.562000 0.872656 0.003500 0.009896
0 0.642875 0.769271 0.004750 0.009375
0 0.613750 0.520052 0.013000 0.017188
0 0.587875 0.219792 0.003750 0.009375
0 0.758000 0.243490 0.006500 0.013021
0 0.873250 0.468229 0.003500 0.012500
