0 0.389323 0.719875 0.009896 0.007750
0 0.429167 0.726750 0.008333 0.007000
0 0.435156 0.705250 0.008854 0.008500
0 0.531510 0.705625 0.010937 0.007750
0 0.403125 0.655250 0.008333 0.008500
0 0.294010 0.515125 0.013021 0.009750
0 0.412500 0.486000 0.010417 0.006500
0 0.434375 0.520500 0.008333 0.006500
0 0.410677 0.463125 0.008854 0.008250
0 0.404948 0.450750 0.005729 0.006500
0 0.409375 0.451250 0.007292 0.007000
0 0.442969 0.395250 0.011979 0.008500
0 0.567187 0.417750 0.008333 0.008500
0 0.533073 0.431000 0.007812 0.007000
0 0.527344 0.426875 0.011979 0.006750
0 0.481250 0.385625 0.008333 0.008250
0 0.498958 0.397000 0.006250 0.008000
0 0.505729 0.397375 0.008333 0.008250
0 0.493229 0.391625 0.009375 0.007750
0 0.549740 0.381750 0.007812 0.007500
0 0.558854 0.380125 0.010417 0.007750
0 0.589323 0.391375 0.006771 0.007250
0 0.579948 0.393250 0.013021 0.007500
