0 0.285677 0.667500 0.011979 0.005000
0 0.401823 0.618500 0.014063 0.005500
0 0.460938 0.583250 0.011458 0.006500
0 0.477344 0.392875 0.011979 0.006250
0 0.601562 0.571250 0.011458 0.006000
0 0.691667 0.484250 0.009375 0.006000
0 0.778906 0.431125 0.013021 0.008250
0 0.911979 0.593750 0.013542 0.008500
0 0.916927 0.584250 0.018229 0.006500
0 0.932552 0.590875 0.015104 0.007750
0 0.977604 0.604875 0.015625 0.005250
0 0.602083 0.659000 0.017708 0.009500
0 0.773177 0.695250 0.011979 0.007000
0 0.835938 0.716625 0.011458 0.005250
0 0.638281 0.684000 0.011979 0.006000
