0 0.358125 0.784635 0.004250 0.009896
0 0.318875 0.713281 0.005750 0.005729
0 0.318875 0.707292 0.005250 0.006250
0 0.327000 0.702604 0.004500 0.008333
0 0.325875 0.698438 0.004750 0.006250
0 0.273375 0.645052 0.005750 0.005729
0 0.273375 0.640104 0.004750 0.005208
0 0.245750 0.551042 0.005500 0.006250
0 0.246625 0.554688 0.004750 0.007292
0 0.245750 0.545052 0.005500 0.005729
0 0.373500 0.838021 0.003500 0.011458
0 0.328625 0.844792 0.005750 0.006250
0 0.387125 0.840625 0.005750 0.010417
0 0.319000 0.741667 0.004500 0.005208
0 0.319125 0.738542 0.005750 0.004167
0 0.385750 0.645833 0.005500 0.007292
0 0.381625 0.641146 0.003750 0.007292
0 0.362500 0.634635 0.002500 0.008854
0 0.364625 0.634375 0.002750 0.010417
0 0.366000 0.627344 0.003000 0.008854
0 0.348250 0.574219 0.004000 0.011979
0 0.314500 0.430469 0.003000 0.010937
0 0.312625 0.430208 0.002250 0.011458
0 0.297750 0.359896 0.006000 0.013542
0 0.244500 0.214323 0.005000 0.013021
0 0.228000 0.172917 0.005000 0.007292
0 0.230625 0.166927 0.004750 0.005729
0 0.222000 0.188021 0.004500 0.012500
0 0.244875 0.154427 0.003750 0.011979
0 0.234625 0.107812 0.004750 0.013542
0 0.229625 0.092969 0.004750 0.013021
0 0.212375 0.052083 0.006250 0.013542
0 0.250000 0.072396 0.005000 0.007292
0 0.252000 0.066927 0.004500 0.013021
0 0.258250 0.063021 0.007000 0.011458
0 0.273375 0.166406 0.004250 0.014063
0 0.284250 0.235937 0.005500 0.006250
0 0.284500 0.232031 0.005500 0.005729
0 0.305750 0.323177 0.004500 0.006771
0 0.306250 0.318490 0.005000 0.006771
0 0.323875 0.419531 0.004750 0.011979
0 0.330250 0.406250 0.004500 0.008333
0 0.331375 0.401823 0.003750 0.010937
0 0.367000 0.582031 0.006500 0.013021
0 0.429250 0.683073 0.005000 0.007812
0 0.428750 0.676042 0.005500 0.007292
0 0.440500 0.686198 0.004000 0.013021
0 0.440250 0.634896 0.002000 0.010417
0 0.442500 0.634115 0.002500 0.010937
0 0.435125 0.564844 0.002750 0.009896
0 0.437125 0.564323 0.002250 0.011979
0 0.433375 0.527865 0.002750 0.013021
0 0.441125 0.498177 0.002750 0.011979
0 0.439125 0.498177 0.002250 0.009896
0 0.438125 0.484115 0.002750 0.010937
0 0.435750 0.480990 0.002000 0.009896
0 0.434625 0.462760 0.004750 0.007812
0 0.438500 0.466406 0.002500 0.011979
0 0.441500 0.452865 0.003000 0.011979
0 0.429750 0.405469 0.004000 0.010937
0 0.429375 0.397396 0.004250 0.006250
0 0.432750 0.392448 0.003500 0.009896
0 0.451875 0.300000 0.003250 0.012500
0 0.447500 0.289844 0.004000 0.011979
0 0.448125 0.279687 0.004250 0.010417
0 0.447625 0.270052 0.003250 0.009896
0 0.415875 0.290365 0.004250 0.010937
0 0.456250 0.217969 0.003500 0.010937
0 0.477625 0.115104 0.002250 0.013542
0 0.475750 0.114844 0.001500 0.010937
0 0.465875 0.289062 0.003250 0.011458
0 0.457875 0.334115 0.004750 0.004687
0 0.460250 0.340625 0.002000 0.009375
0 0.458875 0.340625 0.002250 0.010417
0 0.453250 0.454167 0.005500 0.011458
0 0.453000 0.455729 0.006500 0.010417
0 0.449500 0.503906 0.003500 0.009896
0 0.448250 0.515365 0.005000 0.011979
0 0.449625 0.547656 0.003750 0.009896
0 0.447375 0.539583 0.003250 0.007292
0 0.453000 0.540885 0.003500 0.010937
0 0.456750 0.535677 0.003500 0.011979
0 0.460250 0.533073 0.003000 0.007812
0 0.461500 0.530729 0.004500 0.009375
0 0.445000 0.571875 0.002500 0.007292
0 0.446375 0.570312 0.004250 0.007292
0 0.533750 0.596354 0.004500 0.010417
0 0.532500 0.590885 0.004000 0.009896
0 0.486125 0.681510 0.005250 0.011979
0 0.515125 0.633594 0.004250 0.010937
0 0.558500 0.528646 0.004000 0.009375
0 0.564375 0.505469 0.004250 0.008854
0 0.570250 0.468750 0.004000 0.011458
0 0.547125 0.457552 0.003750 0.013021
0 0.577250 0.453385 0.005000 0.008854
0 0.585375 0.384635 0.004750 0.013021
0 0.603750 0.348177 0.004000 0.006771
0 0.603125 0.344010 0.004250 0.004687
0 0.580250 0.362500 0.003000 0.006250
0 0.578250 0.360417 0.004000 0.010417
0 0.642875 0.325000 0.002750 0.011458
0 0.646250 0.325521 0.003500 0.008333
0 0.670625 0.328385 0.003750 0.010937
0 0.667625 0.328906 0.002250 0.010937
0 0.678000 0.300521 0.003500 0.010417
0 0.666500 0.287760 0.004000 0.011979
0 0.662250 0.294010 0.004000 0.009896
0 0.653875 0.217969 0.005750 0.014063
0 0.763250 0.037500 0.005500 0.014583
0 0.705625 0.182292 0.003750 0.011458
0 0.711875 0.163021 0.002750 0.009375
0 0.709750 0.156510 0.003500 0.009896
0 0.724375 0.166406 0.003750 0.010937
0 0.725000 0.129427 0.003000 0.008854
0 0.727000 0.128385 0.003000 0.009896
0 0.689875 0.225781 0.006750 0.017188
0 0.690125 0.225000 0.008250 0.012500
0 0.675500 0.208073 0.004000 0.011979
0 0.666375 0.233594 0.006250 0.011979
0 0.666125 0.233594 0.006750 0.016146
0 0.638500 0.300000 0.006500 0.009375
0 0.638375 0.299479 0.006250 0.012500
0 0.644125 0.292448 0.005250 0.010937
0 0.617500 0.446875 0.004000 0.013542
0 0.590375 0.470833 0.004250 0.010417
0 0.584750 0.493229 0.004500 0.010417
0 0.584000 0.475260 0.005500 0.010937
0 0.553875 0.533073 0.005250 0.011979
0 0.549625 0.563281 0.005750 0.013021
0 0.536875 0.739323 0.006250 0.010937
0 0.577250 0.747135 0.005000 0.011979
0 0.586500 0.742188 0.005500 0.013542
0 0.608500 0.722656 0.004500 0.011979
0 0.636875 0.713802 0.004250 0.009896
0 0.669875 0.655469 0.005750 0.008854
0 0.668875 0.635417 0.002750 0.010417
0 0.666625 0.634896 0.002250 0.010417
0 0.660000 0.637240 0.006500 0.010937
0 0.731750 0.606250 0.005000 0.009375
0 0.673000 0.646354 0.004500 0.007292
0 0.674125 0.642448 0.004750 0.006771
0 0.573750 0.717187 0.003000 0.011458
0 0.551000 0.896354 0.005000 0.013542
0 0.544000 0.940365 0.004500 0.011979
0 0.557500 0.930208 0.006500 0.005208
0 0.598125 0.890365 0.004250 0.010937
0 0.571500 0.927865 0.005500 0.008854
0 0.570000 0.917969 0.005500 0.009896
0 0.537750 0.935417 0.004000 0.012500
0 0.585625 0.907031 0.004250 0.010937
0 0.624750 0.952344 0.003000 0.011979
0 0.626750 0.951302 0.004000 0.010937
0 0.640125 0.970313 0.005750 0.011458
