0 0.262375 0.567448 0.005750 0.017188
0 0.283875 0.679948 0.004250 0.013021
0 0.315125 0.694792 0.006250 0.016667
0 0.321000 0.497135 0.006000 0.017188
0 0.382500 0.757031 0.005000 0.019271
0 0.680250 0.811198 0.009000 0.011979
0 0.654500 0.772917 0.006500 0.008333
0 0.639500 0.753125 0.003500 0.014583
0 0.573625 0.752865 0.006250 0.009896
0 0.575125 0.741146 0.005750 0.008333
0 0.603750 0.723698 0.004500 0.015104
0 0.619500 0.690625 0.007000 0.015625
0 0.517750 0.645052 0.004500 0.007812
0 0.520500 0.634635 0.007000 0.009896
0 0.459875 0.508854 0.004750 0.013542
0 0.441000 0.212240 0.007500 0.007812
0 0.655375 0.144792 0.007250 0.008333
0 0.600750 0.179948 0.005500 0.006771
0 0.465000 0.320833 0.006000 0.005208
0 0.465500 0.317448 0.005500 0.004687
0 0.448375 0.146094 0.007250 0.009896
0 0.413750 0.092969 0.005500 0.014063
