0 0.526000 0.410156 0.007000 0.011979
0 0.580625 0.226042 0.004250 0.015625
0 0.611000 0.186719 0.006500 0.015104
0 0.564375 0.125781 0.005250 0.010937
0 0.592375 0.141146 0.004750 0.015625
0 0.603250 0.123437 0.006000 0.013542
0 0.621250 0.098698 0.005000 0.014063
0 0.630750 0.088542 0.005000 0.011458
0 0.617875 0.052865 0.004750 0.015104
0 0.609500 0.109115 0.005000 0.013021
0 0.611750 0.117708 0.004500 0.010417
0 0.462750 0.104167 0.004500 0.014583
0 0.461875 0.113281 0.005250 0.008854
0 0.449375 0.161458 0.005250 0.010417
0 0.448250 0.082812 0.002500 0.015625
0 0.451000 0.087500 0.002500 0.014583
0 0.454125 0.088802 0.003250 0.014063
0 0.437750 0.197656 0.006000 0.015104
0 0.438125 0.239323 0.002750 0.014063
0 0.454750 0.217448 0.003500 0.009896
0 0.450500 0.200781 0.005500 0.015104
0 0.440500 0.135677 0.003000 0.011979
0 0.440000 0.124740 0.006000 0.009896
0 0.436000 0.330469 0.005500 0.013021
0 0.340625 0.419010 0.004750 0.010937
0 0.333125 0.298438 0.004750 0.010417
0 0.337625 0.265365 0.004750 0.013021
0 0.290750 0.266667 0.003500 0.013542
0 0.265000 0.138021 0.004500 0.012500
0 0.148750 0.602865 0.003000 0.010937
0 0.152125 0.594271 0.006750 0.014583
0 0.660000 0.361458 0.006500 0.011458
0 0.533250 0.003906 0.004500 0.007812
