0 0.482750 0.290885 0.006000 0.009896
0 0.475500 0.291146 0.005000 0.014583
0 0.476000 0.306510 0.006500 0.011979
0 0.475625 0.332552 0.005250 0.014063
0 0.455375 0.353906 0.005750 0.011979
0 0.457250 0.340625 0.004500 0.014583
0 0.446750 0.338542 0.005000 0.012500
0 0.443250 0.335677 0.006500 0.008854
0 0.440250 0.345313 0.006500 0.009375
0 0.407625 0.368490 0.005250 0.015104
0 0.415375 0.389323 0.004250 0.015104
0 0.422625 0.409635 0.003250 0.016146
0 0.417000 0.402604 0.004000 0.013542
0 0.417500 0.411719 0.006000 0.011979
0 0.416375 0.422135 0.006750 0.008854
0 0.404375 0.486198 0.005750 0.007812
0 0.394625 0.496615 0.005750 0.014063
0 0.396250 0.484115 0.003500 0.013021
0 0.395250 0.478125 0.005000 0.013542
0 0.423875 0.452083 0.006250 0.011458
0 0.432250 0.445052 0.004500 0.013021
0 0.391250 0.463542 0.003000 0.012500
0 0.388250 0.462500 0.003000 0.017708
0 0.479625 0.791146 0.004750 0.014583
0 0.489875 0.697656 0.006250 0.007812
0 0.500375 0.693229 0.005750 0.008333
0 0.470000 0.687500 0.004500 0.013542
0 0.475625 0.697917 0.004750 0.010417
0 0.477750 0.692448 0.004500 0.009896
0 0.465625 0.603125 0.007750 0.011458
0 0.497375 0.613802 0.004250 0.013021
0 0.494875 0.588542 0.003750 0.009375
0 0.492000 0.580208 0.003000 0.015625
0 0.472000 0.576042 0.007000 0.010417
0 0.478500 0.569010 0.004500 0.014063
0 0.480625 0.555208 0.004250 0.011458
0 0.477000 0.554948 0.003000 0.015104
0 0.479375 0.535937 0.005250 0.014583
0 0.474875 0.522917 0.005750 0.014583
0 0.487000 0.510417 0.005000 0.011458
0 0.456000 0.494531 0.004500 0.011979
0 0.484625 0.497917 0.002750 0.012500
0 0.487875 0.498437 0.003750 0.011458
0 0.489000 0.495833 0.003000 0.009375
0 0.490750 0.489583 0.003000 0.012500
0 0.512125 0.514323 0.004250 0.008854
0 0.492375 0.476302 0.002750 0.013021
0 0.491875 0.464583 0.005250 0.011458
0 0.490125 0.474479 0.002750 0.011458
0 0.488500 0.471875 0.003500 0.012500
0 0.490625 0.441406 0.003250 0.014063
0 0.497875 0.433073 0.003750 0.014063
0 0.493875 0.430729 0.003250 0.014583
0 0.495000 0.416146 0.004500 0.011458
0 0.491875 0.415885 0.003750 0.013021
0 0.488875 0.416406 0.004750 0.011979
0 0.502625 0.386979 0.005750 0.014583
0 0.522250 0.319010 0.004500 0.014063
0 0.541625 0.330469 0.004750 0.007812
0 0.548750 0.365885 0.005500 0.013021
0 0.535250 0.475000 0.006000 0.009375
0 0.546750 0.482031 0.008000 0.014063
0 0.527375 0.527865 0.005750 0.007812
0 0.551125 0.533594 0.004250 0.017188
0 0.564875 0.558854 0.006750 0.008333
0 0.554375 0.559115 0.002250 0.011979
0 0.552250 0.557552 0.003000 0.014063
0 0.529250 0.665365 0.005000 0.010937
0 0.570750 0.663542 0.008000 0.010417
0 0.684625 0.428125 0.006250 0.008333
0 0.888125 0.475521 0.011250 0.014583
0 0.955000 0.436979 0.013000 0.015625
0 0.616625 0.296354 0.005750 0.011458
0 0.440750 0.505469 0.004500 0.011979
