0 0.018229 0.779625 0.015625 0.006250
0 0.094792 0.825750 0.011458 0.008500
0 0.153385 0.832000 0.010937 0.008500
0 0.135677 0.795750 0.009896 0.007000
0 0.301823 0.831625 0.015104 0.006750
0 0.276042 0.796000 0.009375 0.006000
0 0.297396 0.740500 0.010417 0.008000
0 0.268490 0.751125 0.009896 0.006750
0 0.439583 0.898750 0.012500 0.005500
0 0.040625 0.640625 0.009375 0.003750
0 0.040365 0.638125 0.011979 0.002750
0 0.091406 0.689250 0.013021 0.003500
0 0.145313 0.678375 0.012500 0.002750
0 0.145313 0.675500 0.012500 0.003500
0 0.203385 0.668250 0.009896 0.006500
0 0.202604 0.676625 0.013542 0.002750
0 0.201302 0.674375 0.013021 0.002250
0 0.179167 0.656750 0.011458 0.005500
0 0.158594 0.658750 0.013021 0.003000
0 0.162240 0.664000 0.010937 0.004000
0 0.164844 0.662875 0.009896 0.003750
0 0.173177 0.654125 0.015104 0.004750
0 0.208594 0.644875 0.013021 0.003250
0 0.211979 0.641750 0.014583 0.003500
0 0.256250 0.646875 0.009375 0.004250
0 0.264062 0.641000 0.010417 0.003000
0 0.336198 0.661750 0.007812 0.006500
0 0.354427 0.660625 0.007812 0.006250
0 0.369010 0.654500 0.014063 0.005000
0 0.320052 0.649000 0.009896 0.004500
0 0.327604 0.647000 0.009375 0.004000
0 0.333594 0.644875 0.013021 0.005250
0 0.355729 0.626500 0.014583 0.006000
0 0.403385 0.647000 0.009896 0.005000
0 0.397135 0.664375 0.014063 0.003750
0 0.414844 0.664000 0.009896 0.004000
0 0.432292 0.665375 0.012500 0.003750
0 0.436458 0.656625 0.010417 0.005250
0 0.436458 0.652125 0.012500 0.003750
0 0.486458 0.661750 0.007292 0.006000
0 0.557031 0.674375 0.009896 0.004750
0 0.687500 0.668875 0.014583 0.007750
0 0.305469 0.691125 0.013021 0.005250
0 0.549219 0.613125 0.014063 0.004750
0 0.525781 0.606250 0.014063 0.004500
0 0.489063 0.600375 0.012500 0.004750
0 0.404167 0.582875 0.015625 0.004750
0 0.401302 0.573000 0.014063 0.004000
0 0.406250 0.593625 0.006250 0.004750
0 0.410156 0.593250 0.007812 0.006500
0 0.439583 0.595875 0.016667 0.005750
0 0.312760 0.589125 0.011979 0.005750
0 0.365104 0.573750 0.011458 0.005000
0 0.384635 0.572375 0.007812 0.004250
0 0.356771 0.566125 0.012500 0.004250
0 0.342708 0.560250 0.014583 0.004500
0 0.324479 0.566375 0.012500 0.004750
0 0.322135 0.561500 0.006771 0.005000
0 0.360677 0.550750 0.010937 0.005000
0 0.328906 0.552500 0.010937 0.003000
0 0.317969 0.555750 0.010937 0.005500
0 0.325521 0.555250 0.012500 0.003500
0 0.297396 0.556375 0.011458 0.003250
0 0.299479 0.554250 0.012500 0.004000
0 0.287500 0.553000 0.009375 0.004500
0 0.290365 0.548500 0.009896 0.003000
0 0.284635 0.546000 0.008854 0.005000
0 0.297135 0.544750 0.013021 0.004500
0 0.267188 0.516125 0.010417 0.004750
0 0.217708 0.528125 0.009375 0.003250
0 0.220052 0.527000 0.010937 0.004000
0 0.228646 0.525750 0.006250 0.004000
0 0.238281 0.527250 0.009896 0.005000
0 0.243229 0.526000 0.010417 0.003500
0 0.208854 0.552500 0.013542 0.007000
0 0.127083 0.554250 0.011458 0.006000
0 0.158073 0.530625 0.011979 0.005250
0 0.121094 0.526500 0.008854 0.006000
0 0.125781 0.524875 0.010937 0.006250
0 0.029687 0.537875 0.010417 0.004250
0 0.063021 0.511125 0.016667 0.010750
0 0.153906 0.494375 0.015104 0.005250
0 0.085677 0.480750 0.008854 0.005500
0 0.714323 0.605125 0.011979 0.007750
0 0.619531 0.573375 0.009896 0.008750
0 0.541667 0.562125 0.012500 0.005750
0 0.537240 0.520500 0.013021 0.004500
0 0.561719 0.522000 0.013021 0.010000
0 0.539323 0.503875 0.007812 0.005250
0 0.450260 0.504500 0.004687 0.006000
0 0.458594 0.503625 0.011979 0.005250
0 0.491406 0.506125 0.013021 0.003250
0 0.484896 0.502625 0.012500 0.003750
0 0.494792 0.503250 0.007292 0.002500
0 0.520052 0.489250 0.007812 0.005000
0 0.491927 0.490375 0.006771 0.005250
0 0.487760 0.485375 0.008854 0.005250
0 0.453906 0.480250 0.007812 0.005500
0 0.444792 0.481500 0.011458 0.004000
0 0.442188 0.477375 0.013542 0.003750
0 0.509896 0.477375 0.016667 0.004250
0 0.505208 0.483000 0.010417 0.005500
0 0.430729 0.466500 0.007292 0.006500
0 0.437500 0.466875 0.008333 0.002750
0 0.441146 0.465000 0.009375 0.005500
0 0.413281 0.460625 0.011979 0.007250
0 0.455729 0.457375 0.011458 0.002750
0 0.490885 0.450125 0.015104 0.004750
0 0.439062 0.454500 0.013542 0.006500
0 0.456510 0.455250 0.009896 0.003000
0 0.364323 0.442125 0.010937 0.004750
0 0.350521 0.443875 0.009375 0.004750
0 0.414583 0.432250 0.012500 0.003000
0 0.413542 0.429750 0.011458 0.002500
0 0.399219 0.423375 0.009896 0.002250
0 0.397135 0.421125 0.011979 0.002750
0 0.301042 0.422750 0.006250 0.006500
0 0.295573 0.423000 0.004687 0.005000
0 0.328646 0.413500 0.015625 0.006500
0 0.314323 0.387125 0.015104 0.005250
0 0.340104 0.380750 0.014583 0.007000
0 0.302865 0.364000 0.015104 0.005500
0 0.195573 0.347125 0.013021 0.006250
0 0.200521 0.339750 0.014583 0.007500
0 0.738802 0.577375 0.014063 0.005250
0 0.694271 0.521750 0.012500 0.005500
0 0.685417 0.495875 0.011458 0.004250
0 0.660156 0.481625 0.006771 0.007250
0 0.642448 0.481750 0.007812 0.004500
0 0.619271 0.480750 0.008333 0.004000
0 0.640885 0.421000 0.018229 0.007000
0 0.596094 0.393000 0.011979 0.004500
0 0.599740 0.384125 0.007812 0.005250
0 0.602083 0.383375 0.010417 0.005750
0 0.615104 0.378875 0.012500 0.007750
0 0.654687 0.374750 0.013542 0.005000
0 0.584896 0.355375 0.014583 0.006250
0 0.551302 0.335500 0.010937 0.006500
0 0.555469 0.327500 0.014063 0.006500
0 0.528906 0.293625 0.004687 0.006250
0 0.534115 0.294375 0.005729 0.007750
0 0.525260 0.272500 0.013021 0.006000
0 0.523177 0.276625 0.007812 0.007250
0 0.512500 0.272125 0.013542 0.005750
0 0.485937 0.272250 0.013542 0.007500
0 0.497396 0.268250 0.011458 0.006500
0 0.510677 0.278375 0.016146 0.004750
0 0.459115 0.240875 0.017188 0.007250
0 0.461719 0.229625 0.013021 0.007750
0 0.736979 0.456500 0.006250 0.005000
0 0.809635 0.565250 0.003646 0.005000
0 0.845833 0.537875 0.009375 0.006750
0 0.873698 0.525875 0.019271 0.007250
0 0.815885 0.510125 0.009896 0.006750
0 0.842448 0.479000 0.008854 0.006000
0 0.939583 0.475750 0.018750 0.008500
0 0.844531 0.450625 0.009896 0.006750
0 0.881771 0.429125 0.009375 0.007750
0 0.882292 0.420000 0.008333 0.007500
0 0.895052 0.414625 0.009896 0.006250
0 0.857031 0.414875 0.008854 0.007750
0 0.888021 0.408250 0.011458 0.007500
0 0.892448 0.402375 0.015104 0.004750
0 0.919010 0.404125 0.011979 0.008750
0 0.898958 0.391625 0.008333 0.006250
0 0.891927 0.392000 0.010937 0.007500
0 0.866927 0.397375 0.009896 0.006750
0 0.871354 0.390500 0.014583 0.005000
0 0.874219 0.386000 0.010937 0.004500
0 0.869531 0.383750 0.005729 0.004500
0 0.917448 0.368750 0.014063 0.008000
0 0.917969 0.358500 0.008854 0.006500
0 0.909896 0.355875 0.007292 0.007250
0 0.901823 0.352125 0.009896 0.008750
0 0.875781 0.354250 0.013021 0.004500
0 0.887760 0.335875 0.013021 0.007750
0 0.945573 0.326875 0.015104 0.006750
0 0.951562 0.318375 0.019792 0.006250
0 0.942448 0.313250 0.016146 0.004000
0 0.924479 0.315875 0.011458 0.007750
0 0.917708 0.312875 0.014583 0.004250
0 0.889323 0.303750 0.013021 0.008500
0 0.922917 0.284500 0.006250 0.008000
0 0.929427 0.284750 0.006771 0.008500
0 0.927344 0.278625 0.013021 0.005750
0 0.921094 0.245625 0.011979 0.009750
0 0.947135 0.217375 0.014063 0.007250
0 0.940365 0.215625 0.006771 0.006250
0 0.885677 0.586875 0.016146 0.005250
0 0.938542 0.535750 0.011458 0.005500
0 0.963802 0.530500 0.009896 0.007500
0 0.578906 0.760625 0.014063 0.005250
0 0.579427 0.750125 0.014063 0.005250
0 0.495052 0.771750 0.008854 0.002500
0 0.494010 0.769250 0.009896 0.003000
0 0.516146 0.738375 0.018750 0.008750
0 0.646875 0.692625 0.008333 0.004750
0 0.638021 0.695125 0.008333 0.002750
