0 0.257812 0.734875 0.010417 0.010250
0 0.215365 0.747625 0.014063 0.010750
0 0.189323 0.722625 0.014063 0.009750
0 0.343229 0.776875 0.027083 0.014250
0 0.278125 0.794125 0.023958 0.010250
0 0.345573 0.804000 0.024479 0.006500
0 0.364844 0.811375 0.022396 0.010250
0 0.385677 0.765000 0.017188 0.007500
0 0.405469 0.759000 0.020313 0.008500
0 0.338802 0.727500 0.024479 0.012000
0 0.408333 0.711375 0.026042 0.009250
0 0.245312 0.682875 0.035417 0.015250
0 0.243229 0.682125 0.023958 0.010250
0 0.287760 0.674500 0.016146 0.013500
0 0.274740 0.652375 0.019271 0.009750
0 0.272656 0.652125 0.021354 0.009250
0 0.303646 0.657125 0.015625 0.009250
0 0.313281 0.666375 0.021354 0.009250
0 0.313802 0.644375 0.020313 0.016250
0 0.314323 0.636125 0.017188 0.008750
0 0.322396 0.626750 0.023958 0.012500
0 0.277604 0.565500 0.029167 0.012000
0 0.258333 0.534250 0.015625 0.013500
0 0.430729 0.601875 0.038542 0.015250
0 0.433333 0.596750 0.033333 0.018000
0 0.476302 0.594750 0.021354 0.006500
0 0.529427 0.608125 0.017188 0.010250
0 0.566927 0.606875 0.023438 0.016250
0 0.510417 0.635625 0.026042 0.009750
0 0.482031 0.644375 0.017188 0.009750
0 0.524479 0.657375 0.025000 0.013250
0 0.650781 0.634750 0.019271 0.013500
0 0.676302 0.665250 0.020313 0.010500
0 0.622396 0.692750 0.023958 0.012000
0 0.525000 0.680125 0.016667 0.008750
0 0.526823 0.689375 0.020313 0.007750
0 0.580729 0.716875 0.026042 0.010250
0 0.608333 0.716375 0.022917 0.009250
0 0.629167 0.715500 0.016667 0.010000
0 0.713021 0.703875 0.030208 0.014750
0 0.735156 0.686625 0.016146 0.009750
0 0.724219 0.722875 0.009896 0.011250
0 0.747656 0.727625 0.020313 0.009250
0 0.649740 0.760375 0.017188 0.010250
0 0.681250 0.759250 0.028125 0.011500
0 0.697656 0.770125 0.018229 0.010250
0 0.748698 0.783125 0.022396 0.009250
0 0.795052 0.777375 0.024479 0.008750
0 0.810937 0.753000 0.029167 0.010000
0 0.863021 0.759750 0.011458 0.007000
0 0.861979 0.780750 0.025000 0.011000
0 0.796094 0.824750 0.020313 0.008500
0 0.936198 0.806625 0.017188 0.009250
0 0.934896 0.744000 0.010417 0.008000
0 0.845833 0.739625 0.027083 0.010250
0 0.843229 0.734000 0.023958 0.015000
0 0.823958 0.723875 0.014583 0.009250
0 0.811458 0.715750 0.016667 0.008000
0 0.837500 0.700000 0.012500 0.008000
0 0.860677 0.703250 0.018229 0.007000
0 0.499740 0.535625 0.018229 0.007750
0 0.507031 0.516125 0.019271 0.008750
0 0.527865 0.518500 0.029687 0.009000
0 0.534635 0.505750 0.010937 0.008500
0 0.551562 0.509500 0.015625 0.011000
0 0.359635 0.509000 0.019271 0.011000
0 0.354687 0.510125 0.027083 0.015250
0 0.645573 0.531000 0.020313 0.010500
0 0.606510 0.528750 0.015104 0.007000
0 0.715365 0.512500 0.019271 0.013500
0 0.752865 0.509750 0.019271 0.013500
0 0.724740 0.487750 0.018229 0.011000
0 0.730469 0.554000 0.020313 0.013000
0 0.749740 0.549250 0.022396 0.012000
0 0.741927 0.547875 0.022396 0.013750
0 0.764583 0.570625 0.022917 0.009250
0 0.825781 0.573500 0.022396 0.012500
0 0.930990 0.570625 0.029687 0.008250
0 0.930469 0.576875 0.019271 0.009750
0 0.983594 0.565250 0.017188 0.010500
0 0.938802 0.531500 0.018229 0.011500
0 0.836979 0.517125 0.022917 0.010750
0 0.836979 0.503000 0.011458 0.012000
0 0.853906 0.500000 0.016146 0.010500
0 0.873177 0.507625 0.016146 0.009250
0 0.875000 0.516875 0.016667 0.009250
0 0.885677 0.494125 0.010937 0.010250
0 0.934375 0.482375 0.015625 0.009750
0 0.959896 0.489750 0.021875 0.011500
0 0.970052 0.473875 0.019271 0.009250
0 0.992188 0.480125 0.013542 0.008750
0 0.734635 0.420125 0.017188 0.010250
0 0.771875 0.395875 0.014583 0.009750
0 0.793490 0.391625 0.019271 0.010750
0 0.794531 0.403375 0.023438 0.009250
0 0.863021 0.398750 0.020833 0.012000
0 0.878906 0.406875 0.018229 0.015250
0 0.870833 0.404375 0.025000 0.008250
0 0.905469 0.403625 0.023438 0.008750
0 0.914583 0.410625 0.023958 0.007750
0 0.918490 0.383000 0.027604 0.012000
0 0.917969 0.384875 0.028646 0.016750
0 0.627604 0.447500 0.025000 0.012000
0 0.651302 0.451375 0.016146 0.013250
0 0.650260 0.418125 0.016146 0.009750
0 0.608333 0.415500 0.042708 0.020500
0 0.601562 0.414375 0.027083 0.016250
0 0.530469 0.431500 0.019271 0.012500
0 0.543229 0.426125 0.021875 0.011250
0 0.521615 0.421750 0.017188 0.008000
0 0.429427 0.452250 0.018229 0.005000
0 0.185938 0.461750 0.015625 0.011000
0 0.231250 0.471750 0.034375 0.010500
0 0.328646 0.483125 0.034375 0.008250
0 0.327344 0.443250 0.022396 0.007500
0 0.334115 0.368500 0.020313 0.012500
0 0.390885 0.337000 0.018229 0.008000
0 0.400260 0.317375 0.032813 0.014750
0 0.409375 0.312000 0.026042 0.010500
0 0.415104 0.277375 0.014583 0.009750
0 0.440365 0.276000 0.019271 0.012500
0 0.435677 0.276875 0.021354 0.010750
0 0.527865 0.261500 0.024479 0.011500
0 0.459375 0.247250 0.021875 0.007000
0 0.463802 0.232625 0.021354 0.008250
0 0.432292 0.229625 0.028125 0.008750
0 0.410677 0.237500 0.023438 0.008000
0 0.460938 0.207375 0.025000 0.011750
0 0.095312 0.256875 0.029167 0.009750
0 0.129948 0.307375 0.015104 0.010750
0 0.602604 0.236125 0.029167 0.014250
0 0.634115 0.222000 0.020313 0.011000
0 0.614583 0.267875 0.026042 0.009250
0 0.679427 0.372750 0.020313 0.012500
0 0.697135 0.376125 0.019271 0.010250
0 0.703906 0.386125 0.017188 0.009750
0 0.634375 0.400500 0.029167 0.011500
0 0.751042 0.352500 0.015625 0.011000
0 0.775260 0.343875 0.021354 0.015250
0 0.776042 0.344000 0.025000 0.011500
0 0.829688 0.350250 0.016667 0.014000
0 0.922396 0.349000 0.012500 0.011500
0 0.919271 0.341375 0.012500 0.008250
0 0.796094 0.308500 0.020313 0.011000
0 0.806510 0.301125 0.020313 0.007250
0 0.827865 0.292125 0.018229 0.008750
0 0.892969 0.289125 0.017188 0.009250
0 0.917969 0.293500 0.019271 0.012500
0 0.917448 0.294125 0.018229 0.010250
0 0.924219 0.307375 0.020313 0.015250
0 0.971875 0.269250 0.025000 0.012000
0 0.608073 0.183500 0.033854 0.012000
0 0.455990 0.164750 0.030729 0.012500
