0 0.432812 0.245875 0.030208 0.017250
0 0.401562 0.274375 0.026042 0.017250
0 0.635417 0.347000 0.025000 0.016500
0 0.653646 0.381375 0.022917 0.011750
0 0.633854 0.390625 0.021875 0.015250
0 0.597135 0.387250 0.031771 0.015500
0 0.258594 0.387625 0.031771 0.014750
0 0.252865 0.396000 0.028646 0.010500
0 0.212240 0.395250 0.028646 0.014500
0 0.230469 0.410750 0.027604 0.012500
0 0.384375 0.420250 0.029167 0.014500
0 0.350260 0.438375 0.024479 0.013250
0 0.367188 0.446250 0.022917 0.016500
0 0.343229 0.452500 0.018750 0.011000
0 0.263802 0.477875 0.024479 0.011750
0 0.424219 0.438625 0.035937 0.013750
0 0.419792 0.436875 0.030208 0.020250
0 0.494271 0.435500 0.022917 0.016000
0 0.494531 0.437500 0.034896 0.016000
0 0.527604 0.418125 0.037500 0.013250
0 0.658594 0.421625 0.047396 0.014750
0 0.616667 0.499750 0.025000 0.011000
0 0.659896 0.525125 0.018750 0.013250
0 0.590625 0.540375 0.021875 0.018750
0 0.612240 0.534875 0.039062 0.017250
0 0.612240 0.533375 0.039062 0.018750
0 0.516667 0.529625 0.021875 0.013750
0 0.492188 0.523750 0.025000 0.010500
0 0.394531 0.508125 0.028646 0.015250
0 0.359115 0.507000 0.032813 0.017500
0 0.353906 0.507000 0.031771 0.016000
0 0.317188 0.521625 0.030208 0.010250
0 0.203646 0.520875 0.037500 0.013250
0 0.313542 0.560250 0.032292 0.018000
0 0.315625 0.559750 0.036458 0.014500
0 0.260156 0.561875 0.031771 0.014750
0 0.346094 0.594500 0.032813 0.020000
0 0.407552 0.584500 0.031771 0.014000
0 0.404687 0.581750 0.034375 0.018000
0 0.417708 0.593500 0.022917 0.015500
0 0.474740 0.608750 0.027604 0.014000
0 0.632552 0.648375 0.030729 0.013750
0 0.649740 0.716125 0.024479 0.017250
0 0.730990 0.692500 0.021354 0.014500
