0 0.391625 0.146615 0.003250 0.006771
0 0.340500 0.183854 0.006500 0.008333
0 0.271125 0.191146 0.007750 0.008333
0 0.274250 0.224479 0.003500 0.012500
0 0.282000 0.322656 0.004500 0.009896
0 0.360250 0.413021 0.004500 0.009375
0 0.415375 0.404427 0.004750 0.007812
0 0.426125 0.342187 0.004750 0.007292
0 0.429250 0.334896 0.004500 0.008333
0 0.631500 0.710156 0.005000 0.009896
0 0.634625 0.633854 0.004250 0.009375
0 0.606750 0.634375 0.004000 0.010417
0 0.588125 0.664844 0.003750 0.007812
0 0.595875 0.615365 0.005250 0.008854
0 0.606250 0.569010 0.004500 0.007812
0 0.594000 0.547656 0.005000 0.008854
0 0.647500 0.534896 0.003500 0.010417
0 0.590750 0.484896 0.003000 0.010417
0 0.600125 0.495312 0.003250 0.008333
0 0.583500 0.422656 0.004500 0.007812
0 0.679875 0.346094 0.004250 0.007812
