0 0.619125 0.536198 0.005750 0.009896
0 0.632250 0.540365 0.006000 0.010937
0 0.680375 0.858594 0.004750 0.015104
0 0.694500 0.888542 0.006500 0.011458
0 0.688500 0.886198 0.004000 0.016146
0 0.679625 0.913021 0.005250 0.014583
0 0.669250 0.953646 0.013500 0.008333
0 0.552750 0.604427 0.005500 0.016146
0 0.548625 0.655729 0.004250 0.013542
0 0.552000 0.655208 0.004500 0.013542
0 0.563125 0.659635 0.006250 0.009896
0 0.551750 0.750521 0.006500 0.012500
0 0.529375 0.685937 0.005250 0.015625
0 0.491250 0.804688 0.005500 0.013542
0 0.537250 0.786979 0.005500 0.015625
0 0.559125 0.849219 0.006750 0.015104
0 0.531750 0.827083 0.006500 0.015625
0 0.518125 0.803125 0.005250 0.015625
0 0.526875 0.791146 0.002750 0.012500
0 0.530125 0.785937 0.005250 0.012500
0 0.524500 0.787760 0.005000 0.013021
0 0.564625 0.932292 0.003750 0.010417
0 0.540375 0.705469 0.003250 0.014063
0 0.532500 0.704427 0.005500 0.011979
0 0.536500 0.705469 0.003000 0.014063
0 0.590500 0.395833 0.003500 0.012500
0 0.497875 0.453385 0.003750 0.010937
0 0.479625 0.472656 0.006750 0.007812
0 0.435250 0.539062 0.004000 0.011458
0 0.432750 0.540104 0.003000 0.009375
0 0.408125 0.546875 0.005750 0.007292
0 0.411750 0.553646 0.005500 0.012500
0 0.371125 0.651302 0.004250 0.016146
0 0.363875 0.618750 0.005750 0.010417
0 0.318750 0.593750 0.003500 0.011458
0 0.328000 0.620833 0.006500 0.013542
0 0.343125 0.683333 0.007250 0.008333
0 0.347500 0.695312 0.006500 0.008333
0 0.342375 0.692448 0.005750 0.007812
0 0.270000 0.635156 0.005000 0.010937
0 0.257125 0.651302 0.003750 0.010937
0 0.272375 0.672917 0.007750 0.008333
0 0.281625 0.665365 0.005250 0.006771
0 0.284750 0.656510 0.007000 0.008854
0 0.279125 0.657292 0.005750 0.008333
0 0.297625 0.667188 0.006750 0.012500
0 0.299125 0.656510 0.006250 0.008854
0 0.313375 0.683333 0.003750 0.012500
0 0.317625 0.678125 0.004250 0.011458
0 0.317750 0.669271 0.007000 0.007292
0 0.314000 0.662500 0.006500 0.008333
0 0.308750 0.659896 0.004000 0.011458
0 0.304250 0.655729 0.006000 0.007292
0 0.289750 0.698438 0.008000 0.007292
0 0.279875 0.702083 0.006250 0.009375
0 0.269625 0.697656 0.005750 0.006771
0 0.265000 0.690365 0.006000 0.005729
0 0.266375 0.684635 0.006750 0.006771
0 0.280125 0.691406 0.005250 0.007812
0 0.224625 0.641146 0.005750 0.011458
0 0.218250 0.677344 0.004000 0.013021
0 0.229250 0.683333 0.003500 0.010417
0 0.223875 0.686458 0.005250 0.011458
0 0.223625 0.694271 0.006250 0.009375
0 0.243125 0.738802 0.005250 0.007812
0 0.235000 0.728646 0.005000 0.006250
0 0.205625 0.706250 0.006250 0.011458
0 0.217625 0.729167 0.007250 0.008333
0 0.224125 0.751042 0.004250 0.012500
0 0.219875 0.751042 0.003250 0.014583
0 0.217500 0.750000 0.003000 0.012500
0 0.190750 0.719271 0.006500 0.008333
0 0.190250 0.714323 0.006000 0.006771
0 0.173750 0.765885 0.006000 0.011979
0 0.168125 0.780208 0.006750 0.011458
0 0.163625 0.778125 0.005750 0.010417
0 0.156500 0.777083 0.006500 0.010417
0 0.155000 0.787760 0.004500 0.008854
0 0.157875 0.785937 0.003750 0.012500
0 0.101125 0.815104 0.008250 0.012500
0 0.074125 0.819531 0.006750 0.014063
0 0.150625 0.861458 0.006250 0.013542
0 0.062125 0.944531 0.006250 0.013021
0 0.063875 0.948437 0.006750 0.013542
0 0.189250 0.874740 0.006000 0.015104
0 0.193500 0.841667 0.006000 0.015625
0 0.181125 0.848958 0.007750 0.010417
0 0.184375 0.864062 0.008750 0.012500
0 0.249875 0.896094 0.007750 0.010937
0 0.232750 0.851302 0.006000 0.015104
0 0.244000 0.818229 0.006000 0.016667
0 0.270625 0.853125 0.006750 0.010417
0 0.272000 0.847656 0.005500 0.007812
0 0.545250 0.326302 0.006000 0.009896
0 0.451250 0.275521 0.003500 0.011458
0 0.441625 0.262500 0.005250 0.010417
0 0.418625 0.264323 0.006250 0.009896
0 0.397250 0.279948 0.005500 0.010937
0 0.395375 0.240885 0.007250 0.008854
0 0.347625 0.239583 0.005750 0.011458
0 0.337000 0.239583 0.007500 0.008333
0 0.311000 0.288281 0.005500 0.013021
0 0.326125 0.239062 0.004250 0.012500
0 0.322375 0.234375 0.005750 0.011458
0 0.315125 0.232292 0.006250 0.006250
0 0.320625 0.227344 0.005750 0.008854
0 0.317125 0.220312 0.006250 0.008333
0 0.300750 0.215885 0.005000 0.013021
0 0.299000 0.226562 0.005500 0.004167
0 0.300125 0.231510 0.007250 0.007812
0 0.259125 0.183333 0.007750 0.008333
0 0.263750 0.197135 0.008000 0.007812
0 0.267625 0.211198 0.007250 0.009896
0 0.271500 0.220312 0.005500 0.009375
0 0.279625 0.247135 0.006750 0.010937
0 0.272500 0.244531 0.006000 0.006771
0 0.243875 0.242708 0.006750 0.013542
0 0.225500 0.299219 0.005500 0.011979
0 0.223250 0.289323 0.007500 0.008854
0 0.262750 0.262760 0.002500 0.011979
0 0.265375 0.261979 0.003250 0.015625
0 0.277500 0.305208 0.004500 0.012500
0 0.287750 0.329167 0.004000 0.012500
0 0.268500 0.300000 0.004500 0.010417
0 0.272500 0.294271 0.005000 0.008333
0 0.166625 0.241146 0.008250 0.012500
0 0.178875 0.222656 0.004250 0.013021
0 0.180375 0.217969 0.005250 0.011979
0 0.209500 0.192708 0.006000 0.014583
0 0.201375 0.198698 0.005750 0.008854
0 0.202875 0.195312 0.006250 0.011458
0 0.203375 0.121875 0.004250 0.015625
0 0.096750 0.166667 0.006000 0.016667
0 0.064875 0.116927 0.008250 0.010937
0 0.306625 0.140365 0.006250 0.010937
0 0.079750 0.227344 0.004000 0.010937
0 0.082000 0.223437 0.004500 0.014583
0 0.229125 0.207552 0.008250 0.015104
0 0.553750 0.225260 0.007500 0.014063
0 0.540000 0.175521 0.006500 0.017708
0 0.504750 0.136979 0.007500 0.011458
0 0.449750 0.027083 0.004500 0.019792
0 0.491250 0.061719 0.002500 0.015104
0 0.489000 0.062240 0.002500 0.014063
0 0.520750 0.041667 0.005000 0.010417
0 0.585125 0.008854 0.006250 0.007292
0 0.590625 0.005208 0.002750 0.010417
0 0.323875 0.853385 0.005750 0.010937
0 0.051500 0.773438 0.006500 0.010417
