0 0.063542 0.296125 0.010417 0.007750
0 0.077865 0.354375 0.011979 0.006750
0 0.133854 0.374250 0.013542 0.004000
0 0.148177 0.378375 0.011979 0.007750
0 0.136458 0.440500 0.008333 0.005500
0 0.140104 0.438125 0.011458 0.006250
0 0.152865 0.444875 0.008854 0.007750
0 0.145833 0.446625 0.006250 0.007250
0 0.140104 0.446250 0.007292 0.006500
0 0.144792 0.451875 0.014583 0.005750
0 0.158333 0.453250 0.007292 0.005000
0 0.160677 0.457625 0.013021 0.006750
0 0.232292 0.492875 0.014583 0.007250
0 0.247135 0.501500 0.013021 0.006000
0 0.207292 0.505750 0.015625 0.006500
0 0.230729 0.530500 0.010417 0.004500
0 0.235937 0.529875 0.010417 0.006250
0 0.254948 0.530000 0.008854 0.008000
0 0.228906 0.515500 0.020313 0.007500
0 0.290625 0.517375 0.013542 0.009750
0 0.323177 0.514250 0.007812 0.005500
0 0.326562 0.512625 0.006250 0.004750
0 0.308594 0.480000 0.019271 0.007000
0 0.321875 0.494125 0.011458 0.006750
0 0.290885 0.458625 0.022396 0.007750
0 0.289323 0.450875 0.016146 0.005250
0 0.266667 0.442875 0.012500 0.008250
0 0.311198 0.449250 0.009896 0.007500
0 0.337760 0.446375 0.009896 0.007250
0 0.316146 0.443375 0.011458 0.007750
0 0.335938 0.430625 0.009375 0.008250
0 0.309375 0.436500 0.008333 0.006500
0 0.313802 0.435375 0.006771 0.007750
0 0.319271 0.435250 0.006250 0.007000
0 0.308333 0.423625 0.011458 0.006750
0 0.308854 0.379000 0.006250 0.007500
0 0.301042 0.378250 0.008333 0.009000
0 0.268750 0.379625 0.009375 0.005750
0 0.285417 0.377750 0.012500 0.005000
0 0.274740 0.384000 0.011979 0.003500
0 0.274740 0.386250 0.010937 0.003000
0 0.362240 0.377625 0.018229 0.007250
0 0.326562 0.333000 0.009375 0.008500
0 0.362500 0.317125 0.016667 0.005250
0 0.363021 0.309250 0.012500 0.005500
0 0.250521 0.317500 0.018750 0.005000
0 0.282031 0.299125 0.014063 0.005750
0 0.280208 0.292750 0.020833 0.007500
0 0.354427 0.282750 0.015104 0.005500
0 0.353906 0.274625 0.013021 0.007250
0 0.257552 0.244375 0.010937 0.007250
0 0.395313 0.229750 0.015625 0.008500
0 0.304167 0.394375 0.005208 0.007750
0 0.309635 0.394250 0.005729 0.005500
0 0.379167 0.539125 0.016667 0.007250
0 0.375260 0.552125 0.014063 0.005250
0 0.448958 0.492000 0.011458 0.004500
0 0.455208 0.491625 0.009375 0.004750
0 0.507031 0.453250 0.006771 0.005500
0 0.500260 0.452625 0.005729 0.006250
0 0.543229 0.437875 0.013542 0.006750
0 0.494271 0.428875 0.008333 0.006250
0 0.500781 0.426875 0.013021 0.007250
0 0.584115 0.400875 0.014063 0.004750
0 0.555208 0.379750 0.013542 0.005000
0 0.554948 0.376375 0.010937 0.005250
0 0.583854 0.371125 0.011458 0.007750
0 0.514323 0.367000 0.009896 0.007000
0 0.594271 0.379000 0.009375 0.006000
0 0.592448 0.376500 0.017188 0.004500
0 0.637760 0.381500 0.009896 0.007000
0 0.610156 0.389625 0.014063 0.005250
0 0.593490 0.390125 0.007812 0.005750
0 0.600781 0.389250 0.006771 0.004000
0 0.603125 0.385000 0.007292 0.006000
0 0.633073 0.328375 0.019271 0.002750
0 0.687500 0.307875 0.014583 0.004250
0 0.727083 0.314000 0.007292 0.006500
0 0.735156 0.313125 0.008854 0.007250
0 0.632812 0.325750 0.015625 0.002500
0 0.398698 0.556500 0.010937 0.005000
0 0.521615 0.525250 0.014063 0.006000
0 0.540625 0.529000 0.011458 0.004000
0 0.544531 0.527375 0.009896 0.003750
0 0.565625 0.508250 0.013542 0.006500
0 0.592448 0.520500 0.010937 0.005000
0 0.594792 0.518125 0.011458 0.004250
0 0.595313 0.515750 0.009375 0.004000
0 0.611719 0.525375 0.011979 0.006750
0 0.683073 0.532875 0.009896 0.005750
0 0.658594 0.523250 0.019271 0.011500
0 0.663802 0.538000 0.016146 0.005000
0 0.682031 0.517750 0.008854 0.004500
0 0.679688 0.516000 0.011458 0.006000
0 0.707292 0.497375 0.008333 0.007250
0 0.689583 0.484250 0.015625 0.004500
0 0.660417 0.473750 0.016667 0.006000
0 0.718490 0.495125 0.013021 0.003750
0 0.719531 0.491000 0.006771 0.006500
0 0.736198 0.491500 0.014063 0.003000
0 0.725000 0.491375 0.009375 0.003750
0 0.733594 0.488250 0.016146 0.005000
0 0.744531 0.485500 0.005729 0.006000
0 0.736719 0.482750 0.014063 0.003500
0 0.814063 0.478250 0.016667 0.006000
0 0.784635 0.465375 0.014063 0.003750
0 0.788542 0.461750 0.014583 0.004000
0 0.787760 0.444875 0.017188 0.007250
0 0.896354 0.427750 0.018750 0.007000
0 0.911458 0.458750 0.015625 0.006000
0 0.889583 0.487125 0.018750 0.004250
0 0.886979 0.484250 0.018750 0.005000
0 0.936458 0.498750 0.018750 0.007500
0 0.532292 0.600125 0.017708 0.005250
0 0.588542 0.604500 0.011458 0.005000
0 0.600260 0.615375 0.013021 0.005750
0 0.599479 0.608625 0.012500 0.004750
0 0.610417 0.610125 0.010417 0.003250
0 0.607292 0.604375 0.011458 0.002750
0 0.607031 0.606000 0.011979 0.002000
0 0.610677 0.607625 0.010937 0.001750
0 0.692969 0.608750 0.007812 0.005000
0 0.698698 0.607500 0.007812 0.007000
0 0.704167 0.603750 0.013542 0.003500
0 0.710938 0.619875 0.010417 0.007250
0 0.585417 0.651000 0.010417 0.005500
0 0.564583 0.696250 0.009375 0.006000
0 0.585677 0.782750 0.013021 0.005500
