0 0.624219 0.691125 0.017188 0.006750
0 0.633854 0.695875 0.014583 0.004250
0 0.646094 0.697375 0.013021 0.005750
0 0.642969 0.715375 0.010937 0.005250
0 0.613021 0.707000 0.008333 0.006500
0 0.719010 0.717125 0.013021 0.007250
0 0.590104 0.719000 0.011458 0.004000
0 0.604688 0.730000 0.007292 0.007000
0 0.599479 0.725500 0.007292 0.007500
0 0.630469 0.724625 0.008854 0.006750
0 0.613021 0.721875 0.008333 0.006250
0 0.614323 0.719000 0.010937 0.006500
0 0.643750 0.728375 0.008333 0.004250
0 0.640885 0.726875 0.010937 0.003750
0 0.503906 0.739250 0.009896 0.006000
0 0.514323 0.738625 0.010937 0.006250
0 0.541146 0.773500 0.009375 0.008000
0 0.602865 0.748500 0.010937 0.006500
0 0.622656 0.742125 0.007812 0.006250
0 0.635677 0.750000 0.006771 0.006500
0 0.643490 0.748875 0.008854 0.004750
0 0.616927 0.756500 0.013021 0.007000
0 0.630729 0.758875 0.011458 0.008250
0 0.495573 0.806375 0.015104 0.004750
0 0.437500 0.820875 0.013542 0.005250
0 0.529948 0.812375 0.015104 0.006750
0 0.521354 0.817875 0.010417 0.004750
0 0.442188 0.869875 0.009375 0.005250
0 0.490365 0.871500 0.014063 0.007500
0 0.437760 0.852000 0.017188 0.007000
0 0.736198 0.750500 0.014063 0.007500
0 0.527083 0.656625 0.013542 0.007250
0 0.470052 0.685875 0.008854 0.007250
0 0.475781 0.667250 0.014063 0.007000
0 0.560937 0.653250 0.016667 0.006500
0 0.425000 0.653125 0.012500 0.003750
0 0.440365 0.650750 0.014063 0.004500
0 0.444010 0.644750 0.008854 0.007000
0 0.418229 0.645625 0.010417 0.006750
0 0.434896 0.645375 0.011458 0.003250
0 0.379167 0.643750 0.015625 0.003500
0 0.371615 0.647500 0.008854 0.004000
0 0.360156 0.649125 0.011979 0.006250
0 0.305990 0.668625 0.013021 0.006250
0 0.304948 0.675000 0.017188 0.004000
0 0.272917 0.671250 0.012500 0.006000
0 0.281250 0.673875 0.010417 0.003750
0 0.282552 0.671750 0.011979 0.004000
0 0.291927 0.661250 0.013021 0.003000
0 0.291927 0.658125 0.014063 0.003250
0 0.253125 0.723500 0.017708 0.004500
0 0.277344 0.697250 0.017188 0.010000
0 0.299219 0.689750 0.016146 0.008500
0 0.226823 0.637750 0.011979 0.006500
0 0.191146 0.678000 0.017708 0.008500
0 0.111719 0.668000 0.019271 0.008500
0 0.601042 0.599250 0.013542 0.006500
0 0.570573 0.589000 0.005729 0.004500
0 0.578125 0.588500 0.008333 0.005000
0 0.553906 0.585750 0.011979 0.006000
0 0.532552 0.583875 0.014063 0.006250
0 0.532292 0.592875 0.011458 0.005750
0 0.496354 0.548875 0.013542 0.006750
0 0.475781 0.545625 0.015104 0.007250
0 0.464323 0.554125 0.016146 0.006250
0 0.392188 0.565875 0.015625 0.004750
0 0.382812 0.558375 0.014583 0.003750
0 0.395833 0.556500 0.014583 0.004500
0 0.392708 0.550875 0.014583 0.004250
0 0.393229 0.546875 0.011458 0.004750
0 0.371094 0.540875 0.013021 0.004750
0 0.364844 0.538500 0.011979 0.005500
0 0.339583 0.568500 0.007292 0.004000
0 0.345573 0.568125 0.007812 0.006250
0 0.402865 0.582500 0.007812 0.005500
0 0.255990 0.581625 0.020313 0.005250
0 0.298177 0.545125 0.010937 0.005750
0 0.302083 0.536750 0.011458 0.006500
0 0.264062 0.519125 0.015625 0.005250
0 0.271354 0.505500 0.015625 0.004500
0 0.230729 0.508000 0.012500 0.007500
0 0.220573 0.542250 0.013021 0.007500
0 0.053125 0.579875 0.020833 0.006750
0 0.144271 0.517125 0.011458 0.006250
0 0.172917 0.515000 0.013542 0.003000
0 0.173437 0.512625 0.012500 0.003250
0 0.180469 0.500000 0.016146 0.005500
0 0.163542 0.497250 0.013542 0.007500
0 0.056771 0.473125 0.010417 0.004250
0 0.055469 0.469625 0.014063 0.002750
0 0.055729 0.467750 0.014583 0.002500
0 0.048958 0.464000 0.013542 0.005000
0 0.613281 0.545875 0.015104 0.007250
0 0.639844 0.542250 0.005729 0.006000
0 0.646875 0.542625 0.008333 0.007250
0 0.529167 0.468625 0.011458 0.008750
0 0.611458 0.474000 0.014583 0.008500
0 0.557813 0.493250 0.006250 0.006000
0 0.553125 0.493000 0.004167 0.006000
0 0.439323 0.429750 0.008854 0.008000
0 0.510417 0.416625 0.011458 0.006250
0 0.489844 0.420125 0.015104 0.003750
0 0.487240 0.416125 0.015104 0.004250
0 0.489583 0.411375 0.012500 0.003750
0 0.494531 0.407875 0.011979 0.006250
0 0.469271 0.385000 0.010417 0.005500
0 0.476562 0.374750 0.007292 0.007000
0 0.466667 0.372250 0.013542 0.005000
0 0.484896 0.368250 0.012500 0.004500
0 0.505990 0.360750 0.011979 0.007000
0 0.492448 0.374750 0.011979 0.004000
0 0.500521 0.373000 0.010417 0.006500
0 0.441667 0.363875 0.010417 0.007750
0 0.429167 0.356625 0.015625 0.006250
0 0.432812 0.347250 0.009375 0.006500
0 0.468229 0.327250 0.011458 0.007500
0 0.423958 0.324875 0.011458 0.007250
0 0.396354 0.315125 0.015625 0.004250
0 0.353646 0.335750 0.014583 0.005000
0 0.328646 0.340625 0.009375 0.006250
0 0.349740 0.324125 0.014063 0.009250
0 0.332031 0.310375 0.013021 0.004250
0 0.332292 0.306500 0.013542 0.004000
0 0.198958 0.292500 0.011458 0.008500
0 0.195833 0.275500 0.012500 0.006500
0 0.183854 0.270125 0.009375 0.007250
0 0.170052 0.258875 0.016146 0.006250
0 0.394792 0.363500 0.010417 0.005000
0 0.392188 0.361500 0.010417 0.003500
0 0.371094 0.430875 0.005729 0.005250
0 0.376302 0.431125 0.007812 0.006750
0 0.539062 0.443250 0.011458 0.004000
0 0.540104 0.439625 0.013542 0.005250
0 0.515625 0.442125 0.012500 0.003250
0 0.514323 0.439625 0.011979 0.002750
0 0.845833 0.527000 0.011458 0.008500
0 0.840365 0.504375 0.014063 0.004250
0 0.851823 0.503375 0.010937 0.004750
0 0.853906 0.493000 0.010937 0.004500
0 0.844531 0.517375 0.013021 0.002750
0 0.833854 0.514875 0.007292 0.003750
0 0.820573 0.516250 0.013021 0.004000
0 0.890104 0.507500 0.009375 0.006000
0 0.882031 0.508125 0.006771 0.005750
0 0.849740 0.513125 0.007812 0.003750
0 0.841667 0.512125 0.009375 0.004250
0 0.861198 0.512625 0.014063 0.004750
0 0.871615 0.492625 0.007812 0.004250
0 0.909635 0.493125 0.013021 0.004750
0 0.942187 0.504500 0.010417 0.004000
0 0.949219 0.503125 0.006771 0.005750
0 0.957292 0.505250 0.008333 0.004000
