0 0.296250 0.430729 0.019000 0.037500
0 0.332750 0.450521 0.008000 0.039583
0 0.349750 0.473438 0.008000 0.035417
0 0.389750 0.546354 0.012000 0.039583
0 0.293250 0.699479 0.019000 0.029167
0 0.344750 0.730729 0.016000 0.020833
0 0.404250 0.677604 0.013000 0.035417
0 0.416750 0.808854 0.022000 0.035417
0 0.489750 0.238021 0.016000 0.047917
0 0.494250 0.241146 0.019000 0.020833
0 0.702750 0.285938 0.016000 0.027083
0 0.711750 0.355729 0.022000 0.033333
0 0.676750 0.423437 0.016000 0.027083
0 0.654750 0.457813 0.018000 0.033333
0 0.615750 0.452604 0.016000 0.043750
0 0.620750 0.492188 0.022000 0.031250
0 0.482250 0.519792 0.014000 0.029167
0 0.465250 0.627865 0.010000 0.016146
0 0.442000 0.659115 0.013500 0.014063
0 0.438125 0.711198 0.011250 0.018229
0 0.449250 0.724479 0.009000 0.021875
0 0.451375 0.694531 0.012250 0.024479
0 0.455250 0.685417 0.010000 0.021875
0 0.508375 0.692708 0.007250 0.020833
0 0.516875 0.711719 0.012250 0.017188
0 0.536750 0.746615 0.009500 0.026562
0 0.569250 0.736719 0.010000 0.027604
0 0.578625 0.764583 0.008750 0.013542
0 0.587750 0.771354 0.009500 0.018750
0 0.595375 0.791146 0.007750 0.020833
0 0.613000 0.808333 0.010000 0.020833
0 0.626375 0.835156 0.011250 0.025521
0 0.605500 0.901562 0.010500 0.019792
0 0.605125 0.949740 0.007250 0.023438
0 0.387500 0.946094 0.014500 0.025521
