0 0.067500 0.573438 0.010500 0.009375
0 0.093750 0.587240 0.007500 0.019271
0 0.087000 0.684375 0.008500 0.019792
0 0.072875 0.802344 0.006250 0.018229
0 0.074375 0.819010 0.007250 0.014063
0 0.109875 0.726562 0.006750 0.016667
0 0.128875 0.683854 0.008750 0.010417
0 0.130000 0.679427 0.006500 0.007812
0 0.169125 0.634635 0.009250 0.011979
0 0.165125 0.755208 0.006250 0.018750
0 0.176375 0.738542 0.007750 0.016667
0 0.175125 0.723437 0.006750 0.012500
0 0.212500 0.728906 0.006500 0.011979
0 0.223750 0.759635 0.009500 0.018229
0 0.239875 0.832552 0.007250 0.020313
0 0.195000 0.891667 0.008500 0.014583
0 0.194125 0.903906 0.007250 0.011979
0 0.168375 0.829427 0.012250 0.020313
0 0.141500 0.894792 0.009000 0.018750
0 0.131625 0.922656 0.009250 0.010937
0 0.126750 0.836719 0.007000 0.014063
0 0.205750 0.858594 0.006000 0.009896
0 0.206625 0.854167 0.008250 0.012500
0 0.195125 0.945312 0.009750 0.018750
0 0.276750 0.884375 0.008000 0.018750
0 0.293750 0.895573 0.008500 0.017188
0 0.284625 0.936458 0.009250 0.027083
0 0.306000 0.955208 0.008500 0.015625
0 0.277000 0.928385 0.005500 0.015104
0 0.275000 0.924219 0.005000 0.010937
0 0.332000 0.955729 0.007000 0.017708
0 0.343625 0.996875 0.004750 0.005208
0 0.192750 0.794271 0.006000 0.009375
0 0.190500 0.797917 0.007500 0.012500
0 0.883375 0.964844 0.006750 0.013021
0 0.856000 0.940885 0.006500 0.013021
0 0.855500 0.923958 0.006500 0.010417
0 0.866375 0.891927 0.004750 0.009896
0 0.854375 0.889583 0.006750 0.010417
0 0.805250 0.960156 0.007000 0.010937
0 0.817625 0.918490 0.006250 0.008854
0 0.780625 0.951042 0.005750 0.014583
0 0.784375 0.876302 0.007250 0.014063
0 0.745875 0.919531 0.008250 0.017188
0 0.741875 0.934635 0.007250 0.008854
0 0.719750 0.972656 0.006000 0.011979
0 0.655750 0.989583 0.007500 0.007292
0 0.553000 0.953906 0.005500 0.007812
0 0.555375 0.916667 0.007250 0.008333
0 0.559750 0.905469 0.005500 0.010937
0 0.567250 0.921615 0.005000 0.016146
0 0.585375 0.885937 0.005750 0.008333
0 0.587375 0.873958 0.007250 0.013542
0 0.606625 0.864062 0.005250 0.012500
0 0.600125 0.845052 0.004750 0.016146
0 0.598125 0.801302 0.004250 0.015104
0 0.604875 0.799740 0.006250 0.005729
0 0.604750 0.795312 0.006000 0.004167
0 0.611000 0.782292 0.006500 0.012500
0 0.651125 0.810677 0.005250 0.013021
0 0.664875 0.794010 0.004250 0.015104
0 0.650375 0.768229 0.007250 0.012500
0 0.640125 0.743750 0.005750 0.013542
0 0.629500 0.734115 0.007000 0.009896
0 0.605750 0.736458 0.007000 0.009375
0 0.609250 0.703906 0.008000 0.014063
0 0.634500 0.721094 0.007000 0.005729
0 0.634500 0.715104 0.005000 0.006250
0 0.668000 0.721094 0.006500 0.020313
0 0.645000 0.690625 0.005500 0.012500
0 0.637625 0.684896 0.006750 0.009375
0 0.628750 0.674479 0.007500 0.012500
0 0.654500 0.677865 0.010000 0.016146
0 0.702125 0.681510 0.004750 0.014063
0 0.689125 0.672917 0.003250 0.012500
0 0.689125 0.664583 0.004750 0.006250
0 0.688500 0.660156 0.005500 0.008854
0 0.672875 0.523698 0.007750 0.009896
0 0.690625 0.485417 0.007750 0.012500
0 0.688375 0.527865 0.006250 0.010937
0 0.658250 0.504427 0.005000 0.009896
0 0.730375 0.502344 0.007750 0.014063
0 0.755250 0.479427 0.004500 0.010937
0 0.593625 0.007812 0.003750 0.012500
0 0.571875 0.036979 0.007750 0.008333
0 0.572375 0.049479 0.003750 0.012500
0 0.594250 0.080729 0.004000 0.013542
0 0.567125 0.086979 0.004250 0.014583
0 0.589250 0.109896 0.005000 0.015625
0 0.533500 0.079687 0.004500 0.015625
0 0.538125 0.103385 0.006250 0.008854
0 0.534625 0.099219 0.003750 0.010937
0 0.549875 0.175260 0.006750 0.011979
0 0.584375 0.195312 0.004750 0.011458
0 0.565375 0.160677 0.006250 0.007812
0 0.566125 0.156510 0.004750 0.006771
0 0.492750 0.168229 0.005000 0.009375
0 0.509000 0.219271 0.004500 0.013542
0 0.586375 0.247135 0.005750 0.015104
0 0.569625 0.304427 0.002750 0.011979
0 0.571875 0.302604 0.002250 0.010417
0 0.581625 0.351302 0.004250 0.016146
0 0.570250 0.348958 0.005500 0.013542
0 0.564000 0.379427 0.005000 0.011979
0 0.568500 0.405469 0.004000 0.013021
0 0.561375 0.392708 0.006750 0.014583
0 0.538625 0.423177 0.006250 0.013021
0 0.539125 0.413802 0.006250 0.007812
0 0.538500 0.409115 0.006000 0.006771
0 0.525000 0.388542 0.008000 0.008333
0 0.523625 0.351823 0.005750 0.008854
0 0.529125 0.359375 0.007250 0.007292
0 0.524875 0.367448 0.005250 0.007812
0 0.526000 0.365104 0.006000 0.010417
0 0.500875 0.336198 0.005750 0.010937
0 0.503750 0.307292 0.004000 0.011458
0 0.534000 0.301302 0.006000 0.011979
0 0.531500 0.293490 0.005000 0.010937
0 0.530250 0.289844 0.004500 0.009896
0 0.482000 0.332031 0.006500 0.008854
0 0.482375 0.345833 0.007250 0.010417
0 0.500875 0.380729 0.004250 0.010417
0 0.498000 0.378646 0.003500 0.014583
0 0.481625 0.408073 0.006750 0.009896
0 0.512250 0.403646 0.008000 0.016667
0 0.517000 0.415885 0.005000 0.011979
0 0.528625 0.432552 0.006250 0.016146
0 0.489000 0.457031 0.007500 0.014063
0 0.506000 0.471615 0.007500 0.008854
0 0.511250 0.480990 0.007000 0.006771
0 0.509625 0.489844 0.005750 0.009896
0 0.502500 0.487760 0.005000 0.013021
0 0.532000 0.511979 0.008000 0.009375
0 0.523625 0.516927 0.006250 0.010937
0 0.516250 0.519531 0.009000 0.021354
0 0.528375 0.548698 0.006250 0.013021
0 0.548125 0.528125 0.004750 0.008333
0 0.543250 0.565365 0.003500 0.009896
0 0.539875 0.571094 0.004750 0.006771
0 0.533375 0.614062 0.004750 0.013542
0 0.517875 0.626302 0.006750 0.011979
0 0.507125 0.627344 0.006250 0.015104
0 0.532875 0.646875 0.004750 0.007292
0 0.533750 0.657552 0.003500 0.014063
0 0.528875 0.673958 0.004250 0.013542
0 0.514250 0.695573 0.006500 0.008854
0 0.525875 0.696094 0.004750 0.021354
0 0.490250 0.723177 0.006000 0.010937
0 0.475875 0.738802 0.007250 0.009896
0 0.504500 0.761458 0.004000 0.016667
0 0.500375 0.754948 0.008250 0.008854
0 0.481125 0.979948 0.008750 0.011979
0 0.519375 0.720833 0.003250 0.007292
0 0.519500 0.715365 0.002500 0.005729
0 0.559625 0.442188 0.005250 0.010417
0 0.503750 0.296094 0.003000 0.011979
0 0.501625 0.295573 0.002750 0.011979
0 0.443750 0.931771 0.004500 0.007292
0 0.445875 0.953125 0.002250 0.007292
0 0.443875 0.926302 0.003250 0.005729
0 0.402500 0.886458 0.005000 0.019792
0 0.437750 0.871354 0.005000 0.009375
0 0.442000 0.866146 0.003500 0.014583
0 0.433250 0.840885 0.003000 0.009896
0 0.432250 0.837760 0.005000 0.014063
0 0.406125 0.809635 0.004750 0.010937
0 0.405125 0.804688 0.006750 0.011458
0 0.421125 0.756250 0.007250 0.009375
0 0.439125 0.750000 0.004750 0.010417
0 0.431125 0.756250 0.003750 0.006250
0 0.430375 0.750521 0.005750 0.007292
0 0.427500 0.723958 0.006500 0.008333
0 0.417500 0.734375 0.005000 0.017708
0 0.430375 0.701562 0.005750 0.010417
0 0.412625 0.720573 0.006750 0.017188
0 0.404125 0.716146 0.006250 0.008333
0 0.402500 0.712500 0.006000 0.011458
0 0.401125 0.709115 0.004750 0.010937
0 0.415625 0.681250 0.004750 0.008333
0 0.416125 0.673177 0.004250 0.013021
0 0.420500 0.642969 0.007500 0.009896
0 0.404375 0.631250 0.007250 0.014583
0 0.391875 0.626302 0.006250 0.014063
0 0.388750 0.616927 0.006000 0.010937
0 0.430625 0.613281 0.005250 0.008854
0 0.426250 0.586198 0.005500 0.017188
0 0.428000 0.563281 0.005500 0.009896
0 0.372000 0.552865 0.005500 0.015104
0 0.370125 0.550260 0.004750 0.009896
0 0.383500 0.568750 0.007500 0.011458
0 0.382750 0.565885 0.005500 0.008854
0 0.399375 0.522396 0.005250 0.018750
0 0.364625 0.520833 0.007250 0.011458
0 0.374750 0.492708 0.005500 0.019792
0 0.385000 0.496615 0.005500 0.018229
0 0.387625 0.508073 0.005250 0.014063
0 0.394125 0.491927 0.008750 0.024479
0 0.413875 0.490885 0.006250 0.009896
0 0.318000 0.490365 0.005000 0.011979
0 0.315250 0.486458 0.005000 0.014583
0 0.343750 0.437240 0.008000 0.016146
0 0.331625 0.430729 0.006750 0.014583
0 0.340125 0.422656 0.010750 0.021354
0 0.351250 0.407292 0.010000 0.014583
0 0.386500 0.403906 0.010000 0.016146
0 0.370625 0.385417 0.003250 0.016667
0 0.364000 0.391927 0.010500 0.018229
0 0.342000 0.364323 0.009500 0.008854
0 0.327000 0.353385 0.009000 0.015104
0 0.294125 0.363802 0.007250 0.014063
0 0.305625 0.316146 0.009250 0.015625
0 0.317250 0.313802 0.006500 0.014063
0 0.354750 0.338281 0.008000 0.018229
0 0.349250 0.307031 0.005500 0.018229
0 0.300000 0.273958 0.007500 0.016667
0 0.283125 0.262760 0.007250 0.010937
0 0.281875 0.258333 0.005750 0.008333
0 0.327000 0.241406 0.008500 0.015104
0 0.261375 0.115625 0.006250 0.008333
0 0.285250 0.110937 0.004500 0.013542
0 0.288875 0.114062 0.007750 0.011458
0 0.310625 0.132812 0.008250 0.007292
0 0.310250 0.139063 0.007000 0.005208
0 0.329750 0.135156 0.006000 0.016146
0 0.348875 0.160156 0.008250 0.024479
0 0.362125 0.142448 0.005750 0.016146
0 0.389750 0.239583 0.006500 0.013542
0 0.384625 0.256250 0.006250 0.011458
0 0.383875 0.243490 0.004750 0.013021
0 0.385500 0.217188 0.007000 0.009375
0 0.388625 0.207031 0.006250 0.010937
0 0.381500 0.206510 0.006500 0.011979
0 0.383625 0.183594 0.006250 0.011979
0 0.388375 0.183594 0.004250 0.007812
0 0.392875 0.183594 0.005250 0.010937
0 0.338000 0.090625 0.008500 0.014583
0 0.364000 0.039844 0.005000 0.007812
0 0.364250 0.032813 0.003500 0.006250
0 0.364250 0.018750 0.004500 0.014583
0 0.379375 0.256250 0.004750 0.019792
0 0.410500 0.409635 0.006000 0.007812
0 0.411000 0.403125 0.005500 0.008333
0 0.393250 0.306250 0.007500 0.011458
