0 0.533125 0.653646 0.005250 0.011458
0 0.429625 0.635417 0.008250 0.017708
0 0.520375 0.570052 0.004750 0.015104
0 0.488250 0.513281 0.006000 0.010937
0 0.440625 0.519010 0.006750 0.011979
0 0.415625 0.508333 0.005250 0.018750
0 0.418750 0.507031 0.005000 0.015104
0 0.468250 0.448177 0.008000 0.006771
0 0.467750 0.442708 0.007000 0.007292
0 0.466375 0.436458 0.005250 0.008333
0 0.482000 0.443229 0.009500 0.018750
0 0.429500 0.412760 0.011500 0.017188
0 0.369625 0.436458 0.008250 0.019792
0 0.392625 0.323437 0.007250 0.012500
0 0.366750 0.330729 0.012500 0.019792
0 0.413625 0.334635 0.010250 0.021354
0 0.357125 0.306250 0.006750 0.018750
0 0.350625 0.307292 0.006750 0.014583
0 0.358750 0.283594 0.011500 0.024479
0 0.342750 0.246094 0.010000 0.017188
0 0.386500 0.307812 0.015000 0.018750
0 0.584625 0.557031 0.006250 0.015104
0 0.571750 0.528906 0.007500 0.015104
0 0.581125 0.503646 0.007750 0.015625
0 0.594375 0.552604 0.006250 0.019792
0 0.592375 0.455729 0.009250 0.013542
0 0.549250 0.405469 0.006000 0.017188
0 0.589375 0.378906 0.009250 0.015104
0 0.575750 0.448698 0.010500 0.023438
0 0.584125 0.338281 0.010250 0.014063
0 0.569875 0.233854 0.004750 0.019792
0 0.575750 0.232813 0.007000 0.018750
0 0.573375 0.263021 0.007750 0.025000
0 0.505750 0.247135 0.007000 0.017188
0 0.579625 0.181771 0.005750 0.017708
0 0.530000 0.232031 0.008000 0.017188
0 0.563500 0.168229 0.011500 0.032292
0 0.525875 0.158854 0.008750 0.017708
0 0.582000 0.163281 0.005000 0.015104
0 0.586500 0.158073 0.007500 0.023438
0 0.527875 0.070312 0.008750 0.028125
0 0.590125 0.059635 0.009250 0.019271
0 0.580250 0.092188 0.009500 0.019792
0 0.564625 0.125000 0.008750 0.015625
0 0.656625 0.572917 0.008750 0.016667
0 0.637125 0.529427 0.007750 0.015104
0 0.638500 0.513802 0.007500 0.015104
0 0.684625 0.523698 0.008250 0.017188
0 0.664750 0.488542 0.005000 0.016667
0 0.658125 0.476823 0.005250 0.020313
0 0.689125 0.463542 0.005750 0.020833
0 0.668875 0.453646 0.003250 0.019792
0 0.672250 0.452344 0.003500 0.018229
0 0.670000 0.414323 0.005500 0.016146
0 0.660000 0.417708 0.006000 0.020833
0 0.688375 0.378646 0.007750 0.017708
0 0.664000 0.377344 0.006500 0.020313
0 0.681750 0.319531 0.009000 0.016146
0 0.699750 0.298177 0.010500 0.017188
0 0.680500 0.291927 0.005500 0.010937
0 0.691875 0.211458 0.005750 0.016667
