0 0.079687 0.774375 0.014583 0.009250
0 0.011458 0.825500 0.020833 0.007000
0 0.338542 0.663250 0.020833 0.010000
0 0.329688 0.624375 0.014583 0.007750
0 0.492448 0.599750 0.019271 0.010000
0 0.420573 0.859000 0.015104 0.010000
0 0.416146 0.909750 0.017708 0.008500
0 0.366146 0.902250 0.019792 0.006500
0 0.394531 0.675500 0.019271 0.010000
0 0.386979 0.666125 0.013542 0.007250
0 0.139063 0.726500 0.023958 0.013500
0 0.877344 0.674000 0.023438 0.011500
0 0.691146 0.748250 0.020833 0.011500
0 0.752865 0.786625 0.043229 0.019250
0 0.681510 0.592000 0.025521 0.010000
0 0.414583 0.468000 0.017708 0.008000
0 0.625000 0.451625 0.013542 0.010750
0 0.628125 0.468250 0.028125 0.010000
0 0.788802 0.462250 0.016146 0.009500
0 0.885677 0.466250 0.022396 0.010000
0 0.966667 0.454750 0.020833 0.011500
0 0.936979 0.452875 0.020833 0.009250
0 0.626563 0.241625 0.025000 0.010750
0 0.718229 0.100125 0.020833 0.009250
0 0.496354 0.879375 0.023958 0.013750
0 0.425781 0.390125 0.016146 0.009250
0 0.845313 0.481875 0.019792 0.011250
