0 0.159115 0.246125 0.006771 0.003250
0 0.183073 0.261625 0.008854 0.004750
0 0.226823 0.261000 0.015104 0.009000
0 0.230729 0.277625 0.017708 0.009250
0 0.474219 0.236625 0.013021 0.007250
0 0.459896 0.238000 0.013542 0.005000
0 0.444271 0.243000 0.015625 0.006500
0 0.394792 0.265750 0.006250 0.006500
0 0.400781 0.265500 0.005729 0.006000
0 0.379688 0.263750 0.007292 0.006500
0 0.384375 0.261750 0.006250 0.007000
0 0.388802 0.263250 0.008854 0.007000
0 0.249219 0.314750 0.020313 0.005500
0 0.339323 0.294250 0.010937 0.006500
0 0.335156 0.293500 0.011979 0.007000
0 0.299479 0.299125 0.014583 0.003750
0 0.308854 0.295875 0.011458 0.004250
0 0.300260 0.339000 0.020313 0.006000
0 0.386458 0.363250 0.010417 0.009000
0 0.380208 0.354875 0.012500 0.008250
0 0.464844 0.321750 0.016146 0.006500
0 0.444531 0.330125 0.016146 0.003750
0 0.442188 0.335000 0.017708 0.005500
0 0.484635 0.335000 0.016146 0.006000
0 0.470312 0.334500 0.014583 0.006500
0 0.470833 0.331000 0.012500 0.004000
0 0.515625 0.351625 0.015625 0.007750
0 0.515625 0.359250 0.019792 0.004000
0 0.516146 0.362625 0.017708 0.003250
0 0.501823 0.351125 0.011979 0.008750
0 0.516146 0.341125 0.010417 0.008750
0 0.509115 0.335875 0.017188 0.004750
0 0.534896 0.331125 0.018750 0.004250
0 0.546615 0.314875 0.022396 0.005250
0 0.526563 0.324625 0.012500 0.005250
0 0.528385 0.327250 0.016146 0.005000
0 0.530990 0.295250 0.014063 0.010000
0 0.605729 0.302250 0.016667 0.004000
0 0.605729 0.306250 0.020833 0.005000
0 0.618490 0.315625 0.011979 0.009750
0 0.642448 0.315250 0.017188 0.007000
0 0.646354 0.332500 0.013542 0.009500
0 0.629687 0.330875 0.019792 0.006750
0 0.613802 0.334500 0.019271 0.005000
0 0.609635 0.358625 0.020313 0.006250
0 0.594792 0.336625 0.018750 0.006750
0 0.623958 0.323250 0.014583 0.005000
0 0.607812 0.325125 0.010417 0.006750
0 0.611979 0.323750 0.013542 0.007500
0 0.923438 0.358000 0.017708 0.006500
0 0.828906 0.326500 0.011979 0.008500
0 0.785156 0.349500 0.009896 0.010000
0 0.688802 0.360625 0.011979 0.009750
0 0.734375 0.325875 0.015625 0.003250
0 0.733854 0.329000 0.016667 0.003500
0 0.708073 0.326000 0.011979 0.006000
0 0.710417 0.323875 0.013542 0.005750
0 0.850521 0.382250 0.018750 0.004500
0 0.850000 0.378125 0.017708 0.004750
0 0.791146 0.378750 0.015625 0.006000
0 0.773438 0.382250 0.010417 0.006500
0 0.772396 0.376625 0.016667 0.004750
0 0.763281 0.394375 0.016146 0.006250
0 0.735417 0.388875 0.007292 0.006750
0 0.745573 0.391125 0.016146 0.004250
0 0.751042 0.388000 0.015625 0.005000
0 0.716146 0.384625 0.016667 0.006750
0 0.668229 0.393750 0.011458 0.005000
0 0.648958 0.376500 0.010417 0.005500
0 0.673438 0.381875 0.012500 0.004750
0 0.677604 0.379250 0.012500 0.004500
0 0.691667 0.387375 0.011458 0.005750
0 0.699740 0.386375 0.013021 0.004750
0 0.691667 0.383125 0.019792 0.003250
0 0.643229 0.390250 0.019792 0.004500
0 0.611198 0.386875 0.009896 0.005250
0 0.605208 0.382500 0.013542 0.005000
0 0.582292 0.383875 0.014583 0.005750
0 0.597396 0.390625 0.010417 0.006250
0 0.612760 0.395000 0.018229 0.005500
0 0.581250 0.397875 0.012500 0.006250
0 0.569010 0.397250 0.009896 0.005500
0 0.558073 0.395000 0.008854 0.003500
0 0.555208 0.398375 0.016667 0.003750
0 0.488542 0.392250 0.017708 0.004500
0 0.501302 0.392625 0.007812 0.007250
0 0.423437 0.393875 0.011458 0.004750
0 0.373177 0.391375 0.016146 0.005250
0 0.367188 0.477125 0.021875 0.006250
0 0.464062 0.487750 0.011458 0.007500
0 0.539844 0.499000 0.018229 0.006500
0 0.532552 0.505250 0.015104 0.005500
0 0.548177 0.515000 0.019271 0.006000
0 0.880208 0.532000 0.009375 0.005500
0 0.868750 0.537250 0.012500 0.008500
0 0.832292 0.534625 0.013542 0.007750
0 0.823958 0.528875 0.018750 0.004250
0 0.801823 0.534000 0.011979 0.006000
0 0.749219 0.556000 0.010937 0.006500
0 0.664062 0.546625 0.012500 0.005750
0 0.788542 0.517625 0.007292 0.007250
0 0.781510 0.517375 0.006771 0.008250
0 0.667708 0.519125 0.019792 0.005250
0 0.665365 0.514500 0.017188 0.005000
0 0.669271 0.510875 0.011458 0.007250
0 0.590885 0.502000 0.011979 0.007500
0 0.590625 0.510750 0.012500 0.003000
0 0.600000 0.509625 0.011458 0.006750
0 0.574740 0.495375 0.015104 0.006750
0 0.521094 0.496250 0.014063 0.008000
0 0.495052 0.462625 0.019271 0.006250
0 0.507031 0.449125 0.017188 0.008250
0 0.551823 0.463000 0.015104 0.008000
0 0.573438 0.455875 0.015625 0.007750
0 0.627344 0.460625 0.016146 0.007750
0 0.617188 0.451250 0.018750 0.006500
0 0.636198 0.479000 0.018229 0.008000
0 0.654427 0.467875 0.021354 0.005250
0 0.679948 0.472500 0.013021 0.007500
0 0.699219 0.473875 0.010937 0.008750
0 0.689844 0.478375 0.018229 0.004250
0 0.685937 0.484625 0.011458 0.007250
0 0.689063 0.483000 0.010417 0.005000
0 0.708073 0.494125 0.011979 0.008250
0 0.728646 0.497875 0.011458 0.008750
0 0.751042 0.502125 0.014583 0.007250
0 0.740365 0.485375 0.008854 0.008250
0 0.739583 0.480000 0.015625 0.005500
0 0.777604 0.496375 0.019792 0.006250
0 0.797396 0.502750 0.015625 0.006000
0 0.808333 0.494500 0.011458 0.008000
0 0.827604 0.503375 0.010417 0.007750
0 0.819010 0.506000 0.010937 0.007000
0 0.823177 0.512875 0.011979 0.007250
0 0.840885 0.500250 0.011979 0.007500
0 0.852865 0.504625 0.010937 0.007250
0 0.871094 0.501250 0.011979 0.008000
0 0.875521 0.497500 0.013542 0.003500
0 0.877865 0.492500 0.007812 0.007000
0 0.887240 0.497375 0.009896 0.007250
0 0.908854 0.496750 0.010417 0.007500
0 0.911979 0.503750 0.012500 0.007000
0 0.903646 0.508500 0.016667 0.008000
0 0.939323 0.503750 0.018229 0.009000
0 0.855469 0.470250 0.015104 0.006500
0 0.863802 0.481375 0.007812 0.005750
0 0.867188 0.480125 0.012500 0.006750
0 0.827604 0.487625 0.013542 0.007750
0 0.803906 0.485750 0.014063 0.007500
0 0.789062 0.471625 0.023958 0.008750
0 0.728125 0.445500 0.009375 0.007500
0 0.701823 0.467750 0.014063 0.005500
0 0.703646 0.465000 0.015625 0.004000
0 0.714583 0.452625 0.007292 0.008750
0 0.708333 0.452000 0.005208 0.008500
0 0.712760 0.424625 0.011979 0.008250
0 0.166667 0.480500 0.011458 0.005500
0 0.157292 0.482000 0.007292 0.006000
0 0.237760 0.486000 0.015104 0.008000
0 0.228125 0.511750 0.009375 0.005000
0 0.253385 0.506250 0.014063 0.004000
0 0.245312 0.517375 0.012500 0.005250
0 0.216406 0.517500 0.007812 0.004500
0 0.264323 0.517375 0.008854 0.004250
0 0.270313 0.517250 0.010417 0.004500
0 0.316406 0.526375 0.009896 0.005250
0 0.352865 0.527625 0.008854 0.004750
0 0.276823 0.592500 0.009896 0.007000
0 0.288021 0.619750 0.010417 0.004500
0 0.255990 0.649000 0.008854 0.003000
0 0.265365 0.650500 0.005729 0.003500
0 0.529427 0.612250 0.008854 0.004000
0 0.473438 0.535875 0.009375 0.008250
0 0.140885 0.604375 0.008854 0.005250
0 0.140625 0.600500 0.008333 0.006000
0 0.107552 0.584750 0.018229 0.005000
0 0.086458 0.543750 0.019792 0.005000
0 0.168229 0.529750 0.009375 0.005500
0 0.119531 0.507750 0.013021 0.008000
0 0.080990 0.507625 0.008854 0.006750
0 0.088542 0.507000 0.010417 0.006500
0 0.029687 0.500250 0.021875 0.004500
0 0.033854 0.480875 0.018750 0.004750
0 0.173698 0.503875 0.008854 0.003250
0 0.768490 0.049250 0.018229 0.008500
