0 0.115365 0.425250 0.013021 0.006500
0 0.073177 0.464125 0.018229 0.003750
0 0.164323 0.440875 0.017188 0.004750
0 0.202344 0.447375 0.011979 0.004250
0 0.248958 0.432000 0.013542 0.003500
0 0.265104 0.426875 0.008333 0.007750
0 0.189323 0.406750 0.014063 0.005000
0 0.344010 0.423500 0.014063 0.004500
0 0.484635 0.482125 0.007812 0.006250
0 0.462240 0.544500 0.010937 0.007000
0 0.367188 0.602500 0.012500 0.006500
0 0.416927 0.602250 0.009896 0.007000
0 0.446354 0.598250 0.010417 0.005500
0 0.464844 0.596125 0.007812 0.006250
0 0.472917 0.597375 0.009375 0.005750
0 0.432812 0.635500 0.009375 0.007500
0 0.457292 0.629250 0.009375 0.008000
0 0.386458 0.729125 0.011458 0.007250
0 0.780469 0.646250 0.017188 0.005500
0 0.730990 0.582375 0.014063 0.009250
0 0.657031 0.537500 0.009896 0.006000
0 0.605469 0.537375 0.009896 0.004750
0 0.662760 0.502500 0.011979 0.006000
