0 0.345833 0.602625 0.010417 0.006750
0 0.375521 0.608375 0.010417 0.007750
0 0.406510 0.606750 0.011979 0.006500
0 0.437500 0.564750 0.008333 0.007500
0 0.432292 0.561500 0.006250 0.007000
0 0.492708 0.429875 0.010417 0.008250
0 0.506510 0.423000 0.015104 0.004500
0 0.514583 0.439250 0.011458 0.007000
0 0.539062 0.437500 0.011458 0.007500
0 0.563802 0.441875 0.011979 0.006250
0 0.548698 0.458500 0.010937 0.007000
0 0.564323 0.463875 0.013021 0.007750
0 0.553906 0.467625 0.014063 0.003750
0 0.551823 0.475375 0.011979 0.007250
0 0.542448 0.492500 0.011979 0.005500
0 0.582812 0.486500 0.007292 0.006000
0 0.589063 0.483125 0.007292 0.005250
0 0.582292 0.482875 0.007292 0.004250
0 0.640885 0.511500 0.014063 0.005000
0 0.653906 0.515500 0.018229 0.003500
0 0.658333 0.518875 0.015625 0.003250
0 0.680208 0.520750 0.006250 0.005500
0 0.686198 0.520250 0.008854 0.007000
0 0.664062 0.532000 0.010417 0.005500
0 0.626042 0.538500 0.013542 0.006000
0 0.653646 0.532375 0.008333 0.005250
0 0.633854 0.556500 0.015625 0.005500
0 0.575260 0.552000 0.013021 0.008000
0 0.611719 0.590000 0.013021 0.006500
0 0.667188 0.609875 0.009375 0.005750
0 0.673698 0.615750 0.014063 0.003500
0 0.650000 0.548000 0.012500 0.003000
0 0.648958 0.550250 0.014583 0.003500
0 0.633333 0.461000 0.012500 0.004000
0 0.626302 0.464250 0.011979 0.004000
0 0.632552 0.467125 0.009896 0.003750
0 0.742969 0.489875 0.009896 0.005750
0 0.497917 0.380750 0.010417 0.007500
0 0.611198 0.355875 0.009896 0.005250
0 0.821094 0.331500 0.011979 0.004500
0 0.657813 0.293125 0.007292 0.002750
0 0.504687 0.971000 0.009375 0.004000
