0 0.189625 0.165625 0.008750 0.012500
0 0.123875 0.536458 0.007250 0.011458
0 0.125250 0.525000 0.007000 0.014583
0 0.087875 0.850260 0.006250 0.018229
0 0.082750 0.903646 0.008500 0.026042
0 0.267750 0.259375 0.010000 0.014583
0 0.253125 0.315625 0.005250 0.018750
0 0.267750 0.341146 0.008000 0.017708
0 0.261750 0.489323 0.009000 0.016146
0 0.268125 0.571875 0.008750 0.012500
0 0.266750 0.591406 0.011000 0.015104
0 0.256000 0.626302 0.003500 0.017188
0 0.259500 0.628385 0.005000 0.019271
0 0.265750 0.662240 0.010500 0.016146
0 0.278125 0.666667 0.007750 0.018750
0 0.273125 0.688021 0.005750 0.018750
0 0.280500 0.699740 0.007000 0.018229
0 0.275625 0.711458 0.004750 0.018750
0 0.278000 0.707031 0.003500 0.011979
0 0.282375 0.716667 0.007750 0.011458
0 0.290750 0.716927 0.006500 0.016146
0 0.265500 0.734635 0.007000 0.014063
0 0.271000 0.739583 0.005500 0.020833
0 0.279750 0.738281 0.006000 0.017188
0 0.283125 0.730729 0.005250 0.017708
0 0.289250 0.739323 0.005500 0.017188
0 0.295875 0.732552 0.005750 0.016146
0 0.293875 0.742969 0.005750 0.017188
0 0.290125 0.728646 0.003750 0.013542
0 0.301625 0.768750 0.005250 0.017708
0 0.249500 0.771094 0.006500 0.020313
0 0.276250 0.809115 0.003500 0.017188
0 0.279750 0.807292 0.006000 0.017708
0 0.304375 0.825521 0.006750 0.017708
0 0.305375 0.884115 0.008250 0.017188
0 0.314875 0.883854 0.006750 0.014583
0 0.285125 0.945312 0.006750 0.014583
0 0.293500 0.951562 0.008000 0.013542
0 0.317250 0.914844 0.004500 0.016146
0 0.320125 0.913802 0.005750 0.017188
0 0.484750 0.871354 0.006500 0.017708
0 0.481250 0.856250 0.006500 0.011458
0 0.480125 0.810937 0.004250 0.014583
0 0.484000 0.809115 0.006000 0.019271
0 0.494000 0.780208 0.006500 0.017708
0 0.513750 0.786458 0.004000 0.014583
0 0.516750 0.783854 0.006500 0.013542
0 0.438500 0.713281 0.008000 0.017188
0 0.448500 0.713802 0.005500 0.016146
0 0.458875 0.710938 0.007750 0.019792
0 0.447750 0.664844 0.006500 0.015104
0 0.455125 0.653385 0.008750 0.011979
0 0.447500 0.637500 0.008000 0.014583
0 0.429750 0.637760 0.006500 0.013021
0 0.414250 0.601823 0.007500 0.016146
0 0.431625 0.574479 0.006250 0.019792
0 0.404750 0.561458 0.005500 0.017708
0 0.406875 0.550000 0.006750 0.014583
0 0.401750 0.527865 0.006500 0.011979
0 0.413250 0.512240 0.006000 0.015104
0 0.363250 0.396615 0.007000 0.009896
0 0.360000 0.387240 0.009000 0.009896
0 0.344375 0.329948 0.006750 0.017188
0 0.348500 0.286198 0.006500 0.019271
0 0.337250 0.305208 0.006500 0.011458
0 0.633250 0.580208 0.006500 0.011458
0 0.608625 0.575521 0.006250 0.012500
0 0.622375 0.539323 0.005250 0.018229
0 0.570375 0.510156 0.008750 0.013021
0 0.565875 0.476302 0.007750 0.009896
0 0.604125 0.447396 0.006750 0.013542
0 0.606500 0.510417 0.008000 0.008333
0 0.607375 0.502344 0.006250 0.011979
0 0.600250 0.508333 0.006000 0.010417
0 0.600625 0.504167 0.005750 0.008333
0 0.602625 0.499479 0.005750 0.013542
0 0.615625 0.511458 0.004750 0.013542
0 0.617750 0.509115 0.004500 0.011979
0 0.593000 0.422396 0.005500 0.015625
0 0.587875 0.426042 0.002750 0.016667
0 0.590000 0.423958 0.003500 0.016667
0 0.568375 0.424479 0.005250 0.016667
0 0.561625 0.442708 0.004250 0.014583
0 0.561000 0.420312 0.007500 0.010417
0 0.551000 0.426823 0.007500 0.006771
0 0.554125 0.422135 0.005750 0.011979
0 0.554375 0.437240 0.006250 0.014063
0 0.556125 0.434635 0.005750 0.010937
0 0.541125 0.413021 0.007750 0.014583
0 0.531625 0.430729 0.005750 0.014583
0 0.515125 0.429688 0.007750 0.011458
0 0.521250 0.417187 0.006500 0.012500
0 0.508250 0.357292 0.005000 0.017708
0 0.513625 0.374219 0.006250 0.014063
0 0.515125 0.368750 0.005250 0.013542
0 0.517000 0.365365 0.006500 0.014063
0 0.499500 0.376823 0.006500 0.013021
0 0.487000 0.356250 0.007000 0.011458
0 0.474500 0.390885 0.006000 0.009896
0 0.471500 0.331771 0.007000 0.012500
0 0.495500 0.376563 0.003500 0.014583
0 0.448875 0.273698 0.008250 0.016146
0 0.444375 0.261719 0.007750 0.009896
0 0.451875 0.260156 0.007250 0.015104
0 0.619500 0.604948 0.005500 0.007812
0 0.621250 0.602083 0.007000 0.011458
0 0.774250 0.064323 0.008000 0.022396
0 0.660000 0.128906 0.009000 0.009896
0 0.659375 0.136198 0.007250 0.007812
0 0.584625 0.178646 0.006750 0.014583
0 0.599000 0.093750 0.010000 0.018750
0 0.558875 0.026823 0.009750 0.018229
0 0.548625 0.037500 0.007750 0.015625
0 0.528125 0.050000 0.007250 0.020833
0 0.493625 0.048177 0.006750 0.015104
0 0.488375 0.050781 0.008750 0.017188
0 0.533750 0.559635 0.007000 0.013021
0 0.857750 0.257031 0.011000 0.017188
0 0.931625 0.747396 0.010250 0.014583
