0 0.453125 0.357125 0.013542 0.008750
0 0.555990 0.292750 0.016146 0.006000
0 0.593750 0.271250 0.012500 0.004500
0 0.614844 0.256125 0.013021 0.005750
0 0.564323 0.241000 0.011979 0.008500
0 0.594792 0.232500 0.013542 0.007000
0 0.603906 0.223750 0.009896 0.006000
0 0.481250 0.263250 0.009375 0.005500
0 0.536719 0.258000 0.010937 0.008000
0 0.765104 0.090750 0.015625 0.004500
0 0.693750 0.127250 0.006250 0.005500
0 0.700781 0.125000 0.008854 0.004500
0 0.527344 0.319250 0.007812 0.005000
0 0.624479 0.318750 0.010417 0.006000
0 0.742969 0.322250 0.016146 0.010000
0 0.685156 0.327250 0.014063 0.005500
0 0.825260 0.325250 0.013021 0.004000
0 0.744792 0.272375 0.011458 0.005250
0 0.492708 0.396250 0.011458 0.006500
0 0.603385 0.456375 0.008854 0.005750
0 0.690104 0.507500 0.010417 0.004000
0 0.806250 0.502125 0.009375 0.005750
0 0.821354 0.514375 0.012500 0.006250
0 0.924219 0.475000 0.007812 0.007000
0 0.931771 0.475375 0.009375 0.005750
0 0.929688 0.492625 0.015625 0.008250
0 0.943750 0.499000 0.010417 0.005500
0 0.957031 0.497875 0.009896 0.005250
0 0.869010 0.471500 0.008854 0.005500
0 0.724479 0.457625 0.011458 0.005250
0 0.988542 0.874750 0.007292 0.004000
0 0.988281 0.853875 0.013021 0.007750
0 0.945573 0.835750 0.009896 0.007500
0 0.937500 0.851125 0.011458 0.005250
0 0.935417 0.859750 0.011458 0.007500
0 0.884896 0.863250 0.012500 0.006000
0 0.844531 0.863500 0.011979 0.007000
0 0.855990 0.851750 0.024479 0.011000
0 0.840885 0.838500 0.013021 0.005500
0 0.862500 0.839500 0.012500 0.008500
0 0.901042 0.857750 0.013542 0.007000
0 0.900781 0.868375 0.011979 0.007250
0 0.843229 0.815500 0.012500 0.004000
0 0.777344 0.820125 0.009896 0.003750
0 0.920573 0.785125 0.014063 0.004250
0 0.952604 0.790000 0.015625 0.006000
0 0.892188 0.760000 0.011458 0.006000
0 0.769531 0.763625 0.014063 0.004250
0 0.799740 0.757375 0.008854 0.005750
0 0.803125 0.751250 0.011458 0.005500
0 0.784896 0.732625 0.011458 0.005250
0 0.691406 0.741250 0.009896 0.005000
0 0.732812 0.733500 0.010417 0.004000
0 0.752344 0.712000 0.009896 0.005500
0 0.721354 0.752625 0.010417 0.007250
0 0.730990 0.751250 0.011979 0.007000
0 0.666406 0.714875 0.013021 0.004750
0 0.670312 0.697625 0.013542 0.004750
0 0.744792 0.665250 0.011458 0.005500
0 0.623958 0.681750 0.011458 0.005000
0 0.624740 0.678375 0.008854 0.003250
0 0.649219 0.675500 0.011979 0.005500
0 0.651823 0.653125 0.011979 0.003750
0 0.782813 0.650250 0.010417 0.009500
0 0.718490 0.637250 0.013021 0.006000
0 0.575521 0.668625 0.008333 0.004750
0 0.591406 0.646625 0.010937 0.004250
0 0.601823 0.627625 0.009896 0.006250
0 0.572917 0.625750 0.007292 0.005000
0 0.577865 0.621500 0.010937 0.004000
0 0.595052 0.609875 0.011979 0.003750
0 0.545312 0.600125 0.007292 0.005750
0 0.573438 0.561125 0.012500 0.004750
0 0.555990 0.559250 0.010937 0.005500
0 0.472656 0.570250 0.009896 0.004000
0 0.501823 0.539375 0.009896 0.003750
0 0.440625 0.539375 0.011458 0.004750
0 0.399219 0.486125 0.011979 0.006750
0 0.420052 0.483875 0.008854 0.006250
0 0.331771 0.552625 0.009375 0.005250
0 0.326302 0.624250 0.008854 0.005500
0 0.351042 0.640375 0.012500 0.004750
0 0.389062 0.636875 0.012500 0.004250
0 0.388021 0.631750 0.007292 0.005000
0 0.396875 0.645625 0.009375 0.005250
0 0.420312 0.657625 0.009375 0.005250
0 0.392969 0.666875 0.014063 0.004250
0 0.393750 0.677125 0.013542 0.003750
0 0.400000 0.686625 0.011458 0.004250
0 0.358333 0.703375 0.012500 0.004250
0 0.379427 0.712500 0.008854 0.005500
0 0.388542 0.707625 0.007292 0.004250
0 0.430469 0.716750 0.010937 0.004000
0 0.392188 0.731750 0.010417 0.003500
0 0.308854 0.722750 0.007292 0.004500
0 0.313542 0.701000 0.011458 0.004000
0 0.327865 0.745500 0.009896 0.005500
0 0.394010 0.743125 0.010937 0.004750
0 0.343750 0.815000 0.011458 0.005000
0 0.359115 0.798000 0.013021 0.004500
0 0.399479 0.791250 0.007292 0.005000
0 0.389323 0.790625 0.005729 0.004750
0 0.385156 0.785250 0.010937 0.009500
0 0.350521 0.784000 0.010417 0.003000
0 0.346354 0.780625 0.009375 0.005750
0 0.226823 0.497000 0.014063 0.004500
0 0.227344 0.521625 0.007812 0.004250
0 0.210156 0.526125 0.008854 0.005250
0 0.122396 0.566375 0.013542 0.006750
0 0.135417 0.558500 0.008333 0.007000
0 0.009375 0.637750 0.013542 0.003500
0 0.063021 0.631250 0.012500 0.005000
0 0.083594 0.637500 0.013021 0.006500
0 0.064323 0.614625 0.011979 0.004250
0 0.070052 0.617875 0.006771 0.005750
0 0.072656 0.622625 0.011979 0.004750
0 0.087500 0.615750 0.011458 0.004500
0 0.107292 0.609625 0.010417 0.002750
0 0.106250 0.612250 0.013542 0.003000
0 0.099219 0.615375 0.011979 0.002750
0 0.101042 0.619375 0.012500 0.004750
0 0.248438 0.483125 0.010417 0.004750
0 0.281510 0.317750 0.015104 0.006000
0 0.202865 0.135375 0.011979 0.007250
0 0.376302 0.116250 0.010937 0.007000
0 0.663542 0.023875 0.011458 0.005250
0 0.664323 0.015750 0.010937 0.007000
