0 0.103385 0.649625 0.007812 0.004250
0 0.107031 0.648125 0.011979 0.005750
0 0.156771 0.626500 0.008333 0.006000
0 0.427865 0.655500 0.011979 0.005000
0 0.307292 0.613750 0.015625 0.005000
0 0.314063 0.604625 0.009375 0.006750
0 0.328906 0.613875 0.004687 0.006750
0 0.323958 0.613375 0.006250 0.006750
0 0.311198 0.610500 0.005729 0.006000
0 0.317969 0.611375 0.007812 0.006250
0 0.248177 0.578250 0.010937 0.008000
0 0.272396 0.575625 0.011458 0.006750
0 0.302604 0.570500 0.008333 0.007000
0 0.306510 0.578750 0.010937 0.005000
0 0.281771 0.566500 0.007292 0.007000
0 0.290625 0.567750 0.011458 0.004500
0 0.243490 0.542000 0.011979 0.004000
0 0.232292 0.535500 0.011458 0.004500
0 0.225000 0.530000 0.012500 0.005500
0 0.191406 0.522875 0.013021 0.006750
0 0.198958 0.534000 0.011458 0.005500
0 0.202083 0.532750 0.012500 0.004500
0 0.112240 0.499625 0.016146 0.006750
0 0.169271 0.476250 0.011458 0.004500
0 0.535417 0.307375 0.012500 0.005750
0 0.506771 0.351125 0.009375 0.008750
0 0.382031 0.389125 0.014063 0.007250
0 0.415625 0.450000 0.014583 0.007000
0 0.445573 0.465500 0.014063 0.008000
0 0.405729 0.437375 0.008333 0.006750
0 0.415104 0.436500 0.009375 0.005000
0 0.408333 0.435000 0.006250 0.006000
0 0.399740 0.435625 0.006771 0.007750
0 0.392969 0.432000 0.009896 0.007000
0 0.472656 0.444875 0.008854 0.005250
0 0.479167 0.441375 0.008333 0.006250
0 0.473177 0.440750 0.005729 0.005500
0 0.443229 0.488125 0.007292 0.006250
0 0.449219 0.485375 0.011979 0.005750
0 0.473958 0.516125 0.010417 0.007250
0 0.470052 0.524500 0.008854 0.005500
0 0.467187 0.530250 0.015625 0.004000
0 0.465885 0.553500 0.010937 0.006500
0 0.471875 0.560125 0.005208 0.006250
0 0.466927 0.559750 0.006771 0.007500
0 0.465885 0.579125 0.010937 0.007250
0 0.680208 0.548875 0.011458 0.005750
0 0.688281 0.545625 0.013021 0.003250
0 0.717187 0.506625 0.006250 0.006750
0 0.723698 0.507500 0.006771 0.006000
0 0.909115 0.512500 0.011979 0.005000
0 0.927344 0.513875 0.014063 0.006250
0 0.946615 0.526500 0.006771 0.005000
0 0.943750 0.525500 0.010417 0.005500
0 0.650521 0.675250 0.011458 0.005000
0 0.683854 0.675625 0.016667 0.005250
0 0.759375 0.673625 0.013542 0.006250
0 0.755208 0.728875 0.012500 0.004250
