0 0.112375 0.896615 0.003750 0.009896
0 0.112625 0.879427 0.003250 0.009896
0 0.129250 0.876042 0.005500 0.010417
0 0.136625 0.877604 0.005250 0.005208
0 0.136750 0.873177 0.006500 0.004687
0 0.325000 0.812240 0.005000 0.006771
0 0.324250 0.809896 0.004500 0.006250
0 0.228750 0.790104 0.005500 0.008333
0 0.203375 0.827344 0.007250 0.006771
0 0.186500 0.840625 0.007000 0.008333
0 0.155000 0.808594 0.006000 0.010937
0 0.116250 0.825521 0.005500 0.004167
0 0.116875 0.830990 0.005750 0.009896
0 0.324875 0.738542 0.005250 0.007292
0 0.293750 0.709375 0.003000 0.008333
0 0.290625 0.715625 0.002750 0.010417
0 0.189000 0.635156 0.004000 0.006771
0 0.188750 0.639844 0.004000 0.005729
0 0.113625 0.575521 0.006250 0.009375
0 0.103500 0.575781 0.006000 0.006771
0 0.096750 0.580208 0.004000 0.011458
0 0.098125 0.592969 0.006750 0.009896
0 0.088000 0.590625 0.006000 0.009375
0 0.072875 0.558854 0.006250 0.009375
0 0.025625 0.541146 0.006250 0.007292
0 0.019875 0.548177 0.005250 0.010937
0 0.035875 0.550000 0.005750 0.006250
0 0.034750 0.545833 0.005500 0.005208
0 0.011625 0.531250 0.003750 0.009375
0 0.012625 0.511458 0.005250 0.010417
0 0.008875 0.516146 0.004250 0.008333
0 0.002375 0.459375 0.004750 0.006250
0 0.005000 0.454948 0.005500 0.011979
0 0.013875 0.458854 0.005750 0.009375
0 0.021000 0.441146 0.006500 0.006250
0 0.019875 0.436198 0.006750 0.004687
0 0.020250 0.432292 0.006500 0.005208
0 0.069625 0.504167 0.006750 0.008333
0 0.089375 0.476302 0.006250 0.007812
0 0.098625 0.476823 0.005750 0.006771
0 0.098750 0.473438 0.006000 0.004167
0 0.094250 0.527083 0.005500 0.008333
0 0.095000 0.523958 0.005000 0.007292
0 0.130000 0.505208 0.005000 0.011458
0 0.131000 0.497396 0.003000 0.010417
0 0.135625 0.506771 0.004750 0.010417
0 0.161250 0.544010 0.005500 0.009896
0 0.157250 0.532031 0.005000 0.005729
0 0.158500 0.528906 0.005500 0.009896
0 0.140875 0.590365 0.006250 0.009896
0 0.203375 0.603646 0.006750 0.008333
0 0.208000 0.583854 0.007000 0.011458
0 0.209500 0.552865 0.004000 0.010937
0 0.192750 0.580469 0.005000 0.004687
0 0.192750 0.576823 0.005500 0.005729
0 0.193875 0.574219 0.005250 0.005729
0 0.218625 0.594531 0.005750 0.006771
0 0.223500 0.594010 0.005000 0.009896
0 0.223250 0.631771 0.006000 0.005208
0 0.223125 0.628125 0.005250 0.004167
0 0.241750 0.603906 0.005500 0.009896
0 0.252000 0.651823 0.004000 0.010937
0 0.256250 0.642969 0.005000 0.009896
0 0.256375 0.635677 0.006250 0.005729
0 0.257375 0.632031 0.004750 0.006771
0 0.271125 0.640885 0.005250 0.009896
0 0.276000 0.639062 0.005000 0.010417
0 0.279000 0.665104 0.005000 0.006250
0 0.284000 0.667708 0.005000 0.009375
0 0.289000 0.663281 0.005500 0.006771
0 0.310750 0.691927 0.005000 0.013021
0 0.346125 0.598698 0.006250 0.007812
0 0.339750 0.566667 0.004500 0.008333
0 0.336375 0.562240 0.004750 0.009896
0 0.325250 0.514323 0.005500 0.008854
0 0.321000 0.513802 0.003000 0.011979
0 0.307750 0.464323 0.004000 0.011979
0 0.329625 0.462240 0.005250 0.008854
0 0.315500 0.440625 0.004500 0.006250
0 0.316500 0.437760 0.005000 0.008854
0 0.295875 0.425000 0.004750 0.010417
0 0.292875 0.416667 0.004750 0.008333
0 0.301500 0.411719 0.005000 0.010937
0 0.291750 0.441146 0.005000 0.005208
0 0.291750 0.436719 0.006000 0.005729
0 0.256875 0.351823 0.003750 0.009896
0 0.257875 0.350521 0.003250 0.008333
0 0.195875 0.196354 0.006250 0.010417
0 0.207000 0.192969 0.005000 0.013021
0 0.203375 0.211458 0.004750 0.008333
0 0.204000 0.209115 0.004500 0.009896
0 0.157625 0.180208 0.004250 0.011458
0 0.144000 0.169531 0.004000 0.009896
0 0.147625 0.144271 0.004250 0.013542
0 0.130750 0.110417 0.005000 0.011458
0 0.133000 0.108333 0.005000 0.010417
0 0.105125 0.028385 0.005250 0.009896
0 0.093375 0.011458 0.005250 0.011458
0 0.093875 0.004687 0.003750 0.008333
0 0.110875 0.023438 0.003250 0.013542
0 0.119500 0.032031 0.004500 0.013021
0 0.120875 0.016667 0.004750 0.011458
0 0.120875 0.004167 0.006250 0.008333
0 0.128375 0.010156 0.002750 0.011979
0 0.131125 0.009635 0.003750 0.011979
0 0.134625 0.021875 0.005250 0.013542
0 0.141500 0.031771 0.003000 0.014583
0 0.145500 0.052865 0.005000 0.011979
0 0.150875 0.056510 0.005250 0.009896
0 0.137125 0.058333 0.005750 0.009375
0 0.156500 0.070312 0.006000 0.010417
0 0.160500 0.081510 0.005000 0.006771
0 0.172500 0.101302 0.003500 0.014063
0 0.174375 0.114583 0.004750 0.010417
0 0.161750 0.119531 0.005500 0.006771
0 0.160125 0.107031 0.004250 0.008854
0 0.161500 0.105208 0.005000 0.011458
0 0.161750 0.100260 0.004000 0.011979
0 0.163625 0.097917 0.004750 0.010417
0 0.180875 0.082292 0.004250 0.010417
0 0.157000 0.148177 0.004000 0.008854
0 0.275000 0.471875 0.004000 0.008333
0 0.446250 0.469010 0.002500 0.009896
0 0.444375 0.470052 0.002250 0.011979
0 0.428500 0.422396 0.006500 0.005208
0 0.428125 0.417708 0.005750 0.005208
0 0.445750 0.342708 0.005500 0.011458
0 0.476250 0.057552 0.005000 0.016146
0 0.473000 0.039844 0.007000 0.013021
0 0.515750 0.017969 0.007000 0.011979
0 0.517125 0.035417 0.004750 0.014583
0 0.483125 0.161979 0.004250 0.012500
0 0.498750 0.135677 0.003000 0.013021
0 0.500625 0.135677 0.002250 0.009896
0 0.485500 0.180990 0.003500 0.015104
0 0.504625 0.212500 0.005250 0.012500
0 0.479500 0.231771 0.006000 0.009375
0 0.487500 0.297917 0.003000 0.013542
0 0.484500 0.297917 0.004000 0.011458
0 0.474250 0.296875 0.003500 0.013542
0 0.491000 0.293229 0.003500 0.010417
0 0.492750 0.291927 0.003000 0.009896
0 0.477375 0.337240 0.003750 0.010937
0 0.470250 0.327344 0.003500 0.010937
0 0.466500 0.325260 0.003500 0.013021
0 0.462625 0.320573 0.003750 0.010937
0 0.461375 0.323437 0.002250 0.008333
0 0.495000 0.576823 0.005500 0.008854
0 0.494000 0.570052 0.004500 0.007812
0 0.500250 0.547396 0.003500 0.006250
0 0.499500 0.544792 0.004500 0.009375
0 0.511000 0.526823 0.003500 0.014063
0 0.600125 0.334635 0.004750 0.010937
0 0.606625 0.329427 0.006250 0.006771
0 0.600000 0.326042 0.005000 0.006250
0 0.654625 0.233333 0.006750 0.008333
0 0.658875 0.196094 0.005750 0.009896
0 0.659625 0.188542 0.006250 0.009375
0 0.652625 0.200521 0.003750 0.013542
0 0.654875 0.175781 0.006250 0.008854
0 0.656000 0.167969 0.006500 0.007812
0 0.671750 0.122396 0.005000 0.010417
0 0.670625 0.115625 0.005250 0.008333
0 0.680250 0.120313 0.004500 0.011458
0 0.674875 0.138802 0.006750 0.008854
0 0.691000 0.136719 0.004000 0.013021
0 0.735250 0.035156 0.007000 0.010937
0 0.711250 0.048698 0.007000 0.007812
0 0.732625 0.060677 0.004750 0.009896
0 0.728500 0.061458 0.005000 0.012500
0 0.721875 0.078125 0.006750 0.009375
0 0.712500 0.093490 0.004000 0.013021
0 0.709000 0.099740 0.003500 0.013021
0 0.708375 0.089063 0.005250 0.011458
0 0.708125 0.080208 0.004750 0.009375
0 0.704875 0.074740 0.005750 0.008854
0 0.708750 0.073958 0.004500 0.008333
0 0.746375 0.053385 0.005250 0.014063
0 0.729000 0.086719 0.005000 0.011979
0 0.723625 0.116146 0.006250 0.006250
0 0.723875 0.120833 0.005250 0.004167
0 0.728875 0.120313 0.005750 0.010417
0 0.741625 0.142448 0.003750 0.009896
0 0.740375 0.140104 0.005250 0.010417
0 0.732875 0.150260 0.005250 0.011979
0 0.724250 0.143750 0.006000 0.009375
0 0.719625 0.147396 0.004750 0.012500
0 0.707375 0.150000 0.004250 0.011458
0 0.698750 0.161458 0.006500 0.007292
0 0.698500 0.168229 0.007000 0.007292
0 0.715000 0.225521 0.005500 0.012500
0 0.696375 0.239323 0.005250 0.011979
0 0.687000 0.213281 0.005500 0.010937
0 0.687125 0.243750 0.006250 0.009375
0 0.697375 0.213542 0.005250 0.009375
0 0.696875 0.210156 0.004250 0.007812
0 0.676875 0.224740 0.004750 0.006771
0 0.676000 0.221615 0.006000 0.007812
0 0.702375 0.252865 0.004750 0.007812
0 0.700000 0.250000 0.006000 0.007292
0 0.689625 0.266667 0.006250 0.009375
0 0.686875 0.275781 0.005250 0.011979
0 0.668625 0.297917 0.004750 0.014583
0 0.652125 0.320312 0.007250 0.008333
0 0.631750 0.327604 0.004000 0.007292
0 0.630875 0.324479 0.005750 0.009375
0 0.602500 0.389062 0.004000 0.010417
0 0.599125 0.395833 0.005250 0.009375
0 0.528625 0.558333 0.003750 0.010417
0 0.494125 0.603906 0.003250 0.009896
0 0.485000 0.630208 0.003500 0.010417
0 0.483000 0.632292 0.002500 0.006250
0 0.444250 0.749219 0.005000 0.007812
0 0.477375 0.716146 0.006250 0.008333
0 0.494625 0.702865 0.006250 0.009896
0 0.514000 0.694531 0.003000 0.007812
0 0.515500 0.693229 0.004500 0.011458
0 0.586125 0.641927 0.005250 0.005729
0 0.583875 0.635938 0.004250 0.008333
0 0.586250 0.631250 0.005500 0.006250
0 0.642750 0.620052 0.004000 0.006771
0 0.643625 0.617708 0.005250 0.008333
0 0.697875 0.554427 0.004750 0.005729
0 0.698125 0.551302 0.005750 0.005729
0 0.730625 0.533594 0.004250 0.010937
0 0.741875 0.510938 0.006750 0.007292
0 0.754750 0.520833 0.005500 0.006250
0 0.754250 0.516146 0.005000 0.005208
0 0.773875 0.512760 0.007250 0.007812
0 0.771125 0.498177 0.007250 0.008854
0 0.797500 0.497656 0.006000 0.008854
0 0.824000 0.519531 0.003500 0.014063
0 0.813000 0.538021 0.006000 0.009375
0 0.812750 0.542969 0.004000 0.008854
0 0.804000 0.560417 0.005000 0.005208
0 0.803500 0.556250 0.006500 0.005208
0 0.757875 0.546094 0.006250 0.010937
0 0.753500 0.558333 0.004000 0.013542
0 0.739000 0.546615 0.007000 0.007812
0 0.726625 0.554948 0.005250 0.004687
0 0.726875 0.559375 0.005750 0.005208
0 0.747625 0.619271 0.005750 0.010417
0 0.527875 0.710938 0.003250 0.009375
0 0.481875 0.737760 0.003250 0.008854
0 0.526250 0.856250 0.005500 0.006250
0 0.544125 0.827865 0.004750 0.011979
0 0.560125 0.857812 0.004750 0.008333
0 0.560750 0.854167 0.004500 0.007292
0 0.591125 0.845573 0.005250 0.009896
0 0.612125 0.855990 0.003750 0.010937
0 0.613625 0.853906 0.003750 0.008854
0 0.615250 0.878646 0.004000 0.007292
0 0.613875 0.876563 0.004750 0.006250
0 0.631625 0.882292 0.003250 0.011458
0 0.631750 0.890885 0.006000 0.007812
0 0.651875 0.887240 0.004250 0.006771
0 0.652375 0.883854 0.005750 0.007292
0 0.691750 0.936458 0.006000 0.005208
0 0.691250 0.931510 0.005500 0.004687
0 0.646000 0.897396 0.005500 0.005208
0 0.646000 0.893229 0.006000 0.004167
0 0.635625 0.924740 0.004250 0.005729
0 0.634375 0.920833 0.005250 0.007292
0 0.602875 0.897135 0.004750 0.006771
0 0.602125 0.894792 0.003750 0.005208
0 0.576500 0.881771 0.003000 0.007292
0 0.575250 0.879427 0.004500 0.008854
0 0.680250 0.152604 0.007000 0.010417
0 0.672750 0.155208 0.006000 0.010417
0 0.675250 0.161198 0.007000 0.006771
0 0.674500 0.167448 0.005000 0.005729
0 0.685875 0.141927 0.003750 0.013021
0 0.683875 0.140365 0.003250 0.010937
