0 0.201563 0.483625 0.012500 0.005750
0 0.203906 0.472375 0.011979 0.004750
0 0.218229 0.469000 0.012500 0.005500
0 0.257552 0.481625 0.013021 0.003750
0 0.215885 0.508000 0.010937 0.002500
0 0.214844 0.506000 0.014063 0.002500
0 0.369792 0.468250 0.014583 0.003000
0 0.364583 0.465000 0.007292 0.005000
0 0.401562 0.491750 0.009375 0.004500
0 0.400260 0.488500 0.011979 0.003000
0 0.463542 0.465375 0.009375 0.006250
0 0.446615 0.505375 0.015104 0.003250
0 0.446615 0.502125 0.011979 0.004750
0 0.451302 0.500500 0.013021 0.004000
0 0.492708 0.504000 0.012500 0.005000
0 0.486458 0.521375 0.013542 0.004250
0 0.504948 0.522000 0.015104 0.004000
0 0.545573 0.526500 0.011979 0.005500
0 0.571094 0.519500 0.014063 0.004500
0 0.545833 0.501750 0.009375 0.005000
0 0.544010 0.497000 0.010937 0.005500
0 0.529948 0.602375 0.016146 0.004750
0 0.438281 0.639875 0.013021 0.003750
0 0.422135 0.643750 0.010937 0.005500
0 0.302604 0.675750 0.007292 0.006000
0 0.327865 0.682125 0.006771 0.005750
0 0.324740 0.681125 0.006771 0.004250
0 0.286458 0.710250 0.009375 0.003500
0 0.284375 0.707875 0.011458 0.002750
0 0.326302 0.718750 0.014063 0.005500
0 0.322656 0.727500 0.011979 0.003000
0 0.324740 0.730625 0.010937 0.003750
0 0.148177 0.745000 0.011979 0.004000
0 0.164323 0.743250 0.008854 0.005500
0 0.161719 0.742000 0.008854 0.004500
0 0.635938 0.584625 0.006250 0.006250
0 0.414323 0.810750 0.011979 0.007000
0 0.490365 0.778625 0.004687 0.005750
0 0.486979 0.778750 0.004167 0.005500
0 0.708333 0.673500 0.010417 0.006000
0 0.691146 0.840125 0.009375 0.005750
0 0.800781 0.571875 0.010937 0.005250
0 0.826042 0.553375 0.007292 0.006250
0 0.825781 0.569500 0.006771 0.006000
0 0.829167 0.568875 0.007292 0.004750
0 0.881510 0.584125 0.007812 0.006750
0 0.903646 0.605750 0.009375 0.005500
0 0.940104 0.616125 0.007292 0.006250
0 0.945312 0.612875 0.009375 0.004250
0 0.956510 0.635125 0.015104 0.004250
0 0.764583 0.501375 0.009375 0.005750
