0 0.082552 0.764875 0.010937 0.005750
0 0.051562 0.783750 0.010417 0.003500
0 0.015104 0.872250 0.010417 0.007000
0 0.105208 0.894000 0.009375 0.006000
0 0.238542 0.822750 0.008333 0.006000
0 0.175781 0.791625 0.008854 0.006250
0 0.194271 0.792875 0.008333 0.004750
0 0.185156 0.796625 0.005729 0.004750
0 0.194792 0.804000 0.007292 0.004500
0 0.154948 0.759000 0.004687 0.006000
0 0.160156 0.760125 0.005729 0.005750
0 0.164844 0.749000 0.005729 0.003500
0 0.177865 0.767875 0.006771 0.005750
0 0.177344 0.735250 0.008854 0.006500
0 0.147917 0.694375 0.011458 0.005750
0 0.236458 0.688500 0.014583 0.004000
0 0.263542 0.695500 0.011458 0.004500
0 0.270052 0.701125 0.013021 0.004750
0 0.284115 0.716750 0.014063 0.004500
0 0.330990 0.703500 0.008854 0.005500
0 0.326823 0.702625 0.007812 0.005250
0 0.346615 0.713625 0.014063 0.003250
0 0.333854 0.723750 0.011458 0.005000
0 0.350000 0.717625 0.011458 0.004250
0 0.343229 0.719125 0.011458 0.005750
0 0.354427 0.728500 0.010937 0.006000
0 0.366667 0.732000 0.007292 0.007000
0 0.372135 0.729500 0.010937 0.003500
0 0.398438 0.710500 0.013542 0.004000
0 0.423177 0.717750 0.013021 0.003500
0 0.392188 0.720750 0.008333 0.005500
0 0.394792 0.719250 0.008333 0.004000
0 0.363542 0.750375 0.007292 0.005750
0 0.416667 0.746625 0.014583 0.004250
0 0.437500 0.746000 0.008333 0.004500
0 0.436458 0.742750 0.013542 0.003000
0 0.452344 0.729125 0.013021 0.002750
0 0.456771 0.725750 0.013542 0.003500
0 0.475260 0.725375 0.009896 0.006250
0 0.484115 0.740250 0.010937 0.006000
0 0.475260 0.746250 0.011979 0.004000
0 0.425000 0.756500 0.007292 0.005500
0 0.428906 0.754750 0.008854 0.005000
0 0.462760 0.759250 0.011979 0.004500
0 0.465885 0.765375 0.010937 0.004250
0 0.497656 0.768625 0.013021 0.004250
0 0.430990 0.777250 0.009896 0.004500
0 0.442969 0.761125 0.008854 0.005750
0 0.445573 0.760125 0.008854 0.004750
0 0.488021 0.752375 0.010417 0.005250
0 0.495573 0.751750 0.009896 0.005500
0 0.510156 0.753250 0.011979 0.003500
0 0.550521 0.763250 0.013542 0.004000
0 0.629427 0.757625 0.008854 0.005750
0 0.607812 0.772000 0.012500 0.004000
0 0.540885 0.794250 0.009896 0.007000
0 0.578125 0.796750 0.009375 0.007000
0 0.722656 0.815500 0.013021 0.006000
0 0.852865 0.764750 0.009896 0.005500
0 0.844271 0.765375 0.007292 0.006750
0 0.794010 0.749125 0.009896 0.004750
0 0.793750 0.745000 0.015625 0.003000
0 0.759635 0.766875 0.009896 0.003750
0 0.725000 0.760125 0.010417 0.004250
0 0.738021 0.760125 0.012500 0.005250
0 0.730469 0.745250 0.009896 0.005500
0 0.764844 0.736500 0.008854 0.007000
0 0.705990 0.740500 0.006771 0.006500
0 0.748437 0.725625 0.014583 0.004250
0 0.750000 0.722500 0.011458 0.004000
0 0.757552 0.722125 0.011979 0.004750
0 0.759115 0.717125 0.008854 0.006250
0 0.785677 0.716250 0.014063 0.003500
0 0.776823 0.712250 0.007812 0.006500
0 0.754167 0.710375 0.011458 0.003750
0 0.749219 0.715375 0.011979 0.004250
0 0.744271 0.718625 0.014583 0.003250
0 0.725000 0.716750 0.011458 0.005000
0 0.666667 0.709125 0.010417 0.006750
0 0.635417 0.715375 0.011458 0.006750
0 0.613542 0.719125 0.012500 0.004750
0 0.600781 0.718125 0.013021 0.005250
0 0.585677 0.710750 0.011979 0.006500
0 0.566146 0.709125 0.008333 0.006250
0 0.559375 0.710625 0.011458 0.005250
0 0.546875 0.708875 0.010417 0.005750
0 0.549479 0.700125 0.009375 0.007250
0 0.563021 0.693125 0.011458 0.006250
0 0.524740 0.700000 0.010937 0.005500
0 0.514844 0.694125 0.011979 0.005250
0 0.503125 0.692500 0.008333 0.007000
0 0.505990 0.713875 0.007812 0.004250
0 0.511719 0.710375 0.010937 0.004250
0 0.525000 0.711750 0.012500 0.003000
0 0.605469 0.727000 0.013021 0.003500
0 0.473698 0.689750 0.013021 0.003500
0 0.474479 0.683250 0.010417 0.006000
0 0.479167 0.679375 0.012500 0.004250
0 0.493750 0.673125 0.006250 0.007250
0 0.498437 0.673375 0.007292 0.005250
0 0.424740 0.678750 0.010937 0.006500
0 0.385937 0.679125 0.010417 0.005250
0 0.388021 0.675875 0.014583 0.002750
0 0.398177 0.668125 0.006771 0.006250
0 0.405208 0.667375 0.011458 0.006250
0 0.433854 0.658625 0.011458 0.006750
0 0.301302 0.665250 0.009896 0.005500
0 0.321094 0.667625 0.009896 0.004750
0 0.325781 0.665500 0.010937 0.006000
0 0.330469 0.664125 0.009896 0.004250
0 0.292969 0.674750 0.007812 0.003500
0 0.306250 0.676250 0.009375 0.003500
0 0.327604 0.630625 0.010417 0.003750
0 0.350000 0.628125 0.012500 0.002750
0 0.359896 0.628250 0.008333 0.003000
0 0.408333 0.623750 0.014583 0.004500
0 0.431510 0.622875 0.008854 0.005250
0 0.444792 0.623875 0.013542 0.004750
0 0.453906 0.619500 0.008854 0.003500
0 0.373437 0.616750 0.013542 0.006500
0 0.390104 0.615875 0.010417 0.005750
0 0.404167 0.611750 0.013542 0.004500
0 0.399479 0.601000 0.014583 0.006500
0 0.424479 0.606500 0.009375 0.006500
0 0.435156 0.609875 0.013021 0.003250
0 0.493490 0.574500 0.013021 0.004500
0 0.507292 0.598375 0.010417 0.005250
0 0.523698 0.590875 0.010937 0.007250
0 0.597396 0.597875 0.013542 0.005250
0 0.595313 0.582375 0.008333 0.007250
0 0.584115 0.578375 0.009896 0.005750
0 0.603906 0.587375 0.014063 0.002750
0 0.604427 0.589750 0.010937 0.003000
0 0.646875 0.555875 0.017708 0.006250
0 0.642708 0.542250 0.010417 0.007000
0 0.727083 0.607500 0.011458 0.004500
0 0.727604 0.604375 0.012500 0.003250
0 0.773177 0.591500 0.018229 0.004000
0 0.730729 0.587000 0.016667 0.003500
0 0.713802 0.588500 0.013021 0.003500
0 0.686979 0.590750 0.012500 0.004500
0 0.694792 0.589250 0.013542 0.005500
0 0.832552 0.596000 0.018229 0.005000
0 0.563802 0.625125 0.008854 0.003750
0 0.275260 0.581000 0.007812 0.005000
0 0.264844 0.581125 0.008854 0.005750
0 0.330469 0.563000 0.009896 0.006500
0 0.322396 0.554750 0.012500 0.005500
0 0.293490 0.554875 0.014063 0.003750
0 0.307031 0.544875 0.013021 0.004250
0 0.300000 0.538875 0.012500 0.003250
0 0.356250 0.542875 0.009375 0.005750
0 0.363802 0.538875 0.008854 0.004750
0 0.396354 0.522125 0.009375 0.005250
0 0.391667 0.504000 0.012500 0.006000
0 0.390365 0.499500 0.009896 0.004000
0 0.406250 0.494375 0.014583 0.003750
0 0.397917 0.486375 0.010417 0.006750
0 0.364063 0.482500 0.009375 0.007000
0 0.425260 0.483875 0.010937 0.003750
0 0.423698 0.481250 0.008854 0.004500
0 0.442708 0.474125 0.013542 0.004750
0 0.455990 0.478750 0.007812 0.006500
0 0.481250 0.479000 0.008333 0.005500
0 0.461719 0.474000 0.006771 0.005500
0 0.466667 0.473500 0.003125 0.006000
0 0.471094 0.473500 0.005729 0.006500
0 0.480208 0.491500 0.010417 0.006000
0 0.454167 0.506125 0.013542 0.005250
0 0.438021 0.505500 0.013542 0.006000
0 0.436458 0.500875 0.011458 0.004250
0 0.432812 0.496875 0.008333 0.004750
0 0.434115 0.493000 0.011979 0.005500
0 0.445833 0.492000 0.008333 0.006500
0 0.482552 0.464750 0.009896 0.007000
0 0.472917 0.456750 0.013542 0.004500
0 0.470833 0.418875 0.011458 0.005250
0 0.123958 0.599000 0.010417 0.004500
0 0.155208 0.607375 0.012500 0.003250
0 0.093229 0.502625 0.009375 0.007250
0 0.191406 0.497375 0.015104 0.005250
0 0.214844 0.520625 0.011979 0.004750
0 0.263021 0.454000 0.008333 0.007000
0 0.225260 0.449250 0.014063 0.003000
0 0.203125 0.447125 0.009375 0.008250
0 0.190885 0.435125 0.016146 0.004750
0 0.247396 0.433625 0.008333 0.006750
0 0.097917 0.480000 0.007292 0.006000
