0 0.088021 0.651125 0.016667 0.007250
0 0.148698 0.457500 0.009896 0.007500
0 0.160156 0.455625 0.018229 0.007250
0 0.160156 0.417750 0.019271 0.007000
0 0.161979 0.317875 0.015625 0.007250
0 0.482812 0.532625 0.014583 0.007250
0 0.517448 0.530500 0.018229 0.006000
0 0.532552 0.390875 0.009896 0.009750
0 0.517969 0.386875 0.017188 0.008750
0 0.458073 0.337500 0.015104 0.005000
0 0.460677 0.342625 0.019271 0.007750
0 0.508333 0.156750 0.014583 0.009000
0 0.750521 0.416875 0.021875 0.007250
0 0.794271 0.406375 0.014583 0.004750
0 0.779687 0.397875 0.013542 0.004250
0 0.780208 0.401250 0.013542 0.005000
0 0.570052 0.714875 0.016146 0.009250
