0 0.250000 0.732875 0.011458 0.005750
0 0.246094 0.729125 0.007812 0.005750
0 0.281771 0.721750 0.007292 0.006500
0 0.255729 0.701750 0.013542 0.005500
0 0.094792 0.696000 0.009375 0.005500
0 0.085938 0.698750 0.008333 0.006500
0 0.067708 0.721625 0.009375 0.007250
0 0.045833 0.711750 0.013542 0.007500
0 0.454948 0.654250 0.017188 0.005000
0 0.442969 0.648125 0.016146 0.005250
0 0.369792 0.645750 0.013542 0.006500
0 0.325000 0.635125 0.011458 0.005250
0 0.311979 0.636500 0.012500 0.006500
0 0.215625 0.624375 0.013542 0.006250
0 0.028646 0.523625 0.014583 0.006250
0 0.144792 0.553875 0.009375 0.006250
0 0.148958 0.552875 0.009375 0.004750
0 0.439583 0.574875 0.011458 0.006250
0 0.451562 0.572500 0.008333 0.006500
0 0.409635 0.505250 0.008854 0.008000
0 0.386458 0.504375 0.010417 0.007750
0 0.292969 0.494500 0.007812 0.005000
0 0.243490 0.461625 0.008854 0.006750
0 0.306510 0.462875 0.011979 0.008750
0 0.260156 0.435375 0.014063 0.007250
0 0.161198 0.445625 0.009896 0.006250
0 0.163281 0.440500 0.011979 0.006000
0 0.113802 0.369625 0.011979 0.006250
0 0.058073 0.334250 0.015104 0.005000
0 0.042969 0.330125 0.010937 0.005250
0 0.086979 0.308000 0.010417 0.009000
0 0.161979 0.285875 0.014583 0.007750
0 0.217448 0.307750 0.010937 0.006000
0 0.220833 0.306625 0.010417 0.006250
0 0.244531 0.366750 0.010937 0.008000
0 0.165104 0.368375 0.011458 0.006750
0 0.222656 0.390625 0.009896 0.006250
0 0.213542 0.390875 0.010417 0.006750
0 0.313021 0.391750 0.015625 0.004000
0 0.308333 0.396625 0.008333 0.007750
0 0.349740 0.417875 0.013021 0.006250
0 0.357031 0.416125 0.006771 0.006250
0 0.407292 0.450750 0.012500 0.006500
0 0.577604 0.544375 0.014583 0.004750
0 0.583073 0.521375 0.015104 0.003750
0 0.578646 0.495625 0.015625 0.004250
0 0.589323 0.474250 0.015104 0.005000
0 0.580729 0.423000 0.013542 0.008000
0 0.577865 0.413500 0.013021 0.005000
0 0.577083 0.406000 0.012500 0.006000
0 0.628906 0.373375 0.016146 0.005750
0 0.614062 0.351000 0.014583 0.006000
0 0.586198 0.357375 0.010937 0.005750
0 0.574219 0.359000 0.011979 0.004500
0 0.585417 0.353000 0.012500 0.004500
0 0.583333 0.351125 0.010417 0.004250
0 0.601302 0.332375 0.016146 0.004750
0 0.541927 0.322500 0.010937 0.005000
0 0.540365 0.320375 0.010937 0.004250
0 0.621354 0.327000 0.008333 0.006000
0 0.616146 0.327375 0.010417 0.006750
0 0.629167 0.283375 0.013542 0.006750
0 0.603125 0.268125 0.013542 0.006250
0 0.585156 0.271625 0.016146 0.004750
0 0.548438 0.252625 0.008333 0.009250
0 0.584115 0.229625 0.013021 0.004750
0 0.577865 0.227375 0.013021 0.005250
0 0.582031 0.216125 0.017188 0.006250
0 0.638021 0.124375 0.017708 0.005750
0 0.644010 0.136625 0.014063 0.005750
0 0.817708 0.194000 0.008333 0.008500
0 0.782552 0.200375 0.011979 0.009250
0 0.750260 0.195625 0.010937 0.008250
0 0.759896 0.220375 0.008333 0.006750
0 0.704427 0.235375 0.011979 0.008250
0 0.785417 0.244250 0.012500 0.008000
0 0.688021 0.279875 0.012500 0.005250
0 0.678646 0.278875 0.012500 0.004250
0 0.738542 0.269250 0.016667 0.009500
0 0.738542 0.268250 0.012500 0.008500
0 0.796875 0.284625 0.012500 0.004750
0 0.792969 0.280750 0.008854 0.005000
0 0.794010 0.295000 0.011979 0.003500
0 0.793490 0.297250 0.013021 0.003500
0 0.686198 0.312125 0.013021 0.007750
0 0.672396 0.322625 0.011458 0.008250
0 0.705469 0.332125 0.014063 0.007250
0 0.660156 0.351250 0.013021 0.008000
0 0.675521 0.380625 0.011458 0.007750
0 0.708854 0.374125 0.009375 0.008250
0 0.719792 0.382500 0.009375 0.008000
0 0.691406 0.389500 0.009896 0.007500
0 0.717969 0.390875 0.005729 0.006750
0 0.722656 0.390250 0.003646 0.007500
0 0.759635 0.409625 0.013021 0.005750
0 0.722917 0.415250 0.012500 0.004500
0 0.709896 0.416500 0.014583 0.004500
0 0.716406 0.425875 0.009896 0.007250
0 0.672396 0.452500 0.013542 0.008000
0 0.633073 0.506250 0.005729 0.007000
0 0.627604 0.506000 0.005208 0.007500
0 0.616146 0.508000 0.008333 0.008000
0 0.643490 0.640750 0.010937 0.006500
0 0.818229 0.492125 0.014583 0.006250
0 0.855469 0.464250 0.014063 0.005500
0 0.804167 0.383000 0.011458 0.007000
0 0.922396 0.414750 0.009375 0.006000
0 0.917969 0.414500 0.010937 0.005500
0 0.912760 0.413875 0.009896 0.004750
0 0.910677 0.354125 0.013021 0.004750
0 0.961719 0.362875 0.017188 0.005250
0 0.964062 0.295250 0.013542 0.004000
0 0.976562 0.294500 0.012500 0.005000
0 0.947656 0.456375 0.011979 0.006750
0 0.807031 0.637000 0.015104 0.004500
0 0.897135 0.612250 0.014063 0.007000
0 0.993229 0.599500 0.011458 0.007000
0 0.947135 0.629125 0.009896 0.007250
0 0.916927 0.634625 0.013021 0.005750
0 0.896875 0.630250 0.008333 0.005000
0 0.887240 0.631625 0.010937 0.005250
0 0.717448 0.663250 0.008854 0.004000
0 0.713802 0.662000 0.009896 0.005500
0 0.658854 0.674875 0.014583 0.004250
0 0.666146 0.692500 0.015625 0.005000
0 0.953385 0.735875 0.007812 0.006750
0 0.956250 0.735500 0.008333 0.005000
0 0.662760 0.707375 0.016146 0.005750
