0 0.265104 0.592750 0.007292 0.004500
0 0.310156 0.587500 0.004687 0.003500
0 0.307031 0.587000 0.005729 0.004500
0 0.340365 0.593125 0.008854 0.004250
0 0.363281 0.593125 0.009896 0.003250
0 0.344531 0.605875 0.010937 0.003750
0 0.350260 0.604625 0.006771 0.004250
0 0.346615 0.601000 0.009896 0.004000
0 0.491927 0.633375 0.009896 0.003250
0 0.357552 0.627875 0.013021 0.004250
0 0.091667 0.551750 0.008333 0.005500
0 0.595573 0.616375 0.009896 0.006250
0 0.557552 0.594125 0.010937 0.004750
0 0.518229 0.572000 0.009375 0.003500
0 0.519271 0.570375 0.008333 0.003250
0 0.523698 0.570000 0.009896 0.004500
0 0.542188 0.546250 0.010417 0.004500
0 0.475000 0.509250 0.006250 0.005000
0 0.436458 0.514250 0.009375 0.005500
0 0.487760 0.524000 0.006771 0.004000
0 0.485677 0.522875 0.005729 0.003250
0 0.446354 0.492125 0.007292 0.005750
0 0.398438 0.481750 0.005208 0.005000
0 0.396354 0.480625 0.007292 0.004250
0 0.404427 0.458125 0.007812 0.005750
0 0.437240 0.445500 0.010937 0.003500
0 0.490104 0.456125 0.009375 0.003750
0 0.409896 0.417625 0.012500 0.004250
0 0.367969 0.422625 0.006771 0.005250
0 0.370052 0.416375 0.010937 0.003250
0 0.362760 0.414500 0.006771 0.006000
0 0.326042 0.366250 0.008333 0.005500
0 0.317448 0.358375 0.009896 0.005250
0 0.312240 0.381625 0.004687 0.004750
0 0.307292 0.381625 0.005208 0.006250
0 0.232292 0.370250 0.012500 0.005500
0 0.275260 0.430375 0.009896 0.005250
0 0.270833 0.429000 0.009375 0.003500
0 0.653385 0.597875 0.006771 0.004750
0 0.642448 0.540625 0.008854 0.003250
0 0.644531 0.539250 0.006771 0.002500
0 0.654167 0.528000 0.007292 0.004000
0 0.651302 0.529250 0.005729 0.004000
0 0.646875 0.527375 0.006250 0.005250
0 0.647656 0.523125 0.007812 0.002750
0 0.652083 0.515250 0.010417 0.003500
0 0.566146 0.519125 0.010417 0.006250
0 0.586979 0.505500 0.009375 0.005500
0 0.661719 0.503000 0.007812 0.003500
0 0.658073 0.491375 0.007812 0.004750
0 0.634896 0.463125 0.009375 0.002750
0 0.628646 0.461625 0.004167 0.005750
0 0.652344 0.461500 0.008854 0.003500
0 0.659375 0.448375 0.007292 0.005250
0 0.651042 0.427625 0.009375 0.004750
0 0.657813 0.394500 0.009375 0.004000
0 0.635156 0.383125 0.008854 0.006750
0 0.571354 0.371000 0.011458 0.005500
0 0.677604 0.379000 0.009375 0.003000
0 0.679167 0.377500 0.006250 0.002500
0 0.640885 0.342500 0.005729 0.004000
0 0.644792 0.339625 0.010417 0.002750
0 0.643490 0.342625 0.002604 0.005250
0 0.647135 0.343125 0.004687 0.005250
0 0.632292 0.324000 0.011458 0.005500
0 0.688281 0.321750 0.010937 0.007000
0 0.697135 0.313375 0.009896 0.006250
0 0.664844 0.641250 0.006771 0.004500
0 0.720833 0.580625 0.011458 0.006750
0 0.777865 0.541750 0.005729 0.004500
0 0.781510 0.538875 0.006771 0.003750
0 0.737240 0.532875 0.010937 0.002250
0 0.736719 0.531000 0.009896 0.002000
0 0.754948 0.515625 0.009896 0.004250
0 0.815625 0.511875 0.008333 0.004250
0 0.805990 0.512250 0.005729 0.004500
0 0.853646 0.491750 0.008333 0.004000
0 0.803385 0.472250 0.010937 0.004000
0 0.798177 0.467375 0.009896 0.004250
0 0.740885 0.461375 0.011979 0.003250
0 0.726562 0.461375 0.009375 0.004750
0 0.864583 0.472625 0.008333 0.006250
0 0.894271 0.468750 0.010417 0.005500
0 0.910417 0.435875 0.008333 0.006250
0 0.947135 0.423250 0.004687 0.004000
0 0.949479 0.425250 0.007292 0.005000
0 0.963542 0.408375 0.009375 0.005250
0 0.940365 0.410375 0.008854 0.005250
0 0.920312 0.416375 0.005208 0.004250
0 0.917187 0.416125 0.005208 0.005250
0 0.909896 0.394000 0.010417 0.005000
0 0.958854 0.388375 0.005208 0.003750
0 0.955729 0.388000 0.008333 0.005000
0 0.707552 0.650625 0.011979 0.005750
0 0.776823 0.633000 0.009896 0.005000
0 0.790885 0.633500 0.006771 0.005000
0 0.815625 0.631375 0.009375 0.004250
0 0.803906 0.631875 0.010937 0.003250
0 0.800000 0.628625 0.010417 0.003250
0 0.828385 0.634500 0.009896 0.004000
0 0.823958 0.640750 0.009375 0.004500
0 0.846094 0.638625 0.009896 0.005250
0 0.858333 0.629625 0.006250 0.003750
0 0.932552 0.626375 0.010937 0.004750
0 0.935156 0.619750 0.009896 0.003000
0 0.957812 0.624250 0.011458 0.004500
0 0.921615 0.614375 0.003646 0.003750
0 0.926562 0.614000 0.009375 0.004000
0 0.948698 0.636875 0.008854 0.004750
0 0.973958 0.632625 0.010417 0.004250
0 0.953646 0.647625 0.007292 0.004250
0 0.990365 0.653000 0.007812 0.006000
0 0.989583 0.665250 0.011458 0.003500
0 0.912500 0.682875 0.008333 0.003750
0 0.826302 0.660875 0.010937 0.003250
0 0.787760 0.666875 0.008854 0.002250
0 0.787500 0.664750 0.011458 0.002000
0 0.788542 0.663000 0.009375 0.002000
