0 0.598750 0.734115 0.003500 0.013021
0 0.602500 0.736458 0.004000 0.017708
0 0.609125 0.736458 0.006250 0.008333
0 0.681125 0.739583 0.007250 0.014583
0 0.780625 0.759375 0.004250 0.010417
0 0.798500 0.723698 0.006500 0.013021
0 0.406250 0.440365 0.008000 0.013021
0 0.398375 0.345833 0.007750 0.015625
0 0.384375 0.292187 0.007250 0.012500
0 0.421125 0.303125 0.005750 0.012500
0 0.453500 0.173177 0.004000 0.018229
0 0.425000 0.274740 0.006000 0.010937
0 0.441750 0.262240 0.004500 0.016146
0 0.447750 0.260677 0.005500 0.015104
0 0.403375 0.221354 0.006250 0.010417
0 0.357375 0.054427 0.003750 0.018229
0 0.311000 0.045312 0.009000 0.012500
0 0.252000 0.450260 0.007500 0.010937
0 0.333375 0.770312 0.006250 0.011458
0 0.318375 0.829948 0.005250 0.014063
0 0.322500 0.557292 0.005000 0.009375
0 0.428500 0.477604 0.006000 0.012500
0 0.591500 0.290365 0.004500 0.007812
0 0.564125 0.172396 0.003750 0.012500
0 0.550625 0.120833 0.004250 0.007292
0 0.655250 0.079948 0.006000 0.007812
0 0.160375 0.148958 0.010750 0.020833
0 0.158125 0.509635 0.007750 0.008854
