0 0.064750 0.760417 0.005500 0.013542
0 0.247750 0.684375 0.007500 0.011458
0 0.284625 0.762500 0.004750 0.014583
0 0.291500 0.750000 0.007000 0.012500
0 0.288250 0.740625 0.006500 0.009375
0 0.306375 0.702604 0.006750 0.012500
0 0.400250 0.745573 0.005000 0.006771
0 0.401375 0.743750 0.006250 0.008333
0 0.433625 0.600521 0.006250 0.009375
0 0.430875 0.591927 0.004750 0.007812
0 0.430625 0.573698 0.004750 0.007812
0 0.399125 0.600781 0.005250 0.006771
0 0.405375 0.589063 0.004250 0.012500
0 0.412000 0.584896 0.006500 0.011458
0 0.404750 0.580990 0.005500 0.003646
0 0.404500 0.575521 0.005500 0.007292
0 0.415625 0.569792 0.004250 0.007292
0 0.414250 0.565885 0.004000 0.006771
0 0.347625 0.513542 0.004750 0.013542
0 0.354250 0.512240 0.005000 0.009896
0 0.371875 0.509896 0.005250 0.012500
0 0.380875 0.519010 0.004250 0.008854
0 0.380250 0.514583 0.003500 0.006250
0 0.388250 0.513802 0.005500 0.007812
0 0.394625 0.511979 0.003250 0.004167
0 0.393125 0.509896 0.005250 0.006250
0 0.361625 0.481510 0.003750 0.011979
0 0.348750 0.465365 0.005000 0.008854
0 0.354000 0.465104 0.006000 0.009375
0 0.345875 0.446094 0.006250 0.008854
0 0.341000 0.441146 0.005000 0.006250
0 0.333375 0.438802 0.003750 0.008854
0 0.332875 0.432292 0.006750 0.006250
0 0.322250 0.443229 0.004500 0.010417
0 0.323375 0.439844 0.005750 0.009896
0 0.324500 0.410938 0.006000 0.009375
0 0.338625 0.388542 0.004250 0.008333
0 0.317000 0.397917 0.006500 0.013542
0 0.316375 0.419010 0.003750 0.011979
0 0.313500 0.416146 0.002500 0.012500
0 0.311250 0.416146 0.002500 0.012500
0 0.302875 0.401042 0.004750 0.015625
0 0.293500 0.390885 0.005500 0.016146
0 0.266625 0.348177 0.007250 0.010937
0 0.264250 0.333854 0.006500 0.008333
0 0.290750 0.328125 0.005000 0.014583
0 0.256375 0.298698 0.004250 0.010937
0 0.259000 0.296094 0.004000 0.015104
0 0.196250 0.107031 0.005000 0.013021
0 0.501375 0.601823 0.002750 0.009896
0 0.499750 0.601042 0.003000 0.009375
0 0.485625 0.473438 0.002750 0.011458
0 0.485000 0.450260 0.004500 0.009896
0 0.480500 0.445052 0.002000 0.010937
0 0.478625 0.445312 0.001750 0.012500
0 0.477000 0.445312 0.002000 0.011458
0 0.491500 0.460677 0.002000 0.011979
0 0.491875 0.471875 0.002250 0.011458
0 0.490375 0.396875 0.003750 0.006250
0 0.490125 0.386719 0.002750 0.011979
0 0.492375 0.384115 0.003750 0.008854
0 0.488625 0.371875 0.003250 0.009375
0 0.461125 0.346094 0.003750 0.011979
0 0.479625 0.304688 0.007250 0.009375
0 0.457625 0.285417 0.005750 0.009375
0 0.472000 0.246354 0.004000 0.013542
0 0.467750 0.248177 0.003500 0.014063
0 0.473125 0.219792 0.003750 0.014583
0 0.467625 0.214062 0.003750 0.011458
0 0.466125 0.212500 0.003250 0.009375
0 0.460250 0.202865 0.006500 0.007812
0 0.492000 0.172135 0.004500 0.013021
0 0.491000 0.158073 0.005000 0.007812
0 0.483625 0.157812 0.003750 0.012500
0 0.489125 0.146094 0.003750 0.013021
0 0.457000 0.103646 0.005000 0.011458
0 0.484125 0.097135 0.003750 0.013021
0 0.490750 0.109115 0.004500 0.013021
0 0.547125 0.619271 0.004750 0.009375
0 0.550750 0.583594 0.002000 0.010937
0 0.554000 0.584896 0.004000 0.008333
0 0.559750 0.556510 0.006000 0.006771
0 0.560625 0.548177 0.003250 0.010937
0 0.567750 0.511979 0.006500 0.008333
0 0.585500 0.471354 0.002000 0.009375
0 0.587500 0.467969 0.002500 0.009896
0 0.599000 0.419010 0.004000 0.009896
0 0.601500 0.419792 0.004000 0.008333
0 0.601250 0.382031 0.005000 0.008854
0 0.593000 0.389323 0.004000 0.011979
0 0.591625 0.387500 0.003250 0.009375
0 0.574000 0.318229 0.002500 0.007292
0 0.576500 0.319792 0.003000 0.008333
0 0.611750 0.322656 0.005500 0.011979
0 0.601625 0.291146 0.005750 0.012500
0 0.626125 0.318750 0.003250 0.013542
0 0.631125 0.284115 0.003750 0.014063
0 0.641125 0.275260 0.004250 0.016146
0 0.614500 0.265365 0.005500 0.010937
0 0.652250 0.258333 0.003500 0.009375
0 0.645875 0.095312 0.005750 0.012500
0 0.593875 0.642448 0.001750 0.008854
0 0.592125 0.643229 0.002750 0.010417
0 0.610750 0.548698 0.004000 0.007812
0 0.647000 0.539844 0.006000 0.008854
0 0.656750 0.514062 0.003000 0.012500
0 0.664375 0.516146 0.004750 0.007292
0 0.664250 0.511719 0.005500 0.007812
0 0.675500 0.455469 0.006000 0.005729
0 0.675125 0.451562 0.004750 0.006250
0 0.679625 0.451042 0.005250 0.009375
0 0.589250 0.727083 0.004500 0.013542
0 0.597000 0.727865 0.005000 0.008854
0 0.601500 0.684635 0.004000 0.009896
0 0.604625 0.703125 0.003250 0.009375
0 0.636125 0.672135 0.003250 0.011979
0 0.225625 0.039323 0.007750 0.015104
0 0.344750 0.248958 0.007000 0.014583
