0 0.351375 0.603906 0.005750 0.007812
0 0.352625 0.598437 0.004750 0.007292
0 0.472500 0.599479 0.006500 0.013542
0 0.460625 0.598698 0.006250 0.015104
0 0.451250 0.459375 0.004000 0.012500
0 0.453250 0.455990 0.004000 0.010937
0 0.424250 0.443490 0.006000 0.015104
0 0.429250 0.440885 0.005000 0.014063
0 0.429375 0.372656 0.004750 0.017188
0 0.422000 0.384115 0.007500 0.008854
0 0.423000 0.378906 0.006500 0.007812
0 0.447375 0.290885 0.004750 0.011979
0 0.531750 0.439062 0.003000 0.016667
0 0.535125 0.437500 0.003250 0.012500
0 0.531125 0.402083 0.005750 0.013542
0 0.545625 0.439583 0.004750 0.010417
0 0.547875 0.442969 0.003250 0.015104
0 0.552500 0.414062 0.006000 0.010417
0 0.554750 0.405208 0.003500 0.011458
0 0.556875 0.404427 0.004750 0.011979
0 0.560500 0.349740 0.003500 0.014063
0 0.557500 0.349740 0.004000 0.018229
0 0.534750 0.286719 0.005000 0.016146
0 0.537000 0.294271 0.002000 0.013542
0 0.539750 0.294271 0.004000 0.014583
