0 0.715885 0.678375 0.010937 0.008750
0 0.727604 0.711500 0.013542 0.008500
0 0.747135 0.704625 0.011979 0.007750
0 0.597135 0.658125 0.016146 0.006250
0 0.591146 0.634125 0.015625 0.005750
0 0.514323 0.657500 0.018229 0.006500
0 0.274479 0.770250 0.017708 0.008000
0 0.305990 0.772500 0.013021 0.006000
0 0.316927 0.772750 0.010937 0.007000
0 0.304167 0.762500 0.017708 0.006000
0 0.287500 0.759375 0.015625 0.007250
0 0.300781 0.755250 0.017188 0.004500
0 0.255469 0.737250 0.016146 0.008500
0 0.271875 0.717000 0.019792 0.009500
0 0.343750 0.716375 0.017708 0.005750
0 0.386458 0.710125 0.014583 0.006250
0 0.381250 0.706750 0.014583 0.003500
0 0.380990 0.704250 0.015104 0.003000
0 0.472135 0.705875 0.018229 0.006750
0 0.569792 0.703625 0.019792 0.008750
0 0.408854 0.680375 0.014583 0.008750
0 0.428646 0.685125 0.011458 0.005750
0 0.434115 0.681250 0.015104 0.004500
0 0.430729 0.670750 0.010417 0.006500
0 0.455469 0.668750 0.011979 0.006000
0 0.539323 0.648250 0.013021 0.005500
0 0.555990 0.646375 0.013021 0.006250
0 0.548958 0.644250 0.012500 0.005000
0 0.607292 0.627875 0.021875 0.006250
0 0.651563 0.639625 0.012500 0.005750
0 0.679688 0.575500 0.015625 0.008500
0 0.641406 0.582625 0.015104 0.004250
0 0.650000 0.580250 0.016667 0.004500
0 0.685937 0.565375 0.017708 0.005750
0 0.562240 0.604250 0.015104 0.006500
0 0.603125 0.581125 0.013542 0.005750
0 0.600521 0.587750 0.011458 0.006000
0 0.591667 0.585125 0.013542 0.005250
0 0.587760 0.589500 0.014063 0.005500
0 0.578385 0.585125 0.013021 0.005750
0 0.575260 0.591125 0.013021 0.005750
0 0.563542 0.590875 0.011458 0.005250
0 0.554427 0.593125 0.011979 0.005750
0 0.541146 0.596250 0.014583 0.006000
0 0.538542 0.592375 0.014583 0.006250
0 0.536979 0.607500 0.014583 0.007500
0 0.520312 0.608000 0.010417 0.005000
0 0.520052 0.612500 0.011979 0.004500
0 0.482812 0.612500 0.018750 0.005500
0 0.499740 0.609375 0.013021 0.005250
0 0.508333 0.612000 0.011458 0.003500
0 0.509375 0.610125 0.011458 0.003250
0 0.509375 0.607000 0.011458 0.003500
0 0.487760 0.597000 0.008854 0.006500
0 0.438802 0.606750 0.019271 0.006500
0 0.404167 0.610250 0.016667 0.004500
0 0.400521 0.587500 0.018750 0.004500
0 0.381510 0.575500 0.009896 0.006000
0 0.388021 0.603250 0.015625 0.007500
0 0.351302 0.631125 0.015104 0.009750
0 0.371354 0.627250 0.017708 0.007500
0 0.341406 0.609125 0.015104 0.005750
0 0.337760 0.586375 0.014063 0.004750
0 0.316927 0.592375 0.007812 0.006750
0 0.325000 0.595500 0.007292 0.006000
0 0.333333 0.597250 0.011458 0.005000
0 0.299219 0.609250 0.016146 0.006500
0 0.273438 0.615125 0.014583 0.005250
0 0.196094 0.604250 0.015104 0.005500
0 0.214844 0.609500 0.013021 0.006000
0 0.164323 0.614625 0.014063 0.007250
0 0.107031 0.617125 0.014063 0.003250
0 0.107292 0.614750 0.014583 0.003000
0 0.211719 0.674625 0.018229 0.005750
0 0.162760 0.673750 0.016146 0.004500
0 0.152344 0.687375 0.013021 0.006250
0 0.228646 0.665375 0.017708 0.006750
0 0.020313 0.667500 0.016667 0.006500
0 0.436979 0.620250 0.014583 0.004500
0 0.439062 0.615875 0.016667 0.003250
0 0.444531 0.619125 0.013021 0.004250
0 0.635938 0.544000 0.009375 0.007500
0 0.622656 0.545750 0.011979 0.008000
0 0.618750 0.540875 0.012500 0.006250
0 0.565625 0.545875 0.014583 0.005750
0 0.578646 0.537875 0.014583 0.005750
0 0.541406 0.532375 0.014063 0.006250
0 0.538802 0.526625 0.006771 0.007750
0 0.529948 0.528375 0.011979 0.005250
0 0.528385 0.524500 0.015104 0.004000
0 0.474740 0.523250 0.017188 0.006000
0 0.474479 0.516750 0.012500 0.007000
0 0.423437 0.514500 0.018750 0.006000
0 0.452344 0.508500 0.016146 0.005500
0 0.442969 0.504125 0.018229 0.004750
0 0.461458 0.504875 0.017708 0.005250
0 0.359896 0.512250 0.021875 0.009000
0 0.241927 0.530000 0.015104 0.006500
0 0.254167 0.490125 0.013542 0.004750
0 0.243750 0.487625 0.013542 0.004250
0 0.235417 0.478125 0.020833 0.006250
0 0.314844 0.480125 0.006771 0.006750
0 0.320833 0.476750 0.016667 0.005000
0 0.238021 0.463500 0.011458 0.007000
0 0.145573 0.456375 0.015104 0.009750
0 0.103906 0.471625 0.016146 0.006750
0 0.101302 0.467125 0.014063 0.003750
0 0.065885 0.491625 0.018229 0.005250
0 0.139063 0.490625 0.014583 0.006250
0 0.162240 0.505125 0.017188 0.006750
0 0.680990 0.535625 0.013021 0.006250
0 0.621354 0.527000 0.014583 0.006000
0 0.606510 0.521625 0.015104 0.004250
0 0.653646 0.521375 0.009375 0.007250
0 0.624479 0.510875 0.015625 0.004750
0 0.628646 0.506750 0.014583 0.006000
0 0.604167 0.505625 0.007292 0.006750
0 0.590365 0.506250 0.020313 0.008000
0 0.625260 0.487125 0.017188 0.005250
0 0.609375 0.498250 0.014583 0.007000
0 0.584115 0.488250 0.016146 0.005500
0 0.528646 0.496625 0.017708 0.005250
0 0.506510 0.496375 0.017188 0.004250
0 0.456510 0.493500 0.016146 0.004500
0 0.463281 0.488125 0.014063 0.006750
0 0.475521 0.482250 0.012500 0.008000
0 0.498698 0.486375 0.013021 0.007750
0 0.440625 0.489125 0.016667 0.005750
0 0.442969 0.486000 0.017188 0.006000
0 0.533594 0.486875 0.008854 0.005750
0 0.542708 0.483125 0.010417 0.008750
0 0.557031 0.490375 0.005729 0.008250
0 0.563281 0.489875 0.007812 0.008750
0 0.529687 0.475375 0.014583 0.007250
0 0.494531 0.468875 0.009896 0.007250
0 0.512500 0.463375 0.014583 0.008750
0 0.535417 0.460375 0.014583 0.006750
0 0.447396 0.466625 0.019792 0.005750
0 0.406510 0.468125 0.011979 0.008250
0 0.423698 0.456250 0.016146 0.007000
0 0.398698 0.456000 0.016146 0.006000
0 0.465365 0.457250 0.016146 0.004500
0 0.471615 0.454250 0.015104 0.005500
0 0.480990 0.465875 0.010937 0.008750
0 0.590365 0.472250 0.018229 0.004500
0 0.551302 0.445875 0.015104 0.004750
0 0.488802 0.460000 0.014063 0.008000
0 0.351823 0.474625 0.014063 0.005750
0 0.331510 0.444000 0.009896 0.008500
0 0.350260 0.445750 0.010937 0.008000
0 0.354948 0.435375 0.019271 0.009250
0 0.388021 0.437750 0.013542 0.009500
0 0.408594 0.432625 0.011979 0.005750
0 0.417187 0.438000 0.012500 0.008000
0 0.428646 0.438500 0.016667 0.005000
0 0.444010 0.435625 0.016146 0.003250
0 0.447135 0.441000 0.008854 0.007500
0 0.455990 0.444375 0.010937 0.005250
0 0.457292 0.440500 0.012500 0.004000
0 0.458594 0.438625 0.017188 0.004750
0 0.442448 0.428750 0.011979 0.007000
0 0.433333 0.431625 0.015625 0.003750
0 0.250781 0.420750 0.014063 0.007000
0 0.257292 0.419000 0.009375 0.008000
0 0.300000 0.402250 0.019792 0.005500
0 0.405729 0.409500 0.012500 0.009000
0 0.303125 0.416750 0.017708 0.004000
0 0.301042 0.413625 0.014583 0.003750
0 0.427865 0.402250 0.009896 0.007500
0 0.241146 0.361500 0.018750 0.006000
0 0.241406 0.356750 0.018229 0.005000
0 0.801302 0.462000 0.019271 0.008500
0 0.777083 0.447625 0.014583 0.010250
0 0.767188 0.430750 0.016667 0.008000
0 0.790365 0.422000 0.013021 0.007500
0 0.766406 0.403875 0.010937 0.008750
0 0.776042 0.396625 0.009375 0.005750
0 0.775260 0.392750 0.009896 0.005500
0 0.752865 0.381625 0.018229 0.007250
0 0.773177 0.378875 0.010937 0.007750
0 0.810937 0.401250 0.010417 0.007500
0 0.773958 0.364875 0.011458 0.007250
0 0.710156 0.358750 0.017188 0.005000
0 0.711458 0.353000 0.017708 0.006000
0 0.751042 0.327500 0.017708 0.009000
0 0.669010 0.311875 0.016146 0.006250
