0 0.081771 0.481750 0.009375 0.008500
0 0.290625 0.528000 0.012500 0.007000
0 0.188281 0.424000 0.016146 0.006500
0 0.275260 0.410750 0.021354 0.006500
0 0.147917 0.301875 0.012500 0.007250
0 0.196875 0.294625 0.014583 0.007250
0 0.174740 0.331250 0.010937 0.007500
0 0.183333 0.332250 0.010417 0.008000
0 0.273958 0.334250 0.011458 0.005000
0 0.269010 0.329875 0.013021 0.004250
0 0.444010 0.330000 0.015104 0.008500
0 0.407552 0.310750 0.016146 0.007500
0 0.407812 0.304875 0.013542 0.007750
0 0.405990 0.299250 0.009896 0.007500
0 0.398438 0.298875 0.011458 0.008750
0 0.517448 0.319375 0.015104 0.007750
0 0.445052 0.240500 0.016146 0.007000
0 0.477083 0.244125 0.015625 0.006250
0 0.451042 0.225000 0.017708 0.006500
0 0.392969 0.229875 0.015104 0.008750
0 0.395313 0.177375 0.017708 0.008250
0 0.419010 0.172250 0.016146 0.009000
0 0.278125 0.206375 0.013542 0.009250
0 0.514844 0.268500 0.011979 0.006000
0 0.516667 0.242250 0.010417 0.007500
0 0.602604 0.171000 0.018750 0.008000
0 0.623177 0.357125 0.013021 0.007750
0 0.795312 0.250875 0.011458 0.007250
0 0.805729 0.305750 0.011458 0.009000
0 0.780990 0.328375 0.015104 0.006250
0 0.766667 0.339625 0.012500 0.006750
0 0.636719 0.484750 0.018229 0.010500
0 0.941667 0.407500 0.009375 0.006000
0 0.948958 0.367875 0.017708 0.009250
0 0.927344 0.735125 0.015104 0.005750
