0 0.180000 0.904687 0.007500 0.020833
0 0.227000 0.881250 0.008000 0.021875
0 0.233000 0.872917 0.004500 0.019792
0 0.238000 0.870052 0.010500 0.018229
0 0.278250 0.877604 0.011000 0.018750
0 0.280625 0.834115 0.008750 0.019271
0 0.259125 0.799479 0.009250 0.016667
0 0.234500 0.849479 0.009500 0.008333
0 0.234000 0.829688 0.010500 0.015625
0 0.232500 0.833594 0.012500 0.014063
0 0.265375 0.628385 0.008750 0.021354
0 0.276375 0.604427 0.007750 0.015104
0 0.289500 0.607552 0.007000 0.019271
0 0.289375 0.572135 0.009750 0.015104
0 0.264500 0.570312 0.007500 0.015625
0 0.271625 0.561719 0.006750 0.021354
0 0.277875 0.573177 0.006250 0.013021
0 0.267750 0.582292 0.006500 0.014583
0 0.272125 0.579948 0.004250 0.020313
0 0.242125 0.606771 0.008250 0.015625
0 0.227500 0.589063 0.008500 0.016667
0 0.237500 0.583073 0.008000 0.016146
0 0.249625 0.554688 0.007250 0.015625
0 0.242375 0.535677 0.007750 0.019271
0 0.250375 0.537760 0.007750 0.020313
0 0.247000 0.529948 0.009000 0.014063
0 0.175625 0.592187 0.004750 0.017708
0 0.198875 0.544010 0.011750 0.022396
0 0.226375 0.508333 0.006750 0.021875
0 0.168625 0.529427 0.005750 0.018229
0 0.135750 0.450260 0.008000 0.021354
0 0.148000 0.450000 0.009500 0.017708
0 0.159125 0.482292 0.008750 0.021875
0 0.165625 0.477083 0.005250 0.019792
0 0.174125 0.466406 0.005250 0.013021
0 0.178250 0.471615 0.007000 0.015104
0 0.188125 0.469792 0.006250 0.018750
0 0.146625 0.399219 0.008250 0.017188
0 0.156000 0.423177 0.007000 0.015104
0 0.183125 0.373177 0.008750 0.014063
0 0.185125 0.361979 0.008750 0.017708
0 0.204500 0.363021 0.005000 0.013542
0 0.214125 0.372656 0.005750 0.015104
0 0.219500 0.372396 0.007500 0.012500
0 0.225375 0.386198 0.007750 0.014063
0 0.205500 0.400781 0.008500 0.018229
0 0.207875 0.418490 0.009250 0.017188
0 0.215625 0.441927 0.008750 0.017188
0 0.218625 0.439583 0.008250 0.016667
0 0.228500 0.459375 0.010500 0.018750
0 0.248375 0.477865 0.008250 0.015104
0 0.234250 0.443750 0.005500 0.015625
0 0.233500 0.434375 0.008000 0.013542
0 0.233375 0.426563 0.008250 0.015625
0 0.226750 0.419792 0.006500 0.012500
0 0.241750 0.422135 0.006000 0.014063
0 0.249125 0.424479 0.006750 0.016667
0 0.254375 0.428125 0.006750 0.016667
0 0.259125 0.422135 0.006750 0.014063
0 0.265250 0.400521 0.006500 0.016667
0 0.255000 0.388021 0.009500 0.014583
0 0.270125 0.421094 0.006750 0.016146
0 0.276625 0.429167 0.008250 0.011458
0 0.266625 0.436719 0.009250 0.014063
0 0.257375 0.446354 0.007250 0.013542
0 0.265125 0.468750 0.008250 0.015625
0 0.265500 0.455990 0.010500 0.016146
0 0.265625 0.451823 0.007750 0.016146
0 0.269250 0.448698 0.008000 0.019271
0 0.285250 0.452344 0.010000 0.019271
0 0.274250 0.458333 0.006500 0.014583
0 0.279625 0.456510 0.006750 0.014063
0 0.281125 0.464844 0.009250 0.019271
0 0.276375 0.467969 0.008750 0.015104
0 0.274000 0.478385 0.011000 0.019271
0 0.266625 0.487500 0.008250 0.015625
0 0.272750 0.494531 0.008000 0.017188
0 0.275750 0.525521 0.008000 0.018750
0 0.282000 0.528125 0.008500 0.020833
0 0.290750 0.538802 0.007500 0.020313
0 0.233625 0.250781 0.010250 0.019271
0 0.225500 0.131771 0.005000 0.013542
0 0.235250 0.146094 0.005500 0.014063
0 0.248000 0.151302 0.009000 0.024479
0 0.260000 0.151823 0.008500 0.014063
0 0.251125 0.236979 0.005250 0.017708
0 0.253625 0.226042 0.005750 0.017708
0 0.264125 0.212240 0.008250 0.017188
0 0.267750 0.228125 0.006000 0.017708
0 0.261000 0.243229 0.008000 0.016667
0 0.255000 0.274479 0.006000 0.023958
0 0.266125 0.287240 0.009250 0.015104
0 0.259500 0.309635 0.008500 0.009896
0 0.249000 0.310156 0.009000 0.019271
0 0.281750 0.333854 0.007000 0.017708
0 0.289125 0.319271 0.005250 0.015625
0 0.281500 0.264323 0.007500 0.016146
0 0.284125 0.278385 0.005250 0.017188
0 0.285625 0.264323 0.005750 0.020313
0 0.289750 0.271094 0.006000 0.017188
0 0.295000 0.282292 0.006000 0.022917
0 0.306125 0.205990 0.007250 0.018229
0 0.322625 0.202604 0.008250 0.015625
0 0.319000 0.236198 0.007500 0.014063
0 0.296000 0.262760 0.006500 0.014063
0 0.302750 0.258594 0.006000 0.014063
0 0.303125 0.272656 0.008750 0.017188
0 0.327375 0.229167 0.007250 0.010417
0 0.368000 0.228125 0.006000 0.012500
0 0.359875 0.236458 0.010750 0.014583
0 0.360125 0.250000 0.008750 0.012500
0 0.379500 0.259115 0.005000 0.014063
0 0.350500 0.263542 0.006000 0.013542
0 0.326125 0.251823 0.008250 0.014063
0 0.328750 0.267708 0.007500 0.014583
0 0.318625 0.293750 0.011250 0.017708
0 0.317375 0.305208 0.009250 0.013542
0 0.293875 0.306250 0.007750 0.016667
0 0.299625 0.311198 0.003250 0.015104
0 0.308875 0.314323 0.008250 0.016146
0 0.311375 0.333333 0.005750 0.012500
0 0.299500 0.325260 0.007000 0.014063
0 0.297125 0.349219 0.005750 0.018229
0 0.293875 0.383594 0.003750 0.014063
0 0.290375 0.359635 0.008750 0.025521
0 0.323625 0.346615 0.008250 0.015104
0 0.327500 0.329427 0.008500 0.018229
0 0.356500 0.282031 0.006500 0.019271
0 0.328000 0.285938 0.006500 0.012500
0 0.331250 0.276302 0.014000 0.014063
0 0.332375 0.287760 0.007750 0.019271
0 0.367500 0.308073 0.009000 0.014063
0 0.375000 0.301823 0.006000 0.016146
0 0.379875 0.298177 0.009250 0.019271
0 0.374500 0.326302 0.007000 0.013021
0 0.378500 0.319792 0.007000 0.013542
0 0.356750 0.318750 0.008500 0.012500
0 0.349125 0.349219 0.008250 0.018229
0 0.342375 0.359896 0.007750 0.012500
0 0.356375 0.335156 0.007750 0.017188
0 0.359125 0.336719 0.005750 0.015104
0 0.362125 0.341667 0.008250 0.017708
0 0.337500 0.371094 0.007500 0.016146
0 0.331875 0.374219 0.004750 0.013021
0 0.331750 0.384115 0.008000 0.014063
0 0.338375 0.405729 0.006250 0.019792
0 0.340625 0.394271 0.005250 0.016667
0 0.342875 0.391667 0.009250 0.015625
0 0.351250 0.425521 0.006000 0.017708
0 0.353000 0.405208 0.005500 0.014583
0 0.321375 0.442969 0.007750 0.016146
0 0.365875 0.376563 0.004750 0.017708
0 0.370875 0.382031 0.005750 0.017188
0 0.379000 0.360677 0.006000 0.013021
0 0.377000 0.347656 0.009000 0.014063
0 0.387250 0.334375 0.008000 0.018750
0 0.392875 0.366667 0.009750 0.016667
0 0.390625 0.385417 0.005750 0.015625
0 0.413750 0.392188 0.005500 0.014583
0 0.392000 0.413021 0.007500 0.018750
0 0.390375 0.442969 0.008750 0.017188
0 0.392250 0.451562 0.007000 0.014583
0 0.368500 0.464583 0.010500 0.018750
0 0.369375 0.452083 0.006750 0.013542
0 0.392875 0.505729 0.005750 0.014583
0 0.399500 0.504427 0.007500 0.019271
0 0.407000 0.494010 0.004500 0.015104
0 0.411000 0.496354 0.006500 0.012500
0 0.417500 0.495573 0.008000 0.014063
0 0.414875 0.507292 0.005750 0.013542
0 0.426375 0.509115 0.006750 0.015104
0 0.426000 0.529427 0.008000 0.016146
0 0.434750 0.531250 0.007500 0.014583
0 0.431250 0.540885 0.007500 0.014063
0 0.415375 0.537240 0.008750 0.015104
0 0.419250 0.546615 0.006500 0.015104
0 0.303500 0.504948 0.008500 0.017188
0 0.297250 0.467708 0.005500 0.017708
0 0.304625 0.462240 0.003750 0.020313
0 0.310000 0.515365 0.010000 0.018229
0 0.314750 0.509115 0.007000 0.020313
0 0.320000 0.513802 0.004000 0.017188
0 0.323750 0.503385 0.006000 0.017188
0 0.330875 0.513802 0.008750 0.011979
0 0.350375 0.540625 0.010750 0.015625
0 0.341125 0.547135 0.007250 0.009896
0 0.338125 0.554948 0.006250 0.014063
0 0.341375 0.559896 0.009250 0.012500
0 0.353250 0.566927 0.006500 0.011979
0 0.310625 0.541927 0.009250 0.017188
0 0.291375 0.554167 0.009750 0.019792
0 0.295750 0.540104 0.008000 0.010417
0 0.300625 0.558594 0.007750 0.020313
0 0.307125 0.560417 0.005250 0.010417
0 0.300500 0.634375 0.007500 0.020833
0 0.315250 0.588281 0.007000 0.011979
0 0.321125 0.564063 0.007250 0.018750
0 0.327375 0.565885 0.009250 0.021354
0 0.328750 0.575781 0.004500 0.019271
0 0.321000 0.601823 0.010500 0.017188
0 0.341750 0.574219 0.008000 0.016146
0 0.349625 0.578125 0.006250 0.013542
0 0.352875 0.607031 0.009250 0.015104
0 0.364750 0.601562 0.009000 0.020833
0 0.367625 0.619531 0.007750 0.015104
0 0.330750 0.614844 0.011500 0.020313
0 0.343250 0.621094 0.009000 0.016146
0 0.338750 0.645833 0.005500 0.013542
0 0.344625 0.660677 0.010250 0.009896
0 0.311625 0.792448 0.008250 0.014063
0 0.373250 0.808333 0.006500 0.020833
0 0.381875 0.804688 0.003250 0.018750
0 0.378000 0.832292 0.006500 0.013542
0 0.385375 0.809115 0.003250 0.017188
0 0.398000 0.792969 0.014500 0.023438
0 0.358000 0.626302 0.006500 0.010937
0 0.366000 0.632552 0.006500 0.011979
0 0.363000 0.638542 0.006500 0.011458
0 0.373875 0.644010 0.005750 0.014063
0 0.377625 0.624479 0.006750 0.015625
0 0.382000 0.629427 0.008000 0.015104
0 0.404125 0.649479 0.007750 0.013542
0 0.415125 0.643750 0.006750 0.015625
0 0.415000 0.653906 0.007500 0.015104
0 0.401250 0.666927 0.006000 0.009896
0 0.410125 0.671354 0.006750 0.012500
0 0.435500 0.672656 0.005500 0.014063
0 0.445625 0.670573 0.008250 0.017188
0 0.454375 0.685156 0.008250 0.017188
0 0.442875 0.595052 0.008250 0.019271
0 0.446750 0.577344 0.010500 0.018229
0 0.450000 0.572135 0.007000 0.013021
0 0.458375 0.605208 0.009750 0.015625
0 0.459375 0.588281 0.007250 0.022396
0 0.468250 0.601823 0.009000 0.024479
0 0.512000 0.549219 0.008500 0.018229
0 0.498875 0.536719 0.008750 0.018229
0 0.491875 0.515885 0.006750 0.025521
0 0.497875 0.500260 0.005750 0.013021
0 0.577000 0.711458 0.009000 0.018750
0 0.583375 0.735938 0.006250 0.013542
0 0.581875 0.820052 0.006750 0.016146
0 0.581500 0.860938 0.007500 0.019792
0 0.585500 0.821094 0.009000 0.024479
0 0.598125 0.842969 0.009250 0.021354
0 0.602500 0.824479 0.005500 0.018750
0 0.604000 0.838542 0.007500 0.016667
0 0.633500 0.883333 0.008500 0.016667
0 0.638875 0.912240 0.007250 0.015104
0 0.648125 0.932031 0.006750 0.017188
0 0.586375 0.707292 0.006750 0.017708
0 0.596500 0.725260 0.009000 0.019271
0 0.604000 0.720573 0.004500 0.011979
0 0.615125 0.718229 0.008250 0.012500
0 0.613875 0.734896 0.008250 0.021875
0 0.618500 0.732552 0.007000 0.017188
0 0.594250 0.703646 0.005000 0.020833
0 0.599125 0.704167 0.008750 0.021875
0 0.601500 0.696094 0.004000 0.017188
0 0.607250 0.698177 0.007500 0.018229
0 0.633250 0.692969 0.007000 0.017188
0 0.625500 0.716667 0.008000 0.015625
0 0.630875 0.713542 0.009750 0.017708
0 0.634000 0.716146 0.006000 0.017708
0 0.640625 0.711458 0.011250 0.018750
0 0.645875 0.677344 0.008750 0.017188
0 0.649750 0.668490 0.006500 0.020313
0 0.633500 0.640885 0.007000 0.017188
0 0.637375 0.634635 0.007250 0.015104
0 0.573125 0.614844 0.007250 0.021354
0 0.600625 0.581771 0.007750 0.014583
0 0.607250 0.603906 0.008000 0.011979
0 0.511125 0.516927 0.011750 0.021354
0 0.491875 0.476302 0.006250 0.018229
0 0.496750 0.481510 0.006500 0.015104
0 0.495500 0.468229 0.008500 0.019792
0 0.505375 0.476823 0.006750 0.017188
0 0.507250 0.438542 0.009000 0.017708
0 0.475750 0.452865 0.007500 0.019271
0 0.449375 0.398698 0.012750 0.018229
0 0.475500 0.401823 0.009000 0.014063
0 0.493375 0.420573 0.009750 0.017188
0 0.493500 0.398958 0.006500 0.013542
0 0.499375 0.361719 0.008250 0.018229
0 0.501750 0.371615 0.005000 0.019271
0 0.504750 0.368750 0.006500 0.013542
0 0.506875 0.360417 0.006750 0.014583
0 0.643125 0.448437 0.005750 0.014583
0 0.659250 0.537500 0.004500 0.018750
0 0.461875 0.338021 0.009750 0.016667
0 0.439375 0.325000 0.008750 0.013542
0 0.474125 0.331250 0.005250 0.015625
0 0.486500 0.341667 0.007000 0.017708
0 0.480250 0.330990 0.007000 0.013021
0 0.476250 0.314583 0.007000 0.016667
0 0.500750 0.289323 0.008000 0.018229
0 0.525000 0.234635 0.007000 0.014063
0 0.479875 0.330990 0.005750 0.016146
0 0.482750 0.326042 0.006500 0.022917
0 0.488000 0.327604 0.005500 0.018750
0 0.486625 0.311458 0.003750 0.014583
0 0.484125 0.287500 0.005750 0.014583
0 0.477750 0.253906 0.006500 0.016146
0 0.478625 0.269271 0.008250 0.014583
0 0.484125 0.272396 0.009250 0.015625
0 0.483625 0.258073 0.005750 0.017188
0 0.492875 0.247656 0.006250 0.018229
0 0.482125 0.234635 0.005250 0.016146
0 0.464750 0.208073 0.007500 0.015104
0 0.504500 0.200000 0.006000 0.010417
0 0.534500 0.182812 0.006500 0.013542
0 0.494500 0.165104 0.006500 0.018750
0 0.486250 0.152865 0.007000 0.013021
0 0.473875 0.153906 0.007750 0.013021
0 0.441625 0.126562 0.005750 0.018750
0 0.427500 0.100000 0.006500 0.018750
0 0.458000 0.099479 0.005500 0.016667
0 0.495500 0.077083 0.005500 0.016667
0 0.485125 0.121875 0.005250 0.017708
0 0.529125 0.073177 0.009250 0.020313
0 0.511500 0.028125 0.006500 0.020833
0 0.483875 0.036979 0.007250 0.017708
0 0.480000 0.067708 0.006000 0.013542
0 0.479125 0.058333 0.004250 0.011458
0 0.482625 0.062760 0.008250 0.013021
0 0.463500 0.073438 0.007000 0.016667
0 0.467625 0.074219 0.008250 0.018229
0 0.469000 0.069792 0.007500 0.020833
0 0.469000 0.052604 0.006000 0.018750
0 0.458375 0.051042 0.006250 0.014583
0 0.446500 0.036719 0.007500 0.018229
0 0.446000 0.026302 0.005500 0.010937
0 0.434125 0.008073 0.007750 0.013021
0 0.668500 0.691146 0.008500 0.016667
0 0.667375 0.926302 0.005250 0.016146
0 0.674250 0.986458 0.008000 0.013542
0 0.703750 0.971094 0.006000 0.014063
0 0.713625 0.980208 0.007750 0.015625
0 0.650375 0.613021 0.006750 0.016667
0 0.657625 0.605208 0.005250 0.015625
0 0.661500 0.635677 0.007000 0.014063
0 0.671500 0.617448 0.010000 0.019271
0 0.675625 0.657031 0.005250 0.016146
0 0.680375 0.696875 0.005250 0.015625
0 0.687500 0.692708 0.005500 0.016667
0 0.682750 0.666146 0.006000 0.013542
0 0.687000 0.664844 0.004500 0.009896
0 0.697125 0.677604 0.009250 0.016667
0 0.710625 0.661198 0.007750 0.017188
0 0.695000 0.642188 0.007000 0.013542
0 0.694375 0.606771 0.006750 0.020833
0 0.682375 0.571094 0.005750 0.018229
0 0.706500 0.566667 0.006000 0.015625
0 0.701625 0.604688 0.006750 0.022917
0 0.702625 0.617448 0.007750 0.018229
0 0.708875 0.615365 0.006250 0.010937
0 0.709750 0.622396 0.007000 0.012500
0 0.719000 0.630729 0.009000 0.013542
0 0.718875 0.639583 0.006250 0.016667
0 0.726250 0.625521 0.005000 0.013542
0 0.726375 0.615104 0.005750 0.013542
0 0.671125 0.505208 0.009750 0.016667
0 0.687625 0.494531 0.008250 0.017188
0 0.700625 0.465104 0.008250 0.015625
0 0.710625 0.452865 0.007250 0.018229
0 0.658875 0.416406 0.010750 0.019271
0 0.670625 0.427344 0.004750 0.013021
0 0.688625 0.426823 0.008750 0.019271
0 0.720125 0.437760 0.007250 0.020313
0 0.711500 0.421094 0.006500 0.015104
0 0.690625 0.351823 0.008750 0.017188
0 0.704500 0.393229 0.007500 0.015625
0 0.703125 0.379167 0.006750 0.015625
0 0.718375 0.359635 0.008250 0.016146
0 0.729125 0.394792 0.008250 0.015625
0 0.742000 0.398958 0.006500 0.019792
0 0.736375 0.363542 0.005750 0.021875
0 0.724625 0.319271 0.007250 0.014583
0 0.706875 0.290625 0.008750 0.019792
0 0.724500 0.264323 0.005000 0.014063
0 0.752750 0.294010 0.006000 0.010937
0 0.758000 0.292187 0.004000 0.017708
0 0.750625 0.350781 0.005750 0.015104
0 0.749375 0.333073 0.006750 0.013021
0 0.755875 0.340625 0.005750 0.013542
0 0.758375 0.346615 0.004750 0.008854
0 0.767875 0.353906 0.007250 0.013021
0 0.773750 0.363802 0.008000 0.020313
0 0.801000 0.343229 0.005500 0.012500
0 0.768000 0.314844 0.009000 0.019271
0 0.779750 0.304688 0.006500 0.013542
0 0.770625 0.291667 0.005250 0.012500
0 0.774625 0.298698 0.005750 0.013021
