0 0.045312 0.469375 0.026042 0.008750
0 0.294271 0.367375 0.014583 0.004750
0 0.292969 0.371125 0.018229 0.003750
0 0.292708 0.375125 0.014583 0.004250
0 0.450000 0.353375 0.018750 0.005750
0 0.392448 0.381000 0.016146 0.005000
0 0.345573 0.380500 0.016146 0.007000
0 0.343490 0.395000 0.015104 0.008000
0 0.417708 0.414000 0.010417 0.007000
0 0.426563 0.413000 0.011458 0.008000
0 0.472135 0.398625 0.017188 0.006250
0 0.206510 0.455000 0.016146 0.005000
0 0.230208 0.370125 0.010417 0.005250
0 0.546354 0.362375 0.015625 0.008250
0 0.549219 0.294375 0.011979 0.005250
0 0.550781 0.290500 0.013021 0.007500
0 0.592708 0.278125 0.017708 0.007750
0 0.618490 0.295500 0.013021 0.010000
0 0.858333 0.285750 0.019792 0.005000
0 0.743229 0.324125 0.014583 0.006750
0 0.671354 0.346750 0.014583 0.007000
0 0.644271 0.326250 0.023958 0.010500
0 0.652865 0.360875 0.020313 0.006750
0 0.512760 0.467375 0.014063 0.003750
0 0.511979 0.471125 0.016667 0.003750
0 0.625000 0.483875 0.008333 0.008250
0 0.616667 0.471750 0.013542 0.005000
0 0.646615 0.471625 0.021354 0.006250
0 0.751563 0.421375 0.019792 0.004750
0 0.819792 0.427250 0.021875 0.005000
0 0.803125 0.439125 0.018750 0.004750
0 0.814844 0.442125 0.013021 0.007250
0 0.807031 0.454750 0.016146 0.004000
0 0.806771 0.460500 0.014583 0.008000
0 0.866406 0.469750 0.016146 0.005500
0 0.846875 0.475500 0.011458 0.008000
0 0.838021 0.477375 0.014583 0.003250
0 0.839062 0.480250 0.017708 0.003000
0 0.931510 0.468000 0.020313 0.004500
0 0.926562 0.459375 0.017708 0.005750
0 0.882292 0.407250 0.017708 0.008000
0 0.968750 0.488375 0.015625 0.005750
0 0.939844 0.488000 0.017188 0.005000
0 0.867188 0.489875 0.014583 0.004750
0 0.903646 0.492375 0.019792 0.004750
0 0.750781 0.490375 0.009896 0.002750
0 0.738021 0.491500 0.014583 0.002500
0 0.784115 0.496125 0.015104 0.003250
0 0.296615 0.571750 0.013021 0.006000
0 0.426823 0.563500 0.015104 0.005000
0 0.448437 0.586875 0.017708 0.004250
0 0.465365 0.583250 0.015104 0.006000
0 0.489063 0.577500 0.015625 0.005000
0 0.502344 0.585375 0.013021 0.003750
0 0.502083 0.587875 0.015625 0.003750
0 0.482812 0.567000 0.011458 0.003500
0 0.481510 0.569750 0.015104 0.004500
0 0.584896 0.601375 0.010417 0.008250
0 0.581250 0.573500 0.013542 0.006500
0 0.579948 0.568625 0.010937 0.005750
0 0.663542 0.590250 0.014583 0.005000
0 0.659635 0.586125 0.008854 0.006750
0 0.717448 0.603875 0.020313 0.005750
0 0.666667 0.615000 0.016667 0.005500
0 0.674219 0.620750 0.016146 0.004500
0 0.652344 0.628000 0.016146 0.004500
0 0.659896 0.634250 0.017708 0.006000
0 0.666667 0.631375 0.012500 0.006750
0 0.677865 0.639875 0.013021 0.006750
0 0.684896 0.638375 0.012500 0.007250
0 0.696875 0.630750 0.017708 0.004000
0 0.737240 0.623875 0.017188 0.005750
0 0.740104 0.617125 0.017708 0.005250
0 0.773177 0.609000 0.010937 0.008500
0 0.781510 0.605750 0.010937 0.005500
0 0.789323 0.609875 0.017188 0.003750
0 0.791406 0.604875 0.013021 0.006750
0 0.825260 0.596500 0.010937 0.008500
0 0.797396 0.588750 0.016667 0.006000
0 0.739583 0.595500 0.015625 0.003000
0 0.740625 0.598125 0.016667 0.002250
0 0.741927 0.600375 0.016146 0.002750
0 0.896615 0.616000 0.015104 0.009000
0 0.853125 0.621750 0.018750 0.004500
0 0.859635 0.626375 0.019271 0.003250
0 0.861198 0.629250 0.020313 0.002500
0 0.860938 0.632250 0.013542 0.004000
0 0.913281 0.681375 0.013021 0.006750
0 0.934635 0.670750 0.010937 0.006500
0 0.951823 0.666500 0.008854 0.006500
0 0.948698 0.660750 0.008854 0.006000
0 0.986458 0.656000 0.014583 0.007000
0 0.886719 0.665875 0.017188 0.005750
0 0.881250 0.670000 0.016667 0.005500
0 0.905469 0.670625 0.015104 0.003250
0 0.903385 0.667000 0.018229 0.004000
0 0.826823 0.688375 0.019271 0.005750
0 0.805990 0.691750 0.013021 0.004500
0 0.823698 0.693875 0.015104 0.004250
0 0.944271 0.723750 0.015625 0.006500
0 0.908073 0.708750 0.017188 0.005000
0 0.918490 0.714625 0.013021 0.005250
0 0.910156 0.713125 0.008854 0.003750
0 0.969792 0.716375 0.010417 0.008250
0 0.978385 0.710500 0.014063 0.004500
0 0.986719 0.706625 0.007812 0.007750
0 0.742969 0.668125 0.015104 0.005250
0 0.607552 0.637000 0.017188 0.005500
0 0.566406 0.629250 0.015104 0.005000
0 0.535417 0.621375 0.018750 0.008250
0 0.482812 0.611875 0.015625 0.005250
0 0.236719 0.630625 0.014063 0.006750
0 0.264583 0.633375 0.017708 0.005250
0 0.223958 0.653625 0.013542 0.006250
0 0.292708 0.654250 0.011458 0.007500
0 0.298438 0.651750 0.013542 0.005000
0 0.313281 0.660500 0.013021 0.004500
0 0.306771 0.655625 0.006250 0.006250
0 0.311458 0.655750 0.008333 0.006000
0 0.306250 0.690500 0.009375 0.006500
0 0.340625 0.690625 0.009375 0.007750
0 0.351562 0.676250 0.013542 0.007000
0 0.382292 0.688625 0.013542 0.006750
0 0.390365 0.684750 0.006771 0.007000
0 0.398438 0.690750 0.012500 0.006500
0 0.400521 0.688875 0.012500 0.005250
0 0.438542 0.688375 0.015625 0.006250
0 0.430208 0.698625 0.016667 0.006250
0 0.448958 0.720500 0.011458 0.007500
0 0.449740 0.715375 0.010937 0.006250
0 0.418750 0.745875 0.015625 0.004250
0 0.425521 0.732625 0.010417 0.005250
0 0.426563 0.730125 0.013542 0.004250
0 0.460677 0.778875 0.014063 0.006750
0 0.465625 0.766875 0.011458 0.005750
0 0.457292 0.767500 0.006250 0.008000
0 0.448437 0.766625 0.012500 0.003750
0 0.450260 0.760500 0.013021 0.006000
0 0.453646 0.758125 0.011458 0.004750
0 0.505729 0.756125 0.011458 0.005250
0 0.514583 0.768625 0.013542 0.005750
0 0.517708 0.774250 0.016667 0.004500
0 0.517708 0.777375 0.013542 0.004750
0 0.566146 0.804500 0.012500 0.003000
0 0.565625 0.801625 0.015625 0.003250
0 0.569271 0.798000 0.011458 0.005500
0 0.573958 0.797250 0.012500 0.005500
0 0.594271 0.831875 0.016667 0.007750
0 0.648958 0.856000 0.013542 0.006000
0 0.727083 0.828000 0.014583 0.005500
0 0.698177 0.803875 0.014063 0.006250
0 0.689583 0.809000 0.010417 0.008500
0 0.712500 0.812875 0.014583 0.004250
0 0.713802 0.810750 0.014063 0.003500
0 0.603906 0.772625 0.013021 0.005750
0 0.699479 0.753250 0.010417 0.008000
0 0.636198 0.730000 0.016146 0.006000
0 0.629948 0.770000 0.011979 0.006000
0 0.632812 0.767750 0.012500 0.005000
0 0.606250 0.745000 0.011458 0.005500
0 0.609896 0.743625 0.011458 0.005250
0 0.549479 0.750750 0.015625 0.004500
0 0.542188 0.745875 0.013542 0.005750
0 0.527344 0.744500 0.016146 0.006500
0 0.515104 0.730000 0.017708 0.006500
0 0.535677 0.724875 0.017188 0.005250
0 0.470573 0.726500 0.016146 0.006000
0 0.477344 0.722125 0.015104 0.005750
0 0.479167 0.719875 0.012500 0.004250
0 0.502604 0.714625 0.016667 0.007750
0 0.529687 0.711375 0.014583 0.006250
0 0.532552 0.709625 0.010937 0.005750
0 0.145833 0.651750 0.009375 0.004500
0 0.145052 0.658375 0.009896 0.004250
0 0.060156 0.680125 0.022396 0.004250
0 0.173437 0.751000 0.010417 0.007500
0 0.274479 0.739250 0.008333 0.004000
0 0.307031 0.735000 0.010937 0.004000
0 0.318229 0.749500 0.011458 0.006000
0 0.303125 0.781750 0.012500 0.005500
0 0.066667 0.910875 0.012500 0.009250
0 0.135156 0.900750 0.010937 0.004500
0 0.032292 0.771000 0.010417 0.004500
0 0.134896 0.753375 0.007292 0.003750
0 0.553125 0.981125 0.044792 0.016250
0 0.918229 0.928250 0.021875 0.010500
0 0.882552 0.316375 0.027604 0.012250
