0 0.271354 0.204125 0.011458 0.006750
0 0.532552 0.020750 0.013021 0.005500
0 0.535677 0.113500 0.010937 0.006500
0 0.681510 0.094500 0.015104 0.005500
0 0.690885 0.113000 0.009896 0.008000
0 0.543490 0.214750 0.018229 0.006000
0 0.771354 0.175125 0.013542 0.006250
0 0.584115 0.251000 0.021354 0.007500
0 0.672917 0.218625 0.014583 0.004750
0 0.677865 0.208625 0.010937 0.007250
0 0.667969 0.210625 0.015104 0.008250
0 0.445573 0.325625 0.014063 0.005750
0 0.429948 0.340250 0.007812 0.007000
0 0.382031 0.356500 0.014063 0.007000
0 0.408073 0.353250 0.008854 0.006500
0 0.436719 0.283750 0.013021 0.004000
0 0.448177 0.287250 0.016146 0.003000
0 0.442708 0.291250 0.007292 0.005000
0 0.460156 0.299750 0.010937 0.005500
0 0.470573 0.298375 0.009896 0.004750
0 0.478125 0.302625 0.011458 0.004750
0 0.473438 0.307750 0.008333 0.006000
0 0.433333 0.326125 0.009375 0.007750
0 0.468750 0.412875 0.014583 0.004750
0 0.552604 0.394500 0.012500 0.006000
0 0.557552 0.399500 0.010937 0.005000
0 0.720052 0.348375 0.017188 0.004250
0 0.695573 0.340750 0.009896 0.008000
0 0.859375 0.334625 0.014583 0.007250
0 0.914844 0.340000 0.016146 0.004000
0 0.913281 0.343500 0.015104 0.006000
0 0.897135 0.372000 0.013021 0.005000
0 0.530208 0.476500 0.014583 0.004000
0 0.536198 0.468125 0.016146 0.005250
0 0.549219 0.464250 0.016146 0.004000
0 0.557813 0.469000 0.010417 0.005500
0 0.629948 0.482250 0.013021 0.005000
0 0.668490 0.466250 0.010937 0.006000
0 0.652083 0.475875 0.013542 0.003250
0 0.635938 0.468500 0.011458 0.005000
0 0.629948 0.472000 0.014063 0.003500
0 0.633854 0.474750 0.013542 0.003500
0 0.700260 0.484875 0.015104 0.004750
0 0.879427 0.478750 0.009896 0.008000
0 0.813281 0.491500 0.014063 0.004000
0 0.752604 0.489375 0.012500 0.004250
0 0.781250 0.489000 0.016667 0.004500
0 0.793229 0.495125 0.019792 0.005750
0 0.959635 0.502375 0.013021 0.003750
0 0.970313 0.505125 0.015625 0.004250
0 0.993490 0.667500 0.009896 0.005500
0 0.963021 0.647250 0.008333 0.006000
0 0.950781 0.644875 0.011979 0.007750
0 0.898958 0.641625 0.012500 0.004250
0 0.889844 0.624750 0.008854 0.008000
0 0.915885 0.633250 0.016146 0.008000
0 0.865365 0.627125 0.008854 0.007750
0 0.778646 0.594000 0.012500 0.007500
0 0.769531 0.585875 0.017188 0.005750
0 0.758073 0.588625 0.013021 0.004750
0 0.715104 0.593500 0.013542 0.005000
0 0.735417 0.618625 0.009375 0.003750
0 0.653646 0.567375 0.012500 0.008250
0 0.607292 0.570875 0.011458 0.004750
0 0.582812 0.561875 0.014583 0.003750
0 0.564063 0.555375 0.013542 0.003750
0 0.560417 0.544250 0.012500 0.004500
0 0.540885 0.540375 0.009896 0.005250
0 0.463281 0.568125 0.007812 0.007250
0 0.464323 0.594500 0.013021 0.006500
0 0.484896 0.595250 0.014583 0.006500
0 0.491667 0.608375 0.015625 0.007750
0 0.512240 0.617000 0.014063 0.005000
0 0.536719 0.635000 0.014063 0.006000
0 0.584635 0.660625 0.008854 0.008250
0 0.642708 0.663000 0.010417 0.006500
0 0.608854 0.665250 0.016667 0.004000
0 0.597396 0.666500 0.013542 0.004500
0 0.638542 0.686000 0.015625 0.007500
0 0.687500 0.671875 0.013542 0.004750
0 0.747135 0.698375 0.013021 0.004750
0 0.818490 0.711125 0.013021 0.007250
0 0.699740 0.720875 0.009896 0.006250
0 0.681510 0.733125 0.008854 0.004750
0 0.802344 0.766750 0.011979 0.007500
0 0.930208 0.737625 0.012500 0.005750
0 0.921875 0.769750 0.012500 0.004500
0 0.954688 0.777250 0.010417 0.004000
0 0.881510 0.814500 0.011979 0.006000
0 0.710677 0.893375 0.011979 0.005750
0 0.676302 0.879750 0.013021 0.006000
0 0.630469 0.846375 0.007812 0.007750
0 0.552604 0.821250 0.017708 0.004500
0 0.649479 0.812750 0.011458 0.004000
0 0.648177 0.809000 0.010937 0.003500
0 0.654948 0.804250 0.015104 0.004500
0 0.614323 0.773375 0.010937 0.007250
0 0.485417 0.793375 0.013542 0.004250
0 0.473698 0.787000 0.010937 0.004000
0 0.461198 0.786375 0.010937 0.004750
0 0.474219 0.723750 0.008854 0.007500
0 0.479687 0.707625 0.009375 0.006750
0 0.447135 0.693750 0.014063 0.004500
0 0.486458 0.697250 0.010417 0.005500
0 0.482552 0.701500 0.013021 0.005500
0 0.410677 0.665625 0.007812 0.007750
0 0.379427 0.630250 0.013021 0.006000
0 0.238802 0.651875 0.009896 0.006750
0 0.223437 0.777625 0.017708 0.007750
0 0.293750 0.801000 0.013542 0.005000
0 0.294531 0.805250 0.014063 0.004500
0 0.902083 0.704625 0.013542 0.006250
