0 0.017188 0.636250 0.009375 0.004000
0 0.003385 0.593750 0.006771 0.006000
0 0.041667 0.591625 0.011458 0.003250
0 0.053125 0.596125 0.013542 0.003750
0 0.052344 0.591875 0.009896 0.004750
0 0.058594 0.594375 0.006771 0.004250
0 0.063281 0.594375 0.008854 0.004250
0 0.088281 0.590250 0.008854 0.003500
0 0.094531 0.598000 0.010937 0.003500
0 0.093229 0.596250 0.009375 0.002500
0 0.101302 0.609625 0.007812 0.005750
0 0.116146 0.611875 0.010417 0.006250
0 0.196354 0.620125 0.010417 0.004750
0 0.178906 0.609875 0.011979 0.005250
0 0.200000 0.610375 0.009375 0.005750
0 0.225781 0.611750 0.015104 0.005500
0 0.261198 0.609750 0.011979 0.002500
0 0.279687 0.615875 0.012500 0.004750
0 0.261979 0.585375 0.013542 0.004750
0 0.196094 0.568125 0.013021 0.006250
0 0.162240 0.558750 0.007812 0.005000
0 0.165885 0.557750 0.007812 0.004000
0 0.144531 0.555500 0.011979 0.004000
0 0.058073 0.571625 0.013021 0.005750
0 0.138021 0.552500 0.011458 0.004500
0 0.142969 0.550125 0.010937 0.004250
0 0.097396 0.539875 0.012500 0.004250
0 0.108333 0.535375 0.007292 0.003250
0 0.112500 0.535500 0.009375 0.004000
0 0.051042 0.527375 0.010417 0.004750
0 0.041146 0.524375 0.010417 0.002750
0 0.035937 0.525125 0.010417 0.003750
0 0.026562 0.526000 0.012500 0.003500
0 0.040104 0.529625 0.005208 0.004750
0 0.036458 0.529125 0.006250 0.005750
0 0.014583 0.511125 0.009375 0.003250
0 0.021875 0.511125 0.007292 0.004750
0 0.007812 0.506750 0.005208 0.002500
0 0.011198 0.508750 0.007812 0.002000
0 0.007812 0.503625 0.010417 0.002250
0 0.012240 0.505875 0.007812 0.002250
0 0.003646 0.502000 0.007292 0.002500
0 0.346615 0.572250 0.009896 0.006500
0 0.324219 0.559125 0.011979 0.006250
0 0.305990 0.543625 0.010937 0.005750
0 0.293229 0.533750 0.009375 0.007000
0 0.274479 0.518625 0.010417 0.005750
0 0.233333 0.486625 0.009375 0.004750
0 0.228906 0.480125 0.010937 0.005250
0 0.246354 0.482625 0.009375 0.005250
0 0.223437 0.487125 0.005208 0.003750
0 0.225781 0.486375 0.007812 0.004750
0 0.229948 0.468875 0.006771 0.004250
0 0.215885 0.471375 0.005729 0.004750
0 0.220312 0.471250 0.006250 0.005000
0 0.197396 0.453125 0.009375 0.005750
0 0.173958 0.443125 0.008333 0.005250
0 0.179167 0.443375 0.007292 0.004750
0 0.185417 0.444250 0.008333 0.004500
0 0.177344 0.439000 0.009896 0.004500
0 0.185938 0.438625 0.008333 0.005750
0 0.200260 0.442250 0.005729 0.005000
0 0.203125 0.441375 0.008333 0.004750
0 0.194792 0.438500 0.005208 0.003500
0 0.194010 0.433750 0.004687 0.004000
0 0.198958 0.434750 0.006250 0.004000
0 0.197656 0.431250 0.009896 0.004000
0 0.187240 0.430000 0.006771 0.004500
0 0.179948 0.423500 0.005729 0.005000
0 0.184635 0.424625 0.004687 0.003750
0 0.189844 0.425875 0.006771 0.003750
0 0.186458 0.423000 0.006250 0.003000
0 0.150000 0.409125 0.011458 0.004250
0 0.148438 0.403625 0.007292 0.005750
0 0.161979 0.405375 0.005208 0.004250
0 0.167187 0.406250 0.007292 0.004000
0 0.130729 0.378625 0.007292 0.004750
0 0.135156 0.379000 0.006771 0.004000
0 0.124740 0.368625 0.005729 0.004250
0 0.129948 0.368500 0.006771 0.005000
0 0.023438 0.282250 0.009375 0.004500
0 0.025781 0.281250 0.007812 0.003500
0 0.404948 0.547500 0.007812 0.004000
0 0.385417 0.529000 0.007292 0.006500
0 0.397656 0.519500 0.007812 0.004000
0 0.396094 0.516125 0.006771 0.003750
0 0.381250 0.512000 0.007292 0.006000
0 0.394531 0.506250 0.008854 0.004000
0 0.400781 0.496875 0.007812 0.005750
0 0.376302 0.492625 0.011979 0.003750
0 0.375781 0.477250 0.006771 0.005500
0 0.375521 0.470625 0.006250 0.005250
0 0.374479 0.466375 0.006250 0.004750
0 0.387500 0.460875 0.007292 0.004750
0 0.387500 0.458000 0.007292 0.002500
0 0.372917 0.454250 0.009375 0.003500
0 0.385937 0.450250 0.007292 0.005000
0 0.370312 0.449750 0.008333 0.005000
0 0.372135 0.446125 0.006771 0.004750
0 0.395573 0.437125 0.007812 0.004750
0 0.380990 0.434875 0.005729 0.004750
0 0.382812 0.433875 0.004167 0.003750
0 0.364063 0.423625 0.005208 0.005250
0 0.369531 0.423750 0.006771 0.007000
0 0.383333 0.413500 0.010417 0.005000
0 0.366146 0.410125 0.007292 0.005250
0 0.351562 0.407250 0.006250 0.004500
0 0.362760 0.403125 0.006771 0.003750
0 0.357812 0.406625 0.007292 0.003750
0 0.356510 0.395125 0.007812 0.005750
0 0.380208 0.397875 0.007292 0.003250
0 0.398438 0.395500 0.008333 0.006000
0 0.382031 0.392375 0.005729 0.004750
0 0.361198 0.387750 0.004687 0.005500
0 0.357812 0.387375 0.005208 0.004750
0 0.355208 0.387500 0.003125 0.004000
0 0.352344 0.387250 0.003646 0.004500
0 0.355990 0.384500 0.009896 0.002500
0 0.376042 0.391625 0.007292 0.005250
0 0.341667 0.365750 0.009375 0.006000
0 0.359375 0.361875 0.006250 0.005250
0 0.359115 0.356250 0.006771 0.005500
0 0.357031 0.364625 0.006771 0.005250
0 0.352865 0.363500 0.005729 0.004500
0 0.350260 0.362750 0.004687 0.004500
0 0.345573 0.357250 0.006771 0.005000
0 0.348698 0.356625 0.007812 0.003750
0 0.366406 0.343875 0.005729 0.005250
0 0.371875 0.343125 0.007292 0.004250
0 0.354687 0.332750 0.008333 0.006000
0 0.342969 0.331000 0.006771 0.005000
0 0.360938 0.315375 0.005208 0.004750
0 0.371094 0.319750 0.007812 0.003500
0 0.384635 0.320000 0.009896 0.003500
0 0.377865 0.317125 0.006771 0.004250
0 0.366146 0.315750 0.005208 0.004500
0 0.372396 0.317000 0.006250 0.003500
0 0.465104 0.313625 0.008333 0.003250
0 0.470573 0.317750 0.008854 0.006000
0 0.452865 0.324125 0.009896 0.004250
0 0.547917 0.313625 0.012500 0.003750
0 0.492188 0.352000 0.010417 0.006000
0 0.530469 0.396875 0.011979 0.003750
0 0.453385 0.410625 0.007812 0.004750
0 0.462760 0.417125 0.008854 0.006250
0 0.483333 0.402000 0.004167 0.004500
0 0.488281 0.401750 0.005729 0.006000
0 0.488542 0.398125 0.010417 0.003750
0 0.514844 0.400250 0.010937 0.006500
0 0.484375 0.419375 0.010417 0.003250
0 0.479687 0.424375 0.009375 0.003250
0 0.485677 0.424500 0.006771 0.005000
0 0.487500 0.423750 0.005208 0.004000
0 0.491406 0.423625 0.006771 0.005250
0 0.493229 0.421500 0.008333 0.005000
0 0.459635 0.432750 0.008854 0.004000
0 0.454427 0.445250 0.007812 0.004000
0 0.454167 0.452000 0.007292 0.005500
0 0.505208 0.456875 0.011458 0.004250
0 0.490625 0.445250 0.006250 0.005000
0 0.488021 0.449750 0.006250 0.006500
0 0.483073 0.447125 0.005729 0.005750
0 0.487240 0.465375 0.005729 0.005250
0 0.483333 0.479750 0.008333 0.005000
0 0.470312 0.475625 0.005208 0.004750
0 0.473698 0.474250 0.006771 0.004000
0 0.468229 0.505250 0.010417 0.006500
0 0.465885 0.524000 0.005729 0.004000
0 0.467969 0.528375 0.006771 0.004750
0 0.470312 0.524500 0.006250 0.004500
0 0.452865 0.558500 0.006771 0.006000
0 0.448958 0.564625 0.006250 0.005250
0 0.583854 0.517500 0.008333 0.003500
0 0.585156 0.519375 0.003646 0.003250
0 0.589323 0.519250 0.005729 0.003000
0 0.591406 0.517000 0.007812 0.003500
0 0.608854 0.505125 0.006250 0.003250
0 0.604688 0.505250 0.004167 0.003000
0 0.601823 0.505500 0.004687 0.003500
0 0.605469 0.502875 0.005729 0.002750
0 0.609375 0.503000 0.004167 0.002500
0 0.606250 0.499250 0.008333 0.004000
0 0.595313 0.493625 0.008333 0.004250
0 0.613802 0.493625 0.006771 0.003750
0 0.622396 0.496875 0.007292 0.003750
0 0.609375 0.492625 0.009375 0.004750
0 0.600781 0.488375 0.007812 0.004750
0 0.639062 0.483625 0.010417 0.003750
0 0.615365 0.478875 0.008854 0.004250
0 0.640625 0.477500 0.010417 0.004000
0 0.676302 0.455250 0.007812 0.004500
0 0.665365 0.451625 0.004687 0.004250
0 0.661458 0.451875 0.003125 0.003750
0 0.647396 0.453125 0.006250 0.002750
0 0.642448 0.451375 0.003646 0.002250
0 0.647656 0.448875 0.007812 0.003750
0 0.664583 0.446750 0.009375 0.003500
0 0.610677 0.586000 0.007812 0.004500
0 0.567187 0.576750 0.012500 0.003500
0 0.582812 0.572750 0.011458 0.003000
0 0.657813 0.557000 0.009375 0.007000
0 0.693229 0.568000 0.006250 0.004000
