0 0.796615 0.948125 0.021354 0.016250
0 0.815365 0.946500 0.016146 0.015000
0 0.702865 0.914125 0.028646 0.015750
0 0.693750 0.915500 0.026042 0.014000
0 0.755990 0.922875 0.019271 0.010250
0 0.767188 0.918000 0.014583 0.011500
0 0.736198 0.905750 0.054688 0.030500
0 0.734115 0.903875 0.047396 0.027750
0 0.749219 0.888625 0.017188 0.008250
0 0.757812 0.879875 0.022917 0.014750
0 0.689323 0.874750 0.019271 0.015000
0 0.646875 0.851375 0.015625 0.013250
0 0.627083 0.831875 0.027083 0.015250
0 0.575521 0.827375 0.022917 0.015250
0 0.581510 0.826375 0.032813 0.010750
0 0.583333 0.801875 0.020833 0.010750
0 0.556250 0.791500 0.015625 0.013000
0 0.522917 0.783000 0.026042 0.013000
0 0.522135 0.756625 0.031771 0.014750
0 0.459375 0.738500 0.033333 0.012500
0 0.458594 0.736750 0.031771 0.012000
0 0.447917 0.716625 0.028125 0.016250
0 0.441406 0.717375 0.021354 0.011250
0 0.436719 0.680750 0.021354 0.013000
0 0.242448 0.686625 0.022396 0.015250
0 0.199479 0.687500 0.027083 0.013500
0 0.174219 0.686500 0.021354 0.013500
0 0.151302 0.688875 0.034896 0.013250
0 0.138281 0.703250 0.020313 0.012500
0 0.178646 0.705125 0.035417 0.014250
0 0.179688 0.706000 0.028125 0.011500
0 0.160938 0.719875 0.022917 0.013250
0 0.179167 0.720500 0.017708 0.012000
0 0.185938 0.736750 0.027083 0.012000
0 0.129427 0.725875 0.020313 0.009750
0 0.152604 0.771500 0.023958 0.012000
0 0.197135 0.792375 0.020313 0.010250
0 0.221615 0.786500 0.023438 0.012500
0 0.214062 0.830125 0.025000 0.009750
0 0.201823 0.816250 0.018229 0.013500
0 0.127604 0.813875 0.023958 0.009750
0 0.085677 0.856250 0.028646 0.012000
0 0.169010 0.898125 0.033854 0.015250
0 0.977344 0.780125 0.020313 0.015250
0 0.992448 0.773250 0.014063 0.011000
0 0.973177 0.740500 0.019271 0.013000
0 0.922917 0.709750 0.029167 0.019000
0 0.922396 0.711000 0.023958 0.012500
0 0.911719 0.726875 0.022396 0.010750
0 0.912240 0.738625 0.017188 0.011250
0 0.868750 0.740750 0.027083 0.012500
0 0.806510 0.725875 0.022396 0.010750
0 0.836979 0.714500 0.031250 0.012000
0 0.834115 0.703625 0.028646 0.009750
0 0.800260 0.694250 0.017188 0.013000
0 0.830208 0.707375 0.029167 0.021750
0 0.780729 0.694875 0.026042 0.013250
0 0.766927 0.700625 0.020313 0.010250
0 0.783594 0.710375 0.031771 0.008250
0 0.740625 0.711125 0.025000 0.009750
0 0.759375 0.721500 0.028125 0.012000
0 0.724479 0.691875 0.023958 0.011250
0 0.727344 0.690750 0.031771 0.013500
0 0.728906 0.677375 0.017188 0.009750
0 0.722656 0.660875 0.022396 0.009250
0 0.658854 0.653000 0.026042 0.013000
0 0.646875 0.669875 0.029167 0.009750
0 0.616927 0.654125 0.021354 0.010750
0 0.620833 0.653250 0.029167 0.011500
0 0.921354 0.625000 0.030208 0.014500
0 0.944010 0.627500 0.028646 0.014000
0 0.921354 0.632125 0.026042 0.011250
0 0.925521 0.640750 0.038542 0.014500
0 0.986458 0.651375 0.025000 0.017250
0 0.863542 0.594125 0.021875 0.015750
0 0.865104 0.593500 0.025000 0.016000
0 0.835156 0.591250 0.030729 0.019000
0 0.836458 0.591625 0.023958 0.017250
0 0.800000 0.605375 0.026042 0.015750
0 0.833594 0.613625 0.022396 0.017750
0 0.856771 0.611875 0.023958 0.015750
0 0.725521 0.574125 0.016667 0.016250
0 0.706771 0.566375 0.022917 0.010250
0 0.697917 0.573375 0.027083 0.008250
0 0.653125 0.564625 0.023958 0.014750
0 0.633333 0.579000 0.025000 0.013000
0 0.577604 0.567375 0.027083 0.013750
0 0.594792 0.556875 0.027083 0.009750
0 0.575000 0.548375 0.023958 0.011250
0 0.518750 0.621500 0.022917 0.016500
0 0.659896 0.629000 0.023958 0.013000
0 0.650000 0.629625 0.027083 0.017250
0 0.513802 0.619875 0.030729 0.013250
0 0.483594 0.610375 0.020313 0.009250
0 0.276562 0.604875 0.022917 0.014750
0 0.273698 0.621000 0.028646 0.012000
0 0.145052 0.635625 0.029687 0.015250
0 0.923438 0.431000 0.026042 0.014500
0 0.909375 0.437500 0.025000 0.011500
0 0.823958 0.433250 0.018750 0.013500
0 0.777344 0.450875 0.019271 0.008750
0 0.721094 0.455500 0.019271 0.011500
0 0.673438 0.465750 0.021875 0.010500
0 0.653906 0.465500 0.019271 0.011000
0 0.614062 0.472625 0.027083 0.014250
0 0.610417 0.473500 0.029167 0.012500
0 0.566406 0.481250 0.031771 0.013000
0 0.530208 0.500625 0.036458 0.016750
0 0.533594 0.501125 0.029687 0.016750
0 0.448698 0.450500 0.022396 0.012500
0 0.491146 0.409000 0.016667 0.012000
0 0.496354 0.399750 0.027083 0.016500
0 0.497917 0.398875 0.016667 0.015750
0 0.326302 0.397875 0.035937 0.014750
0 0.325260 0.397250 0.031771 0.013500
0 0.276562 0.410875 0.022917 0.013750
0 0.291146 0.378750 0.027083 0.018000
0 0.297396 0.368750 0.023958 0.017500
0 0.296875 0.375625 0.020833 0.014750
0 0.304688 0.339875 0.027083 0.015250
0 0.304427 0.339375 0.030729 0.014250
0 0.338281 0.333625 0.019271 0.015750
0 0.343229 0.327375 0.013542 0.008750
0 0.365885 0.315500 0.029687 0.017500
0 0.340885 0.312250 0.031771 0.014000
0 0.339844 0.313250 0.035937 0.013000
0 0.309896 0.302250 0.021875 0.011500
0 0.284375 0.303625 0.015625 0.009750
0 0.264062 0.293000 0.020833 0.011500
0 0.613281 0.331000 0.021354 0.016000
0 0.661458 0.338875 0.022917 0.010750
0 0.658594 0.309500 0.034896 0.018500
0 0.657031 0.310625 0.029687 0.015250
0 0.709635 0.309000 0.023438 0.013000
0 0.757292 0.246500 0.023958 0.014000
0 0.797396 0.235125 0.017708 0.016250
0 0.807552 0.258250 0.022396 0.013500
0 0.333594 0.286125 0.021354 0.014250
0 0.332031 0.287000 0.022396 0.012500
0 0.314583 0.262500 0.026042 0.011500
0 0.348958 0.265750 0.022917 0.014500
0 0.367188 0.267750 0.015625 0.012000
0 0.858073 0.194875 0.030729 0.019750
0 0.854687 0.194250 0.023958 0.018500
0 0.926302 0.169375 0.022396 0.016250
0 0.925260 0.193000 0.024479 0.012500
0 0.345052 0.119625 0.023438 0.010250
0 0.311719 0.181500 0.033854 0.013500
0 0.309375 0.211500 0.027083 0.018000
0 0.303125 0.209375 0.028125 0.015750
0 0.361458 0.198750 0.031250 0.018500
0 0.361979 0.194625 0.026042 0.015750
