0 0.224375 0.645833 0.007250 0.014583
0 0.248750 0.572656 0.005500 0.013021
0 0.325500 0.497135 0.006000 0.009896
0 0.317750 0.422656 0.006000 0.013021
0 0.324125 0.441146 0.006250 0.011458
0 0.332500 0.439323 0.008000 0.013021
0 0.370750 0.431250 0.006500 0.012500
0 0.378375 0.416667 0.006750 0.013542
0 0.371875 0.442188 0.005750 0.015625
0 0.367125 0.410156 0.005250 0.008854
0 0.396500 0.523958 0.007000 0.014583
0 0.397000 0.453125 0.005500 0.009375
0 0.395125 0.446615 0.006250 0.010937
0 0.394000 0.380729 0.005000 0.010417
0 0.423000 0.379427 0.007500 0.009896
0 0.406250 0.401823 0.005500 0.010937
0 0.404875 0.397135 0.005750 0.006771
0 0.438875 0.339062 0.008750 0.011458
0 0.417125 0.322656 0.004250 0.015104
0 0.423250 0.317969 0.005000 0.014063
0 0.448625 0.295052 0.007750 0.009896
0 0.432750 0.286979 0.005500 0.007292
0 0.433375 0.294531 0.005250 0.011979
0 0.460000 0.274740 0.006500 0.011979
0 0.473500 0.249740 0.008500 0.014063
0 0.464875 0.234635 0.004750 0.015104
0 0.480750 0.336198 0.007000 0.015104
0 0.483250 0.376302 0.005500 0.013021
0 0.501625 0.318229 0.006250 0.011458
0 0.516375 0.378385 0.008250 0.021354
0 0.502500 0.402344 0.005000 0.015104
0 0.503000 0.392188 0.006000 0.007292
0 0.503500 0.386198 0.006000 0.007812
0 0.490750 0.469792 0.005500 0.013542
0 0.492375 0.476302 0.004750 0.011979
0 0.496000 0.496875 0.007000 0.011458
0 0.488875 0.499219 0.003250 0.014063
0 0.491375 0.498437 0.004750 0.014583
0 0.520125 0.489844 0.004750 0.016146
0 0.524875 0.495052 0.005250 0.013021
0 0.528125 0.503906 0.005750 0.014063
0 0.511250 0.541927 0.009000 0.009896
0 0.543875 0.530208 0.005250 0.012500
0 0.544875 0.526823 0.005750 0.009896
0 0.508625 0.565365 0.005250 0.017188
0 0.506500 0.579167 0.005500 0.014583
0 0.528750 0.625260 0.005500 0.015104
0 0.542500 0.612500 0.007500 0.014583
0 0.553000 0.635156 0.005000 0.016146
0 0.558375 0.645052 0.005250 0.016146
0 0.558375 0.664323 0.005250 0.015104
0 0.571875 0.701562 0.007750 0.014583
0 0.484000 0.979948 0.007000 0.014063
0 0.535750 0.976302 0.006500 0.013021
0 0.538250 0.934375 0.005500 0.018750
0 0.522125 0.942708 0.006250 0.018750
0 0.458875 0.912240 0.005750 0.018229
0 0.506625 0.936458 0.006250 0.015625
0 0.542125 0.877865 0.004750 0.015104
0 0.529875 0.851042 0.003750 0.015625
0 0.500375 0.847917 0.004250 0.013542
0 0.505625 0.864583 0.005750 0.022917
0 0.544500 0.842708 0.003500 0.014583
0 0.546875 0.839583 0.003250 0.014583
0 0.569750 0.816667 0.006500 0.011458
0 0.572375 0.803385 0.006750 0.013021
0 0.543750 0.782031 0.008000 0.009896
0 0.533500 0.801042 0.005500 0.017708
0 0.525000 0.819792 0.002000 0.013542
0 0.527125 0.819531 0.002750 0.015104
0 0.564750 0.784375 0.005500 0.015625
0 0.529500 0.762240 0.004500 0.014063
0 0.509000 0.785156 0.004500 0.016146
0 0.505375 0.801562 0.003750 0.011458
0 0.514625 0.752604 0.008250 0.021875
0 0.541500 0.753125 0.003000 0.010417
0 0.544250 0.749479 0.005000 0.014583
0 0.553000 0.766406 0.002500 0.011979
0 0.555875 0.765885 0.004250 0.017188
0 0.487750 0.792708 0.007000 0.014583
0 0.518125 0.723698 0.005750 0.014063
0 0.517000 0.711979 0.006000 0.009375
0 0.493625 0.716406 0.005250 0.016146
0 0.507875 0.685937 0.004750 0.014583
0 0.510375 0.674740 0.007750 0.005729
0 0.510125 0.669531 0.006750 0.006771
0 0.501125 0.254688 0.003750 0.015625
0 0.508375 0.252865 0.007750 0.010937
0 0.501750 0.229687 0.006500 0.010417
0 0.533000 0.243750 0.010500 0.014583
0 0.545625 0.260677 0.004250 0.013021
0 0.563875 0.237500 0.005750 0.014583
0 0.580000 0.247396 0.006500 0.018750
0 0.594250 0.272135 0.004000 0.014063
0 0.598875 0.268490 0.004750 0.018229
0 0.609000 0.257812 0.007000 0.010417
0 0.551750 0.341667 0.006500 0.009375
0 0.573750 0.392969 0.006000 0.010937
0 0.572875 0.399219 0.005250 0.005729
0 0.616000 0.451302 0.006000 0.010937
0 0.619500 0.456771 0.007000 0.010417
0 0.618375 0.460417 0.005750 0.010417
0 0.615375 0.482552 0.007750 0.022396
0 0.643625 0.536719 0.005250 0.014063
0 0.645625 0.539844 0.003750 0.010937
0 0.612375 0.610938 0.008750 0.011458
0 0.626125 0.662500 0.008250 0.014583
0 0.659250 0.650260 0.007500 0.011979
0 0.687125 0.637760 0.002250 0.017188
0 0.689875 0.636979 0.003250 0.018750
0 0.716625 0.676562 0.003750 0.017708
0 0.713500 0.673698 0.003000 0.011979
0 0.713250 0.666667 0.002500 0.012500
0 0.710125 0.664583 0.003250 0.011458
0 0.728500 0.648698 0.002500 0.013021
0 0.731250 0.651302 0.002500 0.016146
0 0.717125 0.730729 0.006750 0.010417
0 0.726500 0.714583 0.005500 0.014583
0 0.738500 0.909896 0.007500 0.017708
0 0.767125 0.935156 0.008250 0.015104
0 0.779125 0.935417 0.006250 0.012500
0 0.813125 0.941406 0.006750 0.015104
0 0.845125 0.957552 0.006250 0.014063
0 0.673000 0.573698 0.008000 0.017188
0 0.709375 0.513021 0.008250 0.013542
0 0.648500 0.304948 0.008500 0.015104
0 0.666500 0.333594 0.007500 0.014063
0 0.671250 0.394010 0.008000 0.014063
0 0.737250 0.326302 0.008500 0.015104
0 0.737000 0.337240 0.006500 0.011979
0 0.706750 0.321615 0.008000 0.007812
0 0.703000 0.315885 0.006500 0.014063
0 0.817500 0.329167 0.008000 0.013542
0 0.882375 0.383073 0.009750 0.018229
0 0.887125 0.365104 0.007750 0.013542
0 0.794625 0.348438 0.009750 0.021875
0 0.725625 0.285417 0.008750 0.018750
0 0.662625 0.232552 0.006250 0.009896
0 0.658125 0.008073 0.005750 0.011979
0 0.812375 0.013281 0.007750 0.016146
0 0.773875 0.004427 0.007250 0.008854
0 0.766750 0.150000 0.006000 0.016667
0 0.683125 0.591406 0.005750 0.019271
0 0.708250 0.588021 0.015000 0.026042
0 0.296875 0.472396 0.004250 0.010417
0 0.261000 0.461719 0.004000 0.007812
0 0.204000 0.215104 0.006500 0.015625
0 0.225750 0.055990 0.005000 0.010937
0 0.233375 0.063021 0.007250 0.013542
0 0.242125 0.063281 0.004750 0.008854
