0 0.698125 0.515104 0.006250 0.007292
0 0.734875 0.549740 0.005250 0.007812
0 0.702875 0.585156 0.004250 0.013021
0 0.652000 0.481250 0.005000 0.012500
0 0.670875 0.666927 0.003250 0.013021
0 0.675250 0.629948 0.004000 0.008854
0 0.655625 0.692969 0.005750 0.010937
0 0.618750 0.741927 0.005000 0.014063
0 0.582375 0.759115 0.006250 0.015104
0 0.602000 0.730208 0.005000 0.007292
0 0.605625 0.735417 0.005750 0.009375
0 0.624250 0.704427 0.005500 0.008854
0 0.622250 0.692187 0.007000 0.012500
0 0.543500 0.729427 0.006500 0.010937
0 0.539250 0.686458 0.005500 0.011458
0 0.549250 0.650260 0.007000 0.010937
0 0.541375 0.643229 0.005750 0.009375
0 0.562375 0.672135 0.004250 0.009896
0 0.562375 0.648958 0.003750 0.012500
0 0.555750 0.615104 0.006500 0.009375
0 0.561000 0.607812 0.004000 0.014583
0 0.567125 0.578125 0.005250 0.010417
0 0.586750 0.546615 0.004500 0.010937
0 0.593125 0.540365 0.003250 0.014063
0 0.593250 0.529687 0.005000 0.009375
0 0.592250 0.472135 0.005500 0.009896
0 0.604625 0.474740 0.004750 0.011979
0 0.608875 0.457552 0.005750 0.014063
0 0.609375 0.344531 0.007250 0.009896
0 0.606000 0.407552 0.005500 0.008854
0 0.597750 0.406771 0.004000 0.014583
0 0.601875 0.408073 0.003750 0.015104
0 0.628375 0.384115 0.004250 0.011979
0 0.654125 0.294271 0.003250 0.011458
0 0.662375 0.272135 0.003250 0.014063
0 0.644625 0.296354 0.007250 0.008333
0 0.644625 0.275260 0.004750 0.013021
0 0.692125 0.197917 0.003250 0.010417
0 0.711875 0.120313 0.004250 0.012500
0 0.705875 0.127865 0.003750 0.013021
0 0.673125 0.122135 0.006750 0.011979
0 0.725750 0.063021 0.004000 0.007292
0 0.445250 0.785417 0.008000 0.010417
0 0.463625 0.573698 0.004250 0.015104
0 0.466625 0.656510 0.010250 0.014063
0 0.447500 0.479948 0.005500 0.011979
0 0.457250 0.469271 0.007000 0.009375
0 0.481125 0.462760 0.005750 0.011979
0 0.480750 0.424219 0.005500 0.011979
0 0.473000 0.421094 0.004500 0.013021
0 0.446250 0.415625 0.005000 0.014583
0 0.478375 0.516406 0.005250 0.008854
0 0.478375 0.539844 0.004750 0.009896
0 0.482500 0.529687 0.005500 0.011458
0 0.478000 0.622656 0.003500 0.010937
0 0.482125 0.717969 0.004750 0.010937
0 0.505125 0.822917 0.007250 0.016667
0 0.489750 0.848698 0.006000 0.011979
0 0.472625 0.858333 0.003750 0.016667
0 0.458625 0.841406 0.006750 0.010937
0 0.426750 0.869531 0.007000 0.009896
0 0.416875 0.637500 0.003750 0.014583
0 0.378250 0.621615 0.005000 0.011979
0 0.360375 0.565365 0.005250 0.011979
0 0.340375 0.515625 0.005250 0.010417
0 0.323750 0.456250 0.005500 0.012500
0 0.336875 0.491667 0.004250 0.008333
0 0.346250 0.439323 0.003500 0.014063
0 0.357625 0.386458 0.003750 0.012500
0 0.356500 0.433333 0.005000 0.009375
0 0.354250 0.443229 0.006000 0.010417
0 0.359875 0.419271 0.006750 0.013542
0 0.321500 0.374219 0.005500 0.009896
0 0.306500 0.404948 0.005000 0.010937
0 0.306750 0.415625 0.004000 0.010417
0 0.284000 0.355208 0.005000 0.011458
0 0.296250 0.352604 0.006000 0.008333
0 0.292250 0.272656 0.006500 0.010937
0 0.318250 0.333854 0.006500 0.013542
0 0.328750 0.267969 0.003500 0.010937
0 0.326250 0.272396 0.005500 0.008333
0 0.266750 0.261198 0.006000 0.011979
0 0.257500 0.298958 0.006000 0.011458
0 0.285375 0.259896 0.005250 0.009375
0 0.311625 0.199740 0.004750 0.011979
0 0.333625 0.185156 0.004750 0.010937
0 0.292375 0.185938 0.004750 0.010417
0 0.268125 0.186198 0.003750 0.011979
0 0.289125 0.244010 0.003250 0.009896
0 0.285000 0.243490 0.004500 0.009896
0 0.286000 0.249740 0.005000 0.007812
0 0.238750 0.068490 0.006000 0.014063
0 0.281375 0.069010 0.004250 0.013021
0 0.214750 0.158594 0.004000 0.006771
0 0.168875 0.103646 0.004250 0.009375
0 0.152750 0.099740 0.008500 0.009896
0 0.250000 0.028906 0.005500 0.014063
0 0.279125 0.018229 0.003750 0.012500
0 0.252625 0.004687 0.008750 0.009375
0 0.272875 0.504427 0.008250 0.008854
0 0.229500 0.488281 0.007500 0.008854
0 0.222625 0.446875 0.007250 0.007292
0 0.200625 0.476562 0.005750 0.011458
0 0.192500 0.525000 0.005500 0.013542
0 0.234875 0.563281 0.005750 0.013021
0 0.252375 0.567708 0.007250 0.008333
0 0.233750 0.575521 0.006000 0.008333
0 0.200375 0.597656 0.005250 0.013021
0 0.234875 0.597135 0.005750 0.006771
0 0.233250 0.606771 0.006500 0.012500
0 0.226125 0.663021 0.007750 0.012500
0 0.260625 0.654687 0.005750 0.009375
0 0.249125 0.633854 0.004250 0.013542
0 0.244125 0.632031 0.005750 0.008854
0 0.235625 0.650521 0.004750 0.010417
0 0.234375 0.641927 0.003250 0.008854
0 0.283500 0.681510 0.007000 0.013021
0 0.299625 0.667969 0.003750 0.016146
0 0.320875 0.702083 0.004250 0.014583
0 0.284250 0.709115 0.007000 0.010937
0 0.293875 0.733333 0.005250 0.011458
0 0.304500 0.736458 0.005500 0.014583
0 0.305875 0.764844 0.003750 0.011979
0 0.329750 0.775260 0.005000 0.013021
0 0.314000 0.755208 0.004500 0.012500
0 0.318875 0.751563 0.005250 0.014583
0 0.350125 0.740104 0.005250 0.013542
0 0.341500 0.781510 0.006500 0.010937
0 0.347125 0.818490 0.004250 0.014063
0 0.347375 0.791146 0.003750 0.014583
0 0.407375 0.742708 0.005750 0.015625
0 0.399250 0.937240 0.007000 0.009896
0 0.414250 0.960677 0.005500 0.014063
0 0.410250 0.933333 0.007500 0.014583
0 0.402375 0.988021 0.004750 0.011458
0 0.372750 0.934896 0.003500 0.012500
0 0.376875 0.938021 0.005750 0.012500
0 0.344125 0.980990 0.006250 0.014063
0 0.355750 0.989062 0.006000 0.011458
0 0.362125 0.985938 0.006750 0.008333
0 0.273250 0.931510 0.007500 0.011979
0 0.295625 0.620573 0.005250 0.009896
0 0.155625 0.615885 0.005750 0.013021
0 0.159250 0.603646 0.005000 0.012500
0 0.165000 0.567708 0.006500 0.013542
0 0.149125 0.564323 0.004750 0.011979
0 0.140625 0.554948 0.005750 0.011979
0 0.138000 0.541927 0.005500 0.011979
0 0.172000 0.412240 0.006000 0.009896
0 0.128500 0.428125 0.006500 0.009375
0 0.116875 0.425260 0.005750 0.010937
0 0.124250 0.372656 0.007000 0.007812
0 0.126750 0.341406 0.007000 0.008854
0 0.169375 0.379427 0.004250 0.013021
0 0.208375 0.408594 0.007250 0.010937
0 0.088625 0.391146 0.006750 0.009375
0 0.075000 0.376823 0.005000 0.014063
0 0.044000 0.474479 0.006000 0.010417
0 0.014625 0.476042 0.003250 0.014583
0 0.067250 0.610677 0.006500 0.010937
0 0.495875 0.019531 0.003250 0.015104
0 0.474625 0.047656 0.006250 0.011979
0 0.478250 0.065885 0.003500 0.013021
0 0.478625 0.005990 0.003250 0.011979
0 0.470000 0.109115 0.004000 0.015104
0 0.504625 0.183333 0.004750 0.010417
0 0.493875 0.201042 0.004750 0.012500
0 0.436625 0.185417 0.004750 0.016667
0 0.470375 0.234635 0.004250 0.013021
0 0.478125 0.314063 0.006250 0.008333
0 0.469875 0.214323 0.005250 0.015104
0 0.482625 0.230990 0.005750 0.007812
0 0.484250 0.224479 0.005500 0.008333
0 0.646500 0.706510 0.004500 0.007812
0 0.644750 0.694010 0.004500 0.009896
0 0.656375 0.837760 0.005250 0.011979
0 0.692625 0.905729 0.005750 0.015625
0 0.724875 0.920573 0.007250 0.010937
0 0.830875 0.848698 0.003750 0.010937
0 0.687250 0.957812 0.004000 0.013542
0 0.650500 0.921875 0.003000 0.010417
0 0.594375 0.935937 0.004250 0.012500
0 0.560500 0.906250 0.007000 0.009375
0 0.530250 0.900000 0.008000 0.014583
0 0.520000 0.850521 0.004000 0.016667
0 0.573375 0.814583 0.005250 0.010417
0 0.751250 0.441667 0.008000 0.010417
0 0.780375 0.460677 0.006250 0.015104
0 0.814125 0.412760 0.004250 0.014063
0 0.824625 0.378385 0.007250 0.014063
0 0.917500 0.284115 0.004500 0.013021
0 0.911125 0.341667 0.006750 0.012500
0 0.900750 0.272917 0.005000 0.011458
0 0.684750 0.280469 0.003500 0.008854
