0 0.230125 0.371354 0.006750 0.008333
0 0.235125 0.350000 0.006750 0.008333
0 0.261125 0.405469 0.005750 0.011979
0 0.272250 0.365625 0.006500 0.012500
0 0.334125 0.370573 0.004250 0.014063
0 0.337250 0.359635 0.005000 0.015104
0 0.343500 0.339844 0.004000 0.015104
0 0.316250 0.345833 0.005000 0.008333
0 0.315250 0.341146 0.006000 0.010417
0 0.397625 0.368490 0.008250 0.008854
0 0.382000 0.380990 0.004000 0.016146
0 0.344125 0.487500 0.007250 0.008333
0 0.386250 0.492448 0.004000 0.017188
0 0.396250 0.505208 0.008000 0.009375
0 0.378625 0.502865 0.007250 0.011979
0 0.344250 0.543490 0.005500 0.015104
0 0.367000 0.554948 0.004500 0.014063
0 0.370500 0.552865 0.006000 0.015104
0 0.321125 0.572396 0.004750 0.013542
0 0.341250 0.630990 0.004500 0.016146
0 0.344125 0.644010 0.005750 0.014063
0 0.345625 0.656250 0.004750 0.014583
0 0.310375 0.677604 0.004250 0.013542
0 0.313375 0.700781 0.004250 0.017188
0 0.330125 0.699219 0.005750 0.014063
0 0.327000 0.733854 0.005500 0.016667
0 0.322500 0.744792 0.007500 0.011458
0 0.321625 0.777865 0.006750 0.014063
0 0.328375 0.780990 0.004250 0.014063
0 0.351250 0.760417 0.006500 0.016667
0 0.361250 0.702344 0.007500 0.009896
0 0.354125 0.676823 0.006250 0.016146
0 0.375125 0.676562 0.007750 0.012500
0 0.364125 0.595833 0.004750 0.017708
0 0.482500 0.312500 0.008000 0.010417
0 0.502250 0.401562 0.004500 0.017708
0 0.446875 0.423177 0.003750 0.015104
0 0.455250 0.413802 0.007500 0.016146
0 0.439500 0.471615 0.006500 0.007812
0 0.433750 0.500000 0.006500 0.012500
0 0.439500 0.527344 0.006000 0.015104
0 0.445625 0.555990 0.004250 0.016146
0 0.461875 0.550781 0.003750 0.017188
0 0.449375 0.580208 0.006750 0.013542
0 0.445750 0.597917 0.004500 0.015625
0 0.432500 0.598437 0.005500 0.018750
0 0.439125 0.565365 0.002250 0.011979
0 0.441000 0.564323 0.003500 0.014063
0 0.440625 0.617969 0.004250 0.017188
0 0.444875 0.622396 0.002750 0.017708
0 0.449000 0.622656 0.002500 0.017188
0 0.451250 0.623698 0.003000 0.014063
0 0.438375 0.658854 0.004250 0.013542
0 0.441875 0.655990 0.004250 0.017188
0 0.448625 0.684375 0.005750 0.017708
0 0.463125 0.689323 0.004750 0.017188
0 0.444375 0.702344 0.006750 0.009896
0 0.439875 0.703385 0.003750 0.015104
0 0.422625 0.722917 0.004750 0.017708
0 0.450375 0.719792 0.004250 0.017708
0 0.450500 0.767708 0.007500 0.011458
0 0.454250 0.804427 0.005500 0.016146
0 0.461125 0.817187 0.004750 0.016667
0 0.458125 0.840625 0.005250 0.016667
0 0.463875 0.841927 0.002750 0.015104
0 0.466250 0.838802 0.003000 0.016146
0 0.478125 0.833073 0.004250 0.018229
0 0.473750 0.987240 0.005000 0.017188
0 0.506375 0.823177 0.007750 0.008854
0 0.494500 0.809115 0.008500 0.009896
0 0.484875 0.799219 0.004250 0.018229
0 0.505500 0.797656 0.004500 0.015104
0 0.500125 0.782031 0.004750 0.019271
0 0.493250 0.783854 0.006000 0.018750
0 0.492000 0.759375 0.003500 0.016667
0 0.489250 0.759115 0.002500 0.015104
0 0.516125 0.766146 0.004750 0.019792
0 0.517750 0.728125 0.007500 0.013542
0 0.501000 0.731510 0.004000 0.017188
0 0.492625 0.719271 0.005750 0.014583
0 0.493375 0.695312 0.004250 0.015625
0 0.497250 0.706510 0.004000 0.011979
0 0.498750 0.704167 0.004500 0.014583
0 0.502000 0.681771 0.004500 0.015625
0 0.522625 0.653906 0.004250 0.017188
0 0.480250 0.643229 0.005500 0.016667
0 0.492375 0.624740 0.007750 0.013021
0 0.489250 0.604167 0.004000 0.017708
0 0.498000 0.606250 0.005500 0.012500
0 0.501375 0.599479 0.006250 0.013542
0 0.522375 0.575260 0.003750 0.016146
0 0.489750 0.552344 0.006500 0.017188
0 0.493500 0.473438 0.005500 0.017708
0 0.534500 0.258594 0.006500 0.014063
0 0.538875 0.374479 0.004750 0.013542
0 0.554875 0.354948 0.004250 0.016146
0 0.561500 0.355469 0.007000 0.009896
0 0.563625 0.391146 0.003750 0.014583
0 0.574250 0.391927 0.009000 0.007812
0 0.571125 0.408854 0.006250 0.011458
0 0.577125 0.410677 0.005750 0.014063
0 0.591125 0.436198 0.007750 0.011979
0 0.573375 0.472396 0.003750 0.014583
0 0.579125 0.470052 0.007750 0.008854
0 0.580875 0.484115 0.006750 0.013021
0 0.592500 0.489323 0.006500 0.010937
0 0.574625 0.539844 0.005250 0.016146
0 0.605250 0.529687 0.004000 0.015625
0 0.609000 0.532552 0.003500 0.015104
0 0.617500 0.530729 0.005500 0.016667
0 0.591500 0.587760 0.005500 0.015104
0 0.598250 0.623437 0.004500 0.016667
0 0.617875 0.629948 0.004750 0.015104
0 0.601500 0.656510 0.005500 0.014063
0 0.592875 0.658594 0.006750 0.010937
0 0.600125 0.641146 0.004750 0.013542
0 0.602000 0.639583 0.003500 0.012500
0 0.570125 0.681250 0.006750 0.009375
0 0.576500 0.682031 0.004000 0.011979
0 0.578500 0.680990 0.004500 0.014063
0 0.575375 0.661458 0.005250 0.012500
0 0.576375 0.658333 0.003750 0.008333
0 0.599500 0.681771 0.005500 0.013542
0 0.600750 0.695052 0.005000 0.014063
0 0.592625 0.700781 0.005250 0.013021
0 0.598125 0.717708 0.004250 0.016667
0 0.619750 0.673438 0.005000 0.013542
0 0.623875 0.666406 0.005750 0.011979
0 0.550250 0.565625 0.007000 0.009375
0 0.544625 0.554427 0.006750 0.007812
0 0.588000 0.216927 0.005500 0.015104
0 0.596625 0.226042 0.003750 0.013542
0 0.600125 0.217969 0.003750 0.015104
0 0.321500 0.250000 0.007000 0.006250
0 0.323250 0.241927 0.007000 0.009896
0 0.315250 0.233854 0.005500 0.005208
0 0.314375 0.229427 0.006250 0.007812
0 0.729000 0.892969 0.006500 0.013021
