0 0.244531 0.559625 0.007812 0.004250
0 0.269531 0.572125 0.011979 0.006250
0 0.303906 0.581250 0.010937 0.005000
0 0.332552 0.586250 0.009896 0.004000
0 0.331771 0.564750 0.010417 0.004500
0 0.294271 0.543375 0.008333 0.005750
0 0.235417 0.504000 0.007292 0.006500
0 0.259896 0.506750 0.011458 0.003500
0 0.259115 0.503875 0.011979 0.003250
0 0.260156 0.502000 0.009896 0.003500
0 0.261198 0.495125 0.009896 0.005250
0 0.267969 0.491000 0.008854 0.005500
0 0.262500 0.487000 0.010417 0.003500
0 0.257031 0.488500 0.011979 0.004000
0 0.233594 0.491375 0.013021 0.003750
0 0.244792 0.496375 0.005208 0.005250
0 0.241667 0.495250 0.004167 0.004000
0 0.187240 0.475250 0.009896 0.005000
0 0.210156 0.467250 0.007812 0.006000
0 0.215365 0.466250 0.009896 0.005000
0 0.114323 0.445625 0.010937 0.004750
0 0.080990 0.431875 0.014063 0.004750
0 0.300781 0.522500 0.010937 0.002500
0 0.301042 0.526250 0.008333 0.003500
0 0.303385 0.525250 0.007812 0.003500
0 0.320573 0.528000 0.011979 0.005500
0 0.389323 0.524375 0.006771 0.006750
0 0.386979 0.518375 0.006250 0.005750
0 0.364844 0.495875 0.011979 0.004750
0 0.357552 0.488125 0.007812 0.005750
0 0.353385 0.487125 0.004687 0.005250
0 0.363542 0.462625 0.007292 0.006750
0 0.352604 0.463750 0.005208 0.005500
0 0.356510 0.463250 0.006771 0.006500
0 0.355208 0.456500 0.005208 0.005000
0 0.359375 0.456125 0.005208 0.006250
0 0.348698 0.447250 0.013021 0.004500
0 0.359635 0.445125 0.007812 0.006250
0 0.355729 0.439500 0.009375 0.006000
0 0.355208 0.435625 0.007292 0.006250
0 0.347656 0.438750 0.006771 0.007000
0 0.340104 0.442125 0.010417 0.004250
0 0.368229 0.433375 0.008333 0.005750
0 0.394531 0.500625 0.005729 0.005250
0 0.403385 0.516125 0.006771 0.005750
0 0.405469 0.520000 0.006771 0.004500
0 0.466146 0.539500 0.007292 0.006500
0 0.471094 0.531625 0.010937 0.003750
0 0.461719 0.528625 0.009896 0.004250
0 0.462760 0.527125 0.008854 0.003750
0 0.482031 0.513875 0.006771 0.007250
0 0.491146 0.509125 0.009375 0.005250
0 0.492448 0.505375 0.007812 0.005250
0 0.485156 0.507375 0.006771 0.005750
0 0.487240 0.501875 0.008854 0.003250
0 0.488542 0.503750 0.010417 0.003000
0 0.500521 0.490000 0.008333 0.004000
0 0.497135 0.488375 0.007812 0.005750
0 0.500521 0.473750 0.008333 0.007000
0 0.498958 0.467625 0.009375 0.006250
0 0.494792 0.466875 0.008333 0.004750
0 0.495573 0.463500 0.010937 0.004500
0 0.498958 0.456500 0.008333 0.006000
0 0.511198 0.451750 0.007812 0.005500
0 0.507812 0.450750 0.006250 0.004000
0 0.539323 0.434375 0.014063 0.004750
0 0.557552 0.410500 0.005729 0.006500
0 0.553385 0.410625 0.004687 0.005750
0 0.542188 0.462750 0.010417 0.004500
0 0.544792 0.461125 0.008333 0.003750
0 0.552604 0.468125 0.009375 0.004750
0 0.545833 0.469375 0.006250 0.003250
0 0.543229 0.470500 0.006250 0.004000
0 0.539323 0.469250 0.006771 0.005500
0 0.533594 0.477250 0.007812 0.006000
0 0.536458 0.480125 0.009375 0.004250
0 0.520312 0.503500 0.009375 0.004500
0 0.516927 0.505125 0.009896 0.004250
0 0.514323 0.507250 0.007812 0.004000
0 0.505990 0.521750 0.007812 0.006500
0 0.506250 0.527500 0.009375 0.003000
0 0.500260 0.529375 0.006771 0.004750
0 0.495573 0.537875 0.005729 0.005250
0 0.500000 0.538875 0.005208 0.004750
0 0.639062 0.531250 0.011458 0.003000
0 0.661458 0.533125 0.011458 0.002750
0 0.658333 0.530375 0.009375 0.005250
0 0.714844 0.524000 0.007812 0.006500
0 0.717969 0.519000 0.011979 0.003000
0 0.719792 0.515750 0.013542 0.003000
0 0.794792 0.504625 0.013542 0.003750
0 0.842187 0.493625 0.014583 0.003750
0 0.841667 0.490500 0.012500 0.004000
0 0.827083 0.484625 0.007292 0.005250
0 0.824219 0.483500 0.009896 0.006000
0 0.806771 0.487125 0.012500 0.004750
0 0.804948 0.484125 0.013021 0.003250
0 0.786458 0.483875 0.013542 0.005250
0 0.909375 0.470500 0.014583 0.003000
0 0.907813 0.468125 0.012500 0.002750
0 0.842187 0.509875 0.013542 0.002750
0 0.841927 0.508125 0.010937 0.002250
0 0.830208 0.508625 0.014583 0.003750
0 0.790104 0.523500 0.011458 0.003500
0 0.789583 0.521500 0.013542 0.003500
0 0.781771 0.519250 0.014583 0.003500
0 0.774740 0.522000 0.015104 0.003000
0 0.723958 0.546000 0.006250 0.005500
0 0.716146 0.543750 0.010417 0.002500
0 0.716406 0.545250 0.011979 0.003500
0 0.681510 0.546250 0.013021 0.005000
0 0.675521 0.552875 0.011458 0.003250
0 0.658073 0.556250 0.010937 0.004500
0 0.662240 0.559500 0.008854 0.004500
0 0.664583 0.547375 0.012500 0.004750
0 0.670052 0.548500 0.010937 0.002500
0 0.666667 0.551875 0.012500 0.005750
0 0.653385 0.616625 0.008854 0.007750
0 0.733854 0.667750 0.011458 0.004500
0 0.737500 0.666750 0.009375 0.003500
