0 0.308594 0.481375 0.016146 0.005250
0 0.361198 0.540375 0.014063 0.006750
0 0.379167 0.521000 0.009375 0.006500
0 0.383854 0.530500 0.005208 0.007500
0 0.379167 0.531000 0.005208 0.006000
0 0.436198 0.556750 0.007812 0.004000
0 0.548177 0.569000 0.010937 0.004000
0 0.498698 0.477125 0.006771 0.007250
0 0.463542 0.425625 0.009375 0.008250
0 0.557292 0.614625 0.011458 0.005250
0 0.600260 0.565125 0.009896 0.007750
0 0.668750 0.498000 0.012500 0.007000
0 0.672396 0.477250 0.012500 0.005000
0 0.720313 0.442125 0.010417 0.006250
0 0.715104 0.441500 0.007292 0.005500
0 0.885417 0.293125 0.008333 0.005750
0 0.853646 0.557250 0.016667 0.004500
0 0.879687 0.563750 0.010417 0.006500
0 0.916667 0.548875 0.012500 0.005250
0 0.955990 0.537125 0.010937 0.007250
0 0.576823 0.625750 0.009896 0.005500
