0 0.550750 0.692187 0.010000 0.019792
0 0.557000 0.666927 0.008500 0.016146
0 0.563000 0.619271 0.009500 0.023958
0 0.578625 0.647135 0.009750 0.017188
0 0.587000 0.538021 0.008000 0.017708
0 0.601250 0.548958 0.009500 0.022917
0 0.612125 0.427083 0.009250 0.023958
0 0.628125 0.437500 0.008750 0.021875
0 0.632500 0.428646 0.007000 0.019792
0 0.631875 0.407552 0.008250 0.024479
0 0.645750 0.414323 0.009500 0.024479
0 0.655375 0.409115 0.005250 0.021354
0 0.646750 0.450781 0.008000 0.022396
0 0.690750 0.448958 0.006500 0.021875
0 0.641875 0.382812 0.009750 0.020833
0 0.647625 0.375260 0.008750 0.017188
0 0.650375 0.341406 0.005750 0.020313
0 0.641375 0.337240 0.010250 0.023438
0 0.660875 0.337240 0.010250 0.023438
0 0.660500 0.302604 0.008500 0.017708
0 0.662750 0.314583 0.007000 0.022917
0 0.667750 0.314844 0.008000 0.022396
0 0.669125 0.298958 0.007750 0.018750
0 0.666625 0.279167 0.010250 0.019792
0 0.666625 0.259375 0.009250 0.022917
0 0.675750 0.334375 0.006500 0.017708
0 0.681000 0.318750 0.007000 0.014583
0 0.680375 0.334896 0.008750 0.021875
0 0.689875 0.333594 0.008250 0.022396
0 0.688250 0.353385 0.011000 0.019271
0 0.697125 0.370052 0.008250 0.016146
0 0.702875 0.352083 0.010250 0.023958
0 0.714375 0.349219 0.009250 0.021354
0 0.703250 0.295312 0.009500 0.023958
0 0.707250 0.304427 0.010500 0.024479
0 0.691875 0.251563 0.007750 0.023958
0 0.679000 0.210417 0.010000 0.017708
0 0.707375 0.211719 0.010750 0.022396
0 0.724625 0.232292 0.009250 0.019792
0 0.729500 0.240625 0.010500 0.020833
0 0.753750 0.224219 0.009500 0.020313
0 0.765625 0.240104 0.007750 0.018750
0 0.747625 0.288281 0.006250 0.019271
0 0.724750 0.137500 0.010000 0.021875
0 0.497625 0.627083 0.014250 0.029167
0 0.497625 0.625000 0.012750 0.029167
0 0.489625 0.591146 0.008750 0.026042
0 0.494125 0.501563 0.010250 0.022917
0 0.492125 0.469792 0.005750 0.018750
0 0.505500 0.455990 0.009000 0.024479
0 0.516250 0.432031 0.006500 0.017188
0 0.502125 0.397135 0.007250 0.017188
0 0.482500 0.388542 0.009000 0.020833
0 0.469250 0.407552 0.013000 0.022396
0 0.469875 0.396354 0.012750 0.026042
0 0.473125 0.380469 0.011250 0.018229
0 0.467375 0.360156 0.012750 0.026562
0 0.493500 0.347656 0.009000 0.021354
0 0.496875 0.297135 0.008750 0.021354
0 0.486125 0.280729 0.010750 0.018750
0 0.478375 0.289323 0.009250 0.019271
0 0.485125 0.216927 0.012750 0.021354
0 0.511875 0.244792 0.008250 0.020833
0 0.511875 0.228906 0.006250 0.018229
0 0.516250 0.214844 0.007000 0.025521
0 0.520000 0.230990 0.006500 0.023438
0 0.524375 0.228646 0.004750 0.017708
0 0.519750 0.175521 0.009500 0.027083
0 0.451625 0.187760 0.012750 0.019271
0 0.456250 0.179167 0.009000 0.025000
0 0.461625 0.170833 0.010250 0.027083
0 0.446500 0.161719 0.009000 0.026562
0 0.486500 0.118750 0.009000 0.032292
0 0.508125 0.071615 0.007250 0.021354
0 0.494375 0.015885 0.010750 0.018229
0 0.497625 0.020833 0.014250 0.028125
0 0.480250 0.005729 0.015000 0.011458
0 0.522250 0.297917 0.007500 0.020833
0 0.410000 0.573698 0.010500 0.027604
0 0.419625 0.557031 0.008750 0.026562
0 0.423125 0.532031 0.007250 0.020313
0 0.396875 0.512240 0.012750 0.016146
0 0.343750 0.435156 0.011500 0.018229
0 0.332625 0.430990 0.008250 0.017188
0 0.326125 0.444531 0.010250 0.018229
0 0.332000 0.461979 0.017500 0.032292
0 0.333125 0.462500 0.015750 0.034375
0 0.322250 0.416667 0.008000 0.021875
0 0.315625 0.408073 0.007250 0.024479
0 0.283125 0.388281 0.006250 0.020313
0 0.333875 0.364063 0.009750 0.021875
0 0.337250 0.370312 0.011500 0.021875
0 0.345750 0.397135 0.012000 0.022396
0 0.318125 0.313802 0.009250 0.019271
0 0.265375 0.188281 0.009250 0.019271
0 0.313125 0.515885 0.012750 0.021354
