0 0.211250 0.886719 0.006500 0.006771
0 0.210875 0.897656 0.005750 0.013021
0 0.237125 0.842187 0.007750 0.013542
0 0.298250 0.833333 0.005000 0.007292
0 0.301125 0.827865 0.006250 0.007812
0 0.335125 0.794531 0.003250 0.010937
0 0.332875 0.789323 0.004250 0.010937
0 0.364750 0.782552 0.004000 0.009896
0 0.366875 0.778646 0.005250 0.008333
0 0.349250 0.668229 0.004500 0.012500
0 0.334375 0.645312 0.004750 0.011458
0 0.213625 0.499219 0.004250 0.009896
0 0.090125 0.259896 0.006250 0.008333
0 0.194375 0.432552 0.004250 0.013021
0 0.198500 0.400000 0.006500 0.010417
0 0.239000 0.493490 0.005000 0.013021
0 0.284000 0.481250 0.007000 0.009375
0 0.335125 0.627604 0.006250 0.008333
0 0.376875 0.516667 0.005750 0.007292
0 0.350125 0.436198 0.004750 0.010937
0 0.347625 0.427604 0.004250 0.010417
0 0.346875 0.365885 0.004750 0.010937
0 0.342500 0.353385 0.005000 0.014063
0 0.344375 0.388802 0.003750 0.011979
0 0.346000 0.388021 0.003000 0.010417
0 0.318500 0.319792 0.004500 0.013542
0 0.324375 0.296094 0.004250 0.014063
0 0.333000 0.327604 0.007000 0.013542
0 0.326375 0.338281 0.004750 0.007812
0 0.325375 0.334896 0.004250 0.007292
0 0.322500 0.253125 0.002500 0.012500
0 0.320500 0.252865 0.002000 0.011979
0 0.273750 0.154948 0.003000 0.013021
0 0.277000 0.153385 0.003500 0.014063
0 0.305500 0.127604 0.004500 0.012500
0 0.307500 0.126042 0.003500 0.011458
0 0.329375 0.147135 0.004750 0.015104
0 0.321750 0.217708 0.005500 0.010417
0 0.306500 0.194010 0.002500 0.011979
0 0.308625 0.194010 0.003250 0.014063
0 0.334875 0.193750 0.006750 0.006250
0 0.335625 0.201302 0.004250 0.010937
0 0.332250 0.265625 0.006000 0.010417
0 0.336625 0.262760 0.005750 0.008854
0 0.351875 0.307292 0.005750 0.009375
0 0.356125 0.355990 0.006250 0.009896
0 0.357625 0.293750 0.005250 0.009375
0 0.358500 0.290885 0.004000 0.008854
0 0.359000 0.383854 0.005500 0.009375
0 0.359250 0.378385 0.004500 0.008854
0 0.373375 0.386719 0.003250 0.008854
0 0.374500 0.383854 0.004500 0.010417
0 0.374500 0.450260 0.004500 0.010937
0 0.378625 0.460156 0.006750 0.008854
0 0.396875 0.513281 0.005250 0.007812
0 0.459500 0.569531 0.002500 0.011979
0 0.461500 0.569271 0.003000 0.012500
0 0.477250 0.276302 0.006500 0.010937
0 0.498500 0.237760 0.005500 0.015104
0 0.534125 0.015365 0.005250 0.013021
0 0.543875 0.033854 0.003750 0.013542
0 0.539250 0.077344 0.004500 0.011979
0 0.532250 0.060677 0.004000 0.017188
0 0.534750 0.107552 0.004500 0.014063
0 0.522750 0.152344 0.005000 0.011979
0 0.512250 0.170573 0.005000 0.011979
0 0.514500 0.185938 0.003500 0.010417
0 0.510750 0.183594 0.003000 0.013021
0 0.514375 0.235677 0.003750 0.015104
0 0.505750 0.267708 0.004000 0.009375
0 0.504250 0.274740 0.004500 0.011979
0 0.498125 0.304167 0.003750 0.011458
0 0.497125 0.312500 0.003750 0.007292
0 0.507000 0.326562 0.005000 0.009375
0 0.508000 0.335677 0.004500 0.009896
0 0.509875 0.353906 0.004250 0.011979
0 0.502875 0.359375 0.004750 0.010417
0 0.499125 0.384896 0.005750 0.009375
0 0.496500 0.402604 0.005000 0.012500
0 0.491500 0.405990 0.005000 0.009896
0 0.497625 0.416927 0.004250 0.009896
0 0.492875 0.424219 0.003750 0.010937
0 0.494625 0.421875 0.003250 0.008333
0 0.482750 0.400260 0.003000 0.009896
0 0.476750 0.743229 0.005000 0.009375
0 0.558875 0.536458 0.005750 0.010417
0 0.590125 0.495052 0.004750 0.009896
0 0.594625 0.489844 0.005250 0.009896
0 0.631875 0.402604 0.003750 0.009375
0 0.630750 0.401042 0.004500 0.010417
0 0.664125 0.326042 0.005750 0.010417
0 0.758375 0.167448 0.002750 0.010937
0 0.755625 0.163802 0.005250 0.011979
0 0.810250 0.057812 0.002500 0.012500
0 0.808500 0.058073 0.002000 0.010937
0 0.792750 0.146354 0.004500 0.013542
0 0.786000 0.170573 0.004000 0.011979
0 0.787500 0.182292 0.004000 0.008333
0 0.786500 0.191667 0.004500 0.012500
0 0.782125 0.193490 0.003750 0.014063
0 0.768750 0.229687 0.004000 0.012500
0 0.750000 0.259896 0.005000 0.012500
0 0.697500 0.343229 0.006000 0.013542
0 0.632000 0.453906 0.005000 0.014063
0 0.599625 0.526302 0.004750 0.010937
0 0.620875 0.466146 0.003250 0.010417
0 0.618375 0.478385 0.003250 0.009896
0 0.616875 0.481250 0.002750 0.008333
0 0.619375 0.468490 0.002250 0.007812
0 0.601250 0.500000 0.002500 0.010417
0 0.599125 0.501823 0.002250 0.008854
0 0.650000 0.662240 0.004000 0.008854
0 0.647125 0.666667 0.004250 0.009375
0 0.643500 0.667708 0.004500 0.009375
0 0.684625 0.597396 0.005250 0.005208
0 0.684625 0.593490 0.005750 0.003646
0 0.728625 0.592708 0.005750 0.012500
0 0.784750 0.587760 0.005500 0.009896
0 0.790875 0.561979 0.006750 0.009375
0 0.802875 0.579427 0.004750 0.005729
0 0.803750 0.575260 0.005000 0.004687
0 0.796875 0.516927 0.005750 0.006771
0 0.796875 0.512500 0.005250 0.004167
0 0.828875 0.489323 0.005250 0.008854
0 0.828000 0.482812 0.005000 0.006250
0 0.882500 0.510677 0.004000 0.010937
0 0.850000 0.585417 0.005000 0.011458
0 0.827875 0.591406 0.005750 0.009896
0 0.760000 0.624740 0.006000 0.013021
0 0.752250 0.620833 0.004500 0.010417
0 0.769750 0.613802 0.003000 0.011979
0 0.771875 0.613802 0.002750 0.010937
0 0.668375 0.671615 0.006250 0.011979
0 0.478875 0.805990 0.004250 0.010937
0 0.501750 0.815885 0.005000 0.009896
0 0.516625 0.818229 0.005250 0.009375
0 0.632750 0.855990 0.003000 0.010937
0 0.635000 0.854948 0.003000 0.010937
0 0.657125 0.863542 0.003250 0.013542
0 0.691375 0.881771 0.005250 0.010417
0 0.710750 0.863542 0.006000 0.010417
0 0.720375 0.856510 0.004750 0.008854
0 0.735375 0.881771 0.004750 0.015625
0 0.769375 0.925260 0.003750 0.008854
0 0.769875 0.932552 0.003250 0.008854
0 0.701375 0.926562 0.004750 0.012500
0 0.650625 0.901302 0.006250 0.007812
0 0.632875 0.874740 0.004250 0.007812
0 0.631250 0.870573 0.004000 0.009896
0 0.624500 0.880990 0.002500 0.009896
0 0.627250 0.880469 0.003000 0.009896
0 0.661375 0.888542 0.003250 0.009375
