0 0.218490 0.585125 0.009896 0.003250
0 0.269792 0.584125 0.010417 0.004750
0 0.342187 0.596375 0.006250 0.005750
0 0.426823 0.541375 0.008854 0.004750
0 0.388021 0.522750 0.007292 0.005000
0 0.394531 0.517375 0.009896 0.004750
0 0.415365 0.494500 0.008854 0.004500
0 0.668229 0.358750 0.008333 0.005000
0 0.545833 0.418750 0.010417 0.005000
0 0.518750 0.433875 0.008333 0.005250
0 0.513542 0.422000 0.007292 0.004500
0 0.514583 0.519875 0.010417 0.002750
0 0.515885 0.517625 0.008854 0.002250
0 0.611979 0.540250 0.011458 0.005500
0 0.684375 0.486875 0.008333 0.004750
