0 0.288375 0.017969 0.006250 0.020313
0 0.301000 0.021615 0.005000 0.019271
0 0.316250 0.076823 0.004000 0.017188
0 0.312875 0.075521 0.002750 0.016667
0 0.299750 0.083073 0.006000 0.016146
0 0.288125 0.090365 0.004750 0.018229
0 0.295875 0.105208 0.005250 0.016667
0 0.300375 0.099219 0.004250 0.015104
0 0.301500 0.108854 0.006000 0.015625
0 0.304875 0.109375 0.003750 0.016667
0 0.309125 0.111719 0.006250 0.015104
0 0.304125 0.167969 0.006250 0.016146
0 0.295125 0.160938 0.006750 0.014583
0 0.287250 0.141927 0.007500 0.016146
0 0.266000 0.146354 0.006000 0.020833
0 0.296750 0.187240 0.004000 0.014063
0 0.294250 0.187240 0.003500 0.013021
0 0.281375 0.186198 0.003750 0.016146
0 0.278250 0.186979 0.004000 0.013542
0 0.291750 0.218750 0.004000 0.016667
0 0.295125 0.219792 0.002750 0.014583
0 0.299000 0.212240 0.005500 0.016146
0 0.287750 0.237500 0.003500 0.014583
0 0.286000 0.237500 0.003500 0.016667
0 0.283625 0.234896 0.004250 0.013542
0 0.283000 0.296354 0.004500 0.017708
0 0.276375 0.298177 0.005250 0.016146
0 0.279000 0.309375 0.007000 0.008333
0 0.293125 0.301302 0.005750 0.016146
0 0.281250 0.380990 0.005500 0.011979
0 0.288625 0.369010 0.003750 0.010937
0 0.286750 0.367969 0.004500 0.013021
0 0.284750 0.365885 0.004500 0.013021
0 0.300500 0.349740 0.004000 0.017188
0 0.308875 0.363542 0.008250 0.007292
0 0.314250 0.365365 0.007000 0.010937
0 0.341625 0.323698 0.005750 0.007812
0 0.342500 0.319271 0.008000 0.008333
0 0.395000 0.227344 0.007500 0.009896
0 0.406875 0.221094 0.006750 0.011979
0 0.407750 0.217188 0.006000 0.007292
0 0.513875 0.146354 0.006750 0.007292
0 0.519875 0.151562 0.007250 0.009375
0 0.517750 0.130990 0.006500 0.007812
0 0.561000 0.069010 0.006500 0.008854
0 0.594000 0.119792 0.007500 0.007292
0 0.602625 0.168490 0.006250 0.008854
0 0.618250 0.158333 0.004500 0.006250
0 0.620000 0.155208 0.005000 0.011458
0 0.623375 0.153385 0.005250 0.010937
0 0.586250 0.176563 0.006500 0.010417
0 0.597125 0.214323 0.005750 0.006771
0 0.597125 0.208854 0.006250 0.005208
0 0.581750 0.198698 0.007000 0.013021
0 0.562875 0.203906 0.005250 0.007812
0 0.563500 0.199219 0.006000 0.007812
0 0.554625 0.220312 0.006250 0.006250
0 0.553500 0.211979 0.006000 0.008333
0 0.549875 0.221615 0.005250 0.010937
0 0.556375 0.235156 0.006750 0.007812
0 0.555250 0.245312 0.006000 0.008333
0 0.532875 0.221875 0.005750 0.005208
0 0.533250 0.216406 0.006000 0.006771
0 0.529250 0.248438 0.006000 0.005208
0 0.529000 0.243750 0.006000 0.005208
0 0.524000 0.181250 0.006500 0.009375
0 0.495500 0.198958 0.006000 0.015625
0 0.511000 0.223177 0.005500 0.008854
0 0.515875 0.236458 0.007250 0.009375
0 0.513750 0.265104 0.005000 0.008333
0 0.513625 0.260156 0.005750 0.009896
0 0.508375 0.258854 0.006250 0.005208
0 0.508625 0.253646 0.006750 0.008333
0 0.481500 0.275260 0.006000 0.011979
0 0.478250 0.280729 0.004500 0.011458
0 0.424625 0.285938 0.006250 0.014583
0 0.420500 0.277344 0.007000 0.007812
0 0.408125 0.272396 0.005750 0.010417
0 0.402500 0.275000 0.005000 0.009375
0 0.398000 0.278385 0.005000 0.006771
0 0.413375 0.267188 0.006250 0.008333
0 0.415125 0.271875 0.006750 0.009375
0 0.326500 0.454687 0.007500 0.009375
0 0.369875 0.402344 0.006750 0.009896
0 0.397625 0.387240 0.007750 0.009896
0 0.398500 0.367448 0.008500 0.009896
0 0.432625 0.350521 0.006250 0.006250
0 0.431875 0.345052 0.006750 0.006771
0 0.443750 0.349479 0.006500 0.009375
0 0.445375 0.345833 0.005250 0.010417
0 0.453250 0.369271 0.007000 0.010417
0 0.475250 0.390365 0.008500 0.009896
0 0.508500 0.340104 0.006500 0.007292
0 0.511750 0.336719 0.008000 0.010937
0 0.533875 0.350260 0.005750 0.009896
0 0.530000 0.358073 0.004500 0.008854
0 0.528375 0.355469 0.005250 0.013021
0 0.541500 0.353385 0.005500 0.010937
0 0.552375 0.332292 0.006250 0.005208
0 0.552250 0.326823 0.006000 0.005729
0 0.558875 0.346615 0.005250 0.011979
0 0.555375 0.348698 0.004750 0.013021
0 0.550125 0.368229 0.005250 0.008333
0 0.548625 0.372656 0.005750 0.007812
0 0.548375 0.379948 0.006750 0.006771
0 0.579125 0.378906 0.005250 0.016146
0 0.586625 0.375781 0.007250 0.010937
0 0.575625 0.346875 0.003250 0.014583
0 0.577750 0.347135 0.002500 0.011979
0 0.589125 0.309375 0.007250 0.012500
0 0.617500 0.300000 0.006000 0.008333
0 0.617625 0.295312 0.006750 0.007292
0 0.635750 0.269271 0.005000 0.014583
0 0.643500 0.309115 0.006000 0.009896
0 0.631875 0.314583 0.005750 0.009375
0 0.626875 0.316667 0.005250 0.007292
0 0.690750 0.398177 0.006500 0.007812
0 0.379000 0.511719 0.007500 0.010937
0 0.410375 0.521875 0.005750 0.011458
0 0.408375 0.515104 0.006250 0.011458
0 0.413500 0.533594 0.005500 0.016146
0 0.424375 0.521875 0.006750 0.007292
0 0.421125 0.517188 0.006750 0.006250
0 0.422250 0.513802 0.007000 0.006771
0 0.428875 0.551823 0.007750 0.008854
0 0.427875 0.559115 0.004750 0.009896
0 0.432375 0.561198 0.005250 0.006771
0 0.442000 0.551042 0.008000 0.011458
0 0.463625 0.513281 0.006750 0.010937
0 0.465625 0.497396 0.003750 0.005208
0 0.469500 0.494531 0.004500 0.007812
0 0.471875 0.535156 0.005750 0.009896
0 0.469500 0.532552 0.005500 0.008854
0 0.469375 0.528385 0.005750 0.005729
0 0.466500 0.578906 0.006000 0.006771
0 0.466625 0.573698 0.006250 0.008854
0 0.442250 0.601823 0.009000 0.011979
0 0.489250 0.595573 0.007000 0.010937
0 0.503750 0.586198 0.007000 0.009896
0 0.500875 0.556771 0.006250 0.010417
0 0.502375 0.550521 0.005750 0.007292
0 0.490000 0.530208 0.007000 0.007292
0 0.490375 0.522396 0.006750 0.008333
0 0.489500 0.513021 0.008000 0.008333
0 0.484625 0.524219 0.005250 0.013021
0 0.481875 0.530729 0.005250 0.007292
0 0.479000 0.527083 0.005500 0.004167
0 0.479250 0.522656 0.006000 0.006771
0 0.497000 0.510417 0.006000 0.008333
0 0.498125 0.507292 0.005250 0.007292
0 0.514000 0.509896 0.007500 0.008333
0 0.512375 0.523958 0.006750 0.011458
0 0.507250 0.530729 0.007000 0.010417
0 0.509500 0.549219 0.005000 0.010937
0 0.522125 0.534896 0.006750 0.008333
0 0.521375 0.526042 0.006250 0.008333
0 0.522875 0.518750 0.006250 0.009375
0 0.522750 0.508854 0.005500 0.007292
0 0.518875 0.489063 0.006750 0.009375
0 0.538625 0.477865 0.002750 0.011979
0 0.541125 0.479948 0.003250 0.008854
0 0.540750 0.508854 0.003500 0.014583
0 0.537125 0.500781 0.004250 0.011979
0 0.544875 0.507031 0.004750 0.007812
0 0.537125 0.528385 0.005250 0.011979
0 0.527625 0.538021 0.004750 0.007292
0 0.528500 0.533594 0.005500 0.006771
0 0.558375 0.508594 0.004250 0.010937
0 0.556875 0.506771 0.004250 0.012500
0 0.558250 0.497135 0.006500 0.008854
0 0.563875 0.498958 0.006250 0.007292
0 0.563000 0.492969 0.005000 0.004687
0 0.557750 0.536719 0.006000 0.007812
0 0.559000 0.543229 0.006000 0.008333
0 0.568250 0.598177 0.007000 0.010937
0 0.584500 0.504687 0.005500 0.006250
0 0.584625 0.510677 0.005250 0.006771
0 0.587875 0.517708 0.005250 0.010417
0 0.590000 0.512500 0.004500 0.010417
0 0.593375 0.502344 0.005750 0.007812
0 0.591500 0.491146 0.006500 0.011458
0 0.591500 0.491667 0.006000 0.011458
0 0.597625 0.491927 0.005750 0.009896
0 0.598500 0.488281 0.005500 0.006771
0 0.603875 0.530729 0.005750 0.008333
0 0.616250 0.514062 0.009500 0.016667
0 0.615625 0.516927 0.007250 0.018229
0 0.633000 0.485417 0.004500 0.005208
0 0.632500 0.481250 0.005500 0.006250
0 0.415250 0.696094 0.002500 0.013021
0 0.418250 0.698698 0.004000 0.013021
0 0.428125 0.709115 0.004250 0.013021
0 0.420625 0.728385 0.006750 0.014063
0 0.439875 0.724479 0.005750 0.013542
0 0.439875 0.717448 0.003750 0.007812
0 0.448625 0.750260 0.005750 0.008854
0 0.451250 0.765885 0.004000 0.015104
0 0.461000 0.798177 0.003500 0.013021
0 0.463500 0.799219 0.004000 0.010937
0 0.477250 0.817708 0.005000 0.011458
0 0.477625 0.828906 0.005250 0.010937
0 0.486375 0.858594 0.004750 0.015104
0 0.492250 0.865885 0.006000 0.014063
0 0.512125 0.906250 0.004750 0.011458
0 0.514375 0.917708 0.004750 0.010417
0 0.520375 0.945573 0.004750 0.009896
0 0.511875 0.963021 0.005250 0.014583
0 0.513875 0.960938 0.004750 0.010417
0 0.509750 0.936458 0.005000 0.008333
0 0.506375 0.939063 0.005250 0.014583
0 0.502875 0.918490 0.005750 0.013021
0 0.472375 0.934896 0.006250 0.013542
0 0.474750 0.927344 0.006500 0.007812
0 0.468500 0.908073 0.006500 0.014063
0 0.477625 0.887500 0.006250 0.013542
0 0.468375 0.882812 0.006750 0.011458
0 0.474125 0.869531 0.008250 0.009896
0 0.471750 0.858594 0.005500 0.011979
0 0.474625 0.853385 0.007250 0.010937
0 0.460875 0.861198 0.006250 0.005729
0 0.460500 0.855469 0.007500 0.006771
0 0.464375 0.845052 0.007250 0.008854
0 0.447125 0.854687 0.007250 0.012500
0 0.450625 0.848437 0.007250 0.013542
0 0.462625 0.832552 0.004250 0.016146
0 0.459375 0.828906 0.003750 0.017188
0 0.439250 0.828125 0.005500 0.015625
0 0.444500 0.823958 0.005500 0.017708
0 0.451875 0.798177 0.008250 0.014063
0 0.437000 0.803385 0.005500 0.011979
0 0.439000 0.799740 0.006500 0.014063
0 0.429125 0.784375 0.006750 0.007292
0 0.429625 0.778906 0.008250 0.007812
