0 0.213250 0.874740 0.008500 0.016146
0 0.305875 0.898698 0.006250 0.010937
0 0.312500 0.896615 0.006500 0.010937
0 0.310625 0.887760 0.007250 0.010937
0 0.361000 0.843229 0.007500 0.012500
0 0.337250 0.811979 0.007500 0.010417
0 0.326500 0.795573 0.006500 0.005729
0 0.326250 0.790625 0.006000 0.005208
0 0.253375 0.650781 0.006750 0.008854
0 0.239375 0.644792 0.006250 0.012500
0 0.225875 0.648958 0.003750 0.013542
0 0.268000 0.679688 0.004500 0.013542
0 0.270750 0.688281 0.006500 0.005729
0 0.271250 0.693490 0.008500 0.005729
0 0.204500 0.500000 0.004500 0.015625
0 0.213625 0.285417 0.009750 0.019792
0 0.262875 0.222917 0.007250 0.016667
0 0.221375 0.390365 0.005250 0.015104
0 0.284750 0.451562 0.009000 0.010417
0 0.301125 0.426823 0.006750 0.011979
0 0.294750 0.503646 0.004000 0.012500
0 0.292375 0.502344 0.003750 0.015104
0 0.284375 0.416927 0.009250 0.021354
0 0.325250 0.543750 0.005000 0.013542
0 0.328500 0.555469 0.005000 0.010937
0 0.319625 0.598437 0.005750 0.012500
0 0.289500 0.594531 0.009000 0.009896
0 0.354500 0.628125 0.005000 0.011458
0 0.349750 0.621875 0.005500 0.009375
0 0.353625 0.670312 0.003750 0.015625
0 0.357500 0.674219 0.004000 0.014063
0 0.371125 0.735677 0.004750 0.014063
0 0.374250 0.747656 0.005000 0.008854
0 0.376250 0.756771 0.004000 0.007292
0 0.380750 0.759115 0.005000 0.014063
0 0.389875 0.803646 0.006250 0.013542
0 0.406375 0.837500 0.005250 0.014583
0 0.415125 0.833854 0.004750 0.014583
0 0.423375 0.747396 0.006750 0.010417
0 0.418125 0.627604 0.005250 0.013542
0 0.417250 0.615885 0.004000 0.009896
0 0.427500 0.612240 0.003500 0.014063
0 0.427875 0.581250 0.002750 0.011458
0 0.428500 0.572396 0.003000 0.009375
0 0.429125 0.562240 0.003750 0.011979
0 0.449125 0.472135 0.003250 0.011979
0 0.440375 0.473438 0.006250 0.011458
0 0.418875 0.499740 0.003250 0.011979
0 0.417375 0.498437 0.003750 0.014583
0 0.433500 0.433594 0.004500 0.013021
0 0.433250 0.422135 0.004000 0.010937
0 0.425625 0.353646 0.004250 0.014583
0 0.436375 0.327083 0.005750 0.011458
0 0.423375 0.330990 0.006750 0.010937
0 0.422375 0.325781 0.005250 0.009896
0 0.421125 0.323177 0.003250 0.010937
0 0.426500 0.236198 0.004000 0.016146
0 0.430625 0.229948 0.005250 0.008854
0 0.438500 0.242448 0.003500 0.013021
0 0.440750 0.240365 0.004500 0.011979
0 0.430250 0.151302 0.005000 0.014063
0 0.495000 0.115365 0.004000 0.016146
0 0.456875 0.089323 0.006750 0.011979
0 0.451375 0.018750 0.007750 0.017708
0 0.451250 0.866406 0.007500 0.008854
0 0.451750 0.854948 0.005500 0.015104
0 0.469625 0.747396 0.004250 0.015625
0 0.468750 0.738802 0.007000 0.009896
0 0.472375 0.728646 0.004750 0.011458
0 0.490625 0.676562 0.004750 0.013542
0 0.488375 0.668229 0.007250 0.007292
0 0.497750 0.639062 0.006500 0.008333
0 0.503625 0.639583 0.006250 0.008333
0 0.500500 0.647396 0.004000 0.008333
0 0.501250 0.651302 0.006500 0.008854
0 0.498000 0.610156 0.005500 0.015104
0 0.517500 0.579167 0.007500 0.010417
0 0.513000 0.618750 0.006500 0.010417
0 0.512375 0.614583 0.004750 0.006250
0 0.521250 0.459375 0.008500 0.008333
0 0.528500 0.484375 0.007000 0.010417
0 0.540625 0.510417 0.006250 0.009375
0 0.553000 0.502604 0.004500 0.011458
0 0.546875 0.522656 0.004750 0.010937
0 0.545625 0.518229 0.006750 0.005208
0 0.549875 0.510938 0.003750 0.007292
0 0.546625 0.510938 0.003750 0.009375
0 0.536125 0.427344 0.004250 0.009896
0 0.545250 0.410938 0.007000 0.011458
0 0.565500 0.413542 0.007000 0.009375
0 0.556750 0.459896 0.005500 0.006250
0 0.556375 0.464844 0.004750 0.005729
0 0.561250 0.466927 0.005000 0.014063
0 0.571500 0.455729 0.005500 0.009375
0 0.570500 0.451302 0.005000 0.007812
0 0.591125 0.399219 0.004750 0.010937
0 0.595125 0.395313 0.005250 0.009375
0 0.594000 0.391406 0.005500 0.007812
0 0.611000 0.336979 0.007000 0.008333
0 0.602125 0.336979 0.006750 0.012500
0 0.601125 0.345313 0.006250 0.004167
0 0.601500 0.349219 0.006500 0.004687
0 0.609500 0.355990 0.003500 0.006771
0 0.606875 0.354427 0.004250 0.006771
0 0.635500 0.186458 0.005000 0.009375
0 0.643000 0.472135 0.006000 0.015104
0 0.600500 0.538802 0.006500 0.013021
0 0.552500 0.714844 0.007500 0.014063
0 0.543875 0.730208 0.006750 0.011458
0 0.522625 0.754948 0.008250 0.009896
0 0.524500 0.765365 0.006500 0.011979
