0 0.851562 0.728125 0.010417 0.004250
0 0.896615 0.728500 0.011979 0.003500
0 0.893490 0.724375 0.008854 0.005250
0 0.872917 0.703000 0.008333 0.006000
0 0.919531 0.708125 0.007812 0.005750
0 0.925260 0.707125 0.006771 0.004750
0 0.933073 0.701500 0.009896 0.005000
0 0.912760 0.695000 0.008854 0.004500
0 0.889062 0.631875 0.009375 0.005750
0 0.863281 0.614500 0.004687 0.004500
0 0.867969 0.614750 0.006771 0.005000
0 0.776302 0.604500 0.008854 0.005500
0 0.753646 0.628875 0.007292 0.004250
0 0.767708 0.630625 0.008333 0.006250
0 0.731771 0.663375 0.007292 0.006250
0 0.744531 0.657750 0.006771 0.005000
0 0.759896 0.655625 0.007292 0.005750
0 0.745573 0.653875 0.006771 0.002750
0 0.748958 0.674750 0.007292 0.005500
0 0.727344 0.699500 0.009896 0.006000
0 0.715885 0.719750 0.006771 0.006000
0 0.724740 0.726875 0.010937 0.003750
0 0.725000 0.715750 0.010417 0.003000
0 0.749479 0.719875 0.009375 0.003250
0 0.747917 0.717250 0.010417 0.003000
0 0.671615 0.763875 0.010937 0.004750
0 0.747396 0.753375 0.009375 0.004750
0 0.703906 0.757250 0.008854 0.006000
0 0.717448 0.767875 0.008854 0.003750
0 0.721094 0.768750 0.006771 0.005000
0 0.718490 0.818250 0.008854 0.005000
0 0.642188 0.798750 0.008333 0.004500
0 0.731510 0.557250 0.004687 0.004500
0 0.727083 0.557125 0.004167 0.003750
0 0.715104 0.583000 0.009375 0.006000
0 0.691406 0.586625 0.008854 0.005250
0 0.657813 0.620500 0.011458 0.004000
0 0.664844 0.624000 0.009896 0.003500
0 0.695573 0.627000 0.008854 0.002500
0 0.694531 0.624875 0.010937 0.002250
0 0.626042 0.645375 0.011458 0.004750
0 0.625260 0.658375 0.006771 0.004750
0 0.626823 0.661500 0.011979 0.002000
0 0.627604 0.663875 0.011458 0.002250
0 0.525000 0.697375 0.011458 0.005250
0 0.532292 0.709750 0.012500 0.003500
0 0.523438 0.704125 0.009375 0.003250
0 0.523698 0.702125 0.011979 0.002750
0 0.511979 0.707125 0.009375 0.007750
0 0.421094 0.782125 0.014063 0.004250
0 0.268229 0.795625 0.012500 0.004250
0 0.336719 0.768500 0.009896 0.004500
0 0.280469 0.759625 0.014063 0.004750
0 0.353385 0.756125 0.011979 0.003250
0 0.348958 0.754625 0.009375 0.004250
0 0.390625 0.716125 0.007292 0.007250
0 0.456771 0.706500 0.010417 0.004500
0 0.486458 0.708250 0.006250 0.005500
0 0.483073 0.707625 0.005729 0.004250
0 0.507031 0.691000 0.008854 0.005500
0 0.501563 0.690750 0.008333 0.005500
0 0.496615 0.688375 0.008854 0.004250
0 0.495312 0.686875 0.008333 0.002750
0 0.522917 0.673250 0.012500 0.004500
0 0.551823 0.666750 0.007812 0.006000
0 0.534375 0.666625 0.009375 0.005250
0 0.527604 0.667750 0.007292 0.005000
0 0.537760 0.658250 0.006771 0.005000
0 0.585417 0.652500 0.009375 0.006000
0 0.584896 0.645750 0.012500 0.005000
0 0.558854 0.647500 0.011458 0.004000
0 0.592969 0.639125 0.007812 0.006250
0 0.639583 0.610500 0.008333 0.005000
0 0.655469 0.608750 0.008854 0.004500
0 0.649479 0.607750 0.009375 0.004500
0 0.654427 0.603750 0.005729 0.004500
0 0.651042 0.602125 0.006250 0.005250
0 0.676823 0.591875 0.004687 0.004250
0 0.672656 0.592000 0.006771 0.005500
0 0.586458 0.569375 0.007292 0.004750
0 0.553646 0.577125 0.010417 0.004750
0 0.528385 0.582875 0.008854 0.005250
0 0.092188 0.615875 0.011458 0.002750
0 0.095833 0.614250 0.011458 0.002500
0 0.096094 0.612375 0.009896 0.002250
0 0.145313 0.593375 0.012500 0.005250
0 0.162500 0.593125 0.011458 0.004750
0 0.190365 0.587125 0.010937 0.004250
0 0.188542 0.584000 0.011458 0.004000
0 0.221094 0.587125 0.010937 0.002750
0 0.220833 0.584375 0.012500 0.003250
0 0.250260 0.595000 0.013021 0.004000
0 0.309115 0.570625 0.009896 0.004750
0 0.330990 0.582125 0.007812 0.004250
0 0.333594 0.580875 0.007812 0.003750
0 0.346094 0.567500 0.010937 0.004500
0 0.379167 0.580625 0.009375 0.005750
0 0.416667 0.567500 0.010417 0.003500
0 0.437240 0.562000 0.006771 0.003500
0 0.439583 0.561000 0.009375 0.004500
0 0.460417 0.563125 0.010417 0.004250
0 0.441927 0.557375 0.009896 0.004250
0 0.512500 0.551125 0.007292 0.006250
0 0.522135 0.552500 0.006771 0.003000
0 0.523958 0.551875 0.009375 0.004250
0 0.526302 0.548750 0.010937 0.003500
0 0.539583 0.552500 0.010417 0.005000
0 0.591927 0.544500 0.010937 0.002000
0 0.591146 0.542625 0.010417 0.002250
0 0.568229 0.544875 0.004167 0.003750
0 0.564844 0.545000 0.003646 0.004000
0 0.561719 0.544000 0.003646 0.004500
0 0.587500 0.533750 0.012500 0.003000
0 0.479948 0.533250 0.007812 0.003500
0 0.425521 0.552125 0.008333 0.004250
0 0.375781 0.554875 0.011979 0.004250
0 0.351823 0.535500 0.013021 0.004500
0 0.222396 0.569375 0.012500 0.003750
0 0.195833 0.563000 0.009375 0.004000
0 0.193490 0.561750 0.007812 0.002500
0 0.065625 0.591625 0.014583 0.005250
0 0.088802 0.571000 0.011979 0.004500
0 0.635677 0.486375 0.009896 0.003750
0 0.652344 0.491500 0.007812 0.003500
0 0.655990 0.491000 0.006771 0.003000
0 0.600260 0.481500 0.007812 0.003500
0 0.548958 0.477625 0.010417 0.003250
0 0.539583 0.476375 0.011458 0.003250
0 0.531250 0.471500 0.012500 0.003500
0 0.504427 0.475125 0.009896 0.004750
0 0.502604 0.468625 0.008333 0.002750
0 0.503646 0.467125 0.010417 0.002750
0 0.384375 0.453375 0.010417 0.005250
0 0.420052 0.454375 0.006771 0.003250
0 0.421615 0.453375 0.009896 0.003750
0 0.331771 0.440750 0.012500 0.003500
0 0.366667 0.446625 0.012500 0.004750
0 0.329167 0.436125 0.012500 0.004250
0 0.317969 0.442875 0.010937 0.002750
0 0.318490 0.441125 0.009896 0.002250
0 0.217188 0.425625 0.010417 0.005250
0 0.130469 0.397625 0.009896 0.006250
0 0.015365 0.365375 0.008854 0.003750
0 0.022135 0.364500 0.009896 0.004000
0 0.373958 0.435000 0.006250 0.006000
0 0.421094 0.445000 0.007812 0.005000
0 0.585156 0.446375 0.008854 0.004250
0 0.650781 0.342875 0.004687 0.004250
0 0.654687 0.342625 0.004167 0.004250
0 0.658594 0.340750 0.006771 0.003500
0 0.618750 0.318000 0.007292 0.002000
0 0.618490 0.316375 0.008854 0.001750
0 0.831250 0.385500 0.012500 0.005000
