0 0.641500 0.663021 0.005000 0.010417
0 0.692875 0.748698 0.007250 0.011979
0 0.659500 0.764844 0.004500 0.016146
0 0.586250 0.609635 0.007000 0.014063
0 0.591500 0.596875 0.003000 0.014583
0 0.589000 0.595313 0.002500 0.012500
0 0.570375 0.700781 0.003750 0.010937
0 0.569375 0.716927 0.004750 0.014063
0 0.472875 0.972396 0.005750 0.013542
0 0.299000 0.527083 0.008500 0.009375
0 0.324125 0.450521 0.007250 0.011458
0 0.343375 0.472656 0.007250 0.009896
0 0.402625 0.491146 0.007250 0.011458
0 0.440625 0.476823 0.005750 0.011979
0 0.477625 0.455208 0.006750 0.011458
0 0.469750 0.497917 0.007500 0.010417
0 0.465750 0.509115 0.008000 0.011979
0 0.586000 0.448437 0.004500 0.009375
0 0.588625 0.439323 0.007250 0.007812
0 0.609750 0.391927 0.005500 0.011979
0 0.464625 0.512240 0.004750 0.009896
0 0.561875 0.315625 0.004750 0.014583
0 0.537000 0.303385 0.007000 0.010937
0 0.528875 0.315104 0.006750 0.011458
0 0.496625 0.350260 0.007250 0.009896
0 0.509250 0.306771 0.007000 0.011458
0 0.503125 0.286458 0.004250 0.012500
0 0.459750 0.276562 0.005500 0.015625
0 0.426250 0.287240 0.006500 0.010937
0 0.442625 0.311458 0.006750 0.009375
0 0.513875 0.329427 0.005750 0.006771
0 0.510500 0.342448 0.005500 0.005729
0 0.510625 0.347656 0.005750 0.008854
0 0.516000 0.338281 0.006000 0.010937
0 0.537875 0.353125 0.007250 0.008333
0 0.537875 0.346354 0.006750 0.008333
0 0.535125 0.339323 0.006250 0.006771
0 0.633750 0.237500 0.006500 0.013542
0 0.630250 0.180729 0.007500 0.009375
0 0.659750 0.127865 0.005000 0.017188
0 0.683375 0.111719 0.005750 0.014063
0 0.660000 0.181250 0.004000 0.013542
0 0.662125 0.180208 0.004250 0.013542
0 0.643375 0.067969 0.005250 0.016146
