0 0.034375 0.812240 0.004750 0.013021
0 0.052375 0.871094 0.007750 0.013021
0 0.087875 0.777865 0.006750 0.010937
0 0.118250 0.828906 0.008500 0.011979
0 0.119875 0.859896 0.006250 0.014583
0 0.123000 0.886198 0.007000 0.014063
0 0.140500 0.795312 0.008500 0.012500
0 0.140125 0.758073 0.006750 0.014063
0 0.188250 0.735417 0.007500 0.009375
0 0.169500 0.827083 0.007500 0.014583
0 0.154625 0.882292 0.008250 0.013542
0 0.183250 0.870312 0.006500 0.014583
0 0.191875 0.904167 0.007250 0.016667
0 0.201000 0.858333 0.006500 0.011458
0 0.222625 0.859896 0.006750 0.011458
0 0.237625 0.816146 0.006750 0.011458
0 0.257125 0.842187 0.006750 0.010417
0 0.209375 0.798958 0.007750 0.012500
0 0.214375 0.775260 0.006750 0.011979
0 0.217500 0.765885 0.007500 0.014063
0 0.222375 0.812760 0.006750 0.013021
0 0.220875 0.799740 0.006250 0.013021
0 0.244750 0.792969 0.006000 0.015104
0 0.251500 0.798177 0.006000 0.011979
0 0.253000 0.811979 0.005500 0.013542
0 0.265125 0.859635 0.006750 0.009896
0 0.283000 0.788021 0.007000 0.010417
0 0.303750 0.828385 0.006500 0.009896
0 0.305000 0.818750 0.008500 0.010417
0 0.316500 0.815365 0.007000 0.013021
0 0.303000 0.784896 0.009500 0.017708
0 0.347125 0.832812 0.004750 0.011458
0 0.318375 0.788021 0.005250 0.009375
0 0.323750 0.780469 0.007500 0.011979
0 0.355375 0.763281 0.007250 0.009896
0 0.342000 0.805729 0.002500 0.009375
0 0.343250 0.815625 0.003500 0.012500
0 0.400875 0.811198 0.005250 0.010937
0 0.406125 0.753906 0.006750 0.009896
0 0.381750 0.758333 0.004000 0.012500
0 0.383375 0.745313 0.009750 0.011458
0 0.417750 0.652604 0.005500 0.011458
0 0.377625 0.582552 0.007250 0.010937
0 0.363375 0.571615 0.007250 0.007812
0 0.361125 0.561719 0.006750 0.009896
0 0.338375 0.502604 0.004750 0.011458
0 0.306750 0.507812 0.005500 0.010417
0 0.306000 0.494792 0.004500 0.014583
0 0.278125 0.483854 0.006750 0.009375
0 0.275750 0.459375 0.006000 0.013542
0 0.283250 0.444271 0.007500 0.012500
0 0.300750 0.442708 0.011000 0.017708
0 0.261875 0.459635 0.007250 0.009896
0 0.265000 0.469531 0.007500 0.007812
0 0.266125 0.477344 0.006750 0.008854
0 0.247125 0.390885 0.005750 0.015104
0 0.261500 0.392188 0.003500 0.013542
0 0.266250 0.393490 0.006000 0.009896
0 0.293375 0.373958 0.006250 0.013542
0 0.231625 0.366927 0.007750 0.008854
0 0.217875 0.372396 0.005750 0.014583
0 0.211875 0.430729 0.007750 0.011458
0 0.175375 0.385937 0.007250 0.013542
0 0.161250 0.371615 0.007500 0.010937
0 0.156750 0.348177 0.006500 0.014063
0 0.191625 0.341667 0.004250 0.015625
0 0.170500 0.296094 0.006000 0.007812
0 0.165125 0.291927 0.004750 0.010937
0 0.210875 0.285417 0.006250 0.014583
0 0.042875 0.230469 0.008250 0.011979
0 0.018000 0.153385 0.008000 0.009896
0 0.323750 0.097656 0.004000 0.016146
0 0.330375 0.108854 0.005250 0.015625
0 0.322000 0.116667 0.007000 0.020833
0 0.349625 0.109375 0.004750 0.011458
0 0.368375 0.141406 0.003750 0.015104
0 0.372625 0.143750 0.004750 0.012500
0 0.382250 0.194271 0.004000 0.012500
0 0.385750 0.207031 0.007500 0.013021
0 0.395750 0.260417 0.005000 0.015625
0 0.353875 0.332552 0.004250 0.015104
0 0.386875 0.345833 0.005250 0.017708
0 0.401750 0.300000 0.004000 0.011458
0 0.404875 0.296354 0.006250 0.011458
0 0.404750 0.347396 0.004500 0.011458
0 0.409250 0.346615 0.004000 0.007812
0 0.393375 0.276302 0.003750 0.007812
0 0.394125 0.284896 0.003250 0.009375
0 0.397750 0.286198 0.004000 0.014063
0 0.418125 0.491406 0.005250 0.009896
0 0.423875 0.479948 0.004250 0.011979
0 0.471125 0.621615 0.006750 0.008854
0 0.512500 0.482552 0.005000 0.010937
0 0.509375 0.391927 0.004250 0.015104
0 0.537625 0.247135 0.004750 0.017188
0 0.545750 0.175781 0.006000 0.010937
0 0.550750 0.161719 0.005000 0.017188
0 0.542000 0.082292 0.003500 0.016667
0 0.546875 0.079948 0.004750 0.016146
0 0.542875 0.047917 0.006250 0.012500
0 0.554875 0.046875 0.003750 0.014583
0 0.561375 0.021094 0.006250 0.016146
0 0.548500 0.024479 0.004500 0.014583
0 0.541625 0.022135 0.003250 0.016146
0 0.544375 0.021354 0.002250 0.015625
0 0.630750 0.041406 0.006000 0.006771
0 0.679500 0.044010 0.005500 0.016146
0 0.684750 0.082292 0.006000 0.011458
0 0.696000 0.100781 0.005000 0.011979
0 0.684375 0.144271 0.005250 0.010417
0 0.679375 0.178906 0.005250 0.011979
0 0.659625 0.174479 0.004250 0.013542
0 0.652250 0.174740 0.006500 0.008854
0 0.640875 0.154167 0.005250 0.013542
0 0.633375 0.175260 0.003250 0.010937
0 0.629125 0.165365 0.005250 0.009896
0 0.613125 0.175521 0.004750 0.011458
0 0.625125 0.246354 0.006750 0.009375
0 0.613750 0.276042 0.004000 0.010417
0 0.618625 0.279948 0.003750 0.016146
0 0.623000 0.270833 0.004000 0.012500
0 0.630625 0.282552 0.003250 0.013021
0 0.625875 0.281250 0.005750 0.010417
0 0.600375 0.311198 0.005750 0.007812
0 0.608500 0.319010 0.004500 0.013021
0 0.606250 0.343229 0.005500 0.011458
0 0.584500 0.334115 0.004500 0.010937
0 0.603375 0.357812 0.006750 0.010417
0 0.618750 0.325260 0.006500 0.013021
0 0.594250 0.425260 0.006000 0.014063
0 0.590375 0.461719 0.006750 0.009896
0 0.654875 0.528385 0.005250 0.011979
0 0.661875 0.517708 0.005250 0.010417
0 0.672875 0.483073 0.006250 0.013021
0 0.692625 0.459635 0.006250 0.010937
0 0.695750 0.450260 0.005500 0.009896
0 0.716250 0.413542 0.006500 0.009375
0 0.715625 0.404427 0.006250 0.007812
0 0.731625 0.375781 0.005250 0.015104
0 0.744625 0.373177 0.004250 0.013021
0 0.743250 0.391667 0.006000 0.010417
0 0.758250 0.374740 0.006500 0.010937
0 0.764250 0.333854 0.005500 0.010417
0 0.780125 0.341667 0.006250 0.008333
0 0.837500 0.272396 0.006500 0.010417
0 0.820250 0.260937 0.004000 0.013542
0 0.822125 0.247396 0.004250 0.012500
0 0.859250 0.285156 0.006000 0.011979
0 0.865875 0.225000 0.004750 0.010417
0 0.875375 0.212500 0.005750 0.008333
0 0.873625 0.192188 0.005250 0.008333
0 0.875125 0.199740 0.006250 0.007812
0 0.844125 0.132031 0.006250 0.014063
0 0.908875 0.145313 0.005750 0.014583
0 0.901000 0.089844 0.005500 0.011979
0 0.856625 0.052865 0.004250 0.011979
0 0.925000 0.092708 0.005500 0.013542
0 0.929625 0.089323 0.003250 0.010937
0 0.930375 0.105990 0.005250 0.010937
0 0.933500 0.116667 0.005000 0.013542
0 0.963250 0.098958 0.004000 0.012500
0 0.986875 0.089063 0.005250 0.015625
0 0.885875 0.027604 0.005250 0.008333
0 0.629875 0.769010 0.004750 0.014063
0 0.634000 0.743750 0.005000 0.012500
0 0.656375 0.775000 0.004750 0.007292
0 0.654875 0.767969 0.006250 0.008854
0 0.655500 0.759375 0.006500 0.009375
0 0.723000 0.746354 0.007500 0.011458
0 0.702500 0.831510 0.005500 0.010937
0 0.709750 0.720052 0.004000 0.013021
0 0.714125 0.717187 0.003750 0.010417
0 0.762375 0.729427 0.007750 0.009896
0 0.752250 0.715104 0.008000 0.010417
0 0.747250 0.710156 0.006000 0.007812
0 0.748750 0.703125 0.006500 0.010417
0 0.755750 0.793750 0.006000 0.013542
0 0.751250 0.911458 0.006000 0.013542
0 0.782375 0.835417 0.006750 0.014583
0 0.836625 0.813802 0.005750 0.016146
0 0.849875 0.798438 0.006750 0.015625
0 0.879125 0.838281 0.005750 0.018229
0 0.866625 0.831771 0.004250 0.014583
0 0.863125 0.836458 0.002750 0.013542
0 0.853500 0.711458 0.005000 0.011458
0 0.850000 0.694792 0.007000 0.013542
0 0.868500 0.703906 0.004000 0.013021
0 0.876625 0.721094 0.008250 0.016146
0 0.875875 0.759375 0.006750 0.011458
0 0.884500 0.756510 0.005500 0.008854
0 0.898375 0.715365 0.006750 0.011979
0 0.916250 0.725781 0.006500 0.009896
0 0.914875 0.738281 0.006750 0.011979
0 0.943375 0.805990 0.005250 0.014063
0 0.967000 0.802083 0.007000 0.009375
0 0.968500 0.822396 0.006000 0.014583
0 0.953750 0.720833 0.009500 0.013542
0 0.966750 0.719271 0.007500 0.012500
0 0.881875 0.639323 0.007250 0.007812
0 0.922375 0.250260 0.005750 0.010937
