0 0.255469 0.445750 0.008854 0.004000
0 0.258594 0.477875 0.008854 0.006750
0 0.269531 0.494500 0.011979 0.004500
0 0.280990 0.473125 0.011979 0.003250
0 0.247656 0.432750 0.003646 0.003000
0 0.245052 0.431750 0.005729 0.004000
0 0.384896 0.492625 0.011458 0.004750
0 0.392969 0.487625 0.011979 0.005250
0 0.407812 0.488250 0.011458 0.005000
0 0.421875 0.497000 0.013542 0.004500
0 0.435937 0.496750 0.007292 0.005000
0 0.453385 0.499500 0.009896 0.004000
0 0.447135 0.502500 0.007812 0.003500
0 0.443490 0.501375 0.007812 0.003250
0 0.480990 0.511500 0.010937 0.003500
0 0.475521 0.509625 0.008333 0.003250
0 0.529167 0.510625 0.011458 0.004750
0 0.492969 0.470250 0.008854 0.004000
0 0.488281 0.465000 0.011979 0.005000
0 0.503125 0.462375 0.008333 0.005750
0 0.498958 0.461250 0.008333 0.004500
0 0.497135 0.460250 0.007812 0.003500
0 0.493750 0.452375 0.007292 0.006250
0 0.490885 0.450875 0.007812 0.004250
0 0.485677 0.437500 0.008854 0.005000
0 0.492448 0.434000 0.006771 0.006500
0 0.450521 0.406625 0.007292 0.007250
0 0.381510 0.378125 0.009896 0.004750
0 0.431510 0.378500 0.010937 0.005000
0 0.432812 0.382375 0.004167 0.005250
0 0.428125 0.382125 0.005208 0.006750
0 0.417187 0.365625 0.009375 0.003750
0 0.419531 0.363625 0.009896 0.005250
0 0.422917 0.363000 0.008333 0.004500
0 0.360677 0.357250 0.009896 0.005000
0 0.565625 0.510000 0.008333 0.005000
0 0.601302 0.475375 0.010937 0.005750
0 0.633333 0.455250 0.006250 0.004500
0 0.627865 0.454625 0.004687 0.004250
0 0.627344 0.433875 0.009896 0.005750
0 0.619010 0.428875 0.004687 0.006250
0 0.623437 0.427375 0.009375 0.004750
0 0.658854 0.421375 0.008333 0.005750
0 0.647656 0.408625 0.010937 0.005750
0 0.651302 0.406500 0.010937 0.004500
0 0.648177 0.401500 0.005729 0.005500
0 0.644271 0.401000 0.007292 0.006000
0 0.698177 0.367125 0.009896 0.003750
0 0.699219 0.363750 0.013021 0.003500
0 0.649219 0.299500 0.008854 0.007000
0 0.676823 0.427875 0.008854 0.005750
0 0.680729 0.497750 0.011458 0.004000
0 0.687500 0.496625 0.010417 0.005750
0 0.796875 0.459000 0.006250 0.005000
0 0.799740 0.458000 0.005729 0.005500
0 0.886979 0.427750 0.006250 0.005500
0 0.879167 0.429000 0.008333 0.004500
0 0.882812 0.426000 0.008333 0.004000
0 0.880729 0.424750 0.010417 0.004500
0 0.878125 0.423625 0.008333 0.004250
0 0.941667 0.405375 0.005208 0.004250
0 0.946354 0.405125 0.006250 0.006250
0 0.615365 0.541000 0.006771 0.006500
0 0.673958 0.550500 0.011458 0.004000
0 0.684115 0.551125 0.007812 0.005750
0 0.674740 0.542375 0.014063 0.004750
0 0.691667 0.545750 0.007292 0.004000
0 0.699740 0.545375 0.009896 0.005250
0 0.676823 0.565125 0.008854 0.007250
0 0.706510 0.573000 0.013021 0.004000
0 0.734896 0.570500 0.015625 0.005000
0 0.750781 0.560500 0.008854 0.007000
0 0.727344 0.548875 0.005729 0.005250
0 0.734375 0.549000 0.011458 0.003000
0 0.772135 0.555500 0.006771 0.005500
0 0.779687 0.555750 0.011458 0.005000
0 0.867188 0.562000 0.009375 0.005500
0 0.885417 0.571250 0.010417 0.006500
0 0.260156 0.059875 0.015104 0.006250
0 0.412500 0.222750 0.011458 0.006000
0 0.622396 0.078250 0.013542 0.008500
