0 0.235937 0.355375 0.010417 0.005750
0 0.177344 0.365000 0.013021 0.007500
0 0.268750 0.386250 0.012500 0.003500
0 0.278125 0.409625 0.007292 0.005750
0 0.459896 0.427500 0.013542 0.004000
0 0.493229 0.395250 0.013542 0.004000
0 0.540365 0.379125 0.014063 0.004750
0 0.567448 0.390250 0.007812 0.006500
0 0.512760 0.418500 0.011979 0.005000
0 0.524479 0.419125 0.008333 0.004750
0 0.518490 0.422500 0.007812 0.003500
0 0.568490 0.415750 0.007812 0.004500
0 0.566146 0.407625 0.011458 0.003750
0 0.554948 0.407125 0.007812 0.005250
0 0.537760 0.410500 0.005729 0.003500
0 0.535417 0.408000 0.008333 0.004500
0 0.574219 0.401500 0.006771 0.005000
0 0.586198 0.403625 0.008854 0.005250
0 0.590885 0.397875 0.009896 0.005250
0 0.723177 0.374000 0.007812 0.005000
0 0.709115 0.371500 0.005729 0.006000
0 0.766927 0.371500 0.014063 0.005000
0 0.755208 0.367500 0.007292 0.005000
0 0.703385 0.363875 0.015104 0.004250
0 0.705729 0.359625 0.013542 0.003250
0 0.703385 0.354000 0.011979 0.005500
0 0.739844 0.348500 0.014063 0.005500
0 0.781771 0.348000 0.014583 0.005500
0 0.719792 0.345500 0.011458 0.004500
0 0.717187 0.339875 0.007292 0.006750
0 0.720313 0.331750 0.012500 0.005500
0 0.734375 0.320625 0.016667 0.006750
0 0.778125 0.361000 0.008333 0.004500
0 0.783333 0.370750 0.007292 0.005000
0 0.789062 0.374375 0.009375 0.003750
0 0.857292 0.358375 0.008333 0.005750
0 0.870573 0.342625 0.011979 0.003750
0 0.905990 0.349250 0.011979 0.005500
0 0.902083 0.336375 0.007292 0.006250
0 0.838542 0.324000 0.015625 0.005000
0 0.775521 0.310500 0.006250 0.007000
0 0.789062 0.311500 0.019792 0.007000
0 0.926562 0.343250 0.007292 0.006500
0 0.936979 0.340000 0.013542 0.004000
0 0.945312 0.336250 0.009375 0.006000
0 0.935417 0.334125 0.013542 0.005750
0 0.923958 0.320000 0.012500 0.005500
0 0.938281 0.307375 0.015104 0.005750
0 0.971875 0.321500 0.006250 0.006500
0 0.979167 0.330250 0.008333 0.008000
0 0.976823 0.348000 0.011979 0.004500
0 0.974479 0.353250 0.010417 0.004000
0 0.979427 0.310875 0.007812 0.007250
0 0.992969 0.303500 0.013021 0.004500
0 0.460417 0.466625 0.012500 0.004750
0 0.461719 0.481375 0.006771 0.003750
0 0.396875 0.506000 0.010417 0.006500
0 0.461719 0.524375 0.008854 0.003750
0 0.476042 0.526250 0.010417 0.004500
0 0.493490 0.519375 0.007812 0.006250
0 0.554167 0.502000 0.008333 0.007500
0 0.541927 0.522625 0.008854 0.005250
0 0.553646 0.522875 0.013542 0.004750
0 0.574740 0.531125 0.015104 0.006250
0 0.589583 0.520000 0.011458 0.008500
0 0.632812 0.526125 0.009375 0.006750
0 0.631250 0.532750 0.008333 0.006000
0 0.640365 0.531375 0.005729 0.006250
0 0.653385 0.527625 0.010937 0.006750
0 0.667188 0.541375 0.011458 0.007750
0 0.681250 0.540500 0.012500 0.005500
0 0.682292 0.536375 0.014583 0.003750
0 0.728385 0.547000 0.015104 0.007500
0 0.636198 0.500750 0.009896 0.004000
0 0.678385 0.496750 0.014063 0.006000
0 0.789844 0.563250 0.011979 0.006500
0 0.688542 0.564125 0.011458 0.004250
0 0.704427 0.563000 0.015104 0.005500
0 0.759375 0.567625 0.016667 0.004750
0 0.793229 0.585000 0.012500 0.004500
0 0.793229 0.571500 0.007292 0.003500
0 0.868490 0.566625 0.013021 0.006750
0 0.845313 0.579000 0.011458 0.004000
0 0.853646 0.582125 0.011458 0.005250
0 0.875781 0.593375 0.010937 0.005250
0 0.889844 0.595375 0.011979 0.005750
0 0.969010 0.575125 0.013021 0.005750
0 0.884635 0.560875 0.018229 0.007750
0 0.865625 0.992000 0.009375 0.005000
0 0.906510 0.938625 0.013021 0.009250
0 0.907552 0.925375 0.014063 0.005750
0 0.880729 0.924375 0.009375 0.010250
0 0.859115 0.918625 0.016146 0.004250
0 0.799219 0.923250 0.009896 0.006500
0 0.862240 0.897375 0.008854 0.006750
0 0.862760 0.888875 0.009896 0.007250
0 0.862760 0.872000 0.017188 0.006000
0 0.799219 0.857500 0.010937 0.007500
0 0.816146 0.848250 0.014583 0.007500
0 0.755990 0.817250 0.013021 0.006500
0 0.631771 0.809875 0.013542 0.004250
0 0.766406 0.791250 0.011979 0.006500
0 0.687500 0.777500 0.011458 0.007500
0 0.663021 0.752125 0.009375 0.006750
0 0.682813 0.743625 0.021875 0.007250
0 0.577083 0.755250 0.015625 0.006500
0 0.591146 0.730875 0.013542 0.005250
0 0.615885 0.747125 0.015104 0.003250
0 0.613542 0.750250 0.008333 0.005500
0 0.533073 0.724000 0.015104 0.007000
0 0.541146 0.704875 0.010417 0.004750
0 0.550260 0.707875 0.007812 0.006250
0 0.569271 0.708750 0.007292 0.005500
0 0.572396 0.705875 0.012500 0.003250
0 0.527083 0.689500 0.007292 0.010000
0 0.533073 0.673500 0.010937 0.003500
0 0.507812 0.670125 0.006250 0.006250
0 0.465625 0.666375 0.008333 0.005750
0 0.472656 0.646875 0.013021 0.003750
0 0.461458 0.632875 0.013542 0.003750
0 0.368490 0.634000 0.015104 0.004000
0 0.413802 0.603500 0.011979 0.007000
0 0.609635 0.639500 0.008854 0.005000
0 0.592187 0.613375 0.009375 0.004750
0 0.563542 0.607625 0.011458 0.004250
0 0.523958 0.607250 0.007292 0.005500
0 0.408854 0.584125 0.010417 0.006750
0 0.338802 0.571875 0.008854 0.004250
0 0.149219 0.578750 0.006771 0.005500
0 0.170833 0.576750 0.010417 0.005500
0 0.209635 0.635375 0.008854 0.007250
0 0.100521 0.617125 0.012500 0.006250
0 0.107031 0.609000 0.018229 0.007000
0 0.155729 0.701500 0.013542 0.007000
0 0.146354 0.715375 0.010417 0.007250
0 0.159896 0.720500 0.013542 0.005000
0 0.057552 0.806500 0.009896 0.005000
0 0.061198 0.863500 0.009896 0.006500
0 0.627083 0.873875 0.011458 0.005750
0 0.596615 0.860125 0.008854 0.004250
0 0.639844 0.923125 0.011979 0.005250
0 0.674479 0.635250 0.011458 0.005500
0 0.289062 0.316125 0.013542 0.007750
0 0.267188 0.261375 0.022917 0.010750
0 0.304167 0.268125 0.012500 0.007750
0 0.292708 0.279000 0.014583 0.007000
0 0.226302 0.255625 0.017188 0.008750
0 0.295052 0.233750 0.011979 0.007000
0 0.301042 0.221625 0.012500 0.009250
0 0.279167 0.216250 0.011458 0.010000
0 0.265625 0.209250 0.018750 0.006500
0 0.243750 0.199750 0.012500 0.009500
0 0.272656 0.171375 0.017188 0.006250
0 0.273698 0.154625 0.011979 0.007750
0 0.264323 0.150500 0.010937 0.004500
0 0.357031 0.182375 0.008854 0.006750
