0 0.378250 0.657031 0.005500 0.007812
0 0.409750 0.654687 0.005500 0.007292
0 0.366125 0.503385 0.004750 0.013021
0 0.354625 0.503646 0.004250 0.012500
0 0.346500 0.484896 0.004000 0.011458
0 0.343500 0.484896 0.002500 0.011458
0 0.340000 0.479687 0.004500 0.010417
0 0.339625 0.456510 0.002750 0.010937
0 0.337000 0.456510 0.002500 0.010937
0 0.329625 0.428125 0.006750 0.008333
0 0.344000 0.428125 0.004500 0.010417
0 0.348500 0.452865 0.004000 0.005729
0 0.347625 0.448958 0.003250 0.004167
0 0.348625 0.445833 0.003250 0.006250
0 0.432125 0.523958 0.004250 0.007292
0 0.389875 0.462760 0.005750 0.014063
0 0.432250 0.398177 0.004500 0.010937
0 0.426875 0.421875 0.004750 0.012500
0 0.434375 0.371354 0.003750 0.011458
0 0.449500 0.352344 0.004500 0.011979
0 0.430750 0.375260 0.002500 0.008854
0 0.430500 0.368750 0.003500 0.006250
0 0.430250 0.363802 0.003000 0.005729
0 0.432000 0.361458 0.003500 0.009375
0 0.426875 0.353646 0.004750 0.010417
0 0.399375 0.354427 0.005750 0.008854
0 0.432500 0.340365 0.003500 0.008854
0 0.431750 0.320833 0.002500 0.011458
0 0.428000 0.319531 0.002000 0.008854
0 0.426500 0.318750 0.002000 0.010417
0 0.433750 0.322917 0.002500 0.006250
0 0.420250 0.273958 0.005000 0.008333
0 0.459250 0.624479 0.004500 0.012500
0 0.476000 0.598437 0.004500 0.009375
0 0.506250 0.496615 0.003500 0.006771
0 0.507125 0.491667 0.003250 0.008333
0 0.519000 0.448177 0.005500 0.007812
0 0.514375 0.406771 0.004250 0.008333
0 0.515875 0.396875 0.004250 0.010417
0 0.529500 0.384896 0.005500 0.010417
0 0.522250 0.332292 0.004500 0.009375
0 0.520500 0.328385 0.003500 0.009896
0 0.484250 0.312240 0.005500 0.010937
0 0.519500 0.279687 0.004500 0.011458
0 0.525625 0.274479 0.005750 0.005208
0 0.525125 0.270313 0.004250 0.004167
0 0.531500 0.280469 0.004000 0.007812
0 0.531750 0.277344 0.005500 0.006771
0 0.560250 0.181250 0.003500 0.009375
0 0.533250 0.616406 0.005000 0.008854
0 0.572375 0.567448 0.004250 0.007812
0 0.587000 0.525260 0.003000 0.006771
0 0.585500 0.525000 0.004000 0.010417
0 0.595375 0.492708 0.005750 0.007292
0 0.577500 0.454427 0.004500 0.011979
0 0.620625 0.448958 0.004250 0.011458
0 0.637125 0.411198 0.004750 0.009896
0 0.659125 0.468750 0.005250 0.009375
0 0.590250 0.392448 0.003000 0.007812
0 0.501625 0.739583 0.006250 0.008333
0 0.554625 0.719010 0.004250 0.007812
0 0.552000 0.712240 0.004500 0.007812
0 0.575500 0.723958 0.003500 0.013542
0 0.580000 0.723177 0.004500 0.007812
0 0.579250 0.719531 0.004000 0.005729
0 0.592875 0.724219 0.006250 0.009896
0 0.594250 0.712760 0.005000 0.010937
0 0.619125 0.715365 0.005750 0.006771
0 0.624375 0.717448 0.004750 0.010937
0 0.624750 0.710156 0.005000 0.006771
0 0.615625 0.719531 0.005750 0.005729
0 0.615750 0.724219 0.005000 0.005729
0 0.623000 0.686458 0.004500 0.006250
0 0.625250 0.684115 0.004500 0.007812
0 0.627000 0.681771 0.004500 0.007292
0 0.733500 0.613542 0.006500 0.011458
0 0.727125 0.637760 0.004750 0.003646
0 0.726750 0.641146 0.006000 0.006250
0 0.523500 0.868229 0.003500 0.008333
0 0.527750 0.882812 0.004000 0.012500
0 0.499000 0.953646 0.003500 0.007292
0 0.499250 0.962760 0.003000 0.009896
