0 0.730125 0.606510 0.005750 0.011979
0 0.721625 0.590625 0.004750 0.012500
0 0.709625 0.557552 0.006250 0.013021
0 0.679250 0.507812 0.006500 0.010417
0 0.670000 0.489063 0.005500 0.010417
0 0.696375 0.465885 0.003250 0.011979
0 0.700125 0.469531 0.003250 0.008854
0 0.645375 0.467448 0.005750 0.007812
0 0.653875 0.460417 0.003750 0.012500
0 0.627250 0.460938 0.004000 0.013542
0 0.627625 0.437760 0.003750 0.016146
0 0.597875 0.456771 0.005250 0.007292
0 0.602000 0.451823 0.005500 0.007812
0 0.607125 0.456510 0.004250 0.010937
0 0.607500 0.448177 0.006000 0.006771
0 0.591250 0.374479 0.005500 0.007292
0 0.591125 0.382292 0.004250 0.009375
0 0.591625 0.389323 0.006250 0.006771
0 0.591375 0.395573 0.004250 0.008854
0 0.579625 0.318490 0.005250 0.010937
0 0.562875 0.152865 0.004750 0.013021
0 0.639875 0.193490 0.005250 0.011979
0 0.669500 0.173177 0.006500 0.010937
0 0.727250 0.098437 0.003000 0.012500
0 0.711625 0.067969 0.003750 0.008854
0 0.637750 0.536719 0.006000 0.009896
0 0.618000 0.416406 0.006000 0.004687
0 0.618125 0.422396 0.005250 0.008333
0 0.485875 0.662760 0.006250 0.010937
0 0.466375 0.677604 0.007250 0.008333
0 0.487000 0.771354 0.004000 0.017708
0 0.466375 0.854427 0.007250 0.007812
0 0.444875 0.844531 0.006250 0.011979
0 0.459625 0.947135 0.006250 0.019271
0 0.455375 0.919271 0.006750 0.013542
0 0.493375 0.977604 0.006750 0.008333
0 0.495750 0.927083 0.005000 0.013542
0 0.491750 0.908073 0.006500 0.009896
0 0.498750 0.904948 0.005500 0.016146
0 0.424000 0.771615 0.005000 0.007812
0 0.415750 0.817708 0.005500 0.007292
0 0.416625 0.837500 0.004250 0.010417
0 0.425625 0.836198 0.005750 0.007812
0 0.420625 0.830208 0.005250 0.010417
0 0.456125 0.809375 0.003750 0.011458
0 0.457375 0.798958 0.003250 0.014583
0 0.454625 0.788542 0.005750 0.008333
0 0.458250 0.781771 0.003500 0.012500
0 0.460625 0.774219 0.004750 0.008854
0 0.448625 0.762760 0.005750 0.006771
0 0.459250 0.698698 0.002500 0.016146
0 0.462500 0.703385 0.004500 0.013021
0 0.450750 0.588802 0.004500 0.007812
0 0.468250 0.609375 0.002500 0.014583
0 0.471000 0.609896 0.003500 0.012500
0 0.492125 0.578125 0.005250 0.012500
0 0.488750 0.568750 0.003500 0.014583
0 0.487875 0.591146 0.005250 0.010417
0 0.487750 0.600260 0.005500 0.008854
0 0.489125 0.546875 0.006250 0.009375
0 0.485750 0.517969 0.005000 0.010937
0 0.475500 0.508594 0.004000 0.010937
0 0.501125 0.489844 0.005750 0.008854
0 0.476000 0.425260 0.003000 0.005729
0 0.482375 0.390885 0.002750 0.010937
0 0.470875 0.544792 0.005250 0.009375
0 0.471250 0.581771 0.002500 0.011458
0 0.474500 0.579167 0.005500 0.012500
0 0.465000 0.524479 0.005000 0.007292
0 0.463500 0.531510 0.003500 0.007812
0 0.467500 0.532031 0.004000 0.010937
0 0.475375 0.447656 0.005250 0.008854
0 0.475000 0.456510 0.003500 0.006771
0 0.445375 0.288542 0.006750 0.007292
0 0.427625 0.355208 0.004250 0.013542
0 0.417250 0.324479 0.005000 0.010417
0 0.423375 0.325521 0.005250 0.017708
0 0.401625 0.415625 0.006250 0.011458
0 0.371625 0.442708 0.007250 0.013542
0 0.358500 0.401823 0.005000 0.011979
0 0.344000 0.445312 0.003000 0.011458
0 0.344250 0.433333 0.003000 0.012500
0 0.354250 0.423958 0.007500 0.012500
0 0.390500 0.358073 0.003000 0.008854
0 0.305125 0.514323 0.007250 0.010937
0 0.287000 0.500260 0.004000 0.010937
0 0.315000 0.503646 0.006000 0.009375
0 0.316125 0.495573 0.006250 0.007812
0 0.332000 0.501042 0.005000 0.014583
0 0.330500 0.519010 0.006500 0.011979
0 0.297125 0.613542 0.006250 0.011458
0 0.273875 0.579167 0.007250 0.011458
0 0.239125 0.704167 0.005750 0.011458
0 0.219250 0.767188 0.007000 0.011458
0 0.211000 0.767448 0.006000 0.010937
0 0.213750 0.726823 0.006500 0.010937
0 0.217875 0.716667 0.007750 0.009375
0 0.225000 0.661198 0.004000 0.013021
0 0.219625 0.657031 0.005250 0.007812
0 0.214125 0.576823 0.007250 0.008854
0 0.330250 0.474479 0.006500 0.011458
0 0.320250 0.465104 0.005000 0.011458
0 0.427875 0.191146 0.003750 0.010417
0 0.386625 0.522656 0.003750 0.013021
0 0.155500 0.788802 0.005000 0.014063
0 0.161375 0.786198 0.006250 0.013021
0 0.207500 0.816667 0.006000 0.015625
0 0.418750 0.304167 0.003500 0.008333
0 0.224750 0.116146 0.003500 0.011458
0 0.230375 0.149740 0.006750 0.008854
