0 0.279948 0.356500 0.009896 0.008000
0 0.180208 0.418125 0.009375 0.003750
0 0.367188 0.442750 0.013542 0.006000
0 0.369531 0.436375 0.008854 0.006750
0 0.378646 0.433750 0.013542 0.004500
0 0.464323 0.388000 0.014063 0.005000
0 0.541667 0.361125 0.015625 0.005250
0 0.414583 0.360000 0.009375 0.003000
0 0.399479 0.363375 0.009375 0.003750
0 0.400000 0.354250 0.008333 0.005000
0 0.416406 0.350250 0.011979 0.003000
0 0.446354 0.340750 0.006250 0.004500
0 0.452083 0.338125 0.009375 0.002250
0 0.453646 0.336000 0.009375 0.002000
0 0.501302 0.318125 0.006771 0.006250
0 0.419792 0.292375 0.010417 0.005750
0 0.465365 0.263500 0.008854 0.006500
0 0.469271 0.250750 0.012500 0.004000
0 0.454948 0.194500 0.010937 0.005500
0 0.392448 0.365000 0.004687 0.003000
0 0.386719 0.365625 0.007812 0.003750
0 0.427604 0.362500 0.008333 0.003000
0 0.428125 0.366125 0.007292 0.003250
0 0.568490 0.367125 0.011979 0.006750
0 0.523698 0.339375 0.010937 0.007750
0 0.504427 0.336375 0.014063 0.004750
0 0.567448 0.338000 0.017188 0.005500
0 0.608333 0.334750 0.017708 0.004000
0 0.580469 0.329625 0.011979 0.007750
0 0.561719 0.333625 0.015104 0.004750
0 0.560417 0.328000 0.009375 0.007500
0 0.566406 0.322000 0.013021 0.004000
0 0.572396 0.317125 0.007292 0.006250
0 0.567708 0.315000 0.010417 0.006500
0 0.584635 0.304375 0.008854 0.006750
0 0.611198 0.294000 0.010937 0.007000
0 0.711719 0.292625 0.011979 0.006250
0 0.683333 0.347625 0.015625 0.006250
0 0.709896 0.351125 0.012500 0.006750
0 0.717708 0.332375 0.013542 0.005250
0 0.698177 0.330125 0.011979 0.006750
0 0.701562 0.325500 0.011458 0.005500
0 0.731510 0.326000 0.013021 0.007500
0 0.690104 0.361250 0.006250 0.005000
0 0.683594 0.362125 0.006771 0.004250
0 0.667188 0.366375 0.011458 0.006250
0 0.652344 0.368375 0.009896 0.003250
0 0.642969 0.375500 0.013021 0.004500
0 0.653125 0.378500 0.006250 0.006000
0 0.645573 0.380250 0.006771 0.005500
0 0.626302 0.371500 0.007812 0.005000
0 0.632812 0.370625 0.006250 0.005750
0 0.640365 0.369500 0.009896 0.003000
0 0.642188 0.372000 0.007292 0.004500
0 0.634896 0.374625 0.010417 0.005250
0 0.583333 0.394500 0.010417 0.006500
0 0.581771 0.403250 0.014583 0.004500
0 0.404948 0.452750 0.010937 0.005000
0 0.399479 0.468375 0.011458 0.004250
0 0.548698 0.357125 0.016146 0.003750
0 0.569271 0.504625 0.013542 0.004250
0 0.596094 0.493250 0.014063 0.005500
0 0.606250 0.487000 0.008333 0.008000
0 0.577865 0.487750 0.015104 0.004500
0 0.609635 0.506375 0.015104 0.004250
0 0.667969 0.504000 0.010937 0.004500
0 0.679427 0.506375 0.014063 0.003750
0 0.673438 0.511375 0.007292 0.004250
0 0.693490 0.511375 0.014063 0.004250
0 0.714844 0.497375 0.015104 0.004750
0 0.688281 0.488375 0.007812 0.006250
0 0.701562 0.486000 0.013542 0.005500
0 0.722135 0.482625 0.010937 0.008250
0 0.733594 0.479000 0.010937 0.006500
0 0.736719 0.472375 0.013021 0.005250
0 0.798177 0.487250 0.015104 0.005000
0 0.758854 0.454125 0.011458 0.005750
0 0.842969 0.465000 0.011979 0.007000
0 0.866927 0.470625 0.015104 0.005250
0 0.864323 0.466375 0.011979 0.005250
0 0.975521 0.467125 0.012500 0.007750
0 0.985156 0.481000 0.018229 0.005000
0 0.852865 0.509750 0.014063 0.004000
0 0.824740 0.513125 0.015104 0.003750
0 0.822135 0.509750 0.013021 0.004000
0 0.811719 0.513750 0.010937 0.005500
0 0.834896 0.497250 0.015625 0.005000
0 0.825521 0.495500 0.008333 0.005000
0 0.785417 0.503625 0.010417 0.005750
0 0.755469 0.503875 0.007812 0.004750
0 0.746875 0.499250 0.013542 0.004000
0 0.738021 0.510750 0.015625 0.003500
0 0.732031 0.505625 0.011979 0.004750
0 0.768229 0.503875 0.007292 0.004750
0 0.766146 0.507875 0.012500 0.003750
0 0.481510 0.566375 0.010937 0.002750
0 0.482812 0.568750 0.011458 0.002500
0 0.561719 0.577875 0.015104 0.005250
0 0.621875 0.596125 0.012500 0.005750
0 0.598698 0.613500 0.011979 0.007000
0 0.677083 0.619000 0.014583 0.006000
0 0.724740 0.587625 0.013021 0.005250
0 0.772135 0.586250 0.009896 0.007000
0 0.752344 0.574000 0.015104 0.005000
0 0.767188 0.568750 0.013542 0.004500
0 0.776302 0.601750 0.016146 0.006000
0 0.767188 0.610000 0.010417 0.005000
0 0.767969 0.614500 0.013021 0.004000
0 0.765104 0.620125 0.011458 0.005750
0 0.794010 0.613500 0.011979 0.005000
0 0.785156 0.624250 0.009896 0.005500
0 0.788542 0.629125 0.015625 0.004250
0 0.804167 0.627875 0.011458 0.004250
0 0.765104 0.631250 0.012500 0.003500
0 0.755469 0.629375 0.011979 0.003750
0 0.760156 0.626750 0.010937 0.004000
0 0.810417 0.621375 0.016667 0.004250
0 0.826562 0.621250 0.008333 0.006000
0 0.836979 0.623750 0.011458 0.005000
0 0.851562 0.625375 0.012500 0.004250
0 0.886198 0.616500 0.008854 0.009500
0 0.897656 0.621125 0.013021 0.004250
0 0.886458 0.604750 0.011458 0.006500
0 0.867188 0.594125 0.016667 0.005750
0 0.851823 0.586750 0.016146 0.005000
0 0.837760 0.593125 0.011979 0.006250
0 0.840625 0.599375 0.012500 0.006750
0 0.837240 0.603250 0.015104 0.006000
0 0.816406 0.601875 0.011979 0.008250
0 0.824219 0.597375 0.006771 0.006750
0 0.829167 0.596250 0.008333 0.007000
0 0.853125 0.638250 0.012500 0.005500
0 0.864062 0.633625 0.014583 0.004250
0 0.411458 0.572375 0.007292 0.005750
0 0.318750 0.615375 0.005208 0.005750
0 0.319271 0.624875 0.004167 0.005750
0 0.324219 0.625500 0.003646 0.005500
0 0.320573 0.631250 0.006771 0.003500
0 0.323177 0.633250 0.004687 0.004000
0 0.798698 0.906500 0.018229 0.009000
0 0.864323 0.874750 0.014063 0.007500
0 0.747396 0.942000 0.016667 0.005500
0 0.923177 0.927125 0.015104 0.007250
0 0.915625 0.526125 0.011458 0.007250
0 0.942187 0.522375 0.013542 0.005750
0 0.897135 0.524375 0.013021 0.006750
0 0.335417 0.429000 0.007292 0.003500
