0 0.239583 0.077125 0.012500 0.006250
0 0.385677 0.101625 0.010937 0.006750
0 0.014063 0.257250 0.012500 0.004500
0 0.279427 0.232375 0.009896 0.005250
0 0.261458 0.446000 0.010417 0.004000
0 0.381510 0.399375 0.008854 0.004750
0 0.383594 0.411125 0.009896 0.005750
0 0.407552 0.401375 0.008854 0.004250
0 0.441146 0.389000 0.010417 0.003500
0 0.463542 0.385875 0.008333 0.006250
0 0.435417 0.378375 0.013542 0.008250
0 0.504948 0.373625 0.010937 0.003750
0 0.528385 0.376000 0.009896 0.006000
0 0.525000 0.360125 0.006250 0.006250
0 0.580990 0.344750 0.007812 0.005500
0 0.564063 0.339375 0.010417 0.004250
0 0.646354 0.317500 0.012500 0.003500
0 0.661979 0.294750 0.010417 0.004500
0 0.580469 0.310875 0.007812 0.004750
0 0.578125 0.306375 0.008333 0.004250
0 0.760938 0.268875 0.009375 0.003750
0 0.787760 0.247250 0.011979 0.003500
0 0.819531 0.319375 0.008854 0.006750
0 0.861979 0.235000 0.010417 0.004000
0 0.879948 0.216000 0.010937 0.005000
0 0.959375 0.236750 0.009375 0.005000
0 0.507292 0.471250 0.006250 0.005500
0 0.589583 0.471250 0.010417 0.005500
0 0.626042 0.494375 0.011458 0.006250
0 0.708854 0.481125 0.007292 0.006250
0 0.686719 0.477250 0.013021 0.006500
0 0.727604 0.453125 0.012500 0.004750
0 0.909635 0.514375 0.009896 0.005250
0 0.927865 0.485375 0.009896 0.005750
0 0.811979 0.549625 0.011458 0.003750
0 0.308594 0.561250 0.013021 0.004500
0 0.338802 0.571625 0.011979 0.003750
0 0.462240 0.598125 0.009896 0.005750
0 0.463542 0.592875 0.012500 0.003750
0 0.454427 0.589250 0.008854 0.005500
0 0.504948 0.648875 0.011979 0.003750
0 0.745573 0.643375 0.008854 0.006250
0 0.637500 0.682375 0.012500 0.003750
0 0.727604 0.712000 0.011458 0.004000
0 0.955990 0.743875 0.008854 0.006250
0 0.962500 0.685125 0.013542 0.003250
0 0.929948 0.664375 0.006771 0.004250
0 0.182552 0.614500 0.010937 0.004000
0 0.203906 0.654500 0.007812 0.006000
0 0.184635 0.655625 0.009896 0.003750
0 0.226562 0.676875 0.009375 0.003250
0 0.235677 0.677875 0.010937 0.003250
0 0.311458 0.818750 0.011458 0.005000
0 0.682292 0.111625 0.011458 0.007750
0 0.980990 0.806000 0.013021 0.007000
0 0.942969 0.288750 0.013021 0.005000
0 0.931510 0.290375 0.010937 0.004750
