0 0.502625 0.198698 0.017750 0.027604
0 0.542875 0.213542 0.008250 0.028125
0 0.543375 0.317188 0.012750 0.035417
0 0.548000 0.452083 0.010000 0.032292
0 0.576125 0.493750 0.008250 0.022917
0 0.544750 0.589844 0.009000 0.027604
0 0.560000 0.582812 0.010500 0.022917
0 0.568375 0.601302 0.016250 0.025521
0 0.450125 0.435156 0.010750 0.019271
0 0.459750 0.471615 0.014500 0.025521
0 0.401375 0.491927 0.011250 0.024479
0 0.400875 0.490365 0.012250 0.027604
0 0.598625 0.310156 0.012250 0.028646
0 0.618625 0.340365 0.011250 0.033854
0 0.650250 0.501302 0.019000 0.038021
0 0.672250 0.573958 0.013000 0.031250
0 0.686125 0.574740 0.010750 0.029687
0 0.693875 0.617448 0.013750 0.034896
0 0.709125 0.677604 0.012250 0.032292
0 0.658125 0.632031 0.012250 0.035937
0 0.517250 0.524219 0.018500 0.035937
0 0.515625 0.525521 0.017250 0.027083
0 0.529500 0.615625 0.016000 0.031250
0 0.526750 0.665625 0.010500 0.029167
0 0.570625 0.703125 0.013750 0.030208
0 0.554125 0.755208 0.007750 0.020833
0 0.537250 0.750000 0.017000 0.044792
0 0.537500 0.754167 0.016500 0.030208
0 0.751625 0.392969 0.017250 0.032813
0 0.815625 0.392448 0.012750 0.017188
0 0.840500 0.412500 0.013000 0.037500
0 0.720125 0.255469 0.012250 0.035937
0 0.660750 0.265104 0.013500 0.031250
0 0.600875 0.196615 0.012250 0.025521
0 0.608000 0.148958 0.018000 0.031250
0 0.642250 0.130469 0.015000 0.039062
0 0.656500 0.142187 0.008000 0.020833
