0 0.383000 0.456771 0.004500 0.008333
0 0.384375 0.461458 0.005750 0.008333
0 0.419000 0.415885 0.005000 0.008854
0 0.419500 0.407812 0.006000 0.008333
0 0.422250 0.422135 0.005500 0.004687
0 0.422625 0.427083 0.006250 0.005208
0 0.441375 0.387760 0.005250 0.013021
0 0.450625 0.397135 0.006250 0.008854
0 0.433000 0.385417 0.005000 0.010417
0 0.434250 0.382812 0.004500 0.008333
0 0.457875 0.356250 0.006250 0.008333
0 0.506500 0.349740 0.007000 0.008854
0 0.494125 0.322135 0.006750 0.007812
0 0.487750 0.316146 0.006500 0.008333
0 0.622875 0.431250 0.006750 0.012500
0 0.606750 0.413542 0.007500 0.011458
0 0.581000 0.420052 0.008000 0.011979
0 0.551000 0.363021 0.006000 0.009375
0 0.538625 0.376823 0.006750 0.008854
0 0.539125 0.396354 0.006750 0.010417
0 0.536375 0.402604 0.007250 0.007292
0 0.510125 0.415625 0.007750 0.008333
0 0.496000 0.398958 0.006500 0.009375
0 0.492125 0.410677 0.004250 0.014063
0 0.490250 0.423437 0.006500 0.010417
0 0.481500 0.429427 0.007000 0.009896
0 0.463750 0.427344 0.005500 0.005729
0 0.463750 0.422396 0.006500 0.005208
0 0.462375 0.478125 0.006750 0.007292
0 0.461375 0.484115 0.005750 0.006771
0 0.451250 0.545833 0.005000 0.014583
0 0.464250 0.586458 0.005000 0.012500
0 0.508500 0.554948 0.006000 0.013021
0 0.516125 0.507552 0.006750 0.011979
0 0.526375 0.500000 0.006750 0.013542
0 0.523125 0.519010 0.007250 0.007812
0 0.520375 0.526563 0.006750 0.007292
0 0.520375 0.530990 0.005250 0.006771
0 0.549000 0.595573 0.005500 0.010937
0 0.561750 0.541406 0.007500 0.008854
