0 0.641875 0.785937 0.005250 0.016667
0 0.640750 0.855469 0.006500 0.019271
0 0.625875 0.851042 0.008250 0.018750
0 0.589000 0.615885 0.007000 0.013021
0 0.506875 0.650000 0.004750 0.012500
0 0.507250 0.659635 0.007000 0.008854
0 0.498250 0.672917 0.007000 0.009375
0 0.484250 0.662240 0.006000 0.015104
0 0.466625 0.674479 0.007750 0.011458
0 0.516000 0.701042 0.007000 0.008333
0 0.509125 0.710417 0.006250 0.006250
0 0.509000 0.717969 0.005000 0.007812
0 0.486000 0.713542 0.003500 0.014583
0 0.464250 0.699740 0.003000 0.011979
0 0.467375 0.701823 0.004750 0.009896
0 0.466875 0.725000 0.005250 0.009375
0 0.480875 0.714063 0.005250 0.006250
0 0.481125 0.719271 0.004750 0.006250
0 0.445500 0.762240 0.004500 0.007812
0 0.439000 0.754948 0.005500 0.009896
0 0.431750 0.749740 0.005500 0.005729
0 0.434500 0.754167 0.005000 0.009375
0 0.411750 0.729427 0.005500 0.007812
0 0.354500 0.811198 0.004500 0.011979
0 0.419375 0.876563 0.004750 0.011458
0 0.500625 0.511458 0.006250 0.013542
0 0.510500 0.436458 0.007500 0.011458
0 0.500000 0.438542 0.005000 0.008333
0 0.500750 0.434375 0.006500 0.010417
0 0.386375 0.379427 0.008250 0.013021
0 0.322125 0.335156 0.004750 0.008854
0 0.323375 0.339323 0.006750 0.010937
0 0.568750 0.255208 0.005500 0.015625
0 0.545375 0.113542 0.006750 0.012500
0 0.548750 0.101042 0.007000 0.009375
0 0.506375 0.028646 0.004250 0.014583
0 0.650750 0.221875 0.005500 0.012500
0 0.650500 0.198958 0.006000 0.015625
0 0.225625 0.867708 0.005750 0.015625
