0 0.399125 0.671094 0.004750 0.010937
0 0.422500 0.736979 0.005500 0.011458
0 0.429875 0.767969 0.004250 0.013021
0 0.433500 0.771354 0.004000 0.010417
0 0.441000 0.804688 0.004000 0.013542
0 0.445875 0.813802 0.004250 0.015104
0 0.412000 0.854687 0.003500 0.011458
0 0.407750 0.852083 0.006000 0.008333
0 0.457000 0.898698 0.007000 0.010937
0 0.421250 0.948698 0.007000 0.009896
0 0.465375 0.903646 0.001750 0.011458
0 0.467625 0.903385 0.002750 0.014063
0 0.471750 0.917187 0.004000 0.008333
0 0.473250 0.913802 0.005500 0.008854
0 0.481500 0.961458 0.005500 0.011458
0 0.469625 0.986198 0.004750 0.009896
0 0.465125 0.988542 0.004250 0.014583
0 0.497500 0.970313 0.004500 0.013542
0 0.509375 0.962240 0.004250 0.013021
0 0.512500 0.945312 0.004000 0.011458
0 0.497125 0.931250 0.003750 0.012500
0 0.487625 0.936198 0.002750 0.006771
0 0.489375 0.940365 0.003250 0.013021
0 0.492375 0.939323 0.003250 0.011979
0 0.494500 0.940104 0.002000 0.010417
0 0.489875 0.900781 0.004250 0.015104
0 0.471750 0.879427 0.004500 0.007812
0 0.473250 0.872656 0.006500 0.007812
0 0.474875 0.866927 0.004750 0.009896
0 0.465250 0.859635 0.003000 0.006771
0 0.463750 0.851823 0.004500 0.008854
0 0.452125 0.804167 0.003750 0.010417
0 0.443875 0.777604 0.002750 0.008333
0 0.441625 0.775781 0.002750 0.010937
0 0.440375 0.762760 0.005750 0.010937
0 0.428750 0.720313 0.004500 0.009375
0 0.418750 0.692187 0.004000 0.011458
0 0.449250 0.676823 0.003500 0.010937
0 0.447125 0.664323 0.005750 0.009896
0 0.463125 0.724740 0.006250 0.008854
0 0.477375 0.731250 0.003250 0.013542
0 0.487750 0.707812 0.005500 0.010417
0 0.486875 0.728646 0.003750 0.010417
0 0.491250 0.727865 0.003500 0.014063
0 0.497375 0.752344 0.005250 0.013021
0 0.517250 0.740885 0.004500 0.009896
0 0.523875 0.745313 0.006750 0.008333
0 0.526250 0.771354 0.005000 0.008333
0 0.524125 0.778646 0.006750 0.006250
0 0.524750 0.783854 0.005000 0.005208
0 0.536875 0.776042 0.004750 0.013542
0 0.560875 0.801562 0.006250 0.012500
0 0.561875 0.818750 0.006250 0.009375
0 0.556625 0.828125 0.004750 0.013542
0 0.563500 0.828906 0.005500 0.011979
0 0.602750 0.850260 0.004500 0.014063
0 0.597000 0.865104 0.006500 0.011458
0 0.611875 0.897917 0.005250 0.005208
0 0.612750 0.905208 0.006500 0.009375
0 0.636125 0.943750 0.005250 0.009375
0 0.657125 0.885156 0.005750 0.011979
0 0.658875 0.903125 0.004250 0.007292
0 0.662500 0.905208 0.004500 0.011458
0 0.649000 0.870833 0.006000 0.009375
0 0.648000 0.863281 0.006000 0.006771
0 0.641000 0.857292 0.005000 0.010417
0 0.637250 0.856771 0.005500 0.009375
0 0.633250 0.863021 0.005000 0.007292
0 0.629875 0.839062 0.005750 0.010417
0 0.620500 0.857552 0.005500 0.008854
0 0.621000 0.848177 0.002000 0.010937
0 0.623125 0.850260 0.002250 0.011979
0 0.619875 0.808594 0.006250 0.010937
0 0.611750 0.805990 0.005000 0.011979
0 0.603750 0.801823 0.005500 0.009896
0 0.590250 0.801562 0.005500 0.010417
0 0.601250 0.822917 0.006000 0.008333
0 0.604375 0.819271 0.005750 0.009375
0 0.608250 0.824479 0.002500 0.012500
0 0.611750 0.827344 0.004500 0.009896
0 0.613625 0.825521 0.004750 0.010417
0 0.585250 0.785417 0.005500 0.010417
0 0.589875 0.770573 0.005250 0.007812
0 0.590375 0.766927 0.005250 0.005729
0 0.585625 0.766406 0.004250 0.008854
0 0.579375 0.769271 0.005250 0.007292
0 0.574875 0.763802 0.005250 0.008854
0 0.576625 0.742448 0.006250 0.008854
0 0.562125 0.733854 0.005250 0.007292
0 0.562250 0.729167 0.006000 0.007292
0 0.555000 0.718229 0.005500 0.009375
0 0.546625 0.713021 0.005250 0.008333
0 0.534500 0.727604 0.006000 0.008333
0 0.527750 0.721615 0.005500 0.007812
0 0.527750 0.719010 0.005000 0.004687
0 0.528375 0.694531 0.004250 0.007812
0 0.509000 0.694531 0.005500 0.007812
0 0.497500 0.695573 0.003500 0.007812
0 0.494500 0.687760 0.005500 0.007812
0 0.498625 0.690885 0.003750 0.009896
0 0.502375 0.693229 0.004250 0.010417
0 0.505000 0.694010 0.003500 0.009896
0 0.461375 0.627344 0.004250 0.006771
0 0.450125 0.627604 0.004750 0.010417
0 0.462375 0.536979 0.005750 0.010417
0 0.468875 0.529687 0.005750 0.007292
0 0.472125 0.523958 0.005750 0.006250
0 0.505375 0.533333 0.005750 0.009375
0 0.512875 0.525000 0.004250 0.005208
0 0.512250 0.520573 0.005000 0.006771
0 0.517125 0.539583 0.005250 0.004167
0 0.516750 0.544271 0.006000 0.005208
0 0.536000 0.530729 0.005500 0.009375
0 0.542250 0.527344 0.005500 0.006771
0 0.549125 0.533594 0.003250 0.011979
0 0.567250 0.523438 0.006500 0.008333
0 0.582000 0.553125 0.003500 0.012500
0 0.586375 0.557552 0.004750 0.005729
0 0.586750 0.553646 0.005000 0.006250
0 0.588375 0.523177 0.006750 0.005729
0 0.600875 0.524740 0.006250 0.006771
0 0.606375 0.538021 0.006250 0.006250
0 0.609750 0.530208 0.006500 0.007292
0 0.611750 0.522396 0.006000 0.006250
0 0.617375 0.524219 0.005750 0.006771
0 0.618750 0.541667 0.005000 0.004167
0 0.618375 0.545573 0.005750 0.005729
0 0.627125 0.560677 0.003250 0.013021
0 0.631625 0.549219 0.004750 0.005729
0 0.631500 0.544531 0.006000 0.005729
0 0.630375 0.521875 0.006250 0.007292
0 0.643625 0.520833 0.005750 0.008333
0 0.645625 0.527604 0.006250 0.006250
0 0.649000 0.536198 0.005500 0.003646
0 0.648750 0.539844 0.006000 0.004687
0 0.643250 0.544010 0.006500 0.004687
0 0.643250 0.548958 0.006000 0.006250
0 0.645250 0.556510 0.005000 0.008854
0 0.655750 0.567448 0.007000 0.007812
0 0.671750 0.555208 0.005500 0.008333
0 0.675875 0.547396 0.004250 0.012500
0 0.680375 0.536719 0.005750 0.006771
0 0.685250 0.535677 0.005000 0.006771
0 0.686000 0.532031 0.005500 0.006771
0 0.770500 0.500260 0.004500 0.013021
0 0.732000 0.475000 0.006000 0.010417
0 0.726500 0.472396 0.003500 0.008333
0 0.727500 0.464323 0.004000 0.008854
0 0.700250 0.504167 0.005500 0.009375
0 0.701000 0.491406 0.005500 0.009896
0 0.689500 0.507292 0.005000 0.008333
0 0.690750 0.504427 0.005500 0.007812
0 0.687500 0.463802 0.007500 0.008854
0 0.672625 0.505208 0.005750 0.009375
0 0.673625 0.498177 0.005250 0.008854
0 0.674500 0.495573 0.004500 0.006771
0 0.666875 0.494271 0.006250 0.007292
0 0.665250 0.502604 0.006000 0.009375
0 0.653625 0.505990 0.003750 0.013021
0 0.620250 0.503906 0.005500 0.007812
0 0.616250 0.502344 0.003000 0.010937
0 0.603375 0.491406 0.006250 0.006771
0 0.602625 0.477344 0.005750 0.007812
0 0.602750 0.473177 0.005500 0.004687
0 0.602500 0.467448 0.004500 0.007812
0 0.590250 0.481771 0.005500 0.012500
0 0.589375 0.503385 0.006750 0.008854
0 0.575250 0.504427 0.005000 0.008854
0 0.573750 0.496875 0.005500 0.008333
0 0.576250 0.494271 0.005500 0.009375
0 0.543750 0.503906 0.005000 0.009896
0 0.538750 0.505469 0.005000 0.007812
0 0.540125 0.503385 0.004250 0.007812
0 0.526375 0.473958 0.006750 0.009375
0 0.637375 0.423437 0.006750 0.011458
0 0.446375 0.454427 0.005250 0.007812
0 0.445875 0.447917 0.004750 0.006250
0 0.442375 0.421354 0.003250 0.012500
0 0.486375 0.428646 0.005250 0.007292
0 0.487625 0.420833 0.005250 0.009375
0 0.481625 0.416927 0.005250 0.007812
0 0.477875 0.421615 0.003750 0.010937
0 0.486375 0.344010 0.005750 0.006771
0 0.491375 0.353906 0.005250 0.009896
0 0.525750 0.331771 0.004500 0.007292
0 0.524750 0.327865 0.005500 0.007812
0 0.523375 0.315625 0.004250 0.006250
0 0.522750 0.312500 0.005500 0.008333
0 0.545750 0.314323 0.005500 0.007812
0 0.566250 0.287760 0.005000 0.011979
0 0.564875 0.282813 0.002750 0.011458
0 0.530375 0.252865 0.003250 0.013021
0 0.530750 0.245573 0.004000 0.008854
0 0.538375 0.240104 0.004250 0.010417
0 0.545625 0.226042 0.005250 0.010417
0 0.548375 0.244792 0.004250 0.009375
0 0.551250 0.251563 0.006500 0.008333
0 0.574250 0.245833 0.006000 0.012500
0 0.586125 0.224479 0.005750 0.010417
0 0.569375 0.203646 0.005250 0.013542
0 0.591250 0.279167 0.006000 0.011458
0 0.592250 0.265625 0.007000 0.009375
0 0.608125 0.220052 0.005750 0.009896
0 0.600250 0.219792 0.005500 0.008333
0 0.596250 0.217188 0.006000 0.010417
0 0.606125 0.214323 0.006250 0.005729
0 0.606000 0.206771 0.004500 0.010417
0 0.606375 0.178125 0.005750 0.009375
0 0.601125 0.183073 0.004250 0.009896
0 0.600250 0.179948 0.004000 0.009896
0 0.586375 0.148177 0.005750 0.009896
0 0.597750 0.137240 0.002500 0.011979
0 0.599875 0.136458 0.002750 0.011458
0 0.614500 0.108073 0.005500 0.015104
0 0.630000 0.197135 0.004500 0.007812
0 0.629000 0.194792 0.005000 0.010417
0 0.628625 0.185417 0.004250 0.009375
0 0.634375 0.180729 0.006750 0.005208
0 0.633625 0.175260 0.005750 0.005729
0 0.629125 0.149219 0.005750 0.008854
0 0.628375 0.145833 0.005250 0.008333
0 0.638125 0.126042 0.006250 0.009375
0 0.638000 0.078385 0.007500 0.009896
0 0.676500 0.036198 0.006500 0.013021
0 0.669875 0.021875 0.006250 0.005208
0 0.670250 0.016406 0.006000 0.005729
0 0.607375 0.035156 0.005250 0.007812
0 0.598625 0.039583 0.006750 0.008333
0 0.611375 0.078125 0.006250 0.007292
0 0.603125 0.096094 0.005250 0.005729
0 0.598625 0.095573 0.003250 0.011979
0 0.582250 0.134635 0.005500 0.007812
0 0.581125 0.131250 0.004250 0.008333
0 0.554250 0.172135 0.005000 0.013021
0 0.543500 0.183854 0.006500 0.008333
0 0.494125 0.303385 0.005250 0.005729
0 0.489250 0.314063 0.005000 0.007292
0 0.460000 0.329427 0.004000 0.007812
0 0.462250 0.357552 0.004000 0.013021
0 0.421250 0.371094 0.003500 0.009896
0 0.403875 0.303646 0.007250 0.008333
0 0.419750 0.289844 0.005500 0.011979
0 0.428250 0.295052 0.006000 0.007812
0 0.435125 0.303125 0.004750 0.007292
0 0.437875 0.296094 0.004250 0.008854
0 0.436000 0.248438 0.004500 0.013542
0 0.430500 0.209896 0.003500 0.013542
0 0.434250 0.203125 0.004500 0.010417
0 0.433750 0.194531 0.005500 0.008854
0 0.421375 0.158073 0.005750 0.011979
0 0.421000 0.139583 0.004500 0.011458
0 0.444000 0.221354 0.003500 0.011458
0 0.445750 0.227865 0.003500 0.007812
0 0.446500 0.230469 0.004500 0.008854
0 0.461250 0.196875 0.006000 0.009375
0 0.454500 0.191406 0.003500 0.014063
0 0.467750 0.198437 0.003500 0.009375
0 0.466000 0.196094 0.003000 0.010937
0 0.463625 0.175781 0.004250 0.011979
0 0.461500 0.171354 0.004500 0.008333
0 0.454250 0.167969 0.004000 0.014063
0 0.469750 0.154688 0.005000 0.008333
0 0.468375 0.151302 0.004250 0.007812
0 0.468875 0.144792 0.005750 0.007292
0 0.473250 0.137500 0.005000 0.009375
0 0.460500 0.147135 0.003500 0.011979
0 0.459125 0.145313 0.002750 0.010417
0 0.460125 0.121094 0.005750 0.009896
0 0.467625 0.125260 0.003750 0.011979
0 0.473375 0.124479 0.005250 0.009375
0 0.472250 0.119010 0.006000 0.007812
0 0.467375 0.109896 0.004750 0.011458
0 0.467500 0.098958 0.004000 0.011458
0 0.463375 0.098698 0.004250 0.011979
0 0.456500 0.093229 0.003000 0.011458
0 0.480000 0.092448 0.003500 0.010937
0 0.480500 0.107812 0.003500 0.009375
0 0.478875 0.106510 0.003250 0.011979
0 0.477500 0.038542 0.004500 0.008333
0 0.504500 0.029167 0.003000 0.013542
0 0.502500 0.026302 0.002500 0.013021
0 0.500375 0.120573 0.004250 0.010937
0 0.560500 0.343490 0.004500 0.007812
0 0.559875 0.339323 0.005750 0.008854
