0 0.110677 0.470625 0.008854 0.006250
0 0.202604 0.465250 0.015625 0.005500
0 0.201823 0.474875 0.010937 0.005750
0 0.193490 0.474125 0.006771 0.004250
0 0.214583 0.494875 0.008333 0.007250
0 0.273438 0.497375 0.007292 0.005750
0 0.280729 0.493500 0.010417 0.005000
0 0.305208 0.501375 0.012500 0.005750
0 0.319271 0.499125 0.009375 0.005250
0 0.348698 0.496875 0.013021 0.004750
0 0.334115 0.516250 0.009896 0.006000
0 0.432812 0.486375 0.011458 0.004750
0 0.508594 0.462750 0.013021 0.007500
0 0.488281 0.456250 0.014063 0.005500
0 0.464583 0.443375 0.014583 0.006250
0 0.484635 0.440750 0.010937 0.002500
0 0.483333 0.438875 0.009375 0.002250
0 0.425781 0.397250 0.005729 0.006000
0 0.420833 0.393875 0.008333 0.005250
0 0.375260 0.381500 0.016146 0.006000
0 0.398177 0.366000 0.009896 0.004000
0 0.352604 0.372125 0.012500 0.005750
0 0.326562 0.358750 0.013542 0.008000
0 0.359896 0.340625 0.010417 0.003750
0 0.358333 0.337875 0.009375 0.002750
0 0.330729 0.332000 0.015625 0.004000
0 0.302604 0.335125 0.006250 0.005750
0 0.298958 0.334250 0.006250 0.005500
0 0.311458 0.323625 0.005208 0.006250
0 0.315625 0.323500 0.005208 0.006000
0 0.345573 0.312000 0.009896 0.003500
0 0.352865 0.298375 0.011979 0.006750
0 0.272135 0.288250 0.007812 0.006500
0 0.264062 0.296500 0.010417 0.003000
0 0.261198 0.294875 0.013021 0.003250
0 0.224479 0.274125 0.010417 0.008250
0 0.292448 0.259625 0.013021 0.006250
0 0.241406 0.250625 0.015104 0.006250
0 0.232031 0.243125 0.015104 0.004250
0 0.231510 0.239375 0.014063 0.003250
0 0.549740 0.379625 0.010937 0.005750
0 0.539323 0.367250 0.014063 0.004500
0 0.574479 0.346750 0.008333 0.006500
0 0.578125 0.343625 0.011458 0.003750
0 0.616406 0.330625 0.011979 0.006750
0 0.688281 0.326875 0.010937 0.007250
0 0.682552 0.316125 0.013021 0.005750
0 0.700521 0.300625 0.006250 0.004750
0 0.705729 0.299500 0.006250 0.005500
0 0.709635 0.289625 0.009896 0.005750
0 0.618229 0.275375 0.015625 0.004250
0 0.715885 0.262125 0.009896 0.006750
0 0.638802 0.184000 0.008854 0.005500
0 0.645052 0.182750 0.010937 0.005500
0 0.759896 0.176375 0.008333 0.006750
0 0.807552 0.186000 0.011979 0.005000
0 0.784115 0.158500 0.011979 0.008500
0 0.809635 0.124500 0.007812 0.008500
0 0.683073 0.147750 0.008854 0.008500
0 0.690104 0.494625 0.011458 0.005250
0 0.720313 0.472500 0.012500 0.003500
0 0.733333 0.471500 0.011458 0.005500
0 0.760417 0.465875 0.008333 0.007250
0 0.798177 0.468750 0.008854 0.005500
0 0.756510 0.453375 0.014063 0.003750
0 0.751302 0.446000 0.008854 0.006000
0 0.809375 0.448375 0.014583 0.003250
0 0.803646 0.444875 0.013542 0.003750
0 0.935677 0.442125 0.013021 0.003750
0 0.902604 0.437750 0.011458 0.005500
0 0.888021 0.443000 0.007292 0.006500
0 0.884115 0.442375 0.006771 0.004750
0 0.926042 0.432750 0.012500 0.007000
0 0.976302 0.412000 0.013021 0.005500
0 0.990104 0.418250 0.008333 0.005500
0 0.946615 0.462500 0.008854 0.004000
0 0.938021 0.462000 0.009375 0.005000
0 0.940625 0.466625 0.008333 0.004750
0 0.689323 0.514750 0.008854 0.005500
0 0.993490 0.577125 0.007812 0.008250
