0 0.045312 0.377250 0.010417 0.006000
0 0.180469 0.317500 0.007812 0.004500
0 0.179688 0.314750 0.011458 0.003000
0 0.194792 0.324250 0.006250 0.005000
0 0.197396 0.327500 0.004167 0.004500
0 0.202083 0.327625 0.006250 0.006250
0 0.237500 0.348875 0.012500 0.005250
0 0.236458 0.322250 0.008333 0.006000
0 0.241667 0.321625 0.006250 0.004250
0 0.227344 0.364500 0.008854 0.006500
0 0.236198 0.361375 0.011979 0.003250
0 0.229167 0.373375 0.006250 0.005750
0 0.211979 0.385250 0.007292 0.005000
0 0.206771 0.385125 0.004167 0.005250
0 0.237500 0.374625 0.008333 0.004750
0 0.245573 0.377500 0.005729 0.005500
0 0.250521 0.373875 0.005208 0.005250
0 0.248958 0.370750 0.008333 0.003000
0 0.244010 0.369500 0.006771 0.005500
0 0.239323 0.370000 0.003646 0.004000
0 0.229427 0.397250 0.016146 0.006500
0 0.211458 0.398500 0.011458 0.003500
0 0.212760 0.397000 0.009896 0.002500
0 0.262760 0.397750 0.011979 0.005000
0 0.280208 0.394125 0.005208 0.005250
0 0.275521 0.394000 0.005208 0.005000
0 0.221615 0.408625 0.007812 0.006250
0 0.258073 0.414625 0.009896 0.006250
0 0.250260 0.420250 0.006771 0.006000
0 0.248958 0.425125 0.006250 0.005250
0 0.255208 0.424625 0.006250 0.005750
0 0.263281 0.431250 0.011979 0.006000
0 0.242448 0.418375 0.006771 0.006250
0 0.238021 0.418375 0.004167 0.005750
0 0.245833 0.479125 0.010417 0.004250
0 0.387500 0.465375 0.008333 0.005750
0 0.386979 0.461000 0.007292 0.005500
0 0.392969 0.442500 0.005729 0.006000
0 0.400000 0.441250 0.007292 0.004500
0 0.398438 0.427500 0.009375 0.007000
0 0.412240 0.413375 0.008854 0.005250
0 0.402083 0.406625 0.010417 0.003750
0 0.396875 0.400750 0.007292 0.005000
0 0.410417 0.397750 0.007292 0.005500
0 0.417708 0.404625 0.005208 0.005250
0 0.406510 0.403750 0.003646 0.005000
0 0.410156 0.403875 0.004687 0.005250
0 0.416146 0.401500 0.009375 0.003000
0 0.394010 0.375500 0.007812 0.006500
0 0.427865 0.386250 0.011979 0.004000
0 0.431510 0.374375 0.009896 0.005250
0 0.436458 0.355250 0.011458 0.005500
0 0.440885 0.347375 0.006771 0.006250
0 0.446615 0.345000 0.007812 0.005500
0 0.440104 0.334500 0.008333 0.005500
0 0.450521 0.316375 0.009375 0.005750
0 0.455729 0.282250 0.008333 0.006000
0 0.421094 0.482625 0.013021 0.004250
0 0.439323 0.466500 0.010937 0.007000
0 0.459115 0.454500 0.009896 0.005000
0 0.466667 0.447500 0.011458 0.006000
0 0.484896 0.447750 0.010417 0.005500
0 0.479167 0.453375 0.010417 0.004250
0 0.513542 0.429625 0.008333 0.005250
0 0.504948 0.427875 0.009896 0.005250
0 0.489583 0.423250 0.010417 0.005000
0 0.501042 0.416750 0.005208 0.005000
0 0.495052 0.416750 0.007812 0.004500
0 0.495573 0.413875 0.009896 0.002250
0 0.540104 0.423125 0.007292 0.006750
0 0.533594 0.420625 0.009896 0.005750
0 0.529427 0.420000 0.007812 0.004000
0 0.552865 0.409375 0.010937 0.002750
0 0.552604 0.405750 0.010417 0.004500
0 0.561719 0.394625 0.009896 0.005250
0 0.551042 0.398750 0.006250 0.004500
0 0.548698 0.398125 0.007812 0.004750
0 0.557031 0.376000 0.009896 0.004000
0 0.545833 0.375500 0.009375 0.005500
0 0.576562 0.376000 0.012500 0.005000
0 0.583594 0.359500 0.009896 0.006500
0 0.720573 0.320875 0.010937 0.004750
0 0.751302 0.391625 0.011979 0.004250
0 0.722656 0.394000 0.013021 0.005000
0 0.717969 0.398625 0.010937 0.004750
0 0.710417 0.407250 0.010417 0.004000
0 0.777344 0.403875 0.008854 0.004750
0 0.804167 0.415875 0.008333 0.005250
0 0.781250 0.417375 0.010417 0.004250
0 0.802865 0.412250 0.011979 0.002000
0 0.802604 0.410375 0.010417 0.002250
0 0.790625 0.414250 0.007292 0.003500
0 0.787500 0.412750 0.007292 0.003500
0 0.795833 0.410250 0.006250 0.005000
0 0.792969 0.409250 0.004687 0.003500
0 0.695833 0.431250 0.012500 0.005000
0 0.725260 0.433625 0.013021 0.004250
0 0.773177 0.439125 0.013021 0.006250
0 0.747656 0.446625 0.011979 0.003750
0 0.720313 0.449625 0.010417 0.003750
0 0.678125 0.454625 0.007292 0.005250
0 0.595313 0.466000 0.012500 0.004000
0 0.582812 0.460500 0.010417 0.004500
0 0.641667 0.478375 0.006250 0.003250
0 0.638542 0.477625 0.008333 0.004250
0 0.563542 0.481625 0.007292 0.004750
0 0.553125 0.481625 0.011458 0.002750
0 0.562500 0.478375 0.009375 0.004750
0 0.548438 0.486625 0.012500 0.003250
0 0.527083 0.489625 0.009375 0.005250
0 0.545312 0.491000 0.006250 0.005500
0 0.543229 0.490000 0.006250 0.003500
0 0.465104 0.501625 0.010417 0.004250
0 0.937500 0.544750 0.008333 0.003000
0 0.952604 0.528250 0.009375 0.004500
0 0.781510 0.577250 0.011979 0.004500
0 0.761719 0.575750 0.011979 0.004500
0 0.758854 0.572750 0.012500 0.002500
0 0.587760 0.538000 0.009896 0.003000
0 0.578385 0.537500 0.006771 0.004000
0 0.621875 0.539875 0.011458 0.002250
0 0.620833 0.537750 0.010417 0.002000
0 0.475781 0.544500 0.011979 0.003500
0 0.622135 0.026375 0.010937 0.008250
0 0.360938 0.007875 0.008333 0.006250
