0 0.396375 0.423437 0.010750 0.012500
0 0.418375 0.413281 0.004250 0.010937
0 0.422125 0.419271 0.004750 0.011458
0 0.425875 0.403646 0.006250 0.014583
0 0.424750 0.399219 0.005500 0.011979
0 0.459375 0.355729 0.006250 0.011458
0 0.471000 0.337240 0.006500 0.014063
0 0.485125 0.324219 0.007750 0.015104
0 0.462250 0.308333 0.006000 0.020833
0 0.488625 0.268750 0.010250 0.013542
0 0.504250 0.275521 0.007000 0.018750
0 0.409500 0.508854 0.007500 0.011458
0 0.416125 0.500000 0.008250 0.011458
0 0.415250 0.484635 0.008000 0.014063
0 0.438750 0.468750 0.007000 0.013542
0 0.447750 0.464323 0.007500 0.014063
0 0.453750 0.449219 0.006000 0.017188
0 0.475000 0.461719 0.004500 0.016146
0 0.478000 0.450521 0.005000 0.015625
0 0.475250 0.437240 0.006500 0.011979
0 0.496000 0.440104 0.007000 0.007292
0 0.502000 0.395833 0.008500 0.010417
0 0.514375 0.382812 0.009250 0.014583
0 0.502875 0.423958 0.007250 0.008333
0 0.500500 0.430469 0.006000 0.008854
0 0.497375 0.432031 0.004750 0.007812
0 0.495250 0.435417 0.005500 0.008333
0 0.537250 0.396875 0.008500 0.010417
0 0.545875 0.415365 0.006750 0.007812
0 0.546875 0.409896 0.007750 0.009375
0 0.559125 0.422135 0.005250 0.015104
0 0.586625 0.466406 0.006250 0.016146
0 0.563625 0.484115 0.006250 0.013021
0 0.566875 0.475260 0.006750 0.006771
0 0.567625 0.471615 0.007250 0.005729
0 0.553750 0.460938 0.006000 0.012500
0 0.559375 0.485937 0.004750 0.011458
0 0.555875 0.482031 0.007250 0.013021
0 0.543125 0.456510 0.006250 0.011979
0 0.545000 0.470312 0.004000 0.010417
0 0.543000 0.468229 0.006000 0.012500
0 0.544000 0.492188 0.006500 0.007292
0 0.543625 0.485937 0.006750 0.007292
0 0.517750 0.461719 0.007000 0.009896
0 0.510000 0.459896 0.004500 0.012500
0 0.484125 0.506510 0.003750 0.013021
0 0.489625 0.502604 0.006750 0.012500
0 0.446875 0.516406 0.006250 0.011979
0 0.430875 0.567708 0.005750 0.013542
0 0.463500 0.551562 0.005500 0.015625
0 0.475500 0.534375 0.006000 0.011458
0 0.506750 0.523698 0.005500 0.008854
0 0.508000 0.518490 0.006000 0.007812
0 0.532125 0.522656 0.006750 0.008854
0 0.532375 0.515104 0.006250 0.007292
0 0.555500 0.569792 0.005000 0.013542
0 0.401500 0.335156 0.004500 0.008854
0 0.407375 0.057031 0.006250 0.017188
