0 0.369625 0.566927 0.005750 0.008854
0 0.403250 0.494271 0.005000 0.006250
0 0.413875 0.500781 0.005750 0.006771
0 0.416625 0.492969 0.003250 0.008854
0 0.578000 0.446875 0.003500 0.013542
0 0.549875 0.470052 0.004250 0.006771
0 0.548875 0.465104 0.004750 0.009375
0 0.531375 0.489323 0.004750 0.010937
0 0.528625 0.470052 0.003750 0.007812
0 0.525625 0.467969 0.004750 0.010937
0 0.542500 0.516667 0.006000 0.004167
0 0.542375 0.512760 0.005250 0.004687
0 0.531750 0.545312 0.005000 0.010417
0 0.509500 0.504427 0.003500 0.014063
0 0.485500 0.489323 0.006500 0.008854
0 0.486750 0.533594 0.003000 0.013021
0 0.500250 0.559635 0.004000 0.013021
0 0.495500 0.563281 0.003500 0.011979
0 0.514750 0.509115 0.004000 0.010937
0 0.513375 0.506510 0.004250 0.007812
0 0.505500 0.541667 0.006000 0.006250
0 0.505125 0.546615 0.005750 0.004687
0 0.504875 0.551042 0.005750 0.004167
0 0.486000 0.549740 0.004000 0.009896
0 0.482750 0.549219 0.004500 0.010937
0 0.473625 0.576823 0.003750 0.010937
0 0.474000 0.566146 0.004500 0.009375
0 0.452000 0.504687 0.003000 0.013542
0 0.466125 0.499219 0.005750 0.014063
0 0.441000 0.519792 0.005500 0.009375
0 0.446500 0.526042 0.005000 0.009375
0 0.455875 0.530990 0.004750 0.008854
0 0.454625 0.537240 0.005750 0.004687
0 0.454500 0.541667 0.005000 0.004167
0 0.459000 0.543490 0.004500 0.007812
0 0.448500 0.549740 0.004000 0.006771
0 0.454375 0.566406 0.003250 0.011979
0 0.451250 0.569010 0.003500 0.009896
0 0.440875 0.575781 0.004750 0.004687
0 0.442250 0.579427 0.005500 0.006771
0 0.433875 0.568490 0.005250 0.008854
0 0.437125 0.557813 0.004750 0.006250
0 0.438000 0.551042 0.005000 0.007292
0 0.448500 0.564844 0.003500 0.008854
0 0.447500 0.562760 0.003500 0.007812
0 0.445125 0.562500 0.003750 0.008333
0 0.445375 0.555208 0.004750 0.007292
0 0.453750 0.582552 0.004500 0.006771
0 0.454375 0.585677 0.004250 0.007812
0 0.421875 0.561979 0.002750 0.012500
0 0.421000 0.572656 0.004500 0.008854
0 0.424500 0.579948 0.004500 0.007812
0 0.424000 0.577083 0.004500 0.007292
0 0.507875 0.576562 0.005750 0.009375
0 0.486625 0.601562 0.005250 0.011458
0 0.509125 0.594531 0.004750 0.005729
0 0.508500 0.590625 0.005500 0.007292
0 0.515875 0.641667 0.006250 0.007292
0 0.501750 0.639323 0.005500 0.008854
0 0.503125 0.669271 0.005750 0.009375
0 0.495625 0.632552 0.005250 0.008854
0 0.494375 0.630729 0.004250 0.008333
0 0.480375 0.639844 0.004250 0.013021
0 0.477125 0.659896 0.004250 0.011458
0 0.475500 0.647396 0.007000 0.006250
0 0.456000 0.656771 0.004000 0.012500
0 0.463750 0.666406 0.002500 0.010937
0 0.461625 0.664844 0.003250 0.009896
0 0.462625 0.632552 0.004750 0.008854
0 0.454125 0.641927 0.002750 0.007812
0 0.456625 0.635938 0.005250 0.008333
0 0.455500 0.628646 0.005000 0.010417
0 0.421500 0.662240 0.004000 0.009896
0 0.415750 0.671615 0.005000 0.006771
0 0.413750 0.677344 0.003500 0.005729
0 0.399625 0.695052 0.003250 0.006771
0 0.392375 0.701042 0.004750 0.010417
0 0.388125 0.700521 0.002750 0.007292
0 0.388750 0.705469 0.002500 0.006771
0 0.386250 0.708073 0.002500 0.006771
0 0.383500 0.707812 0.003000 0.007292
0 0.423750 0.694271 0.002500 0.011458
0 0.419000 0.702083 0.006000 0.009375
0 0.419750 0.691406 0.005500 0.007812
0 0.406500 0.686719 0.003500 0.010937
0 0.404750 0.685417 0.004000 0.007292
0 0.377250 0.723177 0.005500 0.007812
0 0.377750 0.741146 0.004500 0.005208
0 0.377000 0.735938 0.005500 0.005208
0 0.400125 0.727344 0.006250 0.006771
0 0.402250 0.758333 0.004500 0.010417
0 0.403625 0.757031 0.003750 0.008854
0 0.447125 0.705469 0.004750 0.009896
0 0.443125 0.701042 0.002250 0.012500
0 0.511875 0.679167 0.004750 0.010417
0 0.551750 0.582812 0.005000 0.008333
0 0.560500 0.588802 0.007500 0.008854
0 0.550500 0.626042 0.007000 0.007292
0 0.552375 0.610938 0.003250 0.009375
0 0.550625 0.609115 0.004250 0.011979
0 0.537000 0.631250 0.006000 0.006250
0 0.540000 0.647656 0.006500 0.005729
0 0.541125 0.640625 0.004250 0.010417
0 0.542375 0.638802 0.003250 0.006771
0 0.542625 0.654687 0.006750 0.009375
0 0.531375 0.655469 0.006250 0.009896
0 0.537875 0.678125 0.003750 0.013542
0 0.525625 0.705208 0.004250 0.014583
0 0.507000 0.703385 0.003500 0.013021
0 0.508375 0.715625 0.004750 0.012500
0 0.513000 0.721094 0.006000 0.008854
0 0.497500 0.729948 0.007000 0.008854
0 0.512500 0.727604 0.006500 0.004167
0 0.512625 0.732292 0.005750 0.005208
0 0.551000 0.743490 0.006500 0.008854
0 0.528000 0.726823 0.003000 0.008854
0 0.526250 0.726562 0.004000 0.012500
0 0.487375 0.742448 0.004250 0.011979
0 0.481250 0.751302 0.005000 0.009896
0 0.476000 0.753646 0.003000 0.009375
0 0.471125 0.763802 0.004250 0.010937
0 0.463875 0.777865 0.003250 0.009896
0 0.481375 0.765104 0.006750 0.007292
0 0.488250 0.771615 0.004500 0.014063
0 0.498125 0.764062 0.005250 0.012500
0 0.509000 0.749219 0.002500 0.014063
0 0.505875 0.757292 0.004250 0.009375
0 0.504625 0.751563 0.006250 0.007292
0 0.503875 0.745052 0.005250 0.009896
0 0.512750 0.758073 0.002500 0.010937
0 0.510500 0.758594 0.003000 0.014063
0 0.489375 0.784896 0.005250 0.009375
0 0.487375 0.795833 0.003250 0.015625
0 0.481125 0.788802 0.006750 0.009896
0 0.472125 0.799740 0.005250 0.008854
0 0.474750 0.807812 0.005500 0.012500
0 0.463875 0.795573 0.003750 0.010937
0 0.461250 0.803906 0.005000 0.009896
0 0.462500 0.807031 0.004000 0.008854
0 0.457000 0.804688 0.003500 0.009375
0 0.465875 0.833073 0.004750 0.010937
0 0.478375 0.858594 0.006250 0.008854
0 0.442500 0.821094 0.004500 0.011979
0 0.438625 0.828125 0.003750 0.011458
0 0.510875 0.836979 0.004750 0.017708
0 0.609125 0.569271 0.003750 0.013542
0 0.606125 0.605990 0.006750 0.010937
0 0.607500 0.636719 0.005000 0.016146
0 0.615500 0.644010 0.007000 0.007812
0 0.594125 0.673177 0.005750 0.009896
0 0.589875 0.688542 0.005750 0.009375
0 0.618000 0.653385 0.003500 0.011979
0 0.624625 0.694010 0.006750 0.007812
0 0.610250 0.723958 0.005500 0.014583
0 0.588000 0.719271 0.005000 0.007292
0 0.586250 0.716146 0.005500 0.010417
0 0.578625 0.750781 0.005250 0.005729
0 0.591000 0.750260 0.004000 0.008854
0 0.589875 0.744010 0.006250 0.005729
0 0.577125 0.771094 0.005750 0.013021
0 0.581625 0.795573 0.006250 0.005729
0 0.582375 0.803646 0.004250 0.010417
0 0.573375 0.802344 0.004750 0.005729
0 0.572375 0.813542 0.002750 0.013542
0 0.569000 0.813281 0.004000 0.007812
0 0.569250 0.822396 0.004000 0.009375
0 0.572625 0.825781 0.003250 0.009896
0 0.569500 0.831510 0.003500 0.006771
0 0.569125 0.848437 0.004250 0.013542
0 0.574875 0.863802 0.006750 0.011979
0 0.565500 0.845833 0.004000 0.009375
0 0.564750 0.841927 0.004000 0.007812
0 0.663375 0.585677 0.006250 0.009896
0 0.666000 0.708854 0.003000 0.014583
0 0.670000 0.714323 0.006000 0.008854
0 0.691000 0.706250 0.006500 0.007292
0 0.692625 0.696875 0.003250 0.011458
0 0.494250 0.646615 0.005500 0.004687
0 0.494250 0.651302 0.005500 0.004687
