0 0.645833 0.311750 0.011458 0.005000
0 0.648958 0.310500 0.008333 0.004000
0 0.727604 0.228000 0.015625 0.005500
0 0.773698 0.243125 0.008854 0.007250
0 0.776302 0.228250 0.019271 0.007500
0 0.782552 0.224250 0.014063 0.006000
0 0.654948 0.406375 0.008854 0.004250
0 0.651823 0.405000 0.009896 0.005500
0 0.722656 0.391250 0.009896 0.006000
0 0.716146 0.392125 0.004167 0.005750
0 0.712240 0.392250 0.004687 0.006000
0 0.708333 0.392250 0.004167 0.005500
0 0.880469 0.377625 0.011979 0.006750
0 0.951042 0.391000 0.012500 0.005000
0 0.671875 0.475500 0.016667 0.004000
0 0.657552 0.487625 0.009896 0.003750
0 0.651823 0.486375 0.006771 0.005250
0 0.695052 0.536875 0.009896 0.004250
0 0.792448 0.570375 0.013021 0.005750
0 0.793229 0.576125 0.012500 0.005750
0 0.678125 0.808250 0.012500 0.007000
0 0.636198 0.697250 0.010937 0.007000
0 0.661198 0.669250 0.013021 0.007500
0 0.612760 0.629375 0.006771 0.006250
0 0.617448 0.628750 0.010937 0.007000
0 0.594010 0.623250 0.014063 0.005000
0 0.588281 0.610500 0.010937 0.008500
0 0.628385 0.591625 0.011979 0.005250
0 0.656510 0.563000 0.010937 0.005000
0 0.662500 0.578250 0.010417 0.004500
0 0.558854 0.518125 0.008333 0.006250
0 0.342448 0.638500 0.010937 0.003500
0 0.419271 0.627250 0.009375 0.007000
0 0.391406 0.663750 0.008854 0.007000
0 0.426563 0.584750 0.009375 0.005500
0 0.257292 0.882375 0.010417 0.007750
0 0.423437 0.907500 0.010417 0.006000
