0 0.403375 0.041146 0.004750 0.011458
0 0.424500 0.116146 0.007500 0.016667
0 0.420750 0.142969 0.006000 0.011979
0 0.418000 0.139063 0.005000 0.012500
0 0.459250 0.138802 0.006000 0.013021
0 0.457750 0.131250 0.004000 0.011458
0 0.474125 0.096354 0.007750 0.015625
0 0.495750 0.073958 0.007000 0.012500
0 0.518250 0.090625 0.005500 0.018750
0 0.526625 0.104688 0.007250 0.009375
0 0.531375 0.099219 0.004750 0.017188
0 0.511125 0.188281 0.005250 0.018229
0 0.472375 0.166667 0.007750 0.011458
0 0.468375 0.181510 0.006750 0.009896
0 0.466750 0.175521 0.005500 0.010417
0 0.406875 0.422656 0.008750 0.008854
0 0.429625 0.420312 0.006250 0.009375
0 0.468250 0.412760 0.007000 0.008854
0 0.481375 0.428385 0.008250 0.011979
0 0.511500 0.428906 0.004000 0.014063
0 0.517125 0.427604 0.006250 0.010417
0 0.530125 0.434375 0.004750 0.009375
0 0.543250 0.434375 0.007500 0.010417
0 0.602375 0.463021 0.006750 0.005208
0 0.601875 0.458073 0.007250 0.005729
0 0.602750 0.477344 0.007000 0.013021
0 0.593750 0.477083 0.004500 0.016667
0 0.589375 0.466667 0.006750 0.008333
0 0.596375 0.512760 0.008750 0.009896
0 0.596000 0.535677 0.006000 0.019271
0 0.572000 0.524740 0.009000 0.010937
0 0.567250 0.499740 0.007000 0.009896
0 0.568250 0.496094 0.006000 0.007812
0 0.574625 0.468750 0.007250 0.008333
0 0.570000 0.477344 0.005000 0.015104
0 0.536500 0.514323 0.008000 0.016146
0 0.558000 0.457292 0.006500 0.015625
0 0.536625 0.460938 0.007750 0.014583
0 0.521500 0.457813 0.006500 0.008333
0 0.523875 0.447917 0.003750 0.015625
0 0.504250 0.449740 0.008500 0.010937
0 0.484000 0.491406 0.008000 0.010937
0 0.472125 0.495833 0.006750 0.017708
0 0.460000 0.600000 0.006000 0.009375
0 0.461125 0.594271 0.005250 0.007292
0 0.462000 0.679948 0.005000 0.018229
0 0.469625 0.665365 0.006750 0.011979
0 0.491000 0.768490 0.006000 0.014063
