0 0.383000 0.952865 0.005000 0.017188
0 0.425750 0.885937 0.004000 0.012500
0 0.423125 0.887500 0.002250 0.012500
0 0.421125 0.888542 0.001750 0.012500
0 0.463500 0.804688 0.005000 0.012500
0 0.519500 0.726562 0.006500 0.009375
0 0.508375 0.690885 0.004250 0.009896
0 0.517125 0.636458 0.004750 0.009375
0 0.492875 0.645052 0.006250 0.008854
0 0.478625 0.645312 0.002750 0.011458
0 0.469625 0.647396 0.004750 0.008333
0 0.458125 0.652083 0.004250 0.007292
0 0.459375 0.646615 0.002750 0.005729
0 0.456875 0.645312 0.003750 0.006250
0 0.456625 0.665365 0.004750 0.004687
0 0.455625 0.669792 0.005750 0.006250
0 0.424875 0.677083 0.003250 0.014583
0 0.439250 0.737760 0.005000 0.009896
0 0.388000 0.682552 0.005000 0.011979
0 0.376375 0.688802 0.006250 0.006771
0 0.369750 0.643750 0.004500 0.009375
0 0.364000 0.643490 0.002500 0.010937
0 0.383000 0.731771 0.005500 0.006250
0 0.375125 0.734115 0.002750 0.013021
0 0.378625 0.734896 0.004250 0.009375
0 0.297375 0.691406 0.004250 0.015104
0 0.246375 0.650781 0.004750 0.007812
0 0.532750 0.612500 0.005500 0.009375
0 0.509000 0.565104 0.005000 0.008333
0 0.458500 0.518490 0.006000 0.008854
0 0.469000 0.525260 0.002000 0.010937
0 0.467250 0.525521 0.001500 0.013542
0 0.449000 0.501563 0.004500 0.010417
0 0.441375 0.499479 0.006250 0.009375
0 0.443250 0.492188 0.002500 0.014583
0 0.438875 0.482812 0.004750 0.010417
0 0.422125 0.478385 0.005750 0.010937
0 0.427625 0.475260 0.005750 0.008854
0 0.421375 0.469531 0.004250 0.007812
0 0.422375 0.466927 0.004750 0.008854
0 0.414250 0.495833 0.005500 0.005208
0 0.413000 0.500000 0.005000 0.009375
0 0.447250 0.526563 0.004500 0.011458
0 0.445750 0.525260 0.003000 0.008854
0 0.396250 0.478385 0.007000 0.008854
0 0.391250 0.455729 0.005000 0.009375
0 0.395750 0.449740 0.004000 0.009896
0 0.391125 0.444531 0.004250 0.010937
0 0.407750 0.445312 0.004500 0.011458
0 0.412125 0.442448 0.003750 0.008854
0 0.406375 0.436979 0.006250 0.006250
0 0.387375 0.428646 0.005750 0.006250
0 0.381250 0.428646 0.006500 0.006250
0 0.344250 0.299740 0.005500 0.014063
0 0.351750 0.328646 0.006500 0.009375
0 0.541625 0.507552 0.005250 0.008854
0 0.502125 0.453646 0.005250 0.009375
0 0.515250 0.437500 0.003000 0.012500
0 0.517750 0.450521 0.002000 0.011458
0 0.515750 0.449740 0.002000 0.009896
0 0.502250 0.370573 0.002500 0.014063
0 0.497875 0.366406 0.002250 0.014063
0 0.494875 0.375521 0.005750 0.008333
0 0.493625 0.366667 0.004250 0.008333
0 0.494250 0.362760 0.005000 0.008854
0 0.496875 0.348438 0.005250 0.006250
0 0.498250 0.343490 0.006000 0.005729
0 0.499500 0.323437 0.005000 0.008333
0 0.510125 0.323958 0.004750 0.011458
0 0.481625 0.352604 0.002750 0.008333
0 0.482500 0.349479 0.005000 0.010417
0 0.466250 0.333333 0.003500 0.013542
0 0.463375 0.317188 0.005250 0.009375
0 0.463500 0.296094 0.004000 0.013021
0 0.447625 0.282292 0.006250 0.009375
0 0.478375 0.268750 0.003750 0.011458
0 0.465125 0.256771 0.006250 0.005208
0 0.464750 0.252083 0.006000 0.005208
0 0.462625 0.269531 0.003750 0.013021
0 0.464375 0.267969 0.003750 0.010937
0 0.448250 0.247917 0.003000 0.008333
0 0.449625 0.245052 0.004250 0.010937
0 0.454250 0.253125 0.004000 0.012500
0 0.428125 0.177865 0.005250 0.015104
0 0.468750 0.116667 0.005000 0.011458
0 0.490375 0.177604 0.004750 0.008333
0 0.494500 0.182552 0.003000 0.008854
0 0.495125 0.176563 0.003750 0.011458
0 0.573500 0.466927 0.005000 0.004687
0 0.570750 0.459375 0.004000 0.011458
0 0.576000 0.443750 0.002500 0.011458
0 0.573625 0.449219 0.002750 0.010937
0 0.571750 0.448958 0.002000 0.009375
0 0.569500 0.361979 0.003500 0.011458
0 0.551000 0.300260 0.004000 0.007812
0 0.555500 0.246615 0.003000 0.013021
0 0.600250 0.184896 0.003500 0.006250
0 0.614250 0.182031 0.003000 0.004687
0 0.624250 0.161198 0.003000 0.004687
0 0.669875 0.104427 0.006750 0.008854
0 0.532250 0.046094 0.004500 0.009896
0 0.516500 0.030469 0.003500 0.013021
0 0.907000 0.097656 0.005000 0.009896
0 0.886625 0.088281 0.005750 0.007812
0 0.872125 0.111979 0.005250 0.009375
