0 0.042969 0.786625 0.018229 0.005750
0 0.069271 0.781250 0.013542 0.006000
0 0.089844 0.777750 0.014063 0.007000
0 0.085677 0.784750 0.009896 0.006500
0 0.085938 0.671000 0.012500 0.004000
0 0.004687 0.668750 0.009375 0.004500
0 0.356771 0.625250 0.013542 0.007000
0 0.321094 0.611625 0.011979 0.004250
0 0.313281 0.608750 0.011979 0.003500
0 0.296354 0.603000 0.013542 0.006000
0 0.288542 0.614750 0.009375 0.007000
0 0.209375 0.585500 0.010417 0.007500
0 0.185417 0.581125 0.012500 0.006750
0 0.187240 0.606750 0.014063 0.004000
0 0.220573 0.579250 0.011979 0.005500
0 0.224219 0.578625 0.009896 0.004250
0 0.443490 0.572125 0.008854 0.006250
0 0.467187 0.585250 0.009375 0.004000
0 0.468490 0.583125 0.008854 0.003750
0 0.441927 0.563125 0.008854 0.007750
0 0.432031 0.545625 0.013021 0.007250
0 0.426563 0.498000 0.007292 0.007500
0 0.395573 0.491375 0.014063 0.006750
0 0.442969 0.469375 0.011979 0.006250
0 0.450781 0.457750 0.007812 0.005500
0 0.448437 0.456500 0.009375 0.005500
0 0.413021 0.449000 0.010417 0.005500
0 0.415365 0.447250 0.009896 0.004500
0 0.434896 0.438250 0.009375 0.007500
0 0.450781 0.424125 0.009896 0.004250
0 0.451823 0.422250 0.011979 0.004500
0 0.403906 0.389750 0.009896 0.008000
0 0.376563 0.320500 0.009375 0.006500
0 0.377344 0.317250 0.015104 0.005500
0 0.403385 0.243375 0.013021 0.007250
0 0.412500 0.104375 0.011458 0.008250
0 0.461198 0.369875 0.009896 0.005750
0 0.623177 0.571375 0.009896 0.005750
0 0.626823 0.570125 0.008854 0.005750
0 0.663802 0.537375 0.016146 0.003750
0 0.659115 0.532875 0.006771 0.007250
0 0.642448 0.541875 0.013021 0.005250
0 0.696354 0.463375 0.012500 0.006750
0 0.760938 0.449625 0.015625 0.004750
0 0.703125 0.487250 0.007292 0.007000
0 0.707552 0.486500 0.006771 0.006500
0 0.777865 0.368000 0.010937 0.005500
0 0.780729 0.366375 0.009375 0.004750
0 0.833073 0.334000 0.007812 0.007500
0 0.837500 0.333250 0.008333 0.006500
0 0.841146 0.326875 0.016667 0.006250
0 0.785417 0.326250 0.013542 0.009000
0 0.912500 0.243375 0.010417 0.006250
0 0.902083 0.243375 0.012500 0.004250
0 0.695312 0.652250 0.012500 0.006000
0 0.684115 0.653500 0.008854 0.007000
0 0.809375 0.621125 0.014583 0.003750
0 0.838802 0.626500 0.016146 0.004000
0 0.859896 0.624500 0.010417 0.006000
0 0.868750 0.620625 0.008333 0.007750
0 0.913021 0.610625 0.013542 0.004750
0 0.923958 0.617000 0.011458 0.007500
0 0.888281 0.614875 0.011979 0.006750
0 0.884375 0.613875 0.009375 0.004250
0 0.885937 0.605250 0.009375 0.005000
0 0.895052 0.603375 0.009896 0.004250
0 0.906510 0.601375 0.010937 0.005250
0 0.632552 0.702500 0.008854 0.004500
0 0.642708 0.702000 0.008333 0.005000
0 0.671615 0.716875 0.019271 0.006750
0 0.684635 0.707250 0.013021 0.005500
0 0.687760 0.706125 0.009896 0.003750
0 0.728646 0.711000 0.009375 0.004000
0 0.723437 0.710000 0.013542 0.005000
0 0.935937 0.741625 0.016667 0.005750
