0 0.034635 0.618500 0.015104 0.004000
0 0.009635 0.634125 0.013021 0.006750
0 0.108073 0.635375 0.016146 0.004250
0 0.092708 0.636250 0.015625 0.005000
0 0.097917 0.632500 0.014583 0.004000
0 0.083854 0.633125 0.015625 0.004250
0 0.159375 0.644500 0.014583 0.006500
0 0.261198 0.635500 0.010937 0.004000
0 0.312240 0.532375 0.016146 0.006250
0 0.289323 0.535500 0.010937 0.007000
0 0.271354 0.528750 0.013542 0.004500
0 0.265365 0.536750 0.008854 0.006000
0 0.258854 0.525125 0.015625 0.003750
0 0.267448 0.523375 0.011979 0.003750
0 0.268229 0.521625 0.014583 0.005250
0 0.256771 0.513250 0.009375 0.007500
0 0.242969 0.512625 0.011979 0.007250
0 0.246615 0.508375 0.009896 0.005250
0 0.250260 0.506625 0.010937 0.006750
0 0.281771 0.496125 0.009375 0.004750
0 0.259896 0.491125 0.011458 0.005750
0 0.244010 0.492375 0.014063 0.006250
0 0.210938 0.499375 0.017708 0.004750
0 0.206250 0.495125 0.010417 0.005750
0 0.227083 0.485375 0.012500 0.006750
0 0.187240 0.485125 0.017188 0.004250
0 0.164583 0.478125 0.012500 0.004250
0 0.158073 0.474000 0.011979 0.006000
0 0.161458 0.470750 0.014583 0.003500
0 0.152083 0.475000 0.009375 0.007500
0 0.199219 0.456750 0.015104 0.005500
0 0.126562 0.459250 0.017708 0.004500
0 0.165625 0.443125 0.013542 0.003750
0 0.164323 0.437750 0.015104 0.005500
0 0.151042 0.433875 0.015625 0.005250
0 0.151302 0.440375 0.009896 0.006750
0 0.141667 0.438750 0.012500 0.006000
0 0.143750 0.437625 0.007292 0.005750
0 0.145833 0.419500 0.014583 0.008500
0 0.116406 0.403375 0.017188 0.005750
0 0.089323 0.415625 0.014063 0.007750
0 0.096354 0.372125 0.015625 0.004250
0 0.047135 0.443250 0.006771 0.007500
0 0.053125 0.442875 0.009375 0.005250
0 0.056250 0.440500 0.006250 0.005500
0 0.062240 0.440125 0.006771 0.008250
0 0.071354 0.445750 0.012500 0.008000
0 0.115104 0.469250 0.015625 0.005000
0 0.097917 0.480375 0.009375 0.008250
0 0.138021 0.478250 0.013542 0.006000
0 0.524219 0.561125 0.011979 0.007750
0 0.509635 0.540000 0.015104 0.004000
0 0.506771 0.536750 0.011458 0.004000
0 0.502344 0.527750 0.008854 0.005000
0 0.497917 0.525125 0.007292 0.005750
0 0.460156 0.495500 0.010937 0.008000
0 0.452604 0.484875 0.008333 0.006750
0 0.444010 0.477750 0.010937 0.008500
0 0.436979 0.463000 0.013542 0.007500
0 0.424219 0.434500 0.007812 0.007500
0 0.419271 0.434500 0.006250 0.007000
0 0.410417 0.419375 0.012500 0.009250
0 0.337760 0.400750 0.010937 0.005000
0 0.311979 0.367375 0.011458 0.004250
0 0.385937 0.366625 0.007292 0.006750
0 0.390885 0.366500 0.007812 0.008500
0 0.375521 0.328125 0.015625 0.008250
0 0.265365 0.295875 0.009896 0.006750
0 0.365365 0.291000 0.006771 0.008500
0 0.359115 0.290625 0.005729 0.008750
0 0.301042 0.273375 0.014583 0.005250
0 0.310677 0.270750 0.008854 0.007500
0 0.351302 0.257500 0.014063 0.007000
0 0.309896 0.142125 0.013542 0.006750
0 0.311719 0.140375 0.013021 0.005750
0 0.409375 0.210875 0.015625 0.005750
0 0.372396 0.250750 0.009375 0.008000
0 0.417969 0.278500 0.011979 0.008000
0 0.395052 0.283125 0.015104 0.005250
0 0.409896 0.354125 0.014583 0.008250
0 0.455990 0.422500 0.013021 0.008500
0 0.473698 0.457000 0.011979 0.004500
0 0.458854 0.461125 0.008333 0.006250
0 0.484115 0.464125 0.007812 0.007250
0 0.469010 0.471500 0.008854 0.006000
0 0.467969 0.476375 0.014063 0.005250
0 0.586719 0.518125 0.009896 0.005750
0 0.582031 0.503000 0.009896 0.008500
0 0.567187 0.490875 0.011458 0.006250
0 0.585938 0.486875 0.010417 0.008250
0 0.583333 0.471000 0.007292 0.004500
0 0.589323 0.467125 0.006771 0.007750
0 0.589323 0.460875 0.008854 0.005750
0 0.590365 0.436000 0.008854 0.008500
0 0.591406 0.413125 0.016146 0.005250
0 0.614062 0.318125 0.015625 0.005250
0 0.612240 0.283250 0.015104 0.008000
0 0.608594 0.279625 0.013021 0.008250
0 0.608854 0.274625 0.013542 0.008250
0 0.580208 0.249000 0.009375 0.005000
0 0.578125 0.247000 0.013542 0.007500
0 0.610938 0.235125 0.009375 0.007750
0 0.607031 0.227875 0.009896 0.009250
0 0.722135 0.101250 0.014063 0.005500
0 0.694531 0.193000 0.011979 0.008000
0 0.701823 0.179500 0.011979 0.003500
0 0.702083 0.183250 0.011458 0.004500
0 0.646354 0.196000 0.010417 0.007000
0 0.643490 0.202125 0.015104 0.005750
0 0.647135 0.206625 0.006771 0.005250
0 0.659635 0.206625 0.016146 0.005750
0 0.654948 0.204000 0.011979 0.006500
0 0.646875 0.211375 0.012500 0.006750
0 0.645312 0.217250 0.010417 0.008000
0 0.665625 0.214625 0.011458 0.009250
0 0.670833 0.223500 0.013542 0.008500
0 0.689583 0.229125 0.014583 0.004750
0 0.732292 0.202875 0.013542 0.008750
0 0.658333 0.233750 0.012500 0.006500
0 0.670573 0.242000 0.009896 0.007000
0 0.674740 0.240125 0.010937 0.006250
0 0.675260 0.247625 0.013021 0.006250
0 0.679948 0.258250 0.013021 0.006500
0 0.709896 0.255875 0.011458 0.004750
0 0.636979 0.255750 0.013542 0.007000
0 0.635938 0.265000 0.010417 0.009000
0 0.645312 0.274000 0.017708 0.006000
0 0.688802 0.278125 0.010937 0.009250
0 0.677604 0.279375 0.012500 0.007750
0 0.651823 0.283000 0.009896 0.006500
0 0.695312 0.310125 0.011458 0.005750
0 0.695052 0.316375 0.010937 0.005250
0 0.632292 0.305375 0.007292 0.004750
0 0.630208 0.309250 0.012500 0.005000
0 0.627344 0.312625 0.008854 0.007250
0 0.633333 0.315375 0.005208 0.008250
0 0.638802 0.320500 0.008854 0.007000
0 0.634635 0.324750 0.005729 0.007500
0 0.627604 0.319875 0.009375 0.007250
0 0.665365 0.338500 0.011979 0.008000
0 0.627604 0.364375 0.009375 0.005750
0 0.630729 0.362625 0.012500 0.006250
0 0.622917 0.389500 0.011458 0.006000
0 0.626302 0.387750 0.009896 0.004500
0 0.636979 0.395500 0.014583 0.005500
0 0.616667 0.400000 0.009375 0.007000
0 0.614323 0.408875 0.007812 0.007750
0 0.621354 0.408625 0.009375 0.006250
0 0.614844 0.416125 0.010937 0.007750
0 0.626302 0.421000 0.007812 0.007000
0 0.619531 0.423625 0.014063 0.004750
0 0.618490 0.427500 0.013021 0.006000
0 0.610938 0.434250 0.011458 0.004500
0 0.611979 0.443375 0.011458 0.006750
0 0.624479 0.442125 0.013542 0.005750
0 0.610417 0.449000 0.013542 0.005000
0 0.641406 0.452250 0.013021 0.006500
0 0.631510 0.461750 0.010937 0.005000
0 0.608333 0.472750 0.009375 0.005000
0 0.616146 0.478250 0.011458 0.008500
0 0.626563 0.486750 0.010417 0.006500
0 0.611979 0.495000 0.014583 0.005500
0 0.610677 0.502500 0.014063 0.007000
0 0.616146 0.512750 0.012500 0.006500
0 0.621354 0.517750 0.012500 0.004500
0 0.746094 0.560125 0.015104 0.004250
0 0.764844 0.550500 0.008854 0.010000
0 0.798438 0.538250 0.018750 0.005500
0 0.813542 0.531250 0.011458 0.006500
0 0.855729 0.510625 0.013542 0.003750
0 0.854948 0.508125 0.016146 0.003750
0 0.883854 0.500500 0.018750 0.005500
0 0.900781 0.496750 0.013021 0.004000
0 0.899740 0.494375 0.017188 0.004750
0 0.886979 0.480875 0.016667 0.006250
0 0.892188 0.475000 0.013542 0.006500
0 0.890104 0.472625 0.011458 0.005250
0 0.908073 0.473750 0.009896 0.006500
0 0.920573 0.471125 0.014063 0.006750
0 0.898958 0.445750 0.010417 0.009500
0 0.963021 0.472375 0.012500 0.008250
0 0.986979 0.460875 0.018750 0.006750
0 0.983854 0.456125 0.012500 0.007250
0 0.979687 0.448750 0.018750 0.007500
0 0.965625 0.451750 0.015625 0.009000
0 0.951823 0.437250 0.015104 0.006000
0 0.991927 0.443750 0.015104 0.006000
0 0.991406 0.437625 0.016146 0.006250
0 0.955729 0.422625 0.015625 0.005750
0 0.916406 0.418875 0.017188 0.006750
0 0.935677 0.423000 0.011979 0.008000
0 0.930990 0.422000 0.009896 0.006500
0 0.926823 0.391000 0.016146 0.009000
0 0.895312 0.517250 0.013542 0.005000
0 0.888542 0.521500 0.018750 0.004500
0 0.870833 0.629875 0.018750 0.006750
0 0.932292 0.637750 0.016667 0.006000
0 0.956771 0.616750 0.010417 0.010000
0 0.968229 0.619625 0.010417 0.009250
0 0.989844 0.619875 0.019271 0.006250
0 0.970052 0.599000 0.008854 0.008000
0 0.972396 0.585875 0.015625 0.007250
0 0.975521 0.652000 0.014583 0.005000
0 0.940104 0.683500 0.017708 0.007500
0 0.905990 0.672250 0.018229 0.004500
0 0.546094 0.847500 0.034896 0.016000
0 0.634896 0.817000 0.033333 0.015500
