0 0.013542 0.478250 0.012500 0.004500
0 0.251823 0.463500 0.010937 0.006000
0 0.349740 0.420875 0.013021 0.005250
0 0.333333 0.423750 0.009375 0.007500
0 0.348438 0.402125 0.008333 0.008250
0 0.341146 0.399625 0.008333 0.007250
0 0.329948 0.405625 0.008854 0.008250
0 0.316667 0.402500 0.016667 0.005000
0 0.311979 0.408500 0.012500 0.007000
0 0.303125 0.410750 0.008333 0.008000
0 0.301563 0.406875 0.008333 0.005750
0 0.317188 0.392875 0.009375 0.007750
0 0.346615 0.381875 0.013021 0.006750
0 0.334635 0.378000 0.007812 0.008000
0 0.289062 0.390750 0.011458 0.007500
0 0.276823 0.392000 0.011979 0.006500
0 0.284115 0.385250 0.009896 0.006500
0 0.256510 0.377250 0.016146 0.007500
0 0.285417 0.377875 0.017708 0.004750
0 0.300521 0.379000 0.012500 0.007500
0 0.311719 0.374000 0.009896 0.007000
0 0.347917 0.365250 0.010417 0.007000
0 0.356771 0.362000 0.007292 0.007500
0 0.360156 0.356000 0.017188 0.003500
0 0.250000 0.352625 0.011458 0.008750
0 0.224479 0.347625 0.015625 0.004750
0 0.208594 0.334625 0.013021 0.006250
0 0.334115 0.318125 0.008854 0.008250
0 0.351042 0.315625 0.011458 0.006250
0 0.319531 0.317875 0.008854 0.008250
0 0.350000 0.328250 0.013542 0.009000
0 0.371615 0.309625 0.008854 0.005250
0 0.366667 0.309250 0.007292 0.007500
0 0.438281 0.194750 0.011979 0.005000
0 0.449479 0.182125 0.011458 0.006250
0 0.445833 0.181125 0.007292 0.006250
0 0.471875 0.152750 0.012500 0.006500
0 0.502344 0.141625 0.016146 0.009250
0 0.576302 0.158000 0.010937 0.010000
0 0.549479 0.160875 0.010417 0.007750
0 0.550260 0.172625 0.009896 0.008750
0 0.532292 0.185750 0.013542 0.004500
0 0.528906 0.182375 0.009896 0.005250
0 0.533594 0.201125 0.009896 0.010250
0 0.568750 0.194875 0.008333 0.008250
0 0.569792 0.188875 0.009375 0.004750
0 0.563021 0.196125 0.005208 0.007750
0 0.558073 0.202250 0.006771 0.007000
0 0.555990 0.198500 0.009896 0.006000
0 0.529687 0.249000 0.013542 0.007500
0 0.482552 0.230250 0.009896 0.008500
0 0.516406 0.236125 0.007812 0.005750
0 0.512760 0.233250 0.006771 0.007500
0 0.448177 0.256625 0.014063 0.007750
0 0.450000 0.268875 0.010417 0.005750
0 0.444531 0.267125 0.009896 0.006250
0 0.484115 0.274500 0.007812 0.009000
0 0.488542 0.282250 0.013542 0.006000
0 0.420052 0.283375 0.016146 0.004250
0 0.409896 0.292125 0.008333 0.007750
0 0.491927 0.295000 0.010937 0.004000
0 0.486458 0.292000 0.006250 0.006500
0 0.453906 0.291125 0.016146 0.004250
0 0.406250 0.303500 0.010417 0.005500
0 0.401823 0.301250 0.009896 0.007500
0 0.442708 0.308125 0.009375 0.007250
0 0.430469 0.317500 0.015104 0.005000
0 0.416406 0.313500 0.011979 0.006500
0 0.484896 0.303625 0.009375 0.007250
0 0.462500 0.329000 0.010417 0.009000
0 0.474740 0.343250 0.008854 0.008000
0 0.494010 0.347000 0.008854 0.008000
0 0.496875 0.359375 0.010417 0.007750
0 0.431510 0.370250 0.010937 0.007000
0 0.423958 0.362875 0.010417 0.007750
0 0.503125 0.280125 0.008333 0.005250
0 0.500000 0.279125 0.011458 0.006750
0 0.337500 0.476250 0.014583 0.004000
0 0.337240 0.481625 0.014063 0.005250
0 0.347656 0.483500 0.010937 0.007500
0 0.413542 0.461375 0.014583 0.005750
0 0.405990 0.455875 0.014063 0.007750
0 0.507812 0.424000 0.014583 0.007000
0 0.541927 0.413125 0.010937 0.008750
0 0.545833 0.432750 0.017708 0.003500
0 0.550000 0.437000 0.012500 0.005000
0 0.601302 0.420375 0.010937 0.008250
0 0.619531 0.397250 0.010937 0.010000
0 0.603906 0.379625 0.010937 0.007250
0 0.575521 0.375750 0.018750 0.004500
0 0.554948 0.376875 0.016146 0.005250
0 0.651302 0.412500 0.017188 0.006500
0 0.625000 0.418000 0.013542 0.009500
0 0.714844 0.383750 0.018229 0.007500
0 0.702344 0.392625 0.021354 0.005750
0 0.754427 0.389000 0.010937 0.008500
0 0.775260 0.390375 0.018229 0.007250
0 0.832292 0.376375 0.018750 0.004250
0 0.832031 0.372000 0.022396 0.005000
0 0.854948 0.343875 0.021354 0.012250
0 0.731510 0.409000 0.014063 0.006000
0 0.652604 0.426375 0.007292 0.003750
0 0.645833 0.427250 0.007292 0.004500
0 0.598958 0.438000 0.009375 0.006000
0 0.591406 0.438125 0.005729 0.003750
0 0.586458 0.439375 0.005208 0.003250
0 0.578906 0.441375 0.005729 0.003250
0 0.572396 0.443250 0.006250 0.003000
0 0.314063 0.555125 0.012500 0.004250
0 0.370833 0.548375 0.009375 0.008250
0 0.380729 0.549625 0.013542 0.005750
0 0.447396 0.512000 0.012500 0.008000
0 0.461458 0.491000 0.008333 0.006500
0 0.747135 0.466250 0.014063 0.007000
0 0.549479 0.583125 0.008333 0.003750
0 0.538542 0.582000 0.014583 0.004500
0 0.585417 0.591750 0.006250 0.004000
0 0.591667 0.592375 0.006250 0.003750
0 0.599740 0.594125 0.009896 0.003750
0 0.643490 0.603000 0.014063 0.005500
0 0.657552 0.601250 0.021354 0.003500
0 0.654427 0.604000 0.004687 0.004500
0 0.659896 0.605500 0.006250 0.004000
0 0.766927 0.630625 0.008854 0.004250
0 0.777604 0.631625 0.012500 0.004750
0 0.863542 0.646625 0.012500 0.003750
0 0.886719 0.649000 0.013021 0.004000
0 0.888021 0.652750 0.010417 0.004500
0 0.900521 0.651375 0.014583 0.003750
0 0.928906 0.641750 0.009896 0.004500
0 0.917448 0.657625 0.009896 0.003750
0 0.933073 0.658750 0.015104 0.004500
0 0.950521 0.659750 0.012500 0.005500
0 0.909375 0.654875 0.013542 0.003750
0 0.987500 0.650250 0.016667 0.004500
0 0.984115 0.653750 0.015104 0.005500
0 0.993490 0.616250 0.011979 0.007000
0 0.897917 0.615750 0.016667 0.006500
0 0.892708 0.626875 0.011458 0.007250
0 0.892188 0.621625 0.015625 0.005250
0 0.884115 0.623500 0.008854 0.007500
0 0.861198 0.624250 0.014063 0.006000
0 0.870312 0.621500 0.013542 0.006500
0 0.856771 0.616000 0.014583 0.005500
0 0.801823 0.614000 0.016146 0.005500
0 0.803906 0.610500 0.016146 0.005500
0 0.789844 0.606750 0.008854 0.007500
0 0.772917 0.602500 0.010417 0.008000
0 0.843750 0.594125 0.017708 0.004250
0 0.864583 0.592625 0.008333 0.009250
0 0.866146 0.572250 0.010417 0.009000
0 0.906771 0.552750 0.012500 0.007000
0 0.885677 0.553500 0.015104 0.008500
0 0.833854 0.561625 0.010417 0.010250
0 0.773698 0.554000 0.014063 0.008000
0 0.771615 0.578125 0.018229 0.007750
0 0.747135 0.585000 0.009896 0.010000
0 0.733854 0.601250 0.016667 0.006000
0 0.731510 0.591625 0.008854 0.007750
0 0.737240 0.590375 0.010937 0.005750
0 0.803646 0.578375 0.007292 0.006250
0 0.808333 0.578375 0.009375 0.007750
0 0.714583 0.550875 0.012500 0.004750
0 0.712240 0.547125 0.010937 0.004250
0 0.715885 0.546000 0.010937 0.004000
0 0.832552 0.601875 0.010937 0.004250
0 0.834896 0.599500 0.016667 0.005000
0 0.269271 0.570250 0.015625 0.007000
0 0.364063 0.612500 0.012500 0.006000
0 0.361458 0.624250 0.013542 0.008000
0 0.384635 0.633125 0.008854 0.006250
0 0.407812 0.641250 0.013542 0.007000
0 0.467969 0.653375 0.013021 0.007750
0 0.493490 0.670875 0.014063 0.006750
0 0.648958 0.662000 0.010417 0.006000
0 0.662500 0.707375 0.013542 0.004750
0 0.663802 0.721250 0.011979 0.007500
0 0.815885 0.748375 0.014063 0.007250
0 0.713802 0.763250 0.009896 0.005000
0 0.566927 0.805875 0.015104 0.005750
0 0.610938 0.792500 0.011458 0.008000
0 0.964062 0.847375 0.012500 0.005750
0 0.952344 0.784250 0.010937 0.007000
0 0.195833 0.650500 0.012500 0.005500
0 0.265625 0.626500 0.012500 0.005500
0 0.278906 0.623500 0.008854 0.003500
0 0.320052 0.621000 0.009896 0.005500
0 0.279167 0.641125 0.007292 0.006250
0 0.224740 0.647000 0.006771 0.006000
0 0.235677 0.644250 0.006771 0.004500
0 0.238542 0.640875 0.004167 0.004250
0 0.244010 0.640625 0.006771 0.004750
0 0.262760 0.667125 0.010937 0.005750
0 0.057812 0.849375 0.012500 0.007250
0 0.017448 0.926875 0.008854 0.006250
0 0.331771 0.619875 0.007292 0.004750
0 0.324219 0.624250 0.006771 0.003000
0 0.281250 0.630000 0.010417 0.006500
0 0.390365 0.250000 0.014063 0.006000
