0 0.222396 0.524875 0.009375 0.003250
0 0.191667 0.501125 0.008333 0.006250
0 0.235937 0.477750 0.007292 0.005500
0 0.228646 0.476500 0.009375 0.005000
0 0.217448 0.474750 0.011979 0.003500
0 0.216406 0.463625 0.010937 0.004750
0 0.197656 0.461000 0.010937 0.003500
0 0.185156 0.460250 0.009896 0.005000
0 0.203125 0.455375 0.012500 0.003250
0 0.227083 0.446875 0.010417 0.004750
0 0.164844 0.440875 0.008854 0.006250
0 0.227604 0.435875 0.007292 0.005250
0 0.235417 0.434625 0.006250 0.005250
0 0.238021 0.436000 0.005208 0.004500
0 0.157292 0.416375 0.011458 0.003750
0 0.225260 0.408750 0.004687 0.005000
0 0.229948 0.408750 0.003646 0.005000
0 0.248698 0.333125 0.008854 0.005750
0 0.236458 0.346750 0.005208 0.005000
0 0.241146 0.346000 0.007292 0.005000
0 0.238542 0.352875 0.008333 0.004250
0 0.232552 0.352250 0.004687 0.004500
0 0.234375 0.361500 0.007292 0.005000
0 0.223177 0.365875 0.007812 0.003250
0 0.240365 0.372125 0.007812 0.004750
0 0.252344 0.375875 0.004687 0.004250
0 0.239583 0.380375 0.005208 0.004250
0 0.234896 0.387625 0.006250 0.005250
0 0.226823 0.392000 0.003646 0.004500
0 0.221094 0.390000 0.003646 0.004000
0 0.225000 0.390125 0.003125 0.004250
0 0.238802 0.400625 0.007812 0.003750
0 0.251042 0.399125 0.005208 0.005750
0 0.246875 0.410000 0.006250 0.003500
0 0.240625 0.416500 0.006250 0.005000
0 0.246875 0.415875 0.005208 0.003750
0 0.245833 0.420250 0.006250 0.004500
0 0.245573 0.423625 0.006771 0.003250
0 0.250521 0.427250 0.007292 0.004500
0 0.250260 0.436375 0.006771 0.004250
0 0.257552 0.433750 0.004687 0.004000
0 0.261198 0.440750 0.005729 0.003500
0 0.259375 0.444250 0.004167 0.004500
0 0.592708 0.265875 0.008333 0.002750
0 0.600781 0.302375 0.006771 0.004250
0 0.536458 0.309625 0.009375 0.003250
0 0.534115 0.308125 0.006771 0.004250
0 0.476823 0.310875 0.009896 0.004750
0 0.476562 0.326750 0.010417 0.006500
0 0.534115 0.340750 0.008854 0.005500
0 0.517188 0.351250 0.007292 0.005000
0 0.513802 0.356250 0.006771 0.004500
0 0.516406 0.378375 0.005729 0.004750
0 0.500260 0.385125 0.005729 0.004250
0 0.457552 0.404125 0.011979 0.004750
0 0.426042 0.392000 0.011458 0.006000
0 0.415625 0.415250 0.008333 0.002000
0 0.416927 0.417250 0.009896 0.002000
0 0.386719 0.436250 0.009896 0.002000
0 0.387500 0.438375 0.008333 0.002250
0 0.389062 0.420125 0.008333 0.001250
0 0.390104 0.422125 0.009375 0.002750
0 0.377865 0.448875 0.008854 0.005250
0 0.437500 0.495500 0.008333 0.005000
0 0.442188 0.505000 0.008333 0.003500
0 0.487240 0.494500 0.006771 0.003500
0 0.460938 0.478375 0.009375 0.004250
0 0.530469 0.487000 0.009896 0.003500
0 0.565625 0.474625 0.005208 0.002250
0 0.561719 0.474500 0.004687 0.003000
0 0.564323 0.452875 0.009896 0.004250
0 0.598698 0.447750 0.010937 0.004000
0 0.597917 0.455000 0.010417 0.003000
0 0.595313 0.458250 0.008333 0.003500
0 0.655208 0.438625 0.009375 0.003250
0 0.645312 0.428125 0.011458 0.003750
0 0.682813 0.402750 0.012500 0.004000
0 0.741406 0.422875 0.008854 0.002250
0 0.742188 0.424875 0.011458 0.002250
0 0.730990 0.428625 0.010937 0.002250
0 0.729948 0.426375 0.008854 0.001750
0 0.753646 0.415500 0.009375 0.003000
0 0.754427 0.413875 0.007812 0.002250
0 0.774219 0.384625 0.006771 0.005750
0 0.866667 0.383500 0.009375 0.004000
0 0.921615 0.387125 0.008854 0.003750
0 0.878385 0.407750 0.013021 0.004000
0 0.807812 0.438875 0.012500 0.004750
0 0.784375 0.440875 0.010417 0.005250
0 0.788542 0.428375 0.007292 0.003250
0 0.795573 0.427750 0.008854 0.003500
0 0.786719 0.417625 0.006771 0.003750
0 0.791406 0.431500 0.005729 0.003500
0 0.788542 0.431250 0.004167 0.003500
0 0.710938 0.448375 0.008333 0.004250
0 0.700000 0.443750 0.006250 0.004500
0 0.686458 0.445875 0.010417 0.003250
0 0.669271 0.455750 0.010417 0.004500
0 0.711458 0.459250 0.008333 0.003000
0 0.618750 0.468250 0.010417 0.004500
0 0.631510 0.460750 0.008854 0.003500
0 0.626042 0.459750 0.005208 0.005000
0 0.521094 0.541125 0.006771 0.003250
0 0.533854 0.527500 0.009375 0.004000
0 0.551823 0.541500 0.007812 0.003000
0 0.550521 0.538625 0.009375 0.003250
0 0.554427 0.536000 0.004687 0.003000
0 0.559896 0.535375 0.009375 0.002750
0 0.562240 0.531625 0.007812 0.004250
0 0.553646 0.532375 0.009375 0.002750
0 0.598958 0.525375 0.005208 0.004750
0 0.609375 0.528500 0.009375 0.003000
0 0.582292 0.513250 0.008333 0.005000
0 0.653125 0.523750 0.010417 0.004500
0 0.638281 0.544875 0.010937 0.003250
0 0.609896 0.550875 0.009375 0.003250
0 0.631250 0.555375 0.010417 0.003750
0 0.660156 0.556250 0.009896 0.003500
0 0.676042 0.556750 0.009375 0.003000
0 0.726562 0.552875 0.008333 0.003250
0 0.718229 0.551625 0.009375 0.002250
0 0.723958 0.557875 0.010417 0.003250
0 0.717448 0.556625 0.007812 0.001750
0 0.719271 0.554625 0.008333 0.002250
0 0.720052 0.546625 0.007812 0.002750
0 0.721094 0.545625 0.007812 0.002250
0 0.759635 0.543125 0.008854 0.002750
0 0.772917 0.543750 0.008333 0.003500
0 0.762240 0.539125 0.009896 0.002750
0 0.770833 0.536875 0.007292 0.005250
0 0.744792 0.535250 0.009375 0.002000
0 0.743750 0.533500 0.010417 0.002000
0 0.754427 0.525375 0.007812 0.004250
0 0.747917 0.520750 0.008333 0.004000
0 0.732812 0.517250 0.007292 0.004500
0 0.796875 0.521000 0.010417 0.003000
0 0.803646 0.533000 0.007292 0.003500
0 0.810937 0.537375 0.005208 0.004750
0 0.841146 0.548500 0.008333 0.003000
0 0.844271 0.547625 0.006250 0.003750
0 0.837240 0.545625 0.010937 0.003250
0 0.877083 0.544125 0.008333 0.003750
0 0.878125 0.553000 0.007292 0.003500
0 0.914583 0.549500 0.006250 0.004000
0 0.922135 0.550125 0.008854 0.003250
0 0.995312 0.536500 0.004167 0.005000
0 0.907292 0.563125 0.010417 0.003250
0 0.897656 0.564875 0.008854 0.003750
0 0.866406 0.562500 0.005729 0.002500
0 0.860677 0.561750 0.006771 0.003500
0 0.855469 0.559125 0.010937 0.002750
0 0.842448 0.561250 0.009896 0.004500
0 0.857031 0.565750 0.005729 0.003000
0 0.819271 0.569875 0.010417 0.003750
0 0.848177 0.572625 0.006771 0.003250
0 0.789323 0.554500 0.010937 0.003000
0 0.764583 0.569250 0.012500 0.003500
0 0.741406 0.560625 0.010937 0.003750
0 0.848698 0.717375 0.009896 0.004250
0 0.759375 0.690625 0.007292 0.002250
0 0.759635 0.689375 0.008854 0.002750
0 0.787760 0.686750 0.006771 0.003500
0 0.789844 0.685750 0.007812 0.003000
0 0.826302 0.675875 0.010937 0.004750
0 0.760677 0.670875 0.007812 0.003750
0 0.762240 0.669750 0.007812 0.003000
0 0.774219 0.666750 0.007812 0.005000
0 0.783333 0.661625 0.008333 0.004750
0 0.766146 0.656500 0.008333 0.004500
0 0.739844 0.655500 0.007812 0.004000
0 0.745833 0.662125 0.009375 0.004750
0 0.711198 0.678625 0.008854 0.004250
0 0.684375 0.651750 0.009375 0.005000
0 0.703125 0.650500 0.006250 0.004500
0 0.703385 0.654250 0.007812 0.003500
0 0.668229 0.645500 0.006250 0.003500
0 0.667969 0.643875 0.008854 0.002750
0 0.594010 0.641750 0.009896 0.002500
0 0.586979 0.641625 0.005208 0.003750
0 0.622396 0.627375 0.009375 0.003750
0 0.590625 0.626125 0.007292 0.003750
0 0.586719 0.627875 0.007812 0.004250
0 0.573698 0.624125 0.008854 0.003750
0 0.580469 0.621250 0.005729 0.004500
0 0.598698 0.618125 0.004687 0.003250
0 0.601042 0.617500 0.008333 0.003500
0 0.561719 0.611500 0.006771 0.005000
0 0.517969 0.620625 0.010937 0.004750
0 0.500000 0.613125 0.009375 0.002750
0 0.488281 0.615875 0.006771 0.003750
0 0.521875 0.606125 0.009375 0.004250
0 0.448958 0.600250 0.011458 0.004500
0 0.612240 0.825625 0.005729 0.004750
0 0.651302 0.814500 0.009896 0.005500
0 0.591667 0.794375 0.009375 0.004750
0 0.582292 0.767250 0.005208 0.004500
0 0.552604 0.757000 0.007292 0.005500
0 0.569010 0.758000 0.005729 0.002500
0 0.574479 0.757000 0.004167 0.003500
0 0.572917 0.753375 0.007292 0.003750
0 0.563802 0.749250 0.006771 0.005000
0 0.530990 0.769125 0.004687 0.004250
0 0.527865 0.767375 0.007812 0.004750
0 0.600260 0.758625 0.005729 0.003750
0 0.566146 0.734500 0.007292 0.005500
0 0.515104 0.745250 0.008333 0.005000
0 0.513802 0.740500 0.008854 0.004000
0 0.516667 0.724875 0.007292 0.005250
0 0.526563 0.718500 0.008333 0.004000
0 0.536198 0.717625 0.005729 0.004250
0 0.541667 0.719625 0.005208 0.004250
0 0.543750 0.718125 0.006250 0.004750
0 0.533333 0.712375 0.004167 0.004250
0 0.530208 0.706250 0.006250 0.004000
0 0.526563 0.709875 0.005208 0.004250
0 0.490104 0.721250 0.006250 0.003000
0 0.492188 0.720000 0.007292 0.003500
0 0.461979 0.715250 0.008333 0.004000
0 0.460938 0.712375 0.009375 0.002750
0 0.451562 0.711250 0.007292 0.006000
0 0.433333 0.709250 0.007292 0.004500
0 0.493490 0.707875 0.006771 0.005250
0 0.488021 0.705625 0.005208 0.004750
0 0.483073 0.703500 0.004687 0.005000
0 0.442188 0.687625 0.009375 0.002750
0 0.477865 0.677375 0.007812 0.003750
0 0.450781 0.672875 0.008854 0.003750
0 0.412500 0.672750 0.008333 0.005000
0 0.405208 0.673875 0.006250 0.004750
0 0.421094 0.674125 0.006771 0.003250
0 0.423437 0.673125 0.007292 0.003750
0 0.467448 0.680625 0.005729 0.003750
0 0.464583 0.681250 0.006250 0.004500
0 0.424479 0.654250 0.007292 0.003500
0 0.420833 0.656625 0.006250 0.005250
0 0.407812 0.647125 0.006250 0.004250
0 0.397917 0.638875 0.007292 0.004750
0 0.394271 0.629750 0.006250 0.004500
0 0.383594 0.625625 0.006771 0.005250
0 0.291927 0.862500 0.009896 0.003000
0 0.182552 0.721625 0.005729 0.004250
0 0.214062 0.708375 0.007292 0.004250
0 0.186719 0.703875 0.004687 0.004750
0 0.232031 0.700875 0.008854 0.004750
0 0.211198 0.692250 0.005729 0.003500
0 0.212760 0.691375 0.005729 0.003250
0 0.197917 0.684000 0.004167 0.005000
0 0.219531 0.682250 0.005729 0.005000
0 0.250260 0.684250 0.005729 0.005500
0 0.245833 0.683000 0.005208 0.005000
0 0.230990 0.674875 0.004687 0.004250
0 0.226042 0.675000 0.004167 0.004000
0 0.233854 0.667625 0.006250 0.004750
0 0.243490 0.666625 0.004687 0.004250
0 0.247917 0.663125 0.005208 0.004250
0 0.223437 0.660250 0.004167 0.004000
0 0.218490 0.658500 0.005729 0.004500
0 0.209635 0.657750 0.009896 0.004000
0 0.197135 0.662250 0.006771 0.004000
0 0.193750 0.660000 0.004167 0.003500
0 0.196354 0.667625 0.006250 0.002750
0 0.198437 0.666625 0.006250 0.003250
0 0.202604 0.665500 0.004167 0.004000
0 0.172396 0.648875 0.007292 0.004250
0 0.184115 0.646375 0.007812 0.004750
0 0.230469 0.653000 0.005729 0.004500
0 0.239583 0.646375 0.005208 0.004250
0 0.245052 0.647250 0.004687 0.004500
0 0.270052 0.638250 0.003646 0.003500
0 0.280729 0.629750 0.008333 0.005000
0 0.187760 0.616500 0.007812 0.005000
0 0.862500 0.422000 0.007292 0.004000
0 0.919271 0.403000 0.010417 0.003500
0 0.289844 0.806125 0.007812 0.005250
