0 0.421354 0.245125 0.005208 0.003250
0 0.421875 0.243500 0.006250 0.003500
0 0.526302 0.208750 0.010937 0.006500
0 0.469792 0.371750 0.011458 0.004000
0 0.468490 0.380375 0.006771 0.003250
0 0.475521 0.378750 0.007292 0.004000
0 0.489583 0.379000 0.006250 0.003000
0 0.487240 0.377000 0.007812 0.003500
0 0.696354 0.338375 0.010417 0.003750
0 0.742448 0.362625 0.007812 0.004750
0 0.731771 0.357625 0.010417 0.005250
0 0.738802 0.343250 0.009896 0.003500
0 0.719010 0.369500 0.007812 0.003500
0 0.719010 0.365375 0.005729 0.004250
0 0.714844 0.364125 0.008854 0.003250
0 0.766146 0.351500 0.009375 0.004000
0 0.765365 0.350125 0.007812 0.002750
0 0.767708 0.357875 0.008333 0.002750
0 0.767708 0.359625 0.009375 0.002750
0 0.820312 0.347625 0.013542 0.003750
0 0.797917 0.342625 0.008333 0.002250
0 0.797656 0.340875 0.009896 0.001750
0 0.771094 0.343125 0.007812 0.002750
0 0.772396 0.341750 0.008333 0.002000
0 0.819792 0.335500 0.010417 0.003000
0 0.819531 0.333750 0.007812 0.002000
0 0.427604 0.417875 0.009375 0.002750
0 0.430208 0.420125 0.009375 0.002750
0 0.436719 0.419125 0.004687 0.004750
0 0.431771 0.417000 0.007292 0.003000
0 0.450521 0.423000 0.009375 0.003000
0 0.451562 0.421625 0.008333 0.003250
0 0.477083 0.427625 0.007292 0.003750
0 0.483854 0.428375 0.006250 0.005250
0 0.556250 0.443500 0.013542 0.004500
0 0.596354 0.469750 0.010417 0.005500
0 0.610156 0.462500 0.006771 0.005500
0 0.613021 0.460625 0.008333 0.004250
0 0.658333 0.467750 0.006250 0.004500
0 0.653385 0.466125 0.003646 0.004250
0 0.648177 0.465375 0.008854 0.003750
0 0.611458 0.449250 0.008333 0.003000
0 0.613802 0.448250 0.008854 0.003500
0 0.611458 0.498125 0.008333 0.004750
0 0.363802 0.423375 0.007812 0.003250
0 0.365365 0.422375 0.008854 0.003250
0 0.403906 0.438875 0.007812 0.004250
0 0.463542 0.484625 0.010417 0.004250
0 0.472396 0.511125 0.007292 0.005750
0 0.733854 0.648500 0.007292 0.005500
0 0.340625 0.472375 0.011458 0.004250
0 0.349740 0.514375 0.009896 0.005750
0 0.394792 0.554625 0.007292 0.006250
0 0.412760 0.623500 0.011979 0.004000
0 0.200521 0.527375 0.009375 0.004750
0 0.218750 0.524750 0.010417 0.006000
0 0.207812 0.492500 0.007292 0.006000
0 0.216927 0.469875 0.010937 0.003750
0 0.228906 0.474625 0.008854 0.003750
0 0.232031 0.496125 0.005729 0.003750
0 0.230990 0.495000 0.006771 0.003500
0 0.195052 0.541625 0.005729 0.004250
0 0.192708 0.541000 0.006250 0.004000
0 0.226562 0.534000 0.008333 0.005500
