0 0.599219 0.154625 0.022396 0.013250
0 0.621875 0.165250 0.027083 0.008000
0 0.647917 0.157750 0.015625 0.012500
0 0.561719 0.199250 0.031771 0.013000
0 0.500260 0.172875 0.021354 0.015750
0 0.423698 0.210625 0.027604 0.018250
0 0.441406 0.199250 0.034896 0.013000
0 0.417448 0.222750 0.028646 0.012500
0 0.509115 0.245625 0.030729 0.015750
0 0.573698 0.237875 0.030729 0.015250
0 0.557292 0.248375 0.031250 0.014750
0 0.578125 0.253250 0.023958 0.012500
0 0.540365 0.279625 0.022396 0.014250
0 0.522917 0.289375 0.023958 0.010750
0 0.487760 0.305375 0.028646 0.015750
0 0.446875 0.310875 0.030208 0.016750
0 0.417969 0.288625 0.029687 0.011250
0 0.376302 0.290250 0.033854 0.017000
0 0.385156 0.311250 0.029687 0.012000
0 0.369792 0.318750 0.028125 0.012000
0 0.410677 0.342750 0.036979 0.017500
0 0.418229 0.338625 0.025000 0.013750
0 0.345052 0.367125 0.023438 0.013250
0 0.322396 0.396000 0.026042 0.013000
0 0.334896 0.403750 0.026042 0.011500
0 0.155208 0.384375 0.050000 0.015750
0 0.154688 0.378500 0.026042 0.012500
0 0.125781 0.371250 0.031771 0.011500
0 0.145052 0.361000 0.029687 0.012500
0 0.106250 0.269625 0.039583 0.015750
0 0.068750 0.268875 0.035417 0.015250
0 0.090885 0.246250 0.033854 0.014500
0 0.106771 0.241250 0.027083 0.013500
0 0.150260 0.245500 0.030729 0.018500
0 0.165365 0.249750 0.033854 0.016500
0 0.161458 0.270125 0.014583 0.014750
0 0.728385 0.213625 0.016146 0.011250
0 0.762240 0.219125 0.029687 0.015750
0 0.766667 0.203250 0.029167 0.013500
0 0.791667 0.205375 0.020833 0.014750
0 0.831510 0.188875 0.020313 0.011750
0 0.740625 0.282375 0.038542 0.019750
0 0.813281 0.292125 0.033854 0.020750
0 0.878906 0.305500 0.022396 0.012500
0 0.803125 0.331875 0.029167 0.014250
0 0.777604 0.345375 0.026042 0.016250
0 0.907031 0.355750 0.018229 0.012000
0 0.813021 0.387625 0.038542 0.009250
0 0.776302 0.389375 0.034896 0.014250
0 0.856250 0.418500 0.022917 0.014500
0 0.960938 0.445625 0.030208 0.014750
0 0.675000 0.468250 0.036458 0.012000
0 0.651302 0.450625 0.035937 0.014750
0 0.623698 0.497875 0.034896 0.016750
0 0.720313 0.479125 0.022917 0.010750
0 0.596354 0.513125 0.030208 0.016750
0 0.603646 0.535375 0.027083 0.015750
0 0.577083 0.537500 0.026042 0.012500
0 0.519271 0.512500 0.028125 0.010500
0 0.502865 0.500125 0.031771 0.015750
0 0.387500 0.498125 0.029167 0.013250
0 0.352865 0.527250 0.028646 0.013500
0 0.357552 0.541000 0.042188 0.014000
0 0.479687 0.526375 0.026042 0.013250
0 0.248177 0.635375 0.033854 0.014750
0 0.246094 0.637000 0.031771 0.014500
0 0.286719 0.636500 0.027604 0.012500
0 0.321615 0.665500 0.033854 0.018500
0 0.261198 0.672250 0.044271 0.013500
0 0.402344 0.634000 0.033854 0.019500
0 0.395313 0.633375 0.027083 0.015250
0 0.427604 0.642500 0.028125 0.018000
0 0.457031 0.659000 0.028646 0.016500
0 0.468229 0.658375 0.026042 0.008750
0 0.479948 0.670875 0.032813 0.015250
0 0.556250 0.659875 0.038542 0.015750
0 0.580469 0.663250 0.028646 0.018500
0 0.595833 0.659875 0.040625 0.014750
0 0.605990 0.678375 0.031771 0.015750
0 0.541406 0.700750 0.020313 0.019500
0 0.684115 0.719625 0.027604 0.027750
0 0.683073 0.722000 0.031771 0.023000
0 0.676302 0.736875 0.018229 0.015750
0 0.535937 0.719375 0.036458 0.014250
0 0.455469 0.700250 0.020313 0.014000
0 0.423698 0.715500 0.027604 0.014000
0 0.390365 0.705375 0.034896 0.010250
0 0.360938 0.698125 0.037500 0.016250
0 0.282552 0.704875 0.032813 0.022250
0 0.281771 0.706250 0.037500 0.016500
0 0.312760 0.737625 0.027604 0.015750
0 0.346094 0.728500 0.021354 0.012000
0 0.354167 0.715875 0.028125 0.009250
0 0.295573 0.743000 0.031771 0.017000
0 0.274740 0.744875 0.032813 0.008750
0 0.277604 0.753750 0.036458 0.012500
0 0.285938 0.764375 0.026042 0.008750
0 0.312760 0.761250 0.024479 0.012000
0 0.328125 0.756000 0.028125 0.014500
0 0.352344 0.756250 0.024479 0.011000
0 0.372656 0.741250 0.022396 0.013500
0 0.414583 0.741625 0.029167 0.016250
0 0.461198 0.728500 0.033854 0.013000
0 0.492969 0.744625 0.020313 0.014750
0 0.445312 0.757750 0.036458 0.012500
0 0.371615 0.768250 0.031771 0.013000
0 0.326302 0.774250 0.045312 0.013000
0 0.289583 0.789875 0.041667 0.016250
0 0.281771 0.811625 0.023958 0.015250
0 0.253906 0.819625 0.031771 0.010250
0 0.292448 0.827500 0.016146 0.012000
0 0.308854 0.822500 0.023958 0.013000
0 0.346094 0.814625 0.042188 0.021250
0 0.360677 0.787250 0.032813 0.012000
0 0.370052 0.794375 0.030729 0.014250
0 0.425000 0.781500 0.025000 0.018000
0 0.443490 0.806375 0.029687 0.014750
0 0.454687 0.791250 0.023958 0.013500
0 0.471354 0.792375 0.025000 0.016750
0 0.496094 0.781375 0.033854 0.015250
0 0.528906 0.780750 0.033854 0.019500
0 0.627865 0.795125 0.046354 0.014750
0 0.607812 0.820125 0.028125 0.016750
0 0.729948 0.790000 0.021354 0.014000
0 0.701302 0.800625 0.033854 0.015750
0 0.695312 0.846125 0.040625 0.015750
0 0.676823 0.847250 0.032813 0.011500
0 0.663542 0.860375 0.038542 0.011250
0 0.665885 0.878750 0.020313 0.013500
0 0.745313 0.876375 0.025000 0.014250
0 0.869271 0.882625 0.028125 0.014750
0 0.877083 0.903500 0.028125 0.013000
0 0.727344 0.902000 0.033854 0.012000
0 0.570833 0.900250 0.038542 0.013000
0 0.530208 0.876375 0.029167 0.010750
0 0.496615 0.867375 0.030729 0.011250
0 0.508594 0.852125 0.043229 0.010250
0 0.511458 0.844875 0.030208 0.013250
0 0.507292 0.833750 0.038542 0.011500
0 0.429948 0.818250 0.028646 0.012000
0 0.444271 0.821750 0.027083 0.010500
0 0.459375 0.830375 0.030208 0.014750
0 0.472917 0.827750 0.030208 0.012500
0 0.476302 0.816250 0.019271 0.012500
0 0.427604 0.798125 0.030208 0.013250
0 0.474740 0.806500 0.020313 0.013500
0 0.492708 0.809000 0.022917 0.014000
0 0.499479 0.817375 0.025000 0.013750
0 0.329688 0.834000 0.036458 0.017500
0 0.292969 0.849000 0.034896 0.007000
0 0.402865 0.844875 0.019271 0.013250
0 0.417969 0.843750 0.031771 0.014000
0 0.417448 0.859625 0.021354 0.008750
0 0.449219 0.874250 0.048438 0.024000
0 0.417448 0.884000 0.028646 0.015000
0 0.452604 0.873125 0.037500 0.018250
0 0.454948 0.893250 0.034896 0.012000
0 0.494531 0.896250 0.019271 0.012500
0 0.514323 0.889125 0.024479 0.013750
0 0.511979 0.907125 0.027083 0.015750
0 0.522135 0.927125 0.018229 0.014750
0 0.584375 0.924500 0.022917 0.012500
0 0.363021 0.898375 0.026042 0.011250
0 0.377344 0.901875 0.035937 0.010750
0 0.364323 0.908500 0.036979 0.011000
0 0.400000 0.911500 0.022917 0.013500
0 0.415885 0.916125 0.029687 0.009750
0 0.437240 0.916000 0.020313 0.013000
0 0.473698 0.937000 0.020313 0.014500
0 0.436198 0.948125 0.029687 0.014250
0 0.378385 0.938375 0.022396 0.007750
0 0.378385 0.951875 0.029687 0.009750
0 0.356771 0.954625 0.038542 0.013250
0 0.281250 0.982625 0.013542 0.008250
0 0.481510 0.980750 0.020313 0.012000
0 0.479687 0.985625 0.030208 0.010750
0 0.513802 0.990750 0.030729 0.013500
0 0.507552 0.995375 0.025521 0.008750
0 0.399740 0.993500 0.028646 0.012500
