0 0.322250 0.737500 0.007000 0.009375
0 0.355500 0.736979 0.007500 0.010417
0 0.444500 0.712240 0.002500 0.010937
0 0.441625 0.716667 0.003750 0.011458
0 0.472250 0.579688 0.005000 0.007292
0 0.470000 0.586198 0.003500 0.011979
0 0.493875 0.610938 0.002750 0.009375
0 0.495625 0.609375 0.003750 0.010417
0 0.454500 0.567708 0.003000 0.010417
0 0.459500 0.568490 0.004000 0.008854
0 0.459250 0.563021 0.005000 0.007292
0 0.436625 0.546615 0.004250 0.009896
0 0.435250 0.531510 0.005000 0.010937
0 0.419875 0.485156 0.004750 0.008854
0 0.417500 0.477865 0.004500 0.007812
0 0.402375 0.475521 0.004750 0.007292
0 0.407125 0.461198 0.004250 0.008854
0 0.407875 0.469010 0.002750 0.008854
0 0.405875 0.469271 0.001750 0.007292
0 0.403375 0.469271 0.003750 0.007292
0 0.396500 0.493490 0.005000 0.010937
0 0.419125 0.498437 0.002250 0.009375
0 0.421125 0.498698 0.002750 0.010937
0 0.518250 0.540104 0.003500 0.009375
0 0.439000 0.352865 0.004500 0.009896
0 0.423125 0.302604 0.004250 0.009375
0 0.421625 0.284375 0.005250 0.011458
0 0.505625 0.312240 0.004250 0.014063
0 0.513625 0.294271 0.004250 0.011458
0 0.510875 0.274479 0.005750 0.011458
0 0.541375 0.261979 0.004750 0.010417
0 0.498500 0.201302 0.005000 0.015104
0 0.509500 0.142708 0.003000 0.011458
0 0.505875 0.136458 0.004750 0.008333
0 0.606750 0.259115 0.003000 0.007812
0 0.600375 0.268490 0.003750 0.007812
0 0.624875 0.332292 0.003250 0.006250
0 0.634625 0.317708 0.003250 0.007292
0 0.694250 0.229427 0.004500 0.009896
0 0.607125 0.499479 0.003250 0.007292
0 0.594250 0.178125 0.003000 0.007292
0 0.750500 0.177344 0.005000 0.006771
