0 0.129427 0.319625 0.008854 0.006250
0 0.247135 0.310500 0.016146 0.004500
0 0.275000 0.349875 0.008333 0.005750
0 0.271354 0.352250 0.014583 0.006500
0 0.270833 0.416000 0.015625 0.005500
0 0.243229 0.477000 0.012500 0.005000
0 0.442969 0.428375 0.015104 0.004750
0 0.499479 0.429000 0.015625 0.007000
0 0.467969 0.407750 0.011979 0.002500
0 0.467448 0.405250 0.015104 0.003000
0 0.589323 0.346625 0.013021 0.007250
0 0.584375 0.318875 0.015625 0.006250
0 0.632292 0.313875 0.011458 0.008750
0 0.672917 0.282500 0.010417 0.009500
0 0.741927 0.268500 0.020313 0.005500
0 0.773698 0.160750 0.018229 0.008000
0 0.866667 0.249625 0.008333 0.005750
0 0.858594 0.248125 0.013021 0.008250
0 0.804427 0.283250 0.014063 0.008000
0 0.802865 0.329000 0.016146 0.006500
0 0.713021 0.371500 0.014583 0.006000
0 0.709115 0.381875 0.014063 0.006750
0 0.607552 0.389250 0.011979 0.004000
0 0.598958 0.386250 0.009375 0.007000
0 0.567708 0.394875 0.009375 0.005750
0 0.562760 0.391375 0.007812 0.006250
0 0.500260 0.499875 0.014063 0.008750
0 0.794531 0.469500 0.008854 0.008000
0 0.839844 0.460250 0.015104 0.008000
0 0.823437 0.439125 0.013542 0.007250
0 0.881250 0.441125 0.020833 0.015750
0 0.896094 0.481375 0.016146 0.009250
0 0.947917 0.508625 0.016667 0.005750
0 0.820833 0.518875 0.013542 0.005750
0 0.905208 0.506000 0.011458 0.004000
0 0.914844 0.509750 0.005729 0.003000
0 0.911979 0.508625 0.007292 0.005250
