0 0.500000 0.589125 0.013542 0.006750
0 0.441146 0.569625 0.009375 0.006250
0 0.333333 0.603875 0.009375 0.006250
0 0.404167 0.575500 0.012500 0.006000
0 0.426563 0.565250 0.009375 0.005500
0 0.411458 0.563000 0.013542 0.004000
0 0.374219 0.557375 0.010937 0.005250
0 0.372656 0.545375 0.014063 0.005250
0 0.350260 0.545750 0.011979 0.004500
0 0.301563 0.530500 0.010417 0.006500
0 0.287760 0.535250 0.015104 0.007500
0 0.260677 0.545500 0.009896 0.004000
0 0.266406 0.544125 0.007812 0.005250
0 0.290625 0.550250 0.008333 0.005000
0 0.226562 0.572375 0.014583 0.003750
0 0.208333 0.525875 0.013542 0.005750
0 0.195573 0.521375 0.011979 0.005250
0 0.238802 0.525875 0.008854 0.007750
0 0.246875 0.516375 0.007292 0.006750
0 0.249219 0.508125 0.009896 0.003750
0 0.266927 0.508625 0.013021 0.003250
0 0.269010 0.511250 0.015104 0.003500
0 0.319531 0.480875 0.010937 0.005750
0 0.177604 0.478125 0.008333 0.007250
0 0.187240 0.481125 0.011979 0.004250
0 0.189062 0.484250 0.012500 0.006000
0 0.594010 0.575375 0.010937 0.007250
0 0.544271 0.502375 0.013542 0.004750
0 0.625521 0.496375 0.012500 0.005250
0 0.567969 0.493375 0.011979 0.004250
0 0.497917 0.468500 0.014583 0.004000
0 0.554167 0.471625 0.011458 0.004250
0 0.531771 0.438000 0.013542 0.005500
0 0.546094 0.410875 0.010937 0.006750
0 0.579167 0.407625 0.012500 0.005250
0 0.507031 0.408125 0.011979 0.004250
0 0.512760 0.402875 0.011979 0.005750
0 0.511979 0.394250 0.012500 0.007500
0 0.614062 0.370125 0.013542 0.006250
0 0.526302 0.340000 0.006771 0.006500
0 0.619010 0.342750 0.014063 0.006500
0 0.613542 0.312000 0.010417 0.007000
0 0.510938 0.246500 0.011458 0.008000
0 0.441406 0.295375 0.010937 0.008250
0 0.601823 0.204125 0.014063 0.008250
0 0.534896 0.414875 0.007292 0.004250
0 0.532031 0.414000 0.010937 0.005000
0 0.805208 0.537125 0.012500 0.005750
