0 0.145833 0.405250 0.010417 0.006500
0 0.139323 0.413375 0.010937 0.006250
0 0.155208 0.415125 0.008333 0.005250
0 0.151562 0.414125 0.007292 0.005250
0 0.164323 0.449375 0.007812 0.006250
0 0.188542 0.461125 0.010417 0.005750
0 0.248698 0.519375 0.010937 0.005250
0 0.309635 0.532625 0.010937 0.005750
0 0.332292 0.517375 0.009375 0.004750
0 0.341927 0.528125 0.008854 0.005750
0 0.366927 0.522500 0.011979 0.004500
0 0.383854 0.516750 0.007292 0.005000
0 0.373698 0.506500 0.005729 0.004500
0 0.379427 0.505500 0.005729 0.005500
0 0.363802 0.486750 0.007812 0.004500
0 0.359115 0.486125 0.007812 0.005250
0 0.384115 0.476500 0.008854 0.005000
0 0.391927 0.475125 0.006771 0.006250
0 0.382031 0.473500 0.004687 0.005000
0 0.393229 0.471000 0.010417 0.002500
0 0.390885 0.469000 0.008854 0.002500
0 0.404427 0.464375 0.007812 0.006750
0 0.411979 0.460250 0.009375 0.004500
0 0.423437 0.453875 0.011458 0.004250
0 0.405208 0.453500 0.010417 0.004500
0 0.429688 0.446875 0.009375 0.004250
0 0.444792 0.435375 0.015625 0.003250
0 0.382552 0.495000 0.007812 0.006500
0 0.439062 0.500500 0.009375 0.004500
0 0.420833 0.489125 0.012500 0.004250
0 0.410156 0.485375 0.006771 0.005750
0 0.407552 0.480875 0.008854 0.005250
0 0.418229 0.477125 0.006250 0.004750
0 0.426823 0.477875 0.009896 0.005250
0 0.459635 0.482625 0.010937 0.004750
0 0.497396 0.490125 0.008333 0.003750
0 0.511979 0.467375 0.008333 0.006750
0 0.434115 0.464500 0.007812 0.005000
0 0.437760 0.463875 0.006771 0.003750
0 0.445833 0.452375 0.006250 0.005750
0 0.450781 0.452375 0.004687 0.004750
0 0.475000 0.459000 0.010417 0.005500
0 0.488281 0.455625 0.005729 0.004750
0 0.495573 0.454125 0.009896 0.004250
0 0.480469 0.446375 0.006771 0.005750
0 0.476042 0.446625 0.005208 0.004250
0 0.470312 0.442250 0.007292 0.004000
0 0.467187 0.441000 0.008333 0.005500
0 0.459375 0.443125 0.008333 0.005250
0 0.509375 0.417625 0.009375 0.005250
0 0.513542 0.412750 0.007292 0.005000
0 0.517188 0.422125 0.009375 0.005250
0 0.514062 0.421000 0.008333 0.004500
0 0.537760 0.421125 0.007812 0.006750
0 0.529427 0.401750 0.007812 0.007000
0 0.539323 0.392875 0.010937 0.005250
0 0.542969 0.400750 0.009896 0.005000
0 0.548177 0.400750 0.007812 0.004500
0 0.553646 0.401000 0.009375 0.004500
0 0.566406 0.404250 0.008854 0.005000
0 0.570312 0.406625 0.013542 0.003250
0 0.585156 0.409000 0.007812 0.006500
0 0.601823 0.404750 0.009896 0.007000
0 0.544531 0.386500 0.009896 0.006000
0 0.620833 0.388250 0.014583 0.004000
0 0.611979 0.385250 0.011458 0.003500
0 0.607552 0.371875 0.015104 0.003750
0 0.389844 0.553125 0.013021 0.004250
0 0.383333 0.564125 0.009375 0.006250
0 0.428125 0.565125 0.009375 0.005250
0 0.438542 0.564125 0.008333 0.005750
0 0.480208 0.555625 0.008333 0.006750
0 0.489844 0.559000 0.008854 0.004000
0 0.613542 0.550500 0.006250 0.006500
0 0.625781 0.548125 0.010937 0.004750
0 0.632292 0.556500 0.010417 0.005500
0 0.633854 0.554125 0.011458 0.004250
0 0.964583 0.525875 0.011458 0.004750
0 0.972917 0.525625 0.013542 0.005250
0 0.621354 0.664000 0.008333 0.005000
0 0.477344 0.752000 0.015104 0.004500
0 0.467708 0.748375 0.006250 0.006250
0 0.462240 0.748375 0.005729 0.007750
0 0.474479 0.727125 0.011458 0.005750
0 0.451302 0.732375 0.007812 0.005750
0 0.441667 0.728625 0.015625 0.005250
0 0.433594 0.729625 0.010937 0.006750
0 0.429427 0.730625 0.006771 0.005250
0 0.408854 0.736125 0.009375 0.005750
0 0.405469 0.735000 0.009896 0.005000
0 0.343750 0.709000 0.010417 0.006500
0 0.350521 0.703250 0.009375 0.005500
0 0.357812 0.701500 0.008333 0.006000
0 0.326562 0.698000 0.011458 0.004500
0 0.316406 0.698875 0.008854 0.007750
0 0.379167 0.697625 0.016667 0.004250
0 0.381771 0.692500 0.008333 0.006000
0 0.377083 0.690625 0.009375 0.006750
0 0.439323 0.699375 0.011979 0.006750
0 0.374479 0.680250 0.007292 0.008000
0 0.366146 0.673750 0.012500 0.007500
0 0.375260 0.669000 0.006771 0.006500
0 0.323437 0.308125 0.027083 0.013750
0 0.710417 0.622500 0.034375 0.011000
