0 0.478875 0.990104 0.004750 0.013542
0 0.476375 0.989062 0.004250 0.011458
0 0.500250 0.950260 0.007000 0.009896
0 0.497500 0.943229 0.006500 0.012500
0 0.527500 0.851042 0.006500 0.010417
0 0.469500 0.810156 0.003500 0.011979
0 0.466125 0.811198 0.004250 0.013021
0 0.459125 0.849479 0.005750 0.010417
0 0.432500 0.848177 0.005000 0.007812
0 0.431500 0.844271 0.006500 0.008333
0 0.430875 0.839583 0.007250 0.007292
0 0.403125 0.877344 0.004750 0.009896
0 0.405250 0.879427 0.006000 0.007812
0 0.405750 0.882552 0.006000 0.007812
0 0.338500 0.913542 0.007500 0.012500
0 0.347000 0.911979 0.006500 0.011458
0 0.363500 0.884635 0.006500 0.014063
0 0.381875 0.874219 0.007250 0.010937
0 0.397125 0.835417 0.004250 0.011458
0 0.397750 0.850781 0.006000 0.013021
0 0.422625 0.808854 0.002750 0.012500
0 0.426000 0.827344 0.006500 0.016146
0 0.434750 0.813021 0.006000 0.009375
0 0.435125 0.803385 0.004250 0.014063
0 0.496875 0.747396 0.007250 0.012500
0 0.507125 0.651042 0.005250 0.014583
0 0.427375 0.609375 0.004250 0.014583
0 0.423750 0.595313 0.006500 0.012500
0 0.408000 0.644271 0.005500 0.016667
0 0.409000 0.580729 0.003500 0.014583
0 0.406250 0.583073 0.004500 0.011979
0 0.413000 0.581250 0.004500 0.010417
0 0.411750 0.585156 0.004000 0.008854
0 0.344000 0.513281 0.007000 0.009896
0 0.337875 0.513281 0.005750 0.006771
0 0.338375 0.503646 0.004750 0.012500
0 0.333875 0.505729 0.005750 0.012500
0 0.363875 0.508333 0.007250 0.011458
0 0.395000 0.531250 0.006000 0.009375
0 0.407625 0.534635 0.006250 0.009896
0 0.413250 0.532813 0.005500 0.009375
0 0.415500 0.557031 0.006000 0.006771
0 0.414750 0.552865 0.005500 0.004687
0 0.447125 0.568229 0.004250 0.009375
0 0.447875 0.577083 0.006250 0.011458
0 0.451875 0.590625 0.006250 0.008333
0 0.451500 0.576562 0.004500 0.011458
0 0.456125 0.580729 0.005250 0.009375
0 0.460000 0.594271 0.004000 0.011458
0 0.466750 0.595052 0.005000 0.006771
0 0.468375 0.593229 0.005750 0.008333
0 0.474250 0.606510 0.005500 0.006771
0 0.477875 0.610156 0.005250 0.006771
0 0.481625 0.609896 0.006250 0.011458
0 0.489250 0.611979 0.006000 0.011458
0 0.518250 0.526042 0.003500 0.010417
0 0.503500 0.485677 0.006000 0.011979
0 0.515000 0.520312 0.003000 0.005208
0 0.425125 0.257292 0.004750 0.013542
0 0.425500 0.225781 0.006000 0.008854
0 0.423625 0.210677 0.004750 0.007812
0 0.423125 0.204948 0.005750 0.006771
0 0.418125 0.191146 0.006250 0.011458
0 0.369875 0.250521 0.004750 0.015625
0 0.395750 0.156250 0.007500 0.012500
0 0.374875 0.108854 0.007250 0.017708
0 0.355875 0.122656 0.005750 0.019271
0 0.365250 0.102083 0.002500 0.012500
0 0.363125 0.101823 0.001750 0.017188
0 0.360875 0.101823 0.002750 0.013021
0 0.420625 0.129948 0.004750 0.013021
0 0.426625 0.133073 0.005250 0.008854
0 0.418625 0.153385 0.005750 0.009896
0 0.417500 0.160677 0.005500 0.008854
0 0.575750 0.495833 0.005000 0.014583
0 0.560750 0.420833 0.004000 0.014583
0 0.563625 0.404427 0.005250 0.011979
0 0.557375 0.409375 0.005250 0.010417
0 0.555750 0.407031 0.004500 0.008854
0 0.563500 0.367448 0.006500 0.013021
0 0.557250 0.346094 0.004500 0.014063
0 0.550750 0.346615 0.004000 0.014063
0 0.570250 0.336458 0.004000 0.013542
0 0.565875 0.332552 0.003750 0.013021
0 0.562750 0.337240 0.003000 0.013021
0 0.567375 0.341667 0.002250 0.010417
0 0.565750 0.340885 0.002500 0.013021
0 0.561500 0.321094 0.002000 0.014063
0 0.559375 0.321875 0.002750 0.014583
0 0.555250 0.313802 0.004000 0.016146
0 0.552500 0.310417 0.005000 0.010417
0 0.550625 0.307552 0.003250 0.009896
0 0.569250 0.294010 0.005000 0.013021
0 0.568250 0.291146 0.004500 0.009375
0 0.540875 0.261979 0.003750 0.014583
0 0.539000 0.259115 0.003500 0.013021
0 0.566000 0.248958 0.006000 0.013542
0 0.573875 0.241146 0.003750 0.014583
0 0.573375 0.227083 0.004250 0.015625
0 0.574750 0.215885 0.004500 0.010937
0 0.567750 0.236198 0.003500 0.011979
0 0.565500 0.234375 0.003500 0.010417
0 0.561000 0.247135 0.002500 0.013021
0 0.558875 0.246875 0.002750 0.013542
0 0.580750 0.156250 0.006000 0.009375
0 0.580875 0.149479 0.005750 0.006250
0 0.584750 0.092969 0.005000 0.016146
0 0.580250 0.089583 0.004000 0.014583
0 0.576500 0.088542 0.005000 0.015625
0 0.562750 0.071094 0.006000 0.015104
0 0.584750 0.048958 0.004500 0.011458
0 0.582250 0.052865 0.003000 0.014063
0 0.580000 0.052083 0.003000 0.012500
0 0.593250 0.064583 0.005000 0.018750
0 0.597750 0.084375 0.003500 0.014583
0 0.594500 0.085417 0.005000 0.011458
0 0.588750 0.144010 0.003500 0.011979
0 0.592500 0.145313 0.003500 0.015625
0 0.589500 0.219531 0.007000 0.014063
0 0.588875 0.242448 0.004750 0.017188
0 0.592750 0.260417 0.005500 0.014583
0 0.596500 0.267448 0.005000 0.010937
0 0.595625 0.263021 0.002750 0.010417
0 0.582125 0.266667 0.006250 0.013542
0 0.611875 0.477344 0.004750 0.009896
0 0.612000 0.471094 0.003500 0.008854
0 0.620375 0.505990 0.005750 0.014063
0 0.626000 0.482031 0.007000 0.010937
0 0.633750 0.460938 0.004000 0.014583
0 0.631750 0.457031 0.004000 0.010937
0 0.669750 0.367969 0.006500 0.009896
0 0.668750 0.362760 0.005000 0.008854
0 0.655250 0.353646 0.005500 0.014583
0 0.667375 0.325781 0.006750 0.016146
0 0.675250 0.201042 0.005500 0.015625
0 0.689500 0.138542 0.005500 0.013542
0 0.696000 0.126562 0.006000 0.011458
0 0.692750 0.121094 0.004500 0.015104
0 0.699125 0.094010 0.005250 0.010937
0 0.702375 0.052604 0.003250 0.013542
0 0.699375 0.055729 0.004250 0.012500
0 0.662875 0.202083 0.004250 0.013542
0 0.659375 0.213281 0.006750 0.009896
0 0.650125 0.223958 0.005750 0.012500
0 0.642875 0.244792 0.006250 0.008333
0 0.650500 0.237240 0.004000 0.007812
0 0.654375 0.236458 0.004250 0.013542
0 0.653375 0.264844 0.005750 0.014063
0 0.656250 0.670833 0.005500 0.009375
0 0.662625 0.671354 0.006750 0.006250
0 0.663125 0.677083 0.004750 0.006250
0 0.675375 0.688542 0.004750 0.007292
0 0.666625 0.703385 0.006750 0.014063
