0 0.013542 0.251250 0.016667 0.005000
0 0.035156 0.333750 0.013021 0.006500
0 0.342448 0.227625 0.011979 0.006750
0 0.664323 0.200000 0.010937 0.009000
0 0.634375 0.243500 0.011458 0.005000
0 0.601562 0.270875 0.011458 0.006250
0 0.466406 0.297000 0.015104 0.004500
0 0.497135 0.332750 0.011979 0.007000
0 0.839323 0.487625 0.015104 0.005250
0 0.892969 0.447500 0.011979 0.004500
0 0.969531 0.416125 0.010937 0.006250
0 0.517448 0.604250 0.018229 0.007500
0 0.567187 0.614750 0.014583 0.006500
0 0.666406 0.616875 0.013021 0.008250
0 0.668490 0.595500 0.011979 0.005500
0 0.669271 0.601125 0.015625 0.008250
0 0.792188 0.596500 0.014583 0.008500
0 0.890365 0.666125 0.016146 0.010250
0 0.428125 0.672000 0.009375 0.006500
