0 0.167000 0.684635 0.004000 0.006771
0 0.206250 0.675000 0.005500 0.013542
0 0.266750 0.643750 0.006000 0.007292
0 0.276250 0.659635 0.006000 0.014063
0 0.306375 0.651563 0.006250 0.007292
0 0.310500 0.635938 0.005000 0.007292
0 0.340250 0.678385 0.003000 0.006771
0 0.341875 0.676042 0.003250 0.010417
0 0.363500 0.611458 0.005000 0.009375
0 0.375625 0.646615 0.004250 0.009896
0 0.381000 0.640625 0.003000 0.010417
0 0.381500 0.655729 0.004000 0.007292
0 0.395375 0.651823 0.004750 0.006771
0 0.397750 0.648958 0.004500 0.006250
0 0.406375 0.653646 0.004750 0.010417
0 0.415000 0.671094 0.005500 0.007812
0 0.450500 0.646094 0.004500 0.009896
0 0.364500 0.646615 0.005500 0.004687
0 0.365625 0.651823 0.004250 0.005729
0 0.362125 0.650781 0.002250 0.004687
0 0.449375 0.741667 0.005250 0.006250
0 0.436000 0.735677 0.003500 0.008854
0 0.428000 0.739583 0.005000 0.006250
0 0.428500 0.708854 0.004000 0.012500
0 0.420125 0.727604 0.004750 0.007292
0 0.412500 0.715885 0.005000 0.006771
0 0.410500 0.721875 0.002500 0.010417
0 0.413000 0.763021 0.002500 0.005208
0 0.414750 0.765104 0.004500 0.006250
0 0.414250 0.789062 0.003000 0.008333
0 0.406375 0.815625 0.005750 0.005208
0 0.390875 0.805208 0.003250 0.009375
0 0.409500 0.822135 0.004500 0.006771
0 0.370875 0.735938 0.003750 0.011458
0 0.377500 0.754167 0.005000 0.007292
0 0.382875 0.761979 0.005250 0.006250
0 0.386500 0.750000 0.004500 0.006250
0 0.382625 0.740885 0.003750 0.010937
0 0.359250 0.737500 0.004000 0.007292
0 0.358625 0.733073 0.003750 0.007812
0 0.365250 0.774219 0.004500 0.006771
0 0.364125 0.780990 0.002750 0.010937
0 0.360875 0.758073 0.004750 0.007812
0 0.332500 0.797656 0.003000 0.011979
0 0.327250 0.801302 0.005000 0.005729
0 0.351375 0.829688 0.005250 0.006250
0 0.359375 0.879687 0.005750 0.007292
0 0.348875 0.854948 0.004250 0.005729
0 0.348875 0.848958 0.003250 0.006250
0 0.356125 0.819792 0.003250 0.007292
0 0.355375 0.816667 0.004250 0.007292
0 0.409125 0.798438 0.004750 0.007292
0 0.312000 0.864583 0.004500 0.004167
0 0.312000 0.860938 0.005500 0.004167
0 0.472250 0.626042 0.004500 0.006250
0 0.455375 0.621875 0.002750 0.006250
0 0.456000 0.619531 0.003000 0.007812
0 0.451750 0.594792 0.004000 0.005208
0 0.427250 0.586979 0.003000 0.010417
0 0.424250 0.591146 0.004500 0.007292
0 0.423625 0.584896 0.004250 0.007292
0 0.417000 0.579427 0.003500 0.006771
0 0.415000 0.575781 0.004500 0.006771
0 0.421125 0.569792 0.004250 0.005208
0 0.430625 0.585156 0.002750 0.006771
0 0.431500 0.582812 0.003000 0.009375
0 0.429750 0.554948 0.003000 0.005729
0 0.431375 0.560937 0.002250 0.005208
0 0.419500 0.559635 0.003500 0.009896
0 0.411500 0.561719 0.004000 0.008854
0 0.402125 0.554167 0.003750 0.008333
0 0.401500 0.585156 0.003500 0.005729
0 0.402500 0.583333 0.003500 0.005208
0 0.387250 0.555990 0.005000 0.007812
0 0.385875 0.546094 0.003250 0.007812
0 0.383375 0.539844 0.004750 0.005729
0 0.392500 0.537500 0.003000 0.005208
0 0.392750 0.535156 0.003500 0.006771
0 0.368500 0.534896 0.005000 0.007292
0 0.370500 0.527344 0.005000 0.005729
0 0.367250 0.525260 0.004500 0.008854
0 0.373500 0.508073 0.005000 0.006771
0 0.364875 0.473958 0.004750 0.009375
0 0.347125 0.476042 0.005250 0.009375
0 0.340000 0.462240 0.004500 0.010937
0 0.354875 0.394792 0.003250 0.008333
0 0.355500 0.401042 0.004000 0.006250
0 0.389250 0.460417 0.004000 0.008333
0 0.399375 0.492969 0.003750 0.007812
0 0.402500 0.493229 0.002500 0.010417
0 0.398500 0.505729 0.004500 0.006250
0 0.404875 0.516146 0.004250 0.007292
0 0.405000 0.510938 0.003500 0.005208
0 0.402750 0.503906 0.004500 0.006771
0 0.462750 0.548438 0.002500 0.009375
0 0.473750 0.511458 0.003000 0.010417
0 0.473500 0.498958 0.002500 0.010417
0 0.465500 0.507292 0.004500 0.007292
0 0.467375 0.502083 0.004250 0.006250
0 0.465375 0.492969 0.004750 0.006771
0 0.466875 0.485156 0.003250 0.009896
0 0.473750 0.489323 0.002000 0.005729
0 0.467875 0.466406 0.003250 0.008854
0 0.465875 0.452865 0.004750 0.005729
0 0.474875 0.425260 0.003250 0.009896
0 0.475250 0.404167 0.004000 0.006250
0 0.464625 0.399479 0.004750 0.009375
0 0.481625 0.401302 0.002750 0.006771
0 0.481125 0.407812 0.002750 0.005208
0 0.475875 0.356771 0.003250 0.008333
0 0.476625 0.354687 0.002250 0.006250
0 0.495625 0.278646 0.004250 0.013542
0 0.495750 0.205208 0.003000 0.013542
0 0.492000 0.078125 0.004000 0.012500
0 0.497750 0.572396 0.004500 0.008333
0 0.504375 0.554948 0.002750 0.009896
0 0.501625 0.554167 0.003250 0.005208
0 0.498750 0.491146 0.003000 0.009375
0 0.504500 0.488542 0.004000 0.009375
0 0.503125 0.470573 0.003750 0.008854
0 0.518500 0.466146 0.004000 0.006250
0 0.513625 0.459115 0.003250 0.009896
0 0.509750 0.464323 0.002500 0.010937
0 0.509500 0.455729 0.001500 0.008333
0 0.508000 0.456510 0.002000 0.008854
0 0.503750 0.459115 0.002500 0.008854
0 0.502375 0.459375 0.002250 0.007292
0 0.506875 0.449219 0.003250 0.010937
0 0.512875 0.443229 0.001750 0.008333
0 0.514500 0.442969 0.002500 0.009896
0 0.510875 0.430729 0.004750 0.006250
0 0.514250 0.426823 0.004000 0.004687
0 0.513500 0.423698 0.003000 0.005729
0 0.514375 0.414062 0.003750 0.007292
0 0.511750 0.410938 0.003000 0.008333
0 0.507875 0.398698 0.003250 0.007812
0 0.507000 0.396875 0.002500 0.006250
0 0.514000 0.399219 0.003000 0.008854
0 0.516625 0.399479 0.002250 0.008333
0 0.516500 0.391927 0.002500 0.007812
0 0.542000 0.360417 0.003000 0.010417
0 0.537125 0.372656 0.006750 0.010937
0 0.541125 0.304427 0.003250 0.013021
0 0.561000 0.303906 0.004500 0.006771
0 0.617000 0.626823 0.003500 0.008854
0 0.602250 0.673438 0.003500 0.009375
0 0.608250 0.673177 0.003000 0.008854
0 0.606500 0.691667 0.002500 0.008333
0 0.604625 0.693229 0.002250 0.007292
0 0.603500 0.701042 0.003000 0.007292
0 0.602875 0.707812 0.003250 0.007292
0 0.607750 0.705729 0.003000 0.006250
0 0.603625 0.722135 0.003250 0.005729
0 0.587500 0.699740 0.004500 0.008854
0 0.607750 0.721094 0.002500 0.005729
0 0.610125 0.724219 0.001750 0.005729
0 0.612125 0.725000 0.001750 0.006250
0 0.610125 0.713542 0.001750 0.008333
0 0.624625 0.623177 0.001750 0.007812
0 0.625750 0.618750 0.001500 0.007292
0 0.611875 0.645573 0.001750 0.008854
0 0.613500 0.646094 0.002000 0.008854
0 0.706750 0.437760 0.005000 0.009896
0 0.942375 0.556510 0.005250 0.007812
0 0.233125 0.325260 0.003750 0.014063
