0 0.390375 0.950781 0.008250 0.010937
0 0.084250 0.745052 0.009500 0.010937
0 0.172000 0.728125 0.007500 0.008333
0 0.173375 0.738802 0.006750 0.015104
0 0.179625 0.719010 0.009250 0.009896
0 0.185250 0.716927 0.005500 0.016146
0 0.227500 0.796354 0.008000 0.011458
0 0.224250 0.785937 0.007500 0.010417
0 0.253625 0.827344 0.005750 0.015104
0 0.267875 0.876823 0.008250 0.008854
0 0.273000 0.865365 0.006500 0.010937
0 0.285000 0.760938 0.007000 0.013542
0 0.300250 0.728125 0.009000 0.013542
0 0.265875 0.697917 0.007250 0.019792
0 0.273750 0.675521 0.007000 0.016667
0 0.304250 0.757812 0.006000 0.009375
0 0.309125 0.752344 0.008750 0.011979
0 0.308375 0.712760 0.007750 0.016146
0 0.315625 0.697135 0.008250 0.019271
0 0.333375 0.719271 0.007750 0.012500
0 0.340625 0.718750 0.003750 0.017708
0 0.351625 0.700521 0.007250 0.012500
0 0.364375 0.715625 0.006750 0.018750
0 0.375000 0.715104 0.008000 0.013542
0 0.427875 0.757031 0.006250 0.010937
0 0.432625 0.753646 0.005750 0.012500
0 0.482750 0.732812 0.007000 0.008333
0 0.161875 0.555208 0.006250 0.010417
0 0.155750 0.595833 0.005500 0.012500
0 0.408750 0.565885 0.006000 0.011979
0 0.410375 0.552865 0.005250 0.017188
0 0.396250 0.468229 0.005000 0.016667
0 0.390625 0.471094 0.007250 0.010937
0 0.391250 0.462240 0.006500 0.008854
0 0.348750 0.444792 0.007000 0.016667
0 0.339375 0.381250 0.005250 0.015625
0 0.308375 0.450000 0.004750 0.013542
0 0.221875 0.296615 0.005750 0.014063
0 0.225625 0.210677 0.008750 0.011979
0 0.250125 0.219010 0.008250 0.018229
0 0.248750 0.156510 0.006500 0.014063
0 0.281750 0.134635 0.005500 0.016146
0 0.318625 0.189583 0.008750 0.013542
0 0.324500 0.170573 0.007500 0.016146
0 0.126125 0.032031 0.009750 0.016146
0 0.126625 0.127865 0.007250 0.016146
0 0.274250 0.022917 0.006000 0.014583
0 0.315875 0.091146 0.005250 0.016667
0 0.455250 0.015625 0.005000 0.015625
0 0.440875 0.080208 0.005250 0.017708
0 0.402375 0.240625 0.008750 0.016667
0 0.412250 0.263021 0.006500 0.017708
0 0.419750 0.266146 0.004500 0.017708
0 0.424250 0.296615 0.009000 0.014063
0 0.441875 0.163802 0.004750 0.010937
0 0.444500 0.381250 0.009000 0.010417
0 0.484875 0.460156 0.007750 0.014063
0 0.467625 0.469792 0.005750 0.016667
0 0.464375 0.577083 0.004250 0.017708
0 0.600250 0.406250 0.008500 0.011458
0 0.578750 0.420573 0.009000 0.016146
0 0.593375 0.439844 0.007250 0.016146
0 0.590500 0.366406 0.005000 0.010937
0 0.605375 0.368750 0.005750 0.011458
0 0.639500 0.326042 0.005000 0.011458
0 0.654875 0.249219 0.007250 0.016146
0 0.657625 0.153125 0.007250 0.015625
0 0.634375 0.069792 0.006250 0.019792
0 0.687125 0.071094 0.006250 0.016146
0 0.666250 0.052083 0.009500 0.011458
0 0.666875 0.039583 0.006750 0.015625
0 0.677000 0.105990 0.008500 0.024479
0 0.647875 0.181510 0.005750 0.013021
0 0.556250 0.110677 0.005000 0.014063
0 0.677000 0.312760 0.004500 0.010937
0 0.830000 0.275521 0.008000 0.014583
0 0.849625 0.298698 0.010250 0.019271
0 0.732875 0.379688 0.006750 0.015625
0 0.741000 0.471615 0.005000 0.015104
0 0.815875 0.518490 0.006250 0.010937
0 0.796250 0.493750 0.004000 0.016667
0 0.801125 0.491927 0.005750 0.017188
0 0.647750 0.630990 0.004000 0.015104
0 0.658625 0.621875 0.009250 0.014583
0 0.653500 0.626302 0.006000 0.013021
0 0.595000 0.646354 0.003500 0.015625
0 0.598375 0.646094 0.004250 0.017188
0 0.606250 0.635417 0.006500 0.011458
0 0.607625 0.644271 0.008750 0.008333
0 0.703125 0.878125 0.007250 0.012500
0 0.751500 0.928125 0.005500 0.013542
0 0.727750 0.776302 0.008500 0.017188
0 0.588000 0.880990 0.012000 0.018229
0 0.723500 0.598437 0.004500 0.009375
