0 0.296250 0.503125 0.004500 0.011458
0 0.302875 0.508594 0.006250 0.010937
0 0.397250 0.698177 0.006000 0.010937
0 0.371875 0.416406 0.006750 0.009896
0 0.339500 0.103646 0.005500 0.014583
0 0.350875 0.024740 0.008750 0.013021
0 0.428875 0.596875 0.004750 0.014583
0 0.463250 0.503125 0.005500 0.010417
0 0.462625 0.455729 0.006750 0.012500
0 0.468750 0.429167 0.005000 0.013542
0 0.463750 0.401042 0.006000 0.010417
0 0.505500 0.337240 0.006000 0.017188
0 0.500750 0.292969 0.007500 0.008854
0 0.536375 0.285417 0.005750 0.013542
0 0.534125 0.270573 0.004750 0.011979
0 0.527375 0.218490 0.005250 0.010937
0 0.528750 0.214323 0.004000 0.007812
0 0.510375 0.181250 0.004750 0.016667
0 0.504875 0.174740 0.004750 0.015104
0 0.509250 0.110677 0.006000 0.009896
0 0.523500 0.117448 0.004500 0.016146
0 0.536875 0.129688 0.005250 0.017708
0 0.543250 0.150781 0.005000 0.020313
0 0.582000 0.570833 0.006500 0.008333
0 0.610125 0.557813 0.006250 0.015625
0 0.662500 0.538802 0.005000 0.006771
0 0.707750 0.432031 0.007000 0.010937
0 0.714500 0.475260 0.007000 0.010937
0 0.593750 0.772135 0.006000 0.008854
0 0.628750 0.768229 0.006500 0.008333
0 0.811250 0.721875 0.004500 0.010417
0 0.806125 0.717969 0.005750 0.008854
0 0.555750 0.897396 0.006500 0.009375
0 0.602375 0.944271 0.006750 0.011458
0 0.698750 0.901042 0.006500 0.011458
0 0.699250 0.897396 0.005500 0.009375
0 0.453250 0.933073 0.005500 0.011979
