0 0.507750 0.755729 0.005500 0.011458
0 0.462375 0.749479 0.003250 0.014583
0 0.452250 0.756771 0.006000 0.010417
0 0.452000 0.747917 0.006000 0.009375
0 0.456500 0.751302 0.004000 0.014063
0 0.421125 0.762500 0.007250 0.009375
0 0.422875 0.752344 0.005750 0.010937
0 0.412250 0.723177 0.004500 0.014063
0 0.393875 0.731771 0.003750 0.013542
0 0.397250 0.702344 0.004000 0.014063
0 0.408625 0.752344 0.004250 0.008854
0 0.411000 0.749479 0.003500 0.012500
0 0.376875 0.704688 0.005250 0.008333
0 0.378000 0.669531 0.006000 0.007812
0 0.361375 0.676042 0.005750 0.009375
0 0.334500 0.689583 0.007000 0.010417
0 0.344625 0.670833 0.006250 0.012500
0 0.330125 0.657031 0.006750 0.013021
0 0.314250 0.630469 0.005000 0.009896
0 0.318000 0.684375 0.007000 0.009375
0 0.301500 0.654167 0.004500 0.013542
0 0.357375 0.650521 0.005750 0.008333
0 0.359375 0.648177 0.006250 0.008854
0 0.478125 0.710417 0.007750 0.013542
0 0.476875 0.727865 0.004750 0.009896
0 0.451875 0.667708 0.003750 0.013542
0 0.437250 0.665365 0.005500 0.013021
0 0.440625 0.647917 0.005750 0.012500
0 0.427125 0.653125 0.005750 0.013542
0 0.427875 0.615885 0.005750 0.014063
0 0.401125 0.615365 0.005750 0.015104
0 0.387625 0.614062 0.005750 0.015625
0 0.389500 0.563802 0.006500 0.008854
0 0.397375 0.549219 0.008750 0.013021
0 0.382125 0.539583 0.006750 0.015625
0 0.376875 0.547917 0.007750 0.009375
0 0.378500 0.569271 0.005500 0.010417
0 0.380250 0.566927 0.005500 0.014063
0 0.373625 0.600521 0.004750 0.012500
0 0.375250 0.598698 0.004000 0.010937
0 0.355375 0.553125 0.006250 0.016667
0 0.351750 0.515885 0.007000 0.016146
0 0.329625 0.504427 0.006250 0.016146
0 0.333500 0.451562 0.006500 0.015625
0 0.345875 0.467969 0.007750 0.015104
0 0.300875 0.391667 0.004250 0.011458
0 0.336375 0.388281 0.005750 0.011979
0 0.332875 0.416927 0.007750 0.011979
0 0.333250 0.409635 0.007000 0.010937
0 0.412250 0.525260 0.004500 0.010937
0 0.374750 0.476823 0.007000 0.010937
0 0.371375 0.465365 0.005750 0.009896
0 0.365000 0.453385 0.006500 0.014063
0 0.351375 0.444271 0.006750 0.010417
0 0.357125 0.421615 0.004250 0.010937
0 0.345500 0.428906 0.007500 0.011979
0 0.343875 0.421354 0.007750 0.009375
0 0.343750 0.414583 0.005000 0.009375
0 0.365625 0.429427 0.006750 0.016146
0 0.305750 0.382552 0.007500 0.008854
0 0.500125 0.571094 0.004750 0.014063
0 0.479500 0.483854 0.005000 0.011458
0 0.467750 0.441667 0.003500 0.016667
0 0.472875 0.439323 0.005250 0.018229
0 0.474250 0.409375 0.004000 0.015625
0 0.470625 0.408333 0.004250 0.016667
0 0.462375 0.397656 0.003250 0.014063
0 0.464750 0.385417 0.003500 0.015625
0 0.458250 0.389844 0.004500 0.015104
0 0.454500 0.388802 0.003000 0.016146
0 0.450875 0.366146 0.003750 0.017708
0 0.459250 0.356510 0.004000 0.014063
0 0.455375 0.373177 0.003250 0.014063
0 0.456875 0.337500 0.007250 0.011458
0 0.450125 0.324740 0.007250 0.009896
0 0.443250 0.313802 0.005000 0.014063
0 0.455250 0.295052 0.004000 0.013021
0 0.483250 0.316146 0.004500 0.014583
0 0.475750 0.290885 0.006500 0.005729
0 0.475125 0.285677 0.005750 0.004687
0 0.440125 0.224219 0.005250 0.016146
0 0.447875 0.249219 0.006750 0.010937
0 0.445125 0.265365 0.005750 0.011979
0 0.430250 0.237500 0.007000 0.012500
0 0.425000 0.207812 0.005000 0.014583
0 0.489125 0.239323 0.004250 0.011979
0 0.488625 0.215104 0.005750 0.015625
0 0.420250 0.339323 0.005500 0.008854
0 0.420250 0.324479 0.008000 0.010417
0 0.546875 0.606510 0.003250 0.014063
0 0.532000 0.603906 0.004000 0.009896
0 0.535000 0.602083 0.004500 0.012500
0 0.551750 0.611719 0.004000 0.010937
0 0.549750 0.611719 0.002500 0.013021
0 0.536000 0.552083 0.004500 0.011458
0 0.552500 0.532552 0.003500 0.010937
0 0.555125 0.533073 0.002250 0.011979
0 0.559375 0.530990 0.004250 0.014063
0 0.517500 0.502865 0.004500 0.014063
0 0.526625 0.487240 0.009250 0.017188
0 0.542500 0.488021 0.007000 0.012500
0 0.552375 0.484375 0.005750 0.014583
0 0.542000 0.459115 0.008500 0.010937
0 0.561500 0.447917 0.006500 0.014583
0 0.563750 0.466406 0.005500 0.011979
0 0.558375 0.473698 0.003750 0.013021
0 0.539875 0.440104 0.005250 0.011458
0 0.566250 0.407292 0.004000 0.015625
0 0.561500 0.407812 0.004000 0.014583
0 0.548625 0.398698 0.004750 0.015104
0 0.528250 0.399219 0.006500 0.013021
0 0.536125 0.423698 0.004750 0.011979
0 0.556500 0.412760 0.003000 0.017188
0 0.559125 0.411719 0.002750 0.014063
0 0.551375 0.405469 0.002250 0.013021
0 0.553875 0.405208 0.002750 0.017708
0 0.567500 0.369792 0.005500 0.014583
0 0.512750 0.347656 0.005500 0.014063
0 0.534500 0.309375 0.007500 0.015625
0 0.549625 0.323177 0.007250 0.014063
0 0.565750 0.308073 0.004500 0.018229
0 0.556500 0.289062 0.007000 0.017708
0 0.574625 0.318750 0.005750 0.015625
0 0.582125 0.348438 0.006250 0.020833
0 0.573875 0.357292 0.003750 0.015625
0 0.543875 0.252865 0.003250 0.017188
0 0.540500 0.253125 0.004000 0.015625
0 0.580750 0.212760 0.005000 0.013021
0 0.555625 0.215104 0.004250 0.017708
0 0.559750 0.213542 0.005000 0.007292
0 0.577625 0.164844 0.005750 0.018229
0 0.573000 0.143229 0.005000 0.014583
0 0.576625 0.152865 0.005250 0.009896
0 0.533125 0.187240 0.006750 0.015104
0 0.573500 0.267448 0.004500 0.020313
0 0.578125 0.267708 0.005250 0.015625
0 0.579125 0.245833 0.005750 0.007292
0 0.582250 0.298438 0.005500 0.017708
0 0.585500 0.276823 0.006500 0.011979
0 0.546250 0.355469 0.006000 0.014063
0 0.552250 0.548698 0.006500 0.013021
0 0.631500 0.239323 0.006000 0.010937
0 0.619125 0.270313 0.005250 0.010417
0 0.625375 0.290885 0.004750 0.011979
0 0.630250 0.291927 0.004000 0.016146
0 0.639250 0.310677 0.004000 0.011979
0 0.635875 0.310156 0.004250 0.016146
0 0.623375 0.331250 0.004750 0.014583
0 0.626625 0.353646 0.003750 0.014583
0 0.625250 0.344792 0.004500 0.012500
0 0.618750 0.363281 0.003500 0.016146
0 0.589625 0.647656 0.005750 0.007812
0 0.675750 0.183594 0.005000 0.008854
0 0.666750 0.277865 0.003500 0.007812
0 0.787000 0.079687 0.004000 0.009375
0 0.205750 0.605990 0.005000 0.011979
0 0.223125 0.588021 0.006250 0.011458
0 0.220750 0.708594 0.007000 0.015104
0 0.222125 0.779167 0.005750 0.013542
0 0.087250 0.744010 0.009500 0.016146
0 0.095625 0.665104 0.007250 0.011458
0 0.103750 0.421615 0.007500 0.015104
0 0.062000 0.205990 0.007500 0.016146
0 0.115625 0.011979 0.011750 0.016667
0 0.689125 0.725521 0.006750 0.012500
0 0.644625 0.675521 0.006250 0.011458
0 0.585625 0.733073 0.004250 0.013021
