0 0.513000 0.876823 0.007500 0.008854
0 0.520250 0.890885 0.004500 0.014063
0 0.514750 0.890885 0.005500 0.018229
0 0.502875 0.909896 0.004250 0.018750
0 0.479000 0.928646 0.004000 0.012500
0 0.483375 0.923958 0.005250 0.011458
0 0.226125 0.986979 0.006750 0.014583
0 0.232625 0.958333 0.007250 0.013542
0 0.258375 0.888021 0.006750 0.012500
0 0.260000 0.897135 0.006000 0.008854
0 0.273000 0.972135 0.006500 0.010937
0 0.260750 0.988802 0.005500 0.013021
0 0.269875 0.984115 0.006750 0.006771
0 0.266375 0.990365 0.006250 0.007812
0 0.290750 0.958854 0.005000 0.011458
0 0.294500 0.970573 0.007000 0.015104
0 0.305250 0.919271 0.008500 0.014583
0 0.325125 0.922396 0.006750 0.009375
0 0.319625 0.918490 0.005250 0.010937
0 0.326875 0.911198 0.006250 0.011979
0 0.332250 0.914583 0.005500 0.011458
0 0.324750 0.866667 0.006000 0.008333
0 0.344125 0.845573 0.004750 0.006771
0 0.344500 0.852604 0.006000 0.007292
0 0.414250 0.836458 0.004000 0.011458
0 0.407250 0.817448 0.005000 0.010937
0 0.424625 0.809375 0.005750 0.011458
0 0.443250 0.752344 0.005000 0.016146
0 0.470875 0.741667 0.005750 0.013542
0 0.552375 0.666927 0.006250 0.014063
0 0.514375 0.635417 0.006250 0.010417
0 0.509000 0.635156 0.004500 0.010937
0 0.497500 0.622656 0.005000 0.014063
0 0.467125 0.621875 0.007750 0.011458
0 0.465000 0.599219 0.007500 0.008854
0 0.408375 0.553646 0.006750 0.014583
0 0.429625 0.525521 0.006250 0.012500
0 0.357375 0.508594 0.003750 0.015104
0 0.354625 0.514583 0.004250 0.015625
0 0.289500 0.429688 0.007500 0.010417
0 0.210250 0.377604 0.008000 0.012500
0 0.238750 0.382812 0.007000 0.009375
0 0.569250 0.561458 0.004000 0.011458
0 0.537250 0.516667 0.005000 0.015625
0 0.552750 0.501563 0.005000 0.016667
0 0.490500 0.377083 0.004500 0.015625
0 0.480250 0.373698 0.007000 0.016146
0 0.513875 0.378646 0.005750 0.013542
0 0.522375 0.396354 0.003750 0.009375
0 0.521125 0.403385 0.004250 0.010937
0 0.478625 0.259635 0.007250 0.009896
0 0.466875 0.273958 0.006250 0.012500
0 0.464000 0.251823 0.006500 0.011979
0 0.443375 0.237500 0.006250 0.012500
0 0.456125 0.193490 0.006750 0.009896
0 0.429125 0.205469 0.006250 0.009896
0 0.436875 0.210156 0.006750 0.008854
0 0.439750 0.205208 0.006000 0.009375
0 0.447250 0.214844 0.004500 0.011979
0 0.451750 0.213802 0.005000 0.011979
0 0.568625 0.056250 0.006750 0.019792
0 0.592750 0.084115 0.007000 0.018229
0 0.626375 0.035156 0.004250 0.018229
0 0.578250 0.148698 0.006000 0.019271
0 0.622000 0.172656 0.006500 0.018229
0 0.649750 0.154688 0.005500 0.012500
0 0.668000 0.160156 0.006000 0.008854
0 0.645500 0.194010 0.006000 0.011979
0 0.608125 0.282813 0.007250 0.013542
0 0.586125 0.339583 0.006250 0.016667
0 0.619125 0.298438 0.008750 0.016667
0 0.618125 0.508333 0.004250 0.013542
0 0.666875 0.516146 0.004250 0.011458
0 0.670750 0.517969 0.004500 0.014063
0 0.717875 0.501042 0.005250 0.014583
0 0.706000 0.417448 0.005000 0.011979
0 0.697500 0.442188 0.006500 0.013542
0 0.700625 0.451302 0.008250 0.006771
0 0.698750 0.457552 0.009000 0.006771
0 0.729625 0.322656 0.006250 0.013021
0 0.734875 0.331771 0.003750 0.013542
0 0.731500 0.338802 0.004000 0.017188
0 0.725000 0.358333 0.004500 0.016667
0 0.719500 0.360156 0.007000 0.017188
0 0.749375 0.327865 0.004750 0.018229
0 0.755250 0.319010 0.006000 0.014063
0 0.763750 0.319792 0.005500 0.015625
0 0.759250 0.329427 0.005000 0.022396
0 0.766500 0.253385 0.007000 0.017188
0 0.759750 0.246875 0.008000 0.010417
0 0.757000 0.227604 0.006500 0.015625
0 0.747125 0.211458 0.004250 0.018750
0 0.794375 0.194531 0.006250 0.014063
0 0.777375 0.160677 0.008250 0.011979
0 0.773250 0.199740 0.008500 0.017188
0 0.822000 0.074740 0.008000 0.018229
0 0.829125 0.108854 0.006250 0.017708
0 0.830500 0.126042 0.004500 0.016667
0 0.869125 0.087760 0.006750 0.017188
0 0.862500 0.012760 0.009500 0.018229
0 0.920625 0.033594 0.009250 0.017188
0 0.982375 0.049219 0.009750 0.011979
0 0.888125 0.118490 0.006250 0.013021
0 0.880375 0.116667 0.006750 0.016667
0 0.870375 0.152344 0.007250 0.018229
0 0.666250 0.697917 0.006000 0.014583
0 0.680500 0.707552 0.006000 0.015104
0 0.756375 0.643229 0.006750 0.013542
0 0.763500 0.608333 0.005500 0.015625
0 0.781625 0.591146 0.006250 0.013542
0 0.783500 0.604167 0.004500 0.011458
0 0.804125 0.721615 0.006250 0.014063
0 0.837750 0.624740 0.004000 0.016146
0 0.823250 0.627344 0.004500 0.017188
0 0.815375 0.619792 0.007250 0.011458
0 0.827125 0.613802 0.008750 0.006771
0 0.820875 0.588542 0.006750 0.013542
0 0.827375 0.572396 0.007250 0.010417
0 0.834875 0.562760 0.005250 0.015104
0 0.839250 0.551562 0.005000 0.013542
0 0.850375 0.576302 0.005250 0.011979
0 0.864625 0.567708 0.004750 0.015625
0 0.878250 0.621094 0.009500 0.008854
0 0.890375 0.562500 0.008250 0.010417
0 0.906375 0.541146 0.003750 0.011458
0 0.915750 0.554688 0.006000 0.012500
0 0.907625 0.639583 0.007750 0.008333
0 0.948375 0.620313 0.007750 0.012500
0 0.951000 0.597135 0.009000 0.010937
0 0.941500 0.569010 0.009000 0.011979
0 0.980000 0.531510 0.008500 0.007812
0 0.971875 0.534896 0.007250 0.009375
0 0.972875 0.523698 0.005250 0.013021
