0 0.269271 0.477500 0.015625 0.009000
0 0.280729 0.410750 0.016667 0.010500
0 0.333854 0.402750 0.018750 0.011000
0 0.186979 0.283500 0.012500 0.007500
0 0.197656 0.289750 0.014063 0.008500
0 0.214062 0.320500 0.010417 0.008000
0 0.215625 0.343250 0.014583 0.011500
0 0.219271 0.343375 0.016667 0.008250
0 0.252083 0.364500 0.023958 0.009000
0 0.298177 0.370375 0.010937 0.009750
0 0.297917 0.369750 0.014583 0.007500
0 0.260937 0.329375 0.011458 0.007750
0 0.316927 0.339625 0.013021 0.008250
0 0.300781 0.323000 0.016146 0.006500
0 0.330729 0.387500 0.020833 0.009000
0 0.380208 0.393125 0.011458 0.008750
0 0.614062 0.588625 0.015625 0.008750
0 0.614062 0.588750 0.015625 0.007500
0 0.614583 0.587750 0.012500 0.007500
0 0.726823 0.558375 0.019271 0.007250
0 0.826562 0.551500 0.015625 0.007000
0 0.839844 0.564375 0.017188 0.007250
0 0.680729 0.436375 0.020833 0.008250
0 0.706771 0.466750 0.011458 0.005000
0 0.827083 0.448250 0.011458 0.005500
0 0.849219 0.407125 0.024479 0.006750
0 0.850260 0.408375 0.015104 0.008750
0 0.832812 0.394250 0.019792 0.010000
0 0.880208 0.387875 0.017708 0.007250
0 0.611979 0.402625 0.014583 0.008250
0 0.991146 0.387000 0.016667 0.007500
0 0.745573 0.292375 0.019271 0.007750
0 0.747396 0.291625 0.015625 0.008750
0 0.748437 0.294500 0.015625 0.007500
0 0.728906 0.341500 0.015104 0.008000
0 0.910677 0.338250 0.015104 0.008500
0 0.802604 0.241250 0.019792 0.009000
0 0.909635 0.350375 0.009896 0.005750
