0 0.738802 0.493750 0.009896 0.008500
0 0.720313 0.531250 0.017708 0.006000
0 0.743229 0.545250 0.009375 0.007500
0 0.741667 0.540500 0.011458 0.006000
0 0.739323 0.591375 0.015104 0.006750
0 0.814063 0.575500 0.011458 0.008500
0 0.749479 0.605000 0.013542 0.007500
0 0.773438 0.649125 0.010417 0.009250
0 0.776823 0.645250 0.008854 0.006000
0 0.820573 0.669000 0.019271 0.011000
0 0.780208 0.668500 0.015625 0.007000
0 0.755990 0.672500 0.018229 0.005500
0 0.729427 0.669250 0.014063 0.009000
0 0.756510 0.717625 0.014063 0.010250
0 0.758333 0.741375 0.012500 0.008250
0 0.708854 0.703125 0.009375 0.005750
0 0.711458 0.701500 0.012500 0.006000
0 0.831250 0.658375 0.008333 0.008250
0 0.741406 0.800625 0.021354 0.006250
0 0.811198 0.799000 0.019271 0.008500
0 0.777083 0.850125 0.022917 0.008250
0 0.565104 0.510750 0.020833 0.007000
0 0.548958 0.542875 0.016667 0.008250
0 0.527344 0.546500 0.014063 0.008500
0 0.519792 0.556250 0.015625 0.009500
0 0.486719 0.565500 0.018229 0.005000
0 0.400000 0.577875 0.011458 0.008250
0 0.387500 0.586000 0.011458 0.007000
0 0.402865 0.604875 0.011979 0.006750
0 0.394010 0.604750 0.008854 0.006500
0 0.367708 0.612125 0.009375 0.006750
0 0.371354 0.607500 0.013542 0.006500
0 0.337500 0.630375 0.009375 0.007750
0 0.330469 0.630625 0.008854 0.006250
0 0.490625 0.617625 0.009375 0.008750
0 0.475000 0.617250 0.016667 0.005500
0 0.439062 0.622500 0.013542 0.008500
0 0.477604 0.624125 0.018750 0.005750
0 0.403385 0.645000 0.016146 0.006500
0 0.370052 0.659250 0.021354 0.008000
0 0.340625 0.644250 0.010417 0.007000
0 0.442188 0.653125 0.021875 0.007750
0 0.360938 0.672125 0.015625 0.008250
0 0.353385 0.687000 0.019271 0.010500
0 0.426823 0.693500 0.019271 0.007000
0 0.425521 0.680625 0.026042 0.008750
0 0.465365 0.686000 0.020313 0.007500
0 0.463021 0.678000 0.016667 0.005500
0 0.274740 0.695125 0.009896 0.008250
0 0.269792 0.693625 0.008333 0.004750
0 0.336979 0.705000 0.010417 0.010000
0 0.382812 0.719375 0.018750 0.007250
0 0.443490 0.726000 0.018229 0.007000
0 0.355729 0.720125 0.018750 0.006250
0 0.334115 0.715500 0.013021 0.008500
0 0.321615 0.717500 0.014063 0.008000
0 0.315885 0.713875 0.011979 0.008250
0 0.306250 0.715375 0.009375 0.009250
0 0.334635 0.738875 0.015104 0.010250
0 0.310156 0.750375 0.017188 0.006250
0 0.301823 0.746375 0.014063 0.007250
0 0.226302 0.746500 0.014063 0.010000
0 0.174219 0.744125 0.014063 0.007750
0 0.198698 0.781000 0.015104 0.009000
0 0.283333 0.785000 0.021875 0.008000
0 0.316667 0.773500 0.013542 0.008500
0 0.302865 0.776750 0.015104 0.009500
0 0.198958 0.815500 0.015625 0.010500
0 0.169271 0.816375 0.012500 0.009750
0 0.155208 0.817250 0.015625 0.005500
0 0.189844 0.874875 0.009896 0.008750
0 0.151823 0.865875 0.014063 0.008250
0 0.465625 0.409250 0.015625 0.008000
0 0.401562 0.417750 0.014583 0.006500
0 0.398698 0.441000 0.011979 0.005500
0 0.403385 0.440000 0.010937 0.004500
0 0.293229 0.423875 0.011458 0.007250
0 0.273698 0.422625 0.011979 0.006750
0 0.281771 0.434500 0.015625 0.005500
0 0.220573 0.438000 0.015104 0.008000
0 0.266146 0.445875 0.016667 0.006250
0 0.166406 0.422000 0.016146 0.006500
0 0.182292 0.443375 0.011458 0.007750
0 0.206250 0.473750 0.017708 0.007500
0 0.165885 0.461625 0.017188 0.004750
0 0.167448 0.456125 0.014063 0.006750
0 0.100260 0.468875 0.017188 0.006750
0 0.075260 0.462625 0.017188 0.005250
0 0.041927 0.450875 0.018229 0.007750
0 0.077604 0.475625 0.019792 0.007250
0 0.029427 0.483875 0.018229 0.006250
0 0.079427 0.488750 0.015104 0.005500
0 0.067187 0.492750 0.014583 0.006500
0 0.141927 0.494000 0.015104 0.007000
0 0.150260 0.506625 0.014063 0.005250
0 0.145052 0.509000 0.014063 0.006500
0 0.123958 0.511375 0.016667 0.005250
0 0.107552 0.503000 0.015104 0.006500
0 0.096354 0.498375 0.011458 0.006750
0 0.106771 0.528000 0.013542 0.005500
0 0.080990 0.529750 0.017188 0.006500
0 0.070573 0.514875 0.017188 0.005250
0 0.055208 0.516500 0.016667 0.006500
0 0.021094 0.526000 0.019271 0.005000
0 0.019531 0.517375 0.019271 0.008250
0 0.003906 0.449875 0.007812 0.006250
0 0.371094 0.347875 0.010937 0.009250
0 0.334115 0.342125 0.013021 0.007750
0 0.282813 0.351875 0.014583 0.007750
0 0.308073 0.330625 0.019271 0.005750
0 0.322396 0.326250 0.016667 0.006000
0 0.345833 0.317250 0.015625 0.007000
0 0.315104 0.340750 0.011458 0.008500
0 0.305208 0.339125 0.012500 0.008750
0 0.223958 0.358250 0.013542 0.008500
0 0.166667 0.350375 0.018750 0.006250
0 0.242448 0.325625 0.014063 0.008750
0 0.252604 0.309750 0.019792 0.006000
0 0.271875 0.329750 0.009375 0.006500
0 0.271615 0.325875 0.021354 0.004250
0 0.272656 0.322000 0.019271 0.006500
0 0.214062 0.293875 0.015625 0.006750
0 0.190625 0.301875 0.013542 0.007750
0 0.153646 0.320750 0.012500 0.008500
0 0.155208 0.309500 0.015625 0.007500
0 0.155729 0.298375 0.012500 0.006250
0 0.152083 0.294625 0.012500 0.005750
0 0.139323 0.294125 0.010937 0.007250
0 0.131771 0.307125 0.017708 0.008250
0 0.050260 0.320625 0.023438 0.004750
0 0.031250 0.273750 0.018750 0.008000
0 0.036198 0.287625 0.008854 0.005750
0 0.031510 0.285750 0.010937 0.003000
0 0.103385 0.274250 0.011979 0.008500
0 0.513021 0.205000 0.017708 0.007000
0 0.386979 0.123875 0.014583 0.007750
0 0.360156 0.024375 0.017188 0.006750
0 0.712240 0.025375 0.016146 0.008750
0 0.317969 0.684375 0.013021 0.005250
0 0.320573 0.680250 0.014063 0.004500
0 0.377604 0.677125 0.014583 0.008750
