0 0.051625 0.330990 0.006250 0.017188
0 0.058875 0.365365 0.007750 0.008854
0 0.059250 0.427865 0.007000 0.011979
0 0.069875 0.500000 0.007250 0.015625
0 0.244875 0.870573 0.006750 0.013021
0 0.238875 0.883333 0.004750 0.006250
0 0.245875 0.935156 0.004750 0.009896
0 0.318875 0.864062 0.005750 0.007292
0 0.295625 0.839844 0.007750 0.009896
0 0.300750 0.846354 0.005000 0.007292
0 0.301750 0.840625 0.004000 0.008333
0 0.302250 0.835938 0.005000 0.010417
0 0.307500 0.836979 0.003500 0.012500
0 0.348875 0.828906 0.007250 0.013021
0 0.324250 0.855469 0.004500 0.008854
0 0.320000 0.857292 0.004500 0.010417
0 0.387750 0.835677 0.005500 0.014063
0 0.377750 0.832552 0.006000 0.007812
0 0.377625 0.840365 0.006750 0.008854
0 0.407375 0.840104 0.007750 0.010417
0 0.402625 0.822656 0.006250 0.013021
0 0.384500 0.805469 0.006000 0.013021
0 0.393750 0.745833 0.002000 0.010417
0 0.391750 0.744271 0.003500 0.013542
0 0.385375 0.738542 0.005250 0.015625
0 0.377875 0.742188 0.005750 0.008333
0 0.389625 0.731250 0.005750 0.009375
0 0.383750 0.728906 0.006500 0.008854
0 0.335125 0.761458 0.007750 0.009375
0 0.362875 0.751563 0.006250 0.013542
0 0.357500 0.750521 0.005000 0.015625
0 0.333250 0.754948 0.004000 0.005729
0 0.330625 0.751563 0.003750 0.007292
0 0.320000 0.720313 0.008000 0.015625
0 0.362625 0.700260 0.005250 0.010937
0 0.355125 0.708073 0.006250 0.014063
0 0.377000 0.703906 0.007000 0.009896
0 0.374000 0.716927 0.006500 0.009896
0 0.378750 0.721094 0.005000 0.011979
0 0.376250 0.734115 0.004000 0.011979
0 0.373500 0.730990 0.004500 0.014063
0 0.341500 0.685937 0.006000 0.012500
0 0.345375 0.677344 0.006250 0.014063
0 0.351375 0.666927 0.007250 0.009896
0 0.349500 0.648438 0.007000 0.015625
0 0.328250 0.655990 0.006500 0.013021
0 0.295125 0.673438 0.009750 0.008333
0 0.279250 0.709115 0.009000 0.008854
0 0.266750 0.709375 0.008500 0.010417
0 0.272250 0.664583 0.007000 0.013542
0 0.299500 0.636198 0.006000 0.014063
0 0.317125 0.650260 0.006250 0.014063
0 0.319125 0.638542 0.007250 0.010417
0 0.324625 0.648958 0.005250 0.009375
0 0.233750 0.742969 0.007500 0.006771
0 0.251125 0.712500 0.005250 0.011458
0 0.241875 0.720833 0.006250 0.010417
0 0.244125 0.714323 0.007750 0.010937
0 0.249250 0.695833 0.006500 0.007292
0 0.243125 0.689583 0.004750 0.015625
0 0.248750 0.651823 0.005500 0.016146
0 0.324875 0.600521 0.007750 0.011458
0 0.324250 0.584375 0.006500 0.008333
0 0.284250 0.604688 0.004000 0.006250
0 0.287000 0.608594 0.004000 0.014063
0 0.297625 0.584896 0.003250 0.013542
0 0.294875 0.582812 0.002250 0.010417
0 0.280875 0.553646 0.008750 0.013542
0 0.219000 0.685937 0.007500 0.013542
0 0.210625 0.674740 0.005250 0.014063
0 0.204500 0.670573 0.007000 0.010937
0 0.200000 0.650781 0.007500 0.013021
0 0.187000 0.594531 0.006000 0.013021
0 0.201500 0.543229 0.009000 0.010417
0 0.165250 0.556771 0.007000 0.016667
0 0.166500 0.535417 0.005500 0.013542
0 0.169625 0.509896 0.007250 0.011458
0 0.185500 0.470052 0.006000 0.011979
0 0.169000 0.458854 0.007500 0.011458
0 0.145000 0.451823 0.007000 0.006771
0 0.144500 0.446094 0.007500 0.005729
0 0.153375 0.439062 0.004750 0.014583
0 0.140125 0.409375 0.011250 0.014583
0 0.243750 0.519271 0.008500 0.014583
0 0.392500 0.671094 0.007000 0.009896
0 0.411750 0.659115 0.008500 0.013021
0 0.438500 0.689583 0.004000 0.015625
0 0.441125 0.668229 0.006750 0.011458
0 0.439625 0.651563 0.003250 0.011458
0 0.437125 0.618490 0.003250 0.016146
0 0.433875 0.584896 0.004250 0.015625
0 0.400000 0.591667 0.005500 0.012500
0 0.410375 0.582552 0.006750 0.009896
0 0.379625 0.557552 0.005750 0.017188
0 0.368625 0.555990 0.006250 0.009896
0 0.386750 0.524219 0.005000 0.014063
0 0.353125 0.488802 0.007750 0.010937
0 0.350375 0.464844 0.006750 0.016146
0 0.371500 0.438802 0.006500 0.013021
0 0.384250 0.425260 0.006000 0.010937
0 0.369375 0.392188 0.005250 0.018750
0 0.384000 0.388021 0.008000 0.010417
0 0.320375 0.347396 0.004750 0.015625
0 0.334375 0.358333 0.007250 0.010417
0 0.341250 0.341927 0.007000 0.016146
0 0.352500 0.274479 0.006500 0.010417
0 0.331625 0.273438 0.005750 0.018750
0 0.326125 0.222135 0.006250 0.017188
0 0.332875 0.162760 0.005750 0.018229
0 0.334125 0.140625 0.006750 0.017708
0 0.317000 0.103906 0.005000 0.014063
0 0.322500 0.102865 0.006000 0.017188
0 0.380125 0.120052 0.007750 0.011979
0 0.383875 0.160156 0.005250 0.018229
0 0.372750 0.182031 0.007000 0.019271
0 0.376500 0.214844 0.006500 0.007812
0 0.379000 0.226302 0.007000 0.015104
0 0.401625 0.284896 0.006250 0.010417
0 0.406125 0.290104 0.003250 0.006250
0 0.392250 0.301563 0.004500 0.007292
0 0.394125 0.311458 0.005750 0.011458
0 0.402875 0.316146 0.004250 0.011458
0 0.359000 0.314583 0.003000 0.014583
0 0.354875 0.316667 0.005750 0.014583
0 0.408750 0.376563 0.005500 0.015625
0 0.416875 0.379948 0.004250 0.015104
0 0.415125 0.358854 0.005250 0.013542
0 0.416625 0.346875 0.003750 0.015625
0 0.413125 0.345313 0.005750 0.012500
0 0.418375 0.391927 0.004750 0.010937
0 0.422625 0.408854 0.003250 0.011458
0 0.420000 0.416667 0.003000 0.013542
0 0.422625 0.419010 0.002750 0.007812
0 0.419875 0.432031 0.005250 0.009896
0 0.416125 0.440885 0.004750 0.014063
0 0.421125 0.442969 0.002750 0.014063
0 0.416125 0.454427 0.003250 0.015104
0 0.419125 0.455990 0.003750 0.013021
0 0.424625 0.450000 0.004750 0.012500
0 0.426500 0.461979 0.004500 0.013542
0 0.420250 0.467187 0.005500 0.006250
0 0.419250 0.475521 0.004500 0.013542
0 0.422250 0.476302 0.003500 0.011979
0 0.411625 0.495573 0.005250 0.011979
0 0.416125 0.517708 0.004750 0.016667
0 0.419750 0.508333 0.005000 0.012500
0 0.422750 0.505990 0.004000 0.014063
0 0.427750 0.502083 0.003500 0.012500
0 0.429875 0.519271 0.005250 0.010417
0 0.429250 0.527604 0.004500 0.014583
0 0.426875 0.532031 0.004750 0.014063
0 0.432500 0.542448 0.003500 0.013021
0 0.433875 0.554948 0.004250 0.013021
0 0.437250 0.558594 0.003500 0.011979
0 0.438500 0.567708 0.006500 0.009375
0 0.423750 0.490365 0.005500 0.007812
0 0.426125 0.483594 0.004250 0.009896
0 0.427750 0.481510 0.004500 0.010937
0 0.428750 0.491406 0.002500 0.008854
0 0.458875 0.697396 0.007250 0.009375
0 0.451375 0.684896 0.003750 0.016667
0 0.446500 0.677344 0.004000 0.015104
0 0.456625 0.658854 0.007250 0.008333
0 0.449000 0.658073 0.005000 0.006771
0 0.445875 0.647917 0.003250 0.014583
0 0.449250 0.639062 0.005000 0.014583
0 0.449625 0.652344 0.005250 0.007812
0 0.457750 0.617448 0.006000 0.015104
0 0.451125 0.623437 0.007750 0.010417
0 0.449125 0.607292 0.004250 0.015625
0 0.445875 0.603125 0.003250 0.014583
0 0.495250 0.574740 0.006500 0.010937
0 0.445250 0.533594 0.006000 0.007812
0 0.435125 0.489583 0.006250 0.010417
0 0.436875 0.465625 0.005250 0.011458
0 0.433000 0.463281 0.003500 0.017188
0 0.434750 0.448437 0.005000 0.008333
0 0.429500 0.434635 0.004500 0.008854
0 0.434250 0.430469 0.004000 0.007812
0 0.433000 0.403646 0.005000 0.011458
0 0.427625 0.406250 0.005750 0.010417
0 0.426625 0.397656 0.004250 0.006771
0 0.433250 0.393229 0.006000 0.008333
0 0.426125 0.389323 0.004750 0.011979
0 0.425125 0.380208 0.004750 0.009375
0 0.428625 0.379688 0.002750 0.013542
0 0.431875 0.380990 0.004250 0.015104
0 0.438125 0.373177 0.004250 0.011979
0 0.440250 0.354427 0.006000 0.011979
0 0.435625 0.364063 0.003750 0.015625
0 0.433625 0.354427 0.003250 0.014063
0 0.430375 0.357552 0.004750 0.011979
0 0.422500 0.318490 0.003500 0.010937
0 0.419250 0.316146 0.003500 0.011458
0 0.431750 0.261198 0.007500 0.010937
0 0.455875 0.235677 0.004250 0.014063
0 0.452750 0.164844 0.004500 0.016146
0 0.439875 0.074479 0.003750 0.013542
0 0.455875 0.063021 0.004750 0.016667
0 0.471750 0.067708 0.007500 0.012500
0 0.479000 0.100521 0.004000 0.010417
0 0.485500 0.144010 0.004000 0.009896
0 0.477250 0.134896 0.005000 0.010417
0 0.475500 0.273958 0.006500 0.008333
0 0.487875 0.308073 0.004250 0.016146
0 0.492500 0.359375 0.005000 0.011458
0 0.501250 0.318490 0.005500 0.013021
0 0.478875 0.347135 0.004250 0.010937
0 0.483375 0.332552 0.005750 0.010937
0 0.479875 0.338802 0.004750 0.007812
0 0.482375 0.347656 0.003750 0.004687
0 0.482125 0.342708 0.004250 0.006250
0 0.497625 0.420052 0.004750 0.007812
0 0.475250 0.399740 0.004500 0.009896
0 0.490875 0.448698 0.004250 0.010937
0 0.484125 0.489583 0.004750 0.016667
0 0.475375 0.488281 0.003250 0.014063
0 0.501125 0.645573 0.005750 0.011979
0 0.524250 0.472135 0.007500 0.013021
0 0.543875 0.526563 0.007250 0.008333
0 0.544625 0.516927 0.004750 0.014063
0 0.546875 0.514323 0.005250 0.010937
0 0.558125 0.462240 0.004750 0.008854
0 0.556375 0.467187 0.005250 0.010417
0 0.589750 0.384635 0.006500 0.007812
0 0.578125 0.355208 0.006250 0.010417
0 0.585000 0.310677 0.007500 0.014063
0 0.592000 0.170573 0.008500 0.013021
0 0.610875 0.098958 0.006250 0.009375
0 0.583750 0.064323 0.005500 0.016146
0 0.543500 0.225260 0.004500 0.011979
0 0.571875 0.198958 0.009250 0.014583
0 0.535625 0.782292 0.005750 0.009375
0 0.569500 0.663542 0.005000 0.012500
0 0.560000 0.650000 0.007000 0.008333
0 0.554500 0.620833 0.005000 0.010417
0 0.584875 0.669271 0.003750 0.014583
0 0.557250 0.978385 0.004000 0.009896
0 0.552375 0.981510 0.003250 0.011979
0 0.563750 0.984896 0.003500 0.008333
0 0.550125 0.932552 0.002750 0.007812
0 0.549375 0.925521 0.003250 0.005208
0 0.549375 0.920573 0.003750 0.004687
0 0.550375 0.953125 0.003250 0.007292
0 0.631500 0.840104 0.002500 0.008333
0 0.700375 0.312760 0.006750 0.008854
0 0.986000 0.654167 0.006500 0.011458
0 0.948500 0.514844 0.005000 0.013021
0 0.970875 0.496875 0.005250 0.011458
0 0.984750 0.486458 0.007000 0.012500
0 0.210250 0.583333 0.007500 0.011458
0 0.211625 0.577604 0.004750 0.013542
0 0.514000 0.124219 0.006500 0.010937
0 0.530125 0.097656 0.005750 0.011979
0 0.531000 0.087760 0.005500 0.009896
0 0.734000 0.058854 0.003000 0.009375
0 0.832875 0.272396 0.003250 0.007292
