0 0.177604 0.432250 0.011458 0.005500
0 0.196094 0.409500 0.009896 0.005500
0 0.196875 0.386000 0.009375 0.006000
0 0.181250 0.362250 0.004167 0.005500
0 0.185677 0.362500 0.004687 0.005500
0 0.155469 0.317125 0.011979 0.006750
0 0.272656 0.432500 0.008854 0.006500
0 0.310937 0.418500 0.012500 0.004500
0 0.327344 0.391500 0.005729 0.006500
0 0.331510 0.391500 0.005729 0.005500
0 0.298438 0.366250 0.009375 0.007000
0 0.327083 0.364125 0.010417 0.005750
0 0.293490 0.377750 0.008854 0.007000
0 0.300521 0.346000 0.007292 0.005500
0 0.313802 0.345125 0.008854 0.006250
0 0.312240 0.351125 0.008854 0.004750
0 0.304688 0.352125 0.009375 0.006750
0 0.339062 0.315625 0.007292 0.006750
0 0.357031 0.324125 0.006771 0.006250
0 0.352083 0.324375 0.004167 0.006750
0 0.348177 0.325500 0.005729 0.005500
0 0.343490 0.325500 0.004687 0.007500
0 0.446354 0.282250 0.008333 0.006500
0 0.439583 0.282000 0.006250 0.008500
0 0.341667 0.274875 0.005208 0.007750
0 0.336458 0.275875 0.006250 0.007750
0 0.827604 0.339750 0.008333 0.006500
0 0.852604 0.360125 0.007292 0.007250
0 0.863802 0.358500 0.014063 0.006000
0 0.801562 0.386625 0.013542 0.004750
0 0.772917 0.364125 0.008333 0.005750
0 0.779687 0.363875 0.006250 0.006250
0 0.794531 0.368000 0.008854 0.004000
0 0.791406 0.366625 0.013021 0.005750
0 0.729948 0.372875 0.009896 0.005750
0 0.734896 0.378625 0.012500 0.004750
0 0.770573 0.383625 0.010937 0.003250
0 0.771875 0.380500 0.014583 0.003500
0 0.779948 0.382250 0.006771 0.005000
0 0.658073 0.395250 0.010937 0.006000
0 0.672396 0.403375 0.015625 0.003750
0 0.690104 0.398125 0.011458 0.005250
0 0.685677 0.393000 0.013021 0.006000
0 0.714063 0.414875 0.011458 0.005250
0 0.692969 0.413000 0.014063 0.004500
0 0.604688 0.402750 0.009375 0.006500
0 0.635938 0.399875 0.009375 0.006750
0 0.631510 0.395875 0.008854 0.006250
0 0.623177 0.396750 0.007812 0.005000
0 0.619792 0.393500 0.011458 0.005000
0 0.642448 0.420500 0.011979 0.005000
0 0.580469 0.421750 0.013021 0.006000
0 0.552344 0.413625 0.014063 0.003750
0 0.559635 0.424125 0.008854 0.005750
0 0.551042 0.421125 0.013542 0.003250
0 0.607031 0.424125 0.009896 0.003250
0 0.611458 0.427750 0.013542 0.003000
0 0.492969 0.437250 0.015104 0.004500
0 0.472656 0.440250 0.008854 0.005000
0 0.475260 0.446250 0.015104 0.003500
0 0.423958 0.457250 0.015625 0.006000
0 0.500260 0.443750 0.009896 0.004000
0 0.501563 0.442500 0.012500 0.003000
0 0.331510 0.468750 0.010937 0.004500
0 0.351302 0.477125 0.008854 0.005250
0 0.339323 0.479875 0.010937 0.004750
0 0.375260 0.467000 0.010937 0.005000
0 0.298177 0.503750 0.008854 0.004500
0 0.310417 0.506625 0.013542 0.003250
0 0.337760 0.505250 0.009896 0.003000
0 0.415104 0.503250 0.011458 0.004000
0 0.446094 0.503750 0.011979 0.004500
0 0.492969 0.502375 0.010937 0.003750
0 0.536719 0.498250 0.009896 0.005000
0 0.545573 0.497250 0.007812 0.006500
0 0.559896 0.502125 0.013542 0.002750
0 0.573698 0.500875 0.010937 0.003750
0 0.563802 0.499625 0.009896 0.002750
0 0.560417 0.497250 0.010417 0.003500
0 0.571615 0.496875 0.013021 0.005250
0 0.638021 0.497125 0.008333 0.003250
0 0.635677 0.495500 0.009896 0.004000
0 0.777083 0.512375 0.013542 0.005250
0 0.794010 0.512000 0.014063 0.004500
0 0.795052 0.508500 0.010937 0.004000
0 0.804948 0.507500 0.010937 0.004500
0 0.821354 0.508000 0.008333 0.005500
0 0.831771 0.495500 0.011458 0.006000
0 0.845833 0.507375 0.007292 0.004750
0 0.865885 0.500500 0.014063 0.004500
0 0.916406 0.508250 0.014063 0.005000
0 0.306250 0.518250 0.012500 0.003500
0 0.297135 0.520000 0.013021 0.003500
0 0.290365 0.527250 0.009896 0.004000
0 0.316146 0.534250 0.010417 0.004500
0 0.340365 0.539375 0.010937 0.006250
0 0.332813 0.549375 0.014583 0.004250
0 0.362500 0.545250 0.007292 0.006000
0 0.372396 0.547500 0.006250 0.006500
0 0.388021 0.552500 0.010417 0.006000
0 0.359635 0.554500 0.013021 0.004500
0 0.390365 0.563250 0.011979 0.005500
0 0.438542 0.566000 0.009375 0.006500
0 0.485417 0.563500 0.013542 0.005000
0 0.460156 0.574125 0.010937 0.005750
0 0.563281 0.602875 0.013021 0.005250
0 0.646875 0.596000 0.012500 0.004500
0 0.657813 0.606750 0.012500 0.006000
0 0.660677 0.623875 0.013021 0.006250
0 0.629427 0.621750 0.010937 0.004500
0 0.634896 0.620000 0.009375 0.004500
0 0.677865 0.635250 0.010937 0.004500
0 0.678125 0.631875 0.014583 0.003250
0 0.722656 0.646125 0.011979 0.004750
0 0.705208 0.642625 0.010417 0.004750
0 0.703385 0.639375 0.010937 0.003250
0 0.702083 0.636250 0.010417 0.004000
0 0.711979 0.654250 0.011458 0.005500
0 0.753125 0.658625 0.012500 0.004750
0 0.776563 0.640750 0.010417 0.006000
0 0.777604 0.665750 0.008333 0.003500
0 0.784375 0.663875 0.011458 0.002750
0 0.774479 0.662000 0.011458 0.004000
0 0.776563 0.658000 0.009375 0.004000
0 0.827604 0.646750 0.011458 0.005500
0 0.895312 0.633875 0.011458 0.005750
0 0.821354 0.689375 0.014583 0.005750
0 0.807292 0.670500 0.011458 0.003000
0 0.807031 0.667500 0.011979 0.003000
0 0.300521 0.568250 0.011458 0.004000
0 0.280469 0.579000 0.009896 0.006500
0 0.313542 0.583000 0.008333 0.003500
0 0.319271 0.586375 0.008333 0.004750
0 0.328646 0.608375 0.010417 0.004250
0 0.335156 0.615000 0.011979 0.004000
0 0.361458 0.621125 0.010417 0.005250
0 0.352865 0.628375 0.011979 0.005250
0 0.379167 0.630750 0.009375 0.005000
0 0.379948 0.635625 0.004687 0.005750
0 0.376042 0.633250 0.004167 0.005000
0 0.388021 0.637625 0.008333 0.004250
0 0.394271 0.634500 0.007292 0.005500
0 0.397135 0.631250 0.006771 0.005000
0 0.416927 0.633000 0.009896 0.003000
0 0.396615 0.646500 0.007812 0.006000
0 0.405990 0.653375 0.008854 0.005250
0 0.396354 0.662875 0.009375 0.006250
0 0.433854 0.656375 0.009375 0.004750
0 0.440885 0.658000 0.006771 0.005500
0 0.478646 0.662750 0.012500 0.006000
0 0.445312 0.667250 0.008333 0.006000
0 0.439583 0.667625 0.007292 0.006250
0 0.434375 0.673500 0.010417 0.005500
0 0.457292 0.687750 0.006250 0.004500
0 0.453385 0.687250 0.007812 0.005500
0 0.463542 0.693625 0.009375 0.004750
0 0.470833 0.694375 0.004167 0.006250
0 0.475260 0.694125 0.005729 0.004250
0 0.512500 0.679625 0.008333 0.005250
0 0.532813 0.684875 0.010417 0.003250
0 0.447917 0.702250 0.009375 0.004000
0 0.453906 0.706000 0.011979 0.003000
0 0.482031 0.708750 0.006771 0.006000
0 0.464062 0.713625 0.008333 0.003750
0 0.466146 0.712250 0.009375 0.004000
0 0.495052 0.707750 0.004687 0.004500
0 0.490625 0.708250 0.005208 0.006500
0 0.487500 0.715375 0.004167 0.004250
0 0.491406 0.715500 0.005729 0.005500
0 0.500781 0.715125 0.008854 0.002750
0 0.504948 0.713375 0.005729 0.006250
0 0.512500 0.714500 0.010417 0.004000
0 0.229427 0.571500 0.005729 0.005000
0 0.180469 0.599000 0.007812 0.006500
0 0.156510 0.608250 0.007812 0.006000
0 0.132292 0.609625 0.009375 0.005750
0 0.188021 0.785625 0.010417 0.007750
0 0.197656 0.769000 0.006771 0.005500
0 0.196875 0.762125 0.009375 0.006250
0 0.177865 0.743500 0.006771 0.006000
0 0.194792 0.745750 0.006250 0.005500
0 0.202604 0.746250 0.006250 0.006000
0 0.199740 0.735125 0.008854 0.006250
0 0.164323 0.702625 0.009896 0.005750
0 0.205469 0.712875 0.005729 0.005750
0 0.204167 0.707750 0.005208 0.004500
0 0.207031 0.700500 0.007812 0.006500
0 0.183854 0.678125 0.007292 0.005750
0 0.188021 0.677750 0.005208 0.005000
0 0.187500 0.672625 0.007292 0.005250
0 0.182292 0.669500 0.006250 0.005000
0 0.206510 0.644375 0.007812 0.005250
0 0.207031 0.656000 0.006771 0.006000
0 0.154427 0.663500 0.005729 0.005500
0 0.161719 0.661125 0.009896 0.002750
0 0.161979 0.658875 0.010417 0.002250
0 0.166667 0.655375 0.011458 0.004750
0 0.174740 0.647750 0.007812 0.006000
0 0.194531 0.639625 0.008854 0.005750
0 0.207292 0.633375 0.006250 0.005750
0 0.218490 0.630625 0.007812 0.003250
0 0.219792 0.626625 0.004167 0.004750
0 0.213542 0.624000 0.004167 0.005500
0 0.217969 0.618250 0.005729 0.005500
0 0.211719 0.618750 0.006771 0.006500
0 0.209635 0.624375 0.004687 0.003750
0 0.217448 0.602250 0.005729 0.003500
0 0.222656 0.602500 0.004687 0.003000
0 0.700781 0.707750 0.008854 0.005000
0 0.693229 0.699125 0.010417 0.006250
0 0.652604 0.795625 0.011458 0.002750
0 0.651302 0.793375 0.010937 0.002250
0 0.802344 0.908625 0.011979 0.004750
0 0.911458 0.929000 0.012500 0.006500
0 0.690885 0.982500 0.007812 0.006000
0 0.743490 0.611125 0.008854 0.006250
