0 0.410000 0.707292 0.008000 0.011458
0 0.304500 0.791146 0.008000 0.014583
0 0.448625 0.587760 0.007750 0.013021
0 0.439000 0.593229 0.006000 0.011458
0 0.460500 0.541667 0.006000 0.014583
0 0.453500 0.525260 0.004500 0.015104
0 0.466000 0.483073 0.004500 0.017188
0 0.449750 0.484896 0.004500 0.015625
0 0.448250 0.484375 0.004000 0.013542
0 0.477625 0.396875 0.002750 0.016667
0 0.475750 0.396875 0.003000 0.013542
0 0.533625 0.361719 0.005250 0.021354
0 0.532750 0.403906 0.003500 0.014063
0 0.535125 0.402865 0.004750 0.015104
0 0.544000 0.432292 0.005000 0.019792
0 0.547875 0.491927 0.007250 0.013021
0 0.550750 0.481250 0.002500 0.013542
0 0.548625 0.480729 0.002750 0.013542
0 0.541875 0.553125 0.004750 0.014583
0 0.681500 0.305469 0.007500 0.015104
0 0.824000 0.484375 0.005500 0.017708
