0 0.247135 0.639375 0.043229 0.015250
0 0.253385 0.636500 0.028646 0.013500
0 0.334896 0.693000 0.028125 0.012500
0 0.303125 0.737875 0.014583 0.009750
0 0.298698 0.736000 0.021354 0.012500
0 0.336198 0.692500 0.019271 0.012500
0 0.500781 0.674750 0.029687 0.014000
0 0.500521 0.676375 0.027083 0.011750
0 0.510417 0.700625 0.016667 0.014750
0 0.534635 0.707625 0.018229 0.010250
0 0.540365 0.708500 0.027604 0.012000
0 0.551302 0.716375 0.019271 0.010250
0 0.600260 0.741000 0.022396 0.012000
0 0.598437 0.739875 0.026042 0.008750
0 0.776302 0.646500 0.019271 0.012000
0 0.770833 0.643000 0.023958 0.020000
0 0.709635 0.618125 0.023438 0.009750
0 0.330990 0.520875 0.020313 0.009750
0 0.343750 0.533500 0.014583 0.012000
0 0.355208 0.522750 0.018750 0.012500
0 0.505208 0.360250 0.020833 0.012500
0 0.535156 0.363375 0.019271 0.009750
