0 0.196354 0.332000 0.013542 0.004500
0 0.167969 0.350750 0.007812 0.004500
0 0.284115 0.287625 0.007812 0.005750
0 0.310677 0.304000 0.009896 0.006000
0 0.561458 0.478250 0.008333 0.004000
0 0.557813 0.475250 0.011458 0.003500
0 0.485677 0.509250 0.010937 0.006500
0 0.386458 0.603500 0.012500 0.004500
0 0.320052 0.628875 0.007812 0.004750
0 0.317969 0.626625 0.011979 0.003750
0 0.323698 0.659750 0.014063 0.004500
0 0.383333 0.618625 0.006250 0.005250
0 0.376823 0.618750 0.006771 0.007000
0 0.713542 0.501125 0.005208 0.005750
0 0.709635 0.500875 0.005729 0.005750
0 0.750260 0.534125 0.008854 0.006250
0 0.753125 0.528750 0.005208 0.003500
0 0.749479 0.528500 0.008333 0.005000
0 0.800781 0.553375 0.013021 0.004750
0 0.771094 0.561625 0.005729 0.005250
0 0.777083 0.561250 0.007292 0.007000
0 0.746615 0.580750 0.015104 0.005000
0 0.780469 0.589750 0.010937 0.004000
0 0.790365 0.593875 0.015104 0.004750
0 0.800781 0.604250 0.013021 0.004500
0 0.859115 0.632625 0.015104 0.007250
0 0.906510 0.695250 0.008854 0.003000
0 0.907031 0.698250 0.013021 0.004500
