0 0.225000 0.347125 0.015625 0.008750
0 0.357812 0.429625 0.015625 0.007750
0 0.335938 0.433750 0.011458 0.008500
0 0.385417 0.389125 0.010417 0.009250
0 0.419010 0.390500 0.009896 0.007500
0 0.410156 0.383000 0.018229 0.007500
0 0.431771 0.337125 0.012500 0.009750
0 0.423698 0.302250 0.017188 0.006500
0 0.573177 0.303500 0.014063 0.009500
0 0.511719 0.274875 0.020313 0.009250
0 0.489844 0.464625 0.016146 0.005750
0 0.474479 0.444125 0.012500 0.008250
0 0.430990 0.437875 0.013021 0.006750
0 0.426823 0.481000 0.011979 0.005000
0 0.512240 0.400500 0.019271 0.007000
0 0.572656 0.407875 0.014063 0.008750
0 0.537500 0.442625 0.014583 0.007250
0 0.619531 0.412000 0.010937 0.008000
0 0.633594 0.410250 0.018229 0.006500
0 0.679167 0.395250 0.017708 0.006500
0 0.704688 0.390125 0.020833 0.005750
0 0.712760 0.396625 0.018229 0.007250
0 0.747917 0.387250 0.016667 0.004500
0 0.754427 0.374875 0.021354 0.009250
0 0.653646 0.391750 0.018750 0.005500
0 0.655469 0.385125 0.008854 0.008750
0 0.663802 0.386125 0.007812 0.009250
0 0.673698 0.386875 0.014063 0.006750
0 0.692448 0.380500 0.018229 0.005500
0 0.669010 0.363875 0.016146 0.008250
0 0.691927 0.357375 0.011979 0.008750
0 0.685937 0.365375 0.015625 0.005250
0 0.693490 0.369500 0.007812 0.007500
0 0.707292 0.370375 0.015625 0.007250
0 0.721615 0.367375 0.023438 0.006750
0 0.724740 0.381000 0.019271 0.008500
0 0.843750 0.367375 0.018750 0.006750
0 0.857292 0.348375 0.018750 0.010250
0 0.781771 0.340875 0.016667 0.008250
0 0.910677 0.351500 0.014063 0.010000
0 0.960938 0.344125 0.011458 0.009250
0 0.916667 0.390000 0.012500 0.007000
0 0.938281 0.380875 0.016146 0.006750
0 0.829427 0.404750 0.010937 0.005000
0 0.818750 0.405000 0.014583 0.008000
0 0.804427 0.405250 0.011979 0.006000
0 0.754948 0.411875 0.019271 0.009250
0 0.739062 0.415125 0.012500 0.005750
0 0.568229 0.436625 0.014583 0.009750
0 0.580990 0.434875 0.011979 0.008750
0 0.597917 0.433875 0.020833 0.007250
0 0.643229 0.436125 0.013542 0.007250
0 0.398698 0.541500 0.015104 0.006000
0 0.489844 0.565125 0.014063 0.005750
0 0.524740 0.575500 0.013021 0.007500
0 0.572396 0.563000 0.019792 0.012000
0 0.574219 0.577875 0.017188 0.005750
0 0.575000 0.587250 0.008333 0.004500
0 0.584635 0.587625 0.010937 0.006750
0 0.617448 0.584000 0.018229 0.006500
0 0.647917 0.582875 0.031250 0.009250
0 0.672135 0.563375 0.011979 0.008750
0 0.618490 0.564000 0.017188 0.004500
0 0.619271 0.567625 0.020833 0.004750
0 0.780208 0.538625 0.014583 0.008750
0 0.933333 0.538875 0.013542 0.006750
0 0.982292 0.596500 0.016667 0.006500
0 0.970833 0.613125 0.020833 0.008250
0 0.889062 0.610250 0.020833 0.005500
0 0.796615 0.603125 0.019271 0.004750
0 0.298177 0.663125 0.015104 0.007750
0 0.409635 0.649750 0.013021 0.006000
0 0.425521 0.650000 0.012500 0.009000
0 0.497396 0.656250 0.010417 0.011000
0 0.465885 0.661875 0.022396 0.007250
0 0.470573 0.670375 0.010937 0.008750
0 0.486979 0.676125 0.016667 0.007250
0 0.518750 0.684000 0.013542 0.007500
0 0.526823 0.696000 0.009896 0.005500
0 0.566406 0.698875 0.017188 0.007750
0 0.543229 0.675500 0.013542 0.009000
0 0.529948 0.671250 0.011979 0.009000
0 0.592448 0.674000 0.017188 0.013500
0 0.550521 0.716000 0.014583 0.008500
0 0.516927 0.706750 0.014063 0.010000
0 0.584896 0.729125 0.011458 0.006250
0 0.562240 0.706500 0.017188 0.008500
0 0.629687 0.705625 0.015625 0.005750
0 0.589063 0.707250 0.017708 0.005500
0 0.584896 0.713125 0.013542 0.007250
0 0.596875 0.712000 0.008333 0.009500
0 0.700521 0.694375 0.013542 0.010250
0 0.676823 0.682000 0.009896 0.008500
0 0.624219 0.696750 0.013021 0.008500
0 0.634375 0.698000 0.007292 0.010000
0 0.641667 0.696000 0.008333 0.008500
0 0.647656 0.694375 0.010937 0.009750
0 0.663802 0.695750 0.019271 0.009000
0 0.665104 0.689125 0.021875 0.005250
0 0.719531 0.710625 0.011979 0.009250
0 0.732031 0.718000 0.011979 0.010000
0 0.720833 0.733625 0.013542 0.009250
0 0.739062 0.733625 0.015625 0.009750
0 0.691146 0.752875 0.010417 0.009750
0 0.704948 0.753875 0.016146 0.009250
0 0.746875 0.746125 0.006250 0.010250
0 0.755990 0.748000 0.008854 0.009500
0 0.766927 0.749625 0.013021 0.009250
0 0.788281 0.788125 0.013021 0.004750
0 0.667969 0.833875 0.019271 0.007250
0 0.739062 0.802375 0.011458 0.006250
0 0.266406 0.592500 0.010937 0.008500
0 0.198437 0.708125 0.012500 0.007250
0 0.238542 0.724875 0.017708 0.005750
0 0.263021 0.713875 0.014583 0.010250
0 0.277865 0.702125 0.015104 0.011750
0 0.348438 0.718000 0.013542 0.007000
0 0.316146 0.763125 0.018750 0.005750
0 0.351562 0.810625 0.022917 0.006250
0 0.350000 0.821375 0.017708 0.010750
0 0.305469 0.829875 0.009896 0.010750
0 0.316146 0.831000 0.009375 0.006500
0 0.323177 0.834125 0.011979 0.008250
0 0.318750 0.813375 0.010417 0.007750
0 0.368229 0.800125 0.017708 0.009750
0 0.346094 0.873500 0.031771 0.009000
0 0.796875 0.676250 0.014583 0.006000
0 0.871875 0.685125 0.016667 0.007250
0 0.951823 0.699250 0.010937 0.005000
0 0.971615 0.694125 0.014063 0.006250
0 0.789844 0.613500 0.018229 0.007500
0 0.698698 0.513250 0.016146 0.006000
0 0.742708 0.464500 0.015625 0.004500
0 0.696875 0.424375 0.013542 0.006750
0 0.495312 0.349750 0.012500 0.006500
