0 0.170573 0.802000 0.016146 0.008000
0 0.186458 0.742875 0.012500 0.006250
0 0.178646 0.776125 0.011458 0.008250
0 0.240885 0.738125 0.013021 0.005750
0 0.258854 0.734250 0.011458 0.005500
0 0.151302 0.770375 0.016146 0.008750
0 0.248438 0.586625 0.018750 0.008250
0 0.384115 0.503750 0.015104 0.004500
0 0.438281 0.482125 0.016146 0.007250
0 0.436719 0.495250 0.016146 0.005500
0 0.510417 0.539875 0.010417 0.007750
0 0.925521 0.588875 0.007292 0.009250
0 0.453125 0.624625 0.009375 0.007750
0 0.547656 0.653125 0.013021 0.005750
0 0.799479 0.435375 0.011458 0.006750
0 0.858854 0.450375 0.015625 0.007750
0 0.660937 0.446750 0.015625 0.006000
0 0.485156 0.305875 0.013021 0.006750
0 0.186458 0.356500 0.012500 0.005500
0 0.152344 0.389500 0.018229 0.004000
0 0.320833 0.111125 0.010417 0.009250
0 0.422656 0.152500 0.015104 0.008000
0 0.754427 0.109000 0.015104 0.006000
0 0.810677 0.034125 0.014063 0.011250
0 0.656510 0.179125 0.015104 0.006750
0 0.567187 0.173375 0.012500 0.008250
0 0.494792 0.220000 0.013542 0.006000
0 0.467708 0.225625 0.014583 0.009250
0 0.345833 0.194250 0.010417 0.005500
0 0.340365 0.232875 0.013021 0.006250
0 0.374740 0.427750 0.016146 0.006000
0 0.684115 0.113000 0.019271 0.010000
0 0.070052 0.307000 0.015104 0.006000
