0 0.198177 0.547375 0.008854 0.007250
0 0.168490 0.546125 0.011979 0.006250
0 0.145052 0.538625 0.016146 0.004250
0 0.183854 0.524875 0.009375 0.008750
0 0.196875 0.523750 0.014583 0.006500
0 0.207031 0.517125 0.010937 0.004250
0 0.217448 0.520000 0.011979 0.004500
0 0.164323 0.521250 0.017188 0.004000
0 0.152865 0.517250 0.007812 0.007500
0 0.146354 0.520500 0.009375 0.007500
0 0.094792 0.534375 0.010417 0.006250
0 0.106771 0.533500 0.016667 0.004000
0 0.090625 0.507125 0.017708 0.005750
0 0.095312 0.502625 0.011458 0.006250
0 0.107812 0.501500 0.011458 0.008500
0 0.127865 0.503250 0.009896 0.007000
0 0.060937 0.506875 0.012500 0.007250
0 0.051302 0.506500 0.008854 0.006500
0 0.031250 0.497500 0.013542 0.007000
0 0.064062 0.496250 0.010417 0.006000
0 0.062500 0.487750 0.011458 0.006500
0 0.067969 0.483875 0.018229 0.004250
0 0.059635 0.477625 0.017188 0.005750
0 0.042708 0.426500 0.013542 0.004000
0 0.043229 0.424250 0.010417 0.003000
0 0.156510 0.465000 0.009896 0.007500
0 0.153646 0.468625 0.008333 0.005250
0 0.133333 0.463625 0.011458 0.003250
0 0.119792 0.467625 0.007292 0.006750
0 0.115885 0.466750 0.006771 0.006000
0 0.128385 0.472375 0.009896 0.005250
0 0.127865 0.468000 0.006771 0.006500
0 0.140104 0.476625 0.012500 0.004250
0 0.151042 0.475000 0.010417 0.004500
0 0.158073 0.476625 0.006771 0.006750
0 0.147917 0.471250 0.013542 0.004500
0 0.138802 0.471375 0.005729 0.005250
0 0.158333 0.482875 0.007292 0.006250
0 0.163542 0.490750 0.014583 0.003500
0 0.169010 0.488250 0.015104 0.004000
0 0.171615 0.493750 0.013021 0.004000
0 0.192969 0.490125 0.010937 0.008250
0 0.216146 0.499500 0.014583 0.006000
0 0.223177 0.511625 0.014063 0.003750
0 0.223437 0.515250 0.011458 0.002500
0 0.225000 0.517000 0.008333 0.002500
0 0.380729 0.531625 0.009375 0.006750
0 0.392708 0.522875 0.007292 0.004750
0 0.395833 0.520875 0.008333 0.006250
0 0.383333 0.507500 0.011458 0.004500
0 0.393229 0.502625 0.010417 0.008250
0 0.367448 0.511750 0.010937 0.008000
0 0.292187 0.464875 0.008333 0.005750
0 0.306510 0.461750 0.010937 0.007000
0 0.321094 0.460875 0.009896 0.005750
0 0.302083 0.454250 0.011458 0.006500
0 0.287500 0.457625 0.007292 0.006750
0 0.293490 0.453625 0.007812 0.006750
0 0.295312 0.447875 0.011458 0.005750
0 0.288802 0.450250 0.006771 0.005000
0 0.284896 0.449125 0.009375 0.006750
0 0.305208 0.443750 0.014583 0.006000
0 0.316406 0.442750 0.006771 0.007500
0 0.310937 0.433125 0.011458 0.005750
0 0.292187 0.439250 0.011458 0.008500
0 0.249219 0.415625 0.018229 0.004250
0 0.282292 0.407750 0.011458 0.007000
0 0.287760 0.407000 0.007812 0.006500
0 0.266667 0.392750 0.018750 0.004500
0 0.253646 0.400375 0.016667 0.005750
0 0.246615 0.386500 0.015104 0.007500
0 0.230729 0.387375 0.012500 0.006250
0 0.204687 0.387875 0.017708 0.006750
0 0.251563 0.369750 0.010417 0.008000
0 0.260677 0.368250 0.008854 0.007500
0 0.213542 0.365875 0.016667 0.005250
0 0.243229 0.345625 0.016667 0.005750
0 0.276042 0.331250 0.012500 0.005500
0 0.298177 0.355000 0.010937 0.006500
0 0.358854 0.456750 0.012500 0.005500
0 0.360677 0.455125 0.007812 0.004250
0 0.357552 0.438250 0.010937 0.005000
0 0.333333 0.431875 0.011458 0.004250
0 0.335417 0.430375 0.010417 0.004750
0 0.372396 0.418875 0.013542 0.004250
0 0.364063 0.404375 0.011458 0.008250
0 0.521615 0.531500 0.013021 0.005500
0 0.533594 0.527750 0.009896 0.007000
0 0.549740 0.515500 0.010937 0.007000
0 0.552865 0.514250 0.008854 0.005000
0 0.574219 0.487000 0.007812 0.006500
0 0.581510 0.465750 0.007812 0.007000
0 0.564323 0.462375 0.015104 0.005750
0 0.668750 0.405125 0.010417 0.007750
0 0.650521 0.425875 0.012500 0.005250
0 0.658333 0.416125 0.011458 0.005750
0 0.660937 0.414250 0.011458 0.004500
0 0.611979 0.398250 0.012500 0.004000
0 0.613542 0.396125 0.011458 0.003250
0 0.619271 0.389500 0.015625 0.004500
0 0.689583 0.370375 0.014583 0.003250
0 0.689323 0.367750 0.011979 0.003000
0 0.688281 0.355250 0.011979 0.004500
0 0.686979 0.353375 0.012500 0.004750
0 0.683854 0.350375 0.009375 0.002750
0 0.685937 0.348875 0.013542 0.003750
0 0.837240 0.313625 0.014063 0.004750
0 0.841406 0.305250 0.014063 0.004500
0 0.810677 0.308125 0.011979 0.007750
0 0.777604 0.308125 0.011458 0.002750
0 0.778646 0.306125 0.014583 0.003250
0 0.776823 0.312625 0.013021 0.005250
0 0.765625 0.313000 0.010417 0.002500
0 0.766146 0.310500 0.012500 0.003000
0 0.829948 0.397500 0.010937 0.006000
0 0.756771 0.411250 0.006250 0.005500
0 0.750521 0.411125 0.009375 0.007250
0 0.737500 0.425500 0.009375 0.007500
0 0.746354 0.431625 0.015625 0.004250
0 0.709115 0.422375 0.010937 0.004750
0 0.703125 0.423625 0.004167 0.005750
0 0.697917 0.423625 0.006250 0.007250
0 0.666146 0.452250 0.008333 0.005000
0 0.676042 0.452875 0.012500 0.003750
0 0.679427 0.449500 0.005729 0.006000
0 0.685677 0.448875 0.005729 0.008250
0 0.672656 0.460375 0.011979 0.006750
0 0.649740 0.483125 0.011979 0.004750
0 0.608333 0.495875 0.009375 0.008250
0 0.626302 0.607125 0.013021 0.004250
0 0.638802 0.594375 0.010937 0.004750
0 0.636458 0.590125 0.011458 0.003750
0 0.649740 0.585875 0.008854 0.004250
0 0.647135 0.584125 0.007812 0.004250
0 0.660156 0.587625 0.006771 0.005250
0 0.674740 0.590375 0.008854 0.005250
0 0.689583 0.590625 0.007292 0.003250
0 0.685937 0.589625 0.006250 0.002750
0 0.636979 0.650000 0.008333 0.003500
0 0.634635 0.645875 0.011979 0.005250
0 0.659375 0.648750 0.009375 0.006000
0 0.654948 0.640750 0.007812 0.005500
0 0.658073 0.660125 0.007812 0.005750
0 0.660156 0.658750 0.009896 0.005000
0 0.708073 0.638500 0.007812 0.006000
0 0.738542 0.657500 0.010417 0.006500
0 0.786198 0.640250 0.011979 0.005500
0 0.801302 0.641000 0.008854 0.005500
0 0.962240 0.630625 0.010937 0.006250
0 0.698958 0.691375 0.013542 0.004750
0 0.671354 0.693625 0.009375 0.003750
