0 0.768000 0.266146 0.010000 0.021875
0 0.719000 0.248698 0.009500 0.017188
0 0.735625 0.310937 0.010750 0.022917
0 0.694750 0.348958 0.006500 0.018750
0 0.620500 0.424479 0.015000 0.020833
0 0.681500 0.438802 0.009000 0.022396
0 0.656750 0.480469 0.009500 0.022396
0 0.669125 0.471094 0.008750 0.017188
0 0.659250 0.505990 0.011000 0.013021
0 0.663375 0.513021 0.008250 0.019792
0 0.669375 0.514062 0.007250 0.023958
0 0.639750 0.524479 0.010000 0.021875
0 0.635000 0.566146 0.010500 0.021875
0 0.607250 0.577083 0.010500 0.022917
0 0.611375 0.562760 0.012250 0.024479
0 0.522500 0.565365 0.008000 0.016146
0 0.520375 0.541667 0.008750 0.019792
0 0.535500 0.541146 0.009500 0.020833
0 0.532625 0.574740 0.013250 0.023438
0 0.519375 0.630208 0.011750 0.025000
0 0.497000 0.636198 0.010000 0.018229
0 0.479750 0.507031 0.012000 0.028646
0 0.514625 0.509375 0.007750 0.017708
0 0.512750 0.487500 0.009500 0.019792
0 0.497250 0.478906 0.010500 0.025521
0 0.487500 0.484375 0.008000 0.020833
0 0.484750 0.434375 0.010000 0.020833
0 0.480625 0.403385 0.016250 0.039062
0 0.482250 0.405729 0.012500 0.030208
0 0.462375 0.423698 0.016250 0.038021
0 0.463125 0.425521 0.011250 0.030208
0 0.432250 0.460417 0.007000 0.020833
0 0.433375 0.417969 0.007250 0.028646
0 0.441375 0.414323 0.007750 0.022396
0 0.454375 0.366406 0.008250 0.020313
0 0.426750 0.358333 0.009500 0.022917
0 0.433625 0.320573 0.009750 0.022396
0 0.420375 0.293490 0.008750 0.023438
0 0.383875 0.281510 0.010750 0.024479
0 0.390875 0.806250 0.009750 0.016667
0 0.377000 0.755990 0.011000 0.024479
0 0.390625 0.765104 0.009250 0.026042
0 0.432250 0.760938 0.007000 0.020833
0 0.459500 0.725521 0.009500 0.019792
0 0.440125 0.720313 0.011750 0.020833
0 0.400625 0.714063 0.008250 0.019792
0 0.373750 0.707292 0.014500 0.021875
0 0.357125 0.676562 0.007250 0.016667
0 0.288375 0.669010 0.009250 0.017188
0 0.309250 0.670573 0.010000 0.016146
