0 0.484500 0.763802 0.006500 0.006771
0 0.264500 0.665365 0.008500 0.011979
0 0.278500 0.086198 0.007000 0.015104
0 0.308500 0.039583 0.005000 0.014583
0 0.291500 0.020833 0.007000 0.007292
0 0.293500 0.030469 0.006500 0.014063
0 0.293875 0.196615 0.008250 0.009896
0 0.321750 0.192188 0.008500 0.015625
0 0.323625 0.246615 0.008750 0.011979
0 0.322250 0.254427 0.006500 0.011979
0 0.361125 0.301823 0.007750 0.008854
0 0.361500 0.308594 0.007000 0.006771
0 0.366500 0.322396 0.007500 0.013542
0 0.372375 0.350260 0.009250 0.015104
0 0.384750 0.346094 0.007500 0.016146
0 0.409000 0.327865 0.008000 0.010937
0 0.387125 0.276302 0.003750 0.015104
0 0.382375 0.257552 0.005250 0.017188
0 0.403750 0.238542 0.005000 0.012500
0 0.419875 0.162240 0.007250 0.011979
0 0.404500 0.382812 0.005500 0.011458
0 0.408875 0.395313 0.009250 0.011458
0 0.450000 0.461719 0.008000 0.015104
0 0.456000 0.542188 0.008000 0.017708
0 0.480375 0.530990 0.005750 0.015104
0 0.476375 0.518490 0.006250 0.009896
0 0.480625 0.510677 0.005250 0.015104
0 0.504000 0.560156 0.006000 0.014063
0 0.509125 0.599219 0.005750 0.014063
0 0.522125 0.417708 0.007250 0.009375
0 0.544750 0.381510 0.006000 0.014063
0 0.513000 0.079427 0.008500 0.024479
0 0.681125 0.051562 0.006250 0.013542
0 0.692875 0.105729 0.008750 0.009375
0 0.677375 0.102865 0.005750 0.016146
0 0.680875 0.121354 0.007250 0.010417
0 0.708375 0.083594 0.007250 0.011979
0 0.715750 0.080990 0.006500 0.013021
0 0.715500 0.251042 0.004500 0.009375
0 0.656500 0.426302 0.005500 0.016146
0 0.632000 0.503125 0.008000 0.015625
0 0.759875 0.610417 0.005750 0.010417
0 0.862375 0.451823 0.006750 0.019271
0 0.899125 0.528125 0.007750 0.014583
0 0.942625 0.817969 0.007250 0.011979
0 0.261500 0.185417 0.008000 0.012500
0 0.267500 0.221875 0.008000 0.010417
0 0.058500 0.536719 0.005000 0.009896
0 0.054125 0.599740 0.005250 0.013021
