0 0.511979 0.051875 0.027083 0.017250
0 0.435417 0.100500 0.039583 0.024500
0 0.961719 0.051625 0.018229 0.016750
0 0.896354 0.096000 0.030208 0.017500
0 0.893750 0.115125 0.027083 0.015750
0 0.941667 0.108750 0.035417 0.018000
0 0.741667 0.123375 0.025000 0.017750
0 0.715104 0.125625 0.026042 0.014750
0 0.589583 0.152750 0.033333 0.020000
0 0.535156 0.169000 0.042188 0.020000
0 0.384115 0.182375 0.033854 0.016250
0 0.361979 0.202125 0.030208 0.014750
0 0.338802 0.208500 0.029687 0.025000
0 0.401823 0.220875 0.032813 0.009750
0 0.430990 0.207750 0.032813 0.012500
0 0.469792 0.203250 0.026042 0.013500
0 0.335417 0.232875 0.034375 0.019750
0 0.540885 0.256750 0.028646 0.013000
0 0.414583 0.306625 0.029167 0.015750
0 0.392708 0.324000 0.039583 0.020000
0 0.391406 0.323125 0.042188 0.013250
0 0.310417 0.303000 0.036458 0.012000
0 0.323958 0.318750 0.029167 0.016500
0 0.312240 0.324000 0.030729 0.019000
0 0.323437 0.345750 0.030208 0.018000
0 0.267448 0.317375 0.031771 0.015750
0 0.247656 0.316500 0.032813 0.013000
0 0.231771 0.327500 0.030208 0.014000
0 0.205208 0.305750 0.031250 0.017500
0 0.159896 0.338125 0.040625 0.016750
0 0.161198 0.360375 0.018229 0.011250
0 0.193750 0.366875 0.027083 0.014750
0 0.277604 0.341000 0.029167 0.017500
0 0.281250 0.350000 0.025000 0.017000
0 0.283333 0.385375 0.022917 0.014750
0 0.037500 0.347875 0.027083 0.014750
0 0.028646 0.357625 0.040625 0.013750
0 0.025781 0.375875 0.030729 0.014250
0 0.139583 0.388625 0.038542 0.011250
0 0.102865 0.436375 0.030729 0.010250
0 0.081771 0.464625 0.029167 0.016750
0 0.059635 0.470625 0.034896 0.015750
0 0.327083 0.380750 0.012500 0.017500
0 0.343490 0.418500 0.020313 0.019000
0 0.292448 0.419000 0.029687 0.013500
0 0.360677 0.448625 0.032813 0.016250
0 0.370312 0.470500 0.025000 0.013000
0 0.322917 0.479625 0.038542 0.017250
0 0.306510 0.486500 0.030729 0.012500
0 0.304948 0.500375 0.022396 0.015250
0 0.345573 0.501125 0.029687 0.014750
0 0.385417 0.504875 0.027083 0.014750
0 0.403646 0.519000 0.026042 0.017000
0 0.322917 0.526375 0.040625 0.015250
0 0.362760 0.543750 0.020313 0.014000
0 0.243229 0.554000 0.039583 0.012000
0 0.033073 0.541875 0.043229 0.013750
0 0.067448 0.536500 0.032813 0.018000
0 0.404948 0.550000 0.034896 0.012500
0 0.411979 0.567875 0.028125 0.015750
0 0.373437 0.590750 0.037500 0.012500
0 0.389062 0.601125 0.026042 0.013750
0 0.427083 0.596500 0.025000 0.012000
0 0.106510 0.600875 0.033854 0.014250
0 0.080208 0.607875 0.028125 0.015250
0 0.066406 0.632875 0.028646 0.015250
0 0.114062 0.629625 0.030208 0.014250
0 0.064062 0.689375 0.028125 0.009750
0 0.083594 0.697750 0.032813 0.012500
0 0.479687 0.708375 0.023958 0.015250
0 0.907292 0.662750 0.038542 0.014000
0 0.873698 0.685000 0.023438 0.012000
0 0.757812 0.690750 0.036458 0.013500
0 0.856250 0.618875 0.020833 0.009750
0 0.843750 0.596250 0.017708 0.013500
0 0.784375 0.585375 0.026042 0.011250
0 0.791146 0.568250 0.014583 0.012000
0 0.858073 0.585375 0.030729 0.010250
0 0.937760 0.541875 0.022396 0.013750
0 0.869792 0.486250 0.022917 0.018500
0 0.864583 0.486875 0.023958 0.015750
0 0.746875 0.490750 0.016667 0.012500
0 0.761719 0.473375 0.021354 0.014750
0 0.752083 0.444875 0.029167 0.014250
0 0.737240 0.457875 0.022396 0.016250
0 0.648438 0.468250 0.026042 0.016500
0 0.645833 0.467875 0.027083 0.014750
0 0.617448 0.472625 0.022396 0.009750
0 0.598437 0.438875 0.026042 0.015250
0 0.599740 0.438000 0.023438 0.012500
0 0.588281 0.428500 0.021354 0.012000
0 0.575260 0.414500 0.033854 0.013000
0 0.541406 0.409750 0.018229 0.011500
0 0.509115 0.410000 0.023438 0.013000
0 0.502344 0.385125 0.021354 0.010750
0 0.470052 0.361500 0.018229 0.011500
0 0.601562 0.406375 0.029167 0.015250
0 0.594271 0.403750 0.028125 0.013500
0 0.625781 0.419875 0.019271 0.011750
0 0.636458 0.408500 0.025000 0.012000
0 0.646094 0.422875 0.021354 0.015750
0 0.656250 0.419625 0.026042 0.014750
0 0.655469 0.436375 0.019271 0.014750
0 0.668229 0.432625 0.017708 0.014750
0 0.684635 0.438000 0.015104 0.013500
0 0.699479 0.435375 0.021875 0.010250
0 0.675260 0.448750 0.018229 0.013000
0 0.880469 0.357875 0.019271 0.010750
0 0.931510 0.326625 0.015104 0.013750
0 0.946094 0.333500 0.019271 0.011000
