0 0.614250 0.358333 0.003500 0.014583
0 0.584625 0.367188 0.004250 0.013542
0 0.616000 0.312760 0.005500 0.011979
0 0.609875 0.301563 0.003750 0.013542
0 0.621125 0.273438 0.003750 0.013542
0 0.685125 0.276042 0.005250 0.013542
0 0.688000 0.220573 0.003500 0.015104
0 0.705750 0.232031 0.003500 0.015104
0 0.732125 0.213021 0.003250 0.013542
0 0.725750 0.220312 0.005500 0.011458
0 0.670250 0.194531 0.007000 0.018229
0 0.574750 0.435677 0.003000 0.010937
0 0.541250 0.485677 0.005500 0.011979
0 0.533000 0.613802 0.006000 0.009896
0 0.580000 0.516146 0.004500 0.010417
0 0.603125 0.503385 0.004250 0.008854
0 0.469875 0.597396 0.005750 0.008333
0 0.468750 0.590365 0.004500 0.010937
0 0.480250 0.565625 0.003500 0.009375
0 0.478250 0.460156 0.004000 0.014063
0 0.473500 0.459896 0.006000 0.014583
0 0.512375 0.401823 0.004250 0.009896
0 0.462375 0.314844 0.005250 0.013021
0 0.481750 0.330469 0.003500 0.013021
0 0.480125 0.339583 0.003750 0.009375
0 0.490750 0.377604 0.006000 0.007292
0 0.491250 0.367708 0.005000 0.010417
0 0.498250 0.374219 0.004000 0.009896
0 0.497125 0.342187 0.004750 0.006250
0 0.500125 0.336979 0.004250 0.011458
0 0.494750 0.267969 0.003500 0.011979
0 0.492000 0.272917 0.003500 0.011458
0 0.452750 0.268490 0.009000 0.008854
0 0.459625 0.087500 0.005250 0.015625
0 0.437625 0.099740 0.006250 0.008854
0 0.503125 0.041406 0.005250 0.011979
0 0.523125 0.012760 0.005750 0.014063
0 0.521750 0.086198 0.005000 0.013021
0 0.496250 0.154427 0.007000 0.018229
0 0.516250 0.119271 0.005500 0.010417
0 0.523375 0.137760 0.005250 0.009896
0 0.528750 0.147396 0.004500 0.010417
0 0.525750 0.104427 0.006000 0.009896
0 0.524750 0.114844 0.005000 0.011979
0 0.520375 0.114062 0.003750 0.011458
0 0.420875 0.398438 0.004750 0.010417
0 0.400750 0.587240 0.003000 0.011979
0 0.408250 0.610417 0.006000 0.007292
0 0.300375 0.856250 0.005250 0.009375
0 0.316625 0.799740 0.006750 0.011979
0 0.340875 0.797656 0.006250 0.008854
0 0.345875 0.768750 0.004250 0.011458
0 0.362875 0.797656 0.003750 0.015104
0 0.376875 0.774219 0.004750 0.009896
0 0.364375 0.857292 0.006750 0.008333
0 0.359625 0.825521 0.005750 0.020833
0 0.350375 0.804427 0.006750 0.010937
0 0.286125 0.773438 0.005750 0.016667
0 0.266875 0.839583 0.009750 0.012500
0 0.231125 0.868490 0.003750 0.010937
0 0.233750 0.876823 0.007500 0.006771
0 0.248750 0.811719 0.007000 0.010937
0 0.258750 0.811979 0.008000 0.012500
0 0.254875 0.790885 0.007250 0.007812
0 0.315500 0.753385 0.006000 0.013021
0 0.201125 0.787500 0.009250 0.014583
0 0.127375 0.849740 0.007250 0.007812
0 0.335625 0.391667 0.006250 0.018750
0 0.363125 0.447396 0.007750 0.013542
0 0.376125 0.463542 0.008250 0.016667
0 0.242875 0.169010 0.007250 0.019271
0 0.246125 0.106771 0.009250 0.019792
0 0.243500 0.276562 0.010000 0.019792
0 0.211375 0.271615 0.007750 0.018229
0 0.215875 0.244271 0.012250 0.021875
0 0.175875 0.128125 0.009750 0.018750
0 0.290500 0.315104 0.010500 0.019792
0 0.293875 0.296354 0.008250 0.014583
0 0.303125 0.325260 0.006750 0.017188
0 0.309750 0.319271 0.011000 0.019792
0 0.460250 0.040104 0.010000 0.028125
0 0.680375 0.085156 0.006750 0.020313
0 0.720375 0.110677 0.008750 0.018229
0 0.704125 0.117448 0.008750 0.014063
0 0.708500 0.103125 0.005000 0.017708
0 0.713625 0.084635 0.008750 0.015104
0 0.702000 0.014583 0.011000 0.018750
0 0.721500 0.034635 0.014500 0.024479
0 0.665875 0.024479 0.009750 0.017708
0 0.624250 0.202865 0.009000 0.026562
0 0.707750 0.678125 0.009500 0.021875
0 0.747750 0.797656 0.008500 0.017188
0 0.715250 0.738281 0.013500 0.024479
0 0.698875 0.723958 0.009250 0.022917
0 0.066125 0.761198 0.008250 0.018229
0 0.049125 0.765104 0.008750 0.014583
0 0.454625 0.161458 0.007750 0.018750
