0 0.286875 0.248958 0.005250 0.013542
0 0.510125 0.225000 0.005750 0.016667
0 0.508000 0.252604 0.005000 0.009375
0 0.503125 0.273438 0.006750 0.013542
0 0.516750 0.324219 0.004500 0.008854
0 0.484000 0.264062 0.005000 0.012500
0 0.481625 0.277083 0.003750 0.013542
0 0.485000 0.293229 0.003000 0.012500
0 0.483125 0.291927 0.003250 0.011979
0 0.474750 0.400521 0.004000 0.011458
0 0.473250 0.397656 0.003500 0.008854
0 0.474750 0.442448 0.005000 0.010937
0 0.483125 0.470573 0.004250 0.015104
0 0.472000 0.465885 0.005500 0.013021
0 0.466750 0.486198 0.006000 0.013021
0 0.490625 0.540365 0.004750 0.016146
0 0.489750 0.434896 0.003500 0.014583
0 0.490750 0.407812 0.006000 0.008333
0 0.510000 0.373958 0.004000 0.008333
0 0.513250 0.621875 0.003500 0.012500
0 0.524750 0.611979 0.003500 0.014583
0 0.527375 0.553125 0.004250 0.012500
0 0.555375 0.523958 0.002750 0.010417
0 0.553750 0.522917 0.003000 0.011458
0 0.550750 0.468229 0.003500 0.010417
0 0.550875 0.457813 0.003750 0.011458
0 0.558750 0.440104 0.002500 0.011458
0 0.556500 0.440625 0.002000 0.011458
0 0.586500 0.254427 0.004500 0.013021
0 0.588750 0.207292 0.004500 0.014583
0 0.604625 0.276042 0.003750 0.014583
0 0.609250 0.274479 0.005000 0.011458
0 0.610125 0.283333 0.003750 0.009375
0 0.608750 0.281510 0.005000 0.009896
0 0.548000 0.666146 0.005000 0.007292
0 0.550375 0.654167 0.005250 0.010417
0 0.562000 0.668229 0.006500 0.010417
0 0.580375 0.624479 0.004250 0.012500
0 0.574500 0.617708 0.005000 0.011458
0 0.615750 0.574219 0.005000 0.013021
0 0.627375 0.560156 0.003750 0.009896
0 0.625375 0.555208 0.005250 0.013542
0 0.617000 0.546094 0.004500 0.011979
0 0.639000 0.507552 0.005000 0.011979
0 0.655250 0.482552 0.005000 0.013021
0 0.661750 0.488281 0.003000 0.009896
0 0.660250 0.488021 0.004000 0.009375
0 0.694625 0.481250 0.005250 0.015625
0 0.717500 0.424219 0.006500 0.011979
0 0.749875 0.472656 0.006750 0.013021
0 0.661375 0.579948 0.003750 0.008854
0 0.660125 0.577344 0.004250 0.011979
0 0.604625 0.690365 0.003750 0.010937
0 0.605500 0.672396 0.003000 0.008333
0 0.631375 0.741927 0.006750 0.007812
0 0.635625 0.734375 0.005250 0.004167
0 0.635375 0.729948 0.006750 0.004687
0 0.707375 0.705990 0.007750 0.008854
0 0.708250 0.821615 0.005000 0.014063
0 0.303625 0.680469 0.003750 0.005729
0 0.389750 0.634896 0.004500 0.007292
0 0.394625 0.634635 0.005250 0.005729
0 0.739500 0.268750 0.004500 0.008333
0 0.757750 0.258333 0.004500 0.007292
