0 0.174219 0.506250 0.011979 0.007000
0 0.178906 0.503250 0.015104 0.005000
0 0.167708 0.503125 0.014583 0.006750
0 0.257292 0.382500 0.014583 0.008000
0 0.293229 0.381250 0.016667 0.008500
0 0.297396 0.513500 0.013542 0.006500
0 0.348958 0.479125 0.013542 0.007250
0 0.308333 0.440875 0.011458 0.006750
0 0.191406 0.438000 0.008854 0.005500
0 0.213281 0.422875 0.008854 0.005250
0 0.226042 0.407000 0.015625 0.004000
0 0.279167 0.417875 0.013542 0.006250
0 0.346875 0.421875 0.013542 0.007750
0 0.279427 0.398875 0.017188 0.005250
0 0.194792 0.352125 0.012500 0.004750
0 0.405469 0.562750 0.008854 0.005500
0 0.417969 0.549875 0.009896 0.006750
0 0.469792 0.525250 0.010417 0.007000
0 0.447135 0.518750 0.010937 0.008000
0 0.483594 0.500750 0.017188 0.005500
0 0.486458 0.509375 0.017708 0.003250
0 0.486458 0.507000 0.015625 0.003500
0 0.536719 0.545375 0.014063 0.003750
0 0.510156 0.483875 0.020313 0.005250
0 0.552604 0.487750 0.015625 0.007500
0 0.579688 0.473875 0.010417 0.007250
0 0.603385 0.467750 0.019271 0.005000
0 0.614583 0.480375 0.012500 0.006250
0 0.617448 0.476250 0.010937 0.004000
0 0.618490 0.455875 0.011979 0.006750
0 0.553906 0.425500 0.017188 0.005000
0 0.570312 0.423000 0.013542 0.007500
0 0.581510 0.421500 0.007812 0.006500
0 0.565625 0.417375 0.017708 0.004250
0 0.521354 0.414500 0.008333 0.007500
0 0.547917 0.411625 0.014583 0.004250
0 0.529167 0.407750 0.011458 0.003500
0 0.547656 0.407250 0.010937 0.004000
0 0.552344 0.380000 0.008854 0.005000
0 0.574219 0.376500 0.010937 0.005000
0 0.589844 0.367375 0.011979 0.006750
0 0.580990 0.361875 0.009896 0.004750
0 0.592187 0.351625 0.010417 0.004250
0 0.654167 0.396750 0.017708 0.006000
0 0.688542 0.392125 0.018750 0.006250
0 0.701823 0.405500 0.009896 0.005000
0 0.515885 0.605750 0.011979 0.007000
0 0.572135 0.596875 0.008854 0.008250
0 0.577344 0.589625 0.014063 0.004250
0 0.558333 0.587875 0.008333 0.006250
0 0.570573 0.584250 0.013021 0.005500
0 0.577865 0.584625 0.011979 0.006250
0 0.635677 0.588375 0.011979 0.007750
0 0.596875 0.582750 0.012500 0.004500
0 0.611458 0.581375 0.009375 0.007750
0 0.611979 0.567500 0.013542 0.006500
0 0.635677 0.574750 0.011979 0.007000
0 0.646094 0.571625 0.017188 0.003750
0 0.607292 0.578750 0.012500 0.005500
0 0.582552 0.571625 0.009896 0.005750
0 0.569010 0.577125 0.008854 0.003250
0 0.653125 0.560750 0.009375 0.006000
0 0.643490 0.558250 0.010937 0.005500
0 0.645573 0.548500 0.007812 0.005000
0 0.635417 0.550500 0.007292 0.003500
0 0.677344 0.538625 0.011979 0.004250
0 0.719010 0.543000 0.015104 0.004500
0 0.722135 0.522375 0.009896 0.004750
0 0.744531 0.511125 0.014063 0.004250
0 0.763542 0.537500 0.016667 0.007500
0 0.796615 0.520750 0.013021 0.005500
0 0.784375 0.519500 0.013542 0.006000
0 0.824219 0.494500 0.015104 0.004500
0 0.753906 0.572500 0.008854 0.007000
0 0.800521 0.576375 0.014583 0.007750
0 0.727083 0.558375 0.005208 0.007750
0 0.732812 0.559375 0.007292 0.006750
0 0.508594 0.599750 0.008854 0.004500
0 0.533594 0.722375 0.008854 0.007750
0 0.608594 0.728125 0.007812 0.005750
0 0.629948 0.746625 0.013021 0.005250
0 0.601042 0.750125 0.014583 0.005750
0 0.675781 0.747000 0.015104 0.005500
0 0.691406 0.746625 0.013021 0.006750
0 0.688021 0.754875 0.009375 0.004750
0 0.680729 0.757750 0.012500 0.004500
0 0.720313 0.759750 0.008333 0.008000
0 0.726562 0.761625 0.008333 0.007750
0 0.758073 0.754000 0.008854 0.006500
0 0.751563 0.770500 0.008333 0.006500
0 0.756250 0.767000 0.010417 0.003000
0 0.758854 0.772000 0.010417 0.007500
0 0.838281 0.799500 0.008854 0.008000
0 0.839323 0.789625 0.007812 0.006250
0 0.321354 0.373750 0.013542 0.008500
