0 0.764125 0.775781 0.009750 0.016146
0 0.776375 0.807292 0.008250 0.014583
0 0.696875 0.796094 0.008750 0.015104
0 0.704625 0.755990 0.008750 0.013021
0 0.688875 0.621094 0.007250 0.013021
0 0.494250 0.160677 0.008000 0.016146
0 0.661500 0.054427 0.010000 0.016146
0 0.423250 0.428125 0.010500 0.017708
0 0.526875 0.502344 0.008250 0.016146
0 0.531000 0.579948 0.006500 0.019271
0 0.585875 0.454948 0.007750 0.013021
0 0.662000 0.558073 0.007000 0.010937
0 0.617125 0.624740 0.006750 0.013021
0 0.676125 0.803385 0.007750 0.017188
0 0.700625 0.703646 0.005750 0.017708
0 0.513375 0.732552 0.007250 0.011979
0 0.484375 0.831771 0.007750 0.019792
0 0.679875 0.510677 0.008250 0.017188
0 0.373125 0.413802 0.006250 0.015104
0 0.407000 0.462760 0.008500 0.015104
0 0.271625 0.565365 0.008250 0.011979
0 0.314125 0.553385 0.006750 0.020313
0 0.293750 0.552865 0.010000 0.013021
0 0.284875 0.127083 0.008750 0.018750
0 0.399250 0.352865 0.008500 0.011979
0 0.404500 0.374740 0.009500 0.015104
0 0.385125 0.415104 0.008250 0.019792
0 0.409375 0.676042 0.007750 0.016667
0 0.367000 0.965365 0.009500 0.013021
0 0.395875 0.955469 0.007750 0.017188
0 0.345375 0.987500 0.006750 0.020833
0 0.590375 0.497135 0.013750 0.016146
0 0.643250 0.580469 0.013000 0.018229
0 0.523875 0.427865 0.006750 0.013021
0 0.524625 0.322396 0.006250 0.018750
0 0.532000 0.396094 0.010500 0.020313
0 0.461625 0.840885 0.006250 0.016146
0 0.223125 0.577865 0.007250 0.015104
0 0.215625 0.561719 0.008750 0.013021
0 0.122875 0.541406 0.008750 0.018229
0 0.137500 0.532552 0.007000 0.014063
0 0.048625 0.481771 0.007250 0.016667
0 0.094750 0.486198 0.011000 0.018229
0 0.082500 0.450781 0.009500 0.019271
0 0.172375 0.534375 0.008750 0.019792
0 0.837125 0.809115 0.008250 0.008854
0 0.793875 0.804948 0.006250 0.006771
0 0.794000 0.809635 0.007000 0.007812
0 0.794375 0.813802 0.006750 0.006771
0 0.578000 0.773958 0.003500 0.012500
0 0.662125 0.811979 0.003750 0.012500
0 0.573375 0.643750 0.004250 0.010417
0 0.598375 0.656771 0.003250 0.011458
0 0.595375 0.649740 0.004750 0.007812
