0 0.216927 0.549625 0.020313 0.010250
0 0.341667 0.554250 0.020833 0.011500
0 0.354687 0.460500 0.016667 0.012500
0 0.459115 0.491375 0.014063 0.006250
0 0.458854 0.493500 0.013542 0.008000
0 0.563542 0.496375 0.005208 0.006250
0 0.580729 0.556500 0.015625 0.006500
0 0.582031 0.556500 0.011979 0.005000
0 0.546094 0.560125 0.010937 0.006750
0 0.649479 0.567500 0.009375 0.005500
0 0.651042 0.559125 0.013542 0.008250
0 0.650000 0.559625 0.014583 0.005750
0 0.661198 0.562375 0.011979 0.007250
0 0.667969 0.565125 0.009896 0.006250
0 0.675781 0.564875 0.009896 0.007250
0 0.671094 0.560750 0.010937 0.006500
0 0.657813 0.535375 0.007292 0.005750
0 0.707812 0.532000 0.011458 0.007000
0 0.473177 0.419625 0.013021 0.008250
0 0.473177 0.419750 0.007812 0.005500
0 0.695833 0.407000 0.009375 0.005500
0 0.663021 0.372375 0.011458 0.005750
0 0.705990 0.352000 0.009896 0.005500
0 0.591146 0.281875 0.007292 0.007250
0 0.536458 0.211500 0.009375 0.006000
0 0.592448 0.219250 0.011979 0.006000
0 0.832552 0.270750 0.018229 0.013500
0 0.188281 0.292500 0.022396 0.012500
0 0.219792 0.376375 0.025000 0.008750
0 0.820573 0.548750 0.019271 0.012000
