0 0.059635 0.466125 0.011979 0.004250
0 0.041146 0.445750 0.006250 0.006500
0 0.036719 0.446000 0.004687 0.005500
0 0.031771 0.440000 0.009375 0.006000
0 0.019271 0.426125 0.007292 0.006750
0 0.012500 0.425500 0.009375 0.003500
0 0.145313 0.473125 0.015625 0.003750
0 0.150260 0.469250 0.014063 0.003500
0 0.159375 0.460000 0.012500 0.005500
0 0.161198 0.446250 0.011979 0.003500
0 0.163542 0.444625 0.013542 0.003750
0 0.156771 0.441500 0.010417 0.005000
0 0.152865 0.439000 0.011979 0.004500
0 0.197656 0.396625 0.008854 0.006250
0 0.205469 0.388500 0.006771 0.005000
0 0.198177 0.389875 0.010937 0.005750
0 0.197135 0.386125 0.009896 0.005750
0 0.189583 0.385750 0.006250 0.006500
0 0.185677 0.385875 0.005729 0.005250
0 0.167448 0.381375 0.005729 0.007250
0 0.162760 0.381500 0.004687 0.005500
0 0.171615 0.373250 0.019271 0.005500
0 0.221615 0.354000 0.008854 0.008500
0 0.184896 0.353625 0.008333 0.005250
0 0.188021 0.352625 0.011458 0.006250
0 0.190104 0.351625 0.009375 0.005750
0 0.215365 0.339375 0.008854 0.007750
0 0.242188 0.327000 0.008333 0.008000
0 0.179427 0.287625 0.006771 0.007750
0 0.182552 0.287750 0.005729 0.006000
0 0.209896 0.273375 0.006250 0.007750
0 0.214583 0.273750 0.006250 0.006500
0 0.261979 0.258750 0.020833 0.005000
0 0.298698 0.278125 0.008854 0.007750
0 0.273698 0.311875 0.009896 0.003750
0 0.268750 0.316250 0.009375 0.005500
0 0.241927 0.351875 0.004687 0.004750
0 0.234635 0.366125 0.007812 0.004250
0 0.221354 0.387625 0.008333 0.005250
0 0.159635 0.511500 0.006771 0.006500
0 0.284115 0.465750 0.014063 0.004500
0 0.289844 0.461625 0.013021 0.005250
0 0.387760 0.428750 0.004687 0.006000
0 0.383594 0.428500 0.005729 0.006500
0 0.390365 0.424500 0.014063 0.004000
0 0.392448 0.422375 0.009896 0.003250
0 0.432552 0.393750 0.015104 0.004000
0 0.469792 0.403625 0.012500 0.004750
0 0.465625 0.397625 0.013542 0.004750
0 0.484375 0.393875 0.005208 0.006250
0 0.479948 0.393625 0.004687 0.006750
0 0.553646 0.351625 0.014583 0.005750
0 0.552344 0.369625 0.013021 0.003750
0 0.551562 0.368000 0.010417 0.003000
0 0.602865 0.345375 0.013021 0.004750
0 0.602604 0.340125 0.010417 0.005250
0 0.697656 0.333750 0.014063 0.005000
0 0.746354 0.350250 0.011458 0.006000
0 0.753385 0.341875 0.011979 0.006250
0 0.713021 0.346875 0.012500 0.004750
0 0.574740 0.383500 0.010937 0.004500
0 0.573438 0.380875 0.011458 0.004250
0 0.523958 0.404000 0.013542 0.005000
0 0.475000 0.422000 0.016667 0.005000
0 0.522656 0.403250 0.015104 0.005500
0 0.606250 0.406750 0.010417 0.004500
0 0.434115 0.438500 0.010937 0.006500
0 0.383854 0.446750 0.012500 0.004500
0 0.330729 0.463375 0.012500 0.005250
0 0.310156 0.469500 0.011979 0.005000
0 0.271094 0.485250 0.010937 0.004000
0 0.229948 0.501000 0.006771 0.005000
0 0.264844 0.532500 0.010937 0.005000
0 0.295312 0.531375 0.013542 0.004250
0 0.333854 0.529000 0.007292 0.007000
0 0.357812 0.528500 0.010417 0.005000
0 0.373437 0.527375 0.011458 0.004250
0 0.390365 0.527500 0.009896 0.004000
0 0.412500 0.510125 0.009375 0.005250
0 0.440885 0.520875 0.007812 0.004250
0 0.436979 0.521125 0.005208 0.003750
0 0.472656 0.518750 0.013021 0.003000
0 0.473698 0.521500 0.006771 0.003500
0 0.497135 0.517875 0.013021 0.003750
0 0.513802 0.527750 0.009896 0.004500
0 0.510156 0.527000 0.007812 0.003500
0 0.785417 0.507500 0.011458 0.003000
0 0.785937 0.509500 0.010417 0.002000
0 0.804167 0.525500 0.008333 0.004500
0 0.877865 0.510125 0.014063 0.005250
0 0.737500 0.494250 0.012500 0.006000
0 0.702604 0.501750 0.008333 0.005500
0 0.700521 0.500125 0.007292 0.004250
0 0.689063 0.491500 0.010417 0.004000
0 0.688802 0.492875 0.009896 0.004750
0 0.673177 0.475500 0.011979 0.003000
0 0.673177 0.474000 0.013021 0.003000
0 0.482031 0.508125 0.013021 0.006250
0 0.466146 0.482000 0.017708 0.004000
0 0.249740 0.577500 0.013021 0.005500
0 0.326042 0.573375 0.010417 0.004250
0 0.319792 0.597875 0.013542 0.004750
0 0.334375 0.597250 0.007292 0.005500
0 0.342187 0.599375 0.007292 0.006750
0 0.348698 0.584500 0.007812 0.007500
0 0.375260 0.595625 0.010937 0.004750
0 0.376563 0.594250 0.009375 0.004000
0 0.395052 0.598125 0.006771 0.006750
0 0.390365 0.594250 0.006771 0.006500
0 0.442969 0.611875 0.004687 0.006750
0 0.439062 0.611875 0.004167 0.005250
0 0.491146 0.624875 0.007292 0.005250
0 0.495052 0.623875 0.008854 0.006250
0 0.504167 0.616875 0.004167 0.006250
0 0.500521 0.616375 0.003125 0.007250
0 0.497135 0.616375 0.003646 0.006250
0 0.592708 0.681250 0.013542 0.006000
0 0.600000 0.671750 0.012500 0.003500
0 0.592187 0.669500 0.010417 0.003000
0 0.516667 0.651500 0.010417 0.007000
0 0.511719 0.643250 0.013021 0.005500
0 0.435937 0.620750 0.013542 0.004500
0 0.375260 0.615500 0.017188 0.006000
0 0.145833 0.609125 0.014583 0.004250
0 0.173698 0.618250 0.009896 0.007000
0 0.157812 0.637750 0.007292 0.005500
0 0.151823 0.636375 0.005729 0.006250
0 0.159896 0.634750 0.008333 0.003500
0 0.161719 0.633750 0.011979 0.005000
0 0.202083 0.715000 0.009375 0.005500
0 0.178906 0.636000 0.008854 0.004000
0 0.072917 0.784625 0.014583 0.005250
0 0.092188 0.783250 0.015625 0.004500
0 0.126823 0.779125 0.008854 0.003750
0 0.152865 0.777875 0.010937 0.003750
0 0.189062 0.772500 0.016667 0.004500
0 0.329688 0.753375 0.012500 0.004750
0 0.564063 0.737250 0.013542 0.006000
0 0.560156 0.774125 0.009896 0.003750
