0 0.518000 0.645052 0.007000 0.008854
0 0.527250 0.653125 0.005500 0.011458
0 0.519750 0.734115 0.006500 0.009896
0 0.479250 0.734115 0.005500 0.008854
0 0.485125 0.723177 0.004250 0.009896
0 0.490000 0.727865 0.002500 0.009896
0 0.488125 0.736979 0.003750 0.010417
0 0.487125 0.728646 0.002250 0.010417
0 0.475625 0.766146 0.003750 0.009375
0 0.451000 0.780469 0.005000 0.006771
0 0.457125 0.782031 0.004750 0.010937
0 0.460875 0.779687 0.003750 0.011458
0 0.464375 0.782813 0.003250 0.012500
0 0.438125 0.804167 0.004750 0.010417
0 0.425500 0.826823 0.005000 0.011979
0 0.432250 0.829167 0.005000 0.011458
0 0.427000 0.851823 0.003500 0.010937
0 0.430500 0.854687 0.003000 0.012500
0 0.404625 0.870573 0.005750 0.013021
0 0.421750 0.870573 0.003500 0.009896
0 0.424250 0.869271 0.003000 0.011458
0 0.427750 0.872396 0.004000 0.012500
0 0.460000 0.888802 0.006000 0.008854
0 0.471125 0.922135 0.005250 0.006771
0 0.429625 0.912760 0.006250 0.008854
0 0.391750 0.957292 0.004500 0.013542
0 0.408750 0.967969 0.003500 0.013021
0 0.418625 0.947135 0.006250 0.008854
0 0.420750 0.935677 0.006500 0.007812
0 0.395250 0.932812 0.009500 0.011458
0 0.418000 0.896875 0.004500 0.014583
0 0.103875 0.797135 0.004750 0.009896
0 0.086250 0.677083 0.006500 0.009375
0 0.100375 0.671875 0.006750 0.007292
0 0.091625 0.659896 0.006750 0.013542
0 0.118250 0.651563 0.005500 0.013542
0 0.141875 0.613542 0.006750 0.010417
0 0.136875 0.669010 0.009250 0.007812
0 0.147000 0.803385 0.009000 0.010937
0 0.173625 0.802344 0.005750 0.013021
0 0.176250 0.865104 0.007000 0.011458
0 0.186875 0.838542 0.003250 0.011458
0 0.190750 0.770052 0.004000 0.014063
0 0.155500 0.767448 0.006500 0.008854
0 0.156250 0.758854 0.004000 0.011458
0 0.216750 0.827083 0.006000 0.011458
0 0.217000 0.788021 0.006500 0.006250
0 0.211000 0.782031 0.005500 0.009896
0 0.216250 0.770833 0.006500 0.010417
0 0.226125 0.833073 0.006750 0.010937
0 0.236375 0.831771 0.005750 0.012500
0 0.254250 0.830990 0.005500 0.006771
0 0.238500 0.782552 0.005000 0.009896
0 0.232625 0.763802 0.005250 0.008854
0 0.223250 0.742188 0.006000 0.015625
0 0.258875 0.776302 0.006750 0.009896
0 0.257250 0.748177 0.006000 0.010937
0 0.281625 0.818229 0.006250 0.006250
0 0.329000 0.823437 0.006000 0.011458
0 0.298625 0.776823 0.004250 0.010937
0 0.300125 0.767708 0.006250 0.007292
0 0.313500 0.757812 0.005000 0.010417
0 0.317500 0.772135 0.005500 0.006771
0 0.314250 0.740885 0.007000 0.015104
0 0.293500 0.711719 0.008000 0.016146
0 0.341625 0.733073 0.006250 0.014063
0 0.340250 0.783854 0.006000 0.012500
0 0.366875 0.754948 0.004250 0.011979
0 0.224250 0.685677 0.007500 0.015104
0 0.238375 0.664062 0.005750 0.008333
0 0.258625 0.606771 0.004750 0.010417
0 0.298125 0.675521 0.004250 0.007292
0 0.297000 0.614844 0.005500 0.010937
0 0.332875 0.634635 0.006250 0.009896
0 0.350000 0.652865 0.005500 0.007812
0 0.356625 0.635938 0.006250 0.007292
0 0.378750 0.679948 0.005000 0.008854
0 0.393125 0.627604 0.006250 0.009375
0 0.373000 0.623698 0.004500 0.005729
0 0.364375 0.647917 0.006250 0.009375
0 0.378250 0.631510 0.004500 0.006771
0 0.377500 0.623958 0.005000 0.007292
0 0.424250 0.648958 0.005500 0.006250
0 0.464375 0.628385 0.005750 0.006771
0 0.461125 0.653646 0.007250 0.010417
0 0.493125 0.656510 0.004750 0.013021
0 0.441750 0.502344 0.003000 0.013021
0 0.421250 0.497396 0.005500 0.007292
0 0.425875 0.469271 0.005250 0.009375
0 0.412250 0.448698 0.008500 0.008854
0 0.385000 0.493229 0.006000 0.012500
0 0.340625 0.467187 0.005250 0.011458
0 0.312750 0.468490 0.008000 0.013021
0 0.297125 0.474740 0.004750 0.011979
0 0.331250 0.404427 0.004000 0.011979
0 0.326750 0.405990 0.004500 0.008854
0 0.330750 0.425000 0.004500 0.006250
0 0.250500 0.398958 0.004500 0.012500
0 0.227125 0.395573 0.004750 0.010937
0 0.225500 0.378906 0.006000 0.009896
0 0.193375 0.385417 0.006250 0.010417
0 0.213625 0.375521 0.006750 0.016667
0 0.228750 0.355469 0.005500 0.008854
0 0.216750 0.345573 0.007000 0.016146
0 0.201125 0.342187 0.005750 0.012500
0 0.202875 0.330208 0.005250 0.011458
0 0.194750 0.337500 0.006000 0.010417
0 0.179125 0.293490 0.006250 0.015104
0 0.146125 0.325781 0.005750 0.014063
0 0.157125 0.257031 0.006250 0.016146
0 0.167750 0.230729 0.005000 0.006250
0 0.170250 0.227865 0.005500 0.008854
0 0.150750 0.210938 0.002500 0.011458
0 0.160500 0.202344 0.003000 0.010937
0 0.102000 0.207812 0.008000 0.010417
0 0.108250 0.216406 0.007000 0.010937
0 0.073375 0.126302 0.004750 0.011979
0 0.079875 0.129427 0.005750 0.013021
0 0.076625 0.113021 0.006250 0.012500
0 0.094375 0.143229 0.005250 0.008333
0 0.104000 0.153646 0.007000 0.010417
0 0.123625 0.169271 0.004250 0.009375
0 0.155125 0.185938 0.005750 0.010417
0 0.181000 0.246354 0.007000 0.012500
0 0.224875 0.320312 0.006750 0.011458
0 0.243625 0.296615 0.004750 0.010937
0 0.253750 0.381771 0.005500 0.007292
0 0.530375 0.520052 0.004750 0.011979
0 0.536125 0.581250 0.005750 0.009375
0 0.549500 0.552083 0.006000 0.011458
0 0.542250 0.504687 0.005000 0.010417
0 0.521250 0.457552 0.005500 0.009896
0 0.485875 0.401562 0.004750 0.009375
0 0.485875 0.393229 0.005750 0.008333
0 0.479625 0.388542 0.004750 0.010417
0 0.464875 0.386719 0.003750 0.011979
0 0.477250 0.368490 0.004500 0.009896
0 0.447500 0.380729 0.008500 0.009375
0 0.433250 0.329688 0.005500 0.010417
0 0.430500 0.319792 0.004000 0.009375
0 0.425000 0.353906 0.006000 0.011979
0 0.408250 0.324479 0.006500 0.015625
0 0.433750 0.292448 0.005500 0.010937
0 0.432000 0.278646 0.006500 0.008333
0 0.408500 0.290365 0.005500 0.009896
0 0.404375 0.270833 0.005250 0.011458
0 0.391250 0.255729 0.004500 0.007292
0 0.416625 0.265885 0.004750 0.016146
0 0.417375 0.253906 0.003750 0.007812
0 0.420000 0.248698 0.004000 0.010937
0 0.423625 0.250521 0.003250 0.012500
0 0.433250 0.229687 0.004500 0.010417
0 0.362750 0.232292 0.005500 0.009375
0 0.341000 0.216146 0.006000 0.012500
0 0.358250 0.178646 0.005000 0.011458
0 0.390000 0.173958 0.004000 0.010417
0 0.401875 0.221354 0.003250 0.009375
0 0.417125 0.170573 0.004750 0.009896
0 0.396125 0.140625 0.004750 0.009375
0 0.398000 0.122396 0.004000 0.010417
0 0.405625 0.146875 0.003750 0.008333
0 0.326250 0.132552 0.004000 0.008854
0 0.364000 0.085677 0.005000 0.009896
0 0.318500 0.059635 0.005000 0.009896
0 0.308125 0.055729 0.003750 0.009375
0 0.304000 0.005990 0.003500 0.006771
0 0.355375 0.022396 0.005250 0.012500
0 0.268500 0.095573 0.005500 0.008854
0 0.344000 0.080469 0.006000 0.013021
0 0.494875 0.099740 0.004750 0.010937
0 0.504750 0.082552 0.006500 0.006771
0 0.512125 0.040104 0.005250 0.007292
0 0.530500 0.052604 0.002500 0.007292
0 0.532125 0.075781 0.002250 0.006771
0 0.546125 0.079948 0.004250 0.007812
0 0.557750 0.099740 0.003500 0.007812
0 0.519875 0.116406 0.003250 0.007812
0 0.500625 0.119531 0.004750 0.013021
0 0.494000 0.141667 0.005000 0.010417
0 0.480250 0.160938 0.004000 0.009375
0 0.490000 0.163281 0.004000 0.009896
0 0.499500 0.164323 0.003000 0.008854
0 0.507250 0.166927 0.003500 0.009896
0 0.512125 0.167187 0.006250 0.011458
0 0.519750 0.136719 0.005000 0.006771
0 0.520625 0.168229 0.005750 0.008333
0 0.530375 0.222396 0.005250 0.008333
0 0.550375 0.228385 0.004750 0.011979
0 0.547750 0.241406 0.003500 0.011979
0 0.537375 0.266667 0.005250 0.011458
0 0.533250 0.268229 0.003500 0.010417
0 0.541250 0.292969 0.005500 0.010937
0 0.532000 0.297917 0.006500 0.011458
0 0.531875 0.321875 0.004250 0.009375
0 0.545750 0.388542 0.005000 0.011458
0 0.530875 0.372135 0.004750 0.009896
0 0.529500 0.362240 0.003000 0.007812
0 0.543625 0.326042 0.003750 0.010417
0 0.566750 0.392969 0.005000 0.008854
0 0.566000 0.200000 0.003500 0.006250
0 0.599375 0.423958 0.003750 0.011458
0 0.623000 0.414583 0.003500 0.011458
0 0.618500 0.383333 0.006000 0.009375
0 0.616250 0.346354 0.005500 0.010417
0 0.625000 0.356510 0.004000 0.007812
0 0.629750 0.348958 0.006000 0.007292
0 0.627125 0.317969 0.004250 0.007812
0 0.627000 0.325781 0.004500 0.009896
0 0.620875 0.308073 0.003750 0.006771
0 0.623000 0.303906 0.003000 0.007812
0 0.618625 0.286458 0.004750 0.008333
0 0.621500 0.271875 0.005000 0.009375
0 0.631125 0.283854 0.004250 0.010417
0 0.642500 0.282031 0.005500 0.007812
0 0.641875 0.301563 0.003250 0.007292
0 0.636500 0.286198 0.004000 0.009896
0 0.640500 0.360417 0.004500 0.012500
0 0.653750 0.259896 0.003000 0.008333
0 0.632750 0.224479 0.006500 0.011458
0 0.632750 0.203906 0.003500 0.007812
0 0.628875 0.186979 0.005250 0.009375
0 0.635500 0.149479 0.004500 0.009375
0 0.648625 0.195052 0.004250 0.009896
0 0.639625 0.239062 0.003750 0.011458
0 0.670500 0.189583 0.004000 0.009375
0 0.658000 0.194531 0.003000 0.008854
0 0.654375 0.182812 0.003250 0.008333
0 0.662750 0.165625 0.003500 0.009375
0 0.670500 0.165625 0.005000 0.009375
0 0.665000 0.152865 0.003500 0.009896
0 0.670375 0.152344 0.004250 0.008854
0 0.651500 0.114062 0.005500 0.010417
0 0.671125 0.132292 0.004250 0.009375
0 0.673000 0.111719 0.004000 0.010937
0 0.674875 0.097656 0.003750 0.008854
0 0.668000 0.091146 0.005500 0.010417
0 0.679625 0.116146 0.006250 0.011458
0 0.674625 0.032292 0.006750 0.008333
0 0.638000 0.035677 0.005500 0.009896
0 0.702500 0.060677 0.005000 0.009896
0 0.719125 0.089583 0.005250 0.011458
0 0.676875 0.273438 0.005250 0.010417
0 0.664750 0.306250 0.003500 0.008333
0 0.650875 0.363542 0.006250 0.011458
0 0.599000 0.558073 0.004500 0.009896
0 0.564375 0.567969 0.007250 0.014063
0 0.605875 0.574479 0.004250 0.007292
0 0.616125 0.558073 0.005250 0.009896
0 0.640375 0.552083 0.006250 0.011458
0 0.644000 0.503646 0.004000 0.011458
0 0.650000 0.496354 0.004500 0.009375
0 0.636875 0.504687 0.004250 0.013542
0 0.678250 0.499219 0.003500 0.010937
0 0.680625 0.490885 0.005250 0.010937
0 0.670000 0.440365 0.006000 0.007812
0 0.666500 0.482552 0.004000 0.005729
0 0.679000 0.455469 0.004000 0.006771
0 0.681625 0.460417 0.003750 0.006250
0 0.688125 0.463281 0.003250 0.006771
0 0.696000 0.455469 0.005500 0.006771
0 0.709875 0.433594 0.006250 0.005729
0 0.703250 0.440365 0.005000 0.006771
0 0.700125 0.400781 0.005250 0.007812
0 0.688125 0.376823 0.003250 0.008854
0 0.708750 0.398177 0.005000 0.008854
0 0.705375 0.376823 0.005250 0.008854
0 0.725125 0.409635 0.005250 0.007812
0 0.724000 0.378385 0.004500 0.010937
0 0.728750 0.364323 0.004500 0.007812
0 0.725000 0.355990 0.004500 0.009896
0 0.755500 0.388021 0.005500 0.008333
0 0.729375 0.403646 0.003250 0.009375
0 0.775125 0.331771 0.004750 0.008333
0 0.779625 0.316667 0.003750 0.008333
0 0.787125 0.318229 0.005250 0.007292
0 0.790750 0.245312 0.004000 0.010417
0 0.847375 0.271615 0.005250 0.011979
0 0.871625 0.214323 0.003750 0.009896
0 0.783500 0.378906 0.005500 0.013021
0 0.778750 0.393750 0.005500 0.009375
0 0.763375 0.404948 0.003750 0.007812
0 0.804500 0.390885 0.005000 0.011979
0 0.738625 0.438802 0.005750 0.010937
0 0.710750 0.488021 0.005500 0.011458
0 0.720125 0.455729 0.004250 0.010417
0 0.718375 0.465625 0.003750 0.009375
0 0.711875 0.532552 0.003750 0.007812
0 0.724750 0.542969 0.005000 0.007812
0 0.692750 0.523438 0.003500 0.013542
0 0.671125 0.536719 0.004250 0.009896
0 0.617000 0.633333 0.005500 0.008333
0 0.676000 0.622396 0.005500 0.012500
0 0.697750 0.615885 0.005500 0.007812
0 0.703750 0.631771 0.005500 0.011458
0 0.695625 0.671094 0.003750 0.010937
0 0.696000 0.658854 0.005500 0.007292
0 0.724375 0.710677 0.005250 0.009896
0 0.741125 0.703906 0.005750 0.011979
0 0.734750 0.669531 0.006000 0.014063
0 0.752750 0.672656 0.004000 0.008854
0 0.760125 0.651042 0.004250 0.012500
0 0.719625 0.638021 0.003250 0.009375
0 0.746875 0.602344 0.004250 0.008854
0 0.783625 0.581771 0.004750 0.009375
0 0.758375 0.727865 0.004250 0.006771
0 0.759750 0.738542 0.005000 0.010417
0 0.764000 0.774219 0.004000 0.010937
0 0.774000 0.801823 0.005000 0.011979
0 0.772000 0.767969 0.006000 0.008854
0 0.783000 0.777344 0.004000 0.009896
0 0.791625 0.695052 0.004750 0.010937
0 0.782750 0.686719 0.003500 0.008854
0 0.787000 0.656510 0.003500 0.007812
0 0.803875 0.667188 0.004750 0.009375
0 0.820375 0.729688 0.003750 0.010417
0 0.828375 0.741146 0.004250 0.006250
0 0.826625 0.733073 0.005750 0.007812
0 0.836750 0.634375 0.006000 0.008333
0 0.748250 0.936979 0.005500 0.008333
0 0.768750 0.905208 0.006000 0.011458
0 0.754000 0.869792 0.003500 0.008333
0 0.729000 0.880729 0.007000 0.008333
0 0.728500 0.871094 0.007000 0.008854
0 0.706750 0.809375 0.005500 0.010417
0 0.707125 0.843229 0.006250 0.007292
0 0.679500 0.830208 0.006000 0.011458
0 0.672125 0.808594 0.004750 0.011979
0 0.673875 0.751563 0.005750 0.012500
0 0.657250 0.766146 0.006500 0.013542
0 0.631375 0.784375 0.004750 0.012500
0 0.634750 0.778125 0.006000 0.010417
0 0.639625 0.759115 0.007750 0.017188
0 0.660250 0.782031 0.006500 0.014063
0 0.663625 0.771615 0.005750 0.009896
0 0.653500 0.726302 0.004500 0.010937
0 0.659000 0.718750 0.004000 0.013542
0 0.640000 0.723698 0.005500 0.010937
0 0.640250 0.706250 0.005000 0.011458
0 0.643750 0.705990 0.003500 0.009896
0 0.614500 0.673177 0.006000 0.011979
0 0.607750 0.664844 0.006000 0.011979
0 0.556875 0.517448 0.005250 0.014063
0 0.579625 0.504427 0.005250 0.009896
0 0.752000 0.285417 0.008500 0.013542
0 0.798125 0.325000 0.004250 0.014583
