0 0.832375 0.672656 0.006750 0.014063
0 0.832875 0.609115 0.004250 0.015104
0 0.821625 0.601042 0.007750 0.008333
0 0.784000 0.604427 0.004500 0.013021
0 0.781250 0.617448 0.006000 0.010937
0 0.786125 0.625781 0.005750 0.005729
0 0.786000 0.630729 0.008000 0.007292
0 0.797750 0.609375 0.005500 0.008333
0 0.797125 0.616146 0.004750 0.010417
0 0.792000 0.619531 0.005000 0.010937
0 0.671750 0.557031 0.006000 0.011979
0 0.665000 0.559635 0.005500 0.007812
0 0.661875 0.566927 0.003250 0.007812
0 0.655500 0.463021 0.004500 0.016667
0 0.637625 0.499740 0.005750 0.011979
0 0.635875 0.513802 0.003750 0.013021
0 0.635625 0.527083 0.003750 0.013542
0 0.625500 0.576562 0.004500 0.013542
0 0.621125 0.577344 0.003750 0.013021
0 0.603125 0.617708 0.006250 0.010417
0 0.607500 0.606510 0.005500 0.008854
0 0.613875 0.605729 0.003750 0.011458
0 0.612125 0.596354 0.003750 0.013542
0 0.615500 0.595052 0.004500 0.010937
0 0.637125 0.621354 0.005250 0.016667
0 0.624750 0.655729 0.004000 0.017708
0 0.604875 0.736719 0.006750 0.011979
0 0.605250 0.736719 0.006500 0.014063
0 0.570750 0.804948 0.006500 0.010937
0 0.568125 0.824740 0.003750 0.013021
0 0.569875 0.832031 0.006250 0.008854
0 0.563875 0.827604 0.005750 0.007292
0 0.563375 0.822656 0.006750 0.005729
0 0.566625 0.846354 0.006750 0.014583
0 0.548625 0.851562 0.006750 0.006250
0 0.557375 0.841927 0.006250 0.007812
0 0.559500 0.845573 0.004500 0.008854
0 0.559500 0.852604 0.005500 0.007292
0 0.555000 0.847656 0.005500 0.005729
0 0.549250 0.844271 0.006000 0.010417
0 0.555375 0.848177 0.006250 0.005729
0 0.554625 0.852604 0.004250 0.006250
0 0.555500 0.856510 0.005500 0.005729
0 0.551500 0.858073 0.004000 0.008854
0 0.556125 0.860677 0.005250 0.007812
0 0.547250 0.864583 0.005500 0.011458
0 0.548750 0.885937 0.006000 0.011458
0 0.553375 0.881510 0.004750 0.011979
0 0.553250 0.872656 0.007000 0.006771
0 0.556500 0.876563 0.005500 0.008333
0 0.560625 0.886979 0.003250 0.014583
0 0.565375 0.889844 0.003750 0.014063
0 0.561000 0.873958 0.006000 0.009375
0 0.587875 0.839844 0.003250 0.009896
0 0.586875 0.835417 0.005250 0.008333
0 0.556375 0.924219 0.004250 0.010937
0 0.552875 0.916667 0.005250 0.009375
0 0.555625 0.906771 0.006250 0.006250
0 0.559125 0.910677 0.004750 0.010937
0 0.561375 0.913021 0.003250 0.010417
0 0.562625 0.914583 0.003750 0.011458
0 0.559375 0.934896 0.006750 0.007292
0 0.563125 0.939583 0.005250 0.008333
0 0.559500 0.946615 0.005500 0.006771
0 0.559250 0.964583 0.005000 0.008333
0 0.559750 0.971875 0.003000 0.012500
0 0.555500 0.987500 0.007500 0.007292
0 0.543750 0.980729 0.005500 0.008333
0 0.547375 0.972135 0.004750 0.005729
0 0.547875 0.968490 0.005750 0.005729
0 0.533375 0.983854 0.004750 0.011458
0 0.527750 0.990625 0.004500 0.005208
0 0.528500 0.995312 0.004500 0.004167
0 0.531375 0.988802 0.004750 0.006771
0 0.530500 0.970052 0.005000 0.006771
0 0.528625 0.976562 0.003750 0.009375
0 0.525750 0.963802 0.003500 0.013021
0 0.521250 0.948437 0.003500 0.012500
0 0.520000 0.981771 0.005500 0.010417
0 0.515500 0.982031 0.005500 0.007812
0 0.512750 0.972656 0.005000 0.009896
0 0.497500 0.978646 0.007000 0.013542
0 0.496125 0.978906 0.005250 0.011979
0 0.500625 0.978125 0.004250 0.010417
0 0.504750 0.978646 0.005000 0.009375
0 0.503625 0.967969 0.006750 0.011979
0 0.503500 0.968229 0.006000 0.010417
0 0.518125 0.965885 0.004250 0.008854
0 0.523125 0.963542 0.002750 0.009375
0 0.521250 0.963021 0.002500 0.010417
0 0.527250 0.949740 0.005000 0.007812
0 0.526750 0.943490 0.005500 0.005729
0 0.532125 0.935937 0.004250 0.013542
0 0.523750 0.917448 0.006000 0.007812
0 0.527375 0.914844 0.005250 0.010937
0 0.531125 0.912500 0.003750 0.012500
0 0.544000 0.921354 0.006000 0.006250
0 0.544125 0.916667 0.004750 0.006250
0 0.479250 0.923698 0.006000 0.008854
0 0.487375 0.925000 0.005750 0.007292
0 0.501625 0.848177 0.003750 0.011979
0 0.479500 0.843490 0.006000 0.006771
0 0.481625 0.854687 0.004250 0.011458
0 0.481250 0.870833 0.005000 0.004167
0 0.481375 0.867448 0.005250 0.005729
0 0.474750 0.863802 0.003500 0.007812
0 0.475500 0.860417 0.004000 0.007292
0 0.485750 0.827865 0.004000 0.008854
0 0.495625 0.825781 0.004750 0.008854
0 0.508375 0.869531 0.005250 0.010937
0 0.510250 0.867188 0.004000 0.009375
0 0.517500 0.873698 0.003500 0.013021
0 0.518375 0.881510 0.003750 0.006771
0 0.516250 0.888542 0.004000 0.007292
0 0.516000 0.893229 0.003500 0.005208
0 0.522500 0.872917 0.005500 0.007292
0 0.523500 0.867708 0.004500 0.008333
0 0.506375 0.815885 0.005750 0.008854
0 0.527000 0.812500 0.005500 0.007292
0 0.533375 0.818490 0.004750 0.009896
0 0.532625 0.815625 0.004250 0.008333
0 0.524250 0.795312 0.006500 0.008333
0 0.539750 0.796354 0.006000 0.007292
0 0.538250 0.791406 0.006000 0.007812
0 0.536750 0.783594 0.006000 0.004687
0 0.536000 0.779427 0.005000 0.005729
0 0.539750 0.777083 0.005000 0.008333
0 0.546125 0.785156 0.005250 0.006771
0 0.545875 0.792448 0.005250 0.006771
0 0.558875 0.790104 0.005750 0.007292
0 0.552500 0.765885 0.004500 0.010937
0 0.548000 0.763021 0.005500 0.007292
0 0.532875 0.760677 0.005750 0.007812
0 0.535250 0.757812 0.005500 0.005208
0 0.540125 0.753906 0.005750 0.006771
0 0.543375 0.759115 0.004250 0.005729
0 0.547875 0.756250 0.004250 0.005208
0 0.557500 0.750260 0.006000 0.004687
0 0.557000 0.745833 0.006000 0.006250
0 0.575500 0.739323 0.005500 0.006771
0 0.590625 0.721615 0.004250 0.008854
0 0.590500 0.715885 0.006000 0.005729
0 0.587625 0.703385 0.006250 0.007812
0 0.642500 0.533073 0.002500 0.009896
0 0.644250 0.524219 0.003000 0.009896
0 0.597875 0.536979 0.003750 0.008333
0 0.599625 0.534635 0.003750 0.007812
0 0.587250 0.551562 0.006000 0.010417
0 0.546750 0.613021 0.003500 0.008333
0 0.545625 0.610417 0.004250 0.008333
0 0.544375 0.619010 0.004750 0.009896
0 0.537500 0.622917 0.004000 0.011458
0 0.526375 0.638021 0.005250 0.010417
0 0.517875 0.682813 0.003250 0.012500
0 0.517000 0.706250 0.003500 0.013542
0 0.519000 0.723958 0.006500 0.008333
0 0.511625 0.704427 0.004750 0.005729
0 0.511625 0.700260 0.005750 0.005729
0 0.510875 0.695312 0.004750 0.009375
0 0.506500 0.689583 0.006000 0.007292
0 0.498500 0.688281 0.005500 0.009896
0 0.490250 0.681250 0.004500 0.006250
0 0.489000 0.686719 0.003500 0.007812
0 0.493250 0.719531 0.005500 0.006771
0 0.499000 0.734635 0.007000 0.007812
0 0.500875 0.724219 0.004250 0.009896
0 0.499125 0.716927 0.004750 0.009896
0 0.499625 0.706510 0.003250 0.009896
0 0.495375 0.702604 0.005250 0.011458
0 0.471750 0.748958 0.005500 0.008333
0 0.476875 0.751563 0.005750 0.006250
0 0.478875 0.754948 0.004750 0.004687
0 0.479500 0.762760 0.006000 0.005729
0 0.482250 0.769010 0.006500 0.005729
0 0.474750 0.764583 0.003500 0.013542
0 0.477875 0.781250 0.004250 0.011458
0 0.472250 0.781510 0.005500 0.009896
0 0.472625 0.793750 0.006250 0.009375
0 0.455625 0.827344 0.005250 0.007812
0 0.436000 0.840365 0.005500 0.009896
0 0.428750 0.852865 0.005000 0.011979
0 0.426375 0.854948 0.002750 0.008854
0 0.553750 0.556510 0.003500 0.013021
0 0.550875 0.564063 0.005750 0.006250
0 0.551750 0.571875 0.004500 0.011458
0 0.545000 0.577344 0.002500 0.010937
0 0.542875 0.578125 0.002250 0.013542
0 0.540875 0.575000 0.002750 0.012500
0 0.520375 0.593750 0.003750 0.014583
0 0.490625 0.588802 0.004750 0.011979
0 0.483875 0.591146 0.005250 0.006250
0 0.483250 0.587240 0.006500 0.005729
0 0.474125 0.644010 0.006750 0.008854
0 0.463375 0.666146 0.005750 0.008333
0 0.439000 0.677083 0.006000 0.006250
0 0.436000 0.691927 0.003000 0.013021
0 0.433500 0.688542 0.003000 0.011458
0 0.418500 0.677865 0.005000 0.008854
0 0.421125 0.687240 0.003250 0.009896
0 0.422375 0.695573 0.004750 0.005729
0 0.418875 0.699219 0.002750 0.009896
0 0.418500 0.691146 0.002500 0.008333
0 0.413625 0.683333 0.004750 0.010417
0 0.410875 0.670833 0.005750 0.007292
0 0.406500 0.682813 0.004000 0.009375
0 0.419250 0.712760 0.005000 0.009896
0 0.432750 0.734635 0.005000 0.008854
0 0.398375 0.714583 0.005250 0.011458
0 0.401375 0.738802 0.005750 0.008854
0 0.405125 0.752865 0.004750 0.007812
0 0.380750 0.774479 0.003500 0.006250
0 0.380000 0.771615 0.004000 0.006771
0 0.422500 0.703125 0.005500 0.011458
0 0.423250 0.702604 0.003000 0.011458
0 0.636625 0.404948 0.005250 0.010937
0 0.631875 0.402604 0.004250 0.005208
0 0.628125 0.407031 0.004750 0.007812
0 0.596000 0.426563 0.006000 0.008333
0 0.592125 0.420312 0.004250 0.006250
0 0.586000 0.421094 0.004500 0.006771
0 0.579625 0.433854 0.006750 0.006250
0 0.573625 0.423698 0.005250 0.007812
0 0.575125 0.422656 0.003750 0.004687
0 0.561125 0.445573 0.006750 0.009896
0 0.551625 0.450260 0.003750 0.013021
0 0.539625 0.446875 0.004250 0.010417
0 0.535875 0.439583 0.006750 0.006250
0 0.535500 0.455208 0.004500 0.010417
0 0.530500 0.462760 0.007000 0.005729
0 0.527250 0.455990 0.008000 0.006771
0 0.520125 0.457813 0.005750 0.012500
0 0.525500 0.446094 0.005000 0.007812
0 0.521500 0.447917 0.003000 0.005208
0 0.511500 0.474219 0.005000 0.008854
0 0.509875 0.471094 0.003750 0.007812
0 0.505125 0.474740 0.003750 0.010937
0 0.502000 0.477344 0.003500 0.011979
0 0.492750 0.491927 0.006500 0.007812
0 0.480000 0.493229 0.003500 0.008333
0 0.477250 0.487240 0.003000 0.007812
0 0.470125 0.490885 0.003250 0.004687
0 0.472375 0.490365 0.001750 0.006771
0 0.474375 0.489844 0.002750 0.005729
0 0.465500 0.495312 0.003500 0.006250
0 0.458625 0.500521 0.003250 0.006250
0 0.448125 0.512240 0.004750 0.005729
0 0.429375 0.533854 0.005250 0.007292
0 0.425750 0.534115 0.005000 0.007812
0 0.323875 0.566927 0.006250 0.005729
0 0.329250 0.568229 0.004500 0.006250
0 0.329750 0.572917 0.006000 0.006250
0 0.336000 0.569531 0.004500 0.009896
0 0.326875 0.561458 0.006750 0.005208
0 0.364125 0.557031 0.006750 0.009896
0 0.384250 0.570052 0.005000 0.006771
0 0.399375 0.552865 0.005250 0.008854
0 0.395125 0.548177 0.006250 0.006771
0 0.404875 0.550260 0.003750 0.007812
0 0.411000 0.520833 0.006500 0.006250
0 0.418375 0.529948 0.001750 0.010937
0 0.420250 0.529427 0.002000 0.010937
0 0.429375 0.498177 0.002750 0.011979
0 0.426500 0.499740 0.003000 0.013021
0 0.437500 0.505729 0.007000 0.008333
0 0.440375 0.488281 0.004750 0.009896
0 0.446500 0.493229 0.003000 0.010417
0 0.444375 0.493229 0.003250 0.010417
0 0.454125 0.485937 0.004750 0.013542
0 0.443500 0.473177 0.005000 0.013021
0 0.449375 0.461198 0.004250 0.014063
0 0.459375 0.451042 0.005750 0.012500
0 0.500250 0.446354 0.006500 0.010417
0 0.509500 0.437760 0.006000 0.010937
0 0.490125 0.448177 0.004750 0.010937
0 0.489375 0.445052 0.005250 0.010937
0 0.488500 0.428906 0.003000 0.011979
0 0.483875 0.417969 0.004750 0.008854
0 0.483125 0.414323 0.005750 0.009896
0 0.522750 0.425260 0.004500 0.015104
0 0.535625 0.418490 0.003750 0.009896
0 0.533875 0.416667 0.004750 0.012500
0 0.536500 0.397917 0.005000 0.014583
0 0.524750 0.392969 0.006000 0.014063
0 0.620375 0.347135 0.005750 0.013021
0 0.612000 0.331771 0.006000 0.007292
0 0.612625 0.328125 0.005250 0.006250
0 0.605000 0.321094 0.004000 0.013021
0 0.600875 0.340885 0.005750 0.008854
0 0.599125 0.339062 0.005750 0.007292
0 0.600375 0.331250 0.004750 0.009375
0 0.594000 0.316146 0.004500 0.015625
0 0.558375 0.297917 0.006250 0.008333
0 0.565750 0.301563 0.004500 0.008333
0 0.564875 0.297656 0.005250 0.007812
0 0.564625 0.290625 0.006750 0.007292
0 0.569000 0.284115 0.006000 0.008854
0 0.569125 0.278906 0.005250 0.005729
0 0.566625 0.269010 0.005750 0.005729
0 0.562750 0.265365 0.006500 0.009896
0 0.557125 0.265885 0.005250 0.010937
0 0.551625 0.282552 0.003250 0.010937
0 0.550500 0.279427 0.003000 0.007812
0 0.499375 0.220312 0.004750 0.013542
0 0.495000 0.219531 0.004500 0.013021
0 0.492125 0.219531 0.005250 0.013021
0 0.486750 0.223958 0.004500 0.007292
0 0.484000 0.217708 0.005500 0.009375
0 0.493125 0.211198 0.006750 0.007812
0 0.499875 0.201302 0.004750 0.014063
0 0.494750 0.204427 0.004000 0.006771
0 0.473750 0.210938 0.004500 0.012500
0 0.468000 0.197396 0.006000 0.013542
0 0.474500 0.180990 0.004000 0.013021
0 0.472625 0.178906 0.003750 0.009896
0 0.484500 0.151562 0.006000 0.012500
0 0.460625 0.188802 0.002750 0.009896
0 0.458875 0.187240 0.003250 0.009896
0 0.453625 0.179688 0.002750 0.011458
0 0.456500 0.184115 0.003000 0.006771
0 0.457375 0.177344 0.004750 0.009896
0 0.447000 0.151042 0.006000 0.009375
0 0.380500 0.033854 0.007500 0.008333
0 0.385125 0.047656 0.006750 0.007812
0 0.385500 0.056771 0.005500 0.008333
0 0.391500 0.067187 0.002500 0.011458
0 0.391750 0.034375 0.006000 0.011458
0 0.401625 0.078125 0.003750 0.009375
0 0.415000 0.066667 0.003500 0.009375
0 0.415875 0.061719 0.004750 0.010937
0 0.420125 0.061719 0.005250 0.006771
0 0.412750 0.052865 0.002500 0.007812
0 0.416750 0.053906 0.005000 0.007812
0 0.429625 0.030990 0.003750 0.009896
0 0.420625 0.078125 0.004750 0.009375
0 0.425125 0.077865 0.004750 0.008854
0 0.427375 0.083854 0.005250 0.006250
0 0.424750 0.092188 0.005000 0.009375
0 0.434625 0.098958 0.006750 0.009375
0 0.446500 0.098177 0.005000 0.016146
0 0.441625 0.065625 0.002750 0.009375
0 0.440250 0.063542 0.004500 0.011458
0 0.439125 0.060156 0.003750 0.008854
0 0.458000 0.113802 0.004000 0.004687
0 0.652875 0.325000 0.004250 0.016667
0 0.657375 0.267969 0.004750 0.010937
0 0.641500 0.003385 0.005500 0.006771
0 0.624750 0.486979 0.004000 0.009375
0 0.948500 0.508073 0.006500 0.008854
0 0.973500 0.394010 0.007000 0.009896
