0 0.150781 0.538875 0.010937 0.005250
0 0.072917 0.592125 0.010417 0.006250
0 0.062240 0.600500 0.010937 0.004500
0 0.059375 0.601375 0.008333 0.003750
0 0.038542 0.613250 0.012500 0.005500
0 0.011979 0.630500 0.013542 0.005000
0 0.006250 0.635250 0.011458 0.004500
0 0.040885 0.629125 0.009896 0.005250
0 0.115625 0.605000 0.007292 0.005500
0 0.113281 0.603625 0.007812 0.004750
0 0.107292 0.606125 0.009375 0.005250
0 0.095573 0.594125 0.011979 0.005250
0 0.098437 0.590500 0.013542 0.004000
0 0.339583 0.577375 0.013542 0.005750
0 0.312500 0.588250 0.013542 0.005000
0 0.348958 0.599000 0.011458 0.006500
0 0.305469 0.615375 0.011979 0.004750
0 0.309635 0.619125 0.006771 0.003750
0 0.324219 0.647375 0.010937 0.004750
0 0.333594 0.659125 0.007812 0.006750
0 0.356510 0.715875 0.008854 0.005250
0 0.348958 0.718875 0.010417 0.004250
0 0.387500 0.772250 0.009375 0.007000
0 0.399219 0.777750 0.003646 0.006500
0 0.403906 0.777750 0.005729 0.006500
0 0.437500 0.848750 0.009375 0.006000
0 0.390885 0.744875 0.010937 0.002750
0 0.390625 0.742000 0.013542 0.003000
0 0.380729 0.659125 0.012500 0.005250
0 0.365885 0.642875 0.014063 0.006250
0 0.361979 0.630875 0.010417 0.005250
0 0.359115 0.630000 0.008854 0.004500
0 0.413802 0.631750 0.008854 0.005500
0 0.357552 0.510875 0.005729 0.005750
0 0.351823 0.511125 0.006771 0.006750
0 0.410156 0.537875 0.013021 0.002250
0 0.409375 0.535875 0.011458 0.002250
0 0.406250 0.557125 0.012500 0.007250
0 0.429427 0.569875 0.016146 0.005750
0 0.435156 0.576000 0.009896 0.006500
0 0.457813 0.587875 0.015625 0.006250
0 0.505990 0.614125 0.015104 0.003750
0 0.521875 0.619875 0.010417 0.005750
0 0.557031 0.637000 0.011979 0.006500
0 0.576302 0.650500 0.015104 0.005500
0 0.589323 0.662500 0.014063 0.004500
0 0.701302 0.743375 0.015104 0.006250
0 0.746094 0.735000 0.011979 0.006000
0 0.656771 0.684125 0.012500 0.004250
0 0.577344 0.634125 0.011979 0.004250
0 0.578646 0.628500 0.014583 0.004000
0 0.559896 0.628625 0.010417 0.006250
0 0.386979 0.468750 0.009375 0.006500
0 0.431771 0.464500 0.008333 0.005000
0 0.426302 0.461625 0.008854 0.005250
0 0.438281 0.460000 0.007812 0.004000
0 0.442969 0.459375 0.008854 0.005750
0 0.448698 0.457750 0.010937 0.004500
0 0.460156 0.458250 0.009896 0.004500
0 0.501302 0.456500 0.006771 0.003500
0 0.506250 0.455750 0.008333 0.005000
0 0.577083 0.464000 0.012500 0.004500
0 0.576823 0.452125 0.011979 0.006250
0 0.667708 0.449875 0.009375 0.005250
0 0.671354 0.451375 0.007292 0.004250
0 0.716406 0.437000 0.010937 0.004000
0 0.728646 0.436875 0.008333 0.005250
0 0.757812 0.440125 0.013542 0.005750
0 0.775260 0.432375 0.011979 0.005250
0 0.790885 0.435125 0.015104 0.004250
0 0.805208 0.429375 0.014583 0.005250
0 0.952344 0.417500 0.008854 0.006000
0 0.956510 0.416625 0.007812 0.004750
0 0.980990 0.392750 0.013021 0.004500
0 0.982552 0.390875 0.015104 0.003750
0 0.914062 0.409500 0.013542 0.004500
0 0.902344 0.410750 0.013021 0.006500
0 0.685417 0.422500 0.010417 0.006500
0 0.688281 0.420625 0.010937 0.005250
0 0.627604 0.437125 0.013542 0.003250
0 0.627865 0.434625 0.009896 0.002750
0 0.565365 0.436625 0.007812 0.006250
0 0.557552 0.436875 0.010937 0.003750
0 0.543490 0.443125 0.013021 0.004250
0 0.505208 0.434125 0.015625 0.004250
0 0.469531 0.447375 0.008854 0.006750
0 0.411719 0.397875 0.006771 0.005750
0 0.405729 0.396125 0.010417 0.005750
0 0.408854 0.381000 0.012500 0.004000
0 0.488802 0.353500 0.010937 0.007000
0 0.490625 0.345250 0.010417 0.004500
0 0.569010 0.355625 0.008854 0.007750
0 0.536458 0.335625 0.011458 0.005250
0 0.543490 0.330375 0.011979 0.004250
0 0.558594 0.341625 0.009896 0.003750
0 0.560417 0.339375 0.013542 0.003750
0 0.595052 0.342000 0.005729 0.006500
0 0.591146 0.341750 0.006250 0.005500
0 0.601823 0.326125 0.007812 0.007750
0 0.597135 0.323625 0.008854 0.005750
0 0.633854 0.322750 0.006250 0.005500
0 0.629167 0.322250 0.008333 0.006500
0 0.686458 0.285125 0.009375 0.006750
0 0.728125 0.276500 0.009375 0.007500
0 0.775000 0.259000 0.009375 0.007000
0 0.764583 0.256125 0.010417 0.007250
0 0.846094 0.257500 0.007812 0.006000
0 0.840365 0.254000 0.009896 0.005500
0 0.836458 0.253250 0.008333 0.005000
0 0.830729 0.231375 0.012500 0.005750
0 0.857292 0.224625 0.011458 0.005250
0 0.877083 0.215250 0.013542 0.007000
0 0.878646 0.167000 0.011458 0.008000
0 0.892969 0.183500 0.006771 0.006500
0 0.899219 0.187875 0.006771 0.005750
0 0.903385 0.186875 0.008854 0.005750
0 0.883333 0.200000 0.015625 0.004500
0 0.828906 0.211125 0.011979 0.004750
0 0.793229 0.227750 0.015625 0.005000
0 0.760417 0.222625 0.013542 0.006250
0 0.757031 0.234125 0.011979 0.002750
0 0.757031 0.236625 0.014063 0.003250
0 0.613802 0.287000 0.009896 0.004000
0 0.608854 0.289750 0.012500 0.003000
0 0.608854 0.292500 0.011458 0.003000
0 0.351823 0.352500 0.010937 0.006500
0 0.356250 0.346250 0.009375 0.006500
0 0.366927 0.321000 0.011979 0.006000
0 0.411979 0.308500 0.006250 0.007500
0 0.406510 0.308875 0.005729 0.006250
0 0.377865 0.293750 0.007812 0.007000
0 0.390885 0.294000 0.007812 0.007500
0 0.406250 0.299250 0.005208 0.006000
0 0.402083 0.299000 0.006250 0.006000
0 0.425521 0.284750 0.008333 0.006000
0 0.429688 0.284125 0.007292 0.006250
0 0.431771 0.271875 0.010417 0.007250
0 0.396354 0.274250 0.012500 0.005000
0 0.410417 0.275875 0.009375 0.004250
0 0.412760 0.274500 0.010937 0.005000
0 0.416927 0.260125 0.014063 0.005750
0 0.440885 0.253375 0.011979 0.006250
0 0.420573 0.244250 0.008854 0.007000
0 0.452604 0.245500 0.008333 0.006500
0 0.458854 0.245000 0.006250 0.006500
0 0.519792 0.162625 0.010417 0.006750
0 0.562760 0.109875 0.008854 0.007750
0 0.555990 0.109000 0.004687 0.007500
0 0.570573 0.096500 0.009896 0.008000
0 0.607812 0.045375 0.013542 0.005250
0 0.579167 0.046500 0.012500 0.005500
0 0.567708 0.043250 0.011458 0.005500
0 0.546354 0.068500 0.011458 0.007000
0 0.580208 0.075500 0.010417 0.008000
0 0.471615 0.161125 0.014063 0.005250
0 0.449740 0.164250 0.010937 0.006500
0 0.454687 0.156875 0.009375 0.003250
0 0.453385 0.155250 0.011979 0.004500
0 0.417708 0.182750 0.009375 0.006000
0 0.399479 0.199125 0.009375 0.005750
0 0.431771 0.194375 0.013542 0.006250
0 0.432292 0.211000 0.011458 0.005000
0 0.433333 0.207750 0.007292 0.004500
0 0.357552 0.287875 0.011979 0.005750
0 0.375260 0.281375 0.006771 0.004750
0 0.370052 0.282750 0.006771 0.004000
0 0.358073 0.299500 0.011979 0.006000
0 0.357552 0.304000 0.008854 0.005000
0 0.313021 0.323625 0.008333 0.004250
0 0.211198 0.347625 0.008854 0.007250
0 0.188281 0.311875 0.008854 0.006250
0 0.193490 0.311375 0.007812 0.006250
0 0.144531 0.311125 0.011979 0.005250
0 0.145573 0.287750 0.010937 0.008000
0 0.209375 0.293500 0.011458 0.005500
0 0.215625 0.291250 0.007292 0.005000
0 0.219010 0.296000 0.006771 0.006000
0 0.223698 0.295750 0.005729 0.006500
0 0.175781 0.248750 0.010937 0.005000
0 0.177604 0.246500 0.010417 0.004500
0 0.182031 0.222500 0.006771 0.006000
0 0.187240 0.222625 0.005729 0.006750
0 0.161979 0.205875 0.006250 0.006750
0 0.157552 0.205500 0.004687 0.005500
0 0.155208 0.201125 0.007292 0.006750
0 0.165625 0.193375 0.009375 0.004250
0 0.167969 0.191875 0.011979 0.005250
0 0.151302 0.171250 0.009896 0.007000
0 0.147396 0.178375 0.008333 0.006750
0 0.153385 0.178750 0.007812 0.005500
0 0.162240 0.180500 0.008854 0.005500
0 0.163802 0.178250 0.008854 0.005000
0 0.153125 0.116375 0.011458 0.003750
0 0.131771 0.110000 0.006250 0.005500
0 0.135417 0.110250 0.004167 0.006500
0 0.105469 0.146500 0.010937 0.007500
0 0.136458 0.219500 0.008333 0.004500
0 0.133073 0.218250 0.007812 0.004500
0 0.151042 0.254375 0.012500 0.006250
0 0.121875 0.273750 0.012500 0.006000
0 0.037240 0.679125 0.008854 0.002750
0 0.038281 0.677000 0.008854 0.002500
0 0.034635 0.676375 0.010937 0.004250
0 0.033854 0.675125 0.009375 0.003750
