0 0.027344 0.635625 0.011979 0.004250
0 0.090625 0.628750 0.009375 0.004000
0 0.349479 0.643875 0.007292 0.005250
0 0.356510 0.645250 0.004687 0.005000
0 0.365104 0.637375 0.011458 0.004750
0 0.379427 0.636500 0.010937 0.004500
0 0.327083 0.594375 0.006250 0.004750
0 0.312760 0.589000 0.008854 0.006500
0 0.240625 0.553625 0.012500 0.003250
0 0.223437 0.559250 0.009375 0.005000
0 0.185417 0.534125 0.012500 0.003250
0 0.133333 0.533250 0.008333 0.004500
0 0.188021 0.555875 0.008333 0.003750
0 0.193750 0.555250 0.008333 0.005500
0 0.250521 0.558500 0.010417 0.003000
0 0.253906 0.560875 0.011979 0.003250
0 0.382812 0.603250 0.007292 0.004000
0 0.377344 0.600500 0.011979 0.004500
0 0.326823 0.577625 0.010937 0.004750
0 0.454687 0.566000 0.009375 0.004500
0 0.452344 0.555500 0.009896 0.005500
0 0.411198 0.501875 0.005729 0.004750
0 0.411458 0.497750 0.009375 0.004500
0 0.411979 0.510625 0.008333 0.006250
0 0.435417 0.515875 0.007292 0.003750
0 0.433854 0.518125 0.008333 0.004750
0 0.442969 0.530500 0.007812 0.004000
0 0.438542 0.527500 0.006250 0.005500
0 0.415104 0.462875 0.008333 0.005750
0 0.384375 0.481625 0.007292 0.004250
0 0.387760 0.483250 0.008854 0.005000
0 0.387240 0.418375 0.008854 0.006250
0 0.407812 0.416125 0.009375 0.005250
0 0.407552 0.422875 0.006771 0.005250
0 0.412240 0.421125 0.006771 0.004250
0 0.389583 0.336000 0.012500 0.007000
0 0.321094 0.313875 0.010937 0.005750
0 0.754948 0.412750 0.010937 0.003500
0 0.765885 0.426500 0.010937 0.003000
0 0.649479 0.515375 0.008333 0.004250
0 0.650781 0.518625 0.006771 0.004750
0 0.585156 0.560750 0.013021 0.005000
0 0.535417 0.607000 0.008333 0.006000
0 0.522135 0.600000 0.008854 0.004500
0 0.535417 0.592375 0.010417 0.004750
0 0.553646 0.581750 0.008333 0.004000
0 0.551562 0.579125 0.009375 0.004250
0 0.617708 0.608625 0.011458 0.003750
0 0.615885 0.630875 0.009896 0.003250
0 0.619531 0.633375 0.011979 0.003250
0 0.707552 0.638375 0.009896 0.004750
0 0.747396 0.620500 0.011458 0.004000
0 0.762240 0.645000 0.010937 0.004500
0 0.694531 0.629875 0.006771 0.005250
0 0.698698 0.629375 0.008854 0.004250
0 0.663281 0.616500 0.007812 0.004000
0 0.662240 0.619625 0.004687 0.004250
0 0.665625 0.621625 0.004167 0.004750
0 0.671354 0.623000 0.008333 0.004500
0 0.671094 0.619500 0.006771 0.003000
0 0.897135 0.626125 0.011979 0.004250
0 0.435677 0.500750 0.007812 0.004500
0 0.438542 0.499375 0.008333 0.003250
0 0.417187 0.588000 0.006250 0.003500
