0 0.226375 0.462240 0.004250 0.008854
0 0.264250 0.526042 0.003500 0.010417
0 0.331125 0.284896 0.004250 0.008333
0 0.376875 0.385417 0.003250 0.007292
0 0.389125 0.509635 0.005250 0.011979
0 0.456625 0.552344 0.003750 0.014063
0 0.463500 0.540104 0.004000 0.008333
0 0.460500 0.543490 0.003000 0.013021
0 0.460125 0.486458 0.004750 0.015625
0 0.434250 0.437760 0.005000 0.013021
0 0.439625 0.425521 0.006250 0.012500
0 0.423375 0.429688 0.005250 0.010417
0 0.419125 0.382552 0.003250 0.015104
0 0.414875 0.381771 0.004750 0.013542
0 0.452875 0.383594 0.005750 0.011979
0 0.451375 0.366927 0.006750 0.008854
0 0.462750 0.382031 0.004000 0.014063
0 0.459875 0.390885 0.004750 0.013021
0 0.467375 0.442448 0.004250 0.016146
0 0.463625 0.435937 0.005250 0.009375
0 0.465625 0.427865 0.003750 0.014063
0 0.470000 0.430729 0.003000 0.007292
0 0.471125 0.426042 0.003750 0.008333
0 0.459750 0.341927 0.004500 0.015104
0 0.451000 0.312240 0.006500 0.009896
0 0.472250 0.296875 0.005000 0.013542
0 0.454625 0.282813 0.006250 0.008333
0 0.471125 0.241146 0.005250 0.009375
0 0.416375 0.257552 0.006250 0.011979
0 0.430000 0.138542 0.005500 0.013542
0 0.497000 0.605729 0.004500 0.010417
0 0.494875 0.594531 0.003750 0.013021
0 0.484750 0.595833 0.004500 0.012500
0 0.508250 0.546094 0.003500 0.013021
0 0.504125 0.549479 0.004750 0.009375
0 0.523000 0.538542 0.005500 0.012500
0 0.501875 0.522656 0.005250 0.008854
0 0.497625 0.514844 0.002750 0.013021
0 0.500875 0.486198 0.004750 0.017188
0 0.492625 0.488802 0.004750 0.016146
0 0.522500 0.440885 0.004000 0.014063
0 0.526000 0.428906 0.005000 0.008854
0 0.536250 0.435677 0.006000 0.009896
0 0.537875 0.461719 0.005250 0.014063
0 0.557625 0.432292 0.003750 0.011458
0 0.560125 0.421354 0.004750 0.012500
0 0.565000 0.410417 0.004000 0.010417
0 0.564875 0.402083 0.005250 0.008333
0 0.548375 0.423698 0.003250 0.013021
0 0.551875 0.420573 0.003250 0.008854
0 0.553000 0.430729 0.003000 0.010417
0 0.548625 0.412500 0.005250 0.006250
0 0.552125 0.391667 0.006250 0.007292
0 0.551125 0.401042 0.004750 0.011458
0 0.547375 0.392188 0.003750 0.012500
0 0.549000 0.402083 0.004000 0.010417
0 0.541375 0.401302 0.002750 0.013021
0 0.544125 0.398958 0.002250 0.012500
0 0.545875 0.405208 0.002250 0.011458
0 0.542625 0.381250 0.005750 0.009375
0 0.549875 0.372135 0.004250 0.011979
0 0.552375 0.358073 0.003750 0.011979
0 0.547375 0.364583 0.005250 0.010417
0 0.543500 0.354167 0.003000 0.010417
0 0.544875 0.349479 0.003750 0.011458
0 0.557125 0.357031 0.003750 0.010937
0 0.560375 0.354687 0.003250 0.010417
0 0.564375 0.348438 0.004250 0.010417
0 0.557125 0.377344 0.002750 0.011979
0 0.553625 0.378385 0.003250 0.009896
0 0.555750 0.368750 0.003000 0.008333
0 0.553625 0.370052 0.002250 0.007812
0 0.541750 0.334635 0.006500 0.008854
0 0.542750 0.325000 0.004500 0.011458
0 0.516375 0.322656 0.004250 0.014063
0 0.522250 0.300260 0.002500 0.011979
0 0.527500 0.295052 0.005000 0.009896
0 0.538250 0.292708 0.004500 0.015625
0 0.547500 0.296875 0.006500 0.009375
0 0.549750 0.339844 0.003500 0.008854
0 0.551625 0.336979 0.004750 0.010417
0 0.555000 0.333594 0.004500 0.009896
0 0.574500 0.327344 0.005500 0.011979
0 0.574125 0.303646 0.003750 0.012500
0 0.576250 0.295312 0.003000 0.010417
0 0.590625 0.271354 0.004750 0.011458
0 0.563625 0.302604 0.004250 0.010417
0 0.561750 0.308854 0.003500 0.007292
0 0.559125 0.301823 0.003750 0.008854
0 0.564000 0.288802 0.004000 0.010937
0 0.561250 0.278646 0.004000 0.010417
0 0.560375 0.293750 0.004750 0.009375
0 0.561375 0.250521 0.004750 0.007292
0 0.574875 0.215104 0.003250 0.013542
0 0.570750 0.199479 0.005500 0.007292
0 0.567875 0.188802 0.004250 0.014063
0 0.566625 0.137240 0.003250 0.009896
0 0.562125 0.126562 0.003750 0.014583
0 0.509375 0.239844 0.002250 0.008854
0 0.507625 0.237500 0.003250 0.011458
0 0.509375 0.378125 0.003250 0.012500
0 0.506250 0.378385 0.003000 0.013021
0 0.499875 0.678385 0.004750 0.010937
0 0.534375 0.628125 0.005750 0.012500
0 0.512250 0.655208 0.003000 0.009375
0 0.524125 0.627344 0.003250 0.008854
0 0.519625 0.632812 0.004250 0.007292
0 0.518000 0.638802 0.005500 0.004687
0 0.517500 0.644010 0.003500 0.005729
0 0.532125 0.599479 0.003250 0.012500
0 0.532625 0.587500 0.003250 0.007292
0 0.535875 0.602865 0.004750 0.006771
0 0.560000 0.619792 0.005500 0.012500
0 0.547750 0.608854 0.003000 0.013542
0 0.550000 0.612240 0.002000 0.013021
0 0.552250 0.611719 0.002500 0.013021
0 0.553125 0.586719 0.005750 0.011979
0 0.558625 0.582031 0.003250 0.013021
0 0.555375 0.579427 0.003250 0.011979
0 0.560500 0.566667 0.004000 0.015625
0 0.550625 0.565625 0.004250 0.010417
0 0.560250 0.542708 0.005000 0.012500
0 0.571750 0.539062 0.006000 0.012500
0 0.581000 0.540104 0.004000 0.012500
0 0.555375 0.538802 0.004250 0.010937
0 0.549625 0.541927 0.004250 0.006771
0 0.551250 0.551823 0.004000 0.009896
0 0.549125 0.549479 0.004250 0.009375
0 0.546875 0.557552 0.004250 0.008854
0 0.555125 0.515885 0.004750 0.013021
0 0.562500 0.512240 0.005000 0.015104
0 0.568625 0.501563 0.004750 0.011458
0 0.569250 0.488281 0.004500 0.011979
0 0.566125 0.476302 0.004250 0.008854
0 0.577750 0.474479 0.004500 0.012500
0 0.568250 0.458073 0.004500 0.009896
0 0.573750 0.449740 0.004500 0.011979
0 0.606000 0.488281 0.005000 0.016146
0 0.609750 0.460677 0.003000 0.011979
0 0.606125 0.458854 0.004250 0.014583
0 0.602000 0.431250 0.005500 0.016667
0 0.590500 0.409635 0.004000 0.008854
0 0.588625 0.428385 0.004250 0.006771
0 0.607750 0.422656 0.006000 0.011979
0 0.609375 0.373177 0.003750 0.011979
0 0.619125 0.365104 0.004250 0.013542
0 0.628000 0.397396 0.005000 0.013542
0 0.638750 0.433333 0.003000 0.010417
0 0.641500 0.434896 0.003000 0.015625
0 0.652500 0.344271 0.007000 0.012500
0 0.654875 0.290104 0.006250 0.012500
0 0.518750 0.740625 0.003500 0.010417
0 0.523625 0.730208 0.006750 0.008333
0 0.536625 0.726823 0.003250 0.010937
0 0.558125 0.714844 0.006750 0.014063
0 0.575625 0.739062 0.005750 0.014583
0 0.582125 0.685156 0.008750 0.011979
0 0.596500 0.691146 0.005500 0.010417
0 0.590750 0.693229 0.005500 0.008333
0 0.591500 0.703906 0.006000 0.013021
0 0.625125 0.730469 0.006250 0.015104
0 0.602500 0.776042 0.007000 0.013542
0 0.648250 0.735417 0.007000 0.013542
0 0.600125 0.668490 0.007250 0.010937
0 0.607125 0.655208 0.006250 0.013542
0 0.608750 0.670573 0.006000 0.013021
0 0.614750 0.664583 0.005000 0.015625
0 0.633625 0.682292 0.005750 0.014583
0 0.636375 0.693750 0.004750 0.010417
0 0.630500 0.694531 0.004000 0.013021
0 0.626000 0.649479 0.004500 0.008333
0 0.626250 0.643229 0.006000 0.008333
0 0.628375 0.637500 0.007250 0.009375
0 0.661375 0.640365 0.007250 0.013021
0 0.685000 0.630469 0.005000 0.014063
0 0.688875 0.642188 0.007250 0.014583
0 0.667750 0.902344 0.004000 0.009896
0 0.705250 0.928125 0.006000 0.009375
0 0.750500 0.962760 0.004500 0.010937
0 0.756500 0.988281 0.005500 0.010937
0 0.771375 0.899219 0.004250 0.008854
0 0.960750 0.528906 0.005500 0.011979
0 0.971500 0.052083 0.006000 0.010417
