0 0.512500 0.607500 0.009375 0.006000
0 0.439323 0.184000 0.008854 0.008000
0 0.685156 0.556875 0.010937 0.003250
0 0.683594 0.554750 0.010937 0.003000
0 0.744271 0.525250 0.009375 0.004500
0 0.740104 0.524000 0.009375 0.005500
0 0.812500 0.490375 0.008333 0.007250
0 0.804167 0.488375 0.011458 0.004750
0 0.890885 0.411500 0.013021 0.006500
0 0.844271 0.407500 0.014583 0.006000
0 0.882031 0.468500 0.011979 0.005500
0 0.871615 0.476000 0.008854 0.006500
0 0.877865 0.474000 0.008854 0.005500
0 0.829948 0.683750 0.011979 0.005000
0 0.831771 0.698625 0.009375 0.006250
0 0.407812 0.548500 0.011458 0.005000
