0 0.296094 0.515375 0.014063 0.005250
0 0.302344 0.496500 0.008854 0.006000
0 0.423698 0.564500 0.009896 0.006000
0 0.489844 0.492125 0.009896 0.007250
0 0.530469 0.442250 0.009896 0.007500
0 0.470833 0.443875 0.011458 0.005250
0 0.420312 0.430750 0.013542 0.006000
0 0.484635 0.442625 0.010937 0.006250
0 0.487240 0.442125 0.007812 0.005250
0 0.533333 0.347125 0.011458 0.004750
0 0.491927 0.365375 0.011979 0.004250
0 0.491927 0.361875 0.016146 0.004250
0 0.653125 0.513125 0.007292 0.006750
0 0.654427 0.506750 0.011979 0.005000
0 0.774479 0.475125 0.011458 0.006750
0 0.820052 0.453625 0.009896 0.007250
0 0.813021 0.451500 0.013542 0.004500
0 0.821094 0.396625 0.015104 0.006250
0 0.839583 0.433000 0.007292 0.008000
0 0.845833 0.434000 0.007292 0.006000
0 0.776823 0.351750 0.014063 0.006500
0 0.885937 0.315375 0.012500 0.005250
0 0.112240 0.215125 0.015104 0.005250
0 0.800781 0.116125 0.009896 0.005750
