0 0.075625 0.484115 0.006250 0.014063
0 0.216875 0.378125 0.007750 0.015625
0 0.238625 0.992969 0.005750 0.013021
0 0.240125 0.894792 0.008250 0.017708
0 0.252375 0.823177 0.005750 0.020313
0 0.252000 0.850781 0.006000 0.017188
0 0.249625 0.848177 0.005250 0.014063
0 0.330125 0.741667 0.006750 0.021875
0 0.329250 0.652083 0.006000 0.017708
0 0.345875 0.630729 0.009250 0.010417
0 0.373875 0.626302 0.005250 0.016146
0 0.365375 0.609635 0.005750 0.021354
0 0.399500 0.602344 0.006000 0.020313
0 0.412500 0.577604 0.009500 0.014583
0 0.453625 0.495833 0.007250 0.017708
0 0.488000 0.526823 0.006000 0.017188
0 0.486250 0.601562 0.004500 0.014583
0 0.482625 0.595573 0.006750 0.010937
0 0.499000 0.574740 0.003500 0.013021
0 0.496500 0.575521 0.003000 0.010417
0 0.480625 0.631250 0.007250 0.009375
0 0.484750 0.623437 0.005000 0.014583
0 0.483875 0.656771 0.004750 0.015625
0 0.478625 0.688542 0.006250 0.015625
0 0.459625 0.660417 0.003250 0.015625
0 0.456875 0.658854 0.003250 0.015625
0 0.541875 0.465885 0.005750 0.014063
0 0.549625 0.542708 0.006750 0.013542
0 0.553750 0.565365 0.004500 0.010937
0 0.556625 0.575781 0.004750 0.011979
0 0.548000 0.617188 0.006500 0.013542
0 0.563875 0.561198 0.005750 0.016146
0 0.546500 0.645312 0.004500 0.012500
0 0.558625 0.658073 0.003750 0.013021
0 0.555375 0.658073 0.003250 0.013021
0 0.581750 0.634896 0.005500 0.012500
0 0.596750 0.636458 0.005500 0.016667
0 0.589625 0.687240 0.006250 0.010937
0 0.616000 0.720833 0.004500 0.009375
0 0.620500 0.738281 0.004000 0.009896
0 0.609250 0.554427 0.004500 0.014063
0 0.616000 0.534635 0.002500 0.008854
0 0.613750 0.535156 0.002500 0.009896
0 0.611875 0.522396 0.003750 0.010417
0 0.609875 0.511198 0.002750 0.010937
0 0.612500 0.510938 0.004000 0.010417
0 0.626250 0.547396 0.005000 0.013542
0 0.623375 0.579688 0.004250 0.011458
0 0.641625 0.632552 0.004750 0.013021
0 0.617125 0.349479 0.007750 0.006250
0 0.633625 0.335677 0.007250 0.013021
0 0.634875 0.327865 0.005750 0.017188
0 0.682500 0.375521 0.006500 0.013542
0 0.730500 0.352865 0.004500 0.011979
0 0.732500 0.350260 0.005000 0.015104
0 0.757625 0.376563 0.004750 0.010417
0 0.759875 0.373698 0.007250 0.014063
0 0.791125 0.424479 0.007250 0.010417
0 0.783750 0.426823 0.008500 0.009896
0 0.778125 0.422917 0.004250 0.012500
0 0.814625 0.419531 0.005750 0.019271
0 0.834750 0.428646 0.005500 0.015625
0 0.838125 0.420312 0.009250 0.011458
0 0.883875 0.536198 0.008750 0.011979
0 0.904125 0.541146 0.006250 0.015625
0 0.885125 0.492448 0.009250 0.016146
0 0.938125 0.563542 0.005750 0.016667
0 0.950250 0.568490 0.008500 0.011979
0 0.586875 0.232552 0.005250 0.018229
0 0.608375 0.203646 0.007250 0.015625
0 0.619125 0.188802 0.004750 0.016146
0 0.615500 0.176823 0.010000 0.009896
0 0.599250 0.199740 0.005500 0.016146
0 0.597875 0.194792 0.005750 0.012500
0 0.631375 0.203906 0.007250 0.011979
0 0.630125 0.218750 0.004750 0.009375
0 0.653750 0.160156 0.007500 0.013021
0 0.654375 0.152865 0.007750 0.009896
0 0.657375 0.090625 0.006750 0.018750
0 0.688000 0.131771 0.006000 0.019792
0 0.690375 0.124740 0.007750 0.013021
0 0.467125 0.974219 0.002750 0.013021
0 0.469875 0.972917 0.003750 0.011458
0 0.636250 0.958333 0.009000 0.012500
0 0.646000 0.796354 0.005500 0.010417
0 0.606000 0.698177 0.004000 0.010937
0 0.607250 0.691146 0.005000 0.007292
0 0.736125 0.621615 0.005250 0.013021
0 0.743375 0.614062 0.005750 0.012500
0 0.859625 0.906771 0.008750 0.014583
0 0.934875 0.865625 0.009250 0.012500
0 0.213750 0.736458 0.005500 0.014583
