0 0.202344 0.311750 0.013021 0.005500
0 0.238021 0.320875 0.011458 0.004250
0 0.263802 0.322500 0.014063 0.005500
0 0.248438 0.316875 0.011458 0.004750
0 0.369010 0.363500 0.013021 0.005000
0 0.372917 0.373625 0.009375 0.004750
0 0.376302 0.372625 0.009896 0.004750
0 0.513021 0.391000 0.008333 0.006500
0 0.523958 0.380125 0.014583 0.002750
0 0.523177 0.382375 0.013021 0.003250
0 0.534635 0.382250 0.008854 0.004000
0 0.596615 0.394500 0.011979 0.004500
0 0.637760 0.413125 0.017188 0.003750
0 0.649219 0.418375 0.009896 0.005250
0 0.645052 0.417500 0.011979 0.005000
0 0.618490 0.423500 0.014063 0.004000
0 0.601562 0.407125 0.011458 0.006750
0 0.592187 0.403875 0.013542 0.003750
0 0.574219 0.402625 0.013021 0.004250
0 0.567187 0.405250 0.011458 0.005500
0 0.534375 0.398375 0.010417 0.005250
0 0.536979 0.397500 0.009375 0.005000
0 0.501302 0.432000 0.005729 0.005000
0 0.495833 0.432000 0.005208 0.004500
0 0.490365 0.433375 0.011979 0.003250
0 0.409115 0.432375 0.014063 0.002750
0 0.386198 0.445000 0.014063 0.004500
0 0.383854 0.443250 0.012500 0.003500
0 0.409375 0.443875 0.011458 0.002750
0 0.410156 0.442125 0.015104 0.003250
0 0.629167 0.459375 0.005208 0.005250
0 0.634635 0.459125 0.007812 0.006250
0 0.601042 0.482625 0.007292 0.006250
0 0.580469 0.487375 0.014063 0.004750
0 0.572135 0.496750 0.010937 0.007000
0 0.556771 0.493375 0.009375 0.005250
0 0.553125 0.500375 0.013542 0.006250
0 0.539844 0.499000 0.009896 0.004000
0 0.544010 0.497625 0.010937 0.003750
0 0.480208 0.550125 0.011458 0.007750
0 0.422135 0.559875 0.008854 0.006750
0 0.416406 0.563500 0.006771 0.006500
0 0.411198 0.563625 0.004687 0.006250
0 0.419792 0.554875 0.010417 0.004750
0 0.418750 0.552750 0.012500 0.006000
0 0.423958 0.572000 0.012500 0.007000
0 0.414583 0.578625 0.012500 0.005750
0 0.401823 0.581750 0.013021 0.007000
0 0.447396 0.571125 0.012500 0.005250
0 0.448437 0.568625 0.016667 0.003250
0 0.324479 0.592875 0.012500 0.006750
0 0.335417 0.610625 0.012500 0.006750
0 0.302865 0.618500 0.013021 0.008000
0 0.353906 0.620375 0.014063 0.008250
0 0.383073 0.598000 0.015104 0.006500
0 0.354427 0.630750 0.009896 0.008500
0 0.345052 0.639250 0.018229 0.006000
0 0.249740 0.749375 0.010937 0.005750
0 0.247656 0.747500 0.016146 0.006500
0 0.247656 0.713875 0.017188 0.008250
0 0.382292 0.682000 0.011458 0.007000
0 0.464323 0.619375 0.014063 0.007250
0 0.394792 0.613250 0.013542 0.007500
0 0.512760 0.605500 0.007812 0.005000
0 0.509375 0.604250 0.013542 0.006500
0 0.482812 0.589000 0.013542 0.006500
0 0.480469 0.587125 0.011979 0.005750
0 0.476823 0.581750 0.010937 0.004000
0 0.473698 0.580250 0.015104 0.005000
0 0.504167 0.579500 0.008333 0.005500
0 0.499479 0.578750 0.010417 0.006500
0 0.545573 0.567625 0.010937 0.008250
0 0.578906 0.544500 0.011979 0.007000
0 0.548177 0.543625 0.017188 0.005750
0 0.571094 0.526500 0.015104 0.006500
0 0.583073 0.518375 0.013021 0.007750
0 0.604948 0.505000 0.008854 0.008500
0 0.594010 0.507375 0.014063 0.004250
0 0.581771 0.508375 0.011458 0.004750
0 0.583854 0.505000 0.013542 0.005000
0 0.766406 0.541250 0.011979 0.004500
0 0.767448 0.539875 0.010937 0.003250
0 0.819010 0.577375 0.016146 0.004750
0 0.829427 0.571875 0.016146 0.004250
0 0.816146 0.627375 0.015625 0.003750
0 0.788021 0.631875 0.012500 0.003750
0 0.760677 0.625750 0.011979 0.006500
0 0.785156 0.639250 0.010937 0.006500
0 0.776302 0.638625 0.008854 0.005250
0 0.866146 0.692375 0.011458 0.005750
0 0.877865 0.693750 0.007812 0.007500
0 0.895052 0.691875 0.016146 0.003750
0 0.867188 0.607000 0.012500 0.007000
0 0.776042 0.551875 0.010417 0.005250
0 0.916146 0.561625 0.012500 0.006250
0 0.933333 0.570000 0.012500 0.007500
0 0.969792 0.572625 0.015625 0.005250
0 0.603385 0.344875 0.008854 0.004750
0 0.659635 0.360375 0.008854 0.006250
0 0.666406 0.357250 0.008854 0.005000
0 0.654948 0.383000 0.007812 0.006000
0 0.651563 0.381875 0.007292 0.006250
0 0.671354 0.342250 0.009375 0.004500
0 0.525000 0.332750 0.008333 0.004500
0 0.517188 0.342125 0.008333 0.003750
0 0.634896 0.309750 0.008333 0.004000
