0 0.054688 0.346000 0.010417 0.004500
0 0.054167 0.341875 0.013542 0.004250
0 0.072917 0.333500 0.014583 0.004000
0 0.174740 0.337750 0.007812 0.007500
0 0.195833 0.332250 0.013542 0.004500
0 0.180729 0.321500 0.012500 0.005000
0 0.168490 0.317625 0.014063 0.004250
0 0.298438 0.271625 0.008333 0.006750
0 0.314063 0.271000 0.012500 0.004500
0 0.309635 0.267500 0.007812 0.005500
0 0.514583 0.256500 0.011458 0.005500
0 0.491406 0.265750 0.014063 0.004500
0 0.463281 0.268000 0.011979 0.004500
0 0.448437 0.276875 0.012500 0.002750
0 0.450000 0.279875 0.011458 0.005750
0 0.433594 0.279000 0.008854 0.006000
0 0.421094 0.280625 0.014063 0.004250
0 0.403125 0.283375 0.013542 0.004250
0 0.400521 0.288750 0.007292 0.004500
0 0.395833 0.293125 0.008333 0.004750
0 0.386979 0.291625 0.011458 0.004250
0 0.390104 0.288250 0.012500 0.003000
0 0.390625 0.285625 0.009375 0.003250
0 0.371354 0.295875 0.008333 0.005250
0 0.361198 0.297000 0.010937 0.004000
0 0.361458 0.314500 0.012500 0.005000
0 0.349219 0.317375 0.011979 0.004250
0 0.330469 0.314375 0.008854 0.002250
0 0.328125 0.315625 0.012500 0.002750
0 0.325000 0.311750 0.012500 0.003500
0 0.327083 0.310875 0.010417 0.002250
0 0.282031 0.347125 0.009896 0.004750
0 0.278646 0.334750 0.010417 0.005000
0 0.255729 0.332375 0.008333 0.005250
0 0.251042 0.327375 0.007292 0.004750
0 0.324219 0.331750 0.006771 0.004500
0 0.203646 0.340875 0.011458 0.006250
0 0.189062 0.352250 0.010417 0.005000
0 0.169792 0.363875 0.010417 0.005250
0 0.122917 0.373250 0.010417 0.005500
0 0.141406 0.380500 0.008854 0.003500
0 0.138021 0.383250 0.014583 0.002500
0 0.138542 0.385875 0.013542 0.003250
0 0.148177 0.388625 0.005729 0.004750
0 0.153906 0.387750 0.006771 0.004500
0 0.088281 0.381250 0.008854 0.006000
0 0.102344 0.372875 0.010937 0.003250
0 0.101823 0.370750 0.014063 0.003500
0 0.338542 0.289500 0.005208 0.005500
0 0.334115 0.289250 0.007812 0.006500
0 0.553385 0.287250 0.011979 0.005000
0 0.450000 0.318875 0.014583 0.003750
0 0.452604 0.367250 0.009375 0.005000
0 0.461198 0.367375 0.006771 0.005250
0 0.389323 0.419625 0.008854 0.003250
0 0.388021 0.417500 0.011458 0.005000
0 0.342187 0.438625 0.010417 0.006750
0 0.358333 0.448500 0.013542 0.004500
0 0.367708 0.471000 0.010417 0.005500
0 0.303385 0.473000 0.014063 0.004000
0 0.302865 0.469500 0.008854 0.005000
0 0.307292 0.501250 0.010417 0.004500
0 0.277865 0.493000 0.013021 0.005000
0 0.277083 0.491125 0.011458 0.003250
0 0.241927 0.526750 0.014063 0.005000
0 0.252083 0.523250 0.008333 0.005500
0 0.250521 0.521250 0.008333 0.004000
0 0.215885 0.537500 0.016146 0.004000
0 0.294792 0.570375 0.009375 0.005250
0 0.177083 0.597875 0.014583 0.006750
0 0.173958 0.594375 0.013542 0.004250
0 0.084375 0.646125 0.009375 0.006750
0 0.078906 0.642500 0.014063 0.003500
0 0.089844 0.658000 0.013021 0.006000
0 0.079167 0.665500 0.011458 0.006500
0 0.090365 0.673750 0.008854 0.008500
0 0.064844 0.682500 0.011979 0.005500
0 0.060937 0.678625 0.011458 0.005250
0 0.046354 0.654250 0.008333 0.006500
0 0.236458 0.482750 0.012500 0.005000
0 0.250521 0.494875 0.015625 0.004250
0 0.249479 0.459375 0.007292 0.005250
0 0.247135 0.456000 0.010937 0.002500
0 0.197135 0.466750 0.008854 0.004000
0 0.337500 0.408000 0.014583 0.004000
0 0.366406 0.399000 0.007812 0.005500
0 0.374479 0.397625 0.009375 0.006750
0 0.638802 0.320500 0.006771 0.004500
0 0.638802 0.325125 0.008854 0.003750
0 0.612240 0.342750 0.009896 0.007000
0 0.601302 0.357375 0.008854 0.007750
0 0.563021 0.408625 0.016667 0.005250
0 0.606250 0.406750 0.008333 0.005000
0 0.609635 0.405500 0.010937 0.005500
0 0.581250 0.427250 0.012500 0.005500
0 0.565885 0.435375 0.013021 0.004250
0 0.608333 0.435875 0.007292 0.006750
0 0.603906 0.436000 0.005729 0.006500
0 0.592708 0.449250 0.013542 0.005500
0 0.608333 0.494125 0.009375 0.003750
0 0.600781 0.506375 0.014063 0.003750
0 0.601042 0.509000 0.012500 0.003000
0 0.591406 0.516250 0.010937 0.006500
0 0.602604 0.522875 0.013542 0.004750
0 0.590104 0.536625 0.011458 0.006750
0 0.560156 0.527625 0.009896 0.003750
0 0.561719 0.525875 0.013021 0.004250
0 0.571094 0.649625 0.009896 0.005250
0 0.561198 0.650000 0.007812 0.008000
0 0.562760 0.662000 0.014063 0.004000
0 0.595573 0.662625 0.013021 0.007250
0 0.594271 0.677250 0.015625 0.006000
0 0.569271 0.672000 0.010417 0.006500
0 0.537500 0.668750 0.011458 0.006000
0 0.523958 0.676875 0.010417 0.006750
0 0.541927 0.684750 0.014063 0.005500
0 0.522396 0.704750 0.006250 0.005500
0 0.525000 0.703750 0.010417 0.005500
0 0.592969 0.771875 0.010937 0.004750
0 0.581510 0.804000 0.011979 0.005500
0 0.571875 0.822375 0.010417 0.007750
0 0.615885 0.792750 0.016146 0.004500
0 0.617448 0.767000 0.014063 0.003500
0 0.652604 0.724500 0.008333 0.004000
0 0.657813 0.722625 0.009375 0.004250
0 0.623958 0.703000 0.009375 0.008000
0 0.652344 0.682250 0.010937 0.006500
0 0.637500 0.680250 0.011458 0.007500
0 0.630729 0.663250 0.014583 0.005000
0 0.650781 0.650625 0.007812 0.007750
0 0.665365 0.655375 0.007812 0.003250
0 0.664062 0.652500 0.006250 0.005500
0 0.661719 0.651750 0.005729 0.006000
0 0.616667 0.605375 0.011458 0.003250
0 0.625260 0.597750 0.006771 0.005500
0 0.620052 0.597625 0.008854 0.006250
0 0.621615 0.587500 0.013021 0.005000
0 0.669271 0.609750 0.005208 0.007500
0 0.674479 0.609750 0.006250 0.007000
0 0.624740 0.553750 0.010937 0.008000
0 0.639844 0.545375 0.011979 0.005750
0 0.657813 0.502875 0.010417 0.004250
0 0.628385 0.435000 0.007812 0.004000
0 0.627083 0.432750 0.008333 0.004000
0 0.633073 0.375375 0.007812 0.004250
0 0.633073 0.366750 0.007812 0.003000
0 0.634115 0.363375 0.007812 0.004750
0 0.793750 0.402875 0.006250 0.006250
0 0.798958 0.403500 0.005208 0.005500
0 0.807292 0.416250 0.013542 0.005500
0 0.826823 0.414125 0.011979 0.003250
0 0.828385 0.410000 0.008854 0.005500
0 0.821615 0.398000 0.005729 0.006000
0 0.825521 0.397750 0.005208 0.006500
0 0.828385 0.420750 0.008854 0.005500
0 0.833594 0.419875 0.007812 0.005750
0 0.817187 0.452625 0.012500 0.005250
0 0.808854 0.459500 0.008333 0.006000
0 0.797656 0.474125 0.010937 0.007250
0 0.844271 0.461875 0.010417 0.003750
0 0.846615 0.459875 0.014063 0.003750
0 0.870833 0.464000 0.008333 0.006000
0 0.875781 0.463000 0.009896 0.005000
0 0.858333 0.497375 0.015625 0.004750
0 0.889323 0.495750 0.011979 0.005500
0 0.878125 0.505125 0.008333 0.005750
0 0.882031 0.505125 0.006771 0.004750
0 0.938281 0.498875 0.013021 0.004250
0 0.955990 0.518375 0.010937 0.006250
0 0.876563 0.536250 0.012500 0.004000
0 0.976823 0.601000 0.006771 0.006000
0 0.971354 0.600750 0.004167 0.006000
0 0.980469 0.511750 0.008854 0.006500
0 0.908073 0.449000 0.010937 0.006500
0 0.832812 0.382750 0.008333 0.003500
0 0.767448 0.260750 0.008854 0.005500
0 0.812500 0.272000 0.013542 0.004500
0 0.816667 0.279000 0.007292 0.005000
0 0.822917 0.278000 0.009375 0.005000
0 0.825260 0.284750 0.007812 0.003500
0 0.844792 0.286125 0.012500 0.003750
0 0.857812 0.287875 0.010417 0.005750
0 0.865365 0.291625 0.010937 0.004250
0 0.863802 0.295500 0.009896 0.004000
0 0.870833 0.296125 0.007292 0.004750
0 0.873698 0.295125 0.009896 0.003750
0 0.905469 0.309250 0.010937 0.005500
0 0.917708 0.309625 0.013542 0.003250
0 0.916406 0.311875 0.009896 0.003250
0 0.911719 0.314875 0.008854 0.005250
0 0.919271 0.324750 0.008333 0.007500
0 0.935417 0.319500 0.012500 0.005000
0 0.941927 0.323250 0.011979 0.003000
0 0.932552 0.325250 0.008854 0.006000
0 0.973958 0.333500 0.011458 0.005500
0 0.946094 0.348750 0.008854 0.004500
0 0.945833 0.353875 0.005208 0.003750
0 0.939844 0.353250 0.006771 0.005500
0 0.978906 0.364875 0.011979 0.004750
0 0.995833 0.347250 0.007292 0.005000
0 0.828906 0.263625 0.007812 0.006750
0 0.803125 0.218500 0.010417 0.005000
0 0.910677 0.211375 0.009896 0.004750
0 0.931771 0.212375 0.007292 0.004750
0 0.979167 0.207375 0.014583 0.004750
0 0.910417 0.202125 0.017708 0.004250
0 0.974740 0.213125 0.008854 0.004250
0 0.938542 0.214375 0.007292 0.004250
