0 0.407125 0.860417 0.010750 0.018750
0 0.443000 0.892448 0.011000 0.026562
0 0.432125 0.927865 0.009250 0.018229
0 0.414125 0.902604 0.017250 0.028125
0 0.390250 0.878385 0.010000 0.019271
0 0.387875 0.887760 0.014750 0.023438
0 0.325000 0.917448 0.010500 0.021354
0 0.307500 0.880469 0.010000 0.021354
0 0.295500 0.835417 0.008500 0.020833
0 0.290750 0.808854 0.009500 0.023958
0 0.328750 0.866927 0.009500 0.020313
0 0.336500 0.858854 0.009500 0.021875
0 0.338875 0.866146 0.007250 0.016667
0 0.317125 0.801302 0.009250 0.023438
0 0.318625 0.807292 0.010750 0.017708
0 0.329125 0.804427 0.008750 0.017188
0 0.334000 0.808594 0.008500 0.016146
0 0.309000 0.769271 0.010000 0.016667
0 0.320750 0.752604 0.009500 0.023958
0 0.339125 0.751563 0.009750 0.022917
0 0.463625 0.617188 0.012250 0.027083
0 0.456500 0.616146 0.008000 0.022917
0 0.438125 0.628646 0.014250 0.014583
0 0.430750 0.610156 0.009000 0.022396
0 0.434375 0.586458 0.011750 0.022917
0 0.458250 0.578385 0.008500 0.026562
0 0.517250 0.623437 0.012000 0.020833
0 0.502625 0.533333 0.008750 0.020833
0 0.506500 0.548438 0.008000 0.020833
0 0.515375 0.539323 0.007250 0.019271
0 0.526000 0.559896 0.011500 0.025000
0 0.528875 0.549219 0.012750 0.028646
0 0.532500 0.531510 0.008500 0.019271
0 0.520375 0.523177 0.010250 0.021354
0 0.511250 0.508073 0.013000 0.029687
0 0.414750 0.566927 0.009000 0.022396
0 0.404000 0.573958 0.011500 0.020833
0 0.402250 0.584896 0.009000 0.022917
0 0.389625 0.579948 0.008750 0.020313
0 0.361625 0.549219 0.012250 0.014063
0 0.376250 0.547396 0.010000 0.027083
0 0.349750 0.513802 0.009000 0.022396
0 0.354500 0.509896 0.008000 0.020833
0 0.390625 0.497135 0.009250 0.025521
0 0.386875 0.484115 0.006750 0.013021
0 0.401625 0.507031 0.009250 0.018229
0 0.397250 0.471094 0.009500 0.023438
0 0.422500 0.473958 0.008500 0.017708
0 0.372750 0.450260 0.010000 0.021354
0 0.382625 0.439583 0.006750 0.017708
0 0.368500 0.433333 0.006500 0.018750
0 0.360375 0.417448 0.008750 0.018229
0 0.352000 0.430729 0.007000 0.017708
0 0.337250 0.438281 0.006500 0.018229
0 0.342625 0.445312 0.009750 0.022917
0 0.317125 0.457292 0.009250 0.019792
0 0.286625 0.430208 0.012250 0.021875
0 0.326500 0.374740 0.012500 0.026562
0 0.333000 0.390104 0.013500 0.033333
0 0.317250 0.378125 0.009000 0.019792
0 0.316750 0.312500 0.007000 0.019792
0 0.529750 0.478125 0.013000 0.028125
0 0.523000 0.479687 0.012000 0.028125
0 0.507250 0.470052 0.011000 0.022396
0 0.502375 0.433594 0.010750 0.025521
0 0.511875 0.439062 0.007250 0.025000
0 0.517000 0.439323 0.008500 0.022396
0 0.524750 0.415104 0.011000 0.025000
0 0.571750 0.503125 0.010000 0.022917
0 0.578375 0.530729 0.009750 0.023958
0 0.578750 0.493229 0.011000 0.023958
0 0.589750 0.482292 0.010000 0.026042
0 0.590375 0.541406 0.012750 0.023438
0 0.610125 0.423437 0.006750 0.023958
0 0.518625 0.385677 0.012250 0.024479
0 0.520000 0.358333 0.010500 0.027083
0 0.514000 0.343229 0.008500 0.018750
0 0.495750 0.321615 0.009000 0.022396
0 0.434875 0.330990 0.014250 0.029687
0 0.513125 0.325260 0.012250 0.024479
0 0.513375 0.286719 0.009750 0.020313
0 0.513000 0.268490 0.010500 0.015104
0 0.511625 0.248177 0.010750 0.023438
0 0.506250 0.235417 0.006000 0.016667
0 0.498500 0.265365 0.010000 0.019271
0 0.472625 0.272656 0.013250 0.016146
0 0.481875 0.251563 0.008750 0.021875
0 0.483625 0.238542 0.006750 0.025000
0 0.493000 0.236719 0.015000 0.028646
0 0.487500 0.215625 0.007000 0.020833
0 0.498875 0.209115 0.009250 0.026562
0 0.616500 0.382031 0.010500 0.023438
0 0.623000 0.351302 0.010500 0.022396
0 0.631375 0.311979 0.009250 0.022917
0 0.627500 0.269792 0.008500 0.025000
0 0.629125 0.283854 0.009750 0.032292
0 0.639875 0.283594 0.005750 0.020313
0 0.632750 0.246875 0.008500 0.023958
0 0.639375 0.255729 0.006750 0.023958
0 0.615750 0.194531 0.012000 0.020313
0 0.606250 0.173437 0.014500 0.030208
0 0.617125 0.165365 0.010750 0.031771
0 0.625500 0.153906 0.007500 0.029687
0 0.639250 0.166927 0.016500 0.033854
0 0.644125 0.166146 0.011250 0.027083
0 0.465750 0.234635 0.008000 0.014063
0 0.477250 0.234896 0.009000 0.020833
0 0.471250 0.217708 0.007000 0.016667
0 0.460750 0.215104 0.010500 0.019792
0 0.465375 0.208073 0.010250 0.023438
0 0.473500 0.201563 0.008500 0.020833
0 0.458500 0.193750 0.008500 0.025000
0 0.481250 0.185677 0.011500 0.021354
0 0.495750 0.171094 0.008000 0.019271
0 0.508375 0.155990 0.009750 0.029687
0 0.477875 0.159896 0.009250 0.023958
0 0.481000 0.133073 0.008500 0.019271
0 0.493125 0.147135 0.009250 0.019271
0 0.465000 0.123698 0.012000 0.027604
0 0.459000 0.079948 0.014000 0.020313
0 0.491625 0.110677 0.014750 0.040104
0 0.491000 0.120573 0.013500 0.031771
0 0.643375 0.637760 0.011250 0.024479
0 0.678750 0.628646 0.012000 0.020833
0 0.715125 0.616927 0.008250 0.024479
0 0.777625 0.650781 0.011250 0.025521
