0 0.013625 0.525260 0.004250 0.017188
0 0.018500 0.598177 0.009000 0.014063
0 0.160375 0.841667 0.010250 0.014583
0 0.299875 0.702865 0.012250 0.020313
0 0.226125 0.698177 0.010750 0.020313
0 0.357500 0.646615 0.008500 0.014063
0 0.362375 0.591146 0.006750 0.020833
0 0.366750 0.566927 0.010000 0.020313
0 0.350750 0.572396 0.006000 0.017708
0 0.356625 0.562240 0.007250 0.019271
0 0.348375 0.542708 0.009250 0.016667
0 0.370125 0.534375 0.005250 0.023958
0 0.395250 0.525000 0.008000 0.020833
0 0.387125 0.462760 0.006250 0.020313
0 0.402875 0.495052 0.011250 0.015104
0 0.352625 0.502344 0.010750 0.019271
0 0.449500 0.452865 0.008000 0.015104
0 0.443750 0.683594 0.003500 0.020313
0 0.447125 0.684115 0.003750 0.016146
0 0.497625 0.726562 0.007750 0.016667
0 0.449125 0.926302 0.005250 0.017188
0 0.457500 0.883333 0.005000 0.012500
0 0.452750 0.945052 0.004000 0.013021
0 0.457750 0.945312 0.004000 0.012500
0 0.461625 0.946615 0.003750 0.015104
0 0.465750 0.981510 0.006000 0.014063
0 0.464250 0.894792 0.005500 0.012500
0 0.466375 0.853125 0.005250 0.013542
0 0.456500 0.877604 0.005500 0.012500
0 0.507500 0.498698 0.005000 0.016146
0 0.544875 0.528385 0.008250 0.011979
0 0.548250 0.619531 0.007000 0.009896
0 0.560125 0.616927 0.006750 0.009896
0 0.547750 0.604688 0.005000 0.010417
0 0.552750 0.603906 0.005500 0.007812
0 0.545125 0.592708 0.003750 0.009375
0 0.543375 0.588542 0.003750 0.007292
0 0.584000 0.676562 0.004500 0.009375
0 0.585375 0.683854 0.005250 0.009375
0 0.592375 0.714323 0.006250 0.013021
0 0.603375 0.701042 0.005250 0.009375
0 0.607000 0.696615 0.006500 0.006771
0 0.605500 0.690365 0.006000 0.006771
0 0.625625 0.690625 0.008750 0.011458
0 0.644125 0.692969 0.005750 0.017188
0 0.649375 0.684115 0.006250 0.010937
0 0.652375 0.729427 0.003250 0.013021
0 0.654875 0.731510 0.004250 0.016146
0 0.657875 0.792188 0.005250 0.010417
0 0.655750 0.837240 0.004500 0.015104
0 0.657875 0.835677 0.004750 0.013021
0 0.795125 0.970052 0.008250 0.011979
0 0.775250 0.934375 0.008000 0.012500
0 0.750750 0.904948 0.006500 0.016146
0 0.724750 0.975000 0.004500 0.015625
0 0.736000 0.904427 0.009000 0.014063
0 0.750750 0.873958 0.010000 0.014583
0 0.757375 0.868229 0.003250 0.014583
0 0.760125 0.869010 0.003750 0.010937
0 0.753125 0.766667 0.004750 0.015625
0 0.774625 0.792188 0.003250 0.014583
0 0.777125 0.790625 0.005250 0.016667
0 0.709625 0.728906 0.005250 0.013021
0 0.704375 0.690625 0.005750 0.015625
0 0.697875 0.668229 0.007250 0.013542
0 0.629000 0.728125 0.010000 0.012500
0 0.605000 0.654167 0.006500 0.010417
0 0.619125 0.644531 0.007250 0.016146
0 0.637625 0.618229 0.008750 0.016667
0 0.556750 0.646094 0.006000 0.014063
0 0.530750 0.353646 0.006000 0.011458
0 0.555500 0.371875 0.008500 0.018750
0 0.581500 0.375000 0.004500 0.013542
0 0.586125 0.343229 0.004750 0.013542
0 0.579500 0.330208 0.004000 0.013542
0 0.582375 0.326042 0.004750 0.013542
0 0.602625 0.311458 0.004250 0.012500
0 0.605250 0.309375 0.005500 0.014583
0 0.606500 0.373437 0.007000 0.011458
0 0.622500 0.395052 0.007500 0.016146
0 0.667500 0.334375 0.006000 0.015625
0 0.698750 0.374740 0.007000 0.008854
0 0.704000 0.395052 0.008000 0.013021
0 0.719750 0.406510 0.006500 0.009896
0 0.685000 0.264844 0.007500 0.013021
0 0.818500 0.149740 0.007500 0.013021
0 0.803500 0.197917 0.007500 0.012500
0 0.815125 0.207292 0.008750 0.020833
0 0.803625 0.289062 0.008250 0.015625
0 0.679750 0.462240 0.006000 0.010937
0 0.745250 0.402344 0.007500 0.004687
0 0.746250 0.407812 0.009000 0.006250
0 0.799500 0.411979 0.008500 0.011458
0 0.772375 0.435417 0.008250 0.006250
0 0.771875 0.441146 0.006750 0.005208
0 0.623375 0.227344 0.007750 0.011979
0 0.597250 0.263542 0.006000 0.016667
0 0.512000 0.283594 0.007500 0.015104
0 0.494500 0.260937 0.006500 0.017708
0 0.523625 0.215625 0.006250 0.013542
0 0.530250 0.186458 0.006500 0.015625
0 0.496125 0.188802 0.005250 0.009896
0 0.526125 0.119010 0.006250 0.013021
0 0.576625 0.130990 0.007250 0.013021
0 0.588875 0.185677 0.008750 0.010937
0 0.590375 0.166146 0.004750 0.014583
0 0.594125 0.165104 0.004250 0.012500
0 0.595500 0.181510 0.005500 0.009896
0 0.608625 0.132552 0.006250 0.019271
0 0.660500 0.052083 0.006000 0.012500
0 0.852625 0.900000 0.007750 0.012500
0 0.832625 0.792708 0.008250 0.012500
0 0.201750 0.450781 0.007000 0.014063
0 0.063625 0.132292 0.003250 0.006250
0 0.077750 0.162240 0.003500 0.008854
0 0.117125 0.254688 0.006250 0.013542
0 0.236375 0.564323 0.005750 0.014063
0 0.620375 0.427604 0.005750 0.010417
