0 0.552625 0.983854 0.006250 0.010417
0 0.365125 0.994792 0.004750 0.009375
0 0.407500 0.943229 0.005500 0.011458
0 0.423125 0.958073 0.006250 0.010937
0 0.429250 0.944010 0.005000 0.011979
0 0.437375 0.945052 0.006750 0.007812
0 0.438375 0.937760 0.007250 0.011979
0 0.411500 0.891927 0.006500 0.008854
0 0.389875 0.890625 0.006250 0.010417
0 0.393625 0.890625 0.005250 0.006250
0 0.414375 0.911719 0.005250 0.007812
0 0.414125 0.908073 0.004750 0.006771
0 0.406125 0.902865 0.005250 0.008854
0 0.405750 0.900781 0.004500 0.008854
0 0.422500 0.939844 0.005500 0.009896
0 0.425250 0.932552 0.004500 0.008854
0 0.463875 0.913802 0.006250 0.010937
0 0.423500 0.813281 0.005000 0.014063
0 0.412625 0.847396 0.006750 0.014583
0 0.447125 0.826562 0.004250 0.013542
0 0.451875 0.832292 0.005250 0.010417
0 0.453000 0.868229 0.006000 0.006250
0 0.453125 0.864062 0.005250 0.006250
0 0.470125 0.855208 0.005250 0.009375
0 0.486250 0.863542 0.006000 0.009375
0 0.478250 0.846875 0.006500 0.011458
0 0.486500 0.837760 0.006500 0.011979
0 0.510625 0.826562 0.005750 0.012500
0 0.522750 0.806250 0.005500 0.010417
0 0.512000 0.785677 0.003500 0.010937
0 0.510500 0.783594 0.004000 0.008854
0 0.536250 0.710417 0.008000 0.010417
0 0.514500 0.695312 0.004000 0.008333
0 0.513375 0.692708 0.004250 0.006250
0 0.491125 0.710417 0.005750 0.013542
0 0.471500 0.732812 0.006000 0.012500
0 0.424750 0.680729 0.007500 0.010417
0 0.443375 0.658854 0.005750 0.007292
0 0.443750 0.654687 0.005500 0.006250
0 0.364750 0.729427 0.006500 0.010937
0 0.387000 0.700521 0.005000 0.012500
0 0.338125 0.725000 0.004750 0.016667
0 0.345000 0.705729 0.007000 0.010417
0 0.323375 0.716927 0.006750 0.010937
0 0.324875 0.740365 0.004750 0.008854
0 0.325875 0.736458 0.005750 0.010417
0 0.350625 0.753646 0.005250 0.009375
0 0.351375 0.751302 0.004250 0.006771
0 0.261250 0.718490 0.007000 0.011979
0 0.274750 0.710938 0.005500 0.011458
0 0.266625 0.677604 0.004750 0.007292
0 0.267625 0.673958 0.005750 0.008333
0 0.268250 0.671354 0.005500 0.007292
0 0.295750 0.589844 0.006000 0.011979
0 0.203375 0.540625 0.009250 0.011458
0 0.348250 0.610938 0.006500 0.012500
0 0.343625 0.588542 0.005250 0.007292
0 0.344500 0.585417 0.006000 0.007292
0 0.345375 0.582812 0.005250 0.007292
0 0.568750 0.626302 0.006500 0.013021
0 0.528000 0.597917 0.006500 0.008333
0 0.506375 0.598958 0.005750 0.013542
0 0.494875 0.586719 0.005750 0.014063
0 0.442125 0.571875 0.006750 0.012500
0 0.469875 0.504687 0.004750 0.013542
0 0.484000 0.504167 0.005500 0.012500
0 0.457875 0.456771 0.005750 0.012500
0 0.447250 0.430469 0.005500 0.009896
0 0.436125 0.480990 0.006250 0.011979
0 0.409750 0.419792 0.006000 0.011458
0 0.367875 0.418750 0.007750 0.013542
0 0.355500 0.494271 0.005000 0.013542
0 0.343625 0.423437 0.005750 0.014583
0 0.329625 0.451823 0.007250 0.011979
0 0.276000 0.485156 0.007000 0.011979
0 0.296750 0.415625 0.007000 0.015625
0 0.297625 0.481250 0.005750 0.008333
0 0.298375 0.478125 0.005250 0.007292
0 0.303125 0.363802 0.007250 0.013021
0 0.249500 0.310677 0.004500 0.007812
0 0.250625 0.305990 0.006750 0.011979
0 0.243875 0.237500 0.006750 0.011458
0 0.245375 0.235677 0.004750 0.010937
0 0.258375 0.271354 0.004750 0.015625
0 0.275500 0.286458 0.005500 0.012500
0 0.281000 0.253906 0.007500 0.011979
0 0.294375 0.251823 0.006750 0.014063
0 0.305750 0.249740 0.007000 0.013021
0 0.270000 0.280208 0.005000 0.012500
0 0.265625 0.280990 0.003750 0.013021
0 0.352500 0.276302 0.005500 0.017188
0 0.340500 0.372656 0.005000 0.010937
0 0.339375 0.369010 0.004250 0.008854
0 0.574125 0.583854 0.006250 0.011458
0 0.534000 0.535937 0.005500 0.010417
0 0.504750 0.434635 0.005000 0.015104
0 0.453375 0.350521 0.006750 0.012500
0 0.426500 0.183073 0.005000 0.016146
0 0.401625 0.138542 0.005250 0.015625
0 0.436125 0.074219 0.005250 0.009896
0 0.435625 0.084635 0.006250 0.011979
0 0.451500 0.107292 0.005000 0.010417
0 0.457500 0.097135 0.006500 0.011979
0 0.429250 0.146875 0.005000 0.014583
0 0.448000 0.233073 0.005000 0.011979
0 0.445750 0.218490 0.006000 0.014063
0 0.452000 0.204167 0.004000 0.013542
0 0.454625 0.193490 0.005750 0.013021
0 0.459125 0.192708 0.005750 0.011458
0 0.470625 0.157812 0.007250 0.015625
0 0.465375 0.279167 0.005750 0.014583
0 0.497750 0.285156 0.004500 0.011979
0 0.485625 0.355208 0.005250 0.014583
0 0.492625 0.333854 0.004750 0.010417
0 0.476125 0.318750 0.005750 0.014583
0 0.511875 0.417708 0.003750 0.013542
0 0.511875 0.403125 0.004250 0.005208
0 0.512375 0.406771 0.004250 0.005208
0 0.512125 0.409896 0.004250 0.005208
0 0.530875 0.420833 0.005250 0.011458
0 0.605625 0.597396 0.005250 0.009375
0 0.605875 0.585677 0.004250 0.011979
0 0.607500 0.584375 0.003500 0.011458
0 0.596125 0.517708 0.006250 0.010417
0 0.582250 0.453646 0.002500 0.010417
0 0.580500 0.453385 0.003500 0.013021
0 0.578000 0.378125 0.004500 0.014583
0 0.600500 0.362760 0.006500 0.009896
0 0.569500 0.337500 0.005000 0.015625
0 0.577750 0.324740 0.002500 0.011979
0 0.575625 0.323698 0.002250 0.008854
0 0.538250 0.272396 0.006500 0.012500
0 0.540625 0.219531 0.005250 0.008854
0 0.557000 0.108594 0.004500 0.014063
0 0.611125 0.067969 0.003250 0.013021
0 0.608625 0.065625 0.002250 0.012500
0 0.600125 0.058594 0.004750 0.013021
0 0.595500 0.076823 0.004500 0.013021
0 0.585500 0.082031 0.007000 0.013021
0 0.571750 0.122656 0.005500 0.009896
0 0.582250 0.115104 0.005500 0.012500
0 0.585500 0.110417 0.005000 0.011458
0 0.589250 0.106510 0.004500 0.008854
0 0.590750 0.104167 0.004000 0.008333
0 0.589000 0.120573 0.003500 0.011979
0 0.591250 0.120313 0.003000 0.011458
0 0.596000 0.142708 0.004500 0.011458
0 0.598000 0.156771 0.003000 0.013542
0 0.595625 0.156510 0.002250 0.010937
0 0.591500 0.155729 0.003500 0.012500
0 0.593625 0.155208 0.003750 0.010417
0 0.578750 0.156771 0.004500 0.010417
0 0.577125 0.164062 0.002750 0.007292
0 0.578000 0.163281 0.003500 0.009896
0 0.586875 0.184635 0.002250 0.007812
0 0.588375 0.184896 0.002750 0.009375
0 0.582500 0.217188 0.006000 0.008333
0 0.602500 0.287240 0.005500 0.006771
0 0.608500 0.288802 0.004000 0.010937
0 0.597375 0.297917 0.003750 0.009375
0 0.598250 0.295052 0.003500 0.006771
0 0.600625 0.313021 0.002750 0.010417
0 0.601875 0.311719 0.002750 0.007812
0 0.622500 0.585156 0.005000 0.007812
0 0.654375 0.464062 0.003250 0.009375
0 0.651375 0.464062 0.002750 0.010417
0 0.688875 0.441406 0.001750 0.010937
0 0.687000 0.441146 0.002000 0.009375
0 0.691250 0.434115 0.004000 0.007812
0 0.695250 0.411458 0.002000 0.008333
0 0.696625 0.410938 0.002750 0.010417
0 0.717500 0.415625 0.002000 0.007292
0 0.718625 0.414323 0.002750 0.009896
0 0.689875 0.375000 0.003750 0.010417
0 0.680875 0.322135 0.001750 0.009896
0 0.682875 0.322656 0.002750 0.010937
0 0.719500 0.290365 0.006000 0.009896
0 0.735750 0.327865 0.005000 0.009896
0 0.733625 0.308594 0.002750 0.010937
0 0.731375 0.308073 0.002250 0.010937
0 0.753750 0.231510 0.003000 0.010937
