0 0.124479 0.555875 0.009375 0.004250
0 0.117969 0.509000 0.008854 0.006000
0 0.125781 0.496375 0.007812 0.005750
0 0.115365 0.493875 0.006771 0.006750
0 0.080990 0.510125 0.005729 0.003250
0 0.071615 0.477375 0.004687 0.005250
0 0.067187 0.476375 0.004167 0.005750
0 0.079167 0.473000 0.007292 0.004000
0 0.075000 0.472750 0.008333 0.004500
0 0.086719 0.460875 0.005729 0.002250
0 0.085417 0.459250 0.009375 0.004500
0 0.074740 0.452125 0.007812 0.004750
0 0.079687 0.453375 0.006250 0.002250
0 0.083854 0.454875 0.009375 0.003750
0 0.076823 0.431000 0.008854 0.005000
0 0.083854 0.430375 0.006250 0.004750
0 0.084115 0.433875 0.005729 0.002750
0 0.098958 0.407125 0.006250 0.005250
0 0.096094 0.406125 0.006771 0.004250
0 0.119792 0.386250 0.008333 0.004500
0 0.117708 0.384750 0.009375 0.004500
0 0.117188 0.375500 0.008333 0.006500
0 0.169792 0.460125 0.007292 0.007250
0 0.135937 0.461750 0.006250 0.006500
0 0.142708 0.459500 0.012500 0.003500
0 0.150260 0.455875 0.016146 0.003250
0 0.169531 0.445125 0.008854 0.006750
0 0.160677 0.450125 0.006771 0.004750
0 0.158073 0.449375 0.007812 0.005250
0 0.154427 0.447125 0.006771 0.005250
0 0.152344 0.446125 0.006771 0.004250
0 0.085417 0.487375 0.005208 0.002750
0 0.083594 0.486750 0.005729 0.004500
0 0.120833 0.485500 0.006250 0.004000
0 0.118229 0.484250 0.008333 0.004500
0 0.230208 0.543250 0.007292 0.004500
0 0.261198 0.542625 0.011979 0.004750
0 0.263281 0.530750 0.009896 0.003000
0 0.248958 0.530125 0.011458 0.004250
0 0.233333 0.518375 0.011458 0.005750
0 0.225781 0.509250 0.014063 0.002500
0 0.243750 0.507500 0.010417 0.005500
0 0.237500 0.483125 0.010417 0.003250
0 0.234896 0.481875 0.008333 0.002750
0 0.323177 0.471500 0.009896 0.005000
0 0.320052 0.480625 0.010937 0.003250
0 0.322917 0.453375 0.013542 0.002250
0 0.322917 0.451250 0.012500 0.002000
0 0.338021 0.439625 0.007292 0.006750
0 0.357031 0.438250 0.010937 0.005000
0 0.460156 0.418375 0.011979 0.005750
0 0.622135 0.440250 0.010937 0.005500
0 0.629427 0.470125 0.011979 0.005250
0 0.597917 0.469875 0.009375 0.003750
0 0.598698 0.477250 0.010937 0.002000
0 0.598437 0.479500 0.010417 0.002500
0 0.592969 0.474750 0.008854 0.004000
0 0.513802 0.475750 0.006771 0.007000
0 0.497656 0.489125 0.010937 0.003250
0 0.493229 0.508125 0.007292 0.004250
0 0.481250 0.509000 0.007292 0.004500
0 0.477344 0.504250 0.006771 0.005000
0 0.484115 0.484750 0.008854 0.004000
0 0.477604 0.486000 0.006250 0.006000
0 0.443490 0.503875 0.007812 0.004750
0 0.450521 0.503625 0.006250 0.004250
0 0.450260 0.499500 0.010937 0.003500
0 0.478385 0.500875 0.005729 0.002250
0 0.485937 0.499875 0.010417 0.001750
0 0.488021 0.501500 0.012500 0.002000
0 0.485156 0.503750 0.008854 0.003500
0 0.356510 0.510375 0.009896 0.006250
0 0.355990 0.521875 0.008854 0.003750
0 0.350260 0.522000 0.007812 0.004000
0 0.386979 0.515250 0.009375 0.004000
0 0.394531 0.514375 0.005729 0.003250
0 0.400781 0.514375 0.006771 0.003750
0 0.289323 0.493875 0.013021 0.007750
0 0.314844 0.484375 0.007812 0.003750
0 0.306250 0.486000 0.008333 0.006500
0 0.323437 0.467125 0.013542 0.003250
0 0.322656 0.464875 0.011979 0.002250
0 0.369010 0.459000 0.009896 0.002500
0 0.366667 0.461625 0.010417 0.003250
0 0.602344 0.459750 0.011979 0.002500
0 0.601823 0.457500 0.011979 0.002000
0 0.558073 0.480000 0.011979 0.002500
0 0.556771 0.477625 0.014583 0.002250
0 0.271615 0.576250 0.013021 0.003500
0 0.317188 0.581125 0.012500 0.004250
0 0.313802 0.590500 0.009896 0.004000
0 0.331771 0.579375 0.013542 0.003750
0 0.389583 0.578875 0.012500 0.003750
0 0.374479 0.571500 0.012500 0.003000
0 0.381510 0.573750 0.013021 0.003000
0 0.375781 0.574250 0.004687 0.003000
0 0.409115 0.569875 0.011979 0.003750
0 0.415625 0.566125 0.011458 0.003750
0 0.427865 0.562000 0.010937 0.003000
0 0.426042 0.559500 0.011458 0.002500
0 0.444010 0.560125 0.009896 0.003250
0 0.440365 0.567125 0.011979 0.003250
0 0.445312 0.570875 0.012500 0.002750
0 0.433594 0.572625 0.013021 0.003250
0 0.432031 0.569750 0.011979 0.003000
0 0.454948 0.588125 0.014063 0.003750
0 0.544531 0.592500 0.014063 0.004000
0 0.525260 0.584250 0.009896 0.004500
0 0.511458 0.583125 0.012500 0.003250
0 0.519010 0.581375 0.010937 0.003750
0 0.501563 0.577875 0.010417 0.004250
0 0.483333 0.577500 0.012500 0.003500
0 0.486458 0.574250 0.011458 0.003000
0 0.477604 0.571125 0.012500 0.003250
0 0.478646 0.567875 0.012500 0.003250
0 0.490625 0.567500 0.011458 0.005000
0 0.511719 0.566625 0.008854 0.002750
0 0.520312 0.568000 0.010417 0.003000
0 0.540885 0.567875 0.011979 0.004750
0 0.551562 0.571500 0.013542 0.003500
0 0.572917 0.567125 0.013542 0.003250
0 0.672396 0.637250 0.010417 0.005500
0 0.634635 0.631875 0.011979 0.004750
0 0.582812 0.629125 0.009375 0.005750
0 0.576042 0.624750 0.014583 0.003000
0 0.578646 0.618875 0.010417 0.004250
0 0.558333 0.622500 0.014583 0.003500
0 0.567448 0.627625 0.013021 0.003250
0 0.557031 0.632375 0.011979 0.003750
0 0.566146 0.612875 0.009375 0.006250
0 0.547656 0.610000 0.014063 0.003000
0 0.526302 0.623250 0.011979 0.004000
0 0.532031 0.620375 0.009896 0.004250
0 0.523438 0.619750 0.008333 0.002000
0 0.512760 0.618375 0.006771 0.005250
0 0.520052 0.613375 0.009896 0.005250
0 0.510156 0.613625 0.011979 0.002750
0 0.502865 0.615875 0.011979 0.002250
0 0.499219 0.618125 0.011979 0.002750
0 0.478646 0.628750 0.009375 0.006500
0 0.479948 0.618125 0.013021 0.003750
0 0.466406 0.612000 0.010937 0.002500
0 0.476042 0.612000 0.009375 0.004000
0 0.467708 0.608250 0.008333 0.005000
0 0.472917 0.605000 0.013542 0.003000
0 0.497656 0.611500 0.008854 0.002500
0 0.496875 0.613250 0.011458 0.003000
0 0.431250 0.609375 0.010417 0.005750
0 0.433854 0.598875 0.008333 0.006250
0 0.253125 0.622875 0.011458 0.004250
0 0.280208 0.632375 0.008333 0.004750
0 0.280469 0.636250 0.010937 0.003500
0 0.316927 0.632500 0.007812 0.003000
0 0.329688 0.633375 0.005208 0.005750
0 0.324219 0.633250 0.005729 0.005000
0 0.321354 0.628500 0.010417 0.004500
0 0.342187 0.634375 0.006250 0.004250
0 0.347396 0.633375 0.007292 0.003750
0 0.373698 0.644250 0.007812 0.005000
0 0.365365 0.645500 0.007812 0.003000
0 0.366146 0.642000 0.007292 0.004000
0 0.384635 0.633000 0.008854 0.005500
0 0.276562 0.656625 0.008333 0.003750
0 0.289583 0.663125 0.012500 0.003750
0 0.253646 0.658500 0.006250 0.004500
0 0.255208 0.652250 0.010417 0.004000
0 0.258333 0.647875 0.008333 0.003250
0 0.215365 0.645625 0.007812 0.003750
0 0.227344 0.611000 0.011979 0.006000
0 0.363542 0.631625 0.008333 0.003250
0 0.186719 0.871375 0.007812 0.004750
0 0.690104 0.482125 0.009375 0.005250
0 0.739583 0.294375 0.013542 0.005750
0 0.564844 0.312375 0.013021 0.004750
