0 0.470000 0.823437 0.005500 0.016667
0 0.481625 0.798438 0.004250 0.014583
0 0.496625 0.774479 0.008750 0.008333
0 0.506875 0.747396 0.010250 0.013542
0 0.512500 0.639844 0.010500 0.016146
0 0.491250 0.652344 0.006000 0.017188
0 0.474625 0.650000 0.006750 0.008333
0 0.476125 0.642708 0.006750 0.010417
0 0.483500 0.713021 0.006500 0.014583
0 0.476125 0.698177 0.005250 0.011979
0 0.471625 0.707031 0.004250 0.015104
0 0.476625 0.715365 0.005750 0.011979
0 0.467875 0.690885 0.004250 0.017188
0 0.468625 0.742969 0.007750 0.006771
0 0.468250 0.750000 0.008000 0.007292
0 0.457875 0.703906 0.007750 0.009896
0 0.451500 0.675260 0.006500 0.010937
0 0.451125 0.733594 0.006750 0.008854
0 0.447750 0.729167 0.006000 0.008333
0 0.446500 0.726302 0.005500 0.008854
0 0.450750 0.719792 0.006000 0.008333
0 0.453000 0.713281 0.008000 0.006771
0 0.451500 0.692187 0.004000 0.014583
0 0.450125 0.688281 0.003250 0.008854
0 0.436875 0.665625 0.007250 0.014583
0 0.422500 0.679688 0.006500 0.013542
0 0.426500 0.692448 0.005500 0.008854
0 0.430000 0.697135 0.005500 0.010937
0 0.424750 0.704688 0.007000 0.007292
0 0.408125 0.691146 0.007250 0.008333
0 0.413750 0.681771 0.006500 0.008333
0 0.415125 0.686719 0.006750 0.010937
0 0.418875 0.721615 0.007750 0.009896
0 0.423625 0.732812 0.008750 0.009375
0 0.416875 0.740104 0.007250 0.009375
0 0.415250 0.733333 0.005500 0.007292
0 0.388625 0.729948 0.004750 0.011979
0 0.386750 0.738542 0.007000 0.009375
0 0.394000 0.740885 0.006500 0.009896
0 0.400625 0.750521 0.006250 0.009375
0 0.391750 0.753646 0.004500 0.010417
0 0.381000 0.785937 0.006000 0.009375
0 0.401750 0.760417 0.005500 0.011458
0 0.378250 0.766667 0.005500 0.010417
0 0.396250 0.759635 0.005500 0.009896
0 0.434000 0.759635 0.005500 0.010937
0 0.439125 0.751823 0.003750 0.013021
0 0.435375 0.744010 0.004250 0.016146
0 0.430250 0.746615 0.006000 0.013021
0 0.415500 0.774219 0.003500 0.013021
0 0.416000 0.785937 0.004500 0.012500
0 0.423000 0.784375 0.008000 0.011458
0 0.443250 0.791927 0.004500 0.015104
0 0.421875 0.805469 0.004750 0.011979
0 0.427125 0.800260 0.003750 0.007812
0 0.423250 0.796875 0.005000 0.012500
0 0.407625 0.804948 0.005750 0.011979
0 0.402125 0.807031 0.006750 0.013021
0 0.392750 0.799479 0.008500 0.009375
0 0.393375 0.788281 0.004750 0.013021
0 0.436875 0.802344 0.004750 0.010937
0 0.438375 0.811198 0.004250 0.011979
0 0.442500 0.810937 0.005500 0.011458
0 0.466000 0.528646 0.004000 0.014583
0 0.456375 0.518490 0.006750 0.010937
0 0.460500 0.508333 0.007000 0.010417
0 0.465875 0.488021 0.006750 0.013542
0 0.447625 0.502083 0.003750 0.013542
0 0.415875 0.513021 0.005750 0.014583
0 0.454375 0.503906 0.006250 0.013021
0 0.402125 0.526563 0.005250 0.014583
0 0.425875 0.501042 0.007250 0.011458
0 0.427375 0.492969 0.007250 0.009896
0 0.431500 0.486979 0.005500 0.012500
0 0.436625 0.498437 0.005750 0.009375
0 0.437000 0.493750 0.005500 0.006250
0 0.368625 0.533333 0.004250 0.011458
0 0.371125 0.524219 0.008750 0.008854
0 0.363500 0.514844 0.004500 0.013021
0 0.394125 0.465885 0.009250 0.019271
0 0.403000 0.448177 0.005000 0.014063
0 0.417250 0.450521 0.004000 0.015625
0 0.423375 0.434896 0.005250 0.016667
0 0.427375 0.453385 0.007250 0.010937
0 0.432875 0.464062 0.006750 0.010417
0 0.426125 0.461979 0.004750 0.013542
0 0.382875 0.442188 0.006750 0.006250
0 0.381875 0.437240 0.007250 0.005729
0 0.328000 0.507031 0.007000 0.015104
0 0.320875 0.456771 0.007750 0.015625
0 0.250250 0.440104 0.007500 0.009375
0 0.252000 0.416667 0.004500 0.015625
0 0.257000 0.422917 0.006500 0.017708
0 0.225125 0.399479 0.005750 0.013542
0 0.357625 0.351302 0.006750 0.009896
0 0.396375 0.445312 0.004750 0.011458
0 0.398250 0.440625 0.005500 0.013542
0 0.420750 0.546354 0.007000 0.013542
0 0.507000 0.450521 0.006500 0.011458
0 0.482875 0.420833 0.005750 0.014583
0 0.468625 0.400781 0.005250 0.017188
0 0.463750 0.389323 0.004000 0.016146
0 0.471625 0.351302 0.007250 0.014063
0 0.393875 0.319010 0.006750 0.014063
0 0.421750 0.232292 0.005500 0.014583
0 0.450875 0.269792 0.006250 0.011458
0 0.397625 0.261458 0.005250 0.010417
0 0.404875 0.261458 0.007750 0.014583
0 0.361250 0.209375 0.006000 0.015625
0 0.321375 0.125260 0.007750 0.009896
0 0.332250 0.142969 0.013000 0.020313
0 0.437250 0.247656 0.007000 0.017188
0 0.441625 0.239844 0.005250 0.011979
0 0.426000 0.128906 0.006000 0.016146
0 0.399375 0.112760 0.007750 0.014063
0 0.560000 0.189583 0.008000 0.011458
0 0.610875 0.238021 0.006750 0.015625
0 0.571625 0.304948 0.005750 0.006771
0 0.571500 0.318490 0.005500 0.015104
0 0.555750 0.329167 0.005000 0.010417
0 0.550750 0.410417 0.004500 0.009375
0 0.582875 0.410677 0.005250 0.011979
0 0.573500 0.403906 0.005500 0.013021
0 0.565250 0.360156 0.007000 0.014063
0 0.581875 0.387240 0.006750 0.014063
0 0.484250 0.500781 0.005500 0.010937
0 0.226875 0.737240 0.006250 0.014063
0 0.193125 0.679688 0.007750 0.013542
0 0.096750 0.642448 0.007000 0.010937
0 0.109000 0.813281 0.005500 0.011979
