0 0.287760 0.685750 0.011979 0.008500
0 0.210938 0.657750 0.012500 0.007000
0 0.225000 0.642125 0.013542 0.005750
0 0.235937 0.579750 0.011458 0.008500
0 0.219531 0.570500 0.009896 0.008000
0 0.186979 0.549750 0.009375 0.008500
0 0.174479 0.535000 0.008333 0.008500
0 0.185417 0.534875 0.009375 0.009750
0 0.450781 0.595625 0.017188 0.005250
0 0.453385 0.608625 0.011979 0.007750
0 0.460417 0.571000 0.011458 0.006500
0 0.507031 0.582250 0.011979 0.007500
0 0.557552 0.624875 0.008854 0.008250
0 0.492448 0.612250 0.014063 0.005000
0 0.502083 0.619750 0.014583 0.007000
0 0.498958 0.564250 0.015625 0.005000
0 0.785417 0.528750 0.015625 0.005000
0 0.804948 0.508000 0.014063 0.004000
0 0.735417 0.515500 0.015625 0.004500
0 0.714844 0.496625 0.010937 0.006250
0 0.656250 0.503750 0.008333 0.006500
0 0.681771 0.475875 0.013542 0.007250
0 0.475781 0.456375 0.015104 0.005750
0 0.413021 0.453125 0.008333 0.006250
0 0.414323 0.446750 0.014063 0.006500
0 0.181250 0.209875 0.014583 0.006750
0 0.119792 0.193000 0.012500 0.009000
0 0.179688 0.175750 0.014583 0.007000
0 0.221354 0.086125 0.017708 0.005250
