0 0.928906 0.573375 0.006771 0.004750
0 0.945833 0.580500 0.010417 0.003000
0 0.890104 0.567500 0.007292 0.005000
0 0.916406 0.584000 0.004687 0.005500
0 0.948437 0.597250 0.011458 0.002500
0 0.961198 0.604250 0.010937 0.004000
0 0.910937 0.612875 0.007292 0.004750
0 0.912760 0.604625 0.009896 0.004750
0 0.940104 0.606875 0.011458 0.002750
0 0.940104 0.603500 0.011458 0.003000
0 0.853646 0.612875 0.011458 0.002750
0 0.829948 0.603125 0.006771 0.005250
0 0.791146 0.561750 0.012500 0.003000
0 0.737500 0.582875 0.006250 0.004250
0 0.766146 0.560250 0.006250 0.003500
0 0.737500 0.609125 0.010417 0.003750
0 0.729427 0.603250 0.013021 0.003500
0 0.707292 0.606250 0.011458 0.003000
0 0.653125 0.603375 0.011458 0.003250
0 0.639583 0.582125 0.010417 0.004250
0 0.583333 0.609250 0.011458 0.003500
0 0.605990 0.593125 0.010937 0.004250
0 0.592187 0.593000 0.008333 0.004000
0 0.590625 0.585750 0.006250 0.005000
0 0.904167 0.581250 0.006250 0.005000
0 0.910937 0.581875 0.007292 0.003250
0 0.901302 0.574625 0.010937 0.002250
0 0.901302 0.572375 0.008854 0.002250
0 0.903646 0.570625 0.010417 0.002750
0 0.955990 0.575875 0.009896 0.004250
0 0.953646 0.572000 0.011458 0.003500
0 0.994271 0.588125 0.009375 0.003250
0 0.619271 0.491500 0.008333 0.004500
0 0.603906 0.505125 0.009896 0.002750
0 0.662240 0.507500 0.008854 0.003000
0 0.660677 0.501750 0.011979 0.003000
0 0.728646 0.488250 0.008333 0.003500
0 0.727344 0.474750 0.011979 0.003000
0 0.805990 0.490750 0.005729 0.005000
0 0.815885 0.490375 0.007812 0.004250
0 0.823437 0.490750 0.005208 0.004500
0 0.832552 0.478625 0.010937 0.004750
0 0.754948 0.458875 0.009896 0.002750
0 0.780990 0.458625 0.011979 0.003250
0 0.791406 0.464125 0.009896 0.003250
0 0.813802 0.464125 0.010937 0.002750
0 0.813021 0.461625 0.010417 0.002750
0 0.860156 0.456375 0.010937 0.004250
0 0.886979 0.473125 0.008333 0.004750
0 0.881510 0.476500 0.006771 0.003000
0 0.879167 0.466875 0.008333 0.003750
0 0.902604 0.439750 0.010417 0.003000
0 0.872396 0.438250 0.005208 0.005000
0 0.886979 0.444500 0.009375 0.003500
0 0.877604 0.443875 0.006250 0.004750
0 0.879948 0.440500 0.009896 0.003000
0 0.941146 0.450125 0.010417 0.002750
0 0.959375 0.448750 0.005208 0.004500
0 0.961198 0.455625 0.008854 0.004750
0 0.985156 0.451000 0.008854 0.003500
0 0.923958 0.455375 0.008333 0.003250
0 0.917969 0.458000 0.008854 0.002000
0 0.931250 0.455750 0.007292 0.004500
0 0.947135 0.461750 0.006771 0.004000
0 0.988021 0.458625 0.008333 0.003750
0 0.974219 0.432500 0.010937 0.004000
0 0.958854 0.386625 0.007292 0.005250
0 0.769792 0.434875 0.010417 0.004750
0 0.404687 0.500750 0.007292 0.005000
0 0.450521 0.470625 0.008333 0.005250
0 0.419271 0.470500 0.007292 0.006000
0 0.404948 0.476000 0.009896 0.006500
0 0.457552 0.449000 0.011979 0.003000
0 0.484115 0.462500 0.006771 0.005000
0 0.489323 0.448375 0.009896 0.004750
0 0.505208 0.445000 0.008333 0.005500
0 0.488542 0.435625 0.007292 0.005250
0 0.509115 0.413250 0.011979 0.005000
0 0.559375 0.423375 0.006250 0.005250
0 0.552344 0.419750 0.004687 0.004500
0 0.533073 0.424500 0.007812 0.004000
0 0.535417 0.421250 0.009375 0.003500
0 0.561719 0.406375 0.006771 0.004750
0 0.567708 0.410750 0.006250 0.003500
0 0.572656 0.413625 0.008854 0.003750
0 0.590885 0.410375 0.007812 0.003250
0 0.606510 0.398000 0.008854 0.003500
0 0.611198 0.392875 0.009896 0.004250
0 0.642188 0.373375 0.009375 0.003250
0 0.559375 0.376625 0.010417 0.004250
0 0.580729 0.377000 0.009375 0.005000
0 0.587500 0.361000 0.010417 0.005000
0 0.665625 0.341500 0.007292 0.005500
0 0.746875 0.324625 0.009375 0.005250
0 0.735677 0.319250 0.007812 0.003500
0 0.732812 0.310125 0.008333 0.005750
0 0.799479 0.300000 0.008333 0.005000
0 0.843490 0.228000 0.009896 0.004500
0 0.620573 0.294000 0.006771 0.004500
0 0.313021 0.295500 0.006250 0.005500
0 0.322396 0.298875 0.006250 0.005250
0 0.356771 0.349625 0.007292 0.004750
0 0.345052 0.349875 0.009896 0.003750
0 0.354427 0.367875 0.008854 0.004750
0 0.346875 0.369625 0.007292 0.005750
0 0.337240 0.376250 0.009896 0.004500
0 0.292708 0.368000 0.008333 0.003000
0 0.299219 0.370375 0.005729 0.005250
0 0.351562 0.392125 0.007292 0.006750
0 0.263021 0.406375 0.007292 0.004250
0 0.348177 0.420625 0.005729 0.004750
0 0.336198 0.431000 0.007812 0.005000
0 0.694531 0.357875 0.005729 0.004750
0 0.686198 0.356250 0.008854 0.003000
0 0.522135 0.689500 0.014063 0.004500
0 0.602865 0.692125 0.010937 0.004250
0 0.665625 0.693500 0.011458 0.005500
0 0.568490 0.702125 0.013021 0.004250
0 0.600000 0.711000 0.011458 0.004500
0 0.675000 0.725625 0.010417 0.006750
0 0.694531 0.748250 0.013021 0.004500
0 0.798177 0.740125 0.013021 0.005750
0 0.753125 0.751250 0.010417 0.006000
0 0.730990 0.738875 0.011979 0.004250
0 0.729167 0.744750 0.007292 0.005500
0 0.737500 0.744500 0.009375 0.005500
0 0.819010 0.766625 0.014063 0.003750
0 0.901823 0.762250 0.010937 0.007500
0 0.930990 0.766125 0.008854 0.006750
0 0.896615 0.783125 0.011979 0.005250
0 0.872396 0.787625 0.008333 0.005250
0 0.842969 0.763375 0.014063 0.003750
0 0.843490 0.767000 0.016146 0.003500
0 0.925521 0.794375 0.012500 0.005750
0 0.976562 0.791750 0.012500 0.006500
0 0.951042 0.796000 0.013542 0.004000
0 0.953906 0.791375 0.019271 0.005250
0 0.642969 0.709500 0.014063 0.005000
0 0.637760 0.714750 0.011979 0.004500
0 0.339583 0.665250 0.009375 0.005500
0 0.331250 0.664125 0.010417 0.005250
0 0.221615 0.667500 0.013021 0.004500
0 0.177083 0.678875 0.009375 0.006250
0 0.166406 0.692750 0.011979 0.003500
0 0.161719 0.689250 0.014063 0.005000
0 0.132031 0.704125 0.009896 0.004250
0 0.121615 0.711875 0.008854 0.003250
0 0.134115 0.712625 0.008854 0.004250
0 0.119271 0.717875 0.008333 0.005250
0 0.132552 0.725375 0.009896 0.003250
0 0.110417 0.725625 0.007292 0.004750
0 0.152604 0.758125 0.009375 0.004250
0 0.147917 0.746875 0.012500 0.005250
0 0.164844 0.746250 0.011979 0.004000
0 0.164323 0.740625 0.007812 0.003750
0 0.167187 0.737375 0.006250 0.005250
0 0.121615 0.734000 0.011979 0.005500
0 0.119531 0.740750 0.008854 0.006000
0 0.117969 0.767625 0.009896 0.005750
0 0.120833 0.779750 0.010417 0.006000
0 0.066667 0.787750 0.012500 0.003500
0 0.100521 0.756875 0.006250 0.006250
0 0.090104 0.753000 0.006250 0.006500
0 0.061719 0.756625 0.010937 0.002750
0 0.031510 0.801250 0.008854 0.005500
0 0.091146 0.811875 0.012500 0.006750
0 0.082292 0.862125 0.010417 0.006750
0 0.049219 0.847000 0.006771 0.005500
0 0.343490 0.977625 0.008854 0.003750
0 0.437240 0.981000 0.010937 0.007500
0 0.466406 0.951125 0.006771 0.006750
0 0.458333 0.949750 0.010417 0.007000
0 0.417448 0.922250 0.009896 0.006000
0 0.408594 0.933375 0.008854 0.006750
0 0.404948 0.937750 0.008854 0.006000
0 0.393490 0.941000 0.007812 0.007000
0 0.384375 0.942000 0.009375 0.006000
0 0.341146 0.928875 0.012500 0.006750
0 0.388802 0.917375 0.008854 0.006250
0 0.391146 0.911250 0.006250 0.006500
0 0.379688 0.907625 0.006250 0.006750
0 0.410156 0.896500 0.006771 0.007000
0 0.432031 0.892500 0.005729 0.007000
0 0.438542 0.895000 0.006250 0.006500
0 0.443750 0.893250 0.007292 0.005000
0 0.404687 0.873375 0.008333 0.006750
0 0.411198 0.840125 0.008854 0.006750
0 0.395313 0.841625 0.009375 0.007750
0 0.369271 0.826625 0.006250 0.006750
0 0.350000 0.840625 0.009375 0.005250
0 0.402604 0.817750 0.006250 0.007000
0 0.426563 0.809750 0.012500 0.004000
0 0.376302 0.806125 0.009896 0.006750
0 0.361979 0.806875 0.007292 0.006750
0 0.366146 0.794500 0.012500 0.006000
0 0.393229 0.766250 0.010417 0.006500
0 0.371875 0.755375 0.012500 0.004750
0 0.356510 0.751750 0.008854 0.006000
0 0.322917 0.745625 0.010417 0.007750
0 0.334375 0.734750 0.008333 0.005500
0 0.329427 0.736750 0.005729 0.005500
0 0.648438 0.383250 0.008333 0.006500
