0 0.356875 0.787240 0.008750 0.015104
0 0.351250 0.893229 0.007000 0.016667
0 0.346625 0.910417 0.006250 0.018750
0 0.356250 0.911458 0.007000 0.006250
0 0.356750 0.917708 0.007000 0.010417
0 0.428375 0.702083 0.006750 0.015625
0 0.444625 0.715104 0.008250 0.017708
0 0.453250 0.708854 0.005500 0.014583
0 0.439125 0.753125 0.004750 0.013542
0 0.456000 0.748958 0.005500 0.013542
0 0.457750 0.765625 0.005500 0.012500
0 0.446750 0.798698 0.005000 0.014063
0 0.455250 0.816667 0.006500 0.011458
0 0.465625 0.837760 0.005250 0.013021
0 0.478875 0.885156 0.005250 0.010937
0 0.480125 0.882031 0.005750 0.010937
0 0.475000 0.978125 0.003000 0.015625
0 0.479250 0.982031 0.005500 0.007812
0 0.530625 0.915104 0.005750 0.009375
0 0.552750 0.927083 0.005500 0.011458
0 0.556625 0.925000 0.004750 0.012500
0 0.617875 0.985677 0.004750 0.009896
0 0.659375 0.962500 0.005750 0.009375
0 0.684000 0.903125 0.010000 0.010417
0 0.758625 0.976562 0.006750 0.013542
0 0.745125 0.972396 0.009750 0.012500
0 0.737125 0.969531 0.006750 0.014063
0 0.747625 0.994792 0.008250 0.009375
0 0.685375 0.814844 0.006250 0.015104
0 0.680000 0.804688 0.009500 0.010417
0 0.661625 0.814063 0.008750 0.015625
0 0.597375 0.884115 0.006250 0.014063
0 0.593750 0.841406 0.007000 0.010937
0 0.593625 0.791667 0.009750 0.011458
0 0.570375 0.749219 0.007750 0.010937
0 0.570625 0.744531 0.005750 0.007812
0 0.631750 0.660156 0.004000 0.010937
0 0.539875 0.660937 0.008750 0.011458
0 0.539875 0.696875 0.007750 0.011458
0 0.532375 0.741406 0.006750 0.010937
0 0.514625 0.686979 0.007750 0.014583
0 0.504625 0.671615 0.004750 0.017188
0 0.503750 0.700260 0.004500 0.008854
0 0.476625 0.658594 0.004250 0.009896
0 0.483750 0.670052 0.003500 0.008854
0 0.452375 0.586458 0.008250 0.012500
0 0.501500 0.440365 0.006000 0.014063
0 0.495250 0.410417 0.004500 0.014583
0 0.518125 0.452865 0.006250 0.015104
0 0.513875 0.419010 0.005250 0.016146
0 0.550625 0.389844 0.007250 0.008854
0 0.543625 0.365365 0.008250 0.009896
0 0.547250 0.358854 0.006500 0.008333
0 0.572125 0.401823 0.009250 0.010937
0 0.581000 0.391667 0.008000 0.012500
0 0.572500 0.375000 0.006500 0.012500
0 0.616875 0.332552 0.005750 0.015104
0 0.633000 0.383333 0.007500 0.012500
0 0.641500 0.381771 0.008500 0.012500
0 0.661125 0.351823 0.008750 0.015104
0 0.709875 0.293229 0.008750 0.020833
0 0.727125 0.320833 0.010250 0.011458
0 0.715125 0.237760 0.008250 0.011979
0 0.657375 0.256250 0.007750 0.010417
0 0.675250 0.235937 0.007500 0.013542
0 0.667250 0.213802 0.007500 0.016146
0 0.672375 0.191146 0.006750 0.015625
0 0.681250 0.178906 0.007000 0.015104
0 0.589125 0.298438 0.006750 0.014583
0 0.572625 0.295833 0.007250 0.012500
0 0.558875 0.295833 0.006250 0.014583
0 0.523750 0.319792 0.009500 0.012500
0 0.473375 0.283854 0.008750 0.015625
0 0.494250 0.275260 0.008500 0.018229
0 0.505875 0.241406 0.006750 0.018229
0 0.482625 0.195052 0.006750 0.013021
0 0.486375 0.251823 0.003750 0.016146
0 0.489875 0.252604 0.003750 0.015625
0 0.401625 0.233333 0.005250 0.018750
0 0.378125 0.064844 0.008750 0.016146
0 0.302750 0.266667 0.008000 0.011458
