0 0.542500 0.103646 0.013500 0.030208
0 0.541125 0.105469 0.012750 0.024479
0 0.532625 0.167448 0.012750 0.025521
0 0.517750 0.141406 0.009500 0.015104
0 0.530000 0.154427 0.009500 0.027604
0 0.564375 0.153906 0.007250 0.024479
0 0.573375 0.140104 0.006250 0.019792
0 0.578125 0.177604 0.006750 0.020833
0 0.581250 0.231510 0.010000 0.026562
0 0.565500 0.227083 0.005000 0.021875
0 0.609500 0.292448 0.008500 0.034896
0 0.636750 0.303125 0.010500 0.031250
0 0.653375 0.421354 0.010750 0.019792
0 0.635875 0.404427 0.011250 0.027604
0 0.622125 0.406250 0.011750 0.021875
0 0.618125 0.392448 0.008750 0.024479
0 0.605500 0.328646 0.009500 0.021875
0 0.573375 0.335677 0.010750 0.024479
0 0.560375 0.335156 0.007750 0.023438
0 0.572750 0.376823 0.009500 0.023438
0 0.572250 0.384375 0.008500 0.029167
0 0.522625 0.316146 0.012250 0.021875
0 0.513625 0.330469 0.014250 0.023438
0 0.501125 0.273958 0.010750 0.020833
0 0.485875 0.283594 0.011250 0.026562
0 0.488375 0.305469 0.013750 0.017188
0 0.479750 0.255208 0.009000 0.022917
0 0.477250 0.232813 0.009500 0.029167
0 0.454375 0.213021 0.012750 0.019792
0 0.450000 0.225781 0.014000 0.026562
0 0.458625 0.171875 0.011250 0.028125
0 0.470875 0.136719 0.012250 0.024479
0 0.429750 0.201823 0.012000 0.025521
0 0.428375 0.209635 0.009250 0.017188
0 0.417250 0.218750 0.013000 0.023958
0 0.418625 0.198437 0.007750 0.018750
0 0.416375 0.165104 0.011250 0.022917
0 0.428375 0.259896 0.011750 0.020833
0 0.344750 0.158073 0.014500 0.034896
0 0.340250 0.157552 0.020000 0.028646
0 0.607500 0.471094 0.010000 0.019271
0 0.577875 0.468750 0.008250 0.023958
0 0.564500 0.458854 0.006000 0.011458
0 0.544250 0.472917 0.011000 0.018750
0 0.530875 0.472135 0.014250 0.015104
0 0.506125 0.470573 0.008250 0.023438
0 0.505250 0.470573 0.009000 0.023438
0 0.481125 0.475781 0.012750 0.022396
0 0.480375 0.473438 0.012250 0.019792
0 0.476125 0.497135 0.011750 0.023438
0 0.475875 0.490625 0.011250 0.021875
0 0.496125 0.508854 0.007250 0.020833
0 0.484750 0.527865 0.010000 0.024479
0 0.458625 0.488542 0.008750 0.019792
0 0.452875 0.494792 0.012750 0.020833
0 0.436750 0.489583 0.010500 0.021875
0 0.427250 0.484375 0.010500 0.022917
0 0.418125 0.473958 0.007750 0.020833
0 0.398875 0.491927 0.011750 0.026562
0 0.365250 0.470052 0.010000 0.017188
0 0.413125 0.556771 0.013250 0.021875
0 0.443375 0.531771 0.012750 0.020833
0 0.610000 0.597396 0.008500 0.019792
0 0.596750 0.577604 0.010500 0.019792
0 0.603750 0.571875 0.010000 0.023958
0 0.600000 0.604167 0.008500 0.021875
0 0.593375 0.624479 0.009250 0.022917
0 0.580875 0.632031 0.015750 0.022396
0 0.574500 0.574740 0.010500 0.023438
0 0.557625 0.607812 0.007750 0.019792
0 0.564625 0.609375 0.013250 0.018750
0 0.544125 0.626302 0.016750 0.028646
0 0.553375 0.653385 0.011750 0.025521
0 0.567625 0.653125 0.011250 0.021875
0 0.548375 0.678125 0.010750 0.021875
0 0.554750 0.695052 0.010000 0.023438
0 0.566750 0.696615 0.010500 0.026562
0 0.604750 0.727083 0.014500 0.021875
0 0.575500 0.729167 0.009500 0.021875
0 0.572250 0.761198 0.009500 0.027604
0 0.552500 0.771354 0.015500 0.032292
0 0.537500 0.745833 0.013500 0.020833
0 0.528875 0.676562 0.013750 0.025000
0 0.527875 0.646354 0.008250 0.020833
0 0.508875 0.695573 0.016250 0.024479
0 0.499750 0.674740 0.020000 0.026562
0 0.498000 0.676042 0.020000 0.029167
0 0.486375 0.689844 0.016750 0.026562
0 0.475875 0.706771 0.014250 0.020833
0 0.486625 0.730729 0.011750 0.020833
0 0.481500 0.781771 0.014500 0.022917
0 0.458625 0.710677 0.013250 0.019271
0 0.449250 0.726823 0.014500 0.024479
0 0.447875 0.750781 0.011750 0.023438
0 0.454500 0.742448 0.015000 0.025521
0 0.442500 0.743750 0.013500 0.020833
0 0.449750 0.770312 0.013500 0.020833
0 0.447500 0.797396 0.010000 0.029167
0 0.431375 0.773698 0.012250 0.016146
0 0.432250 0.844792 0.015000 0.021875
0 0.531125 0.811979 0.012750 0.034375
0 0.539000 0.823958 0.010500 0.021875
0 0.497000 0.892188 0.014500 0.031250
0 0.443875 0.884375 0.013750 0.021875
0 0.523625 0.956250 0.013250 0.021875
0 0.541500 0.936198 0.014500 0.026562
0 0.646625 0.818229 0.011750 0.031250
0 0.629500 0.985156 0.019500 0.024479
0 0.453625 0.400521 0.015750 0.014583
0 0.759250 0.735156 0.015500 0.035937
0 0.760000 0.734635 0.019500 0.039062
0 0.753625 0.759375 0.017750 0.031250
0 0.784250 0.735156 0.010000 0.026562
0 0.774250 0.759375 0.011000 0.029167
0 0.778000 0.783073 0.014500 0.025521
0 0.787750 0.814323 0.015000 0.027604
0 0.790125 0.847135 0.012750 0.035937
0 0.781125 0.875260 0.010750 0.035937
0 0.771125 0.906250 0.017250 0.029167
0 0.795875 0.909115 0.007750 0.025521
0 0.796750 0.925260 0.015000 0.027604
0 0.804750 0.959375 0.010000 0.021875
0 0.805000 0.952604 0.008500 0.023958
0 0.788375 0.977344 0.017250 0.014063
0 0.854375 0.928906 0.012750 0.034896
