0 0.319625 0.603646 0.003250 0.011458
0 0.331000 0.613281 0.003500 0.013021
0 0.325500 0.600781 0.002500 0.007812
0 0.327375 0.601562 0.002250 0.009375
0 0.334500 0.602604 0.003500 0.009375
0 0.340625 0.602344 0.004250 0.007812
0 0.343375 0.589583 0.005750 0.008333
0 0.350000 0.593229 0.003000 0.009375
0 0.400750 0.544792 0.004000 0.013542
0 0.412625 0.619792 0.003750 0.013542
0 0.408500 0.622396 0.005000 0.010417
0 0.403625 0.651302 0.004250 0.011979
0 0.401000 0.633073 0.003500 0.007812
0 0.402750 0.630469 0.003500 0.008854
0 0.430625 0.640885 0.005250 0.006771
0 0.423625 0.660937 0.004750 0.011458
0 0.411500 0.732031 0.003500 0.011979
0 0.411375 0.741927 0.003750 0.009896
0 0.422250 0.721615 0.005500 0.010937
0 0.426250 0.717187 0.004500 0.010417
0 0.431875 0.728125 0.005250 0.008333
0 0.436750 0.733073 0.003500 0.010937
0 0.445125 0.746615 0.006250 0.007812
0 0.429625 0.746094 0.003750 0.011979
0 0.445625 0.769531 0.005250 0.006771
0 0.442250 0.762500 0.002500 0.012500
0 0.439250 0.758333 0.002500 0.012500
0 0.428750 0.770052 0.004500 0.007812
0 0.428875 0.764844 0.004250 0.007812
0 0.432625 0.761719 0.005750 0.006771
0 0.436750 0.769271 0.004500 0.009375
0 0.434750 0.777083 0.003500 0.009375
0 0.434875 0.788281 0.004750 0.009896
0 0.441750 0.783594 0.003000 0.010937
0 0.443750 0.782813 0.003000 0.010417
0 0.434000 0.627604 0.003500 0.007292
0 0.450750 0.547396 0.004000 0.010417
0 0.446000 0.552604 0.005500 0.009375
0 0.447125 0.562500 0.003750 0.010417
0 0.445500 0.573958 0.003000 0.010417
0 0.443375 0.567969 0.004750 0.008854
0 0.452500 0.560677 0.004500 0.007812
0 0.456625 0.580469 0.003750 0.014063
0 0.453250 0.573958 0.002500 0.008333
0 0.454000 0.570312 0.004500 0.007292
0 0.460500 0.573958 0.002000 0.014583
0 0.462500 0.572917 0.002500 0.011458
0 0.462625 0.587760 0.005250 0.008854
0 0.461500 0.599219 0.005000 0.011979
0 0.451000 0.598698 0.004500 0.007812
0 0.472500 0.594271 0.005000 0.008333
0 0.483500 0.609896 0.003000 0.011458
0 0.487500 0.600521 0.005000 0.015625
0 0.494750 0.615885 0.006000 0.011979
0 0.498500 0.638542 0.006000 0.010417
0 0.514875 0.653646 0.003250 0.012500
0 0.517375 0.647917 0.006750 0.010417
0 0.534625 0.664062 0.004750 0.013542
0 0.528250 0.665104 0.005500 0.008333
0 0.528500 0.660417 0.004500 0.006250
0 0.530250 0.691927 0.006000 0.010937
0 0.582875 0.668229 0.005250 0.015625
0 0.566250 0.665104 0.003500 0.011458
0 0.565250 0.655469 0.003500 0.014063
0 0.561500 0.650260 0.005500 0.010937
0 0.570125 0.640365 0.005750 0.006771
0 0.570250 0.636198 0.006500 0.006771
0 0.546625 0.632031 0.004250 0.010937
0 0.540750 0.630729 0.006500 0.010417
0 0.531750 0.632031 0.006000 0.008854
0 0.532500 0.605729 0.004500 0.008333
0 0.523875 0.603906 0.004750 0.007812
0 0.519750 0.602865 0.003000 0.005729
0 0.517750 0.600260 0.006500 0.006771
0 0.527000 0.587500 0.006500 0.009375
0 0.502875 0.578385 0.004250 0.008854
0 0.510500 0.576042 0.006000 0.008333
0 0.515000 0.580729 0.006000 0.010417
0 0.489625 0.577344 0.004250 0.010937
0 0.491375 0.574479 0.003250 0.006250
0 0.506375 0.566146 0.006250 0.009375
0 0.499125 0.562760 0.003250 0.010937
0 0.472000 0.550260 0.003500 0.010937
0 0.462375 0.531250 0.004750 0.007292
0 0.457625 0.522917 0.005250 0.008333
0 0.459375 0.520312 0.002750 0.006250
0 0.473375 0.489583 0.004250 0.010417
0 0.482125 0.498437 0.004750 0.005208
0 0.480250 0.493490 0.004500 0.008854
0 0.503625 0.516146 0.005750 0.011458
0 0.508625 0.529427 0.004750 0.013021
0 0.509625 0.518229 0.003750 0.010417
0 0.526500 0.528646 0.006000 0.009375
0 0.530750 0.540365 0.006000 0.009896
0 0.531625 0.547656 0.005250 0.004687
0 0.547375 0.548438 0.002250 0.011458
0 0.548375 0.556771 0.005250 0.007292
0 0.550375 0.552604 0.003750 0.011458
0 0.553750 0.558594 0.004000 0.008854
0 0.563625 0.556250 0.006750 0.011458
0 0.558750 0.572135 0.006500 0.004687
0 0.558750 0.567448 0.007500 0.006771
0 0.588750 0.608594 0.004000 0.008854
0 0.593875 0.566927 0.004750 0.007812
0 0.601500 0.576823 0.004000 0.006771
0 0.602250 0.568229 0.005500 0.010417
0 0.559875 0.467448 0.005750 0.008854
0 0.552625 0.478125 0.004750 0.013542
0 0.491625 0.354427 0.006750 0.008854
0 0.504250 0.394792 0.006000 0.015625
0 0.518125 0.349740 0.006250 0.008854
0 0.523500 0.340365 0.005000 0.013021
0 0.526625 0.361458 0.006250 0.007292
0 0.530375 0.353906 0.005750 0.007812
0 0.535625 0.345833 0.005750 0.007292
0 0.535750 0.352344 0.005500 0.006771
0 0.539375 0.357552 0.004250 0.014063
0 0.539250 0.341146 0.007000 0.006250
0 0.553875 0.354167 0.003750 0.006250
0 0.554750 0.350000 0.006000 0.006250
0 0.552750 0.342708 0.005000 0.006250
0 0.553000 0.336458 0.005000 0.007292
0 0.570625 0.380729 0.006750 0.012500
0 0.541750 0.396094 0.005500 0.011979
0 0.541625 0.386198 0.005250 0.010937
0 0.530000 0.381771 0.002500 0.011458
0 0.527625 0.381510 0.002250 0.014063
0 0.591375 0.415625 0.006750 0.008333
0 0.574125 0.400781 0.005250 0.007812
0 0.518125 0.313021 0.002750 0.012500
0 0.521375 0.309115 0.003750 0.011979
0 0.539750 0.297917 0.007000 0.007292
0 0.544125 0.284896 0.005750 0.010417
0 0.543375 0.313281 0.004250 0.014063
0 0.566875 0.319271 0.003750 0.010417
0 0.595500 0.296615 0.004000 0.008854
0 0.595125 0.287760 0.006250 0.006771
0 0.595500 0.280469 0.006500 0.008854
0 0.580625 0.269531 0.003750 0.007812
0 0.389500 0.605208 0.005500 0.008333
0 0.115250 0.819531 0.003500 0.010937
0 0.116625 0.832292 0.004750 0.005208
0 0.118000 0.837240 0.004000 0.005729
0 0.118000 0.848698 0.004000 0.014063
0 0.222250 0.629167 0.004000 0.012500
0 0.221125 0.615104 0.004250 0.008333
0 0.217500 0.615625 0.002500 0.011458
0 0.224875 0.669271 0.005250 0.008333
0 0.214875 0.704167 0.005750 0.007292
0 0.219625 0.744531 0.006750 0.008854
0 0.209000 0.782813 0.004500 0.010417
0 0.236250 0.756510 0.007000 0.007812
0 0.234625 0.743490 0.003750 0.010937
0 0.238625 0.712240 0.003250 0.011979
0 0.225875 0.606771 0.003750 0.007292
0 0.224500 0.601823 0.004500 0.003646
0 0.222250 0.598177 0.004000 0.008854
0 0.237000 0.873958 0.006000 0.007292
0 0.237875 0.930990 0.005750 0.008854
0 0.238375 0.610417 0.005250 0.008333
0 0.304875 0.654167 0.004750 0.008333
0 0.317250 0.694792 0.003500 0.009375
0 0.337625 0.699740 0.004750 0.010937
0 0.416625 0.047917 0.007750 0.012500
0 0.134875 0.629687 0.006750 0.015625
