0 0.689250 0.610938 0.005000 0.013542
0 0.779125 0.669792 0.003750 0.016667
0 0.710250 0.660156 0.007000 0.015104
0 0.679625 0.629167 0.006250 0.012500
0 0.656875 0.639062 0.006750 0.009375
0 0.620625 0.688021 0.006750 0.012500
0 0.549500 0.678125 0.004500 0.014583
0 0.582750 0.675781 0.008000 0.009896
0 0.630375 0.769531 0.009750 0.011979
0 0.659500 0.755469 0.005000 0.014063
0 0.632875 0.743750 0.007250 0.014583
0 0.593750 0.611719 0.005500 0.011979
0 0.581000 0.623437 0.006500 0.012500
0 0.552875 0.646094 0.007750 0.016146
0 0.617000 0.634896 0.004000 0.017708
0 0.607000 0.642708 0.006500 0.010417
0 0.594875 0.639062 0.007750 0.013542
0 0.623625 0.633854 0.006250 0.009375
0 0.626000 0.641146 0.008000 0.009375
0 0.638750 0.678646 0.003500 0.014583
0 0.643625 0.676302 0.006250 0.016146
0 0.652500 0.692187 0.005500 0.011458
0 0.658125 0.686979 0.006750 0.015625
0 0.706125 0.737240 0.008250 0.010937
0 0.761125 0.742448 0.008750 0.014063
0 0.749375 0.672917 0.006250 0.009375
0 0.746750 0.681510 0.006500 0.009896
0 0.539125 0.508333 0.008250 0.018750
0 0.564625 0.501302 0.006750 0.015104
0 0.581875 0.412240 0.005750 0.014063
0 0.597000 0.440365 0.006000 0.013021
0 0.643250 0.364063 0.005000 0.010417
0 0.635000 0.370312 0.005000 0.015625
0 0.613625 0.408594 0.005250 0.013021
0 0.622000 0.388542 0.006000 0.012500
0 0.608000 0.365625 0.006500 0.010417
0 0.594625 0.393750 0.006250 0.013542
0 0.627750 0.263542 0.006000 0.014583
0 0.636625 0.239583 0.006750 0.013542
0 0.640875 0.196615 0.005750 0.018229
0 0.663625 0.186719 0.004750 0.018229
0 0.607750 0.389844 0.008000 0.011979
0 0.608875 0.437240 0.004250 0.015104
0 0.605750 0.419010 0.006000 0.010937
0 0.623875 0.339844 0.004750 0.010937
0 0.625875 0.326302 0.003750 0.016146
0 0.692375 0.296354 0.004750 0.010417
0 0.659625 0.313021 0.004750 0.014583
0 0.638000 0.308073 0.004500 0.016146
0 0.630000 0.325781 0.004500 0.009896
0 0.678750 0.242448 0.004000 0.017188
0 0.668375 0.236458 0.004750 0.012500
0 0.663500 0.240885 0.006000 0.015104
0 0.109750 0.761719 0.007000 0.016146
0 0.197500 0.680990 0.010000 0.016146
0 0.176250 0.794271 0.007500 0.012500
0 0.226125 0.776042 0.006250 0.015625
0 0.198125 0.606250 0.006750 0.016667
0 0.299625 0.747135 0.005750 0.017188
0 0.418250 0.558594 0.004500 0.016146
0 0.184000 0.242708 0.010500 0.016667
0 0.248750 0.288802 0.010000 0.017188
0 0.517000 0.048177 0.006000 0.014063
0 0.512000 0.188021 0.007000 0.015625
0 0.513250 0.154427 0.006500 0.015104
0 0.513750 0.136979 0.008000 0.016667
0 0.531000 0.114583 0.004000 0.016667
