0 0.418250 0.487500 0.005500 0.012500
0 0.423750 0.563542 0.004000 0.012500
0 0.405375 0.604427 0.006250 0.008854
0 0.428125 0.608333 0.005750 0.012500
0 0.470500 0.454427 0.003000 0.011979
0 0.470750 0.478385 0.002500 0.013021
0 0.458750 0.488021 0.006000 0.010417
0 0.483125 0.511198 0.005750 0.008854
0 0.480375 0.519010 0.005750 0.010937
0 0.485625 0.527344 0.004750 0.008854
0 0.488500 0.535156 0.005000 0.007812
0 0.484125 0.534896 0.003750 0.007292
0 0.484500 0.542188 0.005500 0.008333
0 0.488500 0.570052 0.003500 0.013021
0 0.484375 0.579688 0.004750 0.009375
0 0.474125 0.582292 0.004250 0.010417
0 0.482750 0.589063 0.005500 0.007292
0 0.479500 0.595052 0.005500 0.008854
0 0.471125 0.598177 0.003750 0.010937
0 0.477250 0.605729 0.005500 0.008333
0 0.482375 0.611719 0.004250 0.010937
0 0.483375 0.653385 0.004250 0.014063
0 0.527250 0.598437 0.004000 0.010417
0 0.507125 0.645833 0.004750 0.007292
0 0.507875 0.642969 0.005250 0.007812
0 0.491250 0.590365 0.003000 0.009896
0 0.493000 0.589063 0.004000 0.010417
0 0.473875 0.526823 0.003250 0.008854
0 0.475625 0.525521 0.003750 0.009375
0 0.511000 0.378385 0.005000 0.008854
0 0.515375 0.390365 0.005750 0.008854
0 0.523500 0.401302 0.005500 0.009896
0 0.521250 0.430469 0.004500 0.006771
0 0.517500 0.428385 0.003500 0.006771
0 0.521500 0.487500 0.004500 0.007292
0 0.534875 0.484635 0.003750 0.010937
0 0.540875 0.506510 0.006250 0.007812
0 0.645750 0.779687 0.005000 0.010417
0 0.689750 0.761719 0.007000 0.017188
0 0.651625 0.636458 0.006250 0.010417
0 0.621750 0.643229 0.004000 0.014583
0 0.593000 0.604688 0.005000 0.013542
0 0.587375 0.627604 0.002750 0.009375
0 0.589125 0.626042 0.004250 0.010417
0 0.573875 0.592187 0.003750 0.011458
0 0.575625 0.586979 0.005250 0.006250
0 0.619875 0.564063 0.007250 0.011458
0 0.590125 0.485156 0.007750 0.009896
0 0.561125 0.456250 0.006750 0.008333
0 0.562625 0.434635 0.006250 0.010937
0 0.557375 0.446615 0.003250 0.011979
0 0.559625 0.444010 0.004250 0.008854
0 0.546375 0.432031 0.004750 0.014063
0 0.531500 0.313281 0.005500 0.013021
0 0.571750 0.364323 0.005000 0.013021
0 0.595000 0.341927 0.006000 0.009896
0 0.607000 0.326042 0.003500 0.013542
0 0.610625 0.352865 0.004250 0.016146
0 0.694875 0.424219 0.009750 0.011979
0 0.524000 0.246354 0.009000 0.014583
