0 0.244531 0.414250 0.014063 0.004000
0 0.290365 0.418250 0.015104 0.004000
0 0.292187 0.416500 0.012500 0.004000
0 0.098958 0.277625 0.005208 0.007750
0 0.103906 0.278750 0.004687 0.006500
0 0.107812 0.279250 0.005208 0.006000
0 0.391406 0.304625 0.010937 0.005250
0 0.471615 0.289250 0.010937 0.007500
0 0.405208 0.313000 0.006250 0.007500
0 0.408854 0.311750 0.006250 0.007000
0 0.537500 0.224375 0.013542 0.005250
0 0.682813 0.452500 0.015625 0.004500
0 0.683073 0.449125 0.013021 0.003750
0 0.743750 0.415000 0.014583 0.004000
0 0.734115 0.416000 0.006771 0.005500
0 0.736719 0.419625 0.013021 0.005250
0 0.730469 0.588000 0.018229 0.008500
