0 0.607000 0.784635 0.019000 0.026562
0 0.644125 0.776563 0.013250 0.021875
0 0.659750 0.751563 0.009000 0.020833
0 0.594000 0.678385 0.015000 0.035937
0 0.701375 0.614062 0.013250 0.037500
0 0.746750 0.547135 0.014000 0.036979
0 0.780500 0.607031 0.015000 0.034896
0 0.818375 0.609375 0.010750 0.028125
0 0.811375 0.626042 0.016750 0.031250
0 0.833875 0.674740 0.012750 0.028646
0 0.873625 0.692187 0.015750 0.029167
0 0.924750 0.607812 0.011000 0.019792
0 0.903125 0.578906 0.012250 0.024479
0 0.902875 0.641146 0.018250 0.031250
0 0.877875 0.606510 0.011750 0.019271
0 0.882250 0.567187 0.013000 0.029167
0 0.862500 0.542188 0.010000 0.020833
0 0.849250 0.553385 0.021000 0.038021
0 0.852625 0.548698 0.012250 0.033854
0 0.829000 0.544010 0.019500 0.024479
0 0.827750 0.542188 0.020500 0.022917
0 0.520875 0.741927 0.013250 0.026562
0 0.519500 0.608333 0.015000 0.030208
0 0.529500 0.600781 0.009500 0.026562
0 0.540375 0.606510 0.012250 0.022396
0 0.534500 0.576562 0.014000 0.021875
0 0.531375 0.546875 0.016750 0.022917
0 0.547875 0.562760 0.011750 0.026562
0 0.550250 0.544010 0.011000 0.022396
0 0.539125 0.517448 0.013250 0.024479
0 0.542750 0.510938 0.014000 0.020833
0 0.543750 0.468750 0.010000 0.019792
0 0.551875 0.473958 0.012250 0.028125
0 0.558875 0.497135 0.013750 0.034896
0 0.523375 0.471094 0.010750 0.028646
0 0.518375 0.438542 0.019250 0.031250
0 0.520000 0.439844 0.019500 0.033854
0 0.532500 0.442188 0.013500 0.019792
0 0.545250 0.432292 0.011000 0.028125
0 0.543375 0.386198 0.011750 0.025521
0 0.549250 0.398698 0.014500 0.025521
0 0.534375 0.372656 0.007250 0.017188
0 0.526750 0.344531 0.014000 0.025521
0 0.534750 0.325260 0.014500 0.026562
0 0.553750 0.333854 0.010000 0.018750
0 0.550875 0.353646 0.013250 0.025000
0 0.559500 0.345052 0.016000 0.028646
0 0.565500 0.378385 0.019500 0.045312
0 0.565250 0.381510 0.021000 0.027604
0 0.579500 0.404167 0.015000 0.042708
0 0.579250 0.406510 0.014500 0.035937
0 0.559375 0.307812 0.012750 0.019792
0 0.565625 0.283073 0.012750 0.027604
0 0.575250 0.287500 0.015500 0.030208
0 0.577250 0.283073 0.015000 0.025521
0 0.589000 0.296875 0.015000 0.018750
0 0.596125 0.322917 0.010750 0.029167
0 0.603000 0.302083 0.010000 0.021875
0 0.608625 0.283073 0.011250 0.025521
0 0.608375 0.304948 0.010750 0.025521
0 0.620125 0.244792 0.012750 0.028125
0 0.589750 0.244792 0.015500 0.030208
0 0.572250 0.211458 0.016000 0.030208
0 0.555250 0.184115 0.014500 0.019271
0 0.620750 0.165625 0.010000 0.031250
0 0.618625 0.158073 0.012250 0.034896
0 0.652500 0.157552 0.011000 0.024479
0 0.652500 0.160417 0.013500 0.032292
0 0.667250 0.227604 0.014000 0.022917
0 0.663000 0.133594 0.014500 0.027604
0 0.674500 0.115365 0.011500 0.027604
0 0.692250 0.122656 0.015000 0.033854
0 0.697750 0.096615 0.014000 0.034896
0 0.703000 0.039323 0.020000 0.038021
0 0.703125 0.011458 0.016750 0.022917
0 0.660875 0.066406 0.012250 0.025521
0 0.658125 0.071875 0.017750 0.031250
0 0.649125 0.037240 0.013250 0.026562
0 0.641875 0.049219 0.012250 0.023438
0 0.618375 0.077604 0.010750 0.023958
0 0.604500 0.110417 0.011500 0.030208
0 0.605875 0.114062 0.014250 0.032292
0 0.591125 0.100521 0.012750 0.031250
0 0.577750 0.096615 0.016000 0.018229
0 0.568000 0.076563 0.015500 0.031250
0 0.417625 0.482812 0.012250 0.029167
0 0.441750 0.477344 0.010500 0.025521
0 0.437625 0.435937 0.012250 0.030208
0 0.422750 0.429948 0.009500 0.025521
0 0.422000 0.405208 0.010000 0.023958
0 0.415000 0.357031 0.016000 0.034896
0 0.429500 0.346875 0.010500 0.032292
0 0.443000 0.247396 0.010000 0.020833
0 0.445000 0.253125 0.015000 0.041667
0 0.427250 0.102344 0.013000 0.027604
0 0.430000 0.121094 0.011500 0.025521
0 0.382750 0.139063 0.015000 0.031250
0 0.383625 0.132031 0.012250 0.028646
0 0.400000 0.119271 0.014000 0.023958
0 0.367000 0.015104 0.010000 0.027083
0 0.378875 0.014583 0.013750 0.020833
0 0.390625 0.053906 0.011750 0.025521
0 0.408375 0.039844 0.012750 0.025521
0 0.414500 0.056771 0.015000 0.027083
0 0.470875 0.752344 0.011250 0.024479
0 0.431875 0.736198 0.007750 0.026562
0 0.400250 0.655729 0.010000 0.025000
0 0.386250 0.651563 0.015000 0.031250
0 0.380875 0.636198 0.011250 0.025521
0 0.387000 0.678385 0.009000 0.024479
0 0.364375 0.699740 0.012750 0.023438
0 0.353375 0.668490 0.012750 0.025521
0 0.362500 0.699219 0.013500 0.024479
0 0.367750 0.622135 0.010500 0.029687
0 0.357000 0.605469 0.009000 0.026562
0 0.351125 0.616927 0.011750 0.019271
0 0.317250 0.640104 0.015000 0.031250
0 0.319500 0.640625 0.015000 0.032292
0 0.318125 0.585156 0.016750 0.023438
0 0.313375 0.582292 0.013750 0.029167
0 0.287250 0.536458 0.015000 0.018750
0 0.281625 0.583333 0.008250 0.021875
0 0.292500 0.601302 0.010000 0.018229
0 0.270625 0.565365 0.011750 0.023438
0 0.256750 0.476823 0.014000 0.024479
0 0.266500 0.421354 0.014500 0.023958
0 0.272250 0.420312 0.009500 0.029167
0 0.282500 0.442969 0.013500 0.025521
0 0.226125 0.369792 0.013750 0.028125
0 0.218625 0.325781 0.013250 0.023438
0 0.198375 0.363021 0.011750 0.018750
0 0.163875 0.390104 0.012750 0.019792
0 0.145000 0.309635 0.015000 0.025521
0 0.151125 0.276823 0.011750 0.024479
0 0.139750 0.253646 0.014500 0.033333
0 0.125000 0.223958 0.010500 0.022917
0 0.174375 0.259115 0.012750 0.026562
0 0.181750 0.274740 0.015000 0.025521
0 0.192250 0.236198 0.009500 0.017188
