0 0.555208 0.471250 0.009375 0.006500
0 0.607031 0.461250 0.013021 0.004000
0 0.637760 0.367125 0.010937 0.004750
0 0.611198 0.294125 0.013021 0.004250
0 0.792448 0.493000 0.010937 0.004000
0 0.787500 0.497500 0.010417 0.006000
0 0.751042 0.469500 0.010417 0.005000
0 0.746615 0.485500 0.007812 0.006500
0 0.843750 0.476125 0.009375 0.005750
0 0.845573 0.445875 0.004687 0.004750
0 0.848437 0.445250 0.005208 0.006000
0 0.852344 0.445125 0.004687 0.004750
0 0.872396 0.374250 0.009375 0.007500
0 0.893750 0.357375 0.006250 0.007750
0 0.905990 0.359250 0.011979 0.003500
0 0.902865 0.357500 0.013021 0.003500
0 0.929427 0.336500 0.014063 0.004500
0 0.899740 0.328375 0.010937 0.006750
0 0.985938 0.618250 0.012500 0.005500
0 0.836979 0.733500 0.011458 0.004500
