0 0.282292 0.482375 0.009375 0.005250
0 0.221615 0.469250 0.005729 0.005500
0 0.253646 0.450125 0.006250 0.004750
0 0.258073 0.449000 0.005729 0.003000
0 0.247656 0.455125 0.005729 0.003750
0 0.250000 0.454625 0.007292 0.004250
0 0.254948 0.446875 0.007812 0.002250
0 0.247135 0.446500 0.007812 0.002500
0 0.245833 0.444375 0.006250 0.003250
0 0.237760 0.434500 0.009896 0.004000
0 0.236979 0.429500 0.010417 0.004000
0 0.194010 0.395375 0.011979 0.003750
0 0.339583 0.479750 0.011458 0.003500
0 0.353125 0.472000 0.010417 0.004000
0 0.343750 0.469500 0.009375 0.003500
0 0.385937 0.413000 0.006250 0.004500
0 0.357552 0.409500 0.009896 0.004000
0 0.360938 0.396500 0.008333 0.004500
0 0.337500 0.428125 0.007292 0.003750
0 0.334896 0.426125 0.008333 0.004250
0 0.292187 0.414000 0.005208 0.004000
0 0.296615 0.413750 0.005729 0.005000
0 0.342708 0.409250 0.008333 0.004500
0 0.343750 0.407750 0.007292 0.004000
0 0.360417 0.383125 0.005208 0.004250
0 0.363802 0.382875 0.004687 0.004250
0 0.364063 0.379250 0.008333 0.003500
0 0.376563 0.364875 0.009375 0.004750
0 0.345052 0.365375 0.011979 0.003750
0 0.360677 0.354000 0.010937 0.005000
0 0.342187 0.300000 0.006250 0.005500
0 0.321094 0.289750 0.007812 0.006000
0 0.307292 0.289625 0.009375 0.005250
0 0.305469 0.280625 0.007812 0.004250
0 0.276562 0.295125 0.007292 0.003750
0 0.279687 0.294250 0.008333 0.004500
0 0.338802 0.258625 0.006771 0.005750
0 0.325000 0.219125 0.007292 0.006750
0 0.454427 0.530625 0.007812 0.003750
0 0.448177 0.515875 0.008854 0.004750
0 0.450781 0.510250 0.007812 0.005000
0 0.462500 0.500250 0.009375 0.003500
0 0.482031 0.514250 0.005729 0.005500
0 0.498177 0.513625 0.006771 0.004750
0 0.497917 0.504375 0.007292 0.002750
0 0.498177 0.507375 0.003646 0.003750
0 0.502344 0.507000 0.005729 0.003500
0 0.520312 0.497125 0.009375 0.004250
0 0.501563 0.482375 0.006250 0.005250
0 0.482812 0.490375 0.005208 0.005250
0 0.478385 0.487875 0.007812 0.005250
0 0.473698 0.483500 0.008854 0.004500
0 0.461458 0.486000 0.005208 0.005500
0 0.526302 0.472250 0.003646 0.005500
0 0.529948 0.472250 0.003646 0.004000
0 0.513542 0.478875 0.005208 0.003750
0 0.510417 0.478375 0.005208 0.004750
0 0.488802 0.493125 0.004687 0.004750
0 0.493229 0.493500 0.004167 0.004000
0 0.556250 0.488125 0.006250 0.004750
0 0.567187 0.484750 0.006250 0.004000
0 0.571354 0.480625 0.007292 0.004250
0 0.557813 0.477000 0.005208 0.005500
0 0.546354 0.479625 0.006250 0.004750
0 0.542188 0.468250 0.009375 0.005500
0 0.572396 0.475250 0.007292 0.005000
0 0.596875 0.466875 0.007292 0.005750
0 0.563281 0.458625 0.006771 0.005750
0 0.573438 0.452875 0.007292 0.005750
0 0.539062 0.449750 0.010417 0.003000
0 0.539062 0.455625 0.005208 0.006250
0 0.499219 0.447625 0.006771 0.004250
0 0.500000 0.451750 0.003125 0.005000
0 0.503125 0.451875 0.004167 0.005250
0 0.529687 0.433500 0.006250 0.005500
0 0.555208 0.441250 0.007292 0.005500
0 0.569531 0.445125 0.005729 0.005250
0 0.556771 0.448500 0.005208 0.004000
0 0.560417 0.448125 0.006250 0.004750
0 0.558854 0.435125 0.009375 0.005750
0 0.543490 0.421500 0.005729 0.005500
0 0.539062 0.418625 0.008333 0.004750
0 0.564323 0.413250 0.007812 0.004500
0 0.579167 0.410875 0.007292 0.003750
0 0.583333 0.409625 0.009375 0.004750
0 0.590365 0.420375 0.006771 0.005750
0 0.601823 0.431750 0.008854 0.003000
0 0.606510 0.427375 0.007812 0.005750
0 0.628906 0.415875 0.006771 0.005750
0 0.660417 0.406000 0.004167 0.005000
0 0.656771 0.405750 0.003125 0.006000
0 0.740104 0.390500 0.014583 0.006500
0 0.770052 0.411250 0.006771 0.004000
0 0.649740 0.427875 0.009896 0.003750
0 0.646354 0.435625 0.006250 0.004250
0 0.647396 0.439875 0.005208 0.004250
0 0.643229 0.442625 0.008333 0.004750
0 0.588281 0.457375 0.009896 0.003750
0 0.596615 0.443750 0.006771 0.004500
0 0.589583 0.444375 0.008333 0.005250
0 0.543490 0.461500 0.002604 0.004500
0 0.546875 0.461750 0.003125 0.005500
0 0.553646 0.460500 0.004167 0.004500
0 0.550521 0.459750 0.004167 0.004000
0 0.638802 0.434500 0.004687 0.005000
0 0.634896 0.434375 0.003125 0.004250
0 0.466146 0.555750 0.009375 0.005000
0 0.504167 0.547875 0.006250 0.004250
0 0.498177 0.543250 0.009896 0.004000
0 0.529687 0.545500 0.008333 0.004500
0 0.550521 0.549125 0.009375 0.003750
0 0.565625 0.548875 0.007292 0.004250
0 0.566667 0.546000 0.009375 0.002000
0 0.577083 0.545125 0.009375 0.002750
0 0.590365 0.547250 0.009896 0.003000
0 0.602083 0.541000 0.008333 0.004000
0 0.598177 0.539750 0.008854 0.003500
0 0.627865 0.540250 0.005729 0.004000
0 0.622396 0.544000 0.006250 0.003000
0 0.621094 0.543250 0.007812 0.003500
0 0.700000 0.557750 0.010417 0.004500
0 0.709635 0.540375 0.010937 0.003750
0 0.696094 0.534875 0.007812 0.004250
0 0.697135 0.542750 0.007812 0.002500
0 0.696094 0.540750 0.008854 0.003000
0 0.743750 0.533125 0.009375 0.004250
0 0.782031 0.550875 0.013021 0.003750
0 0.769010 0.555875 0.010937 0.002750
0 0.761979 0.553750 0.006250 0.003500
0 0.765885 0.566000 0.005729 0.003500
0 0.739844 0.571500 0.007812 0.004000
0 0.835938 0.556375 0.008333 0.004250
0 0.878125 0.554000 0.007292 0.004500
0 0.825521 0.543875 0.011458 0.002750
0 0.832031 0.540875 0.013021 0.003250
0 0.918750 0.546875 0.007292 0.003750
0 0.936198 0.562125 0.009896 0.003250
0 0.913802 0.562750 0.011979 0.004500
0 0.893750 0.552750 0.010417 0.003000
0 0.669792 0.541375 0.006250 0.002750
0 0.668229 0.540500 0.007292 0.004000
0 0.563542 0.557375 0.009375 0.002750
0 0.527865 0.563250 0.006771 0.004500
0 0.532292 0.587375 0.009375 0.005250
0 0.546354 0.580375 0.006250 0.004750
0 0.621094 0.594250 0.008854 0.003500
0 0.607552 0.578125 0.006771 0.003750
0 0.602083 0.578000 0.007292 0.003500
0 0.643750 0.615375 0.007292 0.003250
0 0.621615 0.610625 0.008854 0.003750
0 0.584635 0.635625 0.007812 0.004250
0 0.592187 0.634750 0.006250 0.004000
0 0.598958 0.654250 0.005208 0.003000
0 0.634115 0.742125 0.007812 0.004750
0 0.646094 0.748250 0.006771 0.003000
0 0.761719 0.678250 0.005729 0.003000
0 0.801562 0.706500 0.005208 0.003000
0 0.840104 0.705125 0.009375 0.003250
0 0.915885 0.753750 0.005729 0.002500
0 0.935937 0.842875 0.005208 0.002750
0 0.987760 0.849125 0.005729 0.003250
0 0.971354 0.923000 0.008333 0.003500
0 0.527865 0.530750 0.014063 0.007500
0 0.521094 0.520375 0.008854 0.004250
