0 0.239375 0.550000 0.003250 0.010417
0 0.267125 0.586198 0.003250 0.007812
0 0.276875 0.600521 0.002250 0.006250
0 0.277875 0.598698 0.003250 0.005729
0 0.293750 0.602604 0.004000 0.006250
0 0.304750 0.607292 0.003500 0.004167
0 0.304125 0.604688 0.003750 0.006250
0 0.304500 0.622135 0.003500 0.005729
0 0.305875 0.618490 0.003750 0.004687
0 0.309500 0.620833 0.002500 0.006250
0 0.310625 0.619010 0.003250 0.005729
0 0.314625 0.614323 0.004250 0.005729
0 0.322000 0.632552 0.004000 0.006771
0 0.328250 0.633333 0.004000 0.007292
0 0.333250 0.636458 0.004000 0.006250
0 0.335750 0.630990 0.004000 0.005729
0 0.323250 0.647656 0.004000 0.008854
0 0.329875 0.654427 0.003750 0.008854
0 0.345000 0.644271 0.004000 0.005208
0 0.331250 0.508073 0.003500 0.007812
0 0.333375 0.505990 0.003750 0.005729
0 0.335250 0.500521 0.002500 0.007292
0 0.341375 0.496354 0.003750 0.008333
0 0.333625 0.493750 0.004250 0.009375
0 0.339500 0.525000 0.002000 0.009375
0 0.341375 0.525260 0.002250 0.008854
0 0.314750 0.426823 0.004000 0.009896
0 0.314750 0.405729 0.003500 0.009375
0 0.316250 0.404427 0.003000 0.007812
0 0.306750 0.373698 0.003500 0.005729
0 0.304375 0.376302 0.003250 0.009896
0 0.302375 0.359115 0.002750 0.009896
0 0.304750 0.356250 0.003500 0.008333
0 0.295250 0.383073 0.002000 0.006771
0 0.297000 0.383594 0.002500 0.008854
0 0.254500 0.380990 0.005500 0.008854
0 0.254125 0.223698 0.003250 0.008854
0 0.261500 0.233073 0.004500 0.005729
0 0.263875 0.219531 0.003250 0.008854
0 0.291125 0.326823 0.002250 0.007812
0 0.293125 0.326302 0.002750 0.009896
0 0.294500 0.310937 0.005000 0.011458
0 0.295625 0.310937 0.002250 0.008333
0 0.370875 0.471615 0.002750 0.006771
0 0.371875 0.470833 0.002750 0.007292
0 0.370500 0.456510 0.002500 0.010937
0 0.368500 0.455990 0.003000 0.007812
0 0.360125 0.376042 0.003250 0.011458
0 0.360875 0.284375 0.003250 0.009375
0 0.351375 0.125000 0.003750 0.010417
0 0.346750 0.113021 0.002000 0.009375
0 0.344500 0.113542 0.004500 0.009375
0 0.340500 0.075000 0.003000 0.012500
0 0.342875 0.072917 0.002750 0.010417
0 0.354250 0.092448 0.003500 0.008854
0 0.356875 0.088021 0.003250 0.008333
0 0.418375 0.593490 0.005250 0.005729
0 0.421250 0.588802 0.004000 0.007812
0 0.424625 0.584896 0.004750 0.007292
0 0.425375 0.558854 0.004250 0.011458
0 0.429000 0.521615 0.004000 0.008854
0 0.430875 0.503646 0.004750 0.009375
0 0.425875 0.492708 0.003250 0.011458
0 0.438000 0.476042 0.004500 0.008333
0 0.439500 0.480990 0.003000 0.006771
0 0.441000 0.446094 0.003000 0.005729
0 0.440500 0.444010 0.003500 0.006771
0 0.454750 0.432812 0.004500 0.008333
0 0.448750 0.422656 0.004500 0.008854
0 0.451250 0.406510 0.004000 0.008854
0 0.442625 0.411458 0.004250 0.011458
0 0.454125 0.389844 0.005750 0.008854
0 0.445875 0.380990 0.004250 0.010937
0 0.456125 0.374479 0.003750 0.010417
0 0.454125 0.369010 0.003250 0.010937
0 0.456375 0.361458 0.004250 0.007292
0 0.461000 0.361979 0.003000 0.007292
0 0.459375 0.360677 0.002750 0.008854
0 0.458750 0.355469 0.003000 0.008854
0 0.458375 0.351042 0.004250 0.007292
0 0.467750 0.294531 0.003500 0.010937
0 0.461875 0.278125 0.002250 0.008333
0 0.459500 0.277865 0.003000 0.010937
0 0.477625 0.253385 0.004250 0.006771
0 0.477250 0.265625 0.002000 0.010417
0 0.476000 0.265104 0.002000 0.009375
0 0.485750 0.227083 0.003500 0.010417
0 0.491125 0.218490 0.005250 0.006771
0 0.486500 0.213281 0.003000 0.011979
0 0.483500 0.217708 0.004000 0.009375
0 0.476750 0.211198 0.004000 0.011979
0 0.491750 0.201042 0.002000 0.009375
0 0.489625 0.201042 0.002750 0.011458
0 0.481875 0.184635 0.004750 0.005729
0 0.477125 0.172396 0.005250 0.009375
0 0.481625 0.177865 0.002250 0.008854
0 0.480750 0.175260 0.002500 0.007812
0 0.505000 0.122135 0.003000 0.010937
0 0.517000 0.074219 0.002500 0.008854
0 0.515250 0.073698 0.003000 0.010937
0 0.535625 0.142187 0.002750 0.009375
0 0.498500 0.230469 0.002500 0.007812
0 0.493000 0.243490 0.002500 0.008854
0 0.475250 0.315885 0.002500 0.010937
0 0.458875 0.398438 0.003750 0.009375
0 0.453375 0.606771 0.003250 0.009375
0 0.500875 0.563542 0.004750 0.004167
0 0.500500 0.560156 0.004000 0.003646
0 0.503500 0.557813 0.004500 0.004167
0 0.503625 0.553906 0.004750 0.004687
0 0.496625 0.559635 0.004250 0.005729
0 0.496000 0.556771 0.004000 0.004167
0 0.516250 0.542188 0.003000 0.010417
0 0.516375 0.534375 0.004250 0.005208
0 0.516375 0.530729 0.003250 0.005208
0 0.513375 0.532552 0.004250 0.008854
0 0.513375 0.510938 0.003750 0.006250
0 0.512750 0.508594 0.003500 0.005729
0 0.521375 0.497917 0.005250 0.007292
0 0.632500 0.341927 0.003000 0.006771
0 0.631500 0.340365 0.004000 0.008854
0 0.592875 0.391667 0.004250 0.008333
0 0.613375 0.428125 0.003750 0.008333
0 0.612875 0.425521 0.003750 0.007292
0 0.601875 0.444010 0.004250 0.008854
0 0.601250 0.439062 0.004000 0.007292
0 0.588875 0.444010 0.004250 0.005729
0 0.590250 0.450000 0.003500 0.006250
0 0.589500 0.447656 0.004000 0.006771
0 0.579875 0.450521 0.004250 0.006250
0 0.576000 0.459896 0.003500 0.009375
0 0.580750 0.457552 0.004000 0.009896
0 0.584125 0.463021 0.003750 0.006250
0 0.583625 0.460417 0.003250 0.005208
0 0.560125 0.490885 0.006750 0.007812
0 0.525625 0.523177 0.005750 0.007812
0 0.525375 0.532031 0.005250 0.006771
0 0.533875 0.550781 0.006250 0.006771
0 0.624750 0.513021 0.003500 0.007292
0 0.622750 0.509896 0.003000 0.010417
0 0.606250 0.558073 0.005500 0.008854
0 0.587875 0.555729 0.003750 0.010417
0 0.591875 0.576302 0.003750 0.005729
0 0.591500 0.586458 0.005000 0.005208
0 0.593250 0.582031 0.003500 0.004687
0 0.592500 0.579427 0.004500 0.005729
0 0.598375 0.597917 0.004750 0.008333
0 0.572375 0.618229 0.003250 0.005208
0 0.572125 0.615104 0.004250 0.005208
0 0.506625 0.646615 0.004750 0.008854
0 0.485500 0.672135 0.004000 0.003646
0 0.485250 0.669271 0.004000 0.004167
0 0.475375 0.669531 0.004750 0.006771
0 0.502125 0.697917 0.006250 0.007292
0 0.498875 0.679948 0.002250 0.007812
0 0.497625 0.678906 0.002750 0.008854
0 0.551375 0.645573 0.004750 0.005729
0 0.594000 0.616406 0.002500 0.006771
0 0.592875 0.614844 0.003750 0.007812
0 0.448125 0.761719 0.003750 0.008854
0 0.450125 0.796354 0.004250 0.006250
0 0.452625 0.800781 0.002250 0.006771
0 0.453500 0.799479 0.003000 0.006250
0 0.468750 0.821354 0.004500 0.007292
0 0.465500 0.814583 0.004000 0.008333
0 0.463125 0.814583 0.003250 0.005208
0 0.432625 0.658073 0.003750 0.010937
