0 0.380500 0.455990 0.007000 0.015104
0 0.382125 0.425781 0.006250 0.008854
0 0.400000 0.471875 0.006000 0.013542
0 0.409000 0.428906 0.004500 0.015104
0 0.406500 0.427083 0.004000 0.014583
0 0.404625 0.362240 0.005250 0.016146
0 0.412250 0.370052 0.007000 0.015104
0 0.433250 0.378125 0.007000 0.012500
0 0.431125 0.369010 0.006750 0.017188
0 0.449875 0.338021 0.007250 0.009375
0 0.452500 0.328125 0.006000 0.013542
0 0.436375 0.322396 0.006250 0.017708
0 0.455250 0.353385 0.008500 0.014063
0 0.487750 0.314583 0.004500 0.017708
0 0.492375 0.304688 0.007250 0.013542
0 0.479250 0.396354 0.004000 0.014583
0 0.468250 0.454167 0.003000 0.009375
0 0.470500 0.458333 0.002500 0.016667
0 0.463875 0.488542 0.006250 0.016667
0 0.448375 0.514844 0.005750 0.017188
0 0.439000 0.586979 0.005500 0.017708
0 0.425250 0.605469 0.005500 0.016146
0 0.417750 0.611719 0.004000 0.013021
0 0.416250 0.608594 0.005500 0.014063
0 0.382375 0.670052 0.007250 0.015104
0 0.424875 0.647917 0.002750 0.017708
0 0.422125 0.647135 0.003250 0.015104
0 0.422625 0.684375 0.004250 0.015625
0 0.417750 0.682813 0.002500 0.014583
0 0.415375 0.683073 0.003250 0.018229
0 0.411875 0.723177 0.006750 0.016146
0 0.376625 0.746875 0.003750 0.016667
0 0.378875 0.747396 0.003750 0.014583
0 0.387250 0.783333 0.005500 0.018750
0 0.435000 0.707292 0.005000 0.015625
0 0.433875 0.695052 0.005250 0.017188
0 0.440125 0.669792 0.004250 0.013542
0 0.436625 0.669792 0.003750 0.016667
0 0.439000 0.681250 0.005000 0.009375
0 0.442750 0.686458 0.004500 0.008333
0 0.447000 0.647396 0.006500 0.015625
0 0.444750 0.640885 0.004500 0.016146
0 0.435750 0.647396 0.006500 0.014583
0 0.443875 0.616667 0.005750 0.008333
0 0.543375 0.346615 0.004250 0.008854
0 0.543500 0.365885 0.005500 0.009896
0 0.551000 0.431250 0.005000 0.017708
0 0.541375 0.447656 0.006750 0.014063
0 0.543375 0.444271 0.005750 0.011458
0 0.536875 0.468490 0.007750 0.009896
0 0.538250 0.464062 0.006500 0.007292
0 0.552500 0.451562 0.003500 0.007292
0 0.554625 0.464323 0.004250 0.013021
0 0.556375 0.475260 0.003750 0.007812
0 0.557375 0.486979 0.004250 0.015625
0 0.562875 0.515365 0.003250 0.014063
0 0.563875 0.528906 0.003750 0.013021
0 0.565625 0.540104 0.002750 0.015625
0 0.556500 0.552083 0.005000 0.012500
0 0.558125 0.550000 0.005250 0.014583
0 0.571750 0.575260 0.004000 0.016146
0 0.575125 0.588281 0.003750 0.015104
0 0.568375 0.604688 0.007750 0.009375
0 0.579250 0.580990 0.005500 0.011979
0 0.578125 0.603125 0.006250 0.013542
0 0.583875 0.614844 0.004750 0.015104
0 0.567250 0.621094 0.007000 0.010937
0 0.576125 0.639583 0.007250 0.011458
0 0.586000 0.636458 0.006500 0.012500
0 0.572375 0.645052 0.007750 0.007812
0 0.580250 0.663802 0.006000 0.013021
0 0.581125 0.672917 0.007250 0.006250
0 0.571250 0.674740 0.007500 0.006771
0 0.573000 0.685156 0.004000 0.009896
0 0.571750 0.682552 0.005000 0.010937
0 0.577500 0.720833 0.007000 0.012500
0 0.583625 0.700521 0.006750 0.011458
0 0.588875 0.704948 0.004750 0.016146
0 0.598875 0.802344 0.003750 0.019271
0 0.593750 0.804167 0.004500 0.012500
0 0.595250 0.801562 0.005500 0.012500
0 0.608625 0.831510 0.007750 0.013021
0 0.591375 0.866146 0.003750 0.011458
0 0.596750 0.866406 0.007500 0.007812
0 0.596375 0.861198 0.006250 0.005729
0 0.611875 0.852083 0.005750 0.016667
0 0.603625 0.883594 0.007250 0.013021
0 0.612500 0.874219 0.005000 0.013021
0 0.614500 0.873177 0.003500 0.015104
0 0.617500 0.876563 0.004000 0.015625
0 0.622125 0.880469 0.005250 0.015104
0 0.618125 0.891667 0.005750 0.008333
0 0.616750 0.894531 0.007000 0.009896
0 0.616875 0.903906 0.008250 0.011979
0 0.641750 0.992448 0.008500 0.010937
0 0.645500 0.900781 0.005500 0.017188
0 0.654375 0.876042 0.006250 0.015625
0 0.653375 0.864323 0.005750 0.008854
0 0.648125 0.862500 0.004750 0.016667
0 0.644125 0.889583 0.004250 0.009375
0 0.634375 0.852865 0.005250 0.013021
0 0.632250 0.858854 0.005000 0.010417
0 0.627875 0.842187 0.004750 0.014583
0 0.619000 0.830990 0.005000 0.015104
0 0.623125 0.828125 0.003250 0.015625
0 0.629000 0.829167 0.005000 0.016667
0 0.632875 0.836458 0.003750 0.013542
0 0.636500 0.832552 0.004000 0.009896
0 0.635000 0.822135 0.003000 0.011979
0 0.626125 0.814583 0.002750 0.015625
0 0.628750 0.815885 0.003500 0.015104
0 0.631750 0.818490 0.004000 0.008854
0 0.623500 0.813281 0.002500 0.014063
0 0.632000 0.809896 0.004000 0.010417
0 0.613375 0.782813 0.005750 0.016667
0 0.623750 0.757031 0.006000 0.015104
0 0.611125 0.753906 0.005250 0.011979
0 0.612125 0.750521 0.005250 0.009375
0 0.614750 0.710156 0.005000 0.016146
0 0.611875 0.710156 0.003250 0.014063
0 0.602625 0.697396 0.004750 0.008333
0 0.601875 0.690625 0.004250 0.009375
0 0.597750 0.679948 0.004500 0.016146
0 0.592125 0.679167 0.004750 0.016667
0 0.593750 0.672656 0.003500 0.015104
0 0.593250 0.654427 0.004000 0.016146
0 0.590625 0.653385 0.002750 0.014063
0 0.588250 0.656250 0.004000 0.015625
0 0.545750 0.255990 0.006500 0.015104
0 0.621500 0.248958 0.008000 0.010417
0 0.601125 0.344010 0.005250 0.011979
0 0.603000 0.341406 0.006500 0.014063
0 0.620875 0.313281 0.007250 0.008854
0 0.624250 0.325521 0.005500 0.015625
0 0.620125 0.336198 0.007750 0.007812
0 0.618000 0.329167 0.008500 0.010417
0 0.630125 0.326562 0.004750 0.015625
0 0.633250 0.320052 0.007500 0.009896
0 0.634875 0.314323 0.004750 0.010937
0 0.634875 0.342187 0.007250 0.013542
0 0.632250 0.350000 0.008500 0.011458
0 0.616750 0.376302 0.008500 0.013021
0 0.630500 0.372135 0.006500 0.010937
0 0.628000 0.405469 0.004500 0.016146
0 0.639375 0.382292 0.006250 0.015625
0 0.643875 0.439844 0.004750 0.014063
0 0.647000 0.440104 0.004000 0.015625
0 0.649500 0.439323 0.004500 0.013021
0 0.679875 0.418229 0.007750 0.020833
0 0.666125 0.477865 0.007750 0.013021
0 0.679750 0.507292 0.007000 0.013542
0 0.682375 0.503385 0.004750 0.016146
0 0.684625 0.501823 0.005250 0.013021
0 0.688000 0.521875 0.008500 0.010417
0 0.681000 0.521094 0.004000 0.017188
0 0.700375 0.516406 0.007750 0.018229
0 0.678125 0.546875 0.008750 0.010417
0 0.672625 0.535677 0.007250 0.013021
0 0.671250 0.540365 0.005500 0.013021
0 0.705625 0.546094 0.006750 0.011979
0 0.722750 0.509635 0.006500 0.014063
0 0.718875 0.498437 0.009250 0.007292
0 0.744875 0.607292 0.008750 0.008333
0 0.759500 0.618750 0.006000 0.014583
0 0.746375 0.635677 0.006250 0.015104
0 0.734750 0.623177 0.006500 0.015104
0 0.739875 0.632031 0.006250 0.009896
0 0.741125 0.629167 0.005750 0.011458
0 0.744375 0.625260 0.006750 0.013021
0 0.745875 0.622917 0.005750 0.009375
0 0.724500 0.637500 0.005000 0.013542
0 0.726625 0.636458 0.003750 0.012500
0 0.729875 0.648177 0.009750 0.008854
0 0.716250 0.673958 0.005500 0.013542
0 0.723250 0.685156 0.007500 0.014063
0 0.738625 0.667448 0.004250 0.016146
0 0.753875 0.679948 0.007750 0.014063
0 0.750500 0.665104 0.005000 0.016667
0 0.752750 0.660677 0.005500 0.013021
0 0.757875 0.668490 0.004750 0.016146
0 0.760250 0.665365 0.004500 0.013021
0 0.769875 0.668490 0.005750 0.015104
0 0.770875 0.680208 0.008250 0.009375
0 0.770875 0.685677 0.006750 0.008854
