0 0.654625 0.644010 0.007250 0.010937
0 0.626250 0.687240 0.007000 0.010937
0 0.622500 0.984375 0.007000 0.011458
0 0.550375 0.870052 0.008250 0.011979
0 0.630375 0.520833 0.004250 0.015625
0 0.624875 0.516927 0.005250 0.015104
0 0.596750 0.583594 0.006500 0.015104
0 0.594000 0.569010 0.006500 0.014063
0 0.593250 0.566667 0.008000 0.014583
0 0.559625 0.707812 0.006250 0.014583
0 0.547000 0.740625 0.007500 0.011458
0 0.548250 0.698438 0.006000 0.015625
0 0.544625 0.684375 0.005750 0.011458
0 0.537250 0.749740 0.007500 0.007812
0 0.538000 0.742708 0.006000 0.009375
0 0.520500 0.683333 0.009500 0.015625
0 0.519375 0.681771 0.006250 0.018750
0 0.548500 0.677083 0.007000 0.016667
0 0.548625 0.676042 0.006250 0.021875
0 0.491125 0.740885 0.006250 0.017188
0 0.491375 0.741667 0.009750 0.014583
0 0.480375 0.749740 0.009750 0.016146
0 0.515500 0.823698 0.007000 0.011979
0 0.581625 0.467969 0.009250 0.010937
0 0.573125 0.501823 0.006250 0.010937
0 0.572375 0.496354 0.006250 0.011458
0 0.569125 0.460677 0.008250 0.014063
0 0.560875 0.441146 0.005750 0.012500
0 0.534125 0.484375 0.007250 0.012500
0 0.534250 0.448177 0.006500 0.009896
0 0.531750 0.443490 0.007000 0.009896
0 0.507000 0.487760 0.008000 0.013021
0 0.523500 0.516667 0.007500 0.013542
0 0.503750 0.524219 0.008500 0.010937
0 0.498625 0.547135 0.006250 0.014063
0 0.493750 0.527344 0.006000 0.013021
0 0.473500 0.487760 0.007500 0.014063
0 0.468625 0.484115 0.004750 0.014063
0 0.432875 0.495833 0.005750 0.014583
0 0.414750 0.507292 0.006000 0.014583
0 0.408625 0.507812 0.008250 0.012500
0 0.386500 0.568229 0.007000 0.013542
0 0.435750 0.520573 0.007000 0.016146
0 0.354875 0.620313 0.009250 0.016667
0 0.407625 0.621875 0.007750 0.014583
0 0.427000 0.648438 0.007000 0.009375
0 0.435125 0.639844 0.007250 0.009896
0 0.428500 0.630729 0.007500 0.014583
0 0.427250 0.659115 0.008500 0.015104
0 0.435875 0.624479 0.007750 0.013542
0 0.435375 0.623177 0.007750 0.015104
0 0.459250 0.634635 0.007500 0.010937
0 0.468625 0.613281 0.010250 0.019271
0 0.468000 0.611198 0.006500 0.020313
0 0.474750 0.548698 0.008500 0.013021
0 0.621875 0.302344 0.005750 0.017188
0 0.618125 0.265885 0.007250 0.010937
0 0.595375 0.298177 0.007750 0.016146
0 0.539250 0.279687 0.007500 0.009375
0 0.538875 0.272656 0.006250 0.009896
0 0.536750 0.253646 0.007500 0.010417
0 0.530000 0.253125 0.006500 0.014583
0 0.523000 0.255469 0.008000 0.010937
0 0.517250 0.265625 0.008500 0.010417
0 0.521375 0.233594 0.005750 0.015104
0 0.521125 0.205990 0.008250 0.013021
0 0.505625 0.211979 0.007750 0.010417
0 0.501250 0.222135 0.008500 0.011979
0 0.507875 0.253646 0.006750 0.014583
0 0.502375 0.246615 0.006250 0.009896
0 0.498125 0.244010 0.003750 0.011979
0 0.492875 0.219010 0.007250 0.013021
0 0.494125 0.210417 0.006250 0.013542
0 0.470500 0.233073 0.007500 0.008854
0 0.470500 0.239583 0.008000 0.008333
0 0.458750 0.163542 0.008000 0.018750
0 0.458375 0.163281 0.010750 0.016146
0 0.418000 0.149740 0.006000 0.017188
0 0.422125 0.140625 0.006250 0.007292
0 0.422250 0.134635 0.007500 0.005729
0 0.424250 0.029427 0.006500 0.010937
0 0.419000 0.030469 0.005500 0.013021
0 0.497625 0.090365 0.007250 0.010937
0 0.541375 0.192188 0.007250 0.006250
0 0.542000 0.196354 0.006500 0.006250
0 0.491000 0.165625 0.007000 0.012500
0 0.490125 0.165885 0.010750 0.013021
0 0.509750 0.198698 0.008500 0.015104
0 0.508625 0.198437 0.008750 0.012500
0 0.580875 0.186458 0.007750 0.012500
0 0.565000 0.206510 0.008500 0.019271
0 0.564875 0.207031 0.009750 0.016146
0 0.660125 0.276823 0.007250 0.015104
0 0.666750 0.261719 0.006000 0.015104
0 0.696500 0.250781 0.009000 0.015104
0 0.696125 0.252865 0.010250 0.016146
0 0.622375 0.095052 0.005250 0.014063
0 0.617375 0.097135 0.005250 0.010937
0 0.631125 0.191406 0.007250 0.017188
