0 0.126823 0.366625 0.011979 0.006250
0 0.232031 0.505625 0.008854 0.005250
0 0.235417 0.497250 0.008333 0.006500
0 0.230729 0.480875 0.009375 0.006250
0 0.227083 0.473875 0.008333 0.006250
0 0.227604 0.446375 0.012500 0.004750
0 0.263021 0.441625 0.011458 0.007750
0 0.291927 0.390625 0.004687 0.006750
0 0.287240 0.387500 0.008854 0.003000
0 0.258073 0.401625 0.008854 0.006250
0 0.266927 0.403500 0.006771 0.005500
0 0.265885 0.399750 0.005729 0.004000
0 0.275781 0.376125 0.004687 0.006250
0 0.280469 0.376500 0.004687 0.007000
0 0.173958 0.360625 0.008333 0.005750
0 0.294010 0.343375 0.008854 0.007750
0 0.298177 0.360125 0.005729 0.006750
0 0.302865 0.359875 0.006771 0.005250
0 0.290104 0.366625 0.005208 0.006750
0 0.295573 0.366750 0.005729 0.005500
0 0.360417 0.460375 0.007292 0.003250
0 0.362240 0.461875 0.010937 0.004250
0 0.405729 0.438250 0.006250 0.005000
0 0.459375 0.410750 0.007292 0.005000
0 0.465104 0.382750 0.013542 0.005000
0 0.489844 0.377875 0.009896 0.004750
0 0.481510 0.381250 0.007812 0.005000
0 0.510938 0.379250 0.009375 0.005500
0 0.498958 0.355625 0.008333 0.004750
0 0.496875 0.354250 0.009375 0.005500
0 0.511458 0.371125 0.008333 0.004250
0 0.527604 0.357750 0.010417 0.005500
0 0.518229 0.364625 0.011458 0.005250
0 0.565885 0.299125 0.009896 0.005750
0 0.552083 0.302125 0.013542 0.006750
0 0.547135 0.333500 0.009896 0.005500
0 0.628385 0.283625 0.008854 0.005250
0 0.612240 0.247375 0.011979 0.007250
0 0.321615 0.547375 0.013021 0.004750
0 0.380208 0.529125 0.012500 0.002750
0 0.379948 0.526875 0.010937 0.002250
0 0.398177 0.521000 0.013021 0.005000
0 0.390104 0.524750 0.011458 0.005000
0 0.386458 0.523000 0.009375 0.005500
0 0.422917 0.516500 0.013542 0.003000
0 0.430990 0.514625 0.011979 0.004250
0 0.471094 0.502625 0.014063 0.003750
0 0.497135 0.504500 0.011979 0.002500
0 0.502604 0.501875 0.010417 0.004750
0 0.528906 0.494500 0.011979 0.005000
0 0.504948 0.474875 0.015104 0.006750
0 0.581510 0.473000 0.016146 0.005500
0 0.616406 0.473375 0.008854 0.003750
0 0.657813 0.462125 0.010417 0.004750
0 0.590625 0.425375 0.011458 0.006750
0 0.683854 0.408625 0.010417 0.007250
0 0.547917 0.481000 0.011458 0.003500
0 0.550000 0.479375 0.011458 0.002750
0 0.405990 0.556750 0.010937 0.005500
0 0.430729 0.559500 0.009375 0.007000
0 0.457031 0.558375 0.015104 0.003250
0 0.491927 0.577375 0.021354 0.006250
0 0.692187 0.573125 0.011458 0.006250
0 0.753385 0.516625 0.011979 0.003750
0 0.757031 0.513875 0.014063 0.002750
0 0.737760 0.515500 0.014063 0.004000
0 0.720313 0.517750 0.013542 0.002500
0 0.721094 0.520375 0.015104 0.003250
0 0.355990 0.597500 0.010937 0.005000
0 0.369792 0.604125 0.011458 0.005250
0 0.381510 0.594000 0.011979 0.004500
0 0.401562 0.595125 0.010417 0.003750
0 0.410156 0.609875 0.010937 0.004250
0 0.398438 0.604875 0.012500 0.006750
0 0.458333 0.603125 0.012500 0.002250
0 0.458854 0.605625 0.011458 0.002750
0 0.571875 0.618500 0.017708 0.007000
0 0.604948 0.649750 0.007812 0.005500
0 0.369271 0.638875 0.008333 0.006250
0 0.832812 0.714625 0.011458 0.005750
