0 0.170833 0.514375 0.013542 0.006250
0 0.178125 0.507250 0.013542 0.004500
0 0.165365 0.501000 0.014063 0.006000
0 0.195312 0.488875 0.011458 0.006250
0 0.248177 0.502625 0.014063 0.004250
0 0.255729 0.509500 0.009375 0.005000
0 0.272917 0.502000 0.014583 0.004500
0 0.279167 0.511250 0.006250 0.003500
0 0.283854 0.510625 0.008333 0.004750
0 0.305208 0.511125 0.010417 0.004750
0 0.295573 0.507250 0.008854 0.004500
0 0.293490 0.496000 0.011979 0.004000
0 0.304427 0.493500 0.014063 0.004500
0 0.323958 0.488875 0.008333 0.007750
0 0.334635 0.496875 0.014063 0.005750
0 0.337500 0.490625 0.014583 0.004750
0 0.348438 0.491250 0.007292 0.006500
0 0.357552 0.490625 0.014063 0.004750
0 0.357292 0.504750 0.016667 0.004500
0 0.268490 0.458625 0.016146 0.004750
0 0.425521 0.496750 0.013542 0.003000
0 0.425781 0.494125 0.013021 0.003250
0 0.473698 0.521125 0.011979 0.006250
0 0.417969 0.546500 0.008854 0.006500
0 0.406510 0.547000 0.013021 0.004500
0 0.392708 0.549625 0.015625 0.004250
0 0.363802 0.551500 0.014063 0.006000
0 0.347135 0.560500 0.011979 0.003500
0 0.433594 0.551750 0.009896 0.003000
0 0.438021 0.549375 0.007292 0.002750
0 0.514323 0.564625 0.010937 0.006250
0 0.521094 0.559125 0.009896 0.004250
0 0.516146 0.588500 0.012500 0.007500
0 0.497656 0.640000 0.011979 0.004500
0 0.727344 0.498875 0.015104 0.003750
0 0.734896 0.506000 0.009375 0.008000
0 0.764062 0.516750 0.014583 0.005500
0 0.774479 0.510625 0.013542 0.007250
0 0.793490 0.501375 0.015104 0.007250
0 0.791927 0.513875 0.008854 0.007750
0 0.798698 0.511875 0.007812 0.006250
0 0.805208 0.514750 0.013542 0.007000
0 0.812500 0.506000 0.009375 0.008000
0 0.822656 0.505250 0.013021 0.004500
0 0.843229 0.495750 0.016667 0.004500
0 0.858854 0.495250 0.012500 0.005500
0 0.849479 0.504500 0.010417 0.008500
0 0.840104 0.500625 0.012500 0.005750
0 0.872396 0.499250 0.007292 0.008000
0 0.879167 0.498625 0.007292 0.004750
0 0.821875 0.521750 0.009375 0.008000
0 0.811979 0.521000 0.011458 0.006000
0 0.815104 0.519125 0.008333 0.004750
0 0.912500 0.516125 0.018750 0.005250
0 0.903646 0.524750 0.015625 0.005500
0 0.914583 0.524875 0.006250 0.006750
0 0.919792 0.525125 0.007292 0.004750
0 0.968490 0.541750 0.014063 0.004000
0 0.992188 0.543000 0.011458 0.005500
0 0.773177 0.606625 0.011979 0.003250
0 0.727865 0.604375 0.007812 0.003750
0 0.805208 0.414500 0.012500 0.006000
0 0.841927 0.428375 0.011979 0.006250
0 0.878646 0.435000 0.014583 0.006000
0 0.911719 0.467625 0.010937 0.005250
0 0.377344 0.872000 0.017188 0.008000
0 0.502604 0.853625 0.015625 0.009250
0 0.907292 0.683500 0.012500 0.008000
0 0.784375 0.655125 0.008333 0.004250
0 0.603385 0.979250 0.016146 0.006000
