0 0.181510 0.228375 0.013021 0.005250
0 0.480208 0.108375 0.016667 0.005750
0 0.721875 0.133750 0.010417 0.007000
0 0.673177 0.160250 0.007812 0.006500
0 0.488542 0.395000 0.012500 0.005500
0 0.678385 0.357750 0.013021 0.006500
0 0.897917 0.383500 0.011458 0.004500
0 0.715885 0.418500 0.008854 0.004000
0 0.712500 0.417875 0.008333 0.003750
0 0.663802 0.385625 0.014063 0.002250
0 0.663021 0.387875 0.017708 0.002250
0 0.637500 0.411625 0.014583 0.003750
0 0.453646 0.429000 0.008333 0.007000
0 0.512500 0.445625 0.015625 0.006250
0 0.553385 0.435375 0.010937 0.007750
0 0.547656 0.456875 0.006771 0.006750
0 0.568229 0.458125 0.012500 0.003750
0 0.565885 0.455000 0.014063 0.004000
0 0.596875 0.467125 0.012500 0.005250
0 0.624740 0.471250 0.010937 0.007000
0 0.674479 0.487625 0.011458 0.006250
0 0.780990 0.508625 0.010937 0.007250
0 0.778125 0.500875 0.013542 0.005250
0 0.763542 0.488250 0.013542 0.005500
0 0.765365 0.485375 0.008854 0.005250
0 0.852344 0.506875 0.014063 0.005750
0 0.845313 0.514875 0.011458 0.004750
0 0.847135 0.512875 0.014063 0.005250
0 0.333333 0.449375 0.014583 0.004750
0 0.380729 0.451875 0.011458 0.006750
0 0.404948 0.455625 0.015104 0.010750
0 0.458854 0.456750 0.012500 0.006500
0 0.447396 0.467375 0.008333 0.005250
0 0.451042 0.466375 0.010417 0.005750
0 0.451562 0.477125 0.011458 0.007250
0 0.464323 0.478000 0.017188 0.005000
0 0.493750 0.488625 0.013542 0.004750
0 0.484375 0.495000 0.015625 0.005000
0 0.529948 0.482500 0.011979 0.007000
0 0.512760 0.509375 0.015104 0.004250
0 0.534896 0.512375 0.013542 0.004750
0 0.526563 0.507875 0.010417 0.003750
0 0.527344 0.506000 0.014063 0.004000
0 0.573438 0.515875 0.014583 0.005250
0 0.586198 0.517750 0.007812 0.006500
0 0.596094 0.518875 0.010937 0.004750
0 0.646354 0.518125 0.010417 0.007750
0 0.575260 0.535125 0.010937 0.006250
0 0.693490 0.585500 0.013021 0.007500
0 0.759115 0.572125 0.014063 0.004250
0 0.730208 0.556375 0.015625 0.006750
0 0.780990 0.596250 0.011979 0.007500
0 0.824219 0.628500 0.010937 0.008500
0 0.846094 0.648125 0.016146 0.004750
0 0.878906 0.688000 0.013021 0.005000
0 0.761719 0.654500 0.011979 0.009500
0 0.752344 0.644625 0.014063 0.005250
0 0.747396 0.634000 0.007292 0.006500
0 0.744271 0.628750 0.011458 0.004000
0 0.685677 0.618375 0.008854 0.006250
0 0.670052 0.617250 0.011979 0.007000
0 0.676042 0.613625 0.010417 0.005750
0 0.668490 0.603625 0.006771 0.006250
0 0.674479 0.602375 0.011458 0.005250
0 0.628125 0.596625 0.009375 0.006250
0 0.595052 0.607125 0.008854 0.005250
0 0.598177 0.605625 0.011979 0.005250
0 0.627604 0.574750 0.006250 0.006500
0 0.595313 0.575875 0.012500 0.004750
0 0.595833 0.567875 0.008333 0.005750
0 0.596354 0.560250 0.012500 0.008000
0 0.563542 0.566375 0.010417 0.007250
0 0.583073 0.554500 0.014063 0.005500
0 0.548698 0.551250 0.005729 0.005500
0 0.552604 0.550875 0.009375 0.006250
0 0.533854 0.530625 0.010417 0.005750
0 0.463021 0.511125 0.013542 0.005250
0 0.476562 0.507375 0.011458 0.004750
0 0.450000 0.503750 0.009375 0.006500
0 0.335417 0.539000 0.012500 0.004000
0 0.370312 0.551500 0.010417 0.008000
0 0.413542 0.621375 0.011458 0.005750
0 0.436198 0.633625 0.010937 0.004750
0 0.477865 0.662125 0.009896 0.006250
0 0.513021 0.666500 0.012500 0.004000
0 0.498958 0.662125 0.011458 0.005750
0 0.503646 0.656875 0.009375 0.006750
0 0.502865 0.638875 0.005729 0.006250
0 0.496615 0.638250 0.007812 0.006000
0 0.498698 0.637125 0.005729 0.004750
0 0.474740 0.634125 0.008854 0.006250
0 0.498698 0.616375 0.011979 0.006750
0 0.445573 0.578875 0.007812 0.006250
0 0.454427 0.573250 0.008854 0.006500
0 0.458854 0.564625 0.009375 0.006750
0 0.227344 0.492750 0.014063 0.006000
0 0.142448 0.519250 0.011979 0.007000
0 0.415625 0.952875 0.009375 0.005750
0 0.449219 0.955125 0.011979 0.005250
0 0.650781 0.893500 0.010937 0.008000
0 0.885156 0.662875 0.010937 0.007250
0 0.985156 0.639625 0.014063 0.005750
0 0.897135 0.449375 0.013021 0.005250
0 0.490625 0.083625 0.015625 0.011750
0 0.992188 0.162500 0.009375 0.008000
