0 0.284115 0.140250 0.017188 0.006500
0 0.275521 0.133875 0.011458 0.006750
0 0.362240 0.330250 0.014063 0.006500
0 0.377344 0.324750 0.011979 0.008000
0 0.546875 0.284250 0.014583 0.010500
0 0.532292 0.281375 0.010417 0.009250
0 0.525781 0.280750 0.009896 0.007500
0 0.434896 0.491250 0.010417 0.006500
0 0.472656 0.515250 0.009896 0.007500
0 0.493750 0.547625 0.014583 0.007250
0 0.525521 0.523875 0.011458 0.005250
0 0.517448 0.523375 0.007812 0.005250
0 0.542969 0.590000 0.014063 0.006000
0 0.669271 0.591000 0.012500 0.007000
0 0.311458 0.701375 0.010417 0.007250
0 0.045573 0.750375 0.007812 0.004250
0 0.054427 0.749875 0.008854 0.005750
