0 0.883750 0.793229 0.006000 0.015625
0 0.852250 0.753906 0.006500 0.017188
0 0.835875 0.751042 0.008250 0.020833
0 0.829875 0.779687 0.009750 0.020833
0 0.837625 0.775781 0.008250 0.025521
0 0.824500 0.742188 0.007500 0.027083
0 0.824875 0.741667 0.006250 0.018750
0 0.814500 0.736979 0.007500 0.020833
0 0.697875 0.779167 0.006250 0.023958
0 0.794375 0.895833 0.010250 0.021875
0 0.670875 0.728125 0.011250 0.025000
0 0.670875 0.725781 0.008750 0.021354
0 0.673125 0.769792 0.006750 0.025000
0 0.662500 0.763021 0.006500 0.022917
0 0.672750 0.766406 0.006500 0.017188
0 0.649500 0.783073 0.008000 0.020313
0 0.646375 0.755469 0.006750 0.017188
0 0.640250 0.754687 0.006500 0.014583
0 0.627250 0.759635 0.008000 0.017188
0 0.625625 0.759375 0.007750 0.019792
0 0.614875 0.782292 0.007750 0.016667
0 0.657250 0.859375 0.008000 0.028125
0 0.677000 0.888281 0.007000 0.023438
0 0.679875 0.908333 0.007750 0.021875
0 0.687500 0.927604 0.007500 0.015625
0 0.696000 0.920052 0.008500 0.025521
0 0.698625 0.933073 0.006750 0.014063
0 0.630500 0.862500 0.005500 0.021875
0 0.629750 0.888021 0.007500 0.018750
0 0.629500 0.908073 0.009500 0.018229
0 0.617250 0.927604 0.006500 0.018750
0 0.603500 0.857812 0.004500 0.014583
0 0.609000 0.847396 0.007500 0.019792
0 0.590625 0.847396 0.005750 0.019792
0 0.598125 0.838281 0.007250 0.015104
0 0.598125 0.827604 0.006750 0.012500
0 0.596750 0.814063 0.007000 0.017708
0 0.610875 0.815104 0.007750 0.015625
0 0.605750 0.805208 0.007500 0.016667
0 0.587250 0.777865 0.009500 0.018229
0 0.588875 0.780208 0.010750 0.021875
0 0.580000 0.802344 0.008000 0.017188
0 0.561500 0.800781 0.007000 0.021354
0 0.545250 0.813542 0.007500 0.019792
0 0.525625 0.768490 0.008250 0.017188
0 0.550750 0.715104 0.006000 0.014583
0 0.550500 0.700000 0.004500 0.014583
0 0.527625 0.691146 0.008250 0.014583
0 0.536375 0.645573 0.007750 0.015104
0 0.551000 0.580208 0.008000 0.012500
0 0.556375 0.600521 0.005250 0.015625
0 0.562250 0.588542 0.008500 0.026042
0 0.563500 0.591927 0.007000 0.020313
0 0.568500 0.605990 0.006000 0.011979
0 0.575375 0.591146 0.009250 0.015625
0 0.576375 0.556250 0.008750 0.017708
0 0.583125 0.553385 0.007750 0.021354
0 0.580000 0.529427 0.011500 0.020313
0 0.566500 0.497135 0.009500 0.018229
0 0.576875 0.477344 0.008750 0.020313
0 0.582250 0.494531 0.007000 0.023438
0 0.585375 0.486198 0.007750 0.017188
0 0.580500 0.453646 0.007000 0.015625
0 0.580250 0.460156 0.009000 0.018229
0 0.591125 0.432552 0.008250 0.016146
0 0.600250 0.444271 0.006000 0.015625
0 0.604750 0.456250 0.007500 0.017708
0 0.599750 0.538021 0.007000 0.018750
0 0.634625 0.492969 0.007750 0.019271
0 0.629750 0.416667 0.008500 0.021875
0 0.643000 0.417187 0.008000 0.016667
0 0.626750 0.382552 0.007000 0.018229
0 0.632625 0.390625 0.007250 0.015625
0 0.645875 0.376823 0.009250 0.018229
0 0.616250 0.337500 0.010500 0.012500
0 0.626375 0.303906 0.009250 0.017188
0 0.639125 0.278646 0.009250 0.013542
0 0.655375 0.251563 0.007250 0.016667
0 0.635375 0.210156 0.008750 0.014063
0 0.699375 0.236719 0.012750 0.014063
0 0.696625 0.282292 0.007250 0.021875
0 0.727250 0.340365 0.009000 0.017188
0 0.744500 0.277083 0.007000 0.016667
0 0.751500 0.230208 0.009500 0.015625
0 0.744875 0.211719 0.011750 0.017188
0 0.706250 0.392708 0.010500 0.016667
0 0.708750 0.387760 0.009500 0.018229
0 0.702125 0.409115 0.007250 0.016146
0 0.693500 0.403646 0.007000 0.017708
0 0.685125 0.393229 0.010750 0.021875
0 0.686000 0.446094 0.008000 0.018229
0 0.654625 0.532292 0.005750 0.016667
0 0.645750 0.522917 0.010000 0.016667
0 0.705125 0.129948 0.009750 0.018229
0 0.720125 0.063021 0.009250 0.011458
0 0.750625 0.073698 0.011750 0.018229
0 0.742250 0.154688 0.007500 0.018750
0 0.795625 0.180469 0.008250 0.015104
0 0.740875 0.025781 0.011750 0.018229
0 0.475750 0.696354 0.008000 0.014583
0 0.469375 0.641146 0.011750 0.020833
0 0.437250 0.669010 0.010500 0.017188
0 0.434000 0.685417 0.008500 0.016667
0 0.431000 0.721875 0.009500 0.013542
0 0.495125 0.616146 0.007750 0.026042
0 0.497625 0.602344 0.005250 0.010937
0 0.487500 0.528385 0.011500 0.020313
0 0.481875 0.477865 0.009750 0.015104
0 0.496375 0.492969 0.008750 0.014063
0 0.465875 0.542188 0.010750 0.020833
0 0.453375 0.550260 0.011750 0.015104
0 0.452625 0.549219 0.013250 0.023438
0 0.465625 0.499219 0.009250 0.013021
0 0.460250 0.476302 0.012500 0.021354
0 0.444625 0.495312 0.008250 0.014583
0 0.439625 0.481771 0.011750 0.015625
0 0.443125 0.453385 0.009750 0.015104
0 0.511625 0.440365 0.008250 0.016146
0 0.491000 0.421875 0.011000 0.014583
0 0.487375 0.403906 0.011750 0.017188
0 0.475125 0.417187 0.011250 0.014583
0 0.472000 0.382812 0.010000 0.013542
0 0.482875 0.370312 0.009750 0.015625
0 0.488750 0.364844 0.010500 0.015104
0 0.461000 0.414583 0.008000 0.015625
0 0.456250 0.395313 0.010000 0.021875
0 0.450375 0.395313 0.009750 0.016667
0 0.443000 0.410156 0.009500 0.014063
0 0.433750 0.416667 0.009000 0.012500
0 0.428375 0.420573 0.005750 0.010937
0 0.429625 0.402604 0.010750 0.020833
0 0.424250 0.405729 0.010000 0.018750
0 0.418625 0.409115 0.006250 0.011979
0 0.431500 0.350260 0.012000 0.018229
0 0.430375 0.349219 0.011250 0.021354
0 0.424000 0.325260 0.009000 0.015104
0 0.443750 0.307031 0.011000 0.014063
0 0.441625 0.290625 0.007250 0.019792
0 0.433125 0.289062 0.011250 0.011458
0 0.429375 0.271354 0.009750 0.010417
0 0.481875 0.287500 0.007250 0.015625
0 0.470750 0.259115 0.008500 0.021354
0 0.413125 0.266406 0.010250 0.015104
0 0.402750 0.271354 0.008500 0.016667
0 0.403000 0.261979 0.009500 0.019792
0 0.422375 0.212760 0.014750 0.019271
0 0.425250 0.175521 0.011500 0.025000
0 0.424000 0.177083 0.011500 0.019792
0 0.388125 0.190885 0.007750 0.017188
0 0.390625 0.119531 0.011250 0.017188
0 0.398625 0.110156 0.011750 0.019271
0 0.392500 0.022396 0.006000 0.017708
0 0.395375 0.008073 0.006750 0.016146
0 0.502250 0.026823 0.011000 0.016146
0 0.399250 0.607812 0.009000 0.019792
0 0.391625 0.573958 0.009750 0.025000
0 0.390375 0.610417 0.008250 0.018750
0 0.374125 0.555208 0.012250 0.015625
0 0.344250 0.542188 0.008500 0.020833
0 0.339375 0.493490 0.009750 0.024479
0 0.344250 0.491927 0.006500 0.017188
0 0.327750 0.488802 0.006000 0.017188
0 0.318875 0.449219 0.007750 0.016146
0 0.317375 0.414844 0.011250 0.017188
0 0.294250 0.471094 0.010500 0.022396
0 0.249250 0.353125 0.007500 0.015625
0 0.290000 0.311979 0.010500 0.013542
0 0.280375 0.274219 0.009750 0.020313
0 0.426500 0.811458 0.006500 0.014583
0 0.393000 0.781771 0.011000 0.013542
0 0.391500 0.798698 0.007500 0.018229
0 0.381875 0.802344 0.008750 0.018229
0 0.412000 0.871875 0.014000 0.025000
0 0.386250 0.873437 0.013000 0.020833
0 0.372375 0.846354 0.010750 0.017708
0 0.355250 0.876042 0.008000 0.019792
0 0.350125 0.891927 0.007750 0.014063
0 0.361875 0.901823 0.011250 0.014063
0 0.323625 0.906250 0.008250 0.010417
0 0.312500 0.844271 0.011000 0.023958
0 0.317375 0.854167 0.012250 0.020833
0 0.317250 0.794792 0.008500 0.016667
0 0.282375 0.772396 0.007250 0.022917
0 0.281250 0.772917 0.011000 0.018750
0 0.282125 0.785677 0.006250 0.017188
0 0.276000 0.802604 0.009000 0.017708
0 0.241250 0.776042 0.011500 0.017708
0 0.228625 0.778906 0.010250 0.017188
0 0.337125 0.758854 0.008250 0.016667
0 0.271625 0.977865 0.010750 0.016146
0 0.176500 0.393229 0.009000 0.025000
0 0.219500 0.413802 0.013500 0.027604
0 0.257500 0.496094 0.007000 0.019271
0 0.265875 0.510417 0.006750 0.016667
