0 0.098125 0.177865 0.007250 0.010937
0 0.164375 0.062760 0.004750 0.007812
0 0.154500 0.221875 0.009000 0.012500
0 0.147625 0.262760 0.006750 0.010937
0 0.465500 0.605990 0.004500 0.015104
0 0.455000 0.593229 0.004500 0.012500
0 0.415500 0.563802 0.007500 0.007812
0 0.396250 0.502604 0.006500 0.013542
0 0.402125 0.494792 0.005250 0.012500
0 0.392875 0.490885 0.006250 0.008854
0 0.386125 0.488021 0.005750 0.012500
0 0.380750 0.476302 0.003500 0.013021
0 0.494375 0.634635 0.006750 0.014063
0 0.493000 0.551042 0.006000 0.009375
0 0.488250 0.555729 0.004000 0.013542
0 0.530375 0.591927 0.003250 0.015104
0 0.528375 0.581250 0.004750 0.008333
0 0.519625 0.565625 0.005750 0.007292
0 0.523500 0.540365 0.006500 0.010937
0 0.441500 0.427865 0.005500 0.014063
0 0.429250 0.434375 0.005500 0.013542
0 0.429625 0.419271 0.006750 0.011458
0 0.410625 0.425000 0.005250 0.011458
0 0.409375 0.404167 0.005750 0.012500
0 0.426125 0.400781 0.004250 0.014063
0 0.416500 0.383594 0.004500 0.013021
0 0.420625 0.386979 0.004750 0.010417
0 0.419250 0.378385 0.004000 0.013021
0 0.411750 0.359635 0.005500 0.016146
0 0.419500 0.341927 0.006500 0.011979
0 0.411625 0.329948 0.007750 0.007812
0 0.412250 0.325000 0.006000 0.006250
0 0.393500 0.250000 0.005000 0.017708
0 0.429750 0.261198 0.005000 0.018229
0 0.419750 0.268490 0.003500 0.011979
0 0.416500 0.271615 0.004500 0.011979
0 0.417875 0.270833 0.003750 0.014583
0 0.439500 0.307812 0.006000 0.015625
0 0.448875 0.304948 0.005750 0.016146
0 0.446875 0.327865 0.006750 0.013021
0 0.447375 0.341146 0.007250 0.009375
0 0.440125 0.341927 0.005250 0.015104
0 0.462500 0.329427 0.005500 0.010937
0 0.466000 0.314323 0.004500 0.014063
0 0.473375 0.318229 0.006750 0.008333
0 0.479500 0.327865 0.006000 0.008854
0 0.462000 0.305990 0.004500 0.014063
0 0.459250 0.311979 0.004000 0.010417
0 0.440500 0.274479 0.005500 0.013542
0 0.448500 0.283594 0.004500 0.009896
0 0.454125 0.287760 0.006250 0.007812
0 0.468250 0.345313 0.004000 0.014583
0 0.473500 0.339062 0.005500 0.010417
0 0.482125 0.348698 0.003250 0.016146
0 0.470875 0.327604 0.003750 0.012500
0 0.464500 0.356250 0.002500 0.015625
0 0.468125 0.355469 0.004750 0.007812
0 0.463375 0.390104 0.003750 0.015625
0 0.484500 0.391927 0.006000 0.009896
0 0.475250 0.418490 0.006000 0.008854
0 0.488875 0.413542 0.004250 0.015625
0 0.460875 0.406250 0.005750 0.010417
0 0.463250 0.416927 0.005000 0.013021
0 0.466375 0.417969 0.002750 0.017188
0 0.469375 0.415365 0.003750 0.007812
0 0.491750 0.427604 0.005000 0.006250
0 0.492250 0.433854 0.006000 0.006250
0 0.495500 0.447135 0.005500 0.010937
0 0.497500 0.443750 0.004000 0.009375
0 0.449750 0.465625 0.004500 0.010417
0 0.451250 0.462760 0.004500 0.010937
0 0.518500 0.227865 0.005000 0.016146
0 0.525875 0.229427 0.003250 0.015104
0 0.528875 0.232813 0.002750 0.014583
0 0.485625 0.289583 0.005250 0.014583
0 0.499250 0.320052 0.008500 0.008854
0 0.509000 0.337500 0.005000 0.012500
0 0.553000 0.296615 0.006000 0.007812
0 0.548875 0.326302 0.003750 0.015104
0 0.540000 0.337760 0.004500 0.009896
0 0.543125 0.354687 0.004250 0.013542
0 0.539500 0.347917 0.004000 0.010417
0 0.522125 0.387500 0.003750 0.014583
0 0.519500 0.416406 0.004000 0.014063
0 0.548500 0.387240 0.005500 0.017188
0 0.551875 0.063802 0.003250 0.011979
0 0.549750 0.075000 0.005500 0.012500
0 0.548625 0.071094 0.004250 0.008854
0 0.545875 0.114844 0.004750 0.017188
0 0.551875 0.117969 0.005250 0.016146
0 0.564750 0.129688 0.004500 0.015625
0 0.542500 0.162500 0.004000 0.016667
0 0.546375 0.167187 0.003750 0.015625
0 0.567625 0.227344 0.006750 0.010937
0 0.555125 0.329948 0.004750 0.011979
0 0.570500 0.369271 0.005000 0.011458
0 0.558250 0.212500 0.006000 0.010417
0 0.581625 0.513281 0.004250 0.007812
0 0.791000 0.589063 0.003500 0.013542
0 0.789375 0.542708 0.003750 0.009375
0 0.790250 0.561198 0.003000 0.007812
0 0.842375 0.766927 0.005750 0.013021
0 0.934125 0.847656 0.005250 0.008854
0 0.719000 0.344531 0.005500 0.013021
0 0.951625 0.155990 0.006750 0.021354
0 0.394875 0.735156 0.005750 0.009896
0 0.379000 0.694792 0.004500 0.007292
0 0.386375 0.699479 0.004750 0.006250
0 0.390625 0.696875 0.004250 0.004167
0 0.391250 0.701562 0.005000 0.006250
0 0.340125 0.274740 0.003750 0.009896
0 0.263875 0.012500 0.004250 0.008333
