0 0.097135 0.331000 0.007812 0.003500
0 0.210938 0.333750 0.014583 0.005500
0 0.253906 0.327500 0.008854 0.005000
0 0.215104 0.311000 0.012500 0.003000
0 0.264323 0.308000 0.007812 0.004500
0 0.268229 0.304375 0.006250 0.004750
0 0.196354 0.283250 0.005208 0.005000
0 0.203385 0.281375 0.008854 0.003750
0 0.274479 0.267000 0.009375 0.002500
0 0.272135 0.264500 0.008854 0.002000
0 0.317188 0.270500 0.007292 0.003500
0 0.316406 0.267375 0.006771 0.003250
0 0.282552 0.251500 0.010937 0.003500
0 0.296615 0.249250 0.007812 0.004000
0 0.328385 0.245000 0.006771 0.003500
0 0.282031 0.233125 0.004687 0.002750
0 0.278125 0.232625 0.005208 0.004250
0 0.480469 0.100625 0.007812 0.003250
0 0.467969 0.123625 0.008854 0.004250
0 0.426302 0.139875 0.007812 0.003250
0 0.477865 0.149625 0.005729 0.004250
0 0.417708 0.164500 0.006250 0.003000
0 0.423958 0.165375 0.005208 0.004750
0 0.386198 0.172625 0.008854 0.004250
0 0.371354 0.183750 0.008333 0.003500
0 0.364323 0.181125 0.006771 0.003250
0 0.339323 0.169250 0.008854 0.003500
0 0.303385 0.177000 0.010937 0.003000
0 0.324740 0.177875 0.006771 0.002750
0 0.320312 0.176750 0.005208 0.002500
0 0.353906 0.197125 0.005729 0.004250
0 0.370833 0.196875 0.006250 0.004750
0 0.369792 0.217250 0.009375 0.004000
0 0.373698 0.225500 0.007812 0.003000
0 0.420573 0.219750 0.007812 0.002500
0 0.289844 0.292625 0.005729 0.003750
0 0.284896 0.289750 0.009375 0.003000
0 0.411979 0.348625 0.009375 0.005250
0 0.445312 0.338250 0.009375 0.004000
0 0.442969 0.312000 0.009896 0.006000
0 0.488021 0.313125 0.009375 0.004250
0 0.525000 0.318375 0.009375 0.004250
0 0.519010 0.302875 0.010937 0.004750
0 0.547917 0.322375 0.009375 0.004250
0 0.536719 0.314250 0.010937 0.003500
0 0.564323 0.318125 0.006771 0.003250
0 0.558333 0.323250 0.006250 0.003000
0 0.581510 0.315750 0.006771 0.005000
0 0.614062 0.305750 0.007292 0.003500
0 0.597656 0.307000 0.005729 0.004000
0 0.600000 0.304875 0.008333 0.002750
0 0.644271 0.303250 0.006250 0.005000
0 0.632292 0.291750 0.007292 0.004000
0 0.690625 0.300875 0.007292 0.002750
0 0.686458 0.285875 0.007292 0.004750
0 0.747656 0.301750 0.006771 0.004500
0 0.753646 0.295750 0.006250 0.003500
0 0.775260 0.273875 0.007812 0.002750
0 0.717187 0.258125 0.006250 0.002750
0 0.703125 0.259750 0.011458 0.003500
0 0.698438 0.249125 0.007292 0.004750
0 0.740365 0.246500 0.007812 0.002500
0 0.737500 0.243500 0.008333 0.004000
0 0.803646 0.219625 0.010417 0.004250
0 0.821615 0.214000 0.008854 0.003000
0 0.825521 0.204125 0.009375 0.006250
0 0.889844 0.223625 0.007812 0.005250
0 0.836458 0.278750 0.006250 0.002500
0 0.764583 0.265250 0.008333 0.004500
0 0.749219 0.271250 0.006771 0.002500
0 0.441406 0.436500 0.004687 0.003000
0 0.490365 0.438000 0.007812 0.003500
0 0.511198 0.441500 0.007812 0.003500
0 0.469271 0.423375 0.008333 0.003750
0 0.495833 0.419250 0.008333 0.003000
0 0.705208 0.446375 0.004167 0.002750
0 0.707552 0.445250 0.005729 0.002000
0 0.750000 0.439500 0.006250 0.003500
0 0.809635 0.445125 0.008854 0.003250
0 0.801042 0.440750 0.006250 0.002500
0 0.801302 0.439250 0.006771 0.002000
0 0.856771 0.445250 0.008333 0.003500
0 0.852083 0.466000 0.006250 0.003000
0 0.888542 0.463750 0.007292 0.004500
0 0.691406 0.457125 0.008854 0.003250
0 0.677604 0.459750 0.007292 0.002500
0 0.678125 0.458375 0.007292 0.002250
0 0.564844 0.448000 0.006771 0.003500
0 0.542188 0.440125 0.008333 0.003250
0 0.497917 0.524000 0.007292 0.003000
0 0.494792 0.528625 0.005208 0.003250
0 0.496875 0.527375 0.007292 0.002750
0 0.491146 0.536000 0.006250 0.003000
0 0.491927 0.534500 0.005729 0.002500
0 0.489063 0.557000 0.007292 0.003500
0 0.503906 0.558750 0.005729 0.005000
0 0.477083 0.563625 0.008333 0.003750
0 0.481510 0.575250 0.006771 0.003500
0 0.483594 0.572875 0.005729 0.003250
0 0.504167 0.577125 0.008333 0.003250
0 0.491406 0.582750 0.006771 0.003500
0 0.540625 0.595000 0.005208 0.003500
0 0.563281 0.582250 0.006771 0.004000
0 0.561719 0.567125 0.005729 0.003750
0 0.610677 0.551875 0.005729 0.005250
0 0.607812 0.576625 0.006250 0.004250
0 0.606510 0.573000 0.007812 0.003500
0 0.689583 0.626375 0.006250 0.002750
0 0.205729 0.502500 0.011458 0.006000
0 0.253385 0.540125 0.008854 0.005250
0 0.242188 0.548250 0.008333 0.006000
0 0.254688 0.547250 0.007292 0.005000
0 0.265625 0.551500 0.009375 0.004500
0 0.230208 0.561125 0.009375 0.004250
0 0.259115 0.563500 0.011979 0.003500
0 0.229427 0.589250 0.005729 0.004000
0 0.296875 0.581625 0.008333 0.004750
0 0.294010 0.577625 0.006771 0.004250
0 0.285938 0.579125 0.009375 0.004250
0 0.281510 0.574625 0.008854 0.004750
0 0.270573 0.610500 0.008854 0.005000
0 0.294271 0.648750 0.009375 0.003500
0 0.328906 0.655000 0.007812 0.003500
0 0.290104 0.682500 0.008333 0.004500
0 0.324219 0.693875 0.008854 0.004250
0 0.334115 0.676125 0.009896 0.004250
0 0.322917 0.643000 0.004167 0.004000
0 0.318750 0.643375 0.004167 0.004250
0 0.377344 0.633625 0.005729 0.004750
0 0.073958 0.531500 0.013542 0.005500
0 0.022396 0.590625 0.005208 0.004750
0 0.633333 0.857375 0.009375 0.005750
0 0.673177 0.904875 0.006771 0.003750
0 0.929167 0.677750 0.008333 0.004000
0 0.946875 0.792750 0.008333 0.004500
0 0.994531 0.886125 0.007812 0.003750
0 0.929688 0.926625 0.009375 0.004250
0 0.907031 0.997000 0.014063 0.005500
