0 0.353625 0.297135 0.005750 0.009896
0 0.356875 0.307812 0.005250 0.011458
0 0.454375 0.390625 0.004750 0.016667
0 0.517000 0.216146 0.007500 0.012500
0 0.520750 0.173437 0.004500 0.015625
0 0.509375 0.226562 0.005750 0.009375
0 0.507750 0.216927 0.006500 0.014063
0 0.621750 0.092708 0.006000 0.015625
0 0.623500 0.119271 0.008500 0.010417
0 0.617500 0.141406 0.004500 0.018229
0 0.612125 0.145833 0.005250 0.011458
0 0.608125 0.140104 0.007250 0.011458
0 0.600750 0.145052 0.005500 0.015104
0 0.592625 0.157552 0.004750 0.016146
0 0.599000 0.108594 0.005500 0.011979
0 0.559875 0.205469 0.005250 0.009896
0 0.533375 0.278125 0.006250 0.012500
0 0.526500 0.295833 0.004000 0.008333
0 0.575625 0.649219 0.007750 0.011979
0 0.502375 0.747135 0.003750 0.007812
0 0.305000 0.013021 0.006500 0.010417
0 0.206125 0.239844 0.005250 0.011979
0 0.241375 0.251302 0.006250 0.010937
