0 0.193500 0.446615 0.005000 0.015104
0 0.151500 0.429948 0.008500 0.015104
0 0.168625 0.398438 0.005250 0.016667
0 0.155250 0.390885 0.005500 0.008854
0 0.162875 0.367448 0.006250 0.015104
0 0.163000 0.388802 0.004500 0.010937
0 0.161875 0.386198 0.005250 0.013021
0 0.159875 0.384115 0.003750 0.011979
0 0.158125 0.341146 0.004750 0.013542
0 0.146875 0.346875 0.006250 0.010417
0 0.151750 0.225521 0.008500 0.014583
0 0.156000 0.086979 0.005500 0.007292
0 0.157750 0.084635 0.005500 0.008854
0 0.182125 0.194271 0.004750 0.014583
0 0.179875 0.199479 0.004250 0.008333
0 0.184750 0.203646 0.004000 0.010417
0 0.233000 0.455469 0.007000 0.015104
0 0.241250 0.454427 0.006000 0.017188
0 0.246875 0.439323 0.008250 0.010937
0 0.240750 0.393750 0.007000 0.014583
0 0.249625 0.349740 0.006250 0.014063
0 0.248000 0.342448 0.005500 0.014063
0 0.268875 0.275000 0.006750 0.011458
0 0.267750 0.265104 0.007500 0.011458
0 0.270000 0.250781 0.004500 0.014063
0 0.272000 0.253125 0.004000 0.012500
0 0.274500 0.258594 0.005000 0.016146
0 0.255125 0.250260 0.006250 0.008854
0 0.252625 0.276562 0.004750 0.011458
0 0.249875 0.272656 0.004750 0.016146
0 0.263500 0.229167 0.003500 0.014583
0 0.259750 0.231250 0.005000 0.008333
0 0.281500 0.233854 0.005500 0.015625
0 0.280625 0.219531 0.007250 0.010937
0 0.285500 0.217969 0.003000 0.016146
0 0.288125 0.219271 0.003250 0.013542
0 0.281250 0.199219 0.006000 0.014063
0 0.282500 0.202344 0.004500 0.010937
0 0.294375 0.172917 0.006750 0.010417
0 0.291125 0.158594 0.004250 0.018229
0 0.299625 0.160417 0.003750 0.015625
0 0.302250 0.160938 0.004000 0.011458
0 0.320625 0.037240 0.005750 0.015104
0 0.332125 0.039062 0.004250 0.009375
0 0.330750 0.036458 0.004500 0.010417
0 0.296500 0.011198 0.005000 0.015104
0 0.301500 0.073438 0.004500 0.011458
0 0.297125 0.076563 0.004250 0.012500
0 0.314625 0.005208 0.005250 0.008333
0 0.314625 0.002865 0.005750 0.005729
0 0.295625 0.102344 0.003750 0.010937
0 0.277500 0.150000 0.004500 0.014583
0 0.185125 0.344271 0.003250 0.010417
0 0.250125 0.480729 0.007250 0.012500
0 0.292125 0.387760 0.005250 0.013021
0 0.297125 0.384115 0.005250 0.009896
0 0.304375 0.359896 0.007250 0.011458
0 0.364875 0.245833 0.004750 0.011458
0 0.372625 0.220573 0.004250 0.008854
0 0.366000 0.258594 0.003500 0.006771
0 0.364500 0.255469 0.003500 0.008854
0 0.397500 0.177865 0.005000 0.008854
0 0.272125 0.477604 0.006250 0.010417
0 0.267250 0.479167 0.005000 0.011458
0 0.293625 0.456250 0.007750 0.009375
0 0.295000 0.479167 0.005000 0.017708
0 0.308125 0.462760 0.004750 0.019271
0 0.314125 0.468229 0.002750 0.012500
0 0.317625 0.468229 0.004250 0.014583
0 0.321625 0.443750 0.005750 0.011458
0 0.320000 0.440885 0.006000 0.011979
0 0.336000 0.444792 0.006000 0.014583
0 0.333625 0.441406 0.005750 0.008854
0 0.336500 0.434375 0.007000 0.009375
0 0.368375 0.418229 0.007750 0.008333
0 0.367875 0.413281 0.006250 0.006771
0 0.348000 0.380729 0.005500 0.010417
0 0.346250 0.378906 0.006500 0.009896
0 0.347500 0.370052 0.003500 0.008854
0 0.357750 0.354948 0.006500 0.007812
0 0.362125 0.350000 0.007250 0.006250
0 0.370000 0.339323 0.005000 0.016146
0 0.381500 0.296615 0.006000 0.009896
0 0.397000 0.262500 0.006000 0.011458
0 0.402375 0.261458 0.005750 0.012500
0 0.398625 0.233854 0.005250 0.012500
0 0.395375 0.240365 0.005250 0.011979
0 0.492750 0.048698 0.006500 0.011979
0 0.501750 0.035677 0.005000 0.011979
0 0.337875 0.386458 0.004750 0.009375
0 0.340250 0.377604 0.004500 0.007292
0 0.332500 0.404948 0.004500 0.007812
0 0.341375 0.566927 0.005250 0.010937
0 0.356500 0.567969 0.006500 0.008854
0 0.370000 0.583854 0.004000 0.012500
0 0.384500 0.578385 0.007500 0.008854
0 0.398625 0.553385 0.005750 0.013021
0 0.403500 0.544271 0.006000 0.010417
0 0.410250 0.551823 0.006500 0.013021
0 0.415500 0.533073 0.004500 0.014063
0 0.414000 0.530990 0.003500 0.009896
0 0.481250 0.514062 0.005500 0.009375
0 0.480125 0.511198 0.006250 0.007812
0 0.506000 0.509375 0.006500 0.015625
0 0.504875 0.539583 0.005250 0.012500
0 0.487375 0.561198 0.006750 0.016146
0 0.535125 0.529687 0.007750 0.010417
0 0.580250 0.639844 0.005500 0.009896
0 0.519000 0.646615 0.009000 0.011979
0 0.479625 0.637760 0.005250 0.011979
0 0.496125 0.669531 0.006250 0.010937
0 0.495250 0.666927 0.005500 0.008854
0 0.465000 0.626823 0.006000 0.013021
0 0.466250 0.660677 0.005000 0.008854
0 0.465000 0.658333 0.006500 0.011458
0 0.447125 0.625000 0.005250 0.008333
0 0.445500 0.622135 0.006500 0.014063
0 0.471000 0.608854 0.007000 0.005208
0 0.471125 0.603906 0.006750 0.005729
