0 0.384250 0.085677 0.006000 0.013021
0 0.373875 0.093750 0.004750 0.010417
0 0.373375 0.088542 0.004250 0.007292
0 0.447125 0.288281 0.004250 0.011979
0 0.427375 0.306510 0.003750 0.007812
0 0.426250 0.303906 0.004000 0.007812
0 0.400500 0.372656 0.004500 0.011979
0 0.419625 0.382031 0.001750 0.010937
0 0.421500 0.382031 0.002000 0.010937
0 0.402750 0.460156 0.004000 0.008854
0 0.389625 0.476823 0.004250 0.007812
0 0.388750 0.474740 0.003500 0.007812
0 0.399750 0.471354 0.002000 0.009375
0 0.401125 0.470573 0.001750 0.005729
0 0.400000 0.712240 0.003500 0.011979
0 0.399500 0.705208 0.003500 0.010417
0 0.404125 0.675781 0.003750 0.011979
0 0.412000 0.633594 0.004500 0.007812
0 0.411250 0.630469 0.005000 0.008854
0 0.418750 0.605469 0.004000 0.014063
0 0.400125 0.583854 0.004750 0.006250
0 0.421625 0.569010 0.005250 0.010937
0 0.447125 0.450781 0.003250 0.014063
0 0.466000 0.386458 0.003500 0.011458
0 0.474375 0.325260 0.003250 0.013021
0 0.471500 0.323698 0.004000 0.013021
0 0.483125 0.296875 0.002750 0.014583
0 0.476750 0.294271 0.004000 0.008333
0 0.479750 0.289583 0.002500 0.012500
0 0.481625 0.290365 0.001750 0.009896
0 0.489125 0.263542 0.002250 0.009375
0 0.491000 0.263281 0.003000 0.011979
0 0.501250 0.264844 0.005000 0.013021
0 0.502625 0.288021 0.003750 0.009375
0 0.500250 0.298958 0.003500 0.009375
0 0.488250 0.316146 0.005500 0.007292
0 0.483625 0.334635 0.005250 0.009896
0 0.467625 0.500000 0.005250 0.014583
0 0.440375 0.577865 0.005750 0.008854
0 0.477875 0.831250 0.004250 0.009375
0 0.478375 0.824479 0.003750 0.008333
0 0.476875 0.822656 0.004250 0.008854
0 0.472625 0.812500 0.004250 0.009375
0 0.471125 0.809115 0.003750 0.006771
0 0.520875 0.529948 0.004750 0.011979
0 0.506750 0.451562 0.003500 0.009375
0 0.530000 0.357552 0.004000 0.013021
0 0.530750 0.323177 0.004500 0.010937
0 0.549500 0.292969 0.006000 0.011979
0 0.596125 0.297396 0.005250 0.013542
0 0.624625 0.464062 0.005250 0.011458
0 0.630750 0.584115 0.004500 0.006771
0 0.667375 0.724479 0.006250 0.008333
0 0.691375 0.958073 0.005750 0.006771
0 0.662500 0.915625 0.003500 0.009375
0 0.659625 0.911719 0.003250 0.011979
0 0.647375 0.209896 0.004250 0.010417
0 0.649375 0.197917 0.004250 0.013542
0 0.658000 0.255469 0.004000 0.011979
0 0.660000 0.253646 0.003500 0.009375
0 0.682750 0.312240 0.005500 0.009896
0 0.703125 0.363021 0.004750 0.012500
0 0.748000 0.547656 0.005000 0.011979
0 0.827125 0.194531 0.010750 0.015104
0 0.362000 0.927604 0.005500 0.010417
0 0.376375 0.805729 0.002750 0.010417
0 0.377875 0.804427 0.002250 0.011979
0 0.379750 0.804948 0.003000 0.011979
