0 0.397656 0.636000 0.029687 0.012500
0 0.388802 0.668000 0.018229 0.011500
0 0.412500 0.680750 0.015625 0.013000
0 0.444792 0.683500 0.014583 0.012000
0 0.452083 0.686875 0.013542 0.009250
0 0.449740 0.725500 0.020313 0.011500
0 0.503385 0.711750 0.021354 0.013000
0 0.714583 0.646125 0.022917 0.009250
0 0.720833 0.624625 0.010417 0.016250
0 0.826302 0.649750 0.019271 0.012000
0 0.805729 0.672125 0.010417 0.008750
0 0.849479 0.632125 0.017708 0.010250
0 0.635938 0.593500 0.014583 0.011500
0 0.608333 0.594625 0.015625 0.009250
0 0.613802 0.572625 0.020313 0.010750
0 0.638281 0.572875 0.017188 0.011250
0 0.590885 0.559875 0.019271 0.008250
0 0.604167 0.554375 0.014583 0.011250
0 0.422917 0.644500 0.013542 0.005500
0 0.433333 0.636375 0.013542 0.006250
0 0.568750 0.445250 0.013542 0.008500
0 0.571354 0.444500 0.014583 0.005000
0 0.585417 0.440625 0.011458 0.006250
0 0.589323 0.428375 0.016146 0.008750
0 0.598177 0.428875 0.011979 0.005750
0 0.608073 0.430000 0.013021 0.005500
0 0.720313 0.438375 0.015625 0.006750
0 0.723177 0.443625 0.009896 0.006250
0 0.729688 0.460125 0.014583 0.006750
0 0.751563 0.458375 0.013542 0.006250
0 0.763021 0.469750 0.012500 0.007500
0 0.802344 0.441125 0.015104 0.006250
0 0.829427 0.427500 0.014063 0.005500
0 0.853646 0.444875 0.017708 0.007250
0 0.872917 0.454125 0.017708 0.007250
0 0.895312 0.484250 0.011458 0.007000
0 0.929948 0.460875 0.013021 0.005750
0 0.926302 0.471625 0.011979 0.006750
0 0.936979 0.484375 0.013542 0.006250
0 0.977344 0.485500 0.013021 0.008500
0 0.978906 0.431625 0.016146 0.005250
0 0.889583 0.498875 0.010417 0.005750
0 0.520573 0.368125 0.016146 0.008250
0 0.547917 0.374000 0.012500 0.008000
0 0.592187 0.378375 0.015625 0.006750
0 0.632031 0.379625 0.019271 0.006750
0 0.623177 0.369625 0.013021 0.006250
0 0.632292 0.373375 0.017708 0.007250
0 0.624219 0.365375 0.009896 0.006250
0 0.627083 0.361500 0.013542 0.005500
0 0.603385 0.356250 0.016146 0.008000
0 0.622656 0.344250 0.013021 0.006000
0 0.643229 0.339375 0.012500 0.006250
0 0.642969 0.344000 0.016146 0.006500
0 0.639323 0.351375 0.011979 0.008250
0 0.651823 0.359500 0.015104 0.007500
0 0.659896 0.354625 0.014583 0.007250
0 0.674219 0.362625 0.009896 0.006250
0 0.687240 0.361375 0.015104 0.008250
0 0.694010 0.353375 0.011979 0.008750
0 0.681510 0.353500 0.013021 0.006000
0 0.682813 0.350375 0.013542 0.007250
0 0.736719 0.335500 0.016146 0.005500
0 0.717448 0.327125 0.015104 0.006750
0 0.798958 0.328625 0.012500 0.005750
0 0.834115 0.329000 0.017188 0.006500
0 0.855729 0.323000 0.016667 0.008000
0 0.810937 0.349500 0.020833 0.011000
0 0.812500 0.350375 0.015625 0.006750
0 0.909115 0.352250 0.013021 0.007000
0 0.857031 0.348000 0.022396 0.009000
0 0.505208 0.348875 0.018750 0.007250
0 0.392448 0.324000 0.013021 0.004000
0 0.423958 0.306125 0.017708 0.007750
0 0.540104 0.200500 0.010417 0.005500
0 0.611198 0.181375 0.021354 0.008250
0 0.609896 0.178375 0.014583 0.007750
0 0.642448 0.205750 0.018229 0.008500
0 0.646875 0.216250 0.022917 0.007000
0 0.531771 0.213500 0.019792 0.006500
0 0.512760 0.200875 0.015104 0.007750
0 0.553125 0.223625 0.017708 0.005250
0 0.548438 0.167625 0.015625 0.007250
0 0.655469 0.161750 0.022396 0.008500
0 0.650781 0.169500 0.019271 0.007000
0 0.516927 0.184750 0.017188 0.006000
0 0.510938 0.173500 0.015625 0.006500
0 0.456510 0.227875 0.017188 0.008250
0 0.510938 0.233750 0.022917 0.008000
0 0.517708 0.239875 0.015625 0.009250
0 0.501823 0.246000 0.017188 0.007500
0 0.471354 0.255875 0.012500 0.008250
0 0.490104 0.250000 0.015625 0.009000
0 0.488021 0.259125 0.015625 0.007750
0 0.522135 0.257625 0.018229 0.010250
0 0.537760 0.264000 0.013021 0.008500
0 0.560156 0.252500 0.021354 0.009500
0 0.476562 0.274625 0.012500 0.005250
0 0.407552 0.278125 0.016146 0.007750
0 0.495052 0.276500 0.016146 0.005000
0 0.485677 0.282500 0.011979 0.007000
0 0.492969 0.287500 0.016146 0.007500
0 0.495312 0.281625 0.015625 0.008750
0 0.539062 0.285750 0.012500 0.005500
0 0.591927 0.243875 0.013021 0.008750
0 0.570573 0.259500 0.014063 0.008000
0 0.141406 0.288500 0.020313 0.011000
0 0.169531 0.290250 0.027604 0.010500
0 0.130469 0.263250 0.017188 0.009500
0 0.112500 0.199000 0.026042 0.014000
0 0.397396 0.574375 0.017708 0.007750
0 0.379427 0.556750 0.019271 0.008500
0 0.549219 0.559250 0.015104 0.006500
0 0.560156 0.566125 0.016146 0.008250
0 0.638021 0.610250 0.016667 0.008500
0 0.525781 0.531750 0.022396 0.012500
0 0.350000 0.473375 0.018750 0.008750
0 0.496094 0.426250 0.015104 0.007500
0 0.526563 0.440250 0.015625 0.009000
0 0.861198 0.297875 0.019271 0.010750
0 0.900260 0.294875 0.021354 0.009750
0 0.894271 0.299500 0.014583 0.008500
0 0.957031 0.330375 0.021354 0.011250
0 0.986719 0.320250 0.016146 0.012500
0 0.906771 0.279000 0.015625 0.010500
