0 0.176823 0.455500 0.014063 0.007500
0 0.230729 0.457000 0.013542 0.004500
0 0.324219 0.382125 0.008854 0.007250
0 0.362500 0.348250 0.009375 0.006500
0 0.351823 0.343875 0.014063 0.005750
0 0.348958 0.362750 0.011458 0.007000
0 0.345313 0.368750 0.011458 0.009000
0 0.356771 0.389750 0.025000 0.011000
0 0.599219 0.371625 0.005729 0.008250
0 0.604427 0.370750 0.006771 0.005000
0 0.735417 0.242375 0.008333 0.008750
0 0.705469 0.455375 0.013021 0.007750
0 0.729688 0.430375 0.010417 0.006250
0 0.825781 0.398250 0.014063 0.008000
0 0.926042 0.352875 0.018750 0.006750
0 0.900781 0.324000 0.010937 0.004500
0 0.260156 0.234250 0.011979 0.008000
0 0.234896 0.191875 0.010417 0.007750
0 0.240885 0.190250 0.007812 0.006500
0 0.159635 0.212750 0.010937 0.005500
