0 0.441667 0.334375 0.011458 0.005750
0 0.462760 0.327625 0.011979 0.007750
0 0.506510 0.340500 0.011979 0.007500
0 0.307292 0.418625 0.010417 0.006250
0 0.286198 0.392875 0.009896 0.006250
0 0.242969 0.399750 0.016146 0.007500
0 0.335938 0.392875 0.009375 0.005250
0 0.340104 0.391500 0.011458 0.008000
0 0.368229 0.374500 0.012500 0.007000
0 0.327865 0.375125 0.010937 0.004250
0 0.332031 0.374125 0.010937 0.003750
0 0.315365 0.370375 0.014063 0.005250
0 0.284896 0.363625 0.012500 0.007250
0 0.222135 0.359125 0.016146 0.005250
0 0.238281 0.352000 0.017188 0.005000
0 0.203906 0.346875 0.017188 0.005250
0 0.166667 0.335250 0.015625 0.005500
0 0.524219 0.482500 0.015104 0.004000
0 0.433854 0.486625 0.017708 0.004750
0 0.283333 0.509875 0.015625 0.004750
0 0.293750 0.500750 0.013542 0.005500
0 0.288542 0.489625 0.012500 0.006250
0 0.277865 0.499125 0.011979 0.006250
0 0.259375 0.496250 0.011458 0.007000
0 0.208594 0.508875 0.016146 0.005750
0 0.204427 0.496125 0.017188 0.005750
0 0.590104 0.531625 0.010417 0.006250
0 0.559375 0.541375 0.016667 0.004250
0 0.444792 0.575375 0.017708 0.005750
0 0.424740 0.591000 0.015104 0.005500
0 0.438542 0.588875 0.014583 0.005250
0 0.391667 0.604500 0.012500 0.007000
0 0.459635 0.599000 0.015104 0.007500
0 0.520052 0.628875 0.015104 0.010750
0 0.396875 0.639125 0.017708 0.006750
0 0.410156 0.632875 0.019271 0.005250
0 0.501563 0.559625 0.013542 0.006250
0 0.773177 0.554875 0.014063 0.008750
0 0.735417 0.586875 0.014583 0.009250
0 0.706510 0.628500 0.011979 0.007000
0 0.731771 0.629000 0.008333 0.006500
0 0.725781 0.627375 0.007812 0.007250
0 0.721094 0.627125 0.007812 0.007750
0 0.719010 0.696750 0.017188 0.007000
0 0.793750 0.681875 0.015625 0.005750
0 0.774219 0.707375 0.019271 0.007250
