0 0.518229 0.334500 0.015625 0.005500
0 0.572656 0.335875 0.009896 0.005250
0 0.555208 0.339000 0.011458 0.005500
0 0.548958 0.338000 0.014583 0.006000
0 0.301823 0.398750 0.018229 0.003000
0 0.304948 0.402125 0.019271 0.003750
0 0.461979 0.412375 0.015625 0.005750
0 0.438021 0.423250 0.018750 0.006500
0 0.414062 0.434625 0.016667 0.005750
0 0.413021 0.432500 0.013542 0.004000
0 0.477344 0.411250 0.017188 0.004000
0 0.477865 0.414125 0.015104 0.004750
0 0.580990 0.438125 0.016146 0.004750
0 0.600521 0.449250 0.019792 0.006000
0 0.646094 0.463375 0.018229 0.005250
0 0.519792 0.453375 0.018750 0.004750
0 0.497656 0.453750 0.009896 0.004500
0 0.489063 0.453125 0.009375 0.004250
0 0.478385 0.450875 0.017188 0.004250
0 0.446094 0.448375 0.021354 0.004750
0 0.236458 0.460125 0.013542 0.005250
0 0.436458 0.485875 0.013542 0.007750
0 0.538021 0.487500 0.015625 0.009500
0 0.585938 0.498250 0.015625 0.008000
0 0.651302 0.508500 0.008854 0.009000
0 0.658073 0.508750 0.006771 0.007500
0 0.746354 0.534625 0.018750 0.007750
0 0.552604 0.520125 0.012500 0.005250
0 0.540885 0.520750 0.015104 0.006500
0 0.550260 0.515375 0.014063 0.005250
0 0.518750 0.510125 0.008333 0.007750
0 0.512760 0.509625 0.008854 0.007250
0 0.501823 0.504625 0.017188 0.005750
0 0.493229 0.514250 0.017708 0.006500
0 0.465625 0.502125 0.012500 0.009750
0 0.120833 0.502000 0.013542 0.005500
0 0.223958 0.541750 0.012500 0.005500
0 0.189844 0.578125 0.011979 0.005750
0 0.132552 0.475625 0.014063 0.005750
