0 0.035677 0.665875 0.013021 0.005250
0 0.048698 0.667625 0.008854 0.005750
0 0.055990 0.673750 0.005729 0.006500
0 0.061979 0.674750 0.007292 0.004500
0 0.067448 0.673000 0.007812 0.006000
0 0.113542 0.678375 0.011458 0.003750
0 0.115365 0.675875 0.010937 0.004250
0 0.119010 0.673000 0.013021 0.004000
0 0.182812 0.665500 0.014583 0.005000
0 0.167708 0.681250 0.009375 0.004000
0 0.172656 0.680500 0.009896 0.005500
0 0.367708 0.668125 0.013542 0.006750
0 0.263802 0.640500 0.005729 0.005500
0 0.268750 0.640125 0.008333 0.006750
0 0.245833 0.602000 0.012500 0.005500
0 0.167969 0.608375 0.009896 0.006250
0 0.153906 0.623625 0.009896 0.006250
0 0.215104 0.613750 0.007292 0.005500
0 0.219010 0.613000 0.007812 0.006500
0 0.130208 0.591750 0.011458 0.007000
0 0.113281 0.590750 0.010937 0.006000
0 0.127604 0.570000 0.009375 0.007500
0 0.061198 0.578250 0.010937 0.005500
0 0.066146 0.575750 0.014583 0.004500
0 0.103385 0.569250 0.007812 0.005000
0 0.100781 0.568250 0.007812 0.006000
0 0.096875 0.567500 0.007292 0.005500
0 0.060937 0.569500 0.007292 0.004500
0 0.064323 0.568500 0.009896 0.005500
0 0.309896 0.495875 0.004167 0.006250
0 0.306510 0.495500 0.003646 0.005500
0 0.276302 0.447375 0.008854 0.006250
0 0.221354 0.407500 0.009375 0.005000
0 0.230990 0.402250 0.009896 0.005500
0 0.213021 0.402000 0.007292 0.006000
0 0.207292 0.398625 0.005208 0.006250
0 0.202604 0.398375 0.005208 0.005750
0 0.196875 0.380125 0.009375 0.003750
0 0.217188 0.377625 0.006250 0.005250
0 0.210677 0.375875 0.009896 0.005250
0 0.205729 0.374750 0.009375 0.004500
0 0.202865 0.373250 0.006771 0.003500
0 0.219792 0.362375 0.010417 0.005750
0 0.207552 0.350625 0.011979 0.004250
0 0.285677 0.436125 0.006771 0.005750
0 0.282292 0.431125 0.006250 0.004250
0 0.317708 0.462750 0.006250 0.005500
0 0.324740 0.463125 0.007812 0.005250
0 0.328125 0.462875 0.006250 0.005250
0 0.319271 0.470625 0.010417 0.004750
0 0.340104 0.504500 0.008333 0.006000
0 0.350781 0.504000 0.008854 0.005000
0 0.346615 0.502750 0.005729 0.005500
0 0.628906 0.422875 0.007812 0.004750
0 0.634115 0.422250 0.011979 0.004500
0 0.571094 0.398375 0.013021 0.003750
0 0.606250 0.390000 0.010417 0.004000
0 0.598958 0.389375 0.006250 0.006750
0 0.647396 0.386500 0.009375 0.006000
0 0.616927 0.360125 0.008854 0.007250
0 0.696094 0.413500 0.007812 0.006000
0 0.691667 0.412750 0.006250 0.006000
0 0.723177 0.596000 0.015104 0.004000
0 0.748698 0.576500 0.005729 0.005500
0 0.743229 0.574750 0.011458 0.006000
0 0.851562 0.550375 0.016667 0.004250
0 0.875781 0.547375 0.010937 0.005250
0 0.871875 0.546375 0.008333 0.004250
0 0.892708 0.541000 0.008333 0.007500
0 0.892188 0.505375 0.010417 0.005750
0 0.895052 0.504500 0.008854 0.005000
0 0.956510 0.485500 0.008854 0.005000
0 0.951562 0.484250 0.008333 0.006500
0 0.978646 0.498125 0.007292 0.005250
0 0.975000 0.496875 0.010417 0.006750
0 0.666406 0.692750 0.013021 0.004500
0 0.793490 0.668250 0.010937 0.003500
0 0.790885 0.664125 0.008854 0.005750
0 0.839583 0.675250 0.009375 0.007000
0 0.848958 0.668750 0.011458 0.007000
0 0.862500 0.642750 0.008333 0.005500
0 0.869010 0.643000 0.009896 0.006000
0 0.929688 0.646000 0.011458 0.008000
0 0.964583 0.664625 0.010417 0.007250
0 0.976042 0.666875 0.011458 0.004750
0 0.933333 0.690625 0.013542 0.004250
