0 0.203250 0.071354 0.011500 0.012500
0 0.350375 0.573177 0.009250 0.015104
0 0.383500 0.569792 0.008000 0.015625
0 0.390250 0.628646 0.005500 0.019792
0 0.380000 0.616146 0.003500 0.015625
0 0.382000 0.615885 0.004000 0.016146
0 0.385125 0.609375 0.005750 0.013542
0 0.400500 0.795833 0.005000 0.014583
0 0.394875 0.797396 0.003750 0.018750
0 0.430625 0.787500 0.007250 0.010417
0 0.433625 0.772656 0.007750 0.013021
0 0.436500 0.733333 0.006000 0.010417
0 0.503375 0.803906 0.007750 0.015104
0 0.489375 0.786979 0.006250 0.018750
0 0.549250 0.647135 0.007500 0.008854
0 0.538125 0.628646 0.007750 0.013542
0 0.544125 0.523438 0.006250 0.017708
0 0.547000 0.677865 0.006000 0.011979
0 0.546250 0.673698 0.005000 0.009896
