0 0.029687 0.564125 0.006250 0.005250
0 0.024479 0.556250 0.005208 0.006000
0 0.015885 0.545000 0.006771 0.004000
0 0.005990 0.492500 0.010937 0.005500
0 0.017969 0.490750 0.005729 0.003500
0 0.014323 0.510375 0.008854 0.006250
0 0.018490 0.509750 0.006771 0.005000
0 0.030469 0.526125 0.009896 0.004250
0 0.028906 0.528625 0.009896 0.004750
0 0.026823 0.530500 0.008854 0.003500
0 0.067187 0.558000 0.011458 0.004000
0 0.064583 0.540875 0.008333 0.005250
0 0.061198 0.526375 0.011979 0.003250
0 0.065365 0.528125 0.005729 0.005250
0 0.086979 0.499250 0.010417 0.007000
0 0.107292 0.459375 0.010417 0.003250
0 0.107031 0.457250 0.013021 0.003500
0 0.150521 0.405000 0.008333 0.006500
0 0.136719 0.406875 0.005729 0.004250
0 0.142187 0.408750 0.007292 0.006500
0 0.036198 0.345500 0.014063 0.004500
0 0.029167 0.341250 0.008333 0.005000
0 0.196094 0.348250 0.007812 0.006000
0 0.220833 0.345125 0.008333 0.006250
0 0.190625 0.357750 0.009375 0.008000
0 0.191927 0.336500 0.014063 0.004500
0 0.191146 0.341125 0.007292 0.006250
0 0.186198 0.341625 0.006771 0.006750
0 0.181771 0.340750 0.007292 0.005500
0 0.180729 0.292250 0.012500 0.004000
0 0.197135 0.288750 0.016146 0.005500
0 0.089323 0.255125 0.009896 0.007750
0 0.021875 0.250500 0.009375 0.007000
0 0.028906 0.253500 0.005729 0.006000
0 0.034896 0.253500 0.007292 0.008000
0 0.111198 0.595375 0.015104 0.006250
0 0.236458 0.542250 0.008333 0.004500
0 0.282292 0.506625 0.007292 0.005750
0 0.276562 0.505125 0.006250 0.006750
0 0.270833 0.510625 0.009375 0.005750
0 0.273958 0.509500 0.011458 0.005500
0 0.303646 0.464375 0.012500 0.003750
0 0.300781 0.460625 0.010937 0.003750
0 0.294271 0.444750 0.011458 0.003500
0 0.293750 0.442125 0.009375 0.002250
0 0.367708 0.443125 0.018750 0.006750
0 0.373437 0.469375 0.013542 0.006250
0 0.423958 0.443750 0.009375 0.005500
0 0.432812 0.439500 0.007292 0.006000
0 0.474479 0.429125 0.012500 0.005750
0 0.416146 0.389875 0.012500 0.006250
0 0.414844 0.406000 0.005729 0.006000
0 0.409375 0.406000 0.006250 0.007500
0 0.444792 0.410000 0.006250 0.007500
0 0.451562 0.410750 0.006250 0.006500
0 0.541406 0.424625 0.005729 0.005250
0 0.553385 0.425500 0.005729 0.005500
0 0.536198 0.419000 0.010937 0.004500
0 0.552083 0.411750 0.011458 0.004500
0 0.547396 0.416750 0.009375 0.005500
0 0.536198 0.414750 0.007812 0.003500
0 0.541406 0.412375 0.008854 0.003750
0 0.623698 0.390875 0.015104 0.004750
0 0.546615 0.383750 0.013021 0.006000
0 0.593490 0.373250 0.011979 0.006500
0 0.609896 0.375875 0.010417 0.006250
0 0.163281 0.608875 0.009896 0.004250
0 0.151042 0.608625 0.010417 0.005250
0 0.216667 0.602750 0.014583 0.004500
0 0.333073 0.589500 0.013021 0.006000
0 0.503125 0.570750 0.012500 0.005500
0 0.489844 0.584750 0.008854 0.004500
0 0.491146 0.583000 0.011458 0.003500
0 0.539583 0.563625 0.009375 0.005750
0 0.615625 0.553375 0.014583 0.004250
0 0.609375 0.571625 0.008333 0.005250
0 0.605729 0.570875 0.006250 0.004750
0 0.545573 0.546125 0.013021 0.004250
0 0.530990 0.537000 0.015104 0.004500
0 0.552344 0.535625 0.009896 0.005750
0 0.556250 0.542125 0.006250 0.005250
0 0.551302 0.543125 0.007812 0.003750
0 0.550000 0.540125 0.009375 0.003250
0 0.565885 0.539625 0.006771 0.004250
0 0.567187 0.537125 0.004167 0.002750
0 0.563802 0.534750 0.009896 0.002500
0 0.572396 0.533875 0.009375 0.002750
0 0.561719 0.532000 0.010937 0.003000
0 0.565104 0.528750 0.007292 0.004500
0 0.577865 0.530125 0.010937 0.003750
0 0.575521 0.527250 0.009375 0.003000
0 0.580990 0.526000 0.008854 0.004000
0 0.593750 0.520625 0.013542 0.004250
0 0.597135 0.529625 0.008854 0.004750
0 0.584115 0.536625 0.009896 0.004250
0 0.607031 0.527250 0.011979 0.003500
0 0.607292 0.524375 0.010417 0.002750
0 0.630469 0.514125 0.013021 0.005750
0 0.614062 0.520250 0.009375 0.003000
0 0.623958 0.518625 0.010417 0.003250
0 0.625260 0.524375 0.011979 0.004250
0 0.625521 0.521125 0.014583 0.002250
0 0.695312 0.546750 0.008333 0.005000
0 0.701042 0.545750 0.009375 0.005500
0 0.688281 0.542750 0.011979 0.003500
0 0.687240 0.540500 0.010937 0.003000
0 0.763802 0.566000 0.007812 0.006500
0 0.757031 0.567375 0.005729 0.005250
0 0.206771 0.647500 0.006250 0.006500
0 0.216927 0.650750 0.009896 0.005000
0 0.214844 0.637500 0.015104 0.005500
0 0.386979 0.672500 0.010417 0.004500
0 0.417708 0.669750 0.008333 0.006500
0 0.434115 0.671125 0.011979 0.005250
0 0.392708 0.666625 0.007292 0.004250
0 0.396094 0.665875 0.007812 0.005250
0 0.427604 0.692000 0.012500 0.004500
0 0.439583 0.688000 0.011458 0.003000
0 0.434375 0.684625 0.010417 0.003750
0 0.457813 0.689375 0.007292 0.004250
0 0.454427 0.685500 0.010937 0.002500
0 0.445833 0.685750 0.007292 0.003000
0 0.518229 0.660625 0.008333 0.007750
0 0.623958 0.651250 0.010417 0.006500
0 0.636979 0.688875 0.011458 0.002250
0 0.635677 0.686250 0.014063 0.003000
0 0.296354 0.769250 0.005208 0.005500
0 0.304948 0.766125 0.011979 0.002750
0 0.304948 0.768750 0.010937 0.003000
0 0.270573 0.829875 0.013021 0.007250
0 0.177865 0.874500 0.008854 0.007000
0 0.125781 0.912500 0.009896 0.005500
0 0.108594 0.912875 0.009896 0.003750
0 0.085938 0.905625 0.010417 0.003750
0 0.099479 0.907125 0.012500 0.002250
0 0.100000 0.909750 0.010417 0.003500
0 0.098698 0.904000 0.007812 0.004000
0 0.106510 0.901875 0.008854 0.004250
0 0.108073 0.896250 0.008854 0.003500
0 0.111719 0.891875 0.007812 0.003250
0 0.119531 0.893375 0.008854 0.005250
0 0.064583 0.923875 0.011458 0.007250
0 0.043490 0.931125 0.014063 0.007250
0 0.008333 0.936250 0.008333 0.007500
0 0.002083 0.937125 0.004167 0.007750
0 0.187760 0.955250 0.010937 0.006500
0 0.216146 0.971000 0.007292 0.004000
0 0.214844 0.967500 0.009896 0.003500
