0 0.624875 0.776042 0.003750 0.009375
0 0.632125 0.793750 0.003750 0.005208
0 0.710875 0.833333 0.007250 0.009375
0 0.669250 0.755469 0.003000 0.008854
0 0.597375 0.675521 0.003250 0.008333
0 0.599000 0.640104 0.002500 0.010417
0 0.592000 0.647656 0.003500 0.007812
0 0.596000 0.631771 0.003000 0.010417
0 0.604000 0.616146 0.004000 0.008333
0 0.647750 0.582812 0.004000 0.009375
0 0.670500 0.593229 0.004000 0.008333
0 0.655875 0.567969 0.002250 0.009896
0 0.657750 0.569271 0.002000 0.009375
0 0.684250 0.521615 0.005000 0.006771
0 0.690750 0.532031 0.003500 0.006771
0 0.702125 0.419531 0.002750 0.008854
0 0.702375 0.388802 0.002750 0.010937
0 0.721125 0.366146 0.003250 0.009375
0 0.722250 0.376823 0.003000 0.007812
0 0.779500 0.378646 0.003500 0.008333
0 0.739125 0.851823 0.003250 0.007812
0 0.514375 0.667188 0.002750 0.012500
0 0.511125 0.497396 0.004250 0.010417
0 0.517625 0.464844 0.003750 0.009896
0 0.507250 0.469010 0.004000 0.009896
0 0.506000 0.445052 0.005000 0.006771
0 0.515000 0.408073 0.004000 0.008854
0 0.486625 0.305990 0.005250 0.008854
0 0.501250 0.290625 0.004500 0.009375
0 0.526500 0.287240 0.004000 0.010937
0 0.525375 0.258333 0.003750 0.007292
0 0.503500 0.237240 0.004500 0.006771
0 0.495500 0.188802 0.004000 0.008854
0 0.488125 0.213281 0.004750 0.008854
0 0.489500 0.220312 0.004000 0.005208
0 0.492375 0.143490 0.004250 0.006771
0 0.522375 0.092708 0.003250 0.009375
0 0.315375 0.054167 0.004750 0.010417
0 0.304500 0.078385 0.004000 0.005729
0 0.237375 0.082292 0.004250 0.009375
0 0.233750 0.129948 0.004500 0.010937
0 0.261000 0.159375 0.005000 0.009375
0 0.293500 0.183594 0.004500 0.011979
0 0.283875 0.243229 0.004250 0.010417
0 0.287625 0.260417 0.004750 0.008333
0 0.292000 0.254948 0.005000 0.009896
0 0.370375 0.305208 0.002750 0.009375
0 0.366500 0.301042 0.005500 0.010417
0 0.380500 0.312760 0.004000 0.010937
0 0.371125 0.340885 0.005750 0.011979
0 0.332250 0.375781 0.003500 0.008854
0 0.334750 0.396615 0.004500 0.007812
0 0.345500 0.413281 0.004000 0.006771
0 0.355500 0.418490 0.005000 0.007812
0 0.370750 0.437500 0.005500 0.009375
0 0.387375 0.430990 0.002750 0.010937
0 0.427625 0.457292 0.004750 0.011458
0 0.226125 0.618490 0.002250 0.007812
0 0.174625 0.548958 0.003750 0.010417
0 0.190375 0.526823 0.005250 0.005729
0 0.193875 0.482552 0.003750 0.008854
0 0.155875 0.478906 0.005750 0.006771
0 0.145125 0.538802 0.003250 0.008854
0 0.151250 0.570573 0.003500 0.005729
0 0.378250 0.670573 0.003500 0.006771
0 0.409625 0.646875 0.003250 0.007292
0 0.442500 0.688802 0.004000 0.006771
0 0.061250 0.790365 0.005500 0.011979
0 0.257875 0.854948 0.004250 0.009896
0 0.343375 0.134115 0.004750 0.008854
0 0.345625 0.174740 0.004750 0.010937
0 0.345375 0.185677 0.003250 0.010937
0 0.348625 0.187500 0.003250 0.012500
0 0.538750 0.147656 0.003500 0.009896
0 0.565750 0.529167 0.005500 0.008333
0 0.574625 0.475260 0.005250 0.011979
0 0.613000 0.369792 0.004500 0.014583
0 0.619000 0.337240 0.004000 0.009896
0 0.642000 0.381771 0.003500 0.012500
0 0.592125 0.492188 0.002750 0.007292
0 0.589125 0.491667 0.004250 0.005208
0 0.588750 0.497396 0.004500 0.006250
0 0.642500 0.301302 0.003000 0.008854
0 0.668125 0.296354 0.002750 0.009375
0 0.638875 0.166146 0.004250 0.011458
0 0.714375 0.145313 0.003250 0.010417
0 0.734750 0.110677 0.004500 0.008854
0 0.759000 0.480729 0.004500 0.011458
0 0.741125 0.554948 0.004250 0.007812
0 0.551125 0.629427 0.006250 0.009896
0 0.685500 0.356250 0.004500 0.008333
0 0.798750 0.255729 0.003500 0.011458
0 0.791375 0.692708 0.004750 0.011458
0 0.497625 0.739062 0.003250 0.007292
0 0.228125 0.240625 0.004250 0.009375
0 0.243500 0.250000 0.003500 0.006250
0 0.318375 0.436979 0.003250 0.009375
0 0.153500 0.201563 0.004000 0.007292
0 0.077625 0.021094 0.003750 0.009896
0 0.080875 0.090625 0.004750 0.007292
0 0.116875 0.086198 0.004750 0.007812
0 0.035125 0.544010 0.005250 0.010937
0 0.174875 0.780469 0.003750 0.008854
0 0.188500 0.727865 0.004000 0.009896
0 0.527250 0.692448 0.004500 0.010937
