0 0.178250 0.822135 0.003500 0.011979
0 0.081875 0.661979 0.003250 0.010417
0 0.197750 0.542188 0.005500 0.006250
0 0.198500 0.597396 0.005500 0.010417
0 0.267125 0.658333 0.003750 0.010417
0 0.281750 0.683594 0.003500 0.010937
0 0.276750 0.733854 0.004500 0.011458
0 0.309250 0.752865 0.004500 0.008854
0 0.298500 0.800000 0.004000 0.007292
0 0.370500 0.819531 0.004000 0.009896
0 0.481375 0.707292 0.004250 0.011458
0 0.465375 0.634115 0.004250 0.010937
0 0.467000 0.623698 0.004500 0.008854
0 0.463875 0.614844 0.004250 0.008854
0 0.476000 0.628646 0.003500 0.010417
0 0.474750 0.627344 0.003000 0.008854
0 0.475500 0.590625 0.005000 0.012500
0 0.484875 0.571615 0.004750 0.010937
0 0.500750 0.551302 0.004500 0.010937
0 0.499375 0.549479 0.004250 0.008333
0 0.496375 0.532031 0.004750 0.008854
0 0.495500 0.529167 0.004500 0.006250
0 0.528250 0.463021 0.005000 0.005208
0 0.518375 0.493229 0.004750 0.009375
0 0.517500 0.490365 0.004000 0.006771
0 0.503625 0.451562 0.002750 0.009375
0 0.502000 0.450000 0.004000 0.010417
0 0.516000 0.433854 0.005500 0.009375
0 0.527875 0.446615 0.004750 0.009896
0 0.538500 0.432552 0.005500 0.013021
0 0.521625 0.408073 0.004750 0.010937
0 0.542875 0.386979 0.006750 0.009375
0 0.551375 0.353385 0.005750 0.011979
0 0.582125 0.309635 0.004250 0.013021
0 0.594000 0.204167 0.003500 0.008333
0 0.613375 0.351823 0.007250 0.009896
0 0.617875 0.371354 0.003750 0.013542
0 0.623375 0.395313 0.006750 0.009375
0 0.621125 0.410156 0.006750 0.007812
0 0.611625 0.386979 0.006750 0.009375
0 0.627375 0.445573 0.004250 0.011979
0 0.624500 0.452344 0.004000 0.013021
0 0.615750 0.474740 0.005500 0.009896
0 0.624875 0.520052 0.004750 0.013021
0 0.628000 0.553125 0.005500 0.014583
0 0.613000 0.645052 0.005500 0.005729
0 0.637750 0.659896 0.003500 0.012500
0 0.642625 0.657031 0.003750 0.009896
0 0.639250 0.654687 0.002500 0.010417
0 0.640500 0.652344 0.002000 0.007812
0 0.636500 0.715104 0.002500 0.009375
0 0.638000 0.714844 0.001500 0.009896
0 0.640375 0.715885 0.003250 0.010937
0 0.656625 0.890625 0.003750 0.011458
0 0.660750 0.715104 0.005500 0.012500
0 0.651000 0.652865 0.003500 0.008854
0 0.649625 0.649740 0.003750 0.011979
0 0.647000 0.587240 0.006000 0.009896
0 0.656750 0.532813 0.002500 0.010417
0 0.654375 0.532292 0.002750 0.012500
0 0.639500 0.458073 0.005500 0.008854
0 0.640625 0.447396 0.003750 0.009375
0 0.637000 0.447656 0.004000 0.011979
0 0.636250 0.441667 0.003500 0.011458
0 0.642500 0.264323 0.005500 0.013021
0 0.646875 0.278906 0.006750 0.009896
0 0.662750 0.336458 0.006000 0.014583
0 0.660125 0.390625 0.006250 0.011458
0 0.658125 0.430208 0.003250 0.012500
0 0.661875 0.428646 0.005750 0.013542
0 0.665250 0.422917 0.005000 0.012500
0 0.682250 0.420573 0.005000 0.016146
0 0.700000 0.482292 0.005000 0.014583
0 0.700625 0.534896 0.003750 0.011458
0 0.696000 0.530990 0.003000 0.009896
0 0.698125 0.529167 0.004250 0.011458
0 0.705750 0.547396 0.005000 0.013542
0 0.717375 0.555208 0.006250 0.014583
0 0.700500 0.589583 0.005500 0.010417
0 0.723000 0.601302 0.005000 0.009896
0 0.724250 0.611719 0.004000 0.011979
0 0.728250 0.605990 0.004500 0.014063
0 0.736375 0.611198 0.004250 0.016146
0 0.741750 0.610677 0.005500 0.013021
0 0.740125 0.627344 0.004750 0.014063
0 0.717125 0.639323 0.005250 0.010937
0 0.723625 0.638281 0.004250 0.009896
0 0.730375 0.635156 0.003250 0.010937
0 0.734000 0.638281 0.005000 0.011979
0 0.725625 0.676823 0.004250 0.013021
0 0.728000 0.665885 0.004000 0.010937
0 0.732375 0.653906 0.005250 0.011979
0 0.742750 0.666927 0.006500 0.013021
0 0.746625 0.709635 0.006750 0.014063
0 0.783000 0.705729 0.006000 0.010417
0 0.783750 0.697396 0.006000 0.010417
0 0.773625 0.697135 0.003750 0.013021
0 0.760000 0.637240 0.005500 0.013021
0 0.751250 0.619271 0.004000 0.013542
0 0.748500 0.609896 0.005000 0.010417
0 0.762250 0.623437 0.003000 0.011458
0 0.759625 0.622656 0.003250 0.014063
0 0.728125 0.542448 0.005250 0.014063
0 0.715875 0.457292 0.004750 0.013542
0 0.702125 0.440104 0.005750 0.011458
0 0.679250 0.340885 0.002500 0.010937
0 0.677375 0.338542 0.002250 0.011458
0 0.668500 0.295312 0.005500 0.015625
0 0.661000 0.177344 0.004000 0.014063
0 0.715500 0.155729 0.005500 0.015625
0 0.772875 0.164323 0.006750 0.010937
0 0.802250 0.151302 0.005500 0.013021
0 0.834875 0.182812 0.007250 0.011458
