0 0.574740 0.607125 0.010937 0.005750
0 0.594271 0.636000 0.010417 0.005000
0 0.629427 0.621125 0.007812 0.005750
0 0.654427 0.614500 0.013021 0.003500
0 0.653906 0.634250 0.010937 0.004500
0 0.673177 0.647375 0.010937 0.005750
0 0.691927 0.633250 0.010937 0.004500
0 0.670833 0.632375 0.009375 0.005250
0 0.655729 0.628375 0.007292 0.005250
0 0.664844 0.629125 0.006771 0.004250
0 0.700521 0.667500 0.011458 0.005000
0 0.717969 0.671875 0.010937 0.004750
0 0.673177 0.669000 0.008854 0.004500
0 0.696615 0.690250 0.007812 0.003500
0 0.717448 0.693500 0.010937 0.005000
0 0.736198 0.692375 0.009896 0.002750
0 0.766406 0.699750 0.008854 0.005500
0 0.779948 0.691750 0.010937 0.005000
0 0.776302 0.708375 0.013021 0.003250
0 0.796354 0.711750 0.013542 0.003500
0 0.799740 0.686750 0.009896 0.005500
0 0.816146 0.665625 0.009375 0.006250
0 0.876302 0.730875 0.010937 0.004750
0 0.893490 0.730375 0.011979 0.004750
0 0.863542 0.754000 0.010417 0.004000
0 0.840885 0.752250 0.010937 0.004000
0 0.819271 0.759875 0.011458 0.002750
0 0.820312 0.765625 0.011458 0.004750
0 0.858854 0.777125 0.008333 0.005750
0 0.853125 0.764125 0.010417 0.004750
0 0.843490 0.766750 0.014063 0.005000
0 0.908594 0.795000 0.007812 0.004000
0 0.978385 0.795000 0.011979 0.004000
0 0.954427 0.762625 0.014063 0.005750
0 0.954167 0.739875 0.012500 0.004250
0 0.944271 0.739750 0.009375 0.004500
0 0.845833 0.726750 0.011458 0.004500
0 0.843229 0.723000 0.008333 0.004000
0 0.883594 0.707000 0.013021 0.005500
0 0.896875 0.705125 0.011458 0.007250
0 0.801562 0.715750 0.011458 0.005000
0 0.808594 0.714000 0.011979 0.004500
0 0.803125 0.677625 0.013542 0.006750
0 0.797656 0.660125 0.009896 0.005250
0 0.752604 0.658875 0.008333 0.005750
0 0.749479 0.633250 0.012500 0.003500
0 0.698958 0.652875 0.006250 0.005750
0 0.705729 0.652000 0.008333 0.004000
0 0.754167 0.650500 0.012500 0.002500
0 0.769792 0.649500 0.011458 0.006000
0 0.768229 0.654500 0.011458 0.004500
0 0.747135 0.647875 0.011979 0.003750
0 0.746875 0.653500 0.008333 0.003500
0 0.757031 0.653625 0.013021 0.003750
0 0.557031 0.606375 0.007812 0.006250
0 0.528646 0.594000 0.008333 0.005500
0 0.512760 0.574250 0.008854 0.005000
0 0.503646 0.571750 0.006250 0.005500
0 0.460938 0.561000 0.007292 0.005000
0 0.440365 0.546875 0.008854 0.004750
0 0.437500 0.553500 0.012500 0.005500
0 0.355469 0.605375 0.013021 0.003250
0 0.364063 0.593000 0.008333 0.005500
0 0.362760 0.613625 0.010937 0.003250
0 0.408073 0.622000 0.010937 0.005000
0 0.408594 0.653125 0.011979 0.005250
0 0.364323 0.665000 0.006771 0.005500
0 0.456250 0.679125 0.008333 0.005750
0 0.452083 0.686000 0.012500 0.005500
0 0.379427 0.633000 0.010937 0.004500
0 0.392448 0.628250 0.007812 0.004500
0 0.400521 0.631250 0.008333 0.005500
0 0.397135 0.629625 0.007812 0.004250
0 0.350260 0.585750 0.010937 0.006500
0 0.251823 0.565875 0.009896 0.005250
0 0.321615 0.538625 0.009896 0.002750
0 0.324219 0.541500 0.011979 0.003000
0 0.357812 0.732750 0.009375 0.005000
0 0.401823 0.773125 0.009896 0.003750
0 0.448437 0.775250 0.007292 0.006500
0 0.488802 0.764375 0.011979 0.004750
0 0.526042 0.752625 0.010417 0.005250
0 0.523958 0.785125 0.009375 0.004750
0 0.453385 0.792500 0.009896 0.004000
0 0.494271 0.810375 0.007292 0.005250
0 0.455208 0.832375 0.008333 0.006250
0 0.077604 0.659000 0.007292 0.005000
0 0.232031 0.414250 0.008854 0.006500
0 0.238802 0.383625 0.005729 0.005250
0 0.144531 0.313500 0.008854 0.006000
0 0.138281 0.284125 0.007812 0.006750
0 0.466406 0.487000 0.009896 0.005000
0 0.366146 0.517750 0.011458 0.004500
0 0.583073 0.496250 0.013021 0.006500
0 0.617708 0.490750 0.006250 0.006500
0 0.572917 0.508875 0.010417 0.004250
0 0.483333 0.504750 0.018750 0.003500
0 0.632031 0.510875 0.009896 0.003750
0 0.631510 0.515750 0.009896 0.004500
0 0.609896 0.516625 0.010417 0.004250
0 0.685156 0.521375 0.009896 0.004250
0 0.677604 0.524500 0.007292 0.004000
0 0.672656 0.491875 0.009896 0.006250
0 0.700260 0.500625 0.007812 0.006250
0 0.714063 0.505625 0.006250 0.007250
0 0.723437 0.506500 0.009375 0.007000
0 0.740104 0.508875 0.012500 0.005250
0 0.767188 0.481875 0.012500 0.003750
0 0.744792 0.517125 0.007292 0.004250
0 0.767448 0.526250 0.009896 0.004500
0 0.809375 0.498250 0.008333 0.006000
0 0.823437 0.506250 0.011458 0.005500
0 0.805990 0.512375 0.007812 0.007250
0 0.812500 0.510625 0.008333 0.005750
0 0.877865 0.477750 0.015104 0.004500
0 0.887240 0.497500 0.013021 0.005000
0 0.884375 0.502250 0.014583 0.005500
0 0.960156 0.489125 0.014063 0.003750
0 0.970833 0.511625 0.012500 0.007250
0 0.942969 0.534375 0.010937 0.005750
0 0.935156 0.533375 0.007812 0.004250
0 0.991667 0.455125 0.008333 0.004750
0 0.384896 0.463000 0.011458 0.003000
0 0.387760 0.460500 0.010937 0.004000
0 0.467448 0.428500 0.013021 0.004500
0 0.473177 0.423500 0.008854 0.005500
0 0.503906 0.409500 0.006771 0.006500
0 0.592708 0.394125 0.013542 0.007250
0 0.585156 0.363500 0.010937 0.004500
0 0.632812 0.366000 0.011458 0.007500
0 0.632292 0.341125 0.012500 0.004250
0 0.701042 0.354250 0.014583 0.005500
0 0.731250 0.315500 0.014583 0.007000
0 0.858854 0.331125 0.012500 0.004250
0 0.878646 0.313500 0.014583 0.008500
0 0.885937 0.300750 0.007292 0.006500
0 0.903906 0.250125 0.010937 0.007250
0 0.829688 0.258250 0.013542 0.004500
0 0.828906 0.224375 0.008854 0.007750
0 0.993490 0.192250 0.008854 0.007500
0 0.386979 0.307750 0.008333 0.006000
0 0.417969 0.314750 0.014063 0.004000
0 0.476562 0.305125 0.009375 0.006750
0 0.484896 0.303375 0.008333 0.005750
0 0.436458 0.241875 0.009375 0.003750
0 0.544792 0.141000 0.010417 0.005000
0 0.529948 0.581625 0.004687 0.006250
0 0.538281 0.581000 0.010937 0.006000
0 0.565104 0.705125 0.008333 0.004250
0 0.715625 0.679625 0.013542 0.005750
0 0.734635 0.678250 0.013021 0.006000
