0 0.100000 0.572750 0.017708 0.006000
0 0.322135 0.459375 0.014063 0.007250
0 0.564323 0.513000 0.009896 0.009000
0 0.575521 0.308750 0.018750 0.007500
0 0.602083 0.184375 0.013542 0.006250
0 0.983594 0.302625 0.015104 0.008750
0 0.918490 0.320250 0.021354 0.009000
0 0.626823 0.568125 0.017188 0.008750
0 0.626823 0.595250 0.016146 0.008000
0 0.694792 0.619375 0.014583 0.008750
0 0.716406 0.619250 0.013021 0.010000
0 0.853385 0.580000 0.014063 0.011500
0 0.948958 0.608875 0.015625 0.006750
0 0.968229 0.609750 0.015625 0.008000
0 0.955990 0.598000 0.017188 0.008500
0 0.020573 0.559875 0.014063 0.007250
