0 0.406000 0.349740 0.006500 0.009896
0 0.401125 0.264062 0.007250 0.013542
0 0.486000 0.467448 0.004000 0.014063
0 0.467000 0.453385 0.004500 0.009896
0 0.464375 0.477083 0.004750 0.012500
0 0.524875 0.382292 0.007250 0.015625
0 0.590500 0.139844 0.007000 0.011979
0 0.499625 0.553385 0.006250 0.007812
0 0.502250 0.577865 0.005500 0.007812
0 0.580500 0.570312 0.006500 0.007292
0 0.589875 0.598958 0.005250 0.009375
0 0.596625 0.613542 0.006750 0.011458
0 0.635125 0.545052 0.007250 0.007812
0 0.626125 0.524479 0.006250 0.011458
0 0.682125 0.564063 0.008250 0.013542
0 0.500625 0.789583 0.006250 0.008333
0 0.458500 0.588802 0.003500 0.010937
0 0.423500 0.741406 0.006000 0.007812
0 0.393750 0.768750 0.004500 0.010417
