0 0.563625 0.766146 0.006250 0.010417
0 0.511500 0.772135 0.007500 0.014063
0 0.499250 0.777344 0.005000 0.010937
0 0.494125 0.780729 0.004250 0.017708
0 0.496250 0.860938 0.006000 0.012500
0 0.475250 0.841406 0.006500 0.015104
0 0.474875 0.873958 0.006250 0.015625
0 0.477500 0.927083 0.007000 0.012500
0 0.458375 0.910937 0.006750 0.014583
0 0.523875 0.832812 0.006750 0.007292
0 0.523625 0.841927 0.006250 0.010937
0 0.425500 0.859115 0.005000 0.013021
0 0.414750 0.907813 0.006500 0.008333
0 0.417500 0.924479 0.007500 0.017708
0 0.428750 0.987760 0.006000 0.015104
0 0.421375 0.986719 0.005750 0.011979
0 0.398875 0.957031 0.006750 0.016146
0 0.381750 0.978906 0.004500 0.016146
0 0.359000 0.966667 0.004500 0.013542
0 0.361625 0.954688 0.006250 0.013542
0 0.367500 0.933073 0.003500 0.017188
0 0.373375 0.943229 0.007750 0.014583
0 0.334625 0.971615 0.005250 0.017188
0 0.515625 0.714063 0.006750 0.013542
0 0.447125 0.653385 0.005250 0.014063
0 0.443375 0.638281 0.007250 0.008854
0 0.428125 0.646875 0.005250 0.012500
0 0.417250 0.638021 0.007000 0.010417
0 0.362500 0.642448 0.007500 0.011979
0 0.362125 0.596094 0.005750 0.014063
0 0.338875 0.631771 0.006250 0.012500
0 0.379875 0.652865 0.009750 0.015104
0 0.346125 0.598698 0.006750 0.009896
0 0.346500 0.591927 0.004500 0.013021
0 0.305125 0.548958 0.006250 0.013542
0 0.285625 0.559375 0.004750 0.011458
0 0.259250 0.611198 0.006000 0.015104
0 0.232250 0.602604 0.007500 0.010417
0 0.232625 0.587240 0.006250 0.016146
0 0.249875 0.595313 0.005750 0.009375
0 0.214125 0.612760 0.008250 0.010937
0 0.192250 0.592969 0.007000 0.008854
0 0.215375 0.578385 0.003750 0.014063
0 0.220250 0.584635 0.005500 0.013021
0 0.220500 0.541927 0.007000 0.009896
0 0.213250 0.532552 0.005000 0.010937
0 0.219875 0.520833 0.003750 0.013542
0 0.246000 0.515885 0.006500 0.013021
0 0.252125 0.536198 0.006250 0.009896
0 0.251750 0.527865 0.006500 0.007812
0 0.166375 0.620833 0.006250 0.013542
0 0.178125 0.560677 0.007750 0.013021
0 0.173500 0.547396 0.006000 0.010417
0 0.159625 0.552604 0.005750 0.013542
0 0.165375 0.546354 0.006250 0.012500
0 0.176875 0.505469 0.006250 0.015104
0 0.191000 0.520312 0.004000 0.012500
0 0.193000 0.437760 0.005500 0.011979
0 0.196500 0.461979 0.005000 0.010417
0 0.184000 0.470573 0.003500 0.007812
0 0.110500 0.514323 0.004500 0.011979
0 0.090375 0.490625 0.006250 0.009375
0 0.078625 0.491146 0.006750 0.007292
0 0.067375 0.483594 0.006250 0.010937
0 0.098000 0.539062 0.007000 0.012500
0 0.101875 0.552865 0.009750 0.013021
0 0.110500 0.486198 0.007500 0.008854
0 0.113250 0.494271 0.005000 0.010417
0 0.124625 0.488542 0.008750 0.007292
0 0.124125 0.496354 0.010750 0.011458
0 0.104000 0.413802 0.005000 0.011979
0 0.125375 0.369271 0.004750 0.011458
0 0.126875 0.358594 0.005250 0.008854
0 0.105375 0.357292 0.005250 0.008333
0 0.108625 0.342448 0.006750 0.008854
0 0.091375 0.345573 0.006250 0.009896
0 0.075750 0.317188 0.005000 0.009375
0 0.059750 0.281771 0.006500 0.011458
0 0.437625 0.494010 0.006750 0.015104
0 0.374750 0.435937 0.010500 0.017708
0 0.316875 0.375781 0.007250 0.014063
0 0.348625 0.334375 0.006250 0.012500
0 0.354000 0.329948 0.006500 0.014063
0 0.359875 0.326302 0.005750 0.013021
0 0.318750 0.270573 0.006500 0.008854
0 0.339625 0.259115 0.006750 0.010937
0 0.329125 0.226823 0.005250 0.010937
0 0.320125 0.235156 0.008750 0.011979
0 0.321625 0.248958 0.004750 0.010417
0 0.301000 0.234896 0.005500 0.010417
0 0.305250 0.219271 0.007500 0.010417
0 0.289000 0.247917 0.008500 0.009375
0 0.277375 0.349740 0.006250 0.011979
0 0.263875 0.304948 0.006250 0.015104
0 0.269000 0.290104 0.008000 0.015625
0 0.258375 0.209635 0.007250 0.015104
0 0.204750 0.203385 0.007000 0.013021
0 0.202000 0.157031 0.005000 0.013021
0 0.172000 0.134375 0.004500 0.014583
0 0.177500 0.128646 0.007500 0.012500
0 0.182375 0.120313 0.006250 0.013542
0 0.196875 0.119531 0.007250 0.010937
0 0.142500 0.060677 0.005500 0.011979
0 0.168875 0.044010 0.006750 0.015104
0 0.166375 0.021875 0.006250 0.011458
0 0.184250 0.059115 0.006500 0.007812
0 0.194000 0.080208 0.005500 0.014583
0 0.199250 0.075000 0.005000 0.010417
0 0.213750 0.030729 0.008000 0.013542
0 0.244500 0.044271 0.007500 0.012500
0 0.251125 0.073438 0.004750 0.011458
0 0.257375 0.070312 0.006750 0.011458
0 0.267750 0.076563 0.007500 0.009375
0 0.262125 0.085417 0.006250 0.011458
0 0.253250 0.117188 0.011000 0.016667
0 0.524625 0.635677 0.006750 0.015104
0 0.558250 0.584375 0.006000 0.013542
0 0.575125 0.590625 0.007250 0.014583
0 0.589375 0.635938 0.006750 0.015625
0 0.593250 0.605990 0.006000 0.010937
0 0.548625 0.546615 0.005250 0.016146
0 0.562625 0.504427 0.007750 0.016146
0 0.512375 0.426823 0.005250 0.016146
0 0.513750 0.409375 0.005000 0.010417
0 0.508375 0.403385 0.006750 0.010937
0 0.525000 0.370052 0.007500 0.015104
0 0.533500 0.358594 0.005500 0.009896
0 0.527000 0.347917 0.006000 0.014583
0 0.504625 0.262240 0.005750 0.013021
0 0.476125 0.255208 0.005750 0.015625
0 0.481750 0.216146 0.007000 0.014583
0 0.482875 0.202865 0.007750 0.008854
0 0.506125 0.204167 0.007250 0.011458
0 0.492625 0.181510 0.006750 0.010937
0 0.495875 0.171094 0.006250 0.011979
0 0.430000 0.164062 0.005000 0.012500
0 0.440500 0.165104 0.005000 0.013542
0 0.448625 0.139323 0.005750 0.015104
0 0.452375 0.165625 0.004250 0.011458
0 0.454625 0.178646 0.006250 0.011458
0 0.453250 0.187240 0.005500 0.009896
0 0.492250 0.128906 0.007500 0.009896
0 0.471125 0.105469 0.005750 0.008854
0 0.455750 0.088021 0.004500 0.007292
0 0.458000 0.081250 0.006000 0.007292
0 0.433375 0.130729 0.004250 0.007292
0 0.436250 0.122135 0.003500 0.007812
0 0.438500 0.116146 0.003500 0.012500
0 0.426125 0.121875 0.003250 0.011458
0 0.421875 0.117708 0.004250 0.011458
0 0.417250 0.100000 0.004500 0.015625
0 0.387500 0.103646 0.002500 0.011458
0 0.382000 0.081771 0.004500 0.008333
0 0.403125 0.071615 0.004250 0.011979
0 0.409125 0.074219 0.004250 0.014063
0 0.391000 0.051042 0.004500 0.008333
0 0.385750 0.063802 0.004000 0.013021
0 0.382875 0.064844 0.002750 0.010937
0 0.373500 0.050260 0.004500 0.013021
0 0.364750 0.008333 0.003500 0.007292
0 0.390500 0.009896 0.003000 0.009375
0 0.407750 0.033854 0.004500 0.010417
0 0.413375 0.038281 0.003250 0.011979
0 0.423250 0.015365 0.005500 0.008854
0 0.464750 0.052604 0.006500 0.012500
0 0.470500 0.040625 0.006000 0.008333
0 0.489750 0.034896 0.005500 0.011458
0 0.474375 0.004687 0.005250 0.008333
0 0.608625 0.527604 0.006750 0.014583
0 0.620625 0.558594 0.005750 0.014063
0 0.620750 0.544271 0.006000 0.011458
0 0.608625 0.448437 0.007750 0.012500
0 0.614750 0.415625 0.005000 0.016667
0 0.630125 0.407292 0.007250 0.015625
0 0.634250 0.327344 0.006500 0.010937
0 0.617500 0.310937 0.005500 0.014583
0 0.619250 0.351823 0.008500 0.019271
0 0.611500 0.248698 0.008000 0.014063
0 0.642875 0.250000 0.007750 0.011458
0 0.615750 0.173698 0.008500 0.017188
0 0.603750 0.135156 0.006000 0.014063
0 0.656625 0.138542 0.006250 0.014583
0 0.625500 0.148177 0.005500 0.018229
0 0.633125 0.119271 0.007750 0.009375
0 0.637875 0.132292 0.005250 0.016667
0 0.631500 0.130729 0.008500 0.016667
0 0.630750 0.141406 0.005500 0.009896
0 0.650375 0.088021 0.005250 0.014583
0 0.632000 0.028906 0.007000 0.007812
0 0.632250 0.035937 0.006000 0.008333
0 0.636125 0.015625 0.008750 0.012500
0 0.866125 0.032552 0.007250 0.013021
0 0.860375 0.037240 0.005750 0.010937
0 0.853250 0.050260 0.009000 0.013021
0 0.810750 0.142187 0.005000 0.012500
0 0.888750 0.110417 0.004500 0.011458
0 0.891500 0.122917 0.006500 0.013542
0 0.873375 0.167969 0.007750 0.016146
0 0.845750 0.206771 0.007000 0.012500
0 0.813500 0.180990 0.005500 0.008854
0 0.819375 0.185156 0.007250 0.008854
0 0.824125 0.176823 0.006250 0.006771
0 0.826000 0.185156 0.007000 0.011979
0 0.831750 0.147135 0.007500 0.013021
0 0.840500 0.246615 0.006000 0.013021
0 0.841375 0.259896 0.006250 0.011458
0 0.839375 0.280208 0.004750 0.012500
0 0.815875 0.260937 0.006750 0.012500
0 0.806375 0.244271 0.008250 0.013542
0 0.794500 0.233594 0.007500 0.014063
0 0.794125 0.248438 0.005750 0.011458
0 0.773250 0.317708 0.007000 0.011458
0 0.766875 0.326562 0.008250 0.011458
0 0.745000 0.337500 0.007500 0.011458
0 0.804500 0.369010 0.006500 0.011979
0 0.786125 0.359635 0.005250 0.011979
0 0.773000 0.389062 0.007000 0.014583
0 0.767750 0.413542 0.009500 0.014583
0 0.753000 0.407292 0.004500 0.016667
0 0.739250 0.401562 0.005500 0.010417
0 0.734625 0.392448 0.009250 0.015104
0 0.729625 0.409375 0.009250 0.008333
0 0.721125 0.475521 0.005250 0.016667
0 0.718250 0.447917 0.006500 0.009375
0 0.713375 0.455469 0.005750 0.009896
0 0.700250 0.486719 0.010000 0.017188
0 0.687875 0.546875 0.009750 0.011458
0 0.672250 0.586198 0.010000 0.015104
0 0.637750 0.715625 0.009000 0.010417
0 0.652125 0.714323 0.006250 0.010937
0 0.710000 0.682292 0.008000 0.011458
0 0.678000 0.754687 0.008500 0.014583
0 0.671375 0.811719 0.007250 0.008854
0 0.678625 0.808854 0.007750 0.017708
0 0.721625 0.800000 0.006750 0.011458
0 0.737625 0.844531 0.005750 0.014063
0 0.736250 0.875781 0.008500 0.008854
0 0.727750 0.862760 0.006500 0.017188
0 0.770875 0.876563 0.008250 0.014583
0 0.788375 0.899740 0.008750 0.010937
0 0.791625 0.920312 0.008750 0.015625
0 0.782250 0.926823 0.005500 0.010937
0 0.779000 0.917969 0.005000 0.010937
0 0.811875 0.917969 0.006750 0.009896
0 0.825625 0.930990 0.009750 0.011979
0 0.809875 0.974479 0.004750 0.014583
0 0.815625 0.986458 0.008750 0.014583
0 0.753000 0.618229 0.008500 0.018750
0 0.759375 0.639062 0.007750 0.012500
0 0.790500 0.628385 0.006000 0.016146
0 0.799750 0.613281 0.007500 0.010937
0 0.796750 0.603646 0.008000 0.011458
0 0.820750 0.616927 0.007500 0.010937
0 0.793250 0.656771 0.004500 0.012500
0 0.784625 0.653385 0.007250 0.015104
0 0.819125 0.581510 0.005750 0.018229
0 0.824625 0.583073 0.005250 0.011979
0 0.826875 0.533594 0.006250 0.010937
0 0.842500 0.534896 0.005500 0.013542
0 0.851625 0.515365 0.004750 0.013021
0 0.855625 0.546094 0.011750 0.013021
0 0.842250 0.588802 0.009500 0.011979
0 0.872625 0.515625 0.009250 0.009375
0 0.878750 0.530990 0.006000 0.015104
0 0.874375 0.535417 0.004750 0.016667
0 0.889875 0.498958 0.004750 0.015625
0 0.916375 0.504167 0.006250 0.014583
0 0.895750 0.427083 0.008500 0.015625
0 0.952375 0.450260 0.005750 0.015104
0 0.940125 0.640625 0.007750 0.014583
0 0.936625 0.089844 0.007250 0.017188
