0 0.318490 0.301750 0.008854 0.007500
0 0.356771 0.459625 0.011458 0.004750
0 0.358594 0.452250 0.013021 0.006000
0 0.427083 0.438125 0.016667 0.005750
0 0.428125 0.418625 0.008333 0.006250
0 0.417187 0.422375 0.013542 0.003250
0 0.419271 0.427250 0.015625 0.004500
0 0.436198 0.426125 0.016146 0.004750
0 0.520312 0.422375 0.016667 0.004250
0 0.576823 0.400000 0.016146 0.004500
0 0.548698 0.447875 0.015104 0.004250
0 0.555469 0.442000 0.011979 0.006500
0 0.593229 0.438750 0.012500 0.005000
0 0.507812 0.443750 0.012500 0.004000
0 0.515104 0.439375 0.015625 0.006250
0 0.543490 0.433125 0.015104 0.004250
0 0.545573 0.428375 0.017188 0.006750
0 0.611979 0.410625 0.014583 0.005750
0 0.630208 0.405125 0.016667 0.005250
0 0.696094 0.420000 0.011979 0.005500
0 0.720833 0.422375 0.011458 0.005750
0 0.724479 0.427125 0.018750 0.004250
0 0.611458 0.419875 0.013542 0.005250
0 0.592969 0.431375 0.008854 0.007250
0 0.610156 0.426500 0.008854 0.005500
0 0.589844 0.426875 0.013021 0.005750
0 0.601562 0.425125 0.011458 0.006750
0 0.618490 0.379875 0.017188 0.004750
0 0.620052 0.389375 0.016146 0.005750
0 0.629948 0.386125 0.008854 0.006750
0 0.728646 0.372000 0.014583 0.004000
0 0.741667 0.386375 0.008333 0.006750
0 0.738021 0.392875 0.013542 0.007250
0 0.957292 0.400625 0.015625 0.006750
0 0.767708 0.310000 0.013542 0.005000
0 0.496615 0.511125 0.010937 0.007750
0 0.484375 0.526500 0.014583 0.006500
0 0.494792 0.537625 0.014583 0.006250
0 0.455990 0.531500 0.014063 0.004000
0 0.689583 0.543250 0.011458 0.007500
0 0.607292 0.552375 0.012500 0.007250
0 0.551823 0.541500 0.016146 0.004000
0 0.590104 0.540875 0.014583 0.006750
0 0.569010 0.544750 0.010937 0.008000
0 0.569010 0.538250 0.015104 0.006000
0 0.764844 0.545250 0.015104 0.006000
0 0.685417 0.570500 0.014583 0.004000
0 0.650260 0.566500 0.017188 0.004500
0 0.667188 0.559500 0.014583 0.006000
0 0.672396 0.578125 0.018750 0.004750
0 0.674479 0.582500 0.012500 0.005000
0 0.787500 0.588375 0.008333 0.006750
0 0.736719 0.565625 0.008854 0.008750
0 0.727604 0.564000 0.008333 0.006500
0 0.735677 0.573875 0.023438 0.004750
0 0.736979 0.578750 0.011458 0.005500
0 0.748437 0.584125 0.012500 0.005250
0 0.751563 0.581250 0.015625 0.004000
0 0.861458 0.580375 0.014583 0.004750
0 0.936979 0.639375 0.012500 0.006250
0 0.962240 0.646375 0.016146 0.003750
0 0.969010 0.650125 0.015104 0.004750
0 0.974479 0.631500 0.015625 0.007000
0 0.979687 0.617625 0.016667 0.006750
0 0.977604 0.609625 0.014583 0.004750
0 0.976042 0.604625 0.015625 0.006250
0 0.978385 0.599875 0.015104 0.004250
0 0.781250 0.668875 0.011458 0.004250
0 0.333073 0.612750 0.013021 0.008000
0 0.396615 0.634250 0.013021 0.007500
0 0.390365 0.647250 0.016146 0.005500
0 0.446615 0.676125 0.013021 0.007250
0 0.468229 0.692000 0.016667 0.005500
0 0.453646 0.694250 0.013542 0.005000
0 0.390365 0.674875 0.009896 0.004250
0 0.393750 0.680500 0.010417 0.007000
0 0.552604 0.683125 0.017708 0.006250
0 0.546615 0.700375 0.017188 0.008250
0 0.470573 0.755375 0.011979 0.004750
0 0.484896 0.752375 0.011458 0.007250
0 0.507292 0.753750 0.015625 0.005500
0 0.502604 0.743875 0.011458 0.007750
0 0.496094 0.748250 0.010937 0.005500
0 0.587500 0.724750 0.009375 0.007000
0 0.590625 0.719250 0.016667 0.007500
0 0.578385 0.776750 0.010937 0.007000
0 0.600781 0.774625 0.009896 0.007750
0 0.589323 0.773000 0.015104 0.007500
0 0.527604 0.771250 0.015625 0.009000
0 0.680469 0.792750 0.015104 0.005000
0 0.719010 0.797875 0.017188 0.006750
0 0.695312 0.798625 0.012500 0.007750
0 0.629427 0.822125 0.017188 0.008250
0 0.594010 0.862125 0.008854 0.005750
0 0.163281 0.658125 0.011979 0.006250
0 0.215365 0.669750 0.009896 0.006500
0 0.190365 0.640000 0.018229 0.009000
0 0.204427 0.690250 0.008854 0.007500
0 0.217708 0.716750 0.012500 0.008500
0 0.171875 0.784125 0.010417 0.005250
0 0.168229 0.790500 0.009375 0.006000
0 0.463021 0.074750 0.010417 0.010000
