0 0.640500 0.487500 0.006500 0.008333
0 0.750875 0.387500 0.007250 0.011458
0 0.795500 0.353906 0.007500 0.010937
0 0.794875 0.363802 0.007250 0.009896
0 0.846375 0.344010 0.005750 0.007812
0 0.861500 0.333854 0.007500 0.006250
0 0.839625 0.315625 0.004750 0.011458
0 0.838750 0.306250 0.006500 0.007292
0 0.916125 0.261458 0.006750 0.011458
0 0.925375 0.245312 0.007250 0.011458
0 0.761875 0.440104 0.006750 0.008333
0 0.792750 0.409635 0.006000 0.006771
0 0.799000 0.403906 0.006000 0.007812
0 0.583875 0.595833 0.007250 0.014583
0 0.494000 0.668750 0.005500 0.013542
0 0.496875 0.595833 0.006750 0.013542
0 0.501750 0.439062 0.005500 0.010417
0 0.489500 0.418490 0.006500 0.010937
0 0.498875 0.400000 0.004250 0.012500
0 0.504375 0.401302 0.006750 0.014063
0 0.514000 0.450781 0.003000 0.010937
0 0.519625 0.413802 0.004250 0.009896
0 0.516875 0.319531 0.003750 0.016146
0 0.531875 0.351302 0.005250 0.009896
0 0.529000 0.332813 0.003500 0.009375
0 0.531875 0.314063 0.003250 0.012500
0 0.529125 0.300000 0.005750 0.012500
0 0.544375 0.286979 0.004250 0.010417
0 0.533875 0.283333 0.002750 0.010417
0 0.536375 0.278906 0.004250 0.008854
0 0.531750 0.264844 0.005000 0.011979
0 0.537875 0.253385 0.006750 0.017188
0 0.549875 0.219271 0.005750 0.017708
0 0.523875 0.170313 0.005750 0.016667
0 0.560875 0.154688 0.004750 0.013542
0 0.543250 0.176823 0.005500 0.009896
0 0.538125 0.179688 0.004750 0.009375
0 0.536625 0.201823 0.005250 0.010937
0 0.549875 0.202865 0.004750 0.007812
0 0.550250 0.193750 0.005000 0.011458
0 0.552625 0.185938 0.004750 0.008333
0 0.588125 0.055729 0.003750 0.014583
0 0.563375 0.095052 0.006750 0.015104
0 0.578375 0.099740 0.005750 0.014063
0 0.552625 0.044792 0.003750 0.009375
0 0.559250 0.045312 0.002500 0.011458
0 0.561625 0.042708 0.002750 0.012500
0 0.572250 0.034375 0.004000 0.008333
0 0.577625 0.031250 0.005750 0.009375
0 0.561875 0.019271 0.005250 0.010417
0 0.565625 0.014844 0.005750 0.010937
0 0.403000 0.621094 0.005000 0.015104
0 0.386875 0.589323 0.002750 0.011979
0 0.385625 0.578385 0.004750 0.009896
0 0.401250 0.543750 0.003500 0.011458
0 0.398500 0.538021 0.003500 0.012500
0 0.387750 0.485677 0.004000 0.011979
0 0.387500 0.470312 0.005500 0.012500
0 0.350500 0.497656 0.007500 0.014063
0 0.338750 0.447917 0.005500 0.007292
0 0.341625 0.453906 0.006750 0.008854
0 0.361500 0.436198 0.006000 0.014063
0 0.373250 0.422135 0.006000 0.009896
0 0.371000 0.410938 0.005500 0.009375
0 0.371625 0.403646 0.004750 0.010417
0 0.325750 0.367448 0.006500 0.015104
0 0.317375 0.348698 0.007250 0.009896
0 0.306125 0.354167 0.003750 0.011458
0 0.326000 0.309896 0.006500 0.008333
0 0.333750 0.309115 0.007500 0.015104
0 0.306250 0.283333 0.005500 0.013542
0 0.301375 0.285156 0.004750 0.008854
0 0.303750 0.220573 0.007000 0.013021
0 0.334000 0.214583 0.005500 0.010417
0 0.247750 0.209896 0.006000 0.013542
0 0.237125 0.263021 0.004250 0.014583
0 0.237250 0.280208 0.004000 0.011458
0 0.241250 0.268490 0.004000 0.011979
0 0.219000 0.116667 0.005500 0.017708
0 0.251875 0.119792 0.003250 0.013542
0 0.249875 0.038281 0.007250 0.015104
0 0.756125 0.789583 0.007750 0.010417
0 0.674000 0.772656 0.006500 0.014063
0 0.665875 0.807292 0.006250 0.011458
0 0.642625 0.818750 0.009250 0.012500
0 0.295500 0.852604 0.008000 0.012500
0 0.312625 0.801823 0.007250 0.016146
0 0.322750 0.803906 0.005500 0.007812
0 0.326375 0.798698 0.006250 0.008854
0 0.349000 0.821094 0.006000 0.009896
0 0.354625 0.812500 0.006750 0.011458
0 0.432250 0.796875 0.007000 0.009375
0 0.405000 0.792969 0.006500 0.008854
0 0.399375 0.793490 0.006750 0.007812
0 0.386750 0.792708 0.006000 0.007292
0 0.379000 0.793229 0.007000 0.010417
0 0.411500 0.796354 0.004500 0.008333
0 0.261125 0.737760 0.003750 0.013021
0 0.250000 0.785156 0.007500 0.011979
0 0.243000 0.788802 0.006000 0.013021
0 0.134875 0.896615 0.007750 0.010937
0 0.047750 0.808073 0.006000 0.014063
0 0.135375 0.694531 0.005250 0.010937
0 0.617750 0.586719 0.006000 0.014063
