0 0.607375 0.685677 0.008250 0.015104
0 0.590375 0.660156 0.007250 0.013021
0 0.592500 0.699740 0.004000 0.018229
0 0.591500 0.748958 0.005500 0.014583
0 0.573250 0.763021 0.006000 0.014583
0 0.567000 0.726042 0.004500 0.016667
0 0.577375 0.847656 0.004750 0.018229
0 0.575000 0.858073 0.003000 0.015104
0 0.572375 0.857552 0.003250 0.014063
0 0.548250 0.697135 0.007500 0.009896
0 0.554250 0.710417 0.006000 0.009375
0 0.525500 0.672135 0.006000 0.010937
0 0.522000 0.709896 0.006000 0.015625
0 0.532000 0.735677 0.005500 0.019271
0 0.517625 0.770833 0.006250 0.018750
0 0.498000 0.789062 0.005500 0.016667
0 0.493750 0.778385 0.007000 0.009896
0 0.493500 0.786979 0.006500 0.009375
0 0.477375 0.800521 0.007750 0.012500
0 0.451750 0.814583 0.008500 0.013542
0 0.497250 0.813021 0.010500 0.016667
0 0.473625 0.855729 0.006250 0.011458
0 0.473000 0.850781 0.005500 0.008854
0 0.500500 0.869010 0.006000 0.011979
0 0.520000 0.743490 0.003000 0.014063
0 0.522250 0.742708 0.004500 0.016667
0 0.497750 0.531771 0.007500 0.010417
0 0.541375 0.528906 0.007250 0.011979
0 0.457625 0.482812 0.007250 0.014583
0 0.439875 0.528646 0.008250 0.014583
0 0.421500 0.534115 0.009000 0.017188
0 0.461500 0.525781 0.006000 0.011979
0 0.456375 0.528906 0.006750 0.006771
0 0.455750 0.523698 0.007000 0.005729
0 0.389250 0.618229 0.006000 0.014583
0 0.384750 0.621354 0.005000 0.015625
0 0.382875 0.598958 0.008250 0.013542
0 0.361000 0.622135 0.006500 0.014063
0 0.439000 0.471875 0.004500 0.012500
0 0.444125 0.475000 0.006750 0.010417
0 0.281500 0.469792 0.009500 0.010417
0 0.339500 0.438542 0.007500 0.011458
0 0.265125 0.572917 0.012750 0.020833
0 0.309250 0.570833 0.005500 0.010417
0 0.310125 0.567187 0.007750 0.013542
0 0.539875 0.437240 0.006250 0.015104
0 0.608625 0.475781 0.005750 0.014063
0 0.480875 0.375781 0.006750 0.011979
0 0.476125 0.363802 0.007750 0.015104
0 0.453250 0.341667 0.006500 0.013542
0 0.455250 0.337760 0.006500 0.008854
0 0.435250 0.322396 0.008000 0.012500
0 0.445250 0.309635 0.008000 0.011979
0 0.403125 0.313281 0.009250 0.014063
0 0.406750 0.283594 0.004000 0.013021
0 0.403375 0.290625 0.007750 0.013542
0 0.373375 0.285677 0.007250 0.010937
0 0.387750 0.275781 0.006500 0.014063
0 0.387500 0.266146 0.006500 0.011458
0 0.393500 0.274219 0.006000 0.010937
0 0.394625 0.269010 0.005250 0.009896
0 0.393875 0.247135 0.006250 0.008854
0 0.389125 0.240625 0.007250 0.010417
0 0.365375 0.238021 0.006250 0.010417
0 0.366875 0.235156 0.005250 0.010937
0 0.365375 0.211979 0.003750 0.011458
0 0.368125 0.209635 0.005750 0.014063
0 0.323125 0.150260 0.006250 0.011979
0 0.272250 0.141927 0.007500 0.014063
0 0.280375 0.145313 0.008750 0.014583
0 0.311500 0.093229 0.007500 0.015625
0 0.334000 0.102865 0.007000 0.014063
0 0.227375 0.120313 0.010750 0.019792
0 0.242750 0.091667 0.008000 0.014583
0 0.490000 0.361979 0.006000 0.007292
0 0.489250 0.342187 0.006000 0.012500
0 0.555750 0.347917 0.007000 0.013542
0 0.551250 0.330208 0.006500 0.011458
0 0.561250 0.306771 0.006000 0.009375
0 0.528000 0.306771 0.005000 0.011458
0 0.545125 0.263281 0.005750 0.014063
0 0.537125 0.263802 0.004750 0.014063
0 0.534500 0.280469 0.006500 0.015104
0 0.536750 0.250260 0.005000 0.009896
0 0.538375 0.247656 0.004750 0.013021
0 0.524750 0.221094 0.007500 0.010937
0 0.513000 0.183333 0.005500 0.018750
0 0.521500 0.167187 0.007500 0.016667
0 0.502375 0.124479 0.005250 0.014583
0 0.421125 0.058073 0.005250 0.016146
0 0.429375 0.063542 0.005750 0.019792
0 0.438875 0.070052 0.005750 0.009896
0 0.439375 0.061719 0.005250 0.008854
0 0.480125 0.080208 0.007250 0.015625
0 0.478875 0.062240 0.005750 0.016146
0 0.425875 0.035677 0.006250 0.020313
0 0.430250 0.028906 0.004500 0.011979
0 0.410625 0.030990 0.004750 0.014063
0 0.399750 0.017448 0.004500 0.011979
0 0.414750 0.006771 0.007000 0.013542
0 0.603000 0.307552 0.008000 0.013021
0 0.598000 0.300521 0.004000 0.010417
0 0.598125 0.291667 0.005250 0.013542
0 0.597250 0.274219 0.004500 0.015104
0 0.591000 0.263802 0.006500 0.011979
0 0.608500 0.222656 0.007500 0.016146
0 0.557500 0.198958 0.005000 0.016667
0 0.562375 0.184896 0.006250 0.016667
0 0.574250 0.189844 0.004500 0.011979
0 0.573125 0.180469 0.004750 0.009896
0 0.582500 0.184375 0.006500 0.013542
0 0.568625 0.207552 0.006750 0.016146
0 0.591625 0.172656 0.006750 0.016146
0 0.575250 0.128906 0.006000 0.017188
0 0.559625 0.165885 0.006250 0.013021
0 0.553000 0.160156 0.006000 0.013021
0 0.559000 0.152083 0.008000 0.015625
0 0.549000 0.132812 0.007000 0.010417
0 0.558750 0.083594 0.007000 0.013021
0 0.565375 0.048698 0.005250 0.020313
0 0.605375 0.164844 0.006750 0.013021
0 0.613500 0.193490 0.006500 0.014063
0 0.641625 0.288021 0.006750 0.016667
0 0.638750 0.214062 0.009000 0.017708
0 0.751125 0.221094 0.006250 0.007812
0 0.793625 0.193750 0.004750 0.009375
