0 0.176042 0.558125 0.026042 0.010250
0 0.186979 0.554375 0.025000 0.008250
0 0.201823 0.520500 0.022396 0.012000
0 0.294531 0.604875 0.035937 0.009250
0 0.638802 0.563000 0.063021 0.011500
0 0.590625 0.605250 0.028125 0.012000
0 0.535937 0.589625 0.036458 0.010250
0 0.502865 0.566625 0.018229 0.007750
0 0.440104 0.551875 0.030208 0.008750
0 0.383594 0.535000 0.017188 0.012000
0 0.417969 0.514750 0.033854 0.013500
0 0.371615 0.484375 0.022396 0.009250
0 0.291927 0.470625 0.032813 0.010250
0 0.300781 0.473750 0.030729 0.013000
0 0.495573 0.506875 0.021354 0.009750
0 0.455208 0.529875 0.027083 0.015750
0 0.459896 0.529125 0.027083 0.010750
0 0.498437 0.532375 0.025000 0.010750
0 0.528646 0.523125 0.026042 0.014250
0 0.548958 0.522500 0.026042 0.013000
0 0.554948 0.533750 0.016146 0.013500
0 0.576042 0.541000 0.037500 0.013000
0 0.622917 0.524250 0.027083 0.014000
0 0.659375 0.530750 0.027083 0.012000
0 0.688281 0.543625 0.023438 0.009750
0 0.700521 0.546250 0.021875 0.010500
0 0.762240 0.569625 0.029687 0.011250
0 0.913021 0.453125 0.027083 0.021750
0 0.927604 0.452500 0.027083 0.012000
0 0.953646 0.436750 0.017708 0.014000
0 0.930469 0.431000 0.019271 0.014500
0 0.910417 0.424500 0.025000 0.014500
0 0.793750 0.413125 0.027083 0.010250
0 0.828906 0.449000 0.031771 0.011500
0 0.570312 0.448625 0.030208 0.009750
0 0.486458 0.453750 0.028125 0.011500
0 0.368750 0.450875 0.028125 0.008750
0 0.422135 0.364125 0.019271 0.010250
0 0.398698 0.385375 0.035937 0.014750
0 0.448698 0.371500 0.022396 0.013000
0 0.515365 0.356625 0.031771 0.010250
0 0.575781 0.341625 0.032813 0.010750
0 0.555990 0.316625 0.020313 0.009750
0 0.621875 0.309250 0.022917 0.012500
0 0.648958 0.307375 0.022917 0.011750
0 0.670573 0.306000 0.022396 0.011500
0 0.638802 0.297375 0.022396 0.008250
0 0.667708 0.316250 0.033333 0.011500
0 0.693229 0.289375 0.040625 0.017250
0 0.692969 0.290000 0.031771 0.013000
0 0.747917 0.300500 0.026042 0.011500
0 0.752083 0.295125 0.025000 0.014750
0 0.777604 0.295875 0.021875 0.009750
0 0.793490 0.301875 0.021354 0.007750
0 0.780729 0.307625 0.026042 0.010250
0 0.781510 0.316875 0.029687 0.007250
0 0.908333 0.280500 0.022917 0.012500
0 0.987760 0.270125 0.023438 0.011250
0 0.870833 0.236500 0.022917 0.011500
0 0.823958 0.244625 0.033333 0.013750
0 0.812760 0.241250 0.030729 0.013500
0 0.744271 0.252125 0.025000 0.009250
0 0.780469 0.275000 0.043229 0.017000
0 0.778646 0.271500 0.035417 0.014000
0 0.761198 0.248875 0.022396 0.009250
0 0.760156 0.241000 0.018229 0.011000
0 0.142187 0.353250 0.023958 0.012500
0 0.152604 0.341375 0.023958 0.009250
0 0.166667 0.335875 0.022917 0.013750
0 0.227344 0.361250 0.034896 0.012000
0 0.270833 0.361625 0.031250 0.008750
0 0.245833 0.341500 0.022917 0.006500
0 0.230729 0.327750 0.026042 0.017000
0 0.253906 0.322500 0.016146 0.012000
0 0.298698 0.322250 0.030729 0.013500
0 0.257812 0.280750 0.021875 0.014000
0 0.294010 0.293750 0.023438 0.014000
0 0.306510 0.288125 0.017188 0.015750
0 0.178646 0.291875 0.028125 0.011250
0 0.166667 0.263500 0.025000 0.012500
0 0.292969 0.265750 0.023438 0.011500
0 0.316146 0.261500 0.017708 0.012500
0 0.315625 0.260375 0.037500 0.017750
0 0.341406 0.252500 0.019271 0.012000
0 0.367188 0.271250 0.013542 0.012500
0 0.383073 0.247625 0.020313 0.014250
0 0.342708 0.220625 0.026042 0.010250
0 0.422135 0.218500 0.017188 0.014500
0 0.421615 0.217375 0.020313 0.010250
0 0.457813 0.222875 0.015625 0.009250
0 0.440885 0.200250 0.020313 0.011000
0 0.487760 0.194125 0.023438 0.009250
0 0.494531 0.162500 0.028646 0.013500
