0 0.630729 0.267375 0.025000 0.011250
0 0.546615 0.273125 0.034896 0.014250
0 0.549740 0.260375 0.032813 0.016750
0 0.557031 0.298000 0.019271 0.009000
0 0.490365 0.314500 0.033854 0.012000
0 0.613542 0.318750 0.026042 0.016500
0 0.569792 0.340000 0.029167 0.011000
0 0.595833 0.365125 0.015625 0.010250
0 0.572135 0.373875 0.031771 0.010250
0 0.470052 0.350500 0.020313 0.012500
0 0.490625 0.376375 0.027083 0.014250
0 0.491667 0.376625 0.027083 0.011250
0 0.514323 0.399750 0.018229 0.011000
0 0.564583 0.392375 0.028125 0.014750
0 0.541667 0.365250 0.027083 0.010500
0 0.543750 0.355125 0.022917 0.008750
0 0.421094 0.381500 0.019271 0.012500
0 0.407292 0.388875 0.016667 0.014250
0 0.384635 0.382375 0.023438 0.010750
0 0.384635 0.395125 0.021354 0.011250
0 0.285938 0.421500 0.026042 0.015000
0 0.300260 0.416375 0.018229 0.016750
0 0.292969 0.447375 0.023438 0.010250
0 0.944010 0.453875 0.023438 0.015750
0 0.922917 0.482625 0.029167 0.022250
0 0.930990 0.487000 0.016146 0.014500
0 0.936719 0.504625 0.016146 0.010750
0 0.886979 0.481875 0.027083 0.010750
0 0.882812 0.492750 0.026042 0.013000
0 0.884115 0.507875 0.021354 0.015250
0 0.798958 0.507375 0.026042 0.013250
0 0.714063 0.454375 0.023958 0.010250
0 0.667708 0.443125 0.030208 0.015250
0 0.672135 0.459000 0.031771 0.011500
0 0.550521 0.453625 0.027083 0.015250
0 0.592969 0.462875 0.023438 0.015250
0 0.625260 0.468500 0.024479 0.013500
0 0.542448 0.495625 0.031771 0.014750
0 0.541146 0.510875 0.026042 0.020250
0 0.646875 0.501375 0.027083 0.017250
0 0.619531 0.501625 0.022396 0.013750
0 0.619010 0.530500 0.030729 0.018000
0 0.523958 0.540750 0.028125 0.014500
0 0.369792 0.541375 0.026042 0.015750
0 0.335938 0.526875 0.028125 0.010750
0 0.699219 0.502500 0.019271 0.013000
0 0.773177 0.525875 0.030729 0.008750
0 0.724479 0.529625 0.028125 0.014250
0 0.675521 0.527500 0.028125 0.012000
0 0.654167 0.537250 0.028125 0.010000
0 0.692187 0.554000 0.027083 0.012000
0 0.294271 0.717375 0.026042 0.014750
0 0.639323 0.682875 0.034896 0.022750
0 0.639844 0.684750 0.033854 0.019000
0 0.672917 0.701625 0.025000 0.017750
0 0.671875 0.701625 0.025000 0.016750
0 0.742969 0.723125 0.022396 0.016250
0 0.739062 0.725000 0.035417 0.014500
0 0.681250 0.739875 0.030208 0.015250
0 0.691406 0.757625 0.028646 0.015750
0 0.618490 0.762000 0.033854 0.014500
0 0.571094 0.708500 0.018229 0.011000
0 0.563542 0.722875 0.028125 0.014750
0 0.501823 0.715125 0.020313 0.015750
0 0.545833 0.734250 0.027083 0.018000
0 0.515625 0.735875 0.027083 0.011250
0 0.323958 0.837250 0.038542 0.012000
0 0.320052 0.834000 0.036979 0.020500
