0 0.255625 0.958854 0.005750 0.014583
0 0.269625 0.970573 0.007250 0.016146
0 0.234125 0.971094 0.007750 0.011979
0 0.247750 0.702344 0.005500 0.022396
0 0.233625 0.692187 0.007250 0.013542
0 0.231500 0.705469 0.003500 0.015104
0 0.234250 0.703385 0.004500 0.013021
0 0.225125 0.693229 0.007750 0.008333
0 0.226375 0.684375 0.006750 0.012500
0 0.224000 0.685156 0.006000 0.014063
0 0.217625 0.691927 0.007250 0.013021
0 0.210375 0.707812 0.004750 0.018750
0 0.206250 0.707812 0.003500 0.017708
0 0.200375 0.683073 0.009250 0.009896
0 0.193625 0.684635 0.006250 0.015104
0 0.193000 0.676562 0.006000 0.010417
0 0.198625 0.674740 0.007750 0.009896
0 0.199000 0.668750 0.007000 0.008333
0 0.177875 0.650000 0.007750 0.016667
0 0.176125 0.665625 0.006750 0.012500
0 0.174125 0.676562 0.008250 0.010417
0 0.162625 0.681771 0.011250 0.020833
0 0.162250 0.681771 0.010000 0.018750
0 0.158500 0.637760 0.005500 0.019271
0 0.155125 0.636979 0.005750 0.013542
0 0.104250 0.702865 0.008500 0.018229
0 0.082500 0.666406 0.009000 0.014063
0 0.113000 0.611979 0.005000 0.015625
0 0.116125 0.611198 0.005750 0.016146
0 0.051250 0.565365 0.006500 0.019271
0 0.081375 0.574479 0.005250 0.014583
0 0.083500 0.572396 0.005000 0.014583
0 0.094875 0.531510 0.008750 0.011979
0 0.103875 0.552083 0.011750 0.015625
0 0.215250 0.638802 0.010500 0.016146
0 0.232125 0.670052 0.006750 0.011979
0 0.267500 0.682031 0.007000 0.010937
0 0.265375 0.692969 0.006250 0.008854
0 0.272750 0.696875 0.006500 0.012500
0 0.283250 0.699740 0.009000 0.009896
0 0.287625 0.705990 0.006250 0.009896
0 0.297500 0.707812 0.010000 0.017708
0 0.297375 0.708594 0.007750 0.016146
0 0.461125 0.618750 0.011250 0.016667
0 0.471875 0.577865 0.009750 0.015104
0 0.460500 0.742708 0.005500 0.019792
0 0.532250 0.755729 0.010000 0.015625
0 0.824750 0.569531 0.008500 0.013021
0 0.814125 0.611458 0.009250 0.016667
0 0.757625 0.646354 0.009250 0.012500
0 0.754125 0.627604 0.007250 0.009375
0 0.753125 0.623437 0.005250 0.009375
0 0.724375 0.622917 0.009250 0.010417
0 0.721375 0.657031 0.010250 0.011979
0 0.742000 0.645052 0.009000 0.015104
0 0.678500 0.667708 0.006000 0.016667
0 0.647750 0.642708 0.009000 0.011458
0 0.613500 0.723437 0.007000 0.017708
0 0.633125 0.742708 0.007250 0.013542
0 0.636625 0.755469 0.009750 0.008854
0 0.688125 0.719531 0.008750 0.020313
0 0.752750 0.730208 0.007000 0.014583
0 0.761875 0.729688 0.006250 0.014583
0 0.540750 0.926042 0.007000 0.015625
0 0.254750 0.279948 0.007000 0.018229
