0 0.159250 0.619531 0.007500 0.016146
0 0.169125 0.697396 0.008250 0.020833
0 0.198125 0.745052 0.006750 0.025521
0 0.194375 0.687760 0.011250 0.016146
0 0.213500 0.680729 0.008500 0.008333
0 0.213000 0.673698 0.008500 0.008854
0 0.250750 0.755990 0.007000 0.020313
0 0.320250 0.763802 0.009000 0.022396
0 0.309875 0.476042 0.008250 0.017708
0 0.313500 0.469792 0.005000 0.010417
0 0.311750 0.389844 0.007500 0.013021
0 0.325250 0.348438 0.008500 0.018750
0 0.307000 0.383594 0.007500 0.007812
0 0.306250 0.376302 0.007000 0.010937
0 0.326125 0.217188 0.009250 0.013542
0 0.318500 0.203906 0.006000 0.022396
0 0.328250 0.239323 0.006000 0.019271
0 0.327625 0.229687 0.006750 0.013542
0 0.322500 0.035156 0.010000 0.017188
0 0.424250 0.365365 0.009000 0.023438
0 0.464875 0.330208 0.009250 0.012500
0 0.466375 0.303125 0.009250 0.019792
0 0.516250 0.077604 0.007500 0.021875
0 0.511250 0.575781 0.010500 0.019271
0 0.478625 0.498698 0.008750 0.015104
0 0.587000 0.328906 0.011500 0.013021
0 0.616125 0.344531 0.010250 0.017188
0 0.626875 0.324740 0.009750 0.019271
0 0.652125 0.280469 0.009750 0.011979
0 0.707250 0.242708 0.010000 0.012500
0 0.704375 0.235156 0.007250 0.014063
0 0.691250 0.385937 0.003500 0.021875
0 0.695125 0.388021 0.004250 0.017708
0 0.504250 0.863542 0.008000 0.016667
0 0.555250 0.834375 0.008000 0.010417
0 0.553750 0.825521 0.006500 0.007292
0 0.554375 0.816667 0.008250 0.010417
0 0.104125 0.453646 0.016750 0.030208
