0 0.027604 0.361250 0.012500 0.009000
0 0.054948 0.367125 0.009896 0.008750
0 0.115625 0.391250 0.012500 0.007500
0 0.140885 0.395250 0.016146 0.008000
0 0.151823 0.390375 0.009896 0.008750
0 0.167708 0.392750 0.015625 0.005500
0 0.169010 0.385625 0.010937 0.007250
0 0.166406 0.378250 0.014063 0.007500
0 0.164583 0.373250 0.012500 0.007500
0 0.178906 0.370625 0.013021 0.007750
0 0.168229 0.367250 0.012500 0.008500
0 0.145833 0.369625 0.010417 0.008750
0 0.135417 0.364500 0.011458 0.007500
0 0.319271 0.469000 0.013542 0.008500
0 0.360938 0.475625 0.009375 0.006250
0 0.349479 0.486875 0.008333 0.004750
0 0.364323 0.463750 0.011979 0.005500
0 0.372656 0.433750 0.014063 0.007500
0 0.368490 0.469500 0.008854 0.006500
0 0.427344 0.380250 0.018229 0.006500
0 0.405208 0.367625 0.011458 0.009250
0 0.426823 0.294750 0.011979 0.010000
0 0.448437 0.282375 0.012500 0.010250
0 0.391146 0.267875 0.021875 0.006750
0 0.295833 0.256000 0.022917 0.010000
0 0.376302 0.289125 0.019271 0.009250
0 0.437240 0.513875 0.011979 0.006750
0 0.455208 0.497000 0.011458 0.008000
0 0.459635 0.462500 0.014063 0.006500
0 0.499219 0.493875 0.008854 0.007750
0 0.483333 0.493250 0.011458 0.007000
0 0.492188 0.487625 0.010417 0.006750
0 0.516406 0.480375 0.011979 0.007750
0 0.503646 0.476375 0.014583 0.006750
0 0.500000 0.481000 0.016667 0.004000
0 0.501563 0.483750 0.011458 0.003000
0 0.534896 0.470000 0.014583 0.003000
0 0.535677 0.467375 0.014063 0.002250
0 0.555729 0.453750 0.013542 0.008500
0 0.628906 0.463000 0.017188 0.010500
0 0.644271 0.451250 0.015625 0.007500
0 0.669271 0.454750 0.017708 0.006500
0 0.690365 0.407000 0.017188 0.006500
0 0.715625 0.392500 0.014583 0.008500
0 0.664583 0.399250 0.011458 0.008000
0 0.661458 0.397625 0.011458 0.005750
0 0.741146 0.370750 0.016667 0.008000
0 0.755208 0.348500 0.015625 0.008500
0 0.798177 0.358375 0.013021 0.007750
0 0.808333 0.364625 0.011458 0.008750
0 0.802865 0.363125 0.008854 0.005250
0 0.841927 0.363500 0.021354 0.006500
0 0.842187 0.344125 0.015625 0.008750
0 0.829167 0.341875 0.014583 0.007750
0 0.832812 0.336250 0.014583 0.008000
0 0.836719 0.321125 0.018229 0.008750
0 0.817708 0.288125 0.017708 0.008750
0 0.876563 0.292000 0.023958 0.008000
0 0.952865 0.302750 0.013021 0.010000
0 0.942969 0.291250 0.018229 0.009500
0 0.927083 0.270000 0.022917 0.007000
0 0.905469 0.226125 0.010937 0.006750
0 0.900260 0.225125 0.014063 0.009750
0 0.906771 0.446375 0.013542 0.005250
0 0.904427 0.443875 0.013021 0.006750
0 0.747135 0.440500 0.011979 0.007000
0 0.713802 0.454375 0.019271 0.004250
0 0.825521 0.465750 0.013542 0.006500
0 0.811719 0.468375 0.015104 0.006250
0 0.852604 0.471500 0.011458 0.007000
0 0.864062 0.469875 0.013542 0.007250
0 0.857552 0.465375 0.019271 0.006250
0 0.755729 0.492125 0.015625 0.008250
0 0.716146 0.491250 0.014583 0.005500
0 0.710156 0.499250 0.013021 0.006000
0 0.695833 0.501250 0.013542 0.006500
0 0.598698 0.506375 0.016146 0.004750
0 0.569271 0.512750 0.016667 0.004500
0 0.542708 0.554375 0.012500 0.007250
0 0.581250 0.524750 0.009375 0.005500
0 0.692187 0.546625 0.016667 0.004750
0 0.677083 0.534125 0.012500 0.006250
0 0.787760 0.536750 0.019271 0.004000
0 0.802083 0.534000 0.015625 0.004000
0 0.818229 0.528625 0.015625 0.004750
0 0.809896 0.522875 0.011458 0.006750
0 0.846354 0.526750 0.014583 0.004500
0 0.894531 0.525000 0.018229 0.004500
0 0.900521 0.534250 0.018750 0.006500
0 0.915104 0.542625 0.018750 0.004750
0 0.931510 0.534500 0.013021 0.005000
0 0.926562 0.533250 0.010417 0.005000
0 0.959375 0.540125 0.017708 0.003750
0 0.965104 0.543125 0.018750 0.003750
0 0.930469 0.565875 0.018229 0.008250
0 0.915365 0.568250 0.015104 0.011500
0 0.877604 0.563000 0.013542 0.009000
0 0.894792 0.557375 0.018750 0.004750
0 0.794010 0.589500 0.019271 0.007000
0 0.753385 0.575250 0.020313 0.005500
0 0.638542 0.589375 0.012500 0.009250
0 0.098177 0.046750 0.018229 0.006000
