0 0.805625 0.605208 0.005750 0.015625
0 0.739500 0.606771 0.006500 0.014583
0 0.722500 0.630208 0.004000 0.016667
0 0.723000 0.679427 0.004500 0.016146
0 0.699875 0.596615 0.008250 0.013021
0 0.683500 0.644792 0.006500 0.015625
0 0.711125 0.620833 0.005250 0.014583
0 0.734375 0.638021 0.005750 0.008333
0 0.736250 0.649479 0.006500 0.009375
0 0.770375 0.653385 0.005750 0.007812
0 0.775375 0.660937 0.006250 0.008333
0 0.771750 0.668229 0.007000 0.010417
0 0.617875 0.601302 0.006250 0.009896
0 0.630000 0.607292 0.007000 0.006250
0 0.636875 0.609896 0.005250 0.006250
0 0.651625 0.613021 0.006750 0.010417
0 0.660625 0.614323 0.007750 0.008854
0 0.664625 0.622656 0.004250 0.014063
0 0.385625 0.475000 0.007750 0.014583
0 0.363875 0.356510 0.007750 0.008854
0 0.335125 0.416406 0.007750 0.011979
0 0.328000 0.574740 0.007000 0.014063
0 0.359000 0.411719 0.007000 0.013021
0 0.360250 0.429167 0.006500 0.012500
0 0.454750 0.307552 0.006500 0.015104
0 0.536500 0.274219 0.007000 0.011979
0 0.586125 0.415104 0.005750 0.015625
0 0.516375 0.377865 0.005750 0.010937
0 0.512375 0.380208 0.003250 0.014583
0 0.560500 0.060677 0.005500 0.020313
0 0.575375 0.028646 0.008750 0.022917
0 0.447250 0.089844 0.006000 0.011979
0 0.436875 0.194792 0.009750 0.018750
0 0.571250 0.589844 0.007500 0.006771
0 0.585375 0.618490 0.008250 0.010937
0 0.434625 0.643750 0.006250 0.011458
0 0.378625 0.740885 0.008750 0.014063
0 0.354125 0.844792 0.006250 0.011458
0 0.337375 0.799740 0.005750 0.009896
0 0.345375 0.803646 0.005750 0.016667
0 0.368125 0.766146 0.008750 0.016667
0 0.354625 0.822917 0.009250 0.015625
0 0.297750 0.565885 0.007500 0.009896
0 0.212750 0.592448 0.007500 0.014063
0 0.012125 0.449479 0.007750 0.009375
0 0.020625 0.532031 0.006750 0.013021
0 0.053000 0.526823 0.008000 0.018229
0 0.139375 0.529427 0.005750 0.010937
0 0.147000 0.530469 0.008500 0.016146
0 0.635500 0.308854 0.016500 0.013542
0 0.721250 0.156250 0.012000 0.026042
0 0.250875 0.249479 0.008250 0.020833
0 0.324125 0.239583 0.008250 0.026042
0 0.213125 0.093229 0.013750 0.018750
0 0.214875 0.128646 0.007750 0.019792
0 0.233000 0.167708 0.009500 0.013542
0 0.246750 0.183594 0.013000 0.023438
0 0.308125 0.884635 0.005250 0.017188
