0 0.722375 0.666667 0.008250 0.014583
0 0.675375 0.660417 0.011750 0.012500
0 0.668250 0.652344 0.012000 0.016146
0 0.659250 0.639844 0.008500 0.010937
0 0.631000 0.653125 0.008500 0.019792
0 0.643500 0.690365 0.008500 0.014063
0 0.601125 0.677083 0.005750 0.013542
0 0.593875 0.704167 0.005750 0.010417
0 0.619000 0.673698 0.004500 0.014063
0 0.626625 0.696354 0.006750 0.016667
0 0.633750 0.698438 0.003500 0.009375
0 0.633500 0.715625 0.005500 0.008333
0 0.628125 0.733073 0.007250 0.009896
0 0.590250 0.723958 0.004500 0.009375
0 0.587125 0.711458 0.005750 0.009375
0 0.621500 0.050260 0.006500 0.015104
0 0.646250 0.108594 0.009500 0.015104
0 0.594375 0.195312 0.008250 0.019792
0 0.581625 0.096094 0.011250 0.022396
0 0.462625 0.400000 0.007750 0.021875
0 0.456625 0.344792 0.007750 0.018750
0 0.397875 0.381510 0.006750 0.013021
0 0.419000 0.450260 0.012500 0.016146
0 0.438125 0.476823 0.011250 0.015104
0 0.442500 0.520312 0.015500 0.017708
0 0.439625 0.414844 0.007250 0.027604
0 0.413500 0.330469 0.013000 0.022396
0 0.416375 0.303125 0.008250 0.019792
0 0.433750 0.284896 0.009500 0.019792
0 0.423625 0.209896 0.006750 0.010417
0 0.397125 0.251823 0.007750 0.016146
0 0.381250 0.217708 0.009500 0.017708
0 0.365000 0.213542 0.012500 0.018750
0 0.230000 0.373958 0.009500 0.017708
0 0.257750 0.332552 0.010000 0.023438
0 0.259625 0.427344 0.010250 0.027604
0 0.284250 0.504687 0.006000 0.018750
0 0.292875 0.507812 0.004250 0.019792
0 0.307500 0.514062 0.008500 0.019792
0 0.295000 0.442188 0.010500 0.017708
0 0.304875 0.406771 0.007750 0.008333
0 0.311375 0.396354 0.006750 0.017708
0 0.316500 0.372917 0.009500 0.019792
0 0.306625 0.315104 0.011250 0.018750
0 0.339500 0.435417 0.007000 0.011458
0 0.321500 0.433333 0.005500 0.009375
0 0.318125 0.457292 0.013250 0.011458
0 0.326750 0.495052 0.010500 0.018229
0 0.348500 0.488021 0.009000 0.009375
0 0.353000 0.497656 0.005000 0.015104
0 0.368500 0.511458 0.006000 0.014583
0 0.367625 0.528646 0.007750 0.013542
0 0.381125 0.576562 0.011250 0.019792
0 0.325625 0.563542 0.007250 0.015625
0 0.332000 0.553906 0.005500 0.020313
0 0.352000 0.576562 0.007500 0.011458
0 0.379000 0.639062 0.004500 0.017708
0 0.345625 0.634115 0.007250 0.019271
0 0.414125 0.611458 0.007750 0.010417
0 0.411375 0.626563 0.007250 0.012500
0 0.415875 0.675260 0.008750 0.013021
0 0.405625 0.679688 0.009250 0.012500
0 0.335625 0.763542 0.007250 0.014583
0 0.302125 0.819792 0.005750 0.019792
0 0.267125 0.840104 0.007250 0.012500
0 0.265125 0.888021 0.009750 0.012500
0 0.270750 0.906771 0.008000 0.016667
0 0.313625 0.835677 0.009250 0.010937
0 0.339375 0.839583 0.007250 0.010417
0 0.366750 0.874219 0.010500 0.015104
0 0.379250 0.889062 0.008000 0.018750
0 0.376000 0.801302 0.008000 0.013021
0 0.393500 0.808073 0.006000 0.013021
0 0.399000 0.787500 0.008000 0.011458
0 0.398750 0.798177 0.007000 0.010937
0 0.436500 0.801302 0.008000 0.010937
0 0.439625 0.738802 0.007250 0.011979
0 0.330375 0.039844 0.006250 0.013021
0 0.370750 0.006771 0.008000 0.013542
0 0.387750 0.051562 0.006500 0.015625
0 0.374500 0.060417 0.003500 0.015625
0 0.373750 0.086458 0.007500 0.014583
0 0.408375 0.081510 0.006750 0.016146
0 0.410000 0.100521 0.007000 0.012500
0 0.379500 0.145313 0.006500 0.012500
0 0.384000 0.159375 0.005500 0.012500
0 0.409000 0.126823 0.006500 0.019271
0 0.389125 0.134635 0.005250 0.015104
0 0.392000 0.134896 0.004000 0.016667
0 0.398250 0.134635 0.006000 0.023438
0 0.416250 0.154688 0.008000 0.013542
0 0.414375 0.163542 0.009250 0.012500
0 0.258750 0.270833 0.006000 0.011458
0 0.254875 0.300000 0.007250 0.012500
0 0.223875 0.282552 0.007250 0.011979
0 0.206375 0.317708 0.009250 0.013542
0 0.174375 0.372396 0.007250 0.013542
0 0.219625 0.238021 0.007250 0.016667
0 0.151500 0.259115 0.006000 0.018229
0 0.189375 0.212500 0.009250 0.012500
0 0.199750 0.186719 0.008000 0.015104
0 0.214500 0.185677 0.010000 0.016146
0 0.215500 0.144271 0.008000 0.012500
0 0.176750 0.146354 0.009500 0.013542
0 0.170375 0.108073 0.007250 0.015104
0 0.162000 0.129688 0.010000 0.015625
0 0.159250 0.149740 0.008500 0.009896
0 0.141875 0.091146 0.011750 0.013542
0 0.103125 0.122656 0.013250 0.019271
0 0.111875 0.170573 0.009750 0.010937
0 0.118500 0.229687 0.007500 0.016667
0 0.120125 0.052083 0.009250 0.017708
0 0.119500 0.069271 0.008000 0.018750
0 0.188875 0.874479 0.009750 0.017708
0 0.417875 0.275781 0.007750 0.013021
0 0.432500 0.237760 0.007000 0.016146
0 0.426875 0.244792 0.006750 0.011458
0 0.430625 0.210156 0.005250 0.013021
0 0.425250 0.203125 0.006000 0.011458
0 0.429500 0.422917 0.006000 0.015625
0 0.416625 0.409896 0.005250 0.016667
0 0.444375 0.345313 0.005750 0.010417
0 0.436375 0.323177 0.005250 0.017188
0 0.550375 0.297917 0.006750 0.009375
0 0.559000 0.683594 0.004000 0.013021
0 0.561625 0.676302 0.004250 0.011979
0 0.563500 0.494531 0.003500 0.015104
0 0.425250 0.310417 0.005500 0.015625
0 0.401625 0.389062 0.003250 0.014583
0 0.404125 0.388542 0.003750 0.016667
0 0.419375 0.464583 0.003750 0.015625
