0 0.315365 0.590750 0.006771 0.006500
0 0.302344 0.550250 0.011979 0.004500
0 0.249219 0.499250 0.006771 0.005500
0 0.305729 0.488000 0.011458 0.004000
0 0.288021 0.475125 0.014583 0.005250
0 0.184115 0.471625 0.015104 0.004750
0 0.220052 0.455625 0.010937 0.005750
0 0.187500 0.378000 0.010417 0.005500
0 0.439844 0.529375 0.011979 0.007750
0 0.580990 0.594750 0.009896 0.006500
0 0.616406 0.575000 0.008854 0.006000
0 0.617188 0.548000 0.009375 0.006500
0 0.613802 0.546625 0.006771 0.004250
0 0.664062 0.535625 0.009375 0.008250
0 0.705208 0.518250 0.011458 0.005500
0 0.655469 0.484750 0.009896 0.007000
0 0.718750 0.497375 0.005208 0.006750
0 0.724740 0.497750 0.006771 0.007500
0 0.896615 0.460875 0.016146 0.005750
0 0.895052 0.514875 0.011979 0.004250
0 0.827344 0.530000 0.014063 0.005500
0 0.826302 0.534375 0.014063 0.004250
0 0.738021 0.537000 0.015625 0.004000
0 0.748437 0.553875 0.013542 0.005750
0 0.551823 0.662000 0.013021 0.004000
0 0.752083 0.665000 0.015625 0.005000
0 0.810417 0.653000 0.009375 0.006000
0 0.821094 0.738000 0.014063 0.005500
0 0.887500 0.732375 0.016667 0.006750
0 0.916927 0.700625 0.014063 0.006250
0 0.087760 0.600750 0.009896 0.005500
0 0.057031 0.602750 0.008854 0.005500
0 0.025781 0.597250 0.013021 0.003500
0 0.015365 0.593875 0.015104 0.005250
0 0.586979 0.840375 0.012500 0.005750
0 0.448437 0.764125 0.008333 0.005750
0 0.518229 0.764125 0.009375 0.004750
