0 0.076125 0.956510 0.004750 0.013021
0 0.113250 0.995833 0.005000 0.007292
0 0.130250 0.947656 0.006500 0.009896
0 0.208750 0.857812 0.006500 0.007292
0 0.179750 0.888281 0.006500 0.006771
0 0.169250 0.901823 0.006000 0.010937
0 0.137250 0.864062 0.007500 0.010417
0 0.115500 0.905469 0.007000 0.009896
0 0.313750 0.664844 0.004500 0.011979
0 0.305250 0.657292 0.006000 0.010417
0 0.250375 0.611979 0.004750 0.015625
0 0.239875 0.626823 0.006750 0.007812
0 0.227875 0.585938 0.004750 0.008333
0 0.224500 0.589844 0.006000 0.011979
0 0.221000 0.607031 0.005500 0.009896
0 0.228250 0.614583 0.004500 0.008333
0 0.226500 0.608854 0.005000 0.010417
0 0.152250 0.556510 0.005500 0.005729
0 0.152625 0.552604 0.005750 0.005208
0 0.149875 0.535937 0.006750 0.006250
0 0.148875 0.530729 0.006250 0.006250
0 0.135875 0.522656 0.004750 0.011979
0 0.179625 0.514583 0.005250 0.008333
0 0.115500 0.552344 0.004500 0.014063
0 0.095625 0.532292 0.003750 0.011458
0 0.078625 0.532292 0.006250 0.006250
0 0.079375 0.537500 0.004750 0.008333
0 0.052375 0.471354 0.006750 0.008333
0 0.022500 0.473177 0.004500 0.009896
0 0.019500 0.481771 0.005000 0.010417
0 0.081250 0.523958 0.006500 0.005208
0 0.081875 0.520573 0.006250 0.006771
0 0.139250 0.591406 0.004500 0.014063
0 0.213125 0.644792 0.004750 0.009375
0 0.223875 0.645052 0.003250 0.009896
0 0.187875 0.613281 0.004250 0.009896
0 0.379125 0.645312 0.003250 0.010417
0 0.361750 0.628646 0.004000 0.010417
0 0.334875 0.528385 0.003750 0.013021
0 0.288375 0.423437 0.003750 0.009375
0 0.285625 0.425260 0.003250 0.013021
0 0.282375 0.404167 0.004250 0.011458
0 0.261750 0.357552 0.003500 0.010937
0 0.263750 0.347917 0.003500 0.011458
0 0.259625 0.335677 0.005750 0.008854
0 0.254125 0.342708 0.003250 0.012500
0 0.239375 0.320833 0.004750 0.012500
0 0.229250 0.262760 0.002500 0.010937
0 0.231375 0.262500 0.002750 0.012500
0 0.224875 0.257552 0.001750 0.010937
0 0.222750 0.257292 0.002500 0.013542
0 0.210500 0.216406 0.003500 0.009896
0 0.209125 0.209635 0.002750 0.013021
0 0.207125 0.215365 0.003750 0.011979
0 0.186250 0.172135 0.004000 0.015104
0 0.161500 0.156510 0.004000 0.011979
0 0.167000 0.114323 0.005500 0.013021
0 0.161750 0.118229 0.004500 0.009375
0 0.106875 0.020313 0.004250 0.010417
0 0.106125 0.007292 0.003750 0.012500
0 0.120625 0.016146 0.003750 0.011458
0 0.126875 0.006771 0.002750 0.013542
0 0.131875 0.013281 0.004750 0.009896
0 0.132000 0.004948 0.004000 0.008854
0 0.150375 0.034896 0.006250 0.008333
0 0.151500 0.032552 0.005000 0.009896
0 0.232500 0.194531 0.007000 0.011979
0 0.235250 0.219010 0.007000 0.009896
0 0.244250 0.256250 0.007500 0.013542
0 0.250000 0.281771 0.004500 0.013542
0 0.284875 0.342448 0.004250 0.008854
0 0.286375 0.340365 0.004750 0.009896
0 0.290875 0.338021 0.006250 0.010417
0 0.298125 0.392188 0.004750 0.012500
0 0.316250 0.391406 0.005500 0.007812
0 0.318000 0.385677 0.006000 0.008854
0 0.319625 0.378906 0.004250 0.011979
0 0.337250 0.475781 0.003500 0.013021
0 0.334250 0.475521 0.002500 0.012500
0 0.362250 0.539844 0.005500 0.006771
0 0.360750 0.555208 0.003500 0.006250
0 0.359625 0.551823 0.005750 0.007812
0 0.444000 0.552865 0.005000 0.007812
0 0.449875 0.515885 0.003750 0.009896
0 0.446750 0.453646 0.003500 0.015625
0 0.441000 0.444792 0.003500 0.013542
0 0.436875 0.457552 0.004750 0.013021
0 0.446375 0.397135 0.004250 0.009896
0 0.448625 0.391146 0.005250 0.011458
0 0.455500 0.385937 0.007000 0.007292
0 0.456875 0.375000 0.004250 0.012500
0 0.458250 0.358594 0.003000 0.010937
0 0.455750 0.350781 0.004000 0.010937
0 0.466625 0.265625 0.004750 0.012500
0 0.480250 0.243490 0.005500 0.008854
0 0.467375 0.233333 0.003250 0.012500
0 0.465500 0.232031 0.003000 0.009896
0 0.485000 0.216667 0.004000 0.010417
0 0.490375 0.189583 0.003750 0.014583
0 0.481875 0.219271 0.003250 0.012500
0 0.479250 0.215625 0.004000 0.008333
0 0.506625 0.087240 0.004750 0.011979
0 0.488750 0.084896 0.004000 0.016667
0 0.516875 0.038802 0.004250 0.013021
0 0.516875 0.027344 0.003750 0.009896
0 0.518625 0.006771 0.003750 0.009375
0 0.516875 0.005729 0.003750 0.011458
0 0.488250 0.237240 0.004000 0.010937
0 0.492875 0.255469 0.003750 0.010937
0 0.487875 0.260937 0.004250 0.008333
0 0.483625 0.264844 0.002750 0.010937
0 0.477500 0.332813 0.004500 0.009375
0 0.487875 0.320833 0.004250 0.008333
0 0.474750 0.363802 0.004500 0.013021
0 0.472250 0.400260 0.003000 0.013021
0 0.468875 0.400260 0.003250 0.011979
0 0.485750 0.633854 0.004500 0.009375
0 0.520000 0.582552 0.004500 0.009896
0 0.547375 0.546094 0.003250 0.011979
0 0.559250 0.484375 0.006000 0.008333
0 0.577625 0.499740 0.004250 0.007812
0 0.584000 0.492448 0.003000 0.007812
0 0.589125 0.501302 0.002750 0.007812
0 0.591500 0.494271 0.003500 0.010417
0 0.588250 0.495573 0.003000 0.008854
0 0.605875 0.464062 0.004250 0.009375
0 0.602625 0.464062 0.003250 0.011458
0 0.597000 0.453906 0.006000 0.006771
0 0.597750 0.443490 0.004500 0.007812
0 0.601250 0.448177 0.005000 0.006771
0 0.598000 0.418750 0.003500 0.011458
0 0.614375 0.375521 0.005750 0.011458
0 0.620500 0.360156 0.004500 0.009896
0 0.637625 0.394531 0.005750 0.008854
0 0.654500 0.373698 0.005500 0.005729
0 0.653500 0.368229 0.005000 0.005208
0 0.657625 0.348177 0.004250 0.009896
0 0.662125 0.350781 0.003250 0.010937
0 0.682250 0.347656 0.004500 0.008854
0 0.698125 0.323437 0.004250 0.008333
0 0.700625 0.321875 0.001750 0.011458
0 0.702625 0.322656 0.002250 0.007812
0 0.722875 0.286979 0.002750 0.011458
0 0.727750 0.280729 0.003000 0.012500
0 0.739625 0.278646 0.003750 0.013542
0 0.711250 0.289844 0.005500 0.006771
0 0.717125 0.279948 0.002250 0.011979
0 0.715000 0.279687 0.002000 0.009375
0 0.759125 0.167187 0.004250 0.009375
0 0.770500 0.165365 0.003000 0.008854
0 0.768625 0.164323 0.002750 0.009896
0 0.643875 0.411198 0.003250 0.008854
0 0.640375 0.409375 0.004250 0.007292
0 0.641500 0.416667 0.004500 0.007292
0 0.640375 0.422135 0.005250 0.006771
0 0.619000 0.438802 0.005000 0.010937
0 0.632875 0.450521 0.002750 0.007292
0 0.631000 0.448958 0.003500 0.010417
0 0.531000 0.710938 0.006000 0.011458
0 0.562125 0.715104 0.002750 0.012500
0 0.576250 0.711719 0.006000 0.010937
0 0.589125 0.711719 0.004750 0.011979
0 0.598000 0.732031 0.005500 0.008854
0 0.596875 0.741406 0.005750 0.008854
0 0.604875 0.747396 0.005250 0.009375
0 0.608250 0.723437 0.003500 0.014583
0 0.626250 0.711458 0.007000 0.010417
0 0.632375 0.704948 0.004750 0.013021
0 0.737750 0.704167 0.006000 0.010417
0 0.721250 0.716146 0.004500 0.013542
0 0.749250 0.704948 0.007000 0.008854
0 0.749000 0.717448 0.004500 0.011979
0 0.797250 0.711198 0.004500 0.007812
0 0.796250 0.708854 0.005000 0.008333
0 0.820875 0.700260 0.007250 0.008854
0 0.862625 0.712500 0.004750 0.008333
0 0.867250 0.705990 0.004500 0.007812
0 0.865500 0.704427 0.004500 0.009896
0 0.822750 0.658333 0.006000 0.007292
0 0.820875 0.675781 0.004250 0.007812
0 0.805125 0.664323 0.005250 0.006771
0 0.788375 0.669010 0.006250 0.007812
0 0.770375 0.673177 0.006250 0.008854
0 0.740000 0.686719 0.005000 0.007812
0 0.707250 0.680208 0.003500 0.008333
0 0.642125 0.673958 0.003250 0.008333
0 0.638750 0.672917 0.004000 0.007292
0 0.610000 0.689844 0.006000 0.005729
0 0.598875 0.687240 0.005250 0.007812
0 0.595750 0.673698 0.005000 0.008854
0 0.587250 0.681510 0.004500 0.007812
0 0.615125 0.682292 0.004250 0.006250
0 0.611000 0.681250 0.004000 0.006250
0 0.617125 0.685417 0.003750 0.007292
0 0.564125 0.686979 0.003750 0.007292
0 0.556625 0.688281 0.007250 0.007812
0 0.546625 0.898177 0.003750 0.013021
0 0.539875 0.905990 0.007250 0.009896
0 0.559750 0.976042 0.004000 0.007292
