0 0.182552 0.642000 0.009896 0.004000
0 0.288021 0.619000 0.010417 0.003000
0 0.249219 0.578625 0.005729 0.003750
0 0.246615 0.577625 0.007812 0.004750
0 0.101823 0.472750 0.009896 0.004500
0 0.100781 0.471125 0.007812 0.003250
0 0.352344 0.546125 0.007812 0.004250
0 0.341927 0.454500 0.011979 0.003500
0 0.343490 0.452625 0.009896 0.002750
0 0.339844 0.444375 0.011979 0.003250
0 0.349479 0.369500 0.014583 0.005000
0 0.298438 0.342625 0.011458 0.004750
0 0.300521 0.341000 0.009375 0.004000
0 0.166667 0.342000 0.011458 0.006000
0 0.162500 0.329125 0.011458 0.004250
0 0.006771 0.146500 0.007292 0.006000
0 0.016927 0.131000 0.009896 0.005500
0 0.009635 0.127875 0.005729 0.005750
0 0.038542 0.136750 0.007292 0.005500
0 0.060156 0.150125 0.006771 0.003250
0 0.058333 0.148000 0.006250 0.003500
0 0.033854 0.157875 0.006250 0.005750
0 0.030729 0.157250 0.006250 0.005000
0 0.146875 0.267250 0.009375 0.005000
0 0.409115 0.648875 0.008854 0.005250
0 0.485417 0.546250 0.010417 0.004000
0 0.483594 0.544625 0.006771 0.003250
0 0.498958 0.534500 0.010417 0.005000
0 0.533333 0.491750 0.004167 0.005500
0 0.537760 0.491000 0.007812 0.007000
0 0.568750 0.429500 0.010417 0.002000
0 0.567708 0.427625 0.011458 0.001750
0 0.567708 0.425875 0.009375 0.002250
0 0.623698 0.384875 0.011979 0.004750
0 0.642708 0.317375 0.014583 0.006250
0 0.641667 0.310500 0.009375 0.006500
0 0.939323 0.431875 0.015104 0.006750
0 0.687760 0.592375 0.013021 0.006250
0 0.660677 0.594125 0.013021 0.004750
0 0.660677 0.592375 0.009896 0.003250
0 0.566146 0.276375 0.011458 0.008250
