0 0.127344 0.456375 0.030729 0.015250
0 0.048177 0.499750 0.023438 0.010000
0 0.286458 0.481875 0.017708 0.009750
0 0.288281 0.470750 0.019271 0.011500
0 0.233854 0.535625 0.021875 0.014250
0 0.234896 0.535875 0.016667 0.008250
0 0.531771 0.417625 0.028125 0.009750
0 0.603906 0.394125 0.021354 0.010250
0 0.816927 0.276750 0.019271 0.012500
0 0.581771 0.424375 0.013542 0.009250
0 0.518229 0.453750 0.012500 0.012500
0 0.434896 0.495500 0.013542 0.013000
0 0.447917 0.488250 0.014583 0.012000
0 0.504948 0.553875 0.031771 0.016750
0 0.505990 0.555500 0.018229 0.011500
0 0.543490 0.549750 0.024479 0.012000
0 0.542969 0.550375 0.017188 0.009750
0 0.806510 0.523375 0.019271 0.009250
0 0.908594 0.522625 0.017188 0.009750
0 0.447917 0.592625 0.023958 0.010750
0 0.441146 0.588875 0.023958 0.011750
0 0.568490 0.597375 0.029687 0.014750
0 0.572917 0.596250 0.015625 0.013500
0 0.607812 0.603250 0.013542 0.010500
0 0.638021 0.591250 0.023958 0.012500
0 0.403125 0.625500 0.022917 0.012500
0 0.176042 0.802750 0.016667 0.008000
0 0.213542 0.841000 0.026042 0.011000
0 0.220833 0.909000 0.022917 0.008500
0 0.352344 0.951125 0.033854 0.013750
0 0.034115 0.841875 0.018229 0.010250
