0 0.596750 0.801823 0.004000 0.010937
0 0.615875 0.820573 0.005750 0.008854
0 0.580000 0.873177 0.003000 0.010937
0 0.574250 0.880208 0.003000 0.012500
0 0.571625 0.871875 0.003750 0.008333
0 0.560125 0.750521 0.004250 0.011458
0 0.550125 0.789323 0.002750 0.008854
0 0.547750 0.785156 0.005000 0.006771
0 0.541250 0.804688 0.004500 0.011458
0 0.527375 0.837240 0.005750 0.007812
0 0.517875 0.817969 0.004250 0.008854
0 0.517125 0.814323 0.003750 0.005729
0 0.525125 0.862760 0.004250 0.013021
0 0.522125 0.901042 0.004750 0.008333
0 0.514625 0.900260 0.004750 0.008854
0 0.487250 0.932292 0.005000 0.007292
0 0.479250 0.934115 0.004000 0.010937
0 0.487375 0.957552 0.004750 0.008854
0 0.526375 0.642448 0.003250 0.007812
0 0.524625 0.642708 0.003250 0.007292
0 0.502250 0.676042 0.005000 0.007292
0 0.500625 0.661198 0.005250 0.007812
0 0.496500 0.660417 0.005000 0.009375
0 0.480000 0.666146 0.003000 0.008333
0 0.484375 0.671354 0.004250 0.008333
0 0.483875 0.669010 0.004250 0.005729
0 0.461375 0.678906 0.005250 0.003646
0 0.461250 0.675521 0.006000 0.004167
0 0.461500 0.716667 0.006500 0.007292
0 0.464875 0.723437 0.005250 0.009375
0 0.452375 0.712500 0.006250 0.008333
0 0.427625 0.676302 0.006750 0.007812
0 0.432625 0.700000 0.006250 0.009375
0 0.423125 0.725781 0.006750 0.007812
0 0.425750 0.735677 0.005500 0.007812
0 0.420625 0.733594 0.005250 0.007812
0 0.400875 0.716146 0.006250 0.012500
0 0.394750 0.734115 0.003500 0.015104
0 0.401750 0.755990 0.004500 0.005729
0 0.401500 0.753385 0.005500 0.005729
0 0.382375 0.748698 0.004750 0.005729
0 0.382500 0.745052 0.005500 0.004687
0 0.355375 0.705469 0.006250 0.010937
0 0.518375 0.530208 0.006250 0.006250
0 0.483750 0.545052 0.004000 0.010937
0 0.480125 0.535677 0.006250 0.005729
0 0.479000 0.529167 0.003000 0.008333
0 0.474375 0.520833 0.005750 0.007292
0 0.473625 0.506771 0.005250 0.009375
0 0.464875 0.518229 0.004750 0.010417
0 0.461875 0.522917 0.004250 0.008333
0 0.460625 0.531771 0.005250 0.009375
0 0.450125 0.489844 0.004250 0.008854
0 0.451250 0.481771 0.003000 0.006250
0 0.451125 0.512500 0.004750 0.005208
0 0.450875 0.517708 0.005750 0.005208
0 0.438625 0.483333 0.004250 0.007292
0 0.399750 0.491927 0.006000 0.007812
0 0.374750 0.482552 0.005000 0.009896
0 0.363500 0.496875 0.004000 0.013542
0 0.364250 0.476302 0.005500 0.006771
0 0.373125 0.468750 0.004750 0.007292
0 0.372625 0.466146 0.004250 0.006250
0 0.377625 0.420573 0.005750 0.006771
0 0.384500 0.430729 0.004500 0.009375
0 0.382375 0.407812 0.003750 0.009375
0 0.374750 0.405990 0.005500 0.006771
0 0.370125 0.402083 0.005750 0.005208
0 0.370250 0.408594 0.004000 0.008854
0 0.569500 0.486458 0.005500 0.007292
0 0.532625 0.436458 0.005250 0.009375
0 0.517250 0.434635 0.006000 0.009896
0 0.499750 0.429427 0.005000 0.011979
0 0.481375 0.388021 0.003250 0.012500
0 0.483375 0.402083 0.002250 0.011458
0 0.484875 0.402083 0.001750 0.008333
0 0.499000 0.352083 0.004500 0.007292
0 0.464000 0.381771 0.005500 0.008333
0 0.465750 0.367969 0.004500 0.007812
0 0.462125 0.368750 0.004250 0.009375
0 0.452500 0.322917 0.004500 0.008333
0 0.453500 0.345313 0.005000 0.006250
0 0.457875 0.353646 0.005250 0.007292
0 0.455500 0.358073 0.005000 0.005729
0 0.451875 0.355729 0.004250 0.009375
0 0.448625 0.352604 0.004750 0.007292
0 0.443625 0.352865 0.005250 0.005729
0 0.440500 0.369010 0.006000 0.007812
0 0.446125 0.347396 0.005750 0.005208
0 0.444875 0.341406 0.004250 0.007812
0 0.448250 0.338802 0.004500 0.009896
0 0.421500 0.312500 0.004500 0.011458
0 0.420125 0.323958 0.004250 0.008333
0 0.416375 0.325260 0.003750 0.007812
0 0.416875 0.320312 0.003750 0.007292
0 0.414500 0.319271 0.004500 0.008333
0 0.413625 0.315365 0.004250 0.005729
0 0.415375 0.256250 0.006250 0.007292
0 0.547875 0.398177 0.003750 0.010937
0 0.522500 0.360156 0.004000 0.010937
0 0.517875 0.356250 0.004250 0.008333
0 0.526125 0.336979 0.004750 0.010417
0 0.613375 0.280208 0.004750 0.009375
0 0.613375 0.301563 0.005250 0.005208
0 0.680625 0.220833 0.003250 0.010417
0 0.711375 0.217448 0.004250 0.008854
