0 0.350375 0.778385 0.004750 0.011979
0 0.337125 0.754948 0.007250 0.006771
0 0.331125 0.779948 0.005750 0.010937
0 0.319500 0.763021 0.006000 0.010417
0 0.314000 0.757031 0.006000 0.011979
0 0.278875 0.727865 0.006250 0.014063
0 0.307250 0.713021 0.004500 0.011458
0 0.301250 0.705208 0.004000 0.009375
0 0.305875 0.703646 0.006250 0.011458
0 0.257500 0.680990 0.005000 0.013021
0 0.276750 0.654948 0.004000 0.010937
0 0.244500 0.594271 0.006500 0.011458
0 0.256500 0.590104 0.006500 0.008333
0 0.193875 0.601823 0.008250 0.013021
0 0.174625 0.519792 0.009250 0.015625
0 0.114000 0.508854 0.009000 0.013542
0 0.127750 0.521615 0.006500 0.013021
0 0.398500 0.580208 0.005500 0.009375
0 0.380500 0.574479 0.005500 0.011458
0 0.379125 0.561458 0.006750 0.010417
0 0.389750 0.561458 0.004500 0.010417
0 0.393125 0.555208 0.004250 0.011458
0 0.403125 0.551562 0.003750 0.012500
0 0.365875 0.535677 0.006250 0.011979
0 0.383500 0.525260 0.004500 0.009896
0 0.390000 0.525260 0.004500 0.011979
0 0.370125 0.495052 0.006750 0.009896
0 0.377375 0.483594 0.005250 0.011979
0 0.376125 0.471354 0.004750 0.013542
0 0.345000 0.417708 0.005500 0.014583
0 0.361875 0.405208 0.005250 0.012500
0 0.365625 0.425000 0.003750 0.011458
0 0.368125 0.421875 0.004250 0.008333
0 0.367125 0.412760 0.005250 0.010937
0 0.333250 0.345833 0.005500 0.012500
0 0.343375 0.328646 0.003750 0.014583
0 0.353125 0.341667 0.004250 0.014583
0 0.367250 0.353385 0.004500 0.011979
0 0.319000 0.297656 0.006500 0.014063
0 0.343250 0.277865 0.005000 0.011979
0 0.290000 0.225260 0.006000 0.009896
0 0.281000 0.173698 0.005500 0.011979
0 0.274500 0.164323 0.005000 0.015104
0 0.309875 0.196094 0.005750 0.014063
0 0.308375 0.160156 0.005250 0.013021
0 0.307125 0.178385 0.004750 0.007812
0 0.310000 0.174219 0.006000 0.015104
0 0.325000 0.190365 0.005000 0.013021
0 0.328500 0.159635 0.005500 0.013021
0 0.336625 0.215104 0.004250 0.011458
0 0.328500 0.101042 0.005500 0.012500
0 0.319750 0.123958 0.003000 0.012500
0 0.316750 0.120052 0.004000 0.013021
0 0.280375 0.078125 0.004250 0.010417
0 0.279750 0.066667 0.006000 0.013542
0 0.298750 0.069792 0.005500 0.012500
0 0.298875 0.058854 0.004750 0.013542
0 0.458625 0.048958 0.003250 0.014583
0 0.468375 0.067448 0.005250 0.016146
0 0.468375 0.082812 0.004250 0.014583
0 0.477125 0.021615 0.006750 0.011979
0 0.486625 0.037240 0.006750 0.010937
0 0.501750 0.039583 0.006500 0.012500
0 0.515875 0.057031 0.004750 0.015104
0 0.536625 0.027604 0.005750 0.013542
0 0.529125 0.033073 0.004750 0.015104
0 0.536000 0.106771 0.004500 0.010417
0 0.517000 0.227083 0.005000 0.014583
0 0.497625 0.188281 0.005250 0.011979
0 0.496500 0.160417 0.003500 0.013542
0 0.500000 0.162240 0.005500 0.011979
0 0.514500 0.176563 0.005000 0.008333
0 0.509875 0.186458 0.004750 0.012500
0 0.457375 0.373958 0.007250 0.016667
0 0.453625 0.406510 0.005750 0.008854
0 0.477875 0.323698 0.004250 0.011979
0 0.500500 0.318490 0.005500 0.011979
0 0.509875 0.318750 0.006250 0.014583
0 0.470375 0.546615 0.004250 0.015104
0 0.469875 0.577344 0.005750 0.010937
0 0.469375 0.608854 0.005750 0.010417
0 0.484750 0.602083 0.005000 0.009375
0 0.489125 0.584896 0.004250 0.011458
0 0.483500 0.720833 0.004500 0.014583
0 0.480875 0.761719 0.005250 0.008854
0 0.482750 0.773958 0.006000 0.011458
0 0.469875 0.811198 0.004250 0.016146
0 0.482000 0.877083 0.005000 0.009375
0 0.486875 0.889062 0.006250 0.012500
0 0.509625 0.853646 0.003750 0.014583
0 0.504750 0.900260 0.007000 0.009896
0 0.527625 0.752344 0.006250 0.010937
0 0.546625 0.658854 0.006750 0.010417
0 0.553375 0.705729 0.004750 0.013542
0 0.556875 0.599219 0.004750 0.013021
0 0.556750 0.578906 0.005500 0.007812
0 0.558875 0.585156 0.004250 0.006771
0 0.567750 0.580990 0.005500 0.013021
0 0.572750 0.565104 0.005500 0.008333
0 0.571500 0.593229 0.006500 0.009375
0 0.570375 0.600260 0.006750 0.007812
0 0.581375 0.581510 0.005750 0.014063
0 0.584500 0.522396 0.006000 0.010417
0 0.589125 0.484375 0.006250 0.011458
0 0.597375 0.494792 0.005750 0.012500
0 0.603625 0.507292 0.007750 0.009375
0 0.607875 0.499219 0.004250 0.008854
0 0.607375 0.544010 0.004250 0.014063
0 0.599250 0.565104 0.006000 0.010417
0 0.602375 0.456510 0.006250 0.008854
0 0.617500 0.461458 0.003500 0.013542
0 0.620875 0.438542 0.006250 0.008333
0 0.607000 0.432292 0.006000 0.010417
0 0.599750 0.422135 0.007000 0.009896
0 0.613000 0.408333 0.006500 0.009375
0 0.621875 0.363281 0.006250 0.009896
0 0.619375 0.413542 0.005750 0.011458
0 0.626000 0.410938 0.004500 0.012500
0 0.625500 0.429948 0.006500 0.010937
0 0.636000 0.410938 0.006500 0.011458
0 0.635750 0.437760 0.005500 0.014063
0 0.657125 0.429688 0.005250 0.009375
0 0.653375 0.420573 0.004250 0.010937
0 0.656250 0.415365 0.005000 0.008854
0 0.658500 0.367188 0.003500 0.015625
0 0.649875 0.345573 0.006750 0.009896
0 0.657875 0.324740 0.005750 0.009896
0 0.672125 0.297917 0.005750 0.011458
0 0.656000 0.298177 0.008500 0.013021
0 0.663750 0.271354 0.008500 0.008333
0 0.684375 0.327604 0.005250 0.013542
0 0.684000 0.417708 0.007000 0.013542
0 0.695875 0.304427 0.005750 0.013021
0 0.699750 0.266667 0.004500 0.013542
0 0.688750 0.227083 0.006500 0.013542
0 0.674250 0.218229 0.005500 0.012500
0 0.681125 0.195052 0.008250 0.011979
0 0.670250 0.166667 0.007000 0.010417
0 0.681500 0.160156 0.006000 0.013021
0 0.697750 0.170833 0.006000 0.017708
0 0.678750 0.135937 0.008500 0.010417
0 0.710875 0.167187 0.006750 0.011458
0 0.741000 0.138021 0.009500 0.017708
0 0.517875 0.883333 0.004250 0.014583
0 0.526875 0.877604 0.006250 0.008333
0 0.537500 0.864062 0.005000 0.011458
0 0.541875 0.862500 0.006250 0.011458
0 0.550000 0.854167 0.005000 0.010417
0 0.571875 0.835417 0.006250 0.009375
0 0.598250 0.834115 0.005000 0.011979
0 0.586750 0.810156 0.006000 0.006771
0 0.599125 0.808333 0.006750 0.008333
0 0.608375 0.798438 0.005750 0.010417
0 0.618500 0.810677 0.008000 0.014063
0 0.627375 0.796354 0.005250 0.014583
0 0.633875 0.799219 0.007750 0.016146
0 0.649000 0.735938 0.007000 0.008333
0 0.668625 0.742188 0.005750 0.007292
0 0.663250 0.730469 0.003500 0.010937
0 0.665875 0.724219 0.006250 0.009896
0 0.669500 0.735156 0.006000 0.007812
0 0.712875 0.718750 0.008250 0.010417
0 0.720250 0.775260 0.006500 0.009896
0 0.761375 0.630729 0.006250 0.012500
0 0.735375 0.664844 0.006750 0.008854
0 0.731750 0.672396 0.006500 0.009375
0 0.784875 0.653125 0.006250 0.007292
0 0.785875 0.644792 0.007750 0.010417
0 0.754250 0.594792 0.006000 0.008333
0 0.766875 0.603646 0.006250 0.009375
0 0.761250 0.597135 0.008000 0.011979
0 0.781625 0.594792 0.004250 0.012500
0 0.784625 0.584375 0.003250 0.012500
0 0.788250 0.580990 0.005000 0.010937
0 0.793625 0.547396 0.006250 0.011458
0 0.840875 0.560417 0.007750 0.008333
0 0.858125 0.515625 0.006250 0.015625
0 0.852250 0.491146 0.008000 0.014583
0 0.926875 0.455729 0.005750 0.011458
0 0.849125 0.133594 0.007250 0.009896
0 0.852375 0.182031 0.004750 0.009896
0 0.812250 0.085677 0.005000 0.010937
0 0.833875 0.053125 0.003750 0.012500
0 0.842500 0.047396 0.006000 0.011458
0 0.837000 0.040365 0.004000 0.013021
0 0.780125 0.310937 0.006250 0.009375
0 0.840250 0.419792 0.007000 0.010417
0 0.872250 0.402865 0.004000 0.010937
0 0.902500 0.362240 0.004500 0.010937
