0 0.192750 0.269792 0.004500 0.007292
0 0.289125 0.303125 0.005750 0.008333
0 0.298250 0.302604 0.004000 0.009375
0 0.359250 0.426042 0.003500 0.011458
0 0.417250 0.488542 0.004500 0.009375
0 0.426125 0.512240 0.005750 0.006771
0 0.422500 0.500000 0.003000 0.011458
0 0.341000 0.322135 0.004000 0.010937
0 0.368250 0.307552 0.004000 0.009896
0 0.364375 0.275521 0.005250 0.011458
0 0.358125 0.226302 0.003750 0.006771
0 0.353500 0.225781 0.005000 0.005729
0 0.353500 0.212500 0.004000 0.010417
0 0.347625 0.213281 0.003750 0.010937
0 0.348625 0.212500 0.003250 0.008333
0 0.354375 0.213802 0.002250 0.009896
0 0.341375 0.144010 0.005250 0.007812
0 0.429125 0.435417 0.005750 0.007292
0 0.443250 0.364844 0.004500 0.007812
0 0.441000 0.353906 0.003500 0.007812
0 0.444000 0.360156 0.001500 0.008854
0 0.445750 0.360938 0.002000 0.008333
0 0.472375 0.249740 0.004750 0.007812
0 0.461500 0.183073 0.003500 0.008854
0 0.489125 0.190625 0.001750 0.008333
0 0.487250 0.190885 0.002000 0.009896
0 0.502125 0.142969 0.004750 0.010937
0 0.477375 0.103385 0.005250 0.007812
0 0.569500 0.069010 0.004500 0.009896
0 0.531375 0.194271 0.001750 0.007292
0 0.533000 0.194792 0.002000 0.006250
0 0.538000 0.192188 0.003000 0.009375
0 0.545250 0.212240 0.003000 0.007812
0 0.538000 0.234115 0.004000 0.004687
0 0.543500 0.233854 0.003500 0.007292
0 0.529875 0.224219 0.004250 0.007812
0 0.519625 0.255729 0.003750 0.005208
0 0.528875 0.243229 0.002250 0.007292
0 0.527750 0.242448 0.002000 0.007812
0 0.526750 0.241667 0.002500 0.007292
0 0.527000 0.236458 0.004500 0.005208
0 0.535875 0.279948 0.003250 0.008854
0 0.523000 0.289323 0.003500 0.007812
0 0.511875 0.319531 0.003250 0.008854
0 0.511125 0.307552 0.002250 0.007812
0 0.510000 0.306771 0.002000 0.008333
0 0.510500 0.299740 0.003000 0.007812
0 0.498250 0.351302 0.005000 0.006771
0 0.488875 0.366406 0.003250 0.009896
0 0.486250 0.378906 0.004000 0.007812
0 0.478250 0.394271 0.003500 0.008333
0 0.471250 0.436979 0.003000 0.005208
0 0.470750 0.434896 0.003000 0.007292
0 0.462000 0.427865 0.002500 0.006771
0 0.464625 0.423177 0.003250 0.006771
0 0.465375 0.423698 0.001750 0.005729
0 0.465625 0.432031 0.001750 0.006771
0 0.464375 0.431510 0.001750 0.006771
0 0.462750 0.432552 0.001500 0.007812
0 0.450500 0.460938 0.003000 0.008333
0 0.439000 0.489844 0.002500 0.004687
0 0.440375 0.485417 0.002250 0.005208
0 0.483875 0.499479 0.003750 0.005208
0 0.495125 0.490625 0.002750 0.004167
0 0.499750 0.487240 0.004000 0.003646
0 0.503625 0.482292 0.004250 0.004167
0 0.505750 0.480469 0.003500 0.004687
0 0.496625 0.487240 0.002750 0.003646
0 0.549750 0.421875 0.004000 0.005208
0 0.549625 0.442969 0.004250 0.008854
0 0.575125 0.419271 0.004250 0.006250
0 0.572500 0.414323 0.003000 0.004687
0 0.573375 0.409375 0.002250 0.004167
0 0.571125 0.411979 0.002250 0.005208
0 0.569500 0.411979 0.002500 0.007292
0 0.677375 0.327083 0.004750 0.008333
0 0.491250 0.489844 0.003500 0.006771
0 0.492500 0.493490 0.003000 0.004687
0 0.490000 0.495052 0.002500 0.003646
0 0.460250 0.596875 0.003000 0.006250
0 0.459625 0.591927 0.002250 0.003646
0 0.463250 0.583854 0.004000 0.004167
0 0.464375 0.580208 0.004250 0.005208
0 0.468000 0.586979 0.003000 0.004167
0 0.471750 0.587240 0.003000 0.003646
0 0.474375 0.588542 0.002750 0.004167
0 0.499625 0.612760 0.004750 0.005729
0 0.508125 0.586458 0.002250 0.006250
0 0.504500 0.600781 0.003500 0.003646
0 0.504000 0.598177 0.003500 0.003646
0 0.512500 0.619271 0.004000 0.005208
0 0.516000 0.618229 0.002500 0.005208
0 0.520875 0.612500 0.003750 0.005208
0 0.521500 0.610156 0.003000 0.004687
0 0.536125 0.636198 0.003250 0.004687
0 0.536500 0.633594 0.004000 0.003646
0 0.537625 0.629948 0.003750 0.003646
0 0.537875 0.599219 0.003250 0.007812
0 0.533625 0.587760 0.002750 0.007812
0 0.568625 0.650000 0.004750 0.008333
0 0.449375 0.647656 0.005250 0.006771
0 0.460000 0.681510 0.003500 0.009896
0 0.464750 0.683333 0.003500 0.009375
0 0.484000 0.715885 0.003000 0.010937
0 0.482000 0.728385 0.002500 0.007812
0 0.484250 0.729688 0.002000 0.006250
0 0.490500 0.744271 0.004000 0.005208
0 0.492125 0.753125 0.003750 0.005208
0 0.500500 0.757292 0.003500 0.007292
0 0.471250 0.793229 0.003000 0.006250
