0 0.319531 0.661750 0.008854 0.004000
0 0.365885 0.641875 0.009896 0.003750
0 0.358594 0.642125 0.005729 0.004750
0 0.444792 0.592125 0.009375 0.003750
0 0.392188 0.581875 0.010417 0.003750
0 0.374219 0.571125 0.005729 0.005250
0 0.361979 0.574125 0.007292 0.005250
0 0.351823 0.564125 0.008854 0.004750
0 0.085938 0.539875 0.008333 0.002750
0 0.035156 0.505000 0.008854 0.004500
0 0.082031 0.510125 0.005729 0.004250
0 0.091927 0.512125 0.009896 0.002250
0 0.091406 0.509875 0.009896 0.002250
0 0.153906 0.516375 0.007812 0.003750
0 0.181510 0.508250 0.006771 0.003500
0 0.183333 0.507375 0.008333 0.003750
0 0.254948 0.538000 0.004687 0.004000
0 0.252604 0.538000 0.006250 0.005000
0 0.250260 0.537250 0.005729 0.004000
0 0.289583 0.530125 0.007292 0.006250
0 0.452344 0.539625 0.006771 0.004750
0 0.448437 0.539375 0.004167 0.004750
0 0.437240 0.529750 0.006771 0.004500
0 0.435677 0.528750 0.006771 0.003500
0 0.383854 0.496375 0.007292 0.002750
0 0.385417 0.495500 0.008333 0.003000
0 0.339323 0.456125 0.006771 0.002750
0 0.338021 0.458375 0.005208 0.003750
0 0.333594 0.457500 0.004687 0.004500
0 0.316927 0.454000 0.008854 0.003500
0 0.323958 0.448250 0.009375 0.004000
0 0.336198 0.440875 0.007812 0.004250
0 0.293490 0.449000 0.008854 0.003000
0 0.262760 0.451375 0.007812 0.005250
0 0.263802 0.431250 0.006771 0.003500
0 0.259635 0.432875 0.004687 0.004750
0 0.227344 0.413625 0.008854 0.003750
0 0.229687 0.390625 0.008333 0.003250
0 0.236979 0.411250 0.007292 0.001500
0 0.237500 0.409625 0.007292 0.001750
0 0.208594 0.428500 0.005729 0.004500
0 0.213021 0.435125 0.007292 0.004750
0 0.519792 0.428000 0.007292 0.004000
0 0.514323 0.419500 0.005729 0.004500
0 0.511458 0.419250 0.004167 0.004000
0 0.489844 0.337000 0.006771 0.004500
0 0.490885 0.334000 0.006771 0.002000
0 0.513802 0.262375 0.004687 0.004250
0 0.510938 0.261875 0.005208 0.003750
0 0.533594 0.237750 0.005729 0.003500
0 0.536458 0.237000 0.005208 0.004000
0 0.544792 0.303625 0.011458 0.003250
0 0.560677 0.335875 0.009896 0.004250
0 0.537760 0.412625 0.007812 0.002750
0 0.539062 0.410875 0.009375 0.003750
0 0.538021 0.523750 0.005208 0.005000
0 0.539062 0.533500 0.005208 0.004500
0 0.620313 0.560000 0.007292 0.004000
0 0.631510 0.528875 0.008854 0.003750
0 0.634635 0.524000 0.008854 0.004000
0 0.632812 0.522875 0.007292 0.002750
0 0.664844 0.495500 0.008854 0.004500
0 0.665365 0.486625 0.006771 0.002250
0 0.664583 0.485750 0.009375 0.002500
0 0.673958 0.461625 0.005208 0.004250
0 0.670573 0.459875 0.008854 0.003250
0 0.708333 0.452375 0.009375 0.003250
0 0.689323 0.407750 0.007812 0.004000
0 0.771094 0.372125 0.008854 0.003250
0 0.796094 0.336375 0.007812 0.005250
0 0.765365 0.420125 0.008854 0.004250
0 0.646354 0.580500 0.009375 0.003500
0 0.653906 0.576375 0.004687 0.004750
0 0.660677 0.574625 0.007812 0.003750
0 0.678385 0.566625 0.007812 0.003750
0 0.685156 0.565500 0.009896 0.002500
0 0.700000 0.549500 0.007292 0.004500
0 0.708854 0.544875 0.008333 0.004250
0 0.720573 0.552000 0.010937 0.002500
0 0.736458 0.547750 0.010417 0.002500
0 0.736979 0.545750 0.009375 0.002500
0 0.723177 0.539875 0.009896 0.002250
0 0.728385 0.536625 0.009896 0.003750
0 0.714844 0.538125 0.006771 0.004750
0 0.750000 0.539500 0.009375 0.002000
0 0.750000 0.537750 0.009375 0.002000
0 0.759375 0.534625 0.009375 0.004250
0 0.798177 0.519625 0.009896 0.003250
0 0.772396 0.514125 0.009375 0.002750
0 0.875000 0.490000 0.008333 0.003500
0 0.821354 0.479625 0.012500 0.003250
0 0.910156 0.450875 0.011979 0.004750
0 0.812240 0.529125 0.007812 0.004250
0 0.679948 0.573750 0.005729 0.004000
0 0.607031 0.604750 0.009896 0.003500
0 0.600000 0.604500 0.006250 0.002000
0 0.634896 0.608625 0.009375 0.003250
0 0.640625 0.607125 0.009375 0.003250
0 0.655469 0.604750 0.009896 0.003500
0 0.696354 0.610375 0.010417 0.001750
0 0.695833 0.608750 0.009375 0.002000
0 0.749219 0.615375 0.007812 0.003250
0 0.760938 0.616125 0.009375 0.002750
0 0.774479 0.604500 0.009375 0.003500
0 0.757031 0.613000 0.006771 0.002500
0 0.758073 0.611750 0.009896 0.002500
0 0.977865 0.651125 0.006771 0.004750
0 0.981510 0.649875 0.009896 0.003750
0 0.946875 0.641875 0.008333 0.002250
0 0.946875 0.640250 0.010417 0.002000
0 0.933854 0.633250 0.008333 0.004000
0 0.932031 0.640625 0.007812 0.002250
0 0.932552 0.639250 0.010937 0.002000
0 0.900260 0.633250 0.008854 0.004500
0 0.862760 0.645750 0.008854 0.003000
0 0.862760 0.642750 0.005729 0.004000
0 0.778646 0.642375 0.009375 0.004750
0 0.717969 0.628125 0.007812 0.004250
0 0.713542 0.625625 0.009375 0.003750
0 0.682031 0.618000 0.009896 0.004000
0 0.681250 0.627500 0.006250 0.004000
0 0.656510 0.627125 0.007812 0.003750
0 0.654948 0.618000 0.009896 0.003000
0 0.642448 0.615125 0.007812 0.003750
0 0.635677 0.615375 0.005729 0.004250
