0 0.118750 0.359875 0.014583 0.007750
0 0.261719 0.266625 0.016146 0.004250
0 0.302083 0.247500 0.008333 0.006500
0 0.317188 0.239500 0.015625 0.004500
0 0.351042 0.262500 0.010417 0.008000
0 0.372396 0.255750 0.009375 0.007000
0 0.408594 0.225875 0.007812 0.008250
0 0.429427 0.225250 0.010937 0.006500
0 0.457031 0.227125 0.015104 0.005250
0 0.479948 0.223250 0.013021 0.006000
0 0.416927 0.209250 0.008854 0.005000
0 0.416146 0.205250 0.015625 0.004500
0 0.374219 0.190000 0.015104 0.006500
0 0.445052 0.193000 0.011979 0.007000
0 0.431250 0.213750 0.009375 0.005000
0 0.436198 0.212375 0.013021 0.004750
0 0.292448 0.364875 0.016146 0.009250
0 0.325781 0.386375 0.015104 0.004750
0 0.343750 0.381750 0.009375 0.007000
0 0.398698 0.384750 0.016146 0.005000
0 0.429948 0.371500 0.014063 0.004000
0 0.426302 0.375500 0.015104 0.005000
0 0.414323 0.377625 0.014063 0.003250
0 0.414583 0.380500 0.015625 0.003500
0 0.418490 0.383625 0.016146 0.003250
0 0.426563 0.386125 0.014583 0.003250
0 0.508333 0.359375 0.014583 0.005750
0 0.513542 0.375000 0.012500 0.004000
0 0.514583 0.372250 0.014583 0.004500
0 0.646875 0.380125 0.013542 0.007250
0 0.685417 0.370250 0.014583 0.007000
0 0.713021 0.377875 0.012500 0.005250
0 0.734635 0.380750 0.008854 0.007500
0 0.754948 0.383000 0.014063 0.003500
0 0.748177 0.380375 0.013021 0.003250
0 0.742969 0.353375 0.015104 0.004750
0 0.772135 0.359000 0.016146 0.005500
0 0.847656 0.374625 0.015104 0.005750
0 0.801562 0.379500 0.011458 0.007000
0 0.784115 0.382000 0.010937 0.004000
0 0.782813 0.380125 0.010417 0.003750
0 0.752865 0.330500 0.008854 0.005000
0 0.872135 0.342250 0.014063 0.004500
0 0.894271 0.363625 0.012500 0.004250
0 0.893490 0.358375 0.017188 0.004250
0 0.915104 0.368125 0.011458 0.004750
0 0.932812 0.373375 0.012500 0.004750
0 0.919531 0.373375 0.010937 0.005250
0 0.931250 0.408250 0.014583 0.011000
0 0.938542 0.398625 0.008333 0.007250
0 0.932292 0.395875 0.008333 0.006250
0 0.773177 0.408375 0.010937 0.007250
0 0.796094 0.396000 0.010937 0.007000
0 0.801302 0.402500 0.013021 0.004500
0 0.817708 0.395125 0.014583 0.003750
0 0.813281 0.398125 0.014063 0.003250
0 0.814323 0.400375 0.011979 0.002250
0 0.780729 0.394000 0.015625 0.003000
0 0.780208 0.396500 0.011458 0.003500
0 0.740104 0.402625 0.014583 0.007250
0 0.739583 0.394750 0.010417 0.003000
0 0.737760 0.393625 0.011979 0.004750
0 0.714844 0.407625 0.007812 0.005750
0 0.712760 0.402750 0.009896 0.005000
0 0.709375 0.394500 0.011458 0.004500
0 0.698438 0.392625 0.012500 0.003750
0 0.686719 0.392125 0.013021 0.002750
0 0.687240 0.395625 0.008854 0.004750
0 0.660677 0.392625 0.014063 0.003750
0 0.678646 0.399500 0.012500 0.002000
0 0.678125 0.401625 0.011458 0.002750
0 0.674219 0.396750 0.011979 0.005000
0 0.651042 0.418125 0.009375 0.004250
0 0.642969 0.414250 0.014063 0.003000
0 0.641406 0.411250 0.008854 0.005000
0 0.647656 0.409875 0.007812 0.006250
0 0.656250 0.407125 0.012500 0.003250
0 0.656250 0.409000 0.011458 0.002500
0 0.589844 0.401375 0.008854 0.004250
0 0.590885 0.398375 0.013021 0.002750
0 0.602344 0.399500 0.011979 0.005000
0 0.608854 0.403000 0.007292 0.005000
0 0.623437 0.403625 0.009375 0.003750
0 0.619531 0.401625 0.013021 0.004250
0 0.619010 0.398125 0.010937 0.004750
0 0.597917 0.414625 0.007292 0.004250
0 0.583594 0.408375 0.007812 0.004250
0 0.570833 0.405125 0.008333 0.002750
0 0.576042 0.406750 0.010417 0.004000
0 0.525521 0.399125 0.012500 0.004750
0 0.502865 0.396125 0.010937 0.004250
0 0.502604 0.393000 0.012500 0.002500
0 0.480469 0.396500 0.007812 0.005500
0 0.482292 0.401500 0.012500 0.002500
0 0.487760 0.405750 0.008854 0.004500
0 0.500260 0.409750 0.005729 0.005000
0 0.508333 0.411125 0.007292 0.003750
0 0.514062 0.413250 0.012500 0.003500
0 0.525000 0.414375 0.006250 0.002750
0 0.528906 0.411875 0.011979 0.001750
0 0.526042 0.406875 0.013542 0.003250
0 0.523958 0.410000 0.008333 0.003500
0 0.518490 0.409250 0.007812 0.002500
0 0.548698 0.403750 0.006771 0.002500
0 0.548177 0.409125 0.005729 0.005250
0 0.538542 0.413000 0.012500 0.003500
0 0.535156 0.417125 0.007812 0.002750
0 0.548177 0.415250 0.013021 0.004000
0 0.554167 0.416875 0.005208 0.002750
0 0.560937 0.416250 0.010417 0.002500
0 0.561458 0.418250 0.010417 0.002500
0 0.571615 0.419000 0.006771 0.003500
0 0.578906 0.418000 0.008854 0.003000
0 0.586979 0.417500 0.009375 0.004000
0 0.578646 0.415000 0.008333 0.003000
0 0.573958 0.413625 0.010417 0.002750
0 0.588281 0.413500 0.008854 0.002500
0 0.565625 0.412625 0.007292 0.002750
0 0.574479 0.410750 0.008333 0.003500
0 0.554167 0.409250 0.008333 0.003000
0 0.564583 0.409125 0.011458 0.004250
0 0.565625 0.410125 0.010417 0.001750
0 0.743229 0.384625 0.013542 0.002750
0 0.743490 0.387250 0.011979 0.002500
0 0.459896 0.392500 0.013542 0.003000
0 0.439583 0.401125 0.009375 0.005250
0 0.429948 0.394000 0.008854 0.004500
0 0.415885 0.400375 0.016146 0.003750
0 0.428646 0.407750 0.012500 0.004500
0 0.440104 0.408375 0.011458 0.003250
0 0.455729 0.410625 0.009375 0.003250
0 0.446875 0.410500 0.008333 0.002000
0 0.448698 0.412500 0.009896 0.002000
0 0.391927 0.408000 0.014063 0.002500
0 0.390365 0.405375 0.006771 0.003250
0 0.398958 0.402875 0.012500 0.004250
0 0.380208 0.403750 0.014583 0.004500
0 0.328906 0.399000 0.007812 0.004500
0 0.337500 0.396000 0.013542 0.004000
0 0.344792 0.399750 0.010417 0.003500
0 0.348177 0.394875 0.015104 0.002750
0 0.413281 0.432500 0.018229 0.008500
0 0.195312 0.445625 0.012500 0.006750
0 0.222917 0.454875 0.014583 0.004750
0 0.241667 0.454625 0.013542 0.004250
0 0.254427 0.441125 0.010937 0.005750
0 0.241146 0.466125 0.010417 0.006750
0 0.219531 0.463125 0.014063 0.004750
0 0.331510 0.489875 0.008854 0.004750
0 0.319531 0.468375 0.014063 0.006250
0 0.331250 0.468250 0.010417 0.006000
0 0.357812 0.464125 0.011458 0.006750
0 0.394010 0.474250 0.010937 0.007500
0 0.399740 0.494875 0.009896 0.005750
0 0.418229 0.496500 0.013542 0.006000
0 0.367708 0.508750 0.012500 0.005000
0 0.364323 0.515250 0.009896 0.004500
0 0.371354 0.515125 0.009375 0.005750
0 0.375521 0.521125 0.010417 0.005250
0 0.408594 0.507625 0.013021 0.005250
0 0.413021 0.520000 0.010417 0.006000
0 0.423177 0.522000 0.008854 0.005000
0 0.420052 0.525875 0.013021 0.003250
0 0.431510 0.529000 0.015104 0.003000
0 0.433594 0.532375 0.013021 0.004250
0 0.423437 0.532375 0.010417 0.002750
0 0.424219 0.536375 0.011979 0.004750
0 0.453125 0.541250 0.008333 0.005000
0 0.469271 0.537125 0.013542 0.004750
0 0.480469 0.533750 0.010937 0.006000
0 0.485417 0.542250 0.008333 0.005500
0 0.486198 0.549375 0.015104 0.004250
0 0.462240 0.552125 0.011979 0.003750
0 0.466146 0.559000 0.008333 0.005500
0 0.464844 0.566500 0.011979 0.003000
0 0.482812 0.561500 0.016667 0.005000
0 0.458333 0.562250 0.013542 0.002500
0 0.459375 0.564500 0.010417 0.002000
0 0.454687 0.544750 0.013542 0.002500
0 0.453125 0.546875 0.012500 0.002750
0 0.452344 0.549000 0.011979 0.002500
0 0.503906 0.543750 0.009896 0.002500
0 0.502865 0.541375 0.014063 0.002250
0 0.523177 0.554125 0.014063 0.003250
0 0.524219 0.558000 0.013021 0.004000
0 0.539844 0.564125 0.011979 0.001750
0 0.539583 0.566125 0.013542 0.002750
0 0.522656 0.570625 0.010937 0.005250
0 0.519531 0.561875 0.009896 0.002250
0 0.519010 0.564000 0.011979 0.003000
0 0.494531 0.560625 0.005729 0.004750
0 0.497917 0.560500 0.008333 0.006000
0 0.499740 0.576250 0.006771 0.005500
0 0.520052 0.586875 0.011979 0.004750
0 0.521875 0.576125 0.012500 0.006250
0 0.546875 0.584250 0.014583 0.004000
0 0.568490 0.584125 0.015104 0.003750
0 0.589323 0.582000 0.010937 0.003500
0 0.607812 0.577375 0.006250 0.006250
0 0.602604 0.579250 0.009375 0.004500
0 0.607031 0.582500 0.014063 0.002500
0 0.605208 0.585250 0.011458 0.004000
0 0.645052 0.587625 0.015104 0.003250
0 0.567448 0.577625 0.010937 0.003750
0 0.563802 0.580875 0.010937 0.003750
0 0.579167 0.579625 0.010417 0.005750
0 0.587760 0.593500 0.008854 0.005500
0 0.575781 0.591000 0.014063 0.003500
0 0.583073 0.598625 0.013021 0.005750
0 0.566406 0.595500 0.006771 0.003000
0 0.564583 0.598000 0.012500 0.002500
0 0.558854 0.602625 0.008333 0.004250
0 0.561979 0.601125 0.012500 0.003750
0 0.569271 0.614750 0.014583 0.003500
0 0.561458 0.610875 0.006250 0.005750
0 0.591927 0.615500 0.013021 0.003000
0 0.601042 0.619500 0.011458 0.004000
0 0.609375 0.623375 0.012500 0.002750
0 0.611979 0.620875 0.010417 0.002750
0 0.618750 0.619750 0.007292 0.005000
0 0.626563 0.621625 0.007292 0.005250
0 0.629167 0.615250 0.013542 0.002500
0 0.623958 0.611250 0.011458 0.005000
0 0.606250 0.616250 0.011458 0.003500
0 0.607031 0.613625 0.008854 0.003250
0 0.640365 0.626500 0.017188 0.005000
0 0.669010 0.612750 0.007812 0.006000
0 0.688542 0.615500 0.012500 0.005500
0 0.686198 0.611500 0.015104 0.003500
0 0.697396 0.608625 0.014583 0.003250
0 0.692448 0.604625 0.015104 0.004250
0 0.701823 0.631125 0.014063 0.006250
0 0.718750 0.631375 0.012500 0.003250
0 0.721094 0.634500 0.015104 0.002500
0 0.724479 0.637750 0.016667 0.003000
0 0.697917 0.644000 0.011458 0.004500
0 0.878906 0.649250 0.010937 0.007500
0 0.892708 0.642375 0.012500 0.007250
0 0.821354 0.603500 0.016667 0.006000
0 0.794010 0.603000 0.009896 0.006500
0 0.785677 0.603000 0.007812 0.005500
0 0.779687 0.599875 0.010417 0.005250
0 0.777604 0.595875 0.012500 0.003250
0 0.765104 0.602625 0.011458 0.002750
0 0.765365 0.600125 0.014063 0.002750
0 0.705990 0.593500 0.010937 0.005000
0 0.701562 0.588000 0.014583 0.006000
0 0.693750 0.581750 0.015625 0.004000
0 0.708073 0.573875 0.014063 0.004750
0 0.691667 0.574500 0.010417 0.006000
0 0.689583 0.568000 0.011458 0.005500
0 0.690885 0.565250 0.011979 0.004500
0 0.653385 0.581250 0.011979 0.004000
0 0.740885 0.562500 0.013021 0.004500
0 0.743229 0.565875 0.009375 0.003250
0 0.745052 0.568250 0.011979 0.004000
0 0.627604 0.572750 0.010417 0.007000
0 0.640885 0.563375 0.010937 0.005250
0 0.641406 0.560375 0.013021 0.005250
0 0.652604 0.545875 0.009375 0.005750
0 0.647656 0.546750 0.008854 0.006000
0 0.671354 0.538125 0.015625 0.007250
0 0.636979 0.537500 0.012500 0.005000
0 0.617708 0.541125 0.011458 0.005750
0 0.607292 0.549250 0.008333 0.005500
0 0.602604 0.559875 0.013542 0.003750
0 0.592187 0.563125 0.011458 0.004750
0 0.593750 0.561000 0.009375 0.004000
0 0.592969 0.556375 0.007812 0.005750
0 0.571875 0.552875 0.014583 0.003750
0 0.576562 0.542250 0.007292 0.007500
0 0.589063 0.551125 0.010417 0.005250
0 0.591406 0.543875 0.011979 0.002750
0 0.591146 0.547000 0.005208 0.005000
0 0.597917 0.548250 0.008333 0.005500
0 0.609115 0.544625 0.009896 0.002750
0 0.601823 0.544000 0.009896 0.003500
0 0.557031 0.528875 0.013021 0.004250
0 0.549219 0.525250 0.014063 0.003000
0 0.548958 0.522875 0.010417 0.002750
0 0.570833 0.527375 0.011458 0.004250
0 0.570052 0.523500 0.008854 0.004000
0 0.579688 0.527625 0.004167 0.006750
0 0.584635 0.527875 0.004687 0.004750
0 0.540885 0.510000 0.013021 0.005500
0 0.533073 0.517250 0.006771 0.007000
0 0.522656 0.519875 0.006771 0.007250
0 0.496094 0.522500 0.013021 0.005500
0 0.464844 0.512625 0.009896 0.005750
0 0.469010 0.511750 0.006771 0.004500
0 0.449479 0.499000 0.007292 0.006500
0 0.454948 0.498500 0.007812 0.004500
0 0.380990 0.738750 0.010937 0.007000
0 0.296094 0.736000 0.014063 0.004500
0 0.275260 0.737000 0.007812 0.004500
0 0.278385 0.735750 0.009896 0.006000
0 0.281510 0.716250 0.005729 0.007500
0 0.253646 0.716625 0.007292 0.007750
0 0.238542 0.704500 0.010417 0.006500
0 0.305469 0.717875 0.004687 0.006250
0 0.310677 0.717750 0.006771 0.007000
0 0.325781 0.705750 0.011979 0.008000
0 0.351302 0.706875 0.007812 0.007750
0 0.365365 0.703750 0.008854 0.007500
0 0.353646 0.690250 0.008333 0.007500
0 0.334115 0.687375 0.008854 0.006750
0 0.408073 0.686625 0.014063 0.006750
0 0.397396 0.700875 0.008333 0.004250
0 0.400000 0.699750 0.012500 0.004500
0 0.269531 0.684875 0.011979 0.004750
0 0.260677 0.685875 0.008854 0.007250
0 0.240365 0.682625 0.005729 0.007750
0 0.291146 0.666500 0.010417 0.007000
0 0.282292 0.668125 0.007292 0.007750
0 0.287760 0.676375 0.011979 0.005250
0 0.289323 0.674750 0.009896 0.003500
0 0.267188 0.659625 0.010417 0.006750
0 0.267969 0.665375 0.003646 0.006750
0 0.272656 0.665000 0.006771 0.007000
0 0.228646 0.669750 0.008333 0.007500
0 0.237240 0.666125 0.008854 0.006750
0 0.233854 0.658250 0.011458 0.005000
0 0.220052 0.665500 0.007812 0.006500
0 0.217969 0.654125 0.009896 0.006750
0 0.263802 0.648625 0.011979 0.006750
0 0.248698 0.629250 0.010937 0.006500
0 0.257812 0.635000 0.006250 0.007000
0 0.253125 0.634750 0.005208 0.007500
0 0.233073 0.636000 0.009896 0.008000
0 0.225000 0.636875 0.009375 0.004750
0 0.193490 0.627875 0.005729 0.006750
0 0.200260 0.628500 0.007812 0.006500
0 0.228646 0.621875 0.006250 0.007250
0 0.232552 0.617125 0.008854 0.007250
0 0.250781 0.615125 0.011979 0.007250
0 0.225260 0.596625 0.013021 0.006750
0 0.206250 0.594500 0.009375 0.007500
0 0.203125 0.584250 0.008333 0.005500
0 0.211198 0.586250 0.008854 0.007000
0 0.216146 0.583875 0.011458 0.007250
0 0.223177 0.580875 0.009896 0.003750
0 0.209896 0.567750 0.011458 0.005500
0 0.179427 0.552250 0.014063 0.003000
0 0.169010 0.551375 0.008854 0.004750
0 0.164062 0.550625 0.004167 0.005250
0 0.184896 0.538500 0.011458 0.007000
0 0.120833 0.504875 0.011458 0.007250
0 0.136719 0.499875 0.009896 0.006750
0 0.171094 0.503375 0.008854 0.006250
0 0.172917 0.497625 0.013542 0.003750
0 0.209375 0.522625 0.010417 0.006750
0 0.240885 0.514500 0.014063 0.005500
0 0.232292 0.542500 0.011458 0.006000
0 0.208073 0.542125 0.005729 0.005250
0 0.212760 0.542125 0.005729 0.005750
0 0.241146 0.550375 0.011458 0.005250
0 0.269531 0.553875 0.008854 0.006750
0 0.270833 0.544750 0.006250 0.007000
0 0.276302 0.543750 0.007812 0.005500
0 0.281250 0.551375 0.006250 0.006250
0 0.286198 0.550625 0.009896 0.005750
0 0.296615 0.564500 0.008854 0.008000
0 0.285417 0.573750 0.008333 0.008500
0 0.294010 0.572750 0.009896 0.005500
0 0.261719 0.567500 0.009896 0.006000
0 0.248177 0.569375 0.007812 0.006750
0 0.248438 0.575750 0.010417 0.006000
0 0.249479 0.562000 0.012500 0.005000
0 0.233073 0.560375 0.014063 0.003750
0 0.315365 0.569125 0.013021 0.002750
0 0.314583 0.566250 0.012500 0.003000
0 0.315104 0.584000 0.011458 0.007000
0 0.302865 0.585125 0.009896 0.008750
0 0.271354 0.594000 0.008333 0.007000
0 0.275260 0.593375 0.007812 0.004750
0 0.284375 0.608125 0.010417 0.008250
0 0.269010 0.608250 0.007812 0.007000
0 0.269271 0.614625 0.005208 0.006750
0 0.274740 0.613750 0.005729 0.004500
0 0.277604 0.620750 0.011458 0.007000
0 0.297656 0.623250 0.010937 0.006500
0 0.314323 0.621500 0.011979 0.006500
0 0.348177 0.607750 0.011979 0.005500
0 0.364844 0.616375 0.014063 0.006250
0 0.344792 0.621750 0.011458 0.006000
0 0.340885 0.625500 0.009896 0.006500
0 0.333594 0.627625 0.006771 0.007250
0 0.342448 0.629750 0.013021 0.003000
0 0.301563 0.640000 0.010417 0.007000
0 0.325260 0.638500 0.009896 0.006500
0 0.333594 0.641125 0.008854 0.006750
0 0.342448 0.636500 0.008854 0.005000
0 0.350521 0.634750 0.014583 0.004500
0 0.352865 0.640000 0.007812 0.006500
0 0.360677 0.640500 0.007812 0.007000
0 0.315885 0.656000 0.007812 0.007500
0 0.319531 0.651625 0.005729 0.006750
0 0.324479 0.651500 0.006250 0.006000
0 0.339844 0.656125 0.013021 0.006750
0 0.349479 0.652500 0.011458 0.006500
0 0.372656 0.650250 0.008854 0.007000
0 0.378385 0.648250 0.009896 0.006000
0 0.375000 0.660125 0.008333 0.007250
0 0.378646 0.659875 0.008333 0.005250
0 0.310937 0.648750 0.006250 0.005000
0 0.307292 0.647875 0.009375 0.006750
0 0.411198 0.658625 0.009896 0.006750
0 0.413021 0.652000 0.010417 0.006000
0 0.420833 0.645500 0.010417 0.005500
0 0.043750 0.484875 0.008333 0.006750
0 0.020573 0.485625 0.011979 0.007250
0 0.003125 0.499250 0.006250 0.003000
0 0.417708 0.808125 0.017708 0.007750
0 0.584375 0.858000 0.007292 0.006000
0 0.565365 0.838625 0.009896 0.004250
0 0.702604 0.791000 0.009375 0.004500
0 0.749219 0.800750 0.009896 0.005000
0 0.820052 0.759750 0.009896 0.004000
0 0.839844 0.751875 0.013021 0.004250
0 0.902604 0.786000 0.009375 0.005000
0 0.935156 0.756875 0.009896 0.003250
0 0.925781 0.203750 0.018229 0.007500
0 0.295052 0.026500 0.018229 0.008500
