0 0.227000 0.841406 0.006500 0.011979
0 0.292125 0.773698 0.007250 0.011979
0 0.292375 0.763802 0.005750 0.008854
0 0.325500 0.777865 0.006000 0.014063
0 0.326875 0.792448 0.008250 0.016146
0 0.298750 0.518490 0.007000 0.014063
0 0.267500 0.394271 0.009000 0.014583
0 0.285000 0.394792 0.007000 0.014583
0 0.411250 0.142969 0.005000 0.015104
0 0.428125 0.248438 0.004250 0.017708
0 0.490375 0.155469 0.005250 0.013021
0 0.496875 0.154167 0.006250 0.015625
0 0.489375 0.296875 0.006250 0.011458
0 0.445625 0.300781 0.003750 0.018229
0 0.449750 0.298958 0.005000 0.019792
0 0.467625 0.319792 0.007750 0.013542
0 0.453375 0.342448 0.006250 0.018229
0 0.475375 0.371094 0.005750 0.011979
0 0.471250 0.381510 0.005500 0.011979
0 0.616125 0.310417 0.007750 0.016667
0 0.636875 0.202344 0.006250 0.015104
0 0.399250 0.021094 0.005500 0.013021
