0 0.534750 0.879948 0.005500 0.007812
0 0.546375 0.896615 0.005750 0.010937
0 0.546125 0.911458 0.006250 0.011458
0 0.509000 0.950521 0.006000 0.009375
0 0.491000 0.964062 0.003500 0.012500
0 0.494000 0.986198 0.006000 0.008854
0 0.480125 0.980469 0.003750 0.016146
0 0.541250 0.969531 0.005000 0.011979
0 0.517875 0.994531 0.005750 0.009896
0 0.549875 0.946615 0.005750 0.010937
0 0.485875 0.817448 0.007250 0.016146
0 0.501000 0.814063 0.006000 0.009375
0 0.492250 0.852344 0.005000 0.006771
0 0.491000 0.847396 0.006500 0.007292
0 0.441125 0.880990 0.003750 0.009896
0 0.431625 0.921875 0.005750 0.007292
0 0.423750 0.908073 0.007000 0.010937
0 0.424625 0.959375 0.006250 0.012500
0 0.435750 0.895052 0.003000 0.010937
0 0.438625 0.894271 0.002750 0.010417
0 0.407500 0.930208 0.006000 0.012500
0 0.502500 0.712500 0.004000 0.012500
0 0.497375 0.668229 0.004750 0.008333
0 0.488250 0.657292 0.006500 0.009375
0 0.481875 0.659896 0.004750 0.010417
0 0.446125 0.655208 0.006750 0.008333
0 0.428375 0.650260 0.005250 0.009896
0 0.416875 0.662500 0.007250 0.008333
0 0.407000 0.662500 0.006000 0.012500
0 0.388250 0.684375 0.005000 0.015625
0 0.328875 0.614323 0.008250 0.008854
0 0.334500 0.600000 0.006000 0.007292
0 0.334750 0.590365 0.004000 0.008854
0 0.300125 0.562500 0.007250 0.008333
0 0.268125 0.584375 0.006750 0.013542
0 0.276500 0.594531 0.005500 0.010937
0 0.262125 0.562240 0.005250 0.014063
0 0.246500 0.518490 0.005500 0.014063
0 0.233375 0.542969 0.004750 0.014063
0 0.239625 0.559115 0.007750 0.011979
0 0.200000 0.502344 0.008000 0.013021
0 0.290125 0.693490 0.005750 0.008854
0 0.304125 0.696354 0.006250 0.014583
0 0.316375 0.665365 0.004750 0.013021
0 0.316750 0.677604 0.003500 0.011458
0 0.320625 0.685677 0.005250 0.010937
0 0.331125 0.681250 0.008250 0.012500
0 0.323500 0.763281 0.004000 0.011979
0 0.322250 0.584635 0.002000 0.007812
0 0.320125 0.584635 0.003750 0.010937
0 0.497000 0.537500 0.004500 0.011458
0 0.445250 0.513802 0.003500 0.011979
0 0.442625 0.514323 0.002250 0.011979
0 0.401625 0.461719 0.003750 0.013021
0 0.399500 0.460417 0.002500 0.008333
0 0.404750 0.471094 0.002500 0.011979
0 0.402625 0.471094 0.002250 0.013021
0 0.461250 0.482812 0.005500 0.008333
0 0.451125 0.514583 0.004750 0.010417
0 0.461375 0.492448 0.004250 0.007812
0 0.457500 0.490885 0.004000 0.007812
0 0.503750 0.552083 0.007500 0.010417
0 0.541625 0.400260 0.006250 0.009896
0 0.538500 0.391406 0.004000 0.009896
0 0.534875 0.392708 0.002750 0.009375
0 0.533125 0.390625 0.004250 0.011458
0 0.503875 0.337240 0.004250 0.007812
0 0.503500 0.330469 0.004000 0.006771
0 0.508125 0.291927 0.004750 0.010937
0 0.504375 0.290104 0.002750 0.012500
0 0.491500 0.259635 0.004000 0.011979
0 0.488750 0.253385 0.004000 0.009896
0 0.517125 0.240625 0.005250 0.007292
0 0.513625 0.244792 0.002250 0.012500
0 0.511500 0.245052 0.002000 0.010937
0 0.491375 0.199219 0.004250 0.014063
0 0.480750 0.192708 0.004500 0.009375
0 0.472000 0.197656 0.004500 0.013021
0 0.498625 0.148177 0.005250 0.010937
0 0.482625 0.092969 0.004750 0.013021
0 0.453375 0.058333 0.005250 0.014583
0 0.456125 0.029427 0.006750 0.008854
0 0.504000 0.035417 0.005500 0.010417
0 0.493125 0.033854 0.004250 0.010417
0 0.491000 0.027865 0.004000 0.009896
0 0.523625 0.120573 0.005250 0.008854
0 0.511625 0.116927 0.004250 0.009896
0 0.505750 0.172135 0.002500 0.011979
0 0.503625 0.179948 0.003750 0.013021
0 0.523625 0.207552 0.005250 0.007812
0 0.534750 0.215104 0.004000 0.012500
0 0.533375 0.198437 0.004250 0.008333
0 0.531125 0.187500 0.005250 0.013542
0 0.534625 0.248958 0.004750 0.006250
0 0.535000 0.256510 0.004500 0.009896
0 0.533750 0.263802 0.005000 0.006771
0 0.532125 0.270573 0.004750 0.007812
0 0.546625 0.273177 0.003750 0.008854
0 0.542625 0.261979 0.004250 0.011458
0 0.545500 0.347917 0.004000 0.005208
0 0.541875 0.345052 0.003250 0.010937
0 0.542875 0.341667 0.004750 0.007292
0 0.508500 0.216667 0.006000 0.015625
0 0.591125 0.395833 0.004750 0.008333
0 0.582625 0.344792 0.003750 0.014583
0 0.607375 0.351562 0.006250 0.008333
0 0.584750 0.331510 0.004500 0.013021
0 0.596750 0.303906 0.006000 0.007812
0 0.584875 0.283073 0.003250 0.013021
0 0.581000 0.233594 0.004000 0.009896
0 0.592500 0.279167 0.004000 0.010417
0 0.594250 0.276823 0.002500 0.008854
0 0.636125 0.192969 0.004750 0.006771
0 0.585375 0.123698 0.005250 0.007812
0 0.604750 0.094010 0.003500 0.013021
0 0.625750 0.080208 0.005000 0.009375
0 0.616125 0.045052 0.003750 0.014063
0 0.611250 0.615625 0.005000 0.009375
0 0.623500 0.594531 0.005500 0.011979
0 0.669000 0.539583 0.007500 0.009375
0 0.684500 0.545573 0.006500 0.013021
0 0.713375 0.559635 0.006750 0.015104
0 0.710750 0.529948 0.007500 0.009896
0 0.713500 0.518750 0.007500 0.009375
0 0.709625 0.536719 0.005750 0.007812
0 0.691625 0.475781 0.003250 0.016146
0 0.686625 0.473958 0.005750 0.010417
0 0.709750 0.486198 0.006000 0.015104
0 0.721125 0.496615 0.007250 0.007812
0 0.717000 0.490365 0.006000 0.010937
0 0.720000 0.483333 0.007500 0.007292
0 0.718625 0.447396 0.003250 0.013542
0 0.715500 0.448177 0.004000 0.008854
0 0.744750 0.424479 0.004500 0.014583
0 0.776625 0.323437 0.006750 0.013542
0 0.776250 0.298958 0.004000 0.008333
0 0.749250 0.322396 0.005000 0.013542
0 0.739000 0.318490 0.004000 0.007812
0 0.763500 0.239323 0.004500 0.013021
0 0.726500 0.304167 0.003500 0.008333
0 0.730125 0.302865 0.004250 0.007812
0 0.812875 0.359896 0.007250 0.010417
0 0.685375 0.533854 0.006750 0.010417
0 0.342000 0.377083 0.005000 0.014583
0 0.332625 0.337760 0.006750 0.020313
0 0.355125 0.301563 0.008750 0.012500
0 0.308125 0.339323 0.005750 0.014063
0 0.310750 0.267188 0.004000 0.014583
0 0.310875 0.251302 0.003750 0.014063
0 0.272500 0.271094 0.004000 0.015104
0 0.278375 0.179688 0.006750 0.009375
0 0.288125 0.186458 0.006750 0.008333
0 0.294250 0.191146 0.004500 0.008333
0 0.222125 0.166927 0.005750 0.015104
0 0.335000 0.133854 0.005500 0.009375
0 0.409875 0.246094 0.004750 0.013021
0 0.302375 0.285156 0.002750 0.011979
0 0.304375 0.285156 0.002250 0.014063
0 0.306625 0.286719 0.002750 0.011979
0 0.251875 0.267188 0.005250 0.015625
0 0.291000 0.596875 0.007500 0.007292
0 0.290500 0.590625 0.007000 0.006250
0 0.357000 0.588021 0.005500 0.012500
0 0.463625 0.656771 0.005250 0.007292
0 0.461750 0.653385 0.006500 0.006771
0 0.460750 0.649479 0.005000 0.004167
0 0.760500 0.177604 0.003500 0.006250
0 0.705000 0.138281 0.005500 0.009896
0 0.729000 0.115365 0.004000 0.006771
0 0.713250 0.116927 0.003000 0.005729
0 0.710125 0.115625 0.003750 0.006250
0 0.699375 0.067708 0.004250 0.010417
0 0.717500 0.024740 0.003000 0.011979
0 0.733000 0.033594 0.003000 0.010937
0 0.725875 0.035937 0.003250 0.008333
0 0.729625 0.040365 0.003750 0.006771
0 0.723375 0.024219 0.003250 0.006771
0 0.714625 0.019531 0.002750 0.004687
0 0.714875 0.024219 0.002250 0.004687
0 0.714375 0.028646 0.003250 0.005208
0 0.739750 0.067969 0.003000 0.005729
0 0.780375 0.103646 0.005750 0.009375
0 0.880625 0.051302 0.003250 0.008854
0 0.897125 0.204948 0.007750 0.008854
0 0.940375 0.228906 0.004750 0.006771
0 0.974250 0.218490 0.005000 0.009896
0 0.931500 0.073438 0.002500 0.012500
0 0.884125 0.307031 0.004250 0.010937
0 0.855625 0.140104 0.003750 0.006250
0 0.916625 0.221354 0.004750 0.008333
0 0.795625 0.115625 0.005750 0.007292
0 0.735750 0.010937 0.003500 0.007292
0 0.885750 0.031250 0.002500 0.005208
