0 0.270375 0.845313 0.003750 0.010417
0 0.275625 0.906250 0.004750 0.011458
0 0.261625 0.888281 0.006250 0.004687
0 0.262750 0.884635 0.006500 0.004687
0 0.378000 0.818229 0.004000 0.012500
0 0.374125 0.814583 0.004750 0.008333
0 0.371125 0.807031 0.005750 0.007812
0 0.355250 0.756510 0.003500 0.008854
0 0.351250 0.759635 0.006000 0.007812
0 0.309500 0.711198 0.004500 0.008854
0 0.311375 0.686979 0.004250 0.011458
0 0.317000 0.699219 0.003500 0.010937
0 0.324625 0.695573 0.005250 0.007812
0 0.322000 0.689323 0.004000 0.008854
0 0.333000 0.698958 0.005000 0.009375
0 0.334125 0.696094 0.004250 0.008854
0 0.348625 0.676823 0.006750 0.009896
0 0.343375 0.644271 0.003750 0.012500
0 0.330625 0.647656 0.004750 0.013021
0 0.324750 0.669010 0.005000 0.013021
0 0.322500 0.638021 0.005000 0.011458
0 0.316000 0.653906 0.002500 0.010937
0 0.314125 0.652865 0.002250 0.010937
0 0.315625 0.642708 0.004250 0.010417
0 0.316625 0.630990 0.004750 0.011979
0 0.323375 0.610417 0.006250 0.007292
0 0.323125 0.601042 0.003250 0.010417
0 0.319750 0.602344 0.003500 0.009896
0 0.325750 0.577083 0.004500 0.010417
0 0.321500 0.586198 0.002500 0.009896
0 0.323500 0.585677 0.003000 0.011979
0 0.313875 0.582552 0.003750 0.010937
0 0.310250 0.579427 0.003500 0.010937
0 0.305875 0.582031 0.004750 0.006771
0 0.314500 0.574219 0.004500 0.007812
0 0.313250 0.571875 0.003500 0.006250
0 0.291250 0.476042 0.003000 0.010417
0 0.293125 0.475000 0.002750 0.009375
0 0.291250 0.466146 0.003000 0.009375
0 0.285875 0.467969 0.003750 0.011979
0 0.269250 0.484896 0.003500 0.012500
0 0.267750 0.481510 0.003500 0.008854
0 0.254875 0.499219 0.002250 0.010937
0 0.252500 0.497656 0.002500 0.013021
0 0.240625 0.546094 0.004250 0.010937
0 0.271250 0.564063 0.005000 0.010417
0 0.243250 0.423698 0.006000 0.008854
0 0.252750 0.414062 0.005500 0.010417
0 0.205625 0.336198 0.003750 0.011979
0 0.192625 0.316146 0.004250 0.012500
0 0.183750 0.320573 0.005000 0.009896
0 0.241250 0.509115 0.004000 0.007812
0 0.397875 0.769271 0.003750 0.010417
0 0.393500 0.745313 0.005000 0.012500
0 0.389625 0.651042 0.004250 0.012500
0 0.382625 0.637500 0.005250 0.011458
0 0.383250 0.647396 0.003000 0.010417
0 0.380875 0.648177 0.002250 0.013021
0 0.390375 0.558594 0.004250 0.007812
0 0.386000 0.577865 0.004500 0.006771
0 0.384625 0.575781 0.003750 0.007812
0 0.361750 0.305990 0.004000 0.010937
0 0.434875 0.169010 0.003250 0.009896
0 0.405625 0.195573 0.005750 0.008854
0 0.412250 0.215365 0.005000 0.006771
0 0.447125 0.223958 0.004750 0.006250
0 0.443500 0.219271 0.005000 0.006250
0 0.446125 0.239844 0.003750 0.010937
0 0.427750 0.208073 0.002000 0.010937
0 0.430000 0.208333 0.003000 0.010417
0 0.403625 0.270052 0.003250 0.010937
0 0.391625 0.274479 0.004250 0.010417
0 0.403125 0.332552 0.005250 0.007812
0 0.400250 0.330990 0.003000 0.009896
0 0.435750 0.334375 0.004500 0.012500
0 0.398750 0.437760 0.003500 0.011979
0 0.406250 0.467708 0.005500 0.006250
0 0.408250 0.463021 0.004000 0.011458
0 0.395750 0.513281 0.003500 0.009896
0 0.396375 0.501563 0.005750 0.011458
0 0.402625 0.531510 0.002750 0.013021
0 0.406750 0.531771 0.004500 0.006250
0 0.406500 0.538021 0.004000 0.006250
0 0.397250 0.562760 0.005000 0.010937
0 0.400000 0.598177 0.004000 0.010937
0 0.405000 0.588281 0.003000 0.011979
0 0.406125 0.607552 0.002750 0.014063
0 0.408875 0.613021 0.003250 0.007292
0 0.399625 0.613281 0.004750 0.006771
0 0.399500 0.620313 0.002000 0.011458
0 0.397625 0.624740 0.003250 0.008854
0 0.399250 0.658854 0.004000 0.011458
0 0.398000 0.674479 0.002000 0.008333
0 0.401000 0.676823 0.003500 0.007812
0 0.401125 0.708854 0.003250 0.011458
0 0.405125 0.716927 0.005750 0.007812
0 0.402875 0.728906 0.004250 0.013021
0 0.405875 0.761979 0.005250 0.010417
0 0.529250 0.320833 0.004500 0.012500
0 0.540750 0.294010 0.005500 0.007812
0 0.580750 0.065104 0.004500 0.011458
0 0.606000 0.040885 0.005000 0.013021
0 0.597875 0.158333 0.006250 0.008333
0 0.581750 0.152604 0.004000 0.013542
0 0.592500 0.170833 0.006000 0.007292
0 0.588375 0.190104 0.005750 0.008333
0 0.614750 0.202083 0.004000 0.008333
0 0.613750 0.200000 0.004500 0.009375
0 0.561125 0.337500 0.004250 0.013542
0 0.543500 0.319792 0.002500 0.010417
0 0.541125 0.318490 0.002750 0.013021
0 0.549000 0.369010 0.003500 0.011979
0 0.527125 0.383854 0.005750 0.008333
0 0.554250 0.388021 0.005000 0.009375
0 0.557000 0.404167 0.003000 0.012500
0 0.548875 0.409115 0.005250 0.009896
0 0.542750 0.403125 0.005000 0.010417
0 0.526250 0.415885 0.006500 0.008854
0 0.534375 0.471875 0.004750 0.011458
0 0.518000 0.479167 0.005000 0.013542
0 0.510625 0.451823 0.004250 0.013021
0 0.505625 0.465365 0.004250 0.013021
0 0.509000 0.483333 0.004500 0.007292
0 0.510000 0.480990 0.004500 0.006771
0 0.506875 0.497135 0.003750 0.011979
0 0.499250 0.538021 0.003500 0.010417
0 0.495875 0.540365 0.005250 0.009896
0 0.490375 0.530208 0.003750 0.013542
0 0.477625 0.605469 0.004750 0.008854
0 0.473000 0.604427 0.003500 0.010937
0 0.469125 0.617969 0.004750 0.009896
0 0.450125 0.702344 0.003250 0.011979
0 0.462625 0.650000 0.002750 0.011458
0 0.464250 0.647917 0.002500 0.009375
0 0.475750 0.747656 0.004500 0.010937
0 0.485375 0.761719 0.006250 0.007812
0 0.485500 0.754167 0.005500 0.008333
0 0.495250 0.745052 0.006000 0.007812
0 0.495750 0.742188 0.004500 0.006250
0 0.557125 0.608073 0.004750 0.014063
0 0.543375 0.579427 0.004750 0.013021
0 0.587500 0.539583 0.004500 0.011458
0 0.586500 0.532292 0.006000 0.005208
0 0.610500 0.544010 0.005500 0.010937
0 0.614375 0.529167 0.005750 0.008333
0 0.613750 0.525781 0.005000 0.007812
0 0.652750 0.490365 0.005500 0.010937
0 0.643250 0.462500 0.005000 0.009375
0 0.705375 0.388802 0.003750 0.011979
0 0.702125 0.389323 0.003250 0.013021
0 0.729375 0.304167 0.004250 0.010417
0 0.719750 0.311979 0.005500 0.009375
0 0.719000 0.308594 0.004500 0.007812
0 0.722250 0.468750 0.003000 0.010417
0 0.719875 0.476042 0.003250 0.010417
0 0.651250 0.528385 0.004000 0.011979
0 0.619375 0.570573 0.004250 0.006771
0 0.617250 0.577083 0.005000 0.008333
0 0.568750 0.638281 0.004000 0.008854
0 0.562625 0.648698 0.004250 0.010937
0 0.490250 0.855729 0.006500 0.007292
0 0.484375 0.842187 0.003250 0.012500
0 0.545750 0.814063 0.004500 0.009375
0 0.547125 0.810417 0.005250 0.007292
0 0.588625 0.786979 0.005250 0.005208
0 0.588625 0.782813 0.006750 0.005208
0 0.613500 0.764583 0.003000 0.010417
0 0.615375 0.763542 0.003750 0.012500
0 0.765750 0.717969 0.005000 0.010937
0 0.808625 0.765365 0.004750 0.008854
0 0.438250 0.866406 0.005500 0.008854
