0 0.340625 0.642500 0.007292 0.006500
0 0.321875 0.630000 0.009375 0.005000
0 0.294792 0.619750 0.013542 0.004000
0 0.295312 0.617750 0.011458 0.003500
0 0.308333 0.533250 0.009375 0.007000
0 0.311458 0.521000 0.012500 0.005000
0 0.353906 0.467875 0.010937 0.006250
0 0.370573 0.510250 0.006771 0.005500
0 0.375781 0.509750 0.008854 0.006500
0 0.384896 0.519625 0.015625 0.007750
0 0.402865 0.538375 0.007812 0.006250
0 0.397396 0.536375 0.006250 0.005250
0 0.423437 0.558375 0.007292 0.004750
0 0.426042 0.557375 0.010417 0.005250
0 0.445312 0.630375 0.008333 0.005750
0 0.449740 0.630250 0.008854 0.005500
0 0.657031 0.756500 0.008854 0.004500
0 0.659115 0.755000 0.011979 0.005000
0 0.625781 0.665375 0.016146 0.007750
0 0.551562 0.640625 0.013542 0.007250
0 0.550781 0.640750 0.010937 0.007500
0 0.483594 0.547125 0.011979 0.007750
0 0.458073 0.533750 0.013021 0.004000
0 0.429167 0.534625 0.014583 0.007750
0 0.429167 0.534125 0.012500 0.008250
0 0.430469 0.533125 0.013021 0.007750
0 0.419271 0.514000 0.012500 0.007500
0 0.420312 0.513750 0.010417 0.008000
0 0.395313 0.450250 0.012500 0.002500
0 0.396094 0.452625 0.015104 0.003250
0 0.424219 0.474375 0.014063 0.004750
0 0.423437 0.478375 0.009375 0.005750
0 0.482812 0.494750 0.012500 0.005000
0 0.520833 0.510125 0.014583 0.006250
0 0.545573 0.524625 0.007812 0.005250
0 0.669271 0.566125 0.014583 0.004250
0 0.667708 0.562250 0.013542 0.004000
0 0.949479 0.662750 0.006250 0.004500
0 0.952865 0.661500 0.007812 0.005000
0 0.916146 0.636125 0.008333 0.004750
0 0.919531 0.634500 0.009896 0.004500
0 0.570833 0.513125 0.010417 0.005250
0 0.535677 0.499750 0.008854 0.006500
0 0.540625 0.499250 0.007292 0.005000
0 0.513542 0.494500 0.010417 0.005000
0 0.517188 0.493625 0.009375 0.004250
0 0.531771 0.450750 0.009375 0.007000
0 0.537760 0.448000 0.009896 0.003500
0 0.515885 0.445625 0.014063 0.002750
0 0.516927 0.447625 0.010937 0.002750
0 0.840885 0.525500 0.015104 0.006500
0 0.738281 0.466500 0.016146 0.005500
0 0.754948 0.461750 0.008854 0.006500
0 0.632552 0.433875 0.014063 0.006250
0 0.613281 0.437750 0.015104 0.005000
0 0.597135 0.430125 0.015104 0.004750
0 0.692708 0.491500 0.014583 0.005000
0 0.460417 0.399375 0.009375 0.005750
0 0.464583 0.400500 0.007292 0.004500
0 0.484375 0.396000 0.013542 0.004000
0 0.533594 0.389500 0.014063 0.003000
0 0.533854 0.386625 0.013542 0.003250
0 0.568229 0.385875 0.014583 0.005750
0 0.711198 0.358375 0.009896 0.004750
0 0.930729 0.334625 0.013542 0.006250
0 0.652604 0.359750 0.012500 0.003000
0 0.651302 0.357375 0.018229 0.002750
0 0.571875 0.371000 0.014583 0.005000
0 0.478906 0.384375 0.014063 0.005250
0 0.457031 0.315500 0.014063 0.006000
0 0.653125 0.177750 0.012500 0.006500
0 0.648438 0.202500 0.007292 0.006500
0 0.641406 0.201625 0.006771 0.008250
0 0.108854 0.540625 0.010417 0.006250
0 0.114062 0.551875 0.006250 0.005250
0 0.118750 0.551375 0.008333 0.005250
0 0.157292 0.516250 0.008333 0.006000
0 0.212240 0.497500 0.010937 0.006500
0 0.628646 0.158125 0.013542 0.004750
