0 0.191146 0.541125 0.014583 0.007250
0 0.316406 0.581500 0.015104 0.008000
0 0.406250 0.612125 0.012500 0.007250
0 0.386719 0.588750 0.016146 0.007000
0 0.357552 0.560875 0.010937 0.007250
0 0.417448 0.574000 0.016146 0.007000
0 0.396354 0.540125 0.008333 0.006250
0 0.381250 0.534000 0.015625 0.005500
0 0.449740 0.573250 0.013021 0.007500
0 0.381771 0.519250 0.013542 0.006500
0 0.368229 0.517125 0.010417 0.006750
0 0.326823 0.507375 0.007812 0.007250
0 0.364063 0.506000 0.006250 0.005000
0 0.359635 0.505125 0.007812 0.006250
0 0.333333 0.490875 0.008333 0.007250
0 0.286198 0.497125 0.007812 0.005750
0 0.292969 0.492500 0.011979 0.007000
0 0.301563 0.483125 0.008333 0.007250
0 0.307031 0.465625 0.011979 0.007250
0 0.275000 0.448750 0.009375 0.007000
0 0.271354 0.449250 0.006250 0.006000
0 0.253906 0.435500 0.013021 0.005000
0 0.246094 0.435500 0.008854 0.007000
0 0.091927 0.313750 0.014063 0.008000
0 0.275781 0.410250 0.008854 0.008000
0 0.280729 0.410375 0.007292 0.006750
0 0.295573 0.421500 0.006771 0.008000
0 0.300521 0.421500 0.006250 0.007000
0 0.433333 0.541500 0.010417 0.006000
0 0.440104 0.546875 0.005208 0.006250
0 0.445833 0.544375 0.008333 0.007250
0 0.462760 0.545500 0.013021 0.005000
0 0.465365 0.552375 0.006771 0.007750
0 0.454427 0.555250 0.014063 0.003000
0 0.457292 0.559250 0.009375 0.006000
0 0.467708 0.562625 0.008333 0.007250
0 0.526823 0.553500 0.009896 0.006000
0 0.521875 0.550875 0.011458 0.004250
0 0.528125 0.538750 0.013542 0.007000
0 0.524479 0.531375 0.014583 0.003750
0 0.529948 0.524125 0.008854 0.006250
0 0.521875 0.522500 0.009375 0.007000
0 0.530469 0.510000 0.011979 0.003500
0 0.521354 0.511625 0.008333 0.006750
0 0.530208 0.489875 0.011458 0.008250
0 0.537500 0.424625 0.015625 0.004750
0 0.533333 0.418750 0.014583 0.005000
0 0.561979 0.338500 0.012500 0.006500
0 0.559375 0.453750 0.009375 0.006500
0 0.547396 0.536375 0.009375 0.006250
0 0.590885 0.581250 0.010937 0.006000
0 0.614583 0.575500 0.011458 0.005500
0 0.623437 0.569750 0.009375 0.007000
0 0.615885 0.569125 0.006771 0.007250
0 0.609115 0.569875 0.008854 0.006250
0 0.658333 0.554750 0.012500 0.005500
0 0.672656 0.549125 0.010937 0.005750
0 0.671354 0.546375 0.010417 0.005250
0 0.666146 0.546625 0.011458 0.005750
0 0.667448 0.542125 0.010937 0.005750
0 0.658854 0.541125 0.008333 0.008250
0 0.665625 0.536000 0.011458 0.005500
0 0.686198 0.543875 0.007812 0.006250
0 0.682292 0.540000 0.011458 0.005500
0 0.678906 0.539000 0.008854 0.004000
0 0.706771 0.529625 0.009375 0.006250
0 0.708594 0.522250 0.009896 0.006500
0 0.701823 0.522125 0.011979 0.006750
0 0.726823 0.487875 0.016146 0.004750
0 0.724479 0.485750 0.011458 0.004000
0 0.898177 0.401125 0.005729 0.007750
0 0.905729 0.401250 0.008333 0.008000
0 0.944010 0.445375 0.008854 0.008750
0 0.931771 0.451000 0.013542 0.007000
0 0.930990 0.443375 0.014063 0.007750
0 0.913802 0.446500 0.011979 0.006500
0 0.918750 0.452625 0.006250 0.006250
0 0.913802 0.452375 0.006771 0.006750
0 0.904427 0.454875 0.010937 0.008750
0 0.867448 0.474000 0.018229 0.005500
0 0.903906 0.490125 0.014063 0.008250
0 0.780469 0.514625 0.013021 0.006750
0 0.732812 0.540250 0.015625 0.006000
0 0.715885 0.550375 0.011979 0.005250
0 0.713281 0.549125 0.010937 0.003750
0 0.706510 0.566000 0.010937 0.007500
0 0.693490 0.556375 0.009896 0.006750
0 0.690365 0.562250 0.013021 0.005500
0 0.677083 0.568250 0.008333 0.006000
0 0.673438 0.566250 0.009375 0.006000
0 0.673958 0.562500 0.011458 0.006000
0 0.661458 0.584000 0.010417 0.008000
0 0.648438 0.583875 0.007292 0.005250
0 0.645052 0.583000 0.008854 0.007000
0 0.627083 0.586875 0.013542 0.002750
0 0.621615 0.590625 0.014063 0.004750
0 0.605469 0.593875 0.015104 0.003250
0 0.605990 0.596375 0.013021 0.002750
0 0.664844 0.600375 0.016146 0.005250
0 0.708594 0.596750 0.014063 0.004500
0 0.703385 0.592875 0.008854 0.006250
