0 0.385500 0.951823 0.011500 0.023438
0 0.336500 0.771875 0.016500 0.038542
0 0.345500 0.751042 0.017000 0.035417
0 0.429500 0.758333 0.015000 0.038542
0 0.502250 0.860156 0.009500 0.019271
0 0.478625 0.634896 0.009250 0.032292
0 0.507250 0.654948 0.012000 0.025521
0 0.414750 0.579167 0.015500 0.028125
0 0.417625 0.535937 0.005750 0.021875
0 0.425875 0.533854 0.007750 0.023958
0 0.443000 0.527604 0.013500 0.023958
0 0.387625 0.523177 0.014250 0.029687
0 0.407625 0.528385 0.007250 0.016146
0 0.400500 0.446615 0.011500 0.040104
0 0.326500 0.469792 0.013500 0.027083
0 0.313375 0.466146 0.012750 0.031250
0 0.321875 0.448177 0.012750 0.028646
0 0.306625 0.510677 0.010750 0.019271
0 0.264375 0.525521 0.013750 0.028125
0 0.274375 0.491927 0.013750 0.026562
0 0.560750 0.559896 0.015000 0.031250
0 0.577625 0.582031 0.014250 0.025521
0 0.552500 0.515885 0.010000 0.029687
0 0.548625 0.416927 0.010750 0.033854
0 0.535125 0.330469 0.009250 0.043229
0 0.546500 0.311979 0.015000 0.041667
0 0.564375 0.251042 0.007750 0.017708
0 0.549750 0.164062 0.013000 0.034375
0 0.498000 0.169792 0.013500 0.028125
0 0.449375 0.190104 0.013750 0.023958
0 0.529375 0.117708 0.017750 0.031250
0 0.505125 0.041146 0.010750 0.027083
0 0.499375 0.020313 0.013750 0.023958
0 0.698625 0.167448 0.017750 0.032813
0 0.708000 0.207031 0.012000 0.022396
0 0.763250 0.154948 0.010000 0.025521
0 0.754375 0.156510 0.010750 0.025521
0 0.769750 0.081250 0.008500 0.017708
0 0.667625 0.245833 0.014250 0.028125
0 0.680500 0.372917 0.011500 0.023958
0 0.688000 0.348438 0.012000 0.016667
0 0.705125 0.326302 0.013750 0.022396
0 0.691250 0.407292 0.011500 0.027083
0 0.685125 0.457031 0.013750 0.028646
0 0.636625 0.495833 0.009250 0.028125
0 0.661250 0.555469 0.010000 0.022396
0 0.755125 0.696615 0.022250 0.033854
0 0.798625 0.706250 0.019250 0.023958
0 0.757625 0.751042 0.011250 0.023958
0 0.510500 0.710156 0.011500 0.025521
0 0.445125 0.663281 0.010750 0.026562
0 0.361125 0.562760 0.015750 0.016146
0 0.368000 0.523958 0.013500 0.028125
