0 0.477750 0.629948 0.007500 0.007812
0 0.477625 0.621354 0.005750 0.009375
0 0.431875 0.672656 0.007750 0.008854
0 0.419875 0.676823 0.007250 0.004687
0 0.419625 0.682552 0.006250 0.006771
0 0.438000 0.693490 0.003000 0.015104
0 0.433625 0.689583 0.005750 0.012500
0 0.434625 0.699479 0.005250 0.009375
0 0.413500 0.677344 0.005500 0.011979
0 0.411875 0.672917 0.004750 0.009375
0 0.417250 0.729948 0.006500 0.015104
0 0.403500 0.739844 0.006000 0.016146
0 0.401000 0.758854 0.008500 0.009375
0 0.392875 0.775260 0.006250 0.017188
0 0.379250 0.776563 0.007500 0.014583
0 0.353125 0.795833 0.006750 0.013542
0 0.356875 0.808854 0.007250 0.009375
0 0.361000 0.801562 0.008000 0.011458
0 0.365000 0.810156 0.005000 0.016146
0 0.369750 0.808594 0.007000 0.011979
0 0.360875 0.836198 0.006250 0.017188
0 0.351125 0.829948 0.006250 0.013021
0 0.346875 0.841667 0.004750 0.018750
0 0.341875 0.835677 0.005250 0.013021
0 0.337750 0.848437 0.006500 0.013542
0 0.336250 0.843229 0.005500 0.012500
0 0.284000 0.952865 0.004000 0.014063
0 0.295125 0.923438 0.006250 0.018750
0 0.310125 0.950000 0.004250 0.018750
0 0.471500 0.578646 0.006000 0.010417
0 0.487875 0.554167 0.004250 0.009375
0 0.486500 0.551042 0.004000 0.008333
0 0.446750 0.592708 0.006500 0.012500
0 0.427125 0.611458 0.006750 0.008333
0 0.426500 0.603906 0.005000 0.008854
0 0.432250 0.604948 0.006500 0.010937
0 0.458375 0.559635 0.005750 0.010937
0 0.392625 0.599219 0.007750 0.011979
0 0.403500 0.561979 0.007000 0.010417
0 0.372125 0.596354 0.005250 0.014583
0 0.379000 0.613542 0.006000 0.008333
0 0.376625 0.620833 0.007250 0.009375
0 0.358125 0.595833 0.007750 0.010417
0 0.365375 0.617448 0.006250 0.016146
0 0.359125 0.623177 0.004750 0.016146
0 0.358250 0.614844 0.005000 0.014063
0 0.356125 0.607552 0.005250 0.010937
0 0.351500 0.608594 0.006000 0.011979
0 0.352500 0.629948 0.007000 0.013021
0 0.368500 0.576042 0.007000 0.006250
0 0.368500 0.570312 0.005500 0.006250
0 0.346250 0.610156 0.005000 0.013021
0 0.345125 0.607812 0.004250 0.010417
0 0.341875 0.651302 0.006750 0.008854
0 0.347375 0.642969 0.007250 0.008854
0 0.337625 0.644271 0.006750 0.011458
0 0.334375 0.631771 0.006750 0.011458
0 0.322000 0.646615 0.007500 0.008854
0 0.321875 0.676823 0.007250 0.010937
0 0.312875 0.625781 0.004750 0.015104
0 0.317625 0.624479 0.005250 0.005208
0 0.316875 0.619271 0.007750 0.006250
0 0.324750 0.604688 0.007000 0.012500
0 0.318250 0.611458 0.007500 0.006250
0 0.318125 0.605729 0.006250 0.006250
0 0.322625 0.566927 0.007250 0.009896
0 0.315500 0.561198 0.007500 0.005729
0 0.315875 0.555990 0.005750 0.005729
0 0.330500 0.573698 0.003000 0.008854
0 0.328250 0.572917 0.005000 0.012500
0 0.302500 0.542708 0.007500 0.007292
0 0.296875 0.589844 0.006750 0.009896
0 0.265375 0.563802 0.004250 0.011979
0 0.268375 0.612240 0.008750 0.009896
0 0.260625 0.626042 0.005750 0.013542
0 0.278750 0.627865 0.008500 0.010937
0 0.273750 0.640885 0.008500 0.008854
0 0.277500 0.655208 0.005500 0.014583
0 0.273250 0.648438 0.007500 0.007292
0 0.145000 0.631250 0.003000 0.013542
0 0.139000 0.636198 0.007000 0.014063
0 0.170875 0.609896 0.007750 0.011458
0 0.179250 0.611719 0.005500 0.013021
0 0.192000 0.560417 0.006500 0.016667
0 0.238125 0.530208 0.006750 0.012500
0 0.285625 0.589323 0.007750 0.013021
0 0.512750 0.489583 0.005500 0.013542
0 0.474000 0.500260 0.004500 0.013021
0 0.481250 0.503906 0.006500 0.009896
0 0.479125 0.494531 0.004750 0.011979
0 0.480250 0.492188 0.004500 0.009375
0 0.476875 0.467187 0.006750 0.007292
0 0.477625 0.462240 0.006250 0.006771
0 0.457000 0.472396 0.007500 0.006250
0 0.456250 0.466146 0.006000 0.006250
0 0.451125 0.461719 0.006250 0.009896
0 0.450000 0.468229 0.006500 0.008333
0 0.450375 0.474219 0.005750 0.008854
0 0.449250 0.477865 0.005500 0.007812
0 0.423125 0.463281 0.004250 0.016146
0 0.431625 0.456510 0.006750 0.013021
0 0.430875 0.436719 0.007250 0.010937
0 0.419000 0.435677 0.007500 0.011979
0 0.402875 0.465104 0.004250 0.016667
0 0.403750 0.431250 0.006000 0.012500
0 0.407750 0.428646 0.003500 0.011458
0 0.409500 0.426042 0.004000 0.013542
0 0.395500 0.403125 0.006500 0.011458
0 0.389750 0.406771 0.005500 0.013542
0 0.385125 0.403385 0.006250 0.009896
0 0.377500 0.407552 0.003500 0.009896
0 0.379000 0.405208 0.005500 0.012500
0 0.386000 0.397135 0.006500 0.007812
0 0.391250 0.395833 0.003500 0.012500
0 0.378000 0.369792 0.003000 0.011458
0 0.380000 0.368750 0.003500 0.014583
0 0.403875 0.363281 0.006250 0.011979
0 0.414250 0.367969 0.006500 0.010937
0 0.424000 0.392448 0.005500 0.008854
0 0.442375 0.420833 0.005750 0.009375
0 0.439750 0.411719 0.005500 0.008854
0 0.443875 0.403906 0.004750 0.009896
0 0.441875 0.400260 0.004750 0.005729
0 0.385125 0.312240 0.004750 0.008854
0 0.370250 0.276042 0.004500 0.006250
0 0.370000 0.271094 0.004000 0.004687
0 0.331000 0.291146 0.004500 0.015625
0 0.348500 0.258333 0.006500 0.013542
0 0.292875 0.286979 0.005750 0.013542
0 0.316750 0.223437 0.007000 0.009375
0 0.330125 0.266146 0.007250 0.011458
0 0.331625 0.259375 0.006750 0.012500
0 0.332000 0.202083 0.003500 0.010417
0 0.299875 0.196875 0.007250 0.013542
0 0.209000 0.203906 0.004500 0.019271
0 0.263125 0.191927 0.005750 0.008854
0 0.264125 0.188281 0.006750 0.009896
0 0.272250 0.134635 0.006000 0.010937
0 0.277375 0.104167 0.004750 0.009375
0 0.265875 0.093490 0.004250 0.008854
0 0.148875 0.111979 0.007250 0.010417
0 0.270750 0.385677 0.006000 0.010937
0 0.493750 0.388281 0.003500 0.014063
0 0.498250 0.400000 0.002500 0.012500
0 0.479000 0.380208 0.006500 0.010417
0 0.490875 0.365625 0.004250 0.009375
0 0.490250 0.357031 0.002000 0.010937
0 0.492500 0.357552 0.002500 0.011979
0 0.506875 0.320052 0.003750 0.014063
0 0.477875 0.363802 0.003250 0.011979
0 0.476625 0.355208 0.003750 0.007292
0 0.473750 0.356510 0.003500 0.011979
0 0.482250 0.326823 0.005000 0.009896
0 0.471000 0.337760 0.003000 0.009896
0 0.473000 0.336458 0.003500 0.009375
0 0.474500 0.317969 0.003000 0.013021
0 0.470625 0.306250 0.003250 0.010417
0 0.480875 0.293229 0.005250 0.008333
0 0.475625 0.272135 0.003750 0.006771
0 0.477000 0.271615 0.004000 0.006771
0 0.478000 0.269010 0.004000 0.007812
0 0.405000 0.257031 0.003500 0.009896
0 0.420000 0.252865 0.002000 0.009896
0 0.422250 0.252344 0.002000 0.011979
0 0.437125 0.244792 0.003750 0.012500
0 0.447625 0.241146 0.003250 0.009375
0 0.448125 0.252865 0.002250 0.010937
0 0.449875 0.252344 0.002250 0.009896
0 0.432125 0.264062 0.002750 0.010417
0 0.434250 0.263021 0.003000 0.011458
0 0.428625 0.250781 0.003250 0.008854
0 0.430500 0.249219 0.003000 0.009896
0 0.431250 0.239323 0.003500 0.011979
0 0.434000 0.232292 0.005000 0.007292
0 0.427750 0.222656 0.004000 0.006771
0 0.425875 0.215885 0.004750 0.010937
0 0.425000 0.194010 0.002500 0.005729
0 0.426625 0.190885 0.003250 0.007812
0 0.416625 0.186198 0.003250 0.009896
0 0.413875 0.136719 0.005750 0.008854
0 0.424375 0.145573 0.003750 0.005729
0 0.547500 0.473177 0.007500 0.016146
0 0.570375 0.428125 0.006750 0.017708
0 0.563250 0.364063 0.006500 0.009375
0 0.610125 0.365885 0.003250 0.010937
0 0.612250 0.367448 0.002500 0.006771
0 0.567500 0.246094 0.005000 0.013021
0 0.559625 0.234896 0.003750 0.011458
0 0.562000 0.213802 0.004000 0.014063
0 0.554500 0.187500 0.004500 0.012500
0 0.587875 0.199479 0.004750 0.011458
0 0.589500 0.184896 0.004500 0.013542
0 0.613500 0.179948 0.006500 0.016146
0 0.614375 0.158073 0.007250 0.013021
0 0.581125 0.095573 0.005750 0.008854
0 0.860125 0.121875 0.005750 0.015625
0 0.405375 0.029427 0.004250 0.007812
0 0.509125 0.023698 0.002750 0.005729
0 0.574000 0.015625 0.003000 0.007292
0 0.195250 0.340365 0.007500 0.014063
0 0.237750 0.797135 0.008500 0.020313
0 0.158125 0.924740 0.007750 0.018229
