0 0.031500 0.479167 0.012000 0.019792
0 0.106000 0.487500 0.010000 0.023958
0 0.169375 0.467448 0.014750 0.031771
0 0.179875 0.540885 0.012750 0.018229
0 0.174000 0.562760 0.015500 0.024479
0 0.178000 0.565625 0.008000 0.013542
0 0.185750 0.609635 0.010500 0.018229
0 0.259125 0.656510 0.009750 0.019271
0 0.280750 0.652344 0.009500 0.025521
0 0.281125 0.656510 0.008250 0.017188
0 0.302875 0.661719 0.013750 0.027604
0 0.306625 0.636719 0.013750 0.026562
0 0.335625 0.721615 0.007250 0.019271
0 0.313000 0.729427 0.008000 0.019271
0 0.295375 0.712240 0.008750 0.018229
0 0.286500 0.716146 0.006500 0.016667
0 0.290875 0.753385 0.009250 0.019271
0 0.299000 0.736458 0.008500 0.017708
0 0.235875 0.708333 0.010750 0.019792
0 0.244375 0.731510 0.009250 0.021354
0 0.252500 0.750000 0.008500 0.021875
0 0.255250 0.733854 0.008000 0.018750
0 0.265750 0.741406 0.009500 0.025521
0 0.317250 0.811719 0.007500 0.023438
0 0.338625 0.842448 0.007750 0.025521
0 0.366250 0.835417 0.007000 0.023958
0 0.352625 0.785937 0.006750 0.021875
0 0.352875 0.804688 0.010750 0.020833
0 0.358375 0.794531 0.008250 0.019271
0 0.369000 0.794792 0.007000 0.016667
0 0.391375 0.822396 0.009250 0.017708
0 0.389250 0.847656 0.012000 0.017188
0 0.388750 0.858073 0.010500 0.015104
0 0.387125 0.870312 0.007750 0.020833
0 0.462250 0.778906 0.009000 0.022396
0 0.450500 0.697656 0.008500 0.018229
0 0.449875 0.660937 0.008750 0.018750
0 0.459875 0.661719 0.007250 0.017188
0 0.460625 0.708333 0.004250 0.013542
0 0.495125 0.754427 0.006250 0.022396
0 0.533250 0.672135 0.011500 0.021354
0 0.545625 0.657292 0.009250 0.026042
0 0.449750 0.594792 0.005500 0.017708
0 0.475000 0.604427 0.010500 0.022396
0 0.462250 0.636719 0.009500 0.015104
0 0.478750 0.557552 0.009000 0.017188
0 0.473125 0.527344 0.007750 0.025521
0 0.447875 0.505990 0.009250 0.022396
0 0.449375 0.412760 0.006750 0.016146
0 0.463625 0.449740 0.012250 0.016146
0 0.493875 0.350000 0.010750 0.018750
0 0.492625 0.324219 0.011250 0.019271
0 0.453125 0.320052 0.009250 0.013021
0 0.449000 0.286979 0.010000 0.020833
0 0.482625 0.230469 0.005750 0.019271
0 0.494250 0.255469 0.008000 0.015104
0 0.494375 0.200781 0.007750 0.016146
0 0.456875 0.186979 0.008750 0.022917
0 0.463750 0.153906 0.006500 0.019271
0 0.472375 0.164323 0.006250 0.019271
0 0.581125 0.458073 0.008750 0.023438
0 0.598125 0.447396 0.012250 0.017708
0 0.601250 0.465885 0.007000 0.022396
0 0.610000 0.467708 0.008000 0.016667
0 0.617625 0.513542 0.011250 0.019792
0 0.633000 0.529427 0.009000 0.018229
0 0.586250 0.604948 0.010000 0.023438
0 0.645875 0.455729 0.007750 0.016667
0 0.625750 0.454167 0.010500 0.016667
0 0.627750 0.439583 0.007000 0.013542
0 0.609000 0.426302 0.010000 0.023438
0 0.611875 0.405729 0.008250 0.018750
0 0.618875 0.412500 0.009250 0.034375
0 0.629375 0.410938 0.007750 0.021875
0 0.639500 0.391927 0.006500 0.019271
0 0.643500 0.353385 0.006500 0.015104
0 0.623750 0.332813 0.013500 0.029167
0 0.642250 0.313542 0.009000 0.015625
0 0.641875 0.283594 0.009750 0.014063
0 0.641875 0.267188 0.007250 0.017708
0 0.656500 0.302604 0.009000 0.013542
0 0.673250 0.287240 0.010000 0.016146
0 0.674750 0.384375 0.007500 0.019792
0 0.703125 0.348698 0.015750 0.033854
0 0.712875 0.246094 0.009250 0.025521
0 0.710875 0.169271 0.009250 0.023958
0 0.649000 0.208333 0.010000 0.021875
0 0.732875 0.225000 0.010750 0.021875
0 0.746500 0.188802 0.008000 0.022396
0 0.767250 0.239844 0.007500 0.017188
0 0.763750 0.256771 0.011000 0.027083
0 0.845875 0.057552 0.006250 0.018229
0 0.491125 0.089844 0.010250 0.019271
0 0.508375 0.064844 0.012750 0.023438
0 0.491250 0.019271 0.010000 0.025000
0 0.695000 0.780990 0.010500 0.018229
0 0.685500 0.782031 0.007500 0.020313
0 0.646000 0.788281 0.010000 0.023438
0 0.619750 0.778385 0.010000 0.016146
0 0.612500 0.765365 0.010000 0.016146
0 0.602125 0.838542 0.007750 0.014583
0 0.549875 0.829948 0.008750 0.018229
0 0.508125 0.869531 0.012250 0.019271
