0 0.131250 0.351625 0.004167 0.006250
0 0.135937 0.351750 0.005208 0.006000
0 0.133594 0.357750 0.011979 0.007000
0 0.161719 0.396250 0.009896 0.003500
0 0.170833 0.428125 0.009375 0.005750
0 0.146354 0.419125 0.008333 0.006250
0 0.151562 0.414500 0.010417 0.003500
0 0.150781 0.412000 0.011979 0.002500
0 0.177865 0.467125 0.008854 0.006750
0 0.179167 0.461750 0.004167 0.005000
0 0.183333 0.461000 0.004167 0.007000
0 0.186719 0.461875 0.005729 0.006750
0 0.294531 0.480125 0.011979 0.005250
0 0.296094 0.478750 0.009896 0.003500
0 0.333333 0.453000 0.011458 0.006000
0 0.416406 0.383125 0.008854 0.006750
0 0.458594 0.312000 0.015104 0.006000
0 0.531771 0.407250 0.004167 0.006000
0 0.527604 0.408250 0.005208 0.005000
0 0.518490 0.404125 0.013021 0.004250
0 0.479687 0.408500 0.008333 0.007500
0 0.474479 0.402000 0.006250 0.006500
0 0.470052 0.401750 0.005729 0.005500
0 0.429427 0.418375 0.013021 0.006250
0 0.442448 0.434375 0.009896 0.005250
0 0.440365 0.441750 0.011979 0.003500
0 0.438021 0.439625 0.011458 0.005250
0 0.413021 0.436125 0.015625 0.005250
0 0.424219 0.453625 0.009896 0.004750
0 0.401823 0.450000 0.010937 0.005500
0 0.395313 0.449625 0.010417 0.004750
0 0.393229 0.448250 0.012500 0.003000
0 0.389062 0.464000 0.009375 0.005000
0 0.367708 0.455625 0.011458 0.005750
0 0.371875 0.467500 0.010417 0.004500
0 0.344010 0.466750 0.009896 0.006500
0 0.336979 0.474500 0.008333 0.007000
0 0.328646 0.477375 0.008333 0.004250
0 0.326562 0.475375 0.013542 0.005750
0 0.375781 0.525000 0.013021 0.004000
0 0.407031 0.521125 0.014063 0.004250
0 0.593229 0.505625 0.014583 0.004750
0 0.573438 0.504000 0.011458 0.005500
0 0.614844 0.493250 0.006771 0.004000
0 0.619010 0.492625 0.009896 0.005250
0 0.665104 0.499125 0.009375 0.007250
0 0.741406 0.494750 0.013021 0.004000
0 0.742448 0.492625 0.010937 0.002750
0 0.924219 0.541125 0.009896 0.006250
0 0.893229 0.498875 0.016667 0.003750
0 0.877083 0.515375 0.015625 0.004250
0 0.833333 0.520750 0.014583 0.005500
0 0.829427 0.524250 0.011979 0.005000
0 0.825781 0.510875 0.008854 0.005750
0 0.816927 0.514375 0.015104 0.003250
0 0.787500 0.536625 0.013542 0.006750
0 0.770833 0.525125 0.012500 0.002750
0 0.770833 0.523500 0.014583 0.002500
0 0.772656 0.521625 0.015104 0.002250
0 0.677083 0.509750 0.009375 0.006500
0 0.680990 0.515375 0.016146 0.004250
0 0.668229 0.521875 0.010417 0.006750
0 0.667448 0.513375 0.014063 0.002250
0 0.667708 0.511125 0.015625 0.002750
0 0.636719 0.511375 0.008854 0.006750
0 0.584115 0.548875 0.010937 0.006250
0 0.528125 0.526500 0.012500 0.003500
0 0.526302 0.524125 0.011979 0.002750
0 0.491667 0.528875 0.015625 0.004750
0 0.455990 0.528000 0.014063 0.002000
0 0.456510 0.525750 0.015104 0.002500
0 0.418229 0.531375 0.007292 0.006250
0 0.413542 0.531625 0.005208 0.005250
0 0.387240 0.537375 0.014063 0.005750
0 0.471354 0.589625 0.015625 0.004250
0 0.560937 0.602000 0.012500 0.006000
0 0.559635 0.610750 0.008854 0.007000
0 0.566406 0.608375 0.013021 0.005750
0 0.625260 0.610750 0.015104 0.007000
0 0.708854 0.617500 0.011458 0.007500
0 0.979948 0.626625 0.015104 0.005750
0 0.876823 0.600000 0.010937 0.007000
0 0.329427 0.624250 0.010937 0.006000
0 0.343490 0.626000 0.011979 0.003500
0 0.350260 0.629250 0.010937 0.004500
0 0.343490 0.631250 0.007812 0.006000
0 0.361458 0.638500 0.010417 0.005500
0 0.358854 0.642125 0.009375 0.005750
0 0.388281 0.678625 0.011979 0.005250
