0 0.189323 0.471000 0.007812 0.005000
0 0.185938 0.482125 0.008333 0.003250
0 0.200000 0.486625 0.010417 0.003250
0 0.200781 0.493500 0.007812 0.005000
0 0.288021 0.519750 0.005208 0.004000
0 0.352344 0.547250 0.006771 0.004000
0 0.319792 0.554625 0.010417 0.004750
0 0.362500 0.572375 0.009375 0.002750
0 0.369010 0.571375 0.004687 0.004250
0 0.389062 0.540625 0.009375 0.004250
0 0.360417 0.543125 0.011458 0.003750
0 0.309635 0.516250 0.005729 0.005000
0 0.317969 0.514375 0.008854 0.004750
0 0.267188 0.486000 0.010417 0.004000
0 0.264323 0.481250 0.008854 0.005000
0 0.271354 0.480000 0.005208 0.004500
0 0.272917 0.469625 0.007292 0.004750
0 0.264062 0.472000 0.010417 0.003000
0 0.240104 0.473375 0.011458 0.003750
0 0.196875 0.461000 0.011458 0.003000
0 0.194531 0.457875 0.008854 0.004250
0 0.424479 0.522750 0.007292 0.005500
0 0.417708 0.504500 0.005208 0.004000
0 0.415885 0.500250 0.004687 0.004000
0 0.415104 0.496125 0.005208 0.004250
0 0.386719 0.473625 0.008854 0.005250
0 0.405729 0.466375 0.004167 0.003750
0 0.377604 0.447750 0.006250 0.005000
0 0.360677 0.446375 0.007812 0.004750
0 0.365365 0.443500 0.003646 0.004000
0 0.379427 0.443000 0.005729 0.004500
0 0.374219 0.441625 0.005729 0.002250
0 0.372396 0.444500 0.004167 0.004500
0 0.368750 0.443625 0.004167 0.004250
0 0.355208 0.430000 0.011458 0.004000
0 0.332292 0.427750 0.006250 0.004000
0 0.320052 0.426500 0.007812 0.004500
0 0.398177 0.391250 0.007812 0.003500
0 0.396615 0.394500 0.007812 0.003500
0 0.400000 0.406625 0.010417 0.003250
0 0.392969 0.411625 0.008854 0.004250
0 0.455729 0.416125 0.012500 0.007250
0 0.444792 0.431375 0.005208 0.004750
0 0.438802 0.430000 0.006771 0.004500
0 0.429948 0.428500 0.007812 0.005000
0 0.433594 0.436000 0.007812 0.004000
0 0.438281 0.437625 0.006771 0.004250
0 0.431250 0.433750 0.006250 0.003000
0 0.416406 0.446375 0.007812 0.004750
0 0.416146 0.450375 0.007292 0.005250
0 0.429688 0.445750 0.007292 0.006000
0 0.445052 0.445500 0.006771 0.004500
0 0.434635 0.450750 0.005729 0.004000
0 0.436979 0.446000 0.004167 0.004500
0 0.441406 0.450500 0.004687 0.003000
0 0.438802 0.449750 0.004687 0.004500
0 0.461198 0.463125 0.009896 0.005250
0 0.473958 0.480625 0.009375 0.004250
0 0.444531 0.478625 0.004687 0.004250
0 0.448698 0.479250 0.006771 0.005000
0 0.473958 0.494500 0.009375 0.003000
0 0.459375 0.502000 0.008333 0.005500
0 0.454427 0.492000 0.004687 0.005000
0 0.450000 0.495000 0.006250 0.005000
0 0.450000 0.489125 0.007292 0.005250
0 0.491406 0.500750 0.008854 0.005000
0 0.548698 0.520000 0.007812 0.004000
0 0.548698 0.529375 0.003646 0.005250
0 0.552865 0.529500 0.004687 0.004000
0 0.576823 0.527500 0.005729 0.004500
0 0.577344 0.523375 0.004687 0.003250
0 0.599740 0.506125 0.006771 0.002750
0 0.629687 0.505750 0.007292 0.004500
0 0.621354 0.492750 0.006250 0.005000
0 0.638281 0.483500 0.006771 0.004000
0 0.626042 0.488250 0.006250 0.002000
0 0.627083 0.485875 0.006250 0.002750
0 0.654687 0.474000 0.007292 0.004500
0 0.645833 0.474375 0.007292 0.002750
0 0.643750 0.476500 0.007292 0.002000
0 0.651823 0.469375 0.005729 0.003750
0 0.691927 0.464000 0.006771 0.003000
0 0.690365 0.459250 0.006771 0.003500
0 0.678125 0.462750 0.009375 0.003500
0 0.671875 0.455000 0.005208 0.005000
0 0.676302 0.454125 0.005729 0.004250
0 0.717708 0.442875 0.006250 0.003750
0 0.722135 0.442250 0.004687 0.002000
0 0.726823 0.442250 0.005729 0.002500
0 0.728906 0.441625 0.005729 0.002250
0 0.730208 0.438750 0.005208 0.003500
0 0.735156 0.426375 0.007812 0.004250
0 0.705469 0.437500 0.004687 0.003500
0 0.702604 0.436875 0.005208 0.004250
0 0.610938 0.418625 0.007292 0.004250
0 0.620313 0.424500 0.006250 0.004500
0 0.623437 0.424500 0.006250 0.004500
0 0.626563 0.426250 0.008333 0.003000
0 0.629427 0.428875 0.009896 0.003250
0 0.629687 0.433500 0.007292 0.004000
0 0.627083 0.437125 0.006250 0.004250
0 0.633073 0.441875 0.006771 0.003750
0 0.631510 0.439375 0.006771 0.004250
0 0.637500 0.439250 0.006250 0.002000
0 0.642969 0.462500 0.006771 0.004500
0 0.638021 0.470750 0.006250 0.005500
0 0.630469 0.471500 0.006771 0.005000
0 0.623177 0.478750 0.006771 0.005000
0 0.595052 0.471250 0.008854 0.004000
0 0.587760 0.470000 0.009896 0.002500
0 0.590104 0.490875 0.006250 0.004250
0 0.596094 0.495375 0.010937 0.003750
0 0.594531 0.488000 0.009896 0.003000
0 0.593490 0.486625 0.007812 0.002750
0 0.566927 0.566125 0.007812 0.003750
0 0.601823 0.563625 0.007812 0.003250
0 0.643490 0.570250 0.005729 0.004500
0 0.646875 0.564500 0.008333 0.003000
0 0.647135 0.562000 0.007812 0.002500
0 0.654167 0.561500 0.010417 0.003000
0 0.644271 0.557625 0.006250 0.004250
0 0.669271 0.556875 0.006250 0.005250
0 0.674479 0.556250 0.006250 0.003500
0 0.664583 0.548125 0.010417 0.003750
0 0.666927 0.540250 0.007812 0.002500
0 0.689063 0.549000 0.005208 0.003000
0 0.686458 0.548375 0.007292 0.004750
0 0.711979 0.541375 0.007292 0.004250
0 0.719531 0.541125 0.008854 0.003250
0 0.734896 0.540875 0.010417 0.002750
0 0.737500 0.538375 0.010417 0.002750
0 0.707552 0.537500 0.008854 0.003500
0 0.706250 0.536250 0.007292 0.002500
0 0.744271 0.540500 0.007292 0.004000
0 0.751563 0.537500 0.008333 0.003500
0 0.760156 0.541875 0.007812 0.003750
0 0.770573 0.542250 0.010937 0.003000
0 0.787760 0.535750 0.009896 0.003000
0 0.786979 0.533875 0.010417 0.002250
0 0.741667 0.522000 0.011458 0.002500
0 0.740365 0.519250 0.011979 0.002500
0 0.775521 0.512500 0.012500 0.003000
0 0.769792 0.521750 0.006250 0.005000
0 0.775000 0.523875 0.008333 0.002750
0 0.790625 0.523375 0.008333 0.003750
0 0.783073 0.520375 0.007812 0.003250
0 0.787500 0.521250 0.004167 0.005000
0 0.801302 0.520875 0.008854 0.003250
0 0.802865 0.516625 0.009896 0.002750
0 0.796615 0.514625 0.009896 0.002750
0 0.789323 0.515000 0.006771 0.005000
0 0.819010 0.519750 0.009896 0.004000
0 0.830469 0.518750 0.006771 0.003000
0 0.807292 0.492250 0.005208 0.003500
0 0.768750 0.485250 0.007292 0.004000
0 0.760417 0.482750 0.007292 0.004000
0 0.742969 0.489750 0.005729 0.003500
0 0.749479 0.490125 0.007292 0.003250
0 0.726042 0.488250 0.008333 0.003000
0 0.724740 0.502500 0.008854 0.004000
0 0.729948 0.513875 0.009896 0.004750
0 0.696354 0.514875 0.008333 0.002250
0 0.691406 0.517875 0.005729 0.004250
0 0.688021 0.517250 0.004167 0.004000
0 0.497656 0.621625 0.008854 0.004250
0 0.694792 0.603750 0.009375 0.003500
0 0.702344 0.604250 0.005729 0.005500
0 0.721875 0.609750 0.007292 0.003500
0 0.729688 0.602000 0.010417 0.003500
0 0.735156 0.600000 0.006771 0.005000
0 0.738542 0.596000 0.010417 0.003500
0 0.798177 0.581500 0.005729 0.004000
0 0.797135 0.579125 0.007812 0.003250
0 0.794531 0.576000 0.007812 0.003000
0 0.796875 0.573250 0.008333 0.003000
0 0.801042 0.572750 0.006250 0.002500
0 0.787240 0.571500 0.008854 0.002500
0 0.794792 0.570750 0.009375 0.002000
0 0.785156 0.565125 0.008854 0.003250
0 0.770573 0.582375 0.006771 0.004250
0 0.761719 0.584625 0.009896 0.003250
0 0.713542 0.591750 0.010417 0.003000
0 0.710938 0.590000 0.007292 0.002500
0 0.676042 0.438125 0.012500 0.003250
0 0.683333 0.435125 0.011458 0.003250
0 0.601823 0.845375 0.011979 0.005250
0 0.670573 0.874125 0.007812 0.004250
0 0.702344 0.867500 0.007812 0.004500
0 0.690885 0.862500 0.005729 0.004500
0 0.866146 0.644625 0.008333 0.006250
0 0.805469 0.719875 0.009896 0.005250
0 0.895833 0.698250 0.007292 0.003500
