0 0.216927 0.639000 0.010937 0.007500
0 0.334115 0.561375 0.021354 0.007750
0 0.239583 0.509250 0.011458 0.007500
0 0.257292 0.522000 0.015625 0.007000
0 0.134635 0.432375 0.018229 0.005750
0 0.324740 0.460500 0.016146 0.006500
0 0.568750 0.604250 0.020833 0.009000
0 0.602865 0.435750 0.007812 0.009500
0 0.611458 0.436125 0.009375 0.010250
0 0.620313 0.391000 0.015625 0.009000
0 0.524479 0.358375 0.011458 0.010250
0 0.683333 0.360125 0.010417 0.009750
0 0.872135 0.480875 0.010937 0.008750
0 0.937760 0.483500 0.013021 0.007500
0 0.636979 0.626750 0.011458 0.006500
0 0.622396 0.629000 0.016667 0.005500
0 0.863542 0.612750 0.018750 0.004000
0 0.863021 0.609625 0.017708 0.003750
0 0.990885 0.599625 0.015104 0.007750
0 0.840885 0.721375 0.014063 0.008250
0 0.948958 0.742500 0.013542 0.006500
0 0.091667 0.232625 0.016667 0.010250
0 0.972917 0.343250 0.017708 0.009000
0 0.894792 0.974375 0.016667 0.010750
0 0.827344 0.988875 0.018229 0.009750
